0	1	-88
0	2	856
0	3	1640
0	4	2680
0	5	-3736
0	6	2504
0	7	-1336
0	8	-2104
0	9	-664
0	10	-1240
0	11	-1352
0	12	-760
0	13	-296
0	14	-488
0	15	104
0	16	856
0	17	2024
0	18	1240
0	19	1912
0	20	-2296
0	21	-3176
0	22	776
0	23	-104
1	2	1336
1	3	1160
1	4	-1448
1	5	392
1	6	-4888
1	7	2792
1	8	-280
1	9	-1144
1	10	-1720
1	11	1432
1	12	-1240
1	13	184
1	14	2296
1	15	1928
1	16	3640
1	17	-3064
1	18	-584
1	19	88
1	20	4136
1	21	-392
1	22	296
1	23	-1928
2	3	-2696
2	4	-1624
2	5	376
2	6	1048
2	7	280
2	8	1048
2	9	-392
2	10	184
2	11	104
2	12	2008
2	13	-952
2	14	-760
2	15	1144
2	16	4808
2	17	-776
2	18	-184
2	19	3752
2	20	1240
2	21	-2680
2	22	2776
2	23	-1144
3	4	3736
3	5	-2488
3	6	-856
3	7	-88
3	8	-856
3	9	584
3	10	-2296
3	11	2008
3	12	488
3	13	760
3	14	568
3	15	1352
3	16	-392
3	17	968
3	18	-8
3	19	-1640
3	20	-1048
3	21	2488
3	22	-2584
3	23	-1352
4	5	-104
4	6	2872
4	7	-2504
4	8	-4040
4	9	1432
4	10	-296
4	11	-1720
4	12	-776
4	13	1832
4	14	-2584
4	15	-1640
4	16	-1624
4	17	1048
4	18	296
4	19	-376
4	20	-1544
4	21	104
4	22	-8
4	23	-664
5	6	680
5	7	1448
5	8	-1624
5	9	-2488
5	10	1544
5	11	472
5	12	-280
5	13	1528
5	14	-3272
5	15	-1720
5	16	376
5	17	200
5	18	760
5	19	1432
5	20	2792
5	21	952
5	22	1256
5	23	-584
6	7	-1528
6	8	-2296
6	9	-856
6	10	872
6	11	-1160
6	12	1352
6	13	2200
6	14	-4904
6	15	-2392
6	16	-1256
6	17	4136
6	18	1432
6	19	2104
6	20	-2488
6	21	-680
6	22	584
6	23	88
7	8	776
7	9	-4696
7	10	-664
7	11	4984
7	12	2120
7	13	1432
7	14	-1064
7	15	680
7	16	2584
7	17	296
7	18	2968
7	19	1336
7	20	2888
7	21	856
7	22	-952
7	23	-2984
8	9	-856
8	10	872
8	11	3448
8	12	3656
8	13	-4712
8	14	2008
8	15	2216
8	16	1048
8	17	-472
8	18	1432
8	19	-200
8	20	-184
8	21	1624
8	22	-1720
8	23	2392
9	10	8
9	11	-4904
9	12	-1816
9	13	760
9	14	2872
9	15	-952
9	16	-2696
9	17	-3640
9	18	-4616
9	19	-3944
9	20	-1048
9	21	184
9	22	-280
9	23	952
10	11	280
10	12	-88
10	13	-968
10	14	-1160
10	15	-3832
10	16	184
10	17	392
10	18	2872
10	19	-1064
10	20	-1624
10	21	-1544
10	22	-856
10	23	-776
11	12	4408
11	13	-1048
11	14	-856
11	15	1240
11	16	2408
11	17	1624
11	18	4328
11	19	1352
11	20	1336
11	21	1832
11	22	-1736
11	23	-1240
12	13	-1448
12	14	-1640
12	15	-1048
12	16	-296
12	17	872
12	18	2392
12	19	3064
12	20	1160
12	21	2584
12	22	-376
12	23	1048
13	14	-1912
13	15	-2312
13	16	-952
13	17	376
13	18	-1336
13	19	-2008
13	20	2392
13	21	776
13	22	-680
13	23	-2296
14	15	2104
14	16	-760
14	17	-2120
14	18	-3448
14	19	-1816
14	20	-104
14	21	-1336
14	22	1432
14	23	2504
15	16	3448
15	17	-568
15	18	-776
15	19	-104
15	20	-280
15	21	-584
15	22	488
15	23	184
16	17	-776
16	18	2120
16	19	1448
16	20	1240
16	21	-2680
16	22	472
16	23	-3448
17	18	1912
17	19	2584
17	20	-2968
17	21	-200
17	22	104
17	23	568
18	19	1064
18	20	-680
18	21	-760
18	22	-1448
18	23	-1528
19	20	-8
19	21	-1432
19	22	3832
19	23	104
20	21	1816
20	22	392
20	23	280
21	22	-3560
21	23	584
22	23	1816
