0	1	760
0	2	2504
0	3	280
0	4	4616
0	5	392
0	6	184
0	7	-1048
0	8	5848
0	9	1432
0	10	-2312
0	11	2120
0	12	-952
0	13	-392
0	14	2024
0	15	2584
0	16	-3656
0	17	-296
0	18	-1240
0	19	1736
0	20	488
0	21	2968
0	22	2792
0	23	1736
1	2	296
1	3	-2120
1	4	-2200
1	5	488
1	6	2392
1	7	-952
1	8	1144
1	9	-3272
1	10	-104
1	11	-88
1	12	1448
1	13	-488
1	14	2120
1	15	-2120
1	16	-1448
1	17	-2696
1	18	-1144
1	19	-472
1	20	-1720
1	21	-1736
1	22	-1720
1	23	1832
2	3	776
2	4	-1064
2	5	856
2	6	-1432
2	7	-8
2	8	4424
2	9	1928
2	10	-3544
2	11	-872
2	12	-104
2	13	1448
2	14	1528
2	15	-1528
2	16	104
2	17	1352
2	18	-4424
2	19	-488
2	20	3064
2	21	-1912
2	22	-1544
2	23	1816
3	4	584
3	5	968
3	6	-5000
3	7	1832
3	8	664
3	9	856
3	10	-584
3	11	392
3	12	-376
3	13	1336
3	14	-4312
3	15	2008
3	16	376
3	17	1432
3	18	-664
3	19	8
3	20	1064
3	21	88
3	22	3368
3	23	2312
4	5	1048
4	6	680
4	7	184
4	8	1928
4	9	1736
4	10	872
4	11	1624
4	12	88
4	13	1256
4	14	-584
4	15	2888
4	16	-2392
4	17	-1144
4	18	376
4	19	2008
4	20	952
4	21	4808
4	22	3256
4	23	-296
5	6	-1240
5	7	-200
5	8	2312
5	9	-184
5	10	1256
5	11	-1064
5	12	2008
5	13	1640
5	14	-3272
5	15	-1336
5	16	296
5	17	-760
5	18	-2312
5	19	1624
5	20	2872
5	21	584
5	22	-1736
5	23	-680
6	7	-376
6	8	-1736
6	9	-1544
6	10	1624
6	11	-1816
6	12	-280
6	13	1240
6	14	2696
6	15	-392
6	16	-2024
6	17	-968
6	18	1736
6	19	2408
6	20	-1144
6	21	-8
6	22	-1144
6	23	104
7	8	-1432
7	9	-1624
7	10	-2488
7	11	-1928
7	12	-1160
7	13	2504
7	14	-1832
7	15	1832
7	16	-1144
7	17	104
7	18	-872
7	19	-1544
7	20	2008
7	21	1448
7	22	-296
7	23	-1544
8	9	1816
8	10	-1928
8	11	1736
8	12	968
8	13	-8
8	14	1640
8	15	664
8	16	-3272
8	17	88
8	18	-3928
8	19	1352
8	20	2408
8	21	1048
8	22	104
8	23	1352
9	10	568
9	11	3848
9	12	776
9	13	2488
9	14	1448
9	15	-1448
9	16	1528
9	17	280
9	18	-1816
9	19	-1144
9	20	2216
9	21	-1064
9	22	2216
9	23	-1144
10	11	680
10	12	2216
10	13	1048
10	14	-1720
10	15	-584
10	16	88
10	17	-1160
10	18	1928
10	19	2600
10	20	-952
10	21	-200
10	22	1352
10	23	296
11	12	280
11	13	-1240
11	14	1912
11	15	392
11	16	-280
11	17	-1336
11	18	568
11	19	-2408
11	20	-1160
11	21	8
11	22	3448
11	23	-2408
12	13	2600
12	14	376
12	15	-2680
12	16	1256
12	17	-4408
12	18	-3272
12	19	-1640
12	20	1912
12	21	1544
12	22	-2696
12	23	664
13	14	-1336
13	15	-968
13	16	-296
13	17	-1544
13	18	-2296
13	19	680
13	20	4040
13	21	-584
13	22	-568
13	23	680
14	15	-2008
14	16	-376
14	17	-1432
14	18	-1640
14	19	-2312
14	20	-1064
14	21	-88
14	22	-1064
14	23	-8
15	16	-4232
15	17	1432
15	18	3944
15	19	2312
15	20	-1240
15	21	2392
15	22	3368
15	23	8
16	17	-200
16	18	-1336
16	19	-2968
16	20	392
16	21	-1544
16	22	-1912
16	23	-664
17	18	2216
17	19	2888
17	20	-664
17	21	-2792
17	22	1640
17	23	584
18	19	3256
18	20	-4712
18	21	-1048
18	22	2200
18	23	-1352
19	20	-776
19	21	-376
19	22	1528
19	23	2584
20	21	680
20	22	-1832
20	23	-776
21	22	680
21	23	-376
22	23	1528
