0	1	1448
0	2	296
0	3	-200
0	4	1240
0	5	2312
0	6	2600
0	7	-1336
0	8	-2216
0	9	664
0	10	-952
0	11	2312
0	12	1256
0	13	-2968
0	14	2408
0	15	-2008
0	16	-2008
0	17	-2008
0	18	-664
0	19	-1352
0	20	2600
0	21	200
0	22	-488
0	23	-776
1	2	856
1	3	-3256
1	4	2216
1	5	-1160
1	6	3160
1	7	-2120
1	8	1064
1	9	488
1	10	-200
1	11	1144
1	12	-2408
1	13	-488
1	14	1048
1	15	-1448
1	16	-3752
1	17	856
1	18	-488
1	19	200
1	20	856
1	21	952
1	22	-664
1	23	1928
2	3	-4408
2	4	1064
2	5	-2312
2	6	-2600
2	7	-3272
2	8	2216
2	9	-2968
2	10	-1352
2	11	-8
2	12	-1256
2	13	-1640
2	14	-2408
2	15	2008
2	16	-296
2	17	2008
2	18	-1640
2	19	1352
2	20	2008
2	21	2104
2	22	488
2	23	776
3	4	-968
3	5	2216
3	6	200
3	7	5480
3	8	-2120
3	9	3064
3	10	-1048
3	11	2216
3	12	3464
3	13	-760
3	14	8
3	15	200
3	16	2504
3	17	200
3	18	1544
3	19	-3560
3	20	-2104
3	21	-2200
3	22	1912
3	23	-680
4	5	776
4	6	1064
4	7	-568
4	8	1624
4	9	2200
4	10	-2488
4	11	3080
4	12	-280
4	13	104
4	14	-1432
4	15	3368
4	16	-1240
4	17	1064
4	18	2408
4	19	2488
4	20	1064
4	21	3272
4	22	-1256
4	23	760
5	6	2296
5	7	1624
5	8	-2680
5	9	3656
5	10	1240
5	11	280
5	12	1336
5	13	-1352
5	14	-2120
5	15	-8
5	16	-2312
5	17	-8
5	18	952
5	19	1064
5	20	2296
5	21	88
5	22	2504
5	23	-1816
6	7	-968
6	8	-2392
6	9	1640
6	10	952
6	11	-8
6	12	1048
6	13	-1640
6	14	2200
6	15	-296
6	16	-4904
6	17	-2600
6	18	664
6	19	-952
6	20	-296
6	21	-200
6	22	-1816
6	23	3080
7	8	-1720
7	9	4616
7	10	-2024
7	11	3928
7	12	2680
7	13	-2312
7	14	-776
7	15	1336
7	16	1336
7	17	1336
7	18	-8
7	19	-2584
7	20	-3272
7	21	-872
7	22	3464
7	23	-3160
8	9	-1256
8	10	968
8	11	-2680
8	12	-1432
8	13	3560
8	14	-280
8	15	-88
8	16	2216
8	17	2216
8	18	1256
8	19	1336
8	20	2216
8	21	-2488
8	22	-2408
8	23	-392
9	10	-1912
9	11	3656
9	12	2600
9	13	-1624
9	14	-856
9	15	1640
9	16	-664
9	17	1640
9	18	680
9	19	-392
9	20	-664
9	21	-760
9	22	2776
9	23	-2120
10	11	-5672
10	12	-8
10	13	1912
10	14	-1160
10	15	-3656
10	16	-1352
10	17	-3656
10	18	1912
10	19	104
10	20	3256
10	21	-1256
10	22	-760
10	23	1832
11	12	1336
11	13	-3656
11	14	184
11	15	2296
11	16	-8
11	17	2296
11	18	-1352
11	19	-1240
11	20	-2312
11	21	2392
11	22	2504
11	23	-1816
12	13	-2600
12	14	-1064
12	15	1048
12	16	1048
12	17	-1256
12	18	-296
12	19	-2296
12	20	1048
12	21	-1160
12	22	1448
12	23	1736
13	14	856
13	15	-1640
13	16	2968
13	17	664
13	18	1624
13	19	2696
13	20	664
13	21	-1544
13	22	-2776
13	23	-184
14	15	-2408
14	16	-104
14	17	-2408
14	18	-1448
14	19	-1144
14	20	-2408
14	21	-2312
14	22	-4312
14	23	-1720
15	16	-296
15	17	2008
15	18	664
15	19	1352
15	20	-2600
15	21	2104
15	22	488
15	23	776
16	17	2008
16	18	664
16	19	-952
16	20	-296
16	21	-2504
16	22	488
16	23	-1528
17	18	-1640
17	19	1352
17	20	-296
17	21	-200
17	22	2792
17	23	-1528
18	19	-1912
18	20	664
18	21	-1544
18	22	-472
18	23	2120
19	20	1352
19	21	3560
19	22	-1544
19	23	-1832
20	21	-200
20	22	488
20	23	776
21	22	392
21	23	680
22	23	-968
