0	1	-232
0	2	2536
0	3	-152
0	4	3976
0	5	-3496
0	6	2552
0	7	-5624
0	8	424
0	9	-2168
0	10	2056
0	11	-4280
0	12	40
0	13	-2168
0	14	3224
0	15	2632
0	16	-2056
0	17	4184
0	18	-7048
0	19	-3032
0	20	6952
0	21	-3208
0	22	3784
0	23	1576
1	2	-728
1	3	-1112
1	4	712
1	5	4376
1	6	3512
1	7	2632
1	8	1768
1	9	-824
1	10	-3512
1	11	-632
1	12	3688
1	13	6088
1	14	-5032
1	15	-2936
1	16	1208
1	17	536
1	18	-1480
1	19	2920
1	20	-920
1	21	-6856
1	22	520
1	23	616
2	3	-3496
2	4	1592
2	5	-2072
2	6	1096
2	7	-328
2	8	-1768
2	9	-1480
2	10	-5704
2	11	-1672
2	12	3224
2	13	-1480
2	14	424
2	15	632
2	16	1096
2	17	-536
2	18	-824
2	19	1688
2	20	-1384
2	21	-2360
2	22	-2824
2	23	-616
3	4	-328
3	5	2152
3	6	3016
3	7	-2248
3	8	920
3	9	5816
3	10	3896
3	11	-1288
3	12	1304
3	13	1208
3	14	2344
3	15	3320
3	16	712
3	17	8296
3	18	-1208
3	19	-4840
3	20	-1000
3	21	-440
3	22	2168
3	23	-4840
4	5	3976
4	6	2536
4	7	-4072
4	8	-904
4	9	1688
4	10	4376
4	11	-3112
4	12	1784
4	13	1688
4	14	-440
4	15	1496
4	16	232
4	17	3208
4	18	-3992
4	19	-4360
4	20	-520
4	21	1384
4	22	-1960
4	23	2552
5	6	248
5	7	3592
5	8	2728
5	9	2440
5	10	2056
5	11	328
5	12	40
5	13	7048
5	14	-3688
5	15	-1976
5	16	2552
5	17	4184
5	18	-136
5	19	1576
5	20	-6872
5	21	-904
5	22	1480
5	23	-728
6	7	2152
6	8	3592
6	9	3304
6	10	-3992
6	11	-1112
6	12	-1400
6	13	3304
6	14	56
6	15	1192
6	16	-2920
6	17	1016
6	18	-3304
6	19	136
6	20	-3704
6	21	-4072
6	22	2344
6	23	-2168
7	8	1784
7	9	-2536
7	10	-4456
7	11	1880
7	12	-2440
7	13	2072
7	14	-3128
7	15	-2728
7	16	-152
7	17	-1784
7	18	2536
7	19	5240
7	20	-7048
7	21	-1304
7	22	3032
7	23	-1672
8	9	632
8	10	1016
8	11	-4168
8	12	-3880
8	13	2936
8	14	616
8	15	440
8	16	-1016
8	17	1960
8	18	1672
8	19	1496
8	20	-1576
8	21	2440
8	22	3896
8	23	1496
9	10	1304
9	11	-3880
9	12	3320
9	13	920
9	14	2632
9	15	728
9	16	-1304
9	17	1672
9	18	3688
9	19	-2824
9	20	-1288
9	21	2152
9	22	-424
9	23	-2824
10	11	-3496
10	12	1400
10	13	-1000
10	14	4552
10	15	-1192
10	16	-1688
10	17	5896
10	18	-1304
10	19	-7048
10	20	3704
10	21	4072
10	22	-40
10	23	2168
11	12	-3784
11	13	728
11	14	-1784
11	15	-1768
11	16	1192
11	17	-2744
11	18	-728
11	19	3896
11	20	-3784
11	21	40
11	22	-616
11	23	-712
12	13	1016
12	14	232
12	15	-3784
12	16	904
12	17	1576
12	18	-1016
12	19	-2728
12	20	1112
12	21	-2552
12	22	-4936
12	23	-2728
13	14	-4280
13	15	-3880
13	16	3304
13	17	1672
13	18	1384
13	19	4088
13	20	-3592
13	21	-2456
13	22	-2728
13	23	-520
14	15	-1784
14	16	-6856
14	17	1688
14	18	1976
14	19	-536
14	20	2536
14	21	1208
14	22	-632
14	23	4072
15	16	-1112
15	17	4168
15	18	-3032
15	19	-5320
15	20	3128
15	21	2344
15	22	1688
15	23	-5320
16	17	-1288
16	18	-1000
16	19	2440
16	20	-3704
16	21	-1768
16	22	40
16	23	-2168
17	18	-3976
17	19	-6104
17	20	1576
17	21	-136
17	22	3016
17	23	-3800
18	19	5128
18	20	-1016
18	21	4760
18	22	-1880
18	23	2824
19	20	-5032
19	21	-3320
19	22	440
19	23	2648
20	21	2056
20	22	-328
20	23	1880
21	22	-1112
21	23	1288
22	23	-1864
