0	1	7296
0	2	2976
0	3	-288
0	4	2400
0	5	1536
0	6	-2688
0	7	1824
0	8	-2784
0	9	-1344
0	10	192
0	11	-1632
0	12	2016
0	13	-1056
0	14	-1152
0	15	1536
0	16	1632
0	17	-2208
0	18	-5376
0	19	192
0	20	768
0	21	-2304
0	22	1920
0	23	-480
1	2	2496
1	3	-768
1	4	-384
1	5	1056
1	6	-2208
1	7	1344
1	8	-4608
1	9	-3168
1	10	-288
1	11	1152
1	12	192
1	13	768
1	14	672
1	15	-1248
1	16	-192
1	17	-384
1	18	-4896
1	19	-1632
1	20	3552
1	21	-1824
1	22	1440
1	23	-960
2	3	2016
2	4	-672
2	5	-4416
2	6	960
2	7	-2400
2	8	1056
2	9	-4992
2	10	-3072
2	11	2208
2	12	864
2	13	480
2	14	2880
2	15	2496
2	16	1248
2	17	1632
2	18	-3264
2	19	2688
2	20	2112
2	21	-4032
2	22	-2496
2	23	-4704
3	4	-2016
3	5	3456
3	6	4608
3	7	864
3	8	-4512
3	9	-1344
3	10	-4416
3	11	1248
3	12	4512
3	13	-3168
3	14	1536
3	15	1152
3	16	2592
3	17	-2016
3	18	2688
3	19	-576
3	20	3456
3	21	-384
3	22	768
3	23	864
4	5	3072
4	6	-1920
4	7	480
4	8	2784
4	9	-960
4	10	-2496
4	11	-672
4	12	288
4	13	-1248
4	14	-3456
4	15	-1536
4	16	2976
4	17	-2400
4	18	-1536
4	19	-192
4	20	-5376
4	21	2304
4	22	384
4	23	-1824
5	6	-480
5	7	-3264
5	8	-4992
5	9	480
5	10	-3936
5	11	-1536
5	12	-2880
5	13	-384
5	14	-2592
5	15	-2976
5	16	-192
5	17	-3840
5	18	2208
5	19	-1056
5	20	672
5	21	3744
5	22	1248
5	23	-960
6	7	2112
6	8	6144
6	9	-1632
6	10	-1824
6	11	-1920
6	12	1728
6	13	-768
6	14	-3168
6	15	1824
6	16	-960
6	17	2688
6	18	-1056
6	19	-4704
6	20	480
6	21	-288
6	22	-96
6	23	2112
7	8	-96
7	9	3072
7	10	4992
7	11	1056
7	12	6624
7	13	-2976
7	14	-576
7	15	1344
7	16	2400
7	17	-1824
7	18	-2112
7	19	-768
7	20	-1344
7	21	-576
7	22	-1344
7	23	5664
8	9	-4032
8	10	576
8	11	288
8	12	-672
8	13	1632
8	14	-5376
8	15	1920
8	16	-1056
8	17	5088
8	18	1152
8	19	-4800
8	20	-4224
8	21	-2688
8	22	2304
8	23	-2400
9	10	3744
9	11	-2880
9	12	768
9	13	-2112
9	14	2400
9	15	-1824
9	16	384
9	17	-960
9	18	-4320
9	19	3552
9	20	-2784
9	21	3360
9	22	-3744
9	23	5376
10	11	-2880
10	12	384
10	13	-3648
10	14	-1248
10	15	672
10	16	-1536
10	17	-192
10	18	864
10	19	4512
10	20	-672
10	21	-4512
10	22	-2016
10	23	2688
11	12	2784
11	13	5088
11	14	2688
11	15	-1536
11	16	96
11	17	1632
11	19	-3648
11	20	1536
11	21	-1536
11	22	-1152
11	23	-1248
12	13	-5472
12	14	3648
12	15	4032
12	16	3744
12	17	288
12	18	-960
12	19	-2304
12	20	576
12	21	-2496
12	22	-192
12	23	6624
13	14	-4608
13	15	-384
13	16	-480
13	17	5664
13	18	-384
13	19	-1344
13	20	-1920
13	21	5760
13	22	1536
13	23	-5280
14	15	-288
14	16	1728
14	17	-3456
14	18	-2784
14	19	864
14	20	4896
14	21	-3552
14	22	-5280
14	23	4032
15	16	2112
15	17	768
15	18	2208
15	19	1248
15	20	2976
15	21	-864
15	22	1248
15	23	-960
16	17	672
16	18	960
16	19	-384
16	20	-4416
16	21	1728
16	22	192
16	23	2400
17	18	-1536
17	19	-192
17	20	-768
17	21	2304
17	22	384
17	23	480
18	19	-480
18	20	96
18	21	-672
18	22	4896
18	23	-2112
19	20	1056
19	21	288
19	22	-5280
19	23	-768
20	21	-3744
20	22	-1248
20	23	960
21	22	1824
21	23	-576
22	23	-3648
