0 1 0.6901725431357839
0 2 -2.5918979744936235
0 3 3.1282820705176295
0 4 -2.4981245311327833
0 5 -2.190547636909227
0 6 0.24756189047261815
0 7 -2.873218304576144
0 8 -4.909977494373593
0 9 -4.347336834208552
0 10 2.029257314328582
0 11 2.7794448612153038
0 12 -4.4411102775693925
0 13 0.622655663915979
0 14 2.6856714178544636
0 15 0.06001500375093773
0 16 -5.378844711177795
0 17 -10.0
0 18 2.6594148537134283
0 19 -2.7794448612153038
0 20 0.3413353338334584
0 21 -2.096774193548387
0 22 -5.311327831957989
0 23 2.378094523630908
0 24 -4.4411102775693925
0 25 2.5918979744936235
0 26 0.5026256564141035
0 27 -1.9092273068267067
0 28 -0.24756189047261815
0 29 -2.471867966991748
0 30 3.1282820705176295
0 31 -1.7216804201050262
0 32 2.5918979744936235
0 33 3.9984996249062266
0 34 -0.5963990997749438
0 35 -0.5026256564141035
0 36 -7.066766691672918
0 37 -2.7531882970742685
0 38 4.9362340585146285
0 39 2.404351087771943
0 40 3.0607651912978247
0 41 -1.2528132033008252
0 42 2.940735183795949
0 43 4.722430607651913
0 44 2.003000750187547
0 45 5.217554388597149
0 46 2.190547636909227
0 47 -0.24756189047261815
0 48 -6.785446361590398
0 49 -5.030007501875469
0 50 0.11540116690053326
0 51 0.7614746719138124
1 2 -0.7839459864966242
1 3 7.561890472618154
1 4 3.8109527381845463
1 5 0.8777194298574643
1 6 3.1282820705176295
1 7 -0.5026256564141035
1 8 -1.09152288072018
1 9 3.0345086271567894
1 10 -3.342085521380345
1 11 5.285071267816954
1 12 3.1282820705176295
1 13 7.441860465116279
1 14 0.6901725431357839
1 15 -1.3728432108027007
1 16 -5.311327831957989
1 17 -2.7531882970742685
1 18 3.342085521380345
1 19 -0.5963990997749438
1 20 7.723180795198799
1 21 0.7839459864966242
1 22 -7.441860465116279
1 23 3.6234058514628655
1 24 3.1282820705176295
1 25 0.7839459864966242
1 26 0.8102025506376594
1 27 0.5963990997749438
1 28 -3.1282820705176295
1 29 1.159039759939985
1 30 7.561890472618154
1 31 0.4088522130532633
1 32 0.7839459864966242
1 33 -5.311327831957989
1 34 -5.40510127531883
1 35 -0.8102025506376594
1 36 -3.6234058514628655
1 37 1.4403600900225055
1 38 -1.5603900975243812
1 39 0.9714928732183046
1 40 5.003750937734433
1 41 4.628657164291073
1 42 7.749437359339835
1 43 1.2790697674418605
1 44 -0.6901725431357839
1 45 2.8469617404351086
1 46 -0.8777194298574643
1 47 1.5603900975243812
1 48 0.7839459864966242
1 49 -3.0345086271567894
1 56 0.0753851806893231
1 57 0.008946059395797512
2 3 1.4666166541635408
2 4 2.404351087771943
2 5 -2.404351087771943
2 6 4.534883720930233
2 7 2.7794448612153038
2 8 -4.373593398349588
2 9 -0.24756189047261815
2 10 -1.935483870967742
2 11 -2.6856714178544636
2 12 -4.842460615153788
2 13 -5.217554388597149
2 14 -2.5918979744936235
2 15 0.03375843960990248
2 16 0.7839459864966242
2 17 0.5288822205551388
2 18 1.935483870967742
2 19 2.6856714178544636
2 20 4.4411102775693925
2 21 2.190547636909227
2 22 0.5288822205551388
2 23 -2.471867966991748
2 24 -0.15378844711177794
2 25 2.190547636909227
2 26 -5.285071267816954
2 27 2.003000750187547
2 28 -9.223555888972243
2 29 7.254313578394599
2 30 1.4666166541635408
2 31 1.8154538634658666
2 32 -2.4981245311327833
2 33 0.7839459864966242
2 34 5.378844711177795
2 35 0.5963990997749438
2 36 2.471867966991748
2 37 2.8469617404351086
2 38 4.534883720930233
2 39 -2.3105776444111026
2 40 -2.966991747936984
2 41 6.035258814703676
2 42 -3.0345086271567894
2 43 -0.1275318829707427
2 44 7.280570142535634
2 45 4.253563390847712
2 46 -2.2843210802700673
2 47 4.842460615153788
2 48 2.190547636909227
2 49 4.9362340585146285
2 62 0.5733271665614807
2 63 -0.8223281498324615
3 4 1.3728432108027007
3 5 -1.3728432108027007
3 6 0.8777194298574643
3 7 -2.940735183795949
3 8 -3.342085521380345
3 9 0.7839459864966242
3 10 -5.59264816204051
3 11 3.0345086271567894
3 12 0.8777194298574643
3 13 5.191297824456114
3 14 -1.5603900975243812
3 15 1.0652663165791447
3 16 -7.561890472618154
3 17 -5.191297824456114
3 18 5.59264816204051
3 19 -3.0345086271567894
3 20 5.472618154538635
3 21 -1.4666166541635408
3 22 -5.191297824456114
3 23 5.873968492123031
3 24 0.8777194298574643
3 25 3.2220555138784697
3 26 -1.627906976744186
3 27 -1.6541635408852213
3 28 -5.566391597899475
3 29 -1.09152288072018
3 30 9.81245311327832
3 31 2.8469617404351086
3 32 3.2220555138784697
3 33 -2.873218304576144
3 34 -2.966991747936984
3 35 -3.0607651912978247
3 36 -1.1852963240810201
3 37 -0.8102025506376594
3 38 0.8777194298574643
3 39 -1.2790697674418605
3 40 7.441860465116279
3 41 7.066766691672918
3 42 5.311327831957989
3 43 -1.159039759939985
3 44 1.5603900975243812
3 45 5.285071267816954
3 46 -3.31582895723931
3 47 -0.8777194298574643
3 48 3.2220555138784697
3 49 -0.7839459864966242
3 68 -0.6087809200497496
3 69 0.6858375888934012
4 5 2.378094523630908
4 6 4.628657164291073
4 7 -2.003000750187547
4 8 0.4088522130532633
4 9 4.534883720930233
4 10 2.8469617404351086
4 11 2.096774193548387
4 12 4.628657164291073
4 13 -0.4351087771942986
4 14 2.190547636909227
4 15 -4.561140285071268
4 16 0.8777194298574643
4 17 0.4351087771942986
4 18 1.8417104276069016
4 19 7.280570142535634
4 20 9.223555888972243
4 21 2.2843210802700673
4 22 -4.253563390847712
4 23 -2.565641410352588
4 24 -4.748687171792948
4 25 -2.404351087771943
4 26 -0.6901725431357839
4 27 2.096774193548387
4 28 -4.628657164291073
4 29 2.6594148537134283
4 30 1.3728432108027007
4 31 1.9092273068267067
4 32 2.2843210802700673
4 33 -3.8109527381845463
4 34 -3.9047261815453864
4 35 0.6901725431357839
4 36 -2.1230307576894223
4 37 2.940735183795949
4 38 -0.06001500375093773
4 39 -2.2168042010502624
4 40 -2.873218304576144
4 41 -3.248312078019505
4 42 1.5603900975243812
4 43 -0.2213053263315829
4 44 2.4981245311327833
4 45 -0.3413353338334584
4 46 2.3105776444111026
4 47 0.06001500375093773
4 48 2.2843210802700673
4 49 -4.534883720930233
4 74 0.6266081964324657
4 75 0.6537239113593853
5 6 4.748687171792948
5 7 6.691672918229558
5 8 -0.4088522130532633
5 9 -4.534883720930233
5 10 -2.8469617404351086
5 11 -6.785446361590398
5 12 0.06001500375093773
5 13 0.4351087771942986
5 14 2.4981245311327833
5 15 -4.816204051012753
5 16 3.8109527381845463
5 17 -0.4351087771942986
5 18 -1.8417104276069016
5 19 2.096774193548387
5 20 0.15378844711177794
5 21 2.404351087771943
5 22 -0.4351087771942986
5 23 -2.1230307576894223
5 24 0.06001500375093773
5 25 7.093023255813954
5 26 5.378844711177795
5 27 2.5918979744936235
5 28 4.628657164291073
5 29 -2.6594148537134283
5 30 -1.3728432108027007
5 31 -1.9092273068267067
5 32 2.404351087771943
5 33 -5.566391597899475
5 34 -5.472618154538635
5 35 3.9984996249062266
5 36 -2.565641410352588
5 37 1.7479369842460615
5 38 0.06001500375093773
5 39 6.905476369092273
5 40 2.873218304576144
5 41 -1.4403600900225055
5 42 -1.5603900975243812
5 43 4.909977494373593
5 44 -7.186796699174794
5 45 -4.347336834208552
5 46 2.378094523630908
5 47 -0.06001500375093773
5 48 -2.2843210802700673
5 49 -4.842460615153788
5 80 0.8016672818853288
5 81 -0.34701721629209326
6 7 4.253563390847712
6 8 -2.6594148537134283
6 9 -2.096774193548387
6 10 -0.4088522130532633
6 11 0.3413353338334584
6 12 -2.190547636909227
6 13 -1.8154538634658666
6 14 0.24756189047261815
6 15 -2.378094523630908
6 16 1.5603900975243812
6 17 -2.873218304576144
6 18 5.0975243810952735
6 19 4.347336834208552
6 20 7.280570142535634
6 21 0.15378844711177794
6 22 -2.873218304576144
6 23 -4.561140285071268
6 24 -2.190547636909227
6 25 4.842460615153788
6 26 2.940735183795949
6 27 0.3413353338334584
6 28 -2.4981245311327833
6 29 4.467366841710428
6 30 0.8777194298574643
6 31 0.5288822205551388
6 32 -4.534883720930233
6 33 -3.1282820705176295
6 34 -3.0345086271567894
6 35 6.436609152288072
6 36 -4.816204051012753
6 37 4.186046511627907
6 38 7.186796699174794
6 39 4.654913728432108
6 40 0.622655663915979
6 41 0.9977494373593399
6 42 0.6901725431357839
6 43 7.1605401350337585
6 44 -0.24756189047261815
6 45 -1.9092273068267067
6 46 -0.06001500375093773
6 47 2.190547636909227
6 48 -4.534883720930233
6 49 -2.5918979744936235
6 86 -0.958591296665108
6 87 0.48470379633382676
7 8 0.03375843960990248
7 9 -5.217554388597149
7 10 -2.2168042010502624
7 11 -7.6556639159789945
7 12 -5.123780945236309
7 13 -0.8102025506376594
7 14 1.8154538634658666
7 15 -4.9362340585146285
7 16 5.191297824456114
7 17 0.8102025506376594
7 18 -2.471867966991748
7 19 2.966991747936984
7 20 -0.5288822205551388
7 21 1.9092273068267067
7 22 0.8102025506376594
7 23 -2.190547636909227
7 24 4.253563390847712
7 25 6.597899474868717
7 26 -0.3150787696924231
7 27 1.7216804201050262
7 28 0.4351087771942986
7 29 2.2843210802700673
7 30 -2.940735183795949
7 31 -7.843210802700675
7 32 -2.7794448612153038
7 33 0.5026256564141035
7 34 0.4088522130532633
7 35 5.003750937734433
7 36 -2.4981245311327833
7 37 7.254313578394599
7 38 -0.4351087771942986
7 39 6.785446361590398
7 40 1.4403600900225055
7 41 1.0652663165791447
7 42 -2.7531882970742685
7 43 4.842460615153788
7 44 -1.8154538634658666
7 45 -0.7164291072768192
7 46 -2.003000750187547
7 47 5.123780945236309
7 48 -2.7794448612153038
7 49 0.5288822205551388
7 92 0.008850642775808604
7 93 0.6220678284101686
8 9 6.811702925731433
8 10 3.8109527381845463
8 11 -0.1275318829707427
8 12 2.029257314328582
8 13 -2.2843210802700673
8 14 -0.2213053263315829
8 15 -2.8469617404351086
8 16 5.780195048762191
8 17 6.972993248312078
8 18 0.8777194298574643
8 19 4.816204051012753
8 20 -2.565641410352588
8 21 -0.3150787696924231
8 22 6.972993248312078
8 23 0.5963990997749438
8 24 2.029257314328582
8 25 -5.003750937734433
8 26 -1.2790697674418605
8 27 -4.816204051012753
8 28 2.6594148537134283
8 29 -0.6901725431357839
8 30 -3.342085521380345
8 31 0.06001500375093773
8 32 -5.003750937734433
8 33 1.09152288072018
8 34 -3.50337584396099
8 35 1.2790697674418605
8 36 4.092273068267067
8 37 3.717179294823706
8 38 -7.348087021755439
8 39 -5.191297824456114
8 40 0.15378844711177794
8 41 -4.159789947486872
8 42 -3.5296324081020254
8 43 -6.436609152288072
8 44 -4.467366841710428
8 45 -7.066766691672918
8 46 -4.2798199549887475
8 47 -2.029257314328582
8 48 4.373593398349588
8 49 -2.1230307576894223
8 98 0.4597404789599264
8 99 -0.07492003120811508
9 10 4.373593398349588
9 11 5.123780945236309
9 12 2.5918979744936235
9 13 -1.7216804201050262
9 14 0.3413353338334584
9 15 -2.2843210802700673
9 16 1.6541635408852213
9 17 6.4103525881470365
9 18 0.3150787696924231
9 19 4.253563390847712
9 20 2.6856714178544636
9 21 4.9362340585146285
9 22 1.7216804201050262
9 23 0.03375843960990248
9 24 2.5918979744936235
9 25 -9.129782445611403
9 26 -1.8417104276069016
9 27 0.4351087771942986
9 28 -2.5918979744936235
9 29 4.561140285071268
9 30 0.7839459864966242
9 31 5.311327831957989
9 32 -4.4411102775693925
9 33 -3.0345086271567894
9 34 -2.940735183795949
9 35 -2.8469617404351086
9 36 4.654913728432108
9 37 -0.4088522130532633
9 38 -6.785446361590398
9 39 -9.317329332333083
9 40 -3.9722430607651913
9 41 1.09152288072018
9 42 0.5963990997749438
9 43 -6.9992498124531135
9 44 -0.3413353338334584
9 45 -1.8154538634658666
9 46 -0.15378844711177794
9 47 2.096774193548387
9 48 4.9362340585146285
9 49 -2.6856714178544636
9 104 0.5600311973033456
9 105 -0.22045949713639534
10 11 2.1230307576894223
10 12 -0.4088522130532633
10 13 -4.722430607651913
10 14 6.717929482370593
10 15 -5.285071267816954
10 16 3.342085521380345
10 17 0.03375843960990248
10 18 -1.3728432108027007
10 19 7.254313578394599
10 20 -0.3150787696924231
10 21 1.935483870967742
10 22 0.03375843960990248
10 23 -6.342835708927232
10 24 -5.0975243810952735
10 25 -7.441860465116279
10 26 1.159039759939985
10 27 2.1230307576894223
10 28 0.4088522130532633
10 29 1.5603900975243812
10 30 -5.59264816204051
10 31 -2.378094523630908
10 32 -2.7531882970742685
10 33 3.342085521380345
10 34 -1.2528132033008252
10 35 -1.159039759939985
10 36 -3.0345086271567894
10 37 1.2790697674418605
10 38 -0.4088522130532633
10 39 -2.940735183795949
10 40 -6.972993248312078
10 41 -6.597899474868717
10 42 -1.09152288072018
10 43 0.6901725431357839
10 44 2.6594148537134283
10 45 -0.1275318829707427
10 46 2.8469617404351086
10 47 0.4088522130532633
10 48 -2.7531882970742685
10 49 -4.373593398349588
10 110 0.5731694630840585
10 111 0.24063956914010576
11 12 5.030007501875469
11 13 5.40510127531883
11 14 -1.9092273068267067
11 15 4.842460615153788
11 16 -5.285071267816954
11 17 -0.7164291072768192
11 18 2.565641410352588
11 19 -2.873218304576144
11 20 5.123780945236309
11 21 -2.003000750187547
11 22 -5.40510127531883
11 23 2.2843210802700673
11 24 0.3413353338334584
11 25 -6.691672918229558
11 26 0.4088522130532633
11 27 -1.8154538634658666
11 28 -0.3413353338334584
11 29 2.3105776444111026
11 30 3.0345086271567894
11 31 3.0607651912978247
11 32 -2.003000750187547
11 33 -0.5963990997749438
11 34 -0.5026256564141035
11 35 -0.4088522130532633
11 36 -2.2843210802700673
11 37 -2.6594148537134283
11 38 0.3413353338334584
11 39 -2.190547636909227
11 40 -1.534133533383346
11 41 -1.159039759939985
11 42 7.535633908477119
11 43 -0.06001500375093773
11 44 1.9092273068267067
11 45 0.622655663915979
11 46 2.096774193548387
11 47 -0.3413353338334584
11 48 -2.003000750187547
11 49 -0.4351087771942986
11 116 -0.06960353892360871
11 117 -0.13632683167659754
12 13 7.561890472618154
12 14 0.24756189047261815
12 15 2.3105776444111026
12 16 -3.1282820705176295
12 17 1.8154538634658666
12 18 0.4088522130532633
12 19 -0.3413353338334584
12 20 2.5918979744936235
12 21 -4.534883720930233
12 22 -2.873218304576144
12 23 0.1275318829707427
12 24 -2.190547636909227
12 25 -4.534883720930233
12 26 2.940735183795949
12 27 0.3413353338334584
12 28 2.190547636909227
12 29 -4.909977494373593
12 30 0.8777194298574643
12 31 0.5288822205551388
12 32 4.842460615153788
12 33 -3.1282820705176295
12 34 -3.0345086271567894
12 35 -2.940735183795949
12 36 -0.1275318829707427
12 37 -0.5026256564141035
12 38 -2.190547636909227
12 39 -0.03375843960990248
12 40 0.622655663915979
12 41 -3.690922730682671
12 42 5.378844711177795
12 43 -2.2168042010502624
12 44 -0.24756189047261815
12 45 -1.9092273068267067
12 46 -0.06001500375093773
12 47 -7.186796699174794
12 48 4.842460615153788
12 49 2.096774193548387
12 122 -0.1465590260363272
12 123 0.5297477885027093
13 14 0.622655663915979
13 15 2.6856714178544636
13 16 -7.441860465116279
13 17 -3.248312078019505
13 18 0.03375843960990248
13 19 -5.40510127531883
13 20 2.966991747936984
13 21 -4.159789947486872
13 22 -7.936984246061515
13 23 4.4411102775693925
13 24 2.873218304576144
13 25 0.5288822205551388
13 26 2.565641410352588
13 27 0.7164291072768192
13 28 1.8154538634658666
13 29 -4.534883720930233
13 30 5.191297824456114
13 31 -3.784696174043511
13 32 5.217554388597149
13 33 -2.7531882970742685
13 34 -2.6594148537134283
13 35 -2.565641410352588
13 36 -4.4411102775693925
13 37 -0.1275318829707427
13 38 -1.8154538634658666
13 39 5.030007501875469
13 40 5.6864216054013506
13 41 1.3728432108027007
13 42 9.692423105776443
13 43 2.096774193548387
13 44 -0.622655663915979
13 45 3.154538634658665
13 46 -0.4351087771942986
13 47 -2.873218304576144
13 48 0.5288822205551388
13 49 1.7216804201050262
13 128 -0.4711387299441585
13 129 -0.7145490558717422
14 15 -9.317329332333083
14 16 -0.6901725431357839
14 17 -5.311327831957989
14 18 -2.029257314328582
14 19 6.597899474868717
14 20 0.3413353338334584
14 21 2.5918979744936235
14 22 -5.311327831957989
14 23 -6.9992498124531135
14 24 -4.4411102775693925
14 25 -2.096774193548387
14 26 5.191297824456114
14 27 7.468117029257314
14 28 -0.24756189047261815
14 29 -2.471867966991748
14 30 -1.5603900975243812
14 31 -6.4103525881470365
14 32 2.5918979744936235
14 33 -0.6901725431357839
14 34 -5.285071267816954
14 35 -5.191297824456114
14 36 -7.066766691672918
14 37 1.935483870967742
14 38 0.24756189047261815
14 39 2.404351087771943
14 40 -1.627906976744186
14 41 -1.2528132033008252
14 42 2.940735183795949
14 43 4.722430607651913
14 44 2.003000750187547
14 45 5.217554388597149
14 46 2.190547636909227
14 47 -0.24756189047261815
14 48 -2.096774193548387
14 49 -5.030007501875469
14 134 -0.36951048148424004
14 135 -0.6574432287570093
15 16 -3.31582895723931
15 17 2.003000750187547
15 18 0.5963990997749438
15 19 -9.5311327831958
15 20 -2.2843210802700673
15 21 -4.722430607651913
15 22 2.003000750187547
15 23 5.003750937734433
15 24 2.3105776444111026
15 25 -0.03375843960990248
15 26 -1.5603900975243812
15 27 -4.534883720930233
15 28 2.378094523630908
15 29 -0.4088522130532633
15 30 1.0652663165791447
15 31 5.030007501875469
15 32 -0.03375843960990248
15 33 1.3728432108027007
15 34 6.155288822205551
15 35 1.5603900975243812
15 36 4.373593398349588
15 37 -5.378844711177795
15 38 2.3105776444111026
15 39 -0.2213053263315829
15 40 0.4351087771942986
15 41 0.8102025506376594
15 42 0.8777194298574643
15 43 -2.029257314328582
15 44 -0.06001500375093773
15 45 -2.096774193548387
15 46 0.1275318829707427
15 47 -2.3105776444111026
15 48 -0.03375843960990248
15 49 6.972993248312078
15 140 0.9102462978798946
15 141 0.6955526675076247
16 17 7.441860465116279
16 18 -3.342085521380345
16 19 5.285071267816954
16 20 -3.0345086271567894
16 21 3.9047261815453864
16 22 7.441860465116279
16 23 -3.6234058514628655
16 24 1.5603900975243812
16 25 -0.7839459864966242
16 26 -0.8102025506376594
16 27 -0.5963990997749438
16 28 3.1282820705176295
16 29 3.5296324081020254
16 30 -7.561890472618154
16 31 -0.4088522130532633
16 32 -5.472618154538635
16 33 0.622655663915979
16 34 0.7164291072768192
16 35 5.49887471867967
16 36 3.6234058514628655
16 37 3.248312078019505
16 38 -3.1282820705176295
16 39 -0.9714928732183046
16 40 -5.003750937734433
16 41 -4.628657164291073
16 42 -7.749437359339835
16 43 -1.2790697674418605
16 44 -3.9984996249062266
16 45 -7.535633908477119
16 46 0.8777194298574643
16 47 3.1282820705176295
16 48 -0.7839459864966242
16 49 -1.6541635408852213
16 146 0.176141150281933
16 147 -0.299443917793492
17 18 -4.722430607651913
17 19 0.7164291072768192
17 20 -2.966991747936984
17 21 4.159789947486872
17 22 7.936984246061515
17 23 0.24756189047261815
17 24 6.504126031507877
17 25 -5.217554388597149
17 26 -2.565641410352588
17 27 -0.7164291072768192
17 28 2.873218304576144
17 29 4.534883720930233
17 30 -5.191297824456114
17 31 3.784696174043511
17 32 -5.217554388597149
17 33 -1.935483870967742
17 34 2.6594148537134283
17 35 2.565641410352588
17 36 9.129782445611403
17 37 0.1275318829707427
17 38 -7.561890472618154
17 39 -5.030007501875469
17 40 -5.6864216054013506
17 41 -1.3728432108027007
17 42 -5.003750937734433
17 43 -6.785446361590398
17 44 -4.066016504126032
17 45 -7.843210802700675
17 46 0.4351087771942986
17 47 2.873218304576144
17 48 4.159789947486872
17 49 2.966991747936984
17 152 0.4788863908502279
17 153 -0.4584932297453377
18 19 2.1230307576894223
18 20 5.003750937734433
18 21 -6.624156039009752
18 22 -0.03375843960990248
18 23 1.6541635408852213
18 24 -4.2798199549887475
18 25 2.7531882970742685
18 26 -1.159039759939985
18 27 -6.811702925731433
18 28 -5.0975243810952735
18 29 -1.5603900975243812
18 30 5.59264816204051
18 31 2.378094523630908
18 32 -1.935483870967742
18 33 1.3465866466616654
18 34 -3.4358589647411852
18 35 1.159039759939985
18 36 -1.6541635408852213
18 37 3.40960240060015
18 38 5.0975243810952735
18 39 -1.7479369842460615
18 40 6.972993248312078
18 41 1.9092273068267067
18 42 1.09152288072018
18 43 -0.6901725431357839
18 44 2.029257314328582
18 45 0.1275318829707427
18 46 -7.535633908477119
18 47 -5.0975243810952735
18 48 2.7531882970742685
18 49 -0.3150787696924231
18 158 0.12023201823854857
18 159 -0.1578076684382479
19 20 4.253563390847712
19 21 2.003000750187547
19 22 0.7164291072768192
19 23 -6.972993248312078
19 24 -5.030007501875469
19 25 -2.6856714178544636
19 26 -0.4088522130532633
19 27 1.8154538634658666
19 28 -4.347336834208552
19 29 2.378094523630908
19 30 -3.0345086271567894
19 31 -3.0607651912978247
19 32 -2.6856714178544636
19 33 0.5963990997749438
19 34 -4.186046511627907
19 35 0.4088522130532633
19 36 -2.404351087771943
19 37 7.348087021755439
19 38 -0.3413353338334584
19 39 -2.4981245311327833
19 40 -3.154538634658665
19 41 -3.5296324081020254
19 42 -2.8469617404351086
19 43 0.06001500375093773
19 44 2.7794448612153038
19 45 -0.622655663915979
19 46 -2.096774193548387
19 47 0.3413353338334584
19 48 2.003000750187547
19 49 -4.253563390847712
19 164 0.007964101314141159
19 165 0.28446807801313145
20 21 0.24756189047261815
20 22 -7.6556639159789945
20 23 0.03375843960990248
20 24 -2.096774193548387
20 25 0.24756189047261815
20 26 -1.8417104276069016
20 27 0.4351087771942986
20 28 -7.280570142535634
20 29 4.561140285071268
20 30 5.472618154538635
20 31 0.622655663915979
20 32 0.24756189047261815
20 33 -3.0345086271567894
20 34 -2.940735183795949
20 35 1.8417104276069016
20 36 -4.722430607651913
20 37 4.2798199549887475
20 38 2.5918979744936235
20 39 0.06001500375093773
20 40 0.7164291072768192
20 41 1.09152288072018
20 42 5.285071267816954
20 43 2.378094523630908
20 44 4.347336834208552
20 45 2.873218304576144
20 46 -0.15378844711177794
20 47 2.096774193548387
20 48 0.24756189047261815
20 49 -2.6856714178544636
20 170 0.5620629114277611
20 171 0.9916175419835149
21 22 -0.5288822205551388
21 23 -2.2168042010502624
21 24 4.842460615153788
21 25 -2.190547636909227
21 26 0.5963990997749438
21 27 7.374343585896474
21 28 -0.15378844711177794
21 29 6.811702925731433
21 30 -1.4666166541635408
21 31 2.873218304576144
21 32 -2.190547636909227
21 33 -5.472618154538635
21 34 -0.6901725431357839
21 35 -0.5963990997749438
21 36 2.2168042010502624
21 37 -2.8469617404351086
21 38 -4.534883720930233
21 39 -2.378094523630908
21 40 -6.4103525881470365
21 41 3.342085521380345
21 42 -1.6541635408852213
21 43 0.1275318829707427
21 44 -2.5918979744936235
21 45 0.4351087771942986
21 46 6.972993248312078
21 47 9.223555888972243
21 48 -2.190547636909227
21 49 -4.9362340585146285
21 176 0.331182462560359
21 177 0.880163763369135
22 23 0.24756189047261815
22 24 1.8154538634658666
22 25 -0.5288822205551388
22 26 -2.565641410352588
22 27 -5.40510127531883
22 28 2.873218304576144
22 29 -0.15378844711177794
22 30 -5.191297824456114
22 31 3.784696174043511
22 32 -5.217554388597149
22 33 2.7531882970742685
22 34 2.6594148537134283
22 35 2.565641410352588
22 36 9.129782445611403
22 37 0.1275318829707427
22 38 -2.873218304576144
22 39 -5.030007501875469
22 40 -0.9977494373593399
22 41 -1.3728432108027007
22 42 -9.692423105776443
22 43 -6.785446361590398
22 44 -4.066016504126032
22 45 -7.843210802700675
22 46 -4.253563390847712
22 47 -1.8154538634658666
22 48 4.159789947486872
22 49 2.966991747936984
22 182 -0.7782769044233195
22 183 0.9007763360486978
23 24 4.816204051012753
23 25 2.471867966991748
23 26 -5.566391597899475
23 27 -7.093023255813954
23 28 -0.1275318829707427
23 29 -1.8417104276069016
23 30 5.873968492123031
23 31 2.096774193548387
23 32 2.471867966991748
23 33 1.0652663165791447
23 34 0.9714928732183046
23 35 0.8777194298574643
23 36 2.7531882970742685
23 37 -1.5603900975243812
23 38 -4.561140285071268
23 39 -2.029257314328582
23 40 6.691672918229558
23 41 1.627906976744186
23 42 1.3728432108027007
23 43 -5.0975243810952735
23 44 -2.378094523630908
23 45 -0.15378844711177794
23 46 -2.565641410352588
23 47 -0.1275318829707427
23 48 2.471867966991748
23 49 -0.03375843960990248
23 188 -0.02730295386947157
23 189 -0.04763043741887496
24 25 0.15378844711177794
24 26 -1.7479369842460615
24 27 0.3413353338334584
24 28 2.190547636909227
24 29 4.467366841710428
24 30 0.8777194298574643
24 31 0.5288822205551388
24 32 -4.534883720930233
24 33 -3.1282820705176295
24 34 1.6541635408852213
24 35 1.7479369842460615
24 36 4.561140285071268
24 37 -0.5026256564141035
24 38 -6.879219804951238
24 39 -0.03375843960990248
24 40 0.622655663915979
24 41 5.6864216054013506
24 42 0.6901725431357839
24 43 -2.2168042010502624
24 44 -4.9362340585146285
24 45 -1.9092273068267067
24 46 -0.06001500375093773
24 47 6.879219804951238
24 48 0.15378844711177794
24 49 2.096774193548387
24 194 -0.6976198524225989
24 195 0.4370025270963116
25 26 0.5963990997749438
25 27 -2.003000750187547
25 28 -0.15378844711177794
25 29 -2.565641410352588
25 30 3.2220555138784697
25 31 -1.8154538634658666
25 32 2.4981245311327833
25 33 -0.7839459864966242
25 34 -0.6901725431357839
25 35 4.092273068267067
25 36 -2.471867966991748
25 37 1.8417104276069016
25 38 4.842460615153788
25 39 6.9992498124531135
25 40 7.6556639159789945
25 41 3.342085521380345
25 42 -1.6541635408852213
25 43 4.816204051012753
25 44 -2.5918979744936235
25 45 0.4351087771942986
25 46 -2.404351087771943
25 47 -0.15378844711177794
25 48 -2.190547636909227
25 49 -0.24756189047261815
25 200 0.31202140974293924
25 201 -0.4550798613116587
26 27 5.0975243810952735
26 28 6.436609152288072
26 29 -3.717179294823706
26 30 -1.627906976744186
26 31 0.2213053263315829
26 32 0.5963990997749438
26 33 -5.49887471867967
26 34 -5.59264816204051
26 35 -0.9977494373593399
26 36 -3.8109527381845463
26 37 -3.4358589647411852
26 38 2.940735183795949
26 39 5.472618154538635
26 40 0.1275318829707427
26 41 -0.24756189047261815
26 42 3.248312078019505
26 43 6.155288822205551
26 44 -5.191297824456114
26 45 -2.029257314328582
26 46 3.9984996249062266
26 47 -2.940735183795949
26 48 -4.092273068267067
26 49 -2.8469617404351086
26 206 0.8991844204408526
26 207 -0.7564419537703364
27 28 -0.3413353338334584
27 29 2.3105776444111026
27 30 -1.6541635408852213
27 31 -1.627906976744186
27 32 2.6856714178544636
27 33 -5.285071267816954
27 34 -0.5026256564141035
27 35 -5.0975243810952735
27 36 -2.2843210802700673
27 37 -2.6594148537134283
27 38 0.3413353338334584
27 39 2.4981245311327833
27 40 -6.222805701425356
27 41 3.5296324081020254
27 42 2.8469617404351086
27 43 4.628657164291073
27 44 1.9092273068267067
27 45 5.311327831957989
27 46 6.785446361590398
27 47 4.347336834208552
27 48 -2.003000750187547
27 49 -0.4351087771942986
27 212 0.7555220388131247
27 213 -0.6390800915960644
28 29 -4.467366841710428
28 30 -5.566391597899475
28 31 -0.5288822205551388
28 32 -0.15378844711177794
28 33 -1.5603900975243812
28 34 -1.6541635408852213
28 35 2.940735183795949
28 36 0.1275318829707427
28 37 -4.186046511627907
28 38 -2.4981245311327833
28 39 4.722430607651913
28 40 -0.622655663915979
28 41 -5.6864216054013506
28 42 -0.6901725431357839
28 43 2.2168042010502624
28 44 -9.129782445611403
28 45 -7.468117029257314
28 46 4.748687171792948
28 47 -2.190547636909227
28 48 -4.842460615153788
28 49 -2.096774193548387
28 218 0.9833992555268067
28 219 0.5452144038862976
29 30 -1.09152288072018
29 31 2.4981245311327833
29 32 -7.254313578394599
29 33 -1.159039759939985
29 34 3.6234058514628655
29 35 3.717179294823706
29 36 1.8417104276069016
29 37 1.4666166541635408
29 38 -0.2213053263315829
29 39 -2.7531882970742685
29 40 -6.785446361590398
29 41 2.966991747936984
29 42 -1.2790697674418605
29 43 0.5026256564141035
29 44 2.471867966991748
29 45 0.06001500375093773
29 46 2.6594148537134283
29 47 9.598649662415603
29 48 -2.565641410352588
29 49 0.1275318829707427
29 224 -0.04250583197135005
29 225 0.7537492447835175
30 31 2.8469617404351086
30 32 3.2220555138784697
30 33 -2.873218304576144
30 34 -2.966991747936984
30 35 -3.0607651912978247
30 36 -1.1852963240810201
30 37 -0.8102025506376594
30 38 0.8777194298574643
30 39 -1.2790697674418605
30 40 7.441860465116279
30 41 7.066766691672918
30 42 5.311327831957989
30 43 -1.159039759939985
30 44 1.5603900975243812
30 45 5.285071267816954
30 46 -3.31582895723931
30 47 -0.8777194298574643
30 48 3.2220555138784697
30 49 -0.7839459864966242
30 230 0.11884677740604199
30 231 0.11087278625588559
31 32 -1.8154538634658666
31 33 -5.0975243810952735
31 34 -0.3150787696924231
31 35 -0.2213053263315829
31 36 7.280570142535634
31 37 -7.1605401350337585
31 38 0.5288822205551388
31 39 -6.691672918229558
31 40 -1.3465866466616654
31 41 3.717179294823706
31 42 -2.029257314328582
31 43 -4.9362340585146285
31 44 -2.966991747936984
31 45 -3.878469617404351
31 46 1.9092273068267067
31 47 -0.5288822205551388
31 48 2.873218304576144
31 49 -0.622655663915979
31 236 0.7781563382710672
31 237 0.4890723581044656
32 33 -0.7839459864966242
32 34 -0.6901725431357839
32 35 -5.285071267816954
32 36 -2.471867966991748
32 37 -2.8469617404351086
32 38 0.15378844711177794
32 39 2.3105776444111026
32 40 2.966991747936984
32 41 -1.3465866466616654
32 42 3.0345086271567894
32 43 0.1275318829707427
32 44 2.096774193548387
32 45 5.123780945236309
32 46 2.2843210802700673
32 47 -4.842460615153788
32 48 2.4981245311327833
32 49 -0.24756189047261815
32 242 0.025018162205209693
32 243 -0.41214823429065417
33 34 5.40510127531883
33 35 0.8102025506376594
33 36 -1.0652663165791447
33 37 3.248312078019505
33 38 1.5603900975243812
33 39 -0.9714928732183046
33 40 -0.3150787696924231
33 41 -4.628657164291073
33 42 -3.0607651912978247
33 43 -1.2790697674418605
33 44 5.378844711177795
33 45 1.8417104276069016
33 46 -3.8109527381845463
33 47 -1.5603900975243812
33 48 -0.7839459864966242
33 49 3.0345086271567894
33 248 -0.07912143391540871
33 249 0.08407681287632518
34 35 0.9039759939984996
34 36 3.717179294823706
34 37 -1.3465866466616654
34 38 1.6541635408852213
34 39 -0.8777194298574643
34 40 -4.909977494373593
34 41 0.15378844711177794
34 42 -3.154538634658665
34 43 -1.3728432108027007
34 44 5.285071267816954
34 45 1.935483870967742
34 46 0.7839459864966242
34 47 3.0345086271567894
34 48 -0.6901725431357839
34 49 7.629407351837959
34 254 0.5601457151656988
34 255 -0.8601306359363265
35 36 -0.8777194298574643
35 37 3.4358589647411852
35 38 1.7479369842460615
35 39 3.9047261815453864
35 40 -0.1275318829707427
35 41 -4.4411102775693925
35 42 -3.248312078019505
35 43 3.2220555138784697
35 44 -4.186046511627907
35 45 -7.348087021755439
35 46 0.6901725431357839
35 47 2.940735183795949
35 48 -5.285071267816954
35 49 -1.8417104276069016
35 260 -0.6461057495072999
35 261 0.6718850319719907
36 37 -3.1282820705176295
36 38 -4.816204051012753
36 39 -7.348087021755439
36 40 -2.003000750187547
36 41 3.0607651912978247
36 42 -6.061515378844711
36 43 -8.968492123030758
36 44 -2.3105776444111026
36 45 -4.534883720930233
36 46 -2.1230307576894223
36 47 0.1275318829707427
36 48 6.905476369092273
36 49 4.722430607651913
36 266 0.9679319899095911
36 267 -0.14811482972582568
37 38 -0.5026256564141035
37 39 1.6541635408852213
37 40 2.3105776444111026
37 41 -2.003000750187547
37 42 -0.9977494373593399
37 43 0.7839459864966242
37 44 2.7531882970742685
37 45 -0.2213053263315829
37 46 -6.436609152288072
37 47 0.5026256564141035
37 48 1.8417104276069016
37 49 0.4088522130532633
37 272 0.6791766252154283
37 273 0.36716910732709707
38 39 4.654913728432108
38 40 0.622655663915979
38 41 0.9977494373593399
38 42 0.6901725431357839
38 43 7.1605401350337585
38 44 4.4411102775693925
38 45 2.7794448612153038
38 46 -0.06001500375093773
38 47 -2.4981245311327833
38 48 -4.534883720930233
38 49 2.096774193548387
38 278 0.9080846062975834
38 279 -0.754051195127192
39 40 2.7794448612153038
39 41 -1.534133533383346
39 42 3.2220555138784697
39 43 9.692423105776443
39 44 -2.404351087771943
39 45 0.24756189047261815
39 46 2.471867966991748
39 47 0.03375843960990248
39 48 -7.066766691672918
39 49 -0.06001500375093773
39 284 -0.6582671305081609
39 285 -0.7395349127931539
40 41 3.8109527381845463
40 42 2.565641410352588
40 43 -0.3413353338334584
40 44 -3.0607651912978247
40 45 0.9039759939984996
40 46 -7.561890472618154
40 47 -5.311327831957989
40 48 2.966991747936984
40 49 -0.7164291072768192
40 290 -0.2649037148669098
40 291 0.5944754757350088
41 42 2.190547636909227
41 43 -0.7164291072768192
41 44 1.2528132033008252
41 45 5.967741935483871
41 46 -3.248312078019505
41 47 3.690922730682671
41 48 3.342085521380345
41 49 3.5971492873218303
41 296 -0.8305081522509967
41 297 0.1950904516623293
42 43 3.717179294823706
42 44 1.7479369842460615
42 45 5.0975243810952735
42 46 1.5603900975243812
42 47 -0.6901725431357839
42 48 -1.6541635408852213
42 49 -0.5963990997749438
42 302 0.1677959101790083
42 303 0.9632595798407377
43 44 -0.03375843960990248
43 45 2.190547636909227
43 46 4.467366841710428
43 47 2.2168042010502624
43 48 -9.249812453113279
43 49 -2.378094523630908
43 308 0.16724793163944307
43 309 0.37760044774791623
44 45 8.848462115528882
44 46 -2.190547636909227
44 47 0.24756189047261815
44 48 2.096774193548387
44 49 5.030007501875469
44 314 -0.9234275466479862
44 315 0.8709356957638172
45 46 -0.3413353338334584
45 47 1.9092273068267067
45 48 0.4351087771942986
45 49 1.8154538634658666
45 320 -0.15323162214282027
45 321 0.9366661119111757
46 47 4.748687171792948
46 48 -7.093023255813954
46 49 -4.534883720930233
46 326 -0.7298230098504357
46 327 -0.18621877322440028
47 48 -4.842460615153788
47 49 -2.096774193548387
47 332 -0.6583271593495457
47 333 -0.5254377825087784
48 49 4.4411102775693925
48 338 0.9815124640799069
48 339 -0.4824123747572744
49 344 0.9621460137239679
49 345 0.06572797630924776
50 52 -0.9527371869167711
50 53 -0.9670846450864741
50 131 0.8194035939673725
51 54 -0.3154700813267697
51 55 -0.05475728030502003
56 58 -0.9843572314444977
56 59 0.24025945192597775
57 60 0.384972465488457
57 61 -0.1748253361197727
61 101 0.5324422951578243
62 64 -0.561854933236106
62 65 -0.9663595744195972
63 66 -0.8149398843787647
63 67 -0.7926808685992472
64 300 0.5329655433551441
64 337 -0.10575321459027731
65 280 0.23265144657173575
65 321 -0.1658127635558344
68 70 -0.5390515951138954
68 71 0.0369296879949188
69 72 -0.47259708127661826
69 73 -0.7242240055690585
70 148 -0.6470312176661404
74 76 -0.6484457385119691
74 77 0.18336650345194072
75 78 -0.6977349056364648
75 79 -0.6812829776288436
75 135 -0.6937700227209362
80 82 0.31989628218092014
80 83 -0.8629420279949405
81 84 -0.19333351265954501
81 85 -0.7977889871150841
81 145 -0.5898547541474257
86 88 -0.23973098089802058
86 89 -0.6666928917726143
86 327 -0.01829202602219393
87 90 -0.7185329057365777
87 91 -0.07559851522144068
87 176 0.06872068493724126
89 208 0.19402777873505062
92 94 -0.048020882306290424
92 95 -0.09285391599235493
92 189 0.3724943349994554
93 96 -0.8929242901332552
93 97 -0.22086437847551887
93 280 -0.7702025090248321
97 130 -0.1280257088596508
97 322 0.15864648164894923
98 100 0.03886500302405027
98 101 -0.6514838706697694
98 120 0.7693181070861257
98 121 0.9894037040929562
99 102 0.22138638095310958
99 103 -0.3722477537454292
100 315 0.425940940834046
103 158 -0.18895874111139221
104 106 -0.3393826294312776
104 107 -0.4141336503385089
105 108 0.22618803667999532
105 109 -0.5564745964018789
108 118 -0.9043239671373258
108 220 0.9775915471552519
110 112 -0.9098761997854041
110 113 0.4984044116124198
111 114 -0.7337798920046847
111 115 -0.6154156206028234
116 118 0.038117362385994946
116 119 -0.8064867689215083
117 120 -0.9007611107064102
117 121 -0.33555568419589155
117 322 -0.5711860390783567
118 249 0.01454751832196921
121 133 -0.2177017586598733
122 124 -0.8112427630706032
122 125 0.1405433802871967
122 335 -0.8524037601967189
123 126 -0.9118356094033184
123 127 -0.7860005773549179
123 148 -0.6505648502094319
128 130 -0.9225143909574944
128 131 0.630482041057377
129 132 -0.35785560361328117
129 133 -0.6285483986660803
133 314 -0.46933104891938626
134 136 0.022606649352770347
134 137 0.2528046344661581
135 138 -0.6824150372389426
135 139 -0.3437526638401813
140 142 -0.6210758777447232
140 143 0.2472207920923386
140 239 -0.5934699682671214
141 144 0.018715182158718813
141 145 0.30968696759604475
144 289 0.8316045327793173
146 148 -0.21674684422155988
146 149 0.21231324544251806
147 150 -0.009478962496891397
147 151 -0.29853057912479586
147 216 -0.8707465211692063
147 339 0.9849559089693714
152 154 -0.2696069466141049
152 155 -0.531233616778858
153 156 -0.08291207058719086
153 157 0.38039390441330667
156 180 -0.6949458277942973
158 160 0.6223685158666123
158 161 -0.31843409529222
159 162 -0.26991174791198014
159 163 -0.9209977796149271
162 269 0.2398919078657613
164 166 -0.9272541961568488
164 167 0.5359350810068957
165 168 -0.27153348819110823
165 169 0.6726796136143312
165 199 -0.9105484770795442
170 172 0.06857937614718734
170 173 -0.9237212974746256
171 174 -0.2515757886336065
171 175 -0.12285858619195467
176 178 -0.26429586379268244
176 179 0.06080948687713694
177 180 -0.06293863611824024
177 181 0.627986661419712
182 184 -0.19269654715658668
182 185 -0.21811565430699953
183 186 -0.3036806336835234
183 187 -0.6740322939532963
184 349 0.27911553173949266
187 306 -0.46288500110016817
188 190 -0.3227281662732693
188 191 -0.8290315597929794
188 238 0.26284786034597984
189 192 0.7231741108585832
189 193 -0.1137810116585265
194 196 -0.036050539045199725
194 197 -0.2681644907115819
195 198 -0.06237523424559921
195 199 -0.37630711521652827
196 258 0.40618843400945104
200 202 0.2290439065468235
200 203 -0.5905342274593695
201 204 -0.9951621507130042
201 205 0.4131982479036771
206 208 0.2478334443689778
206 209 0.05134160194340365
207 210 -0.11385246120013326
207 211 0.18800351052787012
210 212 -0.6581924283251392
212 214 0.7906361945958706
212 215 0.6279310247545435
213 216 -0.6537796549008519
213 217 0.012535055464040434
214 294 -0.7760559075633442
218 220 -0.5706644451789511
218 221 -0.43903765083866686
219 222 0.02753415454449204
219 223 -0.26243373483435484
222 263 -0.13307549149553677
224 226 -0.9927851729004207
224 227 -0.768769982183638
225 228 -0.6993971164130459
225 229 -0.8220657784850338
225 304 -0.5581388667793512
230 232 0.14290165086091244
230 233 -0.5175429099819098
231 234 -0.8372943434087199
231 235 -0.27071629376856055
236 238 -0.7527960872360862
236 239 -0.49636971899341176
236 332 -0.5360998527761249
237 240 -0.9142043559691171
237 241 -0.08217420923627583
242 244 -0.7322359979988438
242 245 -0.102237830561962
243 246 -0.5295928689535032
243 247 -0.8464253288983441
248 250 -0.026615094895221514
248 251 -0.00453133230588465
249 252 -0.30794929729147213
249 253 0.06067540245584113
249 304 0.37697301897851965
254 256 0.10396844175744113
254 257 0.21854990835481636
255 258 -0.24588044297945322
255 259 0.10922817083489456
260 262 -0.24176950636997474
260 263 -0.9609396887588479
261 264 -0.22660000168465788
261 265 -0.49092388627958305
261 328 -0.6146203545257005
265 278 0.707410659394756
266 268 -0.03205431959576188
266 269 -0.680903317405045
267 270 0.0964796652372053
267 271 0.133562567745658
272 274 -0.8044944188648169
272 275 -0.6609891893933151
273 276 0.09045803693150511
273 277 -0.4810275934314887
277 297 -0.4551919143449994
278 280 0.17317672704084575
278 281 -0.9634461148605384
279 282 0.23255487956591425
279 283 -0.6419179051455692
284 286 -0.1469977293130471
284 287 -0.8685245137490394
284 295 0.4605735494878822
285 288 -0.0665400179275566
285 289 -0.49690640658539786
290 292 -0.7230282865641229
290 293 -0.6803646397359231
291 294 0.4656406545059659
291 295 -0.5060278691127698
296 298 0.383096857721279
296 299 -0.8263095830336145
297 300 0.2531044348968934
297 301 0.5273094966214193
299 348 -0.23753822670291047
302 304 0.09967866404302761
302 305 -0.996761501660711
303 306 -0.19245007172450967
303 307 0.21837752947337918
308 310 -0.45695198282822
308 311 -0.9173045483593014
309 312 -0.7537329031990223
309 313 -0.7059766557790872
314 316 -0.17436071049774804
314 317 -0.053005680607228545
315 318 -0.039905173626657575
315 319 -0.6015196747022471
320 322 -0.5043676903273158
320 323 0.7418878068167702
321 324 -0.379721200167896
321 325 -0.10778311423935705
326 328 -0.7571207734594441
326 329 -0.40841122229336824
327 330 -0.10131733649207542
327 331 -0.3837385312082262
332 334 -0.1541802807936321
332 335 -0.7982284797085373
333 336 -0.5659080959949485
333 337 -0.5502362801054774
338 340 -0.92952015427223
338 341 0.006964886395933068
339 342 -0.5165739340040454
339 343 -0.7907892278502644
344 346 -0.35830513500769356
344 347 -0.03879397024782305
345 348 -0.5989541063885455
345 349 0.48193216589257326
0 0 1.7109319342141616
1 1 -1.7168437566602859
2 2 1.1340164040473062
3 3 -0.03488112484755179
4 4 1.6367579988112813
5 5 0.20176072036768344
6 6 -1.7248870407549415
7 7 -1.1122294280078289
8 8 0.8347149837455627
9 9 1.7130359951689622
10 10 -1.9147883975306517
11 11 0.14446182315366762
12 12 -1.0877897555539362
13 13 0.4860449535995959
14 14 1.8407376128788433
15 15 0.514817644941993
16 16 1.0562933613072074
17 17 1.676481743454056
18 18 1.6202669997522983
19 19 -1.777252554457578
20 20 -0.9502878881273058
21 21 1.407344231953802
22 22 1.7657668672186777
23 23 -1.5389795507680015
24 24 1.125169421191226
25 25 1.585897263000059
26 26 -0.8821485212341225
27 27 0.4903077432456868
28 28 1.9758981576379968
29 29 1.7233399502470326
30 30 0.6148413199782201
31 31 -1.2769080682749365
32 32 0.31454004431664373
33 33 -0.030283793785389257
34 34 1.4314595399263361
35 35 -1.44641150024473
36 36 -1.5675121119749147
37 37 -1.3733804998567671
38 38 0.4774032489892943
39 39 -1.3525365160629053
40 40 -0.10131511548257643
41 41 -1.454657373724135
42 42 -0.5273589222019806
43 43 1.6756316046881041
44 44 -1.7700546391437089
45 45 0.14855268892174545
46 46 1.640630482982897
47 47 0.8398966896459537
48 48 -0.7091081349846546
49 49 -1.8205214192722938
50 50 -1.665028559965021
51 51 -0.7775056136413223
52 52 1.8448028860802212
53 53 0.6579468967357212
54 54 -1.6366101896627305
55 55 -1.0940819337589165
56 56 -0.27962058537060575
57 57 1.279732346799273
58 58 -0.6478634932838525
59 59 -1.4319892596047028
60 60 -1.214575987222044
61 61 -1.5332597775816894
62 62 0.42133866928923563
63 63 1.2410494776061811
64 64 -1.4075938279314701
65 65 0.4187958030751729
66 66 -1.9385494170710627
67 67 1.8638850864106693
68 68 0.5739173785248326
69 69 -0.12263410791827711
70 70 -1.3306970873907873
71 71 -1.6786289027833705
72 72 1.8779052345603002
73 73 1.9040346092696268
74 74 0.2962697447271738
75 75 0.18617712959507848
76 76 0.9878667913142793
77 77 -0.05676426617145758
78 78 -0.4618865905747907
79 79 -0.5430531308802369
80 80 1.2876617243606034
81 81 1.0307950906475303
82 82 0.9933444756647686
83 83 -0.6648137549047517
84 84 1.5762050948150401
85 85 -0.27610215485744405
86 86 0.7902136175741946
87 87 -0.3594914930967841
88 88 -1.6350407136429679
89 89 -0.4077592531154215
90 90 1.896059470293889
91 91 -1.1931129644639284
92 92 -1.3604693435647421
93 93 -0.623445582249174
94 94 1.0637607627554697
95 95 -1.2760442318772607
96 96 0.991555543925974
97 97 -0.25645067368470986
98 98 -0.5864974421236089
99 99 -0.5267783532312911
100 100 -1.4368804321948914
101 101 1.7835232495219877
102 102 1.8519247955153886
103 103 0.36427633632774065
104 104 0.9175031306670101
105 105 -0.17453634269306395
106 106 0.25027953687897586
107 107 -0.313924446482567
108 108 -0.09279318423294347
109 109 -0.23226603831914175
110 110 0.0166177826620455
111 111 -0.49881604247521283
112 112 1.7167381926411784
113 113 -1.1766410975971207
114 114 -1.7460126557684008
115 115 -0.3659156506314698
116 116 -1.6486022870547714
117 117 0.06556558663088774
118 118 -0.9797789485609348
119 119 -0.753060048367451
120 120 -1.5109939163241752
121 121 -1.4555500988651087
122 122 -0.32494426829010603
123 123 -0.9400486914315437
124 124 -0.4848880946493561
125 125 -0.12068746035670319
126 126 -1.6160163704466013
127 127 1.1676134237559674
128 128 1.4196072866576328
129 129 1.4818943056476928
130 130 -1.1397519523680586
131 131 -0.542930187461248
132 132 -0.15666573639046222
133 133 -1.1482519753296518
134 134 0.7920499645005847
135 135 0.18614162165176
136 136 -1.731859775827701
137 137 -1.7441204066241802
138 138 -1.1547969543445822
139 139 1.17652550905507
140 140 -1.5517506795030647
141 141 -1.2282534576085036
142 142 0.3655085213787088
143 143 -1.9713351141280342
144 144 -0.8376624257968497
145 145 1.1731142489077513
146 146 -1.9034452258901648
147 147 -1.8212955829509614
148 148 -0.7621426036989778
149 149 -0.63597233125591
150 150 0.06837785813340291
151 151 1.245407471604095
152 152 -0.4715078813053384
153 153 0.7185851406560047
154 154 -1.9898521535770786
155 155 -0.3421471027261549
156 156 -1.6349499924414501
157 157 -1.0377841474058687
158 158 -1.2418615687858257
159 159 1.8825713845499756
160 160 -1.1495500077978615
161 161 1.7123120231404718
162 162 -1.0644034863106997
163 163 1.704597735709649
164 164 0.15568602442331114
165 165 0.4758615103481523
166 166 -0.9813207243911859
167 167 0.3742333508589044
168 168 -0.5139136907843387
169 169 -1.0620773429387262
170 170 0.8355673262898722
171 171 0.5762452585178175
172 172 -1.8770288413216163
173 173 -0.8899467223069646
174 174 -1.9200393789678192
175 175 0.31622344927095813
176 176 1.931702649366156
177 177 0.24462806068879672
178 178 0.7933107329885308
179 179 0.028878630534242333
180 180 -0.1677960396401308
181 181 0.5025092519408734
182 182 -1.122715984350501
183 183 -1.6111125404970126
184 184 -1.0735006158453557
185 185 0.600830376426503
186 186 -1.9786154305243298
187 187 1.5823683473896404
188 188 0.9419562020170114
189 189 -0.3079085903468495
190 190 0.40478840210185135
191 191 -0.8331958557650304
192 192 -0.4131193478275752
193 193 -0.007639399280506165
194 194 -1.5995531508489318
195 195 1.710303810720986
196 196 -0.19835377144454913
197 197 -0.24671338281522015
198 198 1.588796786354597
199 199 1.6384857918806817
200 200 -1.447762520305179
201 201 0.8257846501899402
202 202 0.05515905552069489
203 203 0.046644518073081453
204 204 -1.1656111414018469
205 205 1.1260453044868264
206 206 -0.8186266305414934
207 207 0.14275674323045084
208 208 0.381407343140813
209 209 -0.37773423106700355
210 210 -0.3672880316487359
211 211 -1.3025496961385417
212 212 -0.9157346797200622
213 213 -0.041152854462314536
214 214 -0.09486474543384206
215 215 0.956215666527963
216 216 0.07888596994494046
217 217 -0.5695121585248271
218 218 0.9498509883747018
219 219 -1.2668265211701026
220 220 -1.123763685291618
221 221 0.27492270774349414
222 222 0.8385476958656973
223 223 -0.11770437163853488
224 224 -1.2476977977293182
225 225 0.5326361570375124
226 226 -1.6400876378473055
227 227 -1.5967153903297049
228 228 0.09859037878660139
229 229 0.46234383063374734
230 230 -1.217910040364214
231 231 -0.157039959303646
232 232 -0.9914735821723633
233 233 -1.1925213855109615
234 234 0.640645808004995
235 235 1.11634825782527
236 236 1.521695413524538
237 237 -0.8859384377834845
238 238 1.426764223962207
239 239 1.8164222246054262
240 240 1.9703482372364187
241 241 0.7715405125657977
242 242 -0.9249128567107011
243 243 1.1957700234606916
244 244 -1.8567833775558638
245 245 0.2490443120739774
246 246 1.0914681635968595
247 247 -1.4466373713398362
248 248 0.9443077756147744
249 249 -0.10988912326210931
250 250 -0.9862422258155474
251 251 0.2606177390143132
252 252 0.6128248276162256
253 253 -1.0339339049546323
254 254 1.1667886043549078
255 255 -0.15347443670657102
256 256 -1.4849289501386895
257 257 -0.6574180236891003
258 258 1.6549078523615761
259 259 -0.9563687782979242
260 260 -0.25737756438341464
261 261 0.41924237194278785
262 262 1.909453178021977
263 263 -1.3545718399518978
264 264 1.5000835401752304
265 265 -0.2595744390040551
266 266 -1.144923780672228
267 267 -0.35606513190918543
268 268 0.9190307059879538
269 269 -0.31257880006597416
270 270 -1.3018035714941312
271 271 -1.9622236707829164
272 272 1.5796102343797933
273 273 -1.16954711287211
274 274 -0.043072622144983974
275 275 1.705933802734566
276 276 1.399165178133777
277 277 -0.06651181388896621
278 278 -0.1880843114112718
279 279 0.5733180491905285
280 280 -1.5514135935674875
281 281 1.146552277335752
282 282 0.7294794307682784
283 283 -0.46428296924312523
284 284 0.15753410842674145
285 285 1.255866874456871
286 286 -1.0128662909850354
287 287 -0.4082593613532448
288 288 -1.5910841904773276
289 289 -0.5612234985827804
290 290 -0.2805478604014109
291 291 -0.6656117366515679
292 292 -1.3622648417995784
293 293 0.5169539478206242
294 294 0.22254273838153926
295 295 -0.9410462908937
296 296 -0.7423075619086301
297 297 0.055051055709484764
298 298 0.807036251097073
299 299 0.3479116513043943
300 300 -0.12970280630912479
301 301 -1.0689496217574281
302 302 -1.0572325454767157
303 303 1.9250855848409676
304 304 -0.5991447115179795
305 305 0.08791941927726166
306 306 0.32251924923727243
307 307 1.9700189814996607
308 308 -0.9867316099057017
309 309 1.082965053747495
310 310 -0.39763720436755184
311 311 0.18165527016588134
312 312 0.3628614967724264
313 313 0.8782220245449293
314 314 0.40484515701286444
315 315 -0.23473528633477292
316 316 -1.3132927178754117
317 317 1.8129289219398803
318 318 -1.4284929559085682
319 319 1.8533996482524961
320 320 0.343588976481378
321 321 0.07898101327414286
322 322 -1.5958700010575833
323 323 -1.592546854769426
324 324 0.38223710051754045
325 325 -0.35011786516548954
326 326 1.3630395925355465
327 327 1.233333067801643
328 328 -1.8376802850243168
329 329 -1.9784076830338106
330 330 0.973277615223692
331 331 -0.24159161280379582
332 332 0.8605805795601573
333 333 -0.8947868214735794
334 334 1.1851832012331225
335 335 -1.1163360666670483
336 336 0.7726658303067963
337 337 -0.7196535820792218
338 338 -0.6856464430852931
339 339 -0.05355192610404291
340 340 1.4030148314168787
341 341 1.8955565808452313
342 342 0.7372889282453015
343 343 -0.22511667471414976
344 344 -0.5632517414912699
345 345 -1.4076989973077523
346 346 -0.6881055839442443
347 347 -0.2638600444811656
348 348 -1.5668255695319493
349 349 1.7438219472729077
