0	1	-96
0	2	-576
0	3	576
0	4	96
0	5	-576
0	6	-96
0	7	-432
0	8	-240
0	9	-240
0	10	96
0	11	96
0	12	-432
0	13	432
1	2	128
1	3	-128
1	4	-544
1	5	128
1	6	-240
1	7	96
1	8	576
1	9	-208
1	10	240
1	11	240
1	12	96
1	13	-96
2	3	-768
2	4	-128
2	5	768
2	6	128
2	7	576
2	8	320
2	9	320
2	10	-128
2	11	-128
2	12	576
2	13	-576
3	4	128
3	5	-768
3	6	-128
3	7	-576
3	8	-320
3	9	-320
3	10	128
3	11	128
3	12	-576
3	13	576
4	5	-128
4	6	240
4	7	-96
4	8	-576
4	9	208
4	10	-240
4	11	-240
4	12	-96
4	13	96
5	6	128
5	7	576
5	8	320
5	9	320
5	10	-128
5	11	-128
5	12	576
5	13	-576
6	7	96
6	8	-208
6	9	-208
6	10	240
6	11	240
6	12	96
6	13	-96
7	8	240
7	9	240
7	10	-96
7	11	-96
7	12	432
7	13	-432
8	9	-128
8	10	208
8	11	208
8	12	240
8	13	-240
9	10	-576
9	11	-576
9	12	240
9	13	-240
10	11	544
10	12	-96
10	13	96
11	12	-96
11	13	96
12	13	-432
