0	1	276
0	2	-4
0	3	-276
0	4	-4
0	5	-4
0	6	-116
0	7	-116
0	8	556
0	9	-4
0	10	116
0	11	116
0	12	-116
0	13	116
1	2	116
1	3	164
1	4	116
1	5	116
1	6	228
1	7	-556
1	8	340
1	9	116
1	10	556
1	11	556
1	12	228
1	13	-228
2	3	-116
2	4	396
2	5	396
2	6	-276
2	7	-276
2	8	-164
2	9	396
2	10	276
2	11	276
2	12	-276
2	13	276
3	4	-116
3	5	-116
3	6	556
3	7	-228
3	8	-340
3	9	-116
3	10	228
3	11	228
3	12	556
3	13	-556
4	5	396
4	6	-276
4	7	-276
4	8	-164
4	9	396
4	10	276
4	11	276
4	12	-276
4	13	276
5	6	-276
5	7	-276
5	8	-164
5	9	396
5	10	276
5	11	276
5	12	-276
5	13	276
6	7	-164
6	8	-52
6	9	-276
6	10	164
6	11	164
6	12	620
6	13	-620
7	8	-52
7	9	-276
7	10	-620
7	11	-620
7	12	-164
7	13	164
8	9	-164
8	10	52
8	11	52
8	12	-52
8	13	52
9	10	276
9	11	276
9	12	-276
9	13	276
10	11	620
10	12	164
10	13	-164
11	12	164
11	13	-164
12	13	-620
