0	1	660
0	2	-12356
0	3	796
0	4	-8140
0	5	5324
0	6	-10084
0	7	14572
0	8	1340
0	9	-3964
0	10	-1884
0	11	2564
0	12	1340
0	13	-2428
0	14	6412
0	15	5596
0	16	-2700
0	17	564
0	18	-3516
0	19	6372
0	20	17252
0	21	1068
0	22	6236
0	23	5324
0	24	-1612
0	25	-524
0	26	2060
0	27	-836
0	28	-3556
0	29	-8140
0	30	3828
0	31	-3652
0	32	-4604
0	33	-3556
1	2	2156
1	3	156
1	4	-2060
1	5	2972
1	6	-2836
1	7	2972
1	8	-5012
1	9	4916
1	10	932
1	11	12260
1	12	-388
1	13	-3148
1	14	1884
1	15	7324
1	16	-2876
1	17	7732
1	18	2564
1	19	-796
1	20	-2428
1	21	4508
1	22	-14532
1	23	7596
1	24	660
1	25	-5052
1	26	-3012
1	27	-2836
1	28	4508
1	29	-2060
1	30	4468
1	31	2700
1	32	3652
1	33	9132
2	3	6916
2	4	8860
2	5	-5420
2	6	5284
2	7	-5420
2	8	2836
2	9	6780
2	10	5868
2	11	4060
2	12	-1788
2	13	700
2	14	-4332
2	15	-524
2	16	428
2	17	-932
2	18	4236
2	19	-1380
2	20	-8996
2	21	-2060
2	22	-6140
2	23	-5420
2	24	1516
2	25	-2020
2	26	564
2	27	660
2	28	2564
2	29	4236
2	30	2332
2	31	4100
2	32	-1476
2	33	7188
3	4	7324
3	5	-6140
3	6	-2972
3	7	7732
3	8	4100
3	9	9404
3	10	1068
3	11	2876
3	12	-524
3	13	-3012
3	14	6644
3	15	2836
3	16	1884
3	17	-6004
3	18	-1924
3	19	-5556
3	20	2060
3	21	4372
3	22	3828
3	23	-1516
3	24	5420
3	25	4332
3	26	-7500
3	27	-7596
3	28	-4876
3	29	2700
3	30	-4644
3	31	7460
3	32	3788
3	33	-252
4	5	-5828
4	6	1068
4	7	-5828
4	8	-10628
4	9	2564
4	10	14708
4	11	4468
4	12	-1380
4	13	-4332
4	14	-9364
4	15	3692
4	16	20
4	17	-10588
4	18	-5420
4	19	-5596
4	20	-3964
4	21	2972
4	22	3516
4	23	3420
4	24	-3516
4	25	2196
4	26	-9092
4	27	-3556
4	28	2972
4	29	3828
4	30	1924
4	31	-932
4	32	2740
4	33	2972
5	6	1476
5	7	3012
5	8	-972
5	9	-10900
5	10	428
5	11	252
5	12	3652
5	13	-116
5	14	-524
5	15	7908
5	16	-388
5	17	7500
5	18	-1204
5	19	8684
5	20	1068
5	21	3380
5	22	-5324
5	23	-1612
5	24	-8548
5	25	-7460
5	26	8996
5	27	6100
5	28	-1244
5	29	3420
5	30	-3108
5	31	-10588
5	32	-2292
5	33	8004
6	7	-3148
6	8	-3516
6	9	1788
6	10	-564
6	11	-9364
6	12	-3516
6	13	9228
6	14	-4236
6	15	-8044
6	16	252
6	17	1612
6	18	5692
6	19	700
6	20	-10180
6	21	-3244
6	22	836
6	23	-12396
6	24	3788
6	25	2700
6	26	116
6	27	7908
6	28	6004
6	29	10316
6	30	-6276
6	31	5828
6	32	2156
6	33	1380
7	8	3652
7	9	2972
7	10	-4196
7	11	252
7	12	-5596
7	13	4508
7	14	4100
7	15	7908
7	16	-388
7	17	2876
7	18	-1204
7	19	8684
7	20	14940
7	21	3380
7	22	3924
7	23	-1612
7	24	700
7	25	1788
7	26	-252
7	27	1476
7	28	-1244
7	29	-1204
7	30	1516
7	31	-1340
7	32	-2292
7	33	-1244
8	9	-5012
8	10	-12260
8	11	-2292
8	12	-1068
8	13	-2468
8	14	7188
8	15	3380
8	16	7052
8	17	-836
8	18	3244
8	19	-1476
8	20	6140
8	21	-796
8	22	3284
8	23	-5596
8	24	1340
8	25	252
8	26	6916
8	27	1108
8	28	-10044
8	29	-1380
8	30	-4100
8	31	3380
8	32	-292
8	33	-5420
9	10	-3692
9	11	-1612
9	12	-9636
9	13	6100
9	14	-2740
9	15	-6548
9	16	-2876
9	17	3108
9	18	-2060
9	19	3828
9	20	-2428
9	21	-4740
9	22	-660
9	23	2972
9	24	9908
9	25	-428
9	26	-7636
9	27	-7460
9	28	-116
9	29	7188
9	30	4468
9	31	7324
9	32	-972
9	33	-116
10	11	7460
10	12	6236
10	13	-7324
10	14	-7732
10	15	700
10	16	-2972
10	17	-4332
10	18	836
10	19	-2604
10	20	-5596
10	21	1340
10	22	-2740
10	23	5052
10	24	-1884
10	25	-796
10	26	-7460
10	27	-564
10	28	10588
10	29	-3788
10	30	3556
10	31	-8548
10	32	4372
10	33	5964
11	12	2332
11	13	-15116
11	14	3788
11	15	9228
11	16	3652
11	17	388
11	18	-156
11	19	-7324
11	20	292
11	21	2604
11	22	-7188
11	23	9500
11	24	-6684
11	25	1476
11	26	-5732
11	27	-4740
11	28	2604
11	29	-156
11	30	1748
11	31	-20
11	32	5556
11	33	11852
12	13	-7092
12	14	7188
12	15	-1244
12	16	2428
12	17	-836
12	18	3244
12	19	-1476
12	20	-3108
12	21	-796
12	22	-5964
12	23	3652
12	24	-7908
12	25	4876
12	26	6916
12	27	1108
12	28	-796
12	29	-6004
12	30	-8724
12	31	3380
12	32	-292
12	33	3828
13	14	972
13	15	-4468
13	16	-8140
13	17	-252
13	18	-4332
13	19	7188
13	20	-428
13	21	6508
13	22	-2196
13	23	-9364
13	24	2196
13	25	3284
13	26	10492
13	27	4604
13	28	1884
13	29	292
13	30	3012
13	31	156
13	32	-10044
13	33	-2740
14	15	-252
14	16	-3924
14	17	-660
14	18	-4740
14	19	-6276
14	20	4604
14	21	6916
14	22	-1788
14	23	-524
14	24	1788
14	25	7500
14	26	5460
14	27	388
14	28	-2332
14	29	-4740
14	30	-2020
14	31	8996
14	32	3420
14	33	2292
15	16	4508
15	17	-6100
15	18	-5556
15	19	3788
15	20	10044
15	21	7732
15	22	-972
15	23	3284
15	24	-12900
15	25	-2564
15	26	4644
15	27	-3420
15	28	-6140
15	29	-932
15	30	1788
15	31	-5692
15	32	-2020
15	33	3108
16	17	-5148
16	18	20
16	19	-1788
16	20	-156
16	21	-7092
16	22	7324
16	23	4236
16	24	-7324
16	25	-1612
16	26	-3652
16	27	4876
16	28	-7092
16	29	9268
16	30	-11132
16	31	4508
16	32	3556
16	33	-2468
17	18	7908
17	19	8820
17	20	-3420
17	21	-5732
17	22	-9812
17	23	-1748
17	24	5188
17	25	-7596
17	26	-388
17	27	6236
17	28	3516
17	29	3284
17	30	1380
17	31	-1476
17	32	2196
17	33	8140
18	19	-972
18	20	-8588
18	21	-1652
18	22	-5732
18	23	-10452
18	24	5732
18	25	2196
18	26	-4468
18	27	-3556
18	28	7596
18	29	-796
18	30	-7324
18	31	-932
18	32	2740
18	33	-1652
19	20	5732
19	21	-5828
19	22	-1748
19	23	-564
19	24	-2876
19	25	-8588
19	26	7324
19	27	5324
19	28	-5828
19	29	3652
19	30	932
19	31	-10084
19	32	-4508
19	33	-1204
20	21	1788
20	22	10492
20	23	5692
20	24	-5868
20	25	2292
20	26	4332
20	27	-932
20	28	-7460
20	29	-3964
20	30	7188
20	31	796
20	32	-7500
20	33	-2836
21	22	-5692
21	23	-1244
21	24	-3556
21	25	9228
21	26	2020
21	27	-7868
21	28	4100
21	29	-1652
21	30	252
21	31	-6140
21	32	-564
21	33	4100
22	23	-700
22	24	1612
22	25	524
22	26	-6684
22	27	836
22	28	-5692
22	29	3516
22	30	796
22	31	3652
22	32	-20
22	33	-10316
23	24	-3924
23	25	-2836
23	26	-4876
23	27	-3148
23	28	-1244
23	29	-1204
23	30	6140
23	31	-1340
23	32	2332
23	33	3380
24	25	-5148
24	26	-11812
24	27	-836
24	28	5692
24	29	-3516
24	30	3828
24	31	972
24	32	9268
24	33	-8180
25	26	3148
25	27	-6548
25	28	4604
25	29	2196
25	30	-8956
25	31	6684
25	32	-3516
25	33	-20
26	27	4740
26	28	-7228
26	29	-4468
26	30	-1748
26	31	20
26	32	-14804
26	33	2020
27	28	1380
27	29	1068
27	30	-1652
27	31	1204
27	32	2156
27	33	1380
28	29	-1652
28	30	4876
28	31	-6140
28	32	4060
28	33	4100
29	30	-7324
29	31	3692
29	32	2740
29	33	7596
30	31	-2836
30	32	-3788
30	33	4876
31	32	-2020
31	33	3108
32	33	-564
