0	1	2252
0	2	196
0	3	468
0	4	2916
0	5	-5092
0	6	-2100
0	7	2116
0	8	-2388
0	9	-1980
0	10	-2644
0	11	2660
0	12	740
0	13	1828
0	14	1420
0	15	1964
0	16	-1708
0	17	-1692
0	18	484
0	19	76
0	20	892
0	21	5788
0	22	4140
0	23	-4004
0	24	-2252
0	25	-5924
0	26	-7404
0	27	-8780
0	28	7148
0	29	1300
0	30	-7420
0	31	1844
0	32	1844
0	33	4428
1	2	3612
1	3	3340
1	4	5516
1	5	5908
1	6	-6332
1	7	-5924
1	8	-3052
1	9	1164
1	10	-5788
1	11	-1844
1	12	-1556
1	13	1980
1	14	2388
1	15	1844
1	16	-3732
1	17	7132
1	18	-4292
1	19	-3884
1	20	-76
1	21	-348
1	22	-332
1	23	196
1	24	1436
1	25	-13388
1	26	3596
1	27	7964
1	28	-1708
1	29	-484
1	30	-2644
1	31	-5652
1	32	-1028
1	33	5636
2	3	3732
2	4	1556
2	5	10140
2	6	-740
2	7	-5772
2	8	-8372
2	9	-3340
2	10	-1284
2	11	-5228
2	12	-5244
2	13	-4156
2	14	-9188
2	15	-4020
2	16	1556
2	17	4292
2	18	1844
2	19	6060
2	20	2252
2	21	7148
2	22	-1844
2	23	-11892
2	24	-3612
2	25	1964
2	26	3204
2	27	3732
2	28	-740
2	29	-1964
2	30	5092
2	31	-10668
2	32	-1420
2	33	1164
3	4	1828
3	5	-4004
3	6	3612
3	7	-1420
3	8	5772
3	9	-12316
3	10	-1556
3	11	8372
3	12	4276
3	13	-3884
3	14	332
3	15	-3748
3	16	-2796
3	17	8644
3	18	1572
3	19	5788
3	20	1980
3	21	2252
3	22	3052
3	23	-12164
3	24	5908
3	25	-2388
3	26	-1692
3	27	-620
3	28	-1012
3	29	7012
3	30	5364
3	31	2932
3	32	2932
3	33	5516
4	5	-1828
4	6	5788
4	7	5380
4	8	8220
4	9	-620
4	10	-4004
4	11	5924
4	12	-2524
4	13	-6060
4	14	-11092
4	15	3324
4	16	13524
4	17	6196
4	18	-876
4	19	3340
4	20	-468
4	21	9052
4	22	876
4	23	-740
4	24	-5516
4	25	-4564
4	26	5108
4	27	11076
4	28	-3460
4	29	-60
4	30	-1436
4	31	5108
4	32	484
4	33	-6180
5	6	-3612
5	7	-3204
5	8	-5772
5	9	3068
5	10	-3068
5	11	-3748
5	12	-13524
5	13	3884
5	14	-332
5	15	3748
5	16	2796
5	17	5228
5	18	-1572
5	19	-5788
5	20	2644
5	21	2372
5	22	1572
5	23	-6332
5	24	-1284
5	25	2388
5	26	6316
5	27	620
5	28	-8236
5	29	2236
5	30	3884
5	31	-12180
5	32	-2932
5	33	3732
6	7	-1572
6	8	1844
6	9	1436
6	10	-1436
6	11	-2116
6	12	3340
6	13	-6996
6	14	-1964
6	15	-2508
6	16	5788
6	17	2236
6	18	60
6	19	5092
6	20	-348
6	21	4004
6	22	-4684
6	23	-76
6	24	-2916
6	25	756
6	26	-5924
6	27	3612
6	28	-1980
6	29	-5380
6	30	-2372
6	31	3324
6	32	-1300
6	33	-3884
7	8	10684
7	9	-3596
7	10	-1028
7	11	2916
7	12	-1692
7	13	6468
7	14	-2372
7	15	1708
7	16	5380
7	17	2644
7	18	-4156
7	19	5500
7	20	-4564
7	21	-212
7	22	4156
7	23	332
7	24	1300
7	25	9596
7	26	3732
7	27	-1420
7	28	-1572
7	29	13524
7	30	1844
7	31	3732
7	32	-892
7	33	1148
8	9	-5924
8	10	-3324
8	11	1980
8	12	-3204
8	13	-2116
8	14	2100
8	15	-1980
8	16	8220
8	17	6876
8	18	-4820
8	19	4020
8	20	212
8	21	-4140
8	22	4820
8	23	4564
8	24	-1572
8	25	-620
8	26	1164
8	27	-3476
8	28	-2780
8	29	9868
8	30	-6740
8	31	5788
8	32	5788
8	33	-10124
9	10	892
9	11	-3052
9	12	-2796
9	13	-1708
9	14	2508
9	15	3052
9	16	-5244
9	17	-2780
9	18	-5228
9	19	-10260
9	20	-4820
9	21	4700
9	22	5228
9	23	13404
9	24	-5788
9	25	-4836
9	26	-3868
9	27	1556
9	28	1436
9	29	-9036
9	30	-1708
9	31	-3868
9	32	5380
9	33	-1284
10	11	-1572
10	12	2796
10	13	-2916
10	14	6740
10	15	1572
10	16	-4004
10	17	-1844
10	18	604
10	19	1012
10	20	196
10	21	-4700
10	22	-604
10	23	468
10	24	-3460
10	25	9460
10	26	3868
10	27	3068
10	28	-1436
10	29	-212
10	30	-2916
10	31	3868
10	32	-5380
10	33	-7964
11	12	8100
11	13	2388
11	14	-6452
11	15	6876
11	16	1300
11	17	-7148
11	18	9172
11	19	332
11	20	4140
11	21	-756
11	22	4700
11	23	-212
11	24	1844
11	25	-3732
11	26	-1436
11	27	-876
11	28	-2116
11	29	-892
11	30	7012
11	31	7812
11	32	3188
11	33	5228
12	13	1012
12	14	604
12	15	-3476
12	16	-7148
12	17	-10124
12	18	10548
12	19	10140
12	20	6332
12	21	-11892
12	22	-5924
12	23	6060
12	24	1556
12	25	-2116
12	26	-6588
12	27	4276
12	28	3340
12	29	-7132
12	30	1012
12	31	7284
12	32	-1964
12	33	620
13	14	-2932
13	15	2236
13	16	3188
13	17	-1964
13	18	-4412
13	19	-196
13	20	5244
13	21	-8356
13	22	-212
13	23	348
13	24	7268
13	25	-1028
13	26	1572
13	27	-8508
13	28	-2372
13	29	1028
13	30	2100
13	31	1572
13	32	1572
13	33	8780
14	15	1828
14	16	-15716
14	17	-1556
14	18	-4004
14	19	-4412
14	20	-3596
14	21	-7948
14	22	4004
14	23	5380
14	24	-2388
14	25	-1436
14	26	-2644
14	27	-4292
14	28	2660
14	29	6060
14	30	-7556
14	31	-2644
14	32	-2644
14	33	-60
15	16	-1300
15	17	-6724
15	18	76
15	19	-4956
15	20	484
15	21	756
15	22	-76
15	23	4836
15	24	2780
15	25	-5516
15	26	1436
15	27	876
15	28	6740
15	29	892
15	30	6860
15	31	6060
15	32	-3188
15	33	4020
16	17	6196
16	18	-876
16	19	3340
16	20	4156
16	21	4428
16	22	-3748
16	23	-5364
16	24	-892
16	25	4684
16	26	5108
16	27	1828
16	28	-8084
16	29	-60
16	30	-1436
16	31	5108
16	32	484
16	33	-6180
17	18	-9596
17	19	60
17	20	-756
17	21	8220
17	22	348
17	23	-9732
17	24	2116
17	25	1164
17	26	2916
17	27	4020
17	28	-2388
17	29	8084
17	30	-1964
17	31	-6332
17	32	-1708
17	33	-4292
18	19	7132
18	20	1692
18	21	-7828
18	22	-2100
18	23	-2660
18	24	4292
18	25	3340
18	26	740
18	27	1572
18	28	60
18	29	-3340
18	30	212
18	31	5364
18	32	-8508
18	33	-1844
19	20	2100
19	21	-7420
19	22	-2508
19	23	-6876
19	24	-740
19	25	2932
19	26	1148
19	27	1164
19	28	5092
19	29	1692
19	30	-196
19	31	1148
19	32	-8100
19	33	-6060
20	21	-3612
20	22	-10940
20	23	-3068
20	24	76
20	25	-876
20	26	-4292
20	27	1980
20	28	-348
20	29	-3748
20	30	5244
20	31	332
20	32	332
20	33	-2252
21	22	3204
21	23	-7964
21	24	-4276
21	25	-604
21	26	-4564
21	27	2252
21	28	4004
21	29	604
21	30	5516
21	31	-4564
21	32	4684
21	33	2100
22	23	2660
22	24	-4292
22	25	-3340
22	26	-740
22	27	-10820
22	28	-60
22	29	3340
22	30	-4836
22	31	-740
22	32	8508
22	33	1844
23	24	-4820
23	25	-5772
23	26	-4020
23	27	1708
23	28	-76
23	29	-8100
23	30	-4276
23	31	5228
23	32	9852
23	33	-1980
24	25	-484
24	26	1028
24	27	-3340
24	28	6332
24	29	5108
24	30	2644
24	31	10276
24	32	-8220
24	33	3612
25	26	4700
25	27	2236
25	28	-8492
25	29	8780
25	30	3596
25	31	76
25	32	-4548
25	33	-1964
26	27	7556
26	28	-10548
26	29	4548
26	30	1572
26	31	-620
26	32	-5244
26	33	-3204
27	28	-5636
27	29	-2236
27	30	5364
27	31	-1692
27	32	-6316
27	33	-3732
28	29	-756
28	30	2252
28	31	3324
28	32	-5924
28	33	-3884
29	30	1028
29	31	-76
29	32	-4700
29	33	1964
30	31	-3052
30	32	1572
30	33	8780
31	32	-620
31	33	-3204
32	33	6044
