0	1	-4956
0	2	-4564
0	3	-3476
0	4	332
0	5	-4564
0	6	876
0	7	-8644
0	8	-1028
0	9	892
0	10	3204
0	11	1556
0	12	756
0	13	10124
0	14	3324
0	15	-1572
0	16	-11908
0	17	2916
0	18	6060
0	19	-5636
0	20	756
0	21	-4700
0	22	1436
0	23	-4140
0	24	5228
0	25	5244
0	26	1012
0	27	-332
0	28	-1300
0	29	-4564
0	30	3052
0	31	-4020
0	32	2916
0	33	1148
1	2	-2372
1	3	1164
1	4	-2644
1	5	-2372
1	6	-7812
1	7	6332
1	8	3340
1	9	1420
1	10	-892
1	11	756
1	12	-12316
1	13	-3188
1	14	-1012
1	15	-740
1	16	4972
1	17	-604
1	18	-8372
1	19	-1300
1	20	1556
1	21	-2236
1	22	10124
1	23	-2796
1	24	1708
1	25	-2932
1	26	-3324
1	27	2644
1	28	-1012
1	29	6876
1	30	3884
1	31	6332
1	32	-604
1	33	5788
2	3	-1436
2	4	2372
2	5	6724
2	6	-1708
2	7	11892
2	8	-3612
2	9	-1148
2	10	1164
2	11	-1028
2	12	-5908
2	13	-1708
2	14	740
2	15	-4156
2	16	-620
2	17	-8916
2	18	13268
2	19	6196
2	20	-5908
2	21	11212
2	22	-5228
2	23	7692
2	24	-1980
2	25	-10668
2	26	7676
2	27	6876
2	28	-8508
2	29	-2524
2	30	468
2	31	-1980
2	32	-13540
2	33	-6060
3	4	8084
3	5	-6060
3	6	-5244
3	7	-892
3	8	-2524
3	9	7012
3	10	-4548
3	11	-4564
3	12	6876
3	13	-5244
3	14	-7420
3	15	6180
3	16	468
3	17	-3204
3	18	2932
3	19	484
3	20	2252
3	21	-1572
3	22	2932
3	23	-2644
3	24	-892
3	25	2116
3	26	4140
3	27	1164
3	28	11076
3	29	7812
3	30	-7692
3	31	8356
3	32	6044
3	33	-4972
4	5	2372
4	6	-6060
4	7	2916
4	8	-3340
4	9	3204
4	10	892
4	11	-14628
4	12	-1556
4	13	-10684
4	14	-3612
4	15	9988
4	16	-4972
4	17	-8644
4	18	3748
4	19	-3324
4	20	3068
4	21	-2388
4	22	-10124
4	23	2796
4	24	-1708
4	25	-6316
4	26	-5924
4	27	-2644
4	28	1012
4	29	2372
4	30	-3884
4	31	2916
4	32	604
4	33	-1164
5	6	2916
5	7	-1980
5	8	-8236
5	9	-1148
5	10	5788
5	11	-5652
5	12	-1284
5	13	-1708
5	14	740
5	15	468
5	16	-620
5	17	332
5	18	-604
5	19	1572
5	20	-1284
5	21	-2660
5	22	-9852
5	23	7692
5	24	2644
5	25	-1420
5	26	3052
5	27	-2372
5	28	-3884
5	29	-11772
5	30	468
5	31	2644
5	32	-4292
5	33	3188
6	7	-10412
6	8	1828
6	9	-1964
6	10	-4276
6	11	-212
6	12	11772
6	13	8356
6	14	-7692
6	15	-7964
6	16	-4428
6	17	5772
6	18	-1420
6	19	10004
6	20	-11348
6	21	7404
6	22	-1420
6	23	2252
6	24	3460
6	25	7012
6	26	-756
6	27	-3188
6	28	-3068
6	29	-6332
6	30	5908
6	31	-1164
6	32	-3476
6	33	-620
7	8	-7692
7	9	2932
7	10	620
7	11	-484
7	12	-6452
7	13	-5788
7	14	5908
7	15	1012
7	16	-76
7	17	-8372
7	18	3476
7	19	-3596
7	20	-1828
7	21	7132
7	22	-1148
7	23	7148
7	24	-1436
7	25	-6588
7	26	3596
7	27	10956
7	28	1284
7	29	7268
7	30	-3612
7	31	-1436
7	32	-3748
7	33	-892
8	9	-4684
8	10	-6996
8	11	2508
8	12	-4820
8	13	-2796
8	14	-4972
8	15	-620
8	16	7540
8	17	-756
8	18	-4140
8	19	7284
8	20	-196
8	21	876
8	22	9732
8	23	-5092
8	24	-3068
8	25	-332
8	26	-7284
8	27	-1284
8	28	-348
8	29	5636
8	30	8628
8	31	1556
8	32	-5380
8	33	-7148
9	10	-11364
9	11	6604
9	12	332
9	13	-1964
9	14	-4412
9	15	5108
9	16	-7676
9	17	620
9	18	-348
9	19	2100
9	20	4956
9	21	8236
9	22	4276
9	23	5228
9	24	7556
9	25	9716
9	26	11772
9	27	1420
9	28	4836
9	29	3476
9	30	484
9	31	2932
9	32	-4004
9	33	2388
10	11	-4956
10	12	2644
10	13	4972
10	14	7148
10	15	-1828
10	16	3884
10	17	-1692
10	18	1964
10	19	-14084
10	20	7268
10	21	-7948
10	22	-7284
10	23	-6332
10	24	620
10	25	-6468
10	26	-4412
10	27	3732
10	28	-2100
10	29	-3460
10	30	-1828
10	31	-4004
10	32	7556
10	33	4700
11	12	-2780
11	13	9036
11	14	6860
11	15	-7284
11	16	-3748
11	17	6452
11	18	-2100
11	19	4700
11	20	6468
11	21	8084
11	22	11772
11	23	1572
11	24	-484
11	25	6332
11	26	13796
11	27	5380
11	28	-2388
11	29	-1028
11	30	6588
11	31	-484
11	32	-2796
11	33	60
12	13	7148
12	14	-4548
12	15	348
12	16	-3188
12	17	5108
12	18	-212
12	19	2236
12	20	468
12	21	-1148
12	22	-4836
12	23	740
12	24	7420
12	25	9852
12	26	2388
12	27	-3068
12	28	9324
12	29	-1284
12	30	-4276
12	31	-1828
12	32	9732
12	33	-2372
13	14	6180
13	15	-7964
13	16	-9052
13	17	1148
13	18	3204
13	19	756
13	20	-2100
13	21	2780
13	22	7828
13	23	2252
13	24	8084
13	25	7012
13	26	8492
13	27	1436
13	28	-3068
13	29	-6332
13	30	5908
13	31	-5788
13	32	1148
13	33	4004
14	15	3732
14	16	-6604
14	17	-5652
14	18	5380
14	19	-6316
14	20	4700
14	21	-8644
14	22	756
14	23	4428
14	24	-3340
14	25	-4684
14	26	6316
14	27	-1012
14	28	-5244
14	29	740
14	30	-892
14	31	-7964
14	32	3596
14	33	1828
15	16	-2252
15	17	-5924
15	18	1028
15	19	-1420
15	20	4972
15	21	-8916
15	22	-8220
15	23	76
15	24	-3612
15	25	212
15	26	-3204
15	27	-5364
15	28	-892
15	29	9716
15	30	-10412
15	31	1012
15	32	-1300
15	33	6180
16	17	2236
16	18	-2508
16	19	-4956
16	20	1436
16	21	-756
16	22	2116
16	23	-8084
16	24	-4700
16	25	-7948
16	26	-8916
16	27	348
16	28	2644
16	29	4004
16	30	-2252
16	31	-76
16	32	2236
16	33	-4156
17	18	-8084
17	19	3340
17	20	484
17	21	196
17	22	1164
17	23	212
17	24	876
17	25	9596
17	26	1284
17	27	-604
17	28	-1028
17	29	-4292
17	30	-1300
17	31	10124
17	32	3188
17	33	1420
18	19	-3068
18	20	-4836
18	21	4156
18	22	-892
18	23	4684
18	24	-1148
18	25	-9324
18	26	7692
18	27	5500
18	28	-3868
18	29	-604
18	30	1028
18	31	-5772
18	32	-3460
18	33	-10940
19	20	-7012
19	21	6332
19	22	1556
19	23	11756
19	24	1028
19	25	2372
19	26	5244
19	27	-5924
19	28	-6316
19	29	1572
19	30	3204
19	31	5652
19	32	-10532
19	33	-4140
20	21	-5772
20	22	-212
20	23	-3884
20	24	2796
20	25	604
20	26	2388
20	27	-3068
20	28	4700
20	29	3340
20	30	348
20	31	-1828
20	32	9732
20	33	2252
21	22	4156
21	23	3204
21	24	-2116
21	25	3340
21	26	7540
21	27	11636
21	28	-4020
21	29	-2660
21	30	4956
21	31	2508
21	32	-13676
21	33	-1572
22	23	60
22	24	3476
22	25	4548
22	26	7692
22	27	5500
22	28	5380
22	29	4020
22	30	10276
22	31	3476
22	32	1164
22	33	-6316
23	24	7148
23	25	-3748
23	26	11364
23	27	-2796
23	28	-4820
23	29	-1556
23	30	4700
23	31	2524
23	32	-4412
23	33	-7268
24	25	2660
24	26	3596
24	27	-2916
24	28	5908
24	29	-6604
24	30	10260
24	31	-6060
24	32	5500
24	33	-892
25	26	6876
25	27	1692
25	28	9188
25	29	-1420
25	30	-4412
25	31	7284
25	32	348
25	33	6740
26	27	5924
26	28	1692
26	29	-1572
26	30	1420
26	31	3596
26	32	-3340
26	33	-5108
27	28	3612
27	29	-2372
27	30	3884
27	31	6332
27	32	-5228
27	33	-3460
28	29	740
28	30	-892
28	31	1284
28	32	12844
28	33	-7420
29	30	-8780
29	31	2644
29	32	332
29	33	-1436
30	31	-3612
30	32	-1300
30	33	-7692
31	32	-3748
31	33	-892
32	33	-3204
