0	1	-1340
0	2	1676
0	3	452
0	4	-3468
0	5	3132
0	6	-556
0	7	-2236
0	8	-1460
0	9	2468
0	10	-340
0	11	-3252
0	12	-1004
0	13	220
0	14	1684
0	15	3020
0	16	-780
0	17	1004
0	18	-3356
0	19	-2132
0	20	1900
0	21	-4708
0	22	3356
0	23	228
0	24	1012
0	25	-2692
0	26	4
0	27	676
1	2	-452
1	3	2580
1	4	-1340
1	5	-2132
1	6	-1564
1	7	-108
1	8	2684
1	9	-4812
1	10	-2468
1	11	892
1	12	-2012
1	13	-1908
1	14	3812
1	15	892
1	16	-1788
1	17	-1124
1	18	1908
1	19	2012
1	20	-228
1	21	2572
1	22	-1908
1	23	2356
1	24	4
1	25	4588
1	26	-1004
1	27	-332
2	3	-2244
2	4	1676
2	5	1796
2	6	1900
2	7	-2692
2	8	116
2	9	2012
2	10	-1004
2	11	1908
2	12	2348
2	13	-4700
2	14	-340
2	15	1908
2	16	-1012
2	17	788
2	18	1564
2	19	788
2	20	-3244
2	21	228
2	22	-1564
2	23	1116
2	24	3468
2	25	1348
2	26	-1796
2	27	-2468
3	4	-2684
3	5	-788
3	6	-6044
3	7	1684
3	8	892
3	9	-3020
3	10	2012
3	11	-4036
3	12	-3356
3	13	2572
3	14	5604
3	15	-4036
3	16	-3132
3	17	220
3	18	-2572
3	19	3356
3	20	1116
3	21	-2356
3	22	2572
3	23	4148
3	24	-1340
3	25	-340
3	26	788
3	27	-1676
4	5	-3140
4	6	2580
4	7	900
4	8	-1460
4	9	-668
4	10	-340
4	11	3020
4	12	2132
4	13	-2916
4	14	-4588
4	15	-116
4	16	-780
4	17	1004
4	18	2916
4	19	1004
4	20	-1236
4	21	1564
4	22	-2916
4	23	-2908
4	24	1012
4	25	444
4	26	4
4	27	-2460
5	6	220
5	7	-1236
5	8	-1340
5	9	3468
5	10	676
5	11	-2684
5	12	668
5	13	116
5	14	1116
5	15	452
5	16	3580
5	17	-668
5	18	-3252
5	19	-668
5	20	-1564
5	21	-1228
5	22	3252
5	23	2572
5	24	-1348
5	25	-108
5	26	-340
5	27	2124
6	7	-2460
6	8	-1236
6	9	2244
6	10	-3252
6	11	3244
6	12	1908
6	13	-2692
6	14	-4812
6	15	3244
6	16	2132
6	17	1228
6	18	2692
6	19	-1908
6	20	-1012
6	21	1788
6	22	-2692
6	23	-3132
6	24	788
6	25	668
6	26	-220
6	27	452
7	8	444
7	9	-2572
7	10	4700
7	11	-1348
7	12	228
7	13	2124
7	14	-220
7	15	-1348
7	16	452
7	17	-3364
7	18	-2124
7	19	-228
7	20	668
7	21	332
7	22	2124
7	23	-1676
7	24	-892
7	25	-788
7	26	1236
7	27	1908
8	9	-1124
8	10	2132
8	11	1908
8	12	-788
8	13	1572
8	14	2796
8	15	-1228
8	16	-1012
8	17	-2348
8	18	1564
8	19	788
8	20	-3244
8	21	3364
8	22	-1564
8	23	1116
8	24	3468
8	25	1348
8	26	1340
8	27	668
9	10	-4
9	11	220
9	12	1796
9	13	556
9	14	-1788
9	15	220
9	16	2020
9	17	1340
9	18	-556
9	19	-1796
9	20	-900
9	21	-1236
9	22	556
9	23	-108
9	24	676
9	25	-2356
9	26	-332
9	27	340
10	11	-2348
10	12	332
10	13	3588
10	14	780
10	15	-2348
10	16	108
10	17	-3468
10	18	-3588
10	19	-332
10	20	-1228
10	21	-892
10	22	3588
10	23	-900
10	24	1452
10	25	-2908
10	26	2460
10	27	1788
11	12	3692
11	13	-2908
11	14	-2132
11	15	564
11	16	332
11	17	-556
11	18	6044
11	19	-556
11	20	-1452
11	21	5156
11	22	-6044
11	23	-676
11	24	1676
11	25	3140
11	26	-3588
11	27	-1124
12	13	-2244
12	14	-2124
12	15	556
12	16	1684
12	17	-1460
12	18	2244
12	19	-1460
12	20	-564
12	21	2236
12	22	-2244
12	23	-444
12	24	340
12	25	1116
12	26	-3804
12	27	4
13	14	1340
13	15	-2908
13	16	668
13	17	-892
13	18	-3028
13	19	-892
13	20	1348
13	21	-1452
13	22	3028
13	23	-340
13	24	-1124
13	25	-3468
13	26	3020
13	27	2348
14	15	-2132
14	16	-1900
14	17	-1012
14	18	-1340
14	19	2124
14	20	-116
14	21	-452
14	22	1340
14	23	5380
14	24	-108
14	25	1564
14	26	-1116
14	27	-444
15	16	332
15	17	-556
15	18	-228
15	19	-3692
15	20	1684
15	21	-1116
15	22	228
15	23	-3812
15	24	1676
15	25	4
15	26	-452
15	27	2012
16	17	-1684
16	18	-668
16	19	-1684
16	20	-788
16	21	2012
16	22	668
16	23	-220
16	24	-2572
16	25	892
16	26	-444
16	27	3364
17	18	892
17	19	1460
17	20	564
17	21	-2236
17	22	-892
17	23	444
17	24	-340
17	25	-1116
17	26	668
17	27	-3140
18	19	892
18	20	-1348
18	21	4588
18	22	-6164
18	23	340
18	24	1124
18	25	3468
18	26	-3020
18	27	-2348
19	20	-2572
19	21	900
19	22	-892
19	23	3580
19	24	-340
19	25	2020
19	26	668
19	27	-3140
20	21	-3132
20	22	1348
20	23	-1796
20	24	-2580
20	25	-2012
20	26	-1572
20	27	892
21	22	-4588
21	23	1004
21	24	220
21	25	4596
21	26	-1908
21	27	556
22	23	-340
22	24	-1124
22	25	-3468
22	26	3020
22	27	2348
23	24	-1564
23	25	3020
23	26	-2572
23	27	-1900
24	25	-900
24	26	1348
24	27	-1116
25	26	-3028
25	27	-564
26	27	1012
