0	1	-2108
0	2	-2780
0	3	3380
0	4	-244
0	5	-1028
0	6	-988
0	7	3340
0	8	3900
0	9	3004
0	10	132
0	11	-356
0	12	2148
0	13	-916
0	14	-1324
0	15	-2036
0	16	-2780
0	17	804
0	18	-468
0	19	-2148
0	20	-356
0	21	-132
0	22	3340
0	23	-468
0	24	1476
0	25	244
0	26	-2148
0	27	-92
1	2	-652
1	3	-3900
1	4	764
1	5	-3156
1	6	1140
1	7	-1924
1	8	-1364
1	9	-2260
1	10	2260
1	11	652
1	12	1140
1	13	3228
1	14	-2332
1	15	-1028
1	16	2484
1	17	-3340
1	18	540
1	19	-1140
1	20	-2484
1	21	876
1	22	1212
1	23	540
1	24	468
1	25	-764
1	26	5132
1	27	-1100
2	3	-1436
2	4	4572
2	5	-2484
2	6	-2668
2	7	-4388
2	8	-692
2	9	-1588
2	10	1588
2	11	1324
2	12	-2668
2	13	-2372
2	14	132
2	15	5916
2	16	4948
2	17	-876
2	18	1212
2	19	2668
2	20	4460
2	21	-1588
2	22	-4388
2	23	-1924
2	24	2932
2	25	-4572
2	26	-468
2	27	-1772
3	4	-1588
3	5	764
3	6	356
3	7	1996
3	8	2556
3	9	1660
3	10	-1660
3	11	-1700
3	12	356
3	13	-2260
3	14	20
3	15	-244
3	16	-4572
3	17	2148
3	18	1324
3	19	-356
3	20	1436
3	21	1660
3	22	1996
3	23	-1812
3	24	-316
3	25	1588
3	26	-3492
3	27	1252
4	5	-3900
4	6	-3492
4	7	-1996
4	8	580
4	9	1476
4	10	1660
4	11	1700
4	12	-356
4	13	-876
4	14	-20
4	15	3380
4	16	4572
4	17	-2148
4	18	-1324
4	19	356
4	20	1700
4	21	-1660
4	22	-1996
4	23	-1324
4	24	3452
4	25	-4724
4	26	356
4	27	-1252
5	6	1996
5	7	1924
5	8	-1772
5	9	-876
5	10	-2260
5	11	-652
5	12	-1140
5	13	-92
5	14	2332
5	15	-2108
5	16	-2484
5	17	3340
5	18	-540
5	19	1140
5	20	-652
5	21	-876
5	22	-1212
5	23	2596
5	24	-3604
5	25	3900
5	26	-1996
5	27	1100
6	7	92
6	8	652
6	9	-3380
6	10	244
6	11	-468
6	12	2260
6	13	-1028
6	14	-1212
6	15	-2148
6	16	-2668
6	17	916
6	18	2556
6	19	-2260
6	20	-468
6	21	2892
6	22	3228
6	23	2556
6	24	-4684
6	25	3492
6	26	876
6	27	20
7	8	3268
7	9	1028
7	10	-1028
7	11	1252
7	12	3228
7	13	1812
7	14	428
7	15	-3340
7	16	-1252
7	17	-1700
7	18	-1772
7	19	-3228
7	20	-1884
7	21	-2108
7	22	692
7	23	1364
7	24	764
7	25	1996
7	26	-92
7	27	2332
8	9	468
8	10	2668
8	11	692
8	12	3788
8	13	-1884
8	14	-2148
8	15	-764
8	16	-692
8	17	-1140
8	18	804
8	19	-3788
8	20	692
8	21	468
8	22	3268
8	23	804
8	24	1324
8	25	-580
8	26	-652
8	27	-244
9	10	-1364
9	11	-1548
9	12	-244
9	13	-988
9	14	3228
9	15	132
9	16	-1588
9	17	1100
9	18	-4572
9	19	244
9	20	-1548
9	21	1364
9	22	1028
9	23	-1436
9	24	428
9	25	-1476
9	26	-2892
9	27	1996
10	11	-1588
10	12	244
10	13	988
10	14	-3228
10	15	-132
10	16	1588
10	17	-1100
10	18	1436
10	19	-244
10	20	-1588
10	21	1772
10	22	2108
10	23	1436
10	24	2708
10	25	-1660
10	26	2892
10	27	-1996
11	12	2668
11	13	-764
11	14	-132
11	15	356
11	16	4460
11	17	-2260
11	18	-1212
11	19	-2668
11	20	1812
11	21	-4684
11	22	-1884
11	23	1924
11	24	204
11	25	-1700
11	26	468
11	27	-1364
12	13	-1028
12	14	-1212
12	15	-2148
12	16	468
12	17	-2220
12	18	-580
12	19	-5396
12	20	-468
12	21	-244
12	22	3228
12	23	2556
12	24	-1548
12	25	356
12	26	876
12	27	20
13	14	-692
13	15	-2220
13	16	764
13	17	-2820
13	18	-652
13	19	1028
13	20	-3900
13	21	-988
13	22	-1324
13	23	-652
13	24	2780
13	25	876
13	26	4164
13	27	1212
14	15	1324
14	16	132
14	17	580
14	18	-3380
14	19	1212
14	20	-132
14	21	92
14	22	-2708
14	23	-244
14	24	-1884
14	25	20
14	26	-1924
14	27	2820
15	16	2780
15	17	-804
15	18	468
15	19	2148
15	20	3492
15	21	132
15	22	-3340
15	23	-2668
15	24	1660
15	25	-3380
15	26	-988
15	27	92
16	17	-4012
16	18	-1924
16	19	-468
16	20	1324
16	21	-4724
16	22	-4388
16	23	1212
16	24	2932
16	25	-4572
16	26	2668
16	27	-1772
17	18	764
17	19	2220
17	20	876
17	21	1100
17	22	1436
17	23	764
17	24	-2892
17	25	2148
17	26	-4052
17	27	-1324
18	19	580
18	20	1924
18	21	1700
18	22	1364
18	23	-1100
18	24	92
18	25	1324
18	26	580
18	27	-1476
19	20	468
19	21	244
19	22	-3228
19	23	-2556
19	24	1548
19	25	-356
19	26	-876
19	27	-20
20	21	-1548
20	22	-1884
20	23	-1212
20	24	204
20	25	-1700
20	26	-2668
20	27	-1364
21	22	4164
21	23	-1436
21	24	-2708
21	25	1660
21	26	244
21	27	1996
22	23	1364
22	24	-2372
22	25	1996
22	26	-92
22	27	-804
23	24	-3044
23	25	1324
23	26	580
23	27	-1476
24	25	-3452
24	26	1548
24	27	-652
25	26	-356
25	27	1252
26	27	-20
