0	1	1396
0	2	52
0	3	-3188
0	4	-1060
0	5	3972
0	6	1180
0	7	-1628
0	8	732
0	9	612
0	10	-52
0	11	1180
0	12	-2188
0	13	4644
0	14	2636
0	15	620
0	16	-948
0	17	3972
0	18	-164
0	19	2412
0	20	-2068
0	21	-732
0	22	388
0	23	2524
0	24	948
0	25	724
0	26	284
0	27	-2748
1	2	-500
1	3	500
1	4	-1628
1	5	1852
1	6	2404
1	7	-1956
1	8	-284
1	9	-1060
1	10	3636
1	11	2404
1	12	-1396
1	13	1180
1	14	948
1	15	-172
1	16	-1740
1	17	1852
1	18	612
1	19	1172
1	20	-620
1	21	284
1	22	-836
1	23	1060
1	24	1740
1	25	1964
1	26	-2972
1	27	-836
2	3	-844
2	4	164
2	5	-3076
2	6	-2076
2	7	2524
2	8	1508
2	9	-5988
2	10	2292
2	11	-2076
2	12	-52
2	13	2524
2	14	-3532
2	15	-1516
2	16	3188
2	17	-3076
2	18	2404
2	19	-172
2	20	-1964
2	21	-4644
2	22	508
2	23	-284
2	24	-52
2	25	172
2	26	-1180
2	27	508
3	4	2972
3	5	-3196
3	6	-1060
3	7	3748
3	8	-1508
3	9	-284
3	10	844
3	11	-1060
3	12	52
3	13	-2524
3	14	396
3	15	1516
3	16	-52
3	17	-3196
3	18	732
3	19	172
3	20	-1172
3	21	1508
3	22	-3644
3	23	-5988
3	24	3188
3	25	2964
3	26	1180
3	27	2628
4	5	-2188
4	6	-2068
4	7	4756
4	8	620
4	9	724
4	10	-164
4	11	-2068
4	12	-2076
4	13	1620
4	14	-612
4	15	3644
4	16	2076
4	17	-2188
4	18	-3412
4	19	2300
4	20	-2180
4	21	2516
4	22	-2636
4	23	-3860
4	24	1060
4	25	836
4	26	3308
4	27	3636
5	6	1844
5	7	-4532
5	8	-844
5	9	2636
5	10	-60
5	11	1844
5	12	-836
5	13	1740
5	14	3524
5	15	-732
5	16	-2300
5	17	5548
5	18	52
5	19	612
5	20	-1180
5	21	844
5	22	-276
5	23	3636
5	24	-836
5	25	-612
5	26	-396
5	27	-3412
6	7	-620
6	8	-3412
6	9	1620
6	10	2076
6	11	6444
6	12	-1180
6	13	-620
6	14	1628
6	15	-388
6	16	-5092
6	17	1844
6	18	-1172
6	19	-1732
6	20	3196
6	21	276
6	22	1396
6	23	1516
6	24	-1180
6	25	1732
6	26	-724
6	27	1396
7	8	-172
7	9	-1172
7	10	612
7	11	-620
7	12	-1508
7	13	1068
7	14	-2076
7	15	3076
7	16	1508
7	17	-4532
7	18	-2412
7	19	1284
7	20	-508
7	21	172
7	22	-948
7	23	-5100
7	24	1628
7	25	1852
7	26	3412
7	27	5324
8	9	-1068
8	10	-1508
8	11	-3412
8	12	-732
8	13	2964
8	14	-1956
8	15	2300
8	16	3868
8	17	-844
8	18	-1620
8	19	4092
8	20	-388
8	21	724
8	22	1844
8	23	1068
8	24	2404
8	25	-956
8	26	-1172
8	27	-1292
9	10	-3420
9	11	1620
9	12	-612
9	13	-1172
9	14	3300
9	15	2180
9	16	-2524
9	17	2636
9	18	-3308
9	19	388
9	20	1732
9	21	4204
9	22	-52
9	23	276
9	24	-612
9	25	-388
9	26	2516
9	27	-52
10	11	2076
10	12	52
10	13	612
10	14	-2740
10	15	-1620
10	16	-52
10	17	-60
10	18	732
10	19	172
10	20	-1172
10	21	-1628
10	22	-508
10	23	284
10	24	52
10	25	-172
10	26	-1956
10	27	2628
11	12	-1180
11	13	-620
11	14	1628
11	15	-388
11	16	-5092
11	17	1844
11	18	-1172
11	19	-1732
11	20	3196
11	21	276
11	22	1396
11	23	1516
11	24	-1180
11	25	1732
11	26	-724
11	27	1396
12	13	-4644
12	14	-2636
12	15	-3756
12	16	948
12	17	-836
12	18	3300
12	19	-2412
12	20	2068
12	21	-2404
12	22	2748
12	23	612
12	24	-948
12	25	-3860
12	26	-284
12	27	-388
13	14	1060
13	15	3076
13	16	1508
13	17	1740
13	18	-2412
13	19	4420
13	20	-3644
13	21	172
13	22	-948
13	23	1172
13	24	1628
13	25	1852
13	26	276
13	27	-948
14	15	1068
14	16	-3636
14	17	3524
14	18	284
14	19	-276
14	20	-1620
14	21	1956
14	22	-3196
14	23	-164
14	24	500
14	25	3412
14	26	732
14	27	-3196
15	16	620
15	17	-732
15	18	-4868
15	19	3980
15	20	-500
15	21	3972
15	22	-1180
15	23	-2180
15	24	2516
15	25	2292
15	26	1852
15	27	1956
16	17	-2300
16	18	-164
16	19	2412
16	20	-2068
16	21	-732
16	22	388
16	23	-612
16	24	948
16	25	-2412
16	26	284
16	27	388
17	18	52
17	19	612
17	20	-1180
17	21	844
17	22	-276
17	23	3636
17	24	-836
17	25	-612
17	26	-396
17	27	-3412
18	19	-3076
18	20	-1284
18	21	-4652
18	22	-396
18	23	172
18	24	164
18	25	-60
18	26	-2068
18	27	-3532
19	20	-1844
19	21	2180
19	22	164
19	23	-388
19	24	3860
19	25	500
19	26	508
19	27	164
20	21	388
20	22	4644
20	23	1404
20	24	-1068
20	25	-1292
20	26	-836
20	27	1508
21	22	-1844
21	23	-1068
21	24	732
21	25	956
21	26	1172
21	27	1292
22	23	3188
22	24	-388
22	25	-3300
22	26	-844
22	27	172
23	24	-2524
23	25	-2748
23	26	-2516
23	27	-3084
24	25	2412
24	26	-284
24	27	-388
25	26	-508
25	27	-164
26	27	2292
