0	1	-84
0	2	-2268
0	3	-3612
0	4	-1764
0	5	-3556
0	6	812
0	7	868
0	8	-1316
0	9	-2660
0	10	1204
0	11	252
0	12	3892
0	13	-980
0	14	2044
0	15	3388
0	16	-1652
0	17	-476
0	18	140
0	19	364
0	20	1316
0	21	-252
0	22	196
0	23	476
0	24	1204
0	25	84
0	26	1260
0	27	1652
1	2	4900
1	3	-2716
1	4	-2660
1	5	-1316
1	6	-3220
1	7	-1372
1	8	-2212
1	9	-420
1	10	-1036
1	11	-644
1	12	1652
1	13	-5012
1	14	4284
1	15	2492
1	16	588
1	17	420
1	18	-756
1	19	-532
1	20	2212
1	21	-2492
1	22	1092
1	23	-420
1	24	-4172
1	25	980
1	26	364
1	27	-3724
2	3	-1204
2	4	-2828
2	5	-1036
2	6	-2268
2	7	-2548
2	8	-140
2	9	1204
2	10	252
2	11	-1708
2	12	700
2	13	-3612
2	14	2772
2	15	1428
2	16	196
2	17	-1204
2	18	-1596
2	19	-1820
2	20	140
2	21	-1428
2	22	1260
2	23	1204
2	24	-6020
2	25	1372
2	26	420
2	27	-3332
3	4	2100
3	5	3892
3	6	-476
3	7	-1204
3	8	1652
3	9	-140
3	10	1596
3	11	-3052
3	12	-4228
3	13	1316
3	14	-1708
3	15	84
3	16	-1148
3	17	-2996
3	18	196
3	19	3108
3	20	-1652
3	21	3052
3	22	-532
3	23	2996
3	24	1596
3	25	-420
3	26	-924
3	27	1148
4	5	3276
4	6	1372
4	7	3444
4	8	2380
4	9	1036
4	10	644
4	11	812
4	12	196
4	13	2716
4	14	-3668
4	15	-2324
4	16	2044
4	17	2100
4	18	700
4	19	924
4	20	-2380
4	21	2324
4	22	-364
4	23	-2100
4	24	3780
4	25	-476
4	26	1820
4	27	1092
5	6	-420
5	7	2100
5	8	588
5	9	-756
5	10	-700
5	11	-980
5	12	-1148
5	13	924
5	14	-2324
5	15	-980
5	16	252
5	17	756
5	18	2044
5	19	2268
5	20	-588
5	21	980
5	22	-1708
5	23	-756
5	24	2436
5	25	-1820
5	26	28
5	27	-252
6	7	4004
6	8	1820
6	9	476
6	10	-1932
6	11	252
6	12	756
6	13	5292
6	14	-4228
6	15	-2884
6	16	-1652
6	17	2660
6	18	3276
6	19	364
6	20	-1820
6	21	-252
6	22	196
6	23	-2660
6	24	1204
6	25	84
6	26	-1876
6	27	1652
7	8	-140
7	9	-1932
7	10	-2884
7	11	1428
7	12	3836
7	13	2660
7	14	-3500
7	15	-1708
7	16	196
7	17	5068
7	18	4676
7	19	1316
7	20	140
7	21	-1428
7	22	-1876
7	23	-5068
7	24	3388
7	25	-1764
7	26	420
7	27	-196
8	9	4620
8	10	3332
8	11	-1876
8	12	-252
8	13	3164
8	14	-3220
8	15	-1876
8	16	-644
8	17	-1484
8	18	-1988
8	19	-1764
8	20	-5964
8	21	5012
8	22	2324
8	23	1484
8	24	196
8	25	-924
8	26	2268
8	27	3780
9	10	1540
9	11	-84
9	12	-2044
9	13	1820
9	14	-1428
9	15	-3220
9	16	1148
9	17	-140
9	18	-3332
9	19	-3108
9	20	-4620
9	21	3220
9	22	3668
9	23	140
9	24	-1596
9	25	420
9	26	924
9	27	1988
10	11	-1372
10	12	364
10	13	-140
10	14	-28
10	15	1764
10	16	532
10	17	-4676
10	18	-4396
10	19	-1484
10	20	-3332
10	21	4508
10	22	924
10	23	4676
10	24	-84
10	25	1036
10	26	3892
10	27	2604
11	12	1316
11	13	1596
11	14	-1652
11	15	-3444
11	16	4060
11	17	3220
11	18	-420
11	19	-3332
11	20	1876
11	21	-2828
11	22	-2380
11	23	-3220
11	24	1764
11	25	644
11	26	700
11	27	-924
12	13	-588
12	14	-476
12	15	1316
12	16	84
12	17	2044
12	18	1428
12	19	-1932
12	20	252
12	21	-1316
12	22	-1764
12	23	-2044
12	24	364
12	25	-1652
12	26	3444
12	27	-84
13	14	-6020
13	15	-4676
13	16	-308
13	17	1316
13	18	1484
13	19	-1428
13	20	-3164
13	21	1540
13	22	-1148
13	23	-1316
13	24	2996
13	25	-1260
13	26	-532
13	27	3444
14	15	4620
14	16	-420
14	17	-1708
14	18	-1764
14	19	1596
14	20	3220
14	21	-1484
14	22	2100
14	23	1708
14	24	-3164
14	25	1988
14	26	-644
14	27	-2716
15	16	-2212
15	17	-3052
15	18	-420
15	19	2940
15	20	1876
15	21	308
15	22	756
15	23	3052
15	24	-1372
15	25	644
15	26	700
15	27	-924
16	17	1988
16	18	-2324
16	19	-2100
16	20	644
16	21	-924
16	22	-476
16	23	-1988
16	24	532
16	25	2548
16	26	1932
16	27	-2156
17	18	3332
17	19	-28
17	20	1484
17	21	-3220
17	22	-532
17	23	-6412
17	24	1596
17	25	-420
17	26	-924
17	27	-1988
18	19	2828
18	20	1988
18	21	-2716
18	22	-2268
18	23	-3332
18	24	1876
18	25	-2380
18	26	-2548
18	27	-812
19	20	1764
19	21	196
19	22	644
19	23	28
19	24	1652
19	25	532
19	26	-2324
19	27	-1036
20	21	-5012
20	22	-2324
20	23	-1484
20	24	-196
20	25	924
20	26	-2268
20	27	-3780
21	22	2380
21	23	3220
21	24	1372
21	25	-644
21	26	2436
21	27	4060
22	23	532
22	24	-2212
22	25	2044
22	26	-252
22	27	476
23	24	-1596
23	25	420
23	26	924
23	27	1988
24	25	-2100
24	26	756
24	27	2604
25	26	-364
25	27	-2548
26	27	1204
