0	1	-9.5441515e-02
0	2	-1.3560840e-01
0	3	-4.4330751e-02
0	4	-1.5844847e-01
0	5	9.6085957e-02
0	6	-4.7563564e-01
0	7	2.2073082e-01
0	8	8.4902532e-02
0	9	-1.0100498e-01
0	10	3.6998736e-01
0	11	2.6357521e-01
0	12	1.6548709e-01
0	13	-1.1693095e-01
0	14	-2.2289951e-01
0	15	1.7124805e-01
0	16	2.5376682e-01
0	17	3.8613709e-02
0	18	2.7233710e-01
0	19	6.3925884e-02
0	20	-2.3438839e-01
0	21	-9.9611096e-03
0	22	-1.5543541e-01
0	23	1.1092205e-01
0	24	4.3156033e-02
1	2	-7.0890261e-02
1	3	-1.6811143e-02
1	4	6.5967573e-02
1	5	4.1982665e-02
1	6	1.9319865e-01
1	7	-2.8280314e-01
1	8	-4.1641456e-02
1	9	2.7482199e-01
1	10	-7.8846830e-02
1	11	-1.8604919e-01
1	12	-1.6375145e-01
1	13	4.0443036e-02
1	14	-3.8493692e-02
1	15	4.8359864e-02
1	16	1.9249173e-01
1	17	-4.8518800e-01
1	18	-1.3259055e-02
1	19	1.2180719e-03
1	20	1.9597678e-01
1	21	1.7600185e-01
1	22	-9.3872893e-02
1	23	-1.3908845e-01
1	24	4.9510973e-02
2	3	-2.0379764e-01
2	4	2.2291706e-01
2	5	7.6822964e-03
2	6	1.8350483e-01
2	7	-7.0495422e-02
2	8	-3.2963392e-02
2	9	-2.1249462e-02
2	10	-2.0350383e-01
2	11	-1.0241937e-01
2	12	3.4680833e-01
2	13	6.9531851e-02
2	14	2.1377513e-02
2	15	2.2694748e-01
2	16	-1.8698096e-01
2	17	6.2882791e-02
2	18	2.0454947e-01
2	19	-3.4941497e-01
2	20	5.5593292e-02
2	21	1.1383677e-01
2	22	2.5578255e-01
2	23	-1.3471204e-01
2	24	2.6297622e-01
3	4	-3.4753999e-02
3	5	-2.6164153e-02
3	6	4.7171053e-02
3	7	-1.1724884e-01
3	8	-2.0655108e-01
3	9	2.8252619e-04
3	10	-7.1263627e-02
3	11	3.1851543e-01
3	12	-2.2584726e-01
3	13	1.5336928e-01
3	14	7.7834454e-02
3	15	-1.5136862e-01
3	16	3.4706635e-03
3	17	4.4330530e-02
3	18	8.1530411e-02
3	19	-1.4167558e-01
3	20	7.7482549e-02
3	21	-4.5617969e-02
3	22	-1.9232328e-01
3	23	-1.6574048e-01
3	24	2.3711311e-01
4	5	-1.2315095e-01
4	6	9.5878591e-02
4	7	-3.6094212e-01
4	8	-1.4932087e-01
4	9	3.9688801e-02
4	10	6.5935677e-02
4	11	4.1134781e-01
4	12	1.8547616e-01
4	13	-1.6748713e-01
4	14	6.1496355e-02
4	15	-3.4498549e-02
4	16	-4.6426882e-02
4	17	-2.6422504e-02
4	18	-3.4348836e-03
4	19	7.8116122e-02
4	20	8.7249619e-02
4	21	1.4702382e-01
4	22	-1.2409263e-01
4	23	-1.1185590e-02
4	24	-2.5075900e-01
5	6	-4.7195184e-02
5	7	-2.4695256e-01
5	8	1.4938452e-02
5	9	-5.0369258e-02
5	10	-7.1567092e-02
5	11	1.3174939e-01
5	12	1.0570639e-01
5	13	3.2234426e-02
5	14	2.8834719e-02
5	15	-1.1187858e-02
5	16	4.3084215e-01
5	17	3.3410693e-02
5	18	6.6050408e-02
5	19	3.0272814e-01
5	20	2.7008392e-01
5	21	-1.8088531e-01
5	22	2.0837269e-01
5	23	-1.2226241e-01
5	24	-1.0995116e-01
6	7	5.0669952e-02
6	8	-2.2059353e-01
6	9	1.3451810e-01
6	10	-1.6672926e-01
6	11	-4.1474034e-02
6	12	-9.7676617e-02
6	13	1.1574041e-01
6	14	4.3106105e-01
6	15	-4.8350855e-02
6	16	-4.5412419e-02
6	17	-1.2257184e-01
6	18	5.9910987e-02
6	19	-2.1687022e-01
6	20	-5.5388870e-02
6	21	2.0419492e-01
6	22	-2.7639365e-02
6	23	-2.9836092e-02
6	24	-1.6165600e-01
7	8	-1.0010391e-01
7	9	-5.5712011e-02
7	10	2.1240599e-01
7	11	-1.8131122e-02
7	12	4.0713857e-02
7	13	-1.5654093e-01
7	14	3.7160280e-01
7	15	1.0234074e-01
7	16	1.3570915e-01
7	17	-2.1515724e-02
7	18	3.6439668e-02
7	19	-5.8615877e-01
7	20	-9.3746708e-01
7	21	3.7506140e-01
7	22	-3.5223792e-02
7	23	6.1598612e-01
7	24	-1.0235334e-01
8	9	8.6905409e-02
8	10	5.6559516e-02
8	11	-1.4993936e-01
8	12	1.1452202e-01
8	13	1.6961975e-01
8	14	-1.9639252e-01
8	15	2.1749087e-02
8	16	-5.4091882e-02
8	17	-1.8220029e-01
8	18	-1.4213891e-01
8	19	2.7321433e-01
8	20	2.6120012e-01
8	21	4.4517722e-02
8	22	1.6451050e-01
8	23	7.0967449e-02
8	24	-1.2102534e-01
9	10	3.1457197e-02
9	11	3.3787675e-01
9	12	-1.8385402e-01
9	13	-2.5531166e-02
9	14	-1.3899112e-01
9	15	4.3760260e-02
9	16	-2.0084082e-01
9	17	-2.7697560e-01
9	18	-2.5467257e-01
9	19	7.6380950e-02
9	20	-4.6951303e-02
9	21	-8.1276547e-02
9	22	1.6011587e-01
9	23	-1.4428891e-01
9	24	-7.1723886e-02
10	11	-2.1661146e-02
10	12	-8.1723832e-02
10	13	-1.7140055e-01
10	14	-1.4651749e-01
10	15	-1.3069305e-01
10	16	-1.5442785e-01
10	17	3.8417155e-02
10	18	5.1314637e-02
10	19	-1.5231248e-02
10	20	-8.3568436e-02
10	21	4.1053973e-02
10	22	-5.2069737e-02
10	23	4.5732675e-02
10	24	-2.8705330e-01
11	12	7.6419856e-02
11	13	1.3353192e-01
11	14	3.7808953e-01
11	15	-6.0714280e-02
11	16	3.6479082e-01
11	17	-2.0416065e-01
11	18	1.9988323e-02
11	19	-3.5069583e-01
11	20	-1.4163365e-01
11	21	4.6048756e-01
11	22	-3.9523787e-01
11	23	3.1327300e-01
11	24	7.4906720e-03
12	13	-4.3507825e-02
12	14	-5.4858816e-02
12	15	1.4526759e-01
12	16	2.2374353e-01
12	17	2.9065630e-02
12	18	2.1418316e-01
12	19	1.7736028e-01
12	20	-2.5521904e-01
12	21	5.9019537e-02
12	22	1.1543429e-01
12	23	-4.7407318e-02
12	24	1.6728944e-01
13	14	-1.8913874e-01
13	15	-7.0860116e-02
13	16	1.0260919e-01
13	17	-4.0591780e-01
13	18	1.1830155e-01
13	19	-1.4737542e-01
13	20	3.1194443e-01
13	21	5.4248146e-02
13	22	4.4742793e-02
13	23	-1.4089677e-01
13	24	1.8091143e-01
14	15	-3.4233002e-02
14	16	2.2140664e-01
14	17	3.0832295e-02
14	18	-2.2280023e-01
14	19	-8.2978291e-02
14	20	-3.3450543e-01
14	21	3.7742011e-01
14	22	-1.7979321e-01
14	23	4.9752026e-01
14	24	-4.6505952e-02
15	16	-1.5041412e-01
15	17	-1.1185691e-01
15	18	5.9939890e-02
15	19	-2.7793957e-01
15	20	-5.0191721e-02
15	21	-2.0316801e-02
15	22	3.5495299e-01
15	23	-4.0874332e-02
15	24	7.2203082e-02
16	17	-3.4062871e-01
16	18	1.2525673e-01
16	19	3.7762082e-01
16	20	-1.8728854e-01
16	21	1.0908323e-01
16	22	-1.1703672e-01
16	23	1.9043558e-01
16	24	1.1939591e-02
17	18	-8.7372218e-02
17	19	-4.9041372e-02
17	20	4.3645733e-02
17	21	-3.6446684e-01
17	22	-9.4666193e-02
17	23	3.1079980e-02
17	24	-1.0422635e-01
18	19	-7.9934558e-02
18	20	-3.5167034e-02
18	21	4.2573561e-02
18	22	-4.7818887e-02
18	23	-2.4734778e-01
18	24	1.1066139e-01
19	20	-8.0417601e-02
19	21	-2.4287095e-01
19	22	1.6243635e-01
19	23	-2.0440068e-01
19	24	4.4843162e-02
20	21	-3.5346204e-01
20	22	1.1149931e-01
20	23	-5.4512215e-01
20	24	-1.3052389e-01
21	22	-2.0866521e-01
21	23	4.3522888e-01
21	24	-1.0848700e-02
22	23	-4.6681343e-01
22	24	8.0543678e-02
23	24	1.1307969e-02
