0	1	1.3401914e-02
0	2	3.5042742e-01
0	3	-7.3347827e-02
0	4	-1.0547703e-01
0	5	-7.8663215e-02
0	6	5.9424819e-01
0	7	2.2038700e-02
0	8	-2.7710332e-01
0	9	-8.4612255e-02
0	10	7.4112223e-02
0	11	-9.7224997e-02
0	12	-9.3695311e-02
0	13	-9.0214069e-02
0	14	6.1006111e-02
0	15	5.2241876e-02
0	16	-3.4215061e-01
0	17	-1.4897419e-03
0	18	-4.4821102e-01
0	19	1.0243954e-01
0	20	-2.1732698e-01
0	21	-2.1739747e-01
0	22	-9.6943635e-02
0	23	3.4052204e-01
0	24	4.8399854e-02
1	2	2.7626642e-01
1	3	-5.1327604e-02
1	4	-4.2519444e-02
1	5	1.4416862e-01
1	6	3.2650112e-01
1	7	1.8019852e-01
1	8	-1.7697799e-01
1	9	6.2937519e-02
1	10	1.6604404e-01
1	11	9.2611485e-02
1	12	4.1114567e-02
1	13	-3.4879251e-01
1	14	7.7983800e-02
1	15	-1.4750368e-01
1	16	-1.0205485e-01
1	17	-2.8659313e-01
1	18	-2.1494117e-02
1	19	1.3011113e-01
1	20	2.1728537e-01
1	21	7.0466953e-02
1	22	1.0831181e-01
1	23	-4.9228270e-02
1	24	-4.2293120e-01
2	3	-1.7225265e-01
2	4	-2.6077348e-01
2	5	7.4000028e-02
2	6	2.4265469e-02
2	7	1.4559182e-02
2	8	-3.7921121e-01
2	9	-4.1328988e-03
2	10	1.8147494e-01
2	11	7.3188176e-02
2	12	-1.0751884e-01
2	13	-3.5545125e-01
2	14	-7.8775855e-02
2	15	1.2193128e-02
2	16	-5.1900589e-01
2	17	5.8340045e-02
2	18	-1.5126850e-01
2	19	-1.6825812e-02
2	20	-6.9715744e-03
2	21	7.1224990e-02
2	22	1.2769158e-01
2	23	1.4602406e-01
2	24	-1.6916436e-01
3	4	3.3855526e-01
3	5	-2.2702499e-01
3	6	-1.1690138e-01
3	7	7.8138353e-02
3	8	4.0969516e-01
3	9	1.6266427e-01
3	10	-2.3619228e-01
3	11	2.2816133e-02
3	12	1.9017883e-01
3	13	7.1826935e-02
3	14	2.9248844e-02
3	15	-1.5216124e-01
3	16	-1.3585296e-01
3	17	4.4125897e-02
3	18	2.8692117e-01
3	19	8.1394563e-02
3	20	1.0530880e-01
3	21	2.4499521e-01
3	22	1.2387809e-01
3	23	-3.8369324e-01
3	24	-1.4023496e-01
4	5	3.0762042e-01
4	6	1.2335398e-01
4	7	-6.9613256e-02
4	8	-6.9492289e-02
4	9	-3.7029150e-01
4	10	-1.7561410e-01
4	11	-9.3003742e-02
4	12	1.4888915e-01
4	13	1.5536969e-01
4	14	2.3413930e-01
4	15	-6.4262719e-02
4	16	3.1859185e-01
4	17	2.0263663e-01
4	18	1.0279277e-01
4	19	3.9851737e-01
4	20	1.1461814e-01
4	21	4.3579237e-01
4	22	-2.7447200e-01
4	23	-4.8732902e-01
4	24	3.9824017e-02
5	6	2.6938872e-02
5	7	-1.3043836e-01
5	8	-1.2002958e-01
5	9	8.7122792e-02
5	10	-6.2050430e-02
5	11	1.7716589e-02
5	12	-5.1838206e-02
5	13	6.1420486e-02
5	14	-1.4387252e-01
5	15	1.5033673e-01
5	16	1.6868351e-01
5	17	-2.5444530e-03
5	18	2.0526650e-01
5	19	-1.4963730e-02
5	20	-2.3261157e-01
5	21	1.2603467e-01
5	22	-3.4314868e-01
5	23	1.8456472e-01
5	24	-1.1256028e-01
6	7	2.4613586e-01
6	8	1.3902115e-01
6	9	-2.5387559e-01
6	10	3.2846620e-01
6	11	-5.5050461e-02
6	12	-1.5002113e-01
6	13	2.5488493e-02
6	14	2.4914892e-01
6	15	-1.1833787e-01
6	16	-6.1165938e-02
6	17	-3.0051397e-02
6	18	-4.6821690e-01
6	19	1.5616055e-01
6	20	-1.9812127e-01
6	21	-2.8657473e-01
6	22	1.5904747e-01
6	23	1.0953970e-01
6	24	-3.6513302e-01
7	8	1.4566553e-01
7	9	6.7719089e-02
7	10	2.2872528e-01
7	11	1.0592965e-01
7	12	-5.6656684e-02
7	13	1.2354971e-01
7	14	1.9316854e-01
7	15	-2.4206466e-01
7	16	2.7624324e-01
7	17	1.3445747e-01
7	18	-2.9183545e-01
7	19	-3.4466668e-03
7	20	1.0529487e-01
7	21	-3.5949095e-01
7	22	2.5379975e-01
7	23	3.8416214e-01
7	24	1.7040681e-01
8	9	2.0534556e-01
8	10	-3.4346205e-02
8	11	-8.5183996e-02
8	12	-3.0891460e-01
8	13	3.2568872e-01
8	14	-4.1719510e-01
8	15	-1.7885622e-01
8	16	2.1719263e-01
8	17	-8.4755342e-02
8	18	3.3682913e-01
8	19	-2.8857405e-01
8	20	-4.2675049e-01
8	21	3.8500731e-01
8	22	8.5075875e-01
8	23	-5.3177383e-01
8	24	-4.8365747e-01
9	10	-3.0293207e-01
9	11	-3.3036818e-02
9	12	-2.2512416e-01
9	13	-9.6258257e-02
9	14	-1.4085770e-01
9	15	5.2639795e-02
9	16	2.6998389e-01
9	17	-1.1227898e-01
9	18	5.5261851e-02
9	19	-1.8619266e-01
9	20	1.1195447e-01
9	21	-3.2351470e-02
9	22	8.6253914e-02
9	23	-2.6104112e-01
9	24	-1.2372894e-01
10	11	3.4970184e-01
10	12	-1.4680902e-01
10	13	8.4840294e-02
10	14	-3.2687271e-01
10	15	1.1081587e-01
10	16	-2.7351380e-01
10	17	1.5482661e-01
10	18	-3.3819961e-01
10	19	-2.9577043e-02
10	20	3.8518546e-02
10	21	-2.8843186e-01
10	22	3.9108962e-01
10	23	1.8671696e-01
10	24	-5.6092706e-02
11	12	4.9594966e-02
11	13	3.2630115e-02
11	14	6.2984981e-02
11	15	1.4913245e-01
11	16	-1.3025216e-01
11	17	7.7090269e-02
11	18	-1.7703703e-03
11	19	3.7454911e-02
11	20	-1.2446311e-01
11	21	-2.4844526e-01
11	22	3.1509252e-01
11	23	8.7423923e-02
11	24	3.7109406e-02
12	13	7.2902824e-02
12	14	2.8756527e-01
12	15	2.8945593e-02
12	16	-2.0519887e-01
12	17	3.1068754e-02
12	18	2.5290665e-02
12	19	1.2146631e-01
12	20	2.6487706e-01
12	21	-4.7103714e-01
12	22	-2.2676264e-01
12	23	-1.3436185e-01
12	24	1.6770360e-01
13	14	-4.2896703e-02
13	15	1.8995039e-01
13	16	3.2556217e-01
13	17	1.4885106e-01
13	18	-9.8635051e-02
13	19	1.1252180e-02
13	20	-3.3278775e-01
13	21	-3.3975217e-01
13	22	-1.2679203e-01
13	23	2.1469469e-02
13	24	8.0482701e-02
14	15	7.7922278e-02
14	16	-8.0766871e-02
14	17	1.7029727e-01
14	18	-4.6853967e-02
14	19	2.9383169e-01
14	20	1.2730273e-01
14	21	-4.5549832e-01
14	22	-8.4258776e-02
14	23	-2.2227960e-03
14	24	5.1139463e-02
15	16	-3.6597185e-02
15	17	1.1958018e-01
15	18	2.6224033e-01
15	19	4.7990998e-01
15	20	-5.8154646e-02
15	21	1.3410420e-01
15	22	-1.3293283e-01
15	23	8.3805251e-02
15	24	5.6922919e-02
16	17	-1.1214910e-02
16	18	2.1374747e-01
16	19	-1.4665339e-01
16	20	-3.2051728e-02
16	21	-6.1715627e-02
16	22	-3.8325513e-01
16	23	-1.0552904e-01
16	24	1.2729939e-01
17	18	1.0031783e-01
17	19	-4.3503858e-02
17	20	-3.8965986e-02
17	21	-2.3597715e-01
17	22	2.7514368e-01
17	23	-1.6838093e-02
17	24	7.1647943e-02
18	19	-5.1923440e-02
18	20	1.6214020e-01
18	21	7.8638086e-01
18	22	2.5575012e-01
18	23	-2.2312618e-01
18	24	-2.1007466e-01
19	20	-1.1008016e-02
19	21	3.1430461e-01
19	22	-1.8949418e-01
19	23	-5.3039464e-02
19	24	-1.0436581e-02
20	21	2.1712574e-01
20	22	-2.1398072e-02
20	23	-4.8045510e-01
20	24	1.9789369e-01
21	22	1.3186477e-01
21	23	-6.5058907e-02
21	24	-1.8901625e-01
22	23	-2.2729693e-01
22	24	-1.2407066e-01
23	24	4.1391432e-01
