0	1	-1.3757810e-01
0	2	-1.4034014e-01
0	3	-1.4108273e-01
0	4	-3.3086201e-03
0	5	2.9586227e-01
0	6	-2.3387450e-01
0	7	1.2774076e-01
0	8	2.1548919e-01
0	9	-1.4489225e-01
0	10	-1.0293430e-01
0	11	-2.3105642e-02
0	12	2.6090188e-01
0	13	-1.1234835e-01
0	14	1.3849896e-01
0	15	-1.4695600e-01
0	16	3.1279881e-01
0	17	3.8781731e-01
0	18	-9.6703897e-02
0	19	1.7917987e-02
0	20	-8.2338864e-02
0	21	-2.1080671e-01
0	22	-5.5537101e-01
0	23	-4.1229566e-01
0	24	7.9755455e-02
1	2	7.0000525e-02
1	3	2.5070401e-01
1	4	3.0777528e-02
1	5	-3.6077721e-01
1	6	3.0342792e-01
1	7	2.3593266e-01
1	8	8.9727164e-02
1	9	-8.1378886e-02
1	10	5.2531762e-02
1	11	7.7435587e-02
1	12	-1.6272391e-01
1	13	3.7472743e-02
1	14	-2.2124654e-01
1	15	1.5086365e-01
1	16	-4.1837872e-01
1	17	-3.3696330e-01
1	18	2.8634530e-01
1	19	-4.6612975e-01
1	20	-2.5655669e-01
1	21	-1.7845175e-01
1	22	-3.5894361e-01
1	23	-1.0467652e-01
1	24	-3.1666663e-01
2	3	-1.2303628e-01
2	4	3.4060528e-02
2	5	2.4652616e-01
2	6	-1.3204443e-01
2	7	1.2325730e-01
2	8	-4.1139490e-02
2	9	-1.7610375e-03
2	10	6.6129651e-02
2	11	-2.3111087e-01
2	12	-5.3687962e-02
2	13	1.8597038e-01
2	14	1.1422327e-01
2	15	3.6028693e-01
2	16	-2.0960216e-01
2	17	-4.3754769e-02
2	18	-5.9787252e-03
2	19	-9.5505629e-02
2	20	-1.0859781e-01
2	21	-1.1967112e-01
2	22	-1.3304364e-01
2	23	7.4645338e-02
2	24	-1.0088603e-02
3	4	1.9527833e-01
3	5	-1.2850314e-01
3	6	5.3421713e-02
3	7	1.4166677e-01
3	8	-7.8833051e-02
3	9	-1.7856768e-01
3	10	-3.2046000e-01
3	11	8.0491728e-02
3	12	-1.9575165e-01
3	13	1.1919079e-02
3	14	-2.5350725e-01
3	15	-3.7557633e-02
3	16	-1.0455508e-02
3	17	1.7337175e-02
3	18	1.7348222e-01
3	19	-9.3459792e-03
3	20	-4.1168117e-02
3	21	-2.0753836e-01
3	22	-2.6040760e-02
3	23	-1.6645519e-01
3	24	-1.8466375e-01
4	5	-4.7168066e-02
4	6	-2.7697297e-02
4	7	2.3015402e-01
4	8	5.9561931e-02
4	9	-7.9404668e-02
4	10	-2.9045155e-01
4	11	-4.1102692e-02
4	12	9.3310825e-02
4	13	-2.1803667e-01
4	14	1.1741423e-01
4	15	7.8884629e-02
4	16	3.8076110e-02
4	17	-7.1787590e-02
4	18	-5.6830504e-02
4	19	9.9653709e-02
4	20	6.4367229e-02
4	21	4.1593690e-02
4	22	-1.8788455e-02
4	23	-9.1420909e-02
4	24	1.0308271e-01
5	6	-3.2676272e-01
5	7	-4.9782376e-01
5	8	1.8328205e-02
5	9	-1.4456873e-01
5	10	6.8226346e-02
5	11	-3.1189294e-02
5	12	2.3079016e-01
5	13	-1.2346045e-02
5	14	5.5622583e-03
5	15	7.6985477e-02
5	16	8.8910095e-02
5	17	1.9592344e-01
5	18	-1.0155267e-01
5	19	1.1080288e-01
5	20	-1.2302888e-01
5	21	-1.5260757e-01
5	22	5.1220459e-02
5	23	-7.9838471e-02
5	24	1.3793121e-01
6	7	1.8067690e-01
6	8	-1.3537868e-01
6	9	1.9700423e-01
6	10	3.2220820e-01
6	11	-2.4918274e-01
6	12	-1.3562856e-01
6	13	-2.3521830e-01
6	14	-5.5213460e-02
6	15	-1.0747865e-01
6	16	-2.1023668e-01
6	17	8.7674919e-03
6	18	1.7025462e-02
6	19	-2.8338499e-01
6	20	1.0287800e-01
6	21	1.8828438e-01
6	22	2.5568786e-02
6	23	-3.5055263e-02
6	24	1.3186488e-01
7	8	2.3523311e-01
7	9	2.4034496e-01
7	10	-3.5169769e-01
7	11	-2.7463534e-01
7	12	-1.6608180e-01
7	13	8.8483766e-02
7	14	3.8964109e-01
7	15	-4.1778862e-01
7	16	-1.5232478e-01
7	17	4.6397387e-02
7	18	-4.3282590e-02
7	19	-1.6771122e-01
7	20	1.4016452e-01
7	21	-9.1573214e-02
7	22	-3.5907191e-01
7	23	-2.5283432e-01
7	24	-2.1141942e-01
8	9	5.4068323e-02
8	10	-1.2705316e-01
8	11	3.2434233e-02
8	12	3.3179618e-02
8	13	-1.3478055e-01
8	14	2.1149362e-01
8	15	3.9342147e-02
8	16	-1.8263603e-01
8	17	-1.3167607e-01
8	18	4.2766463e-02
8	19	-9.1042688e-02
8	20	6.5042385e-02
8	21	-7.7549291e-02
8	22	3.2341714e-02
8	23	-1.0360408e-01
8	24	-4.7838628e-02
9	10	2.1260132e-02
9	11	2.0575193e-01
9	12	-5.0897395e-02
9	13	-1.4206143e-02
9	14	2.6059550e-01
9	15	-6.4253708e-02
9	16	-2.8315718e-01
9	17	-8.0457043e-02
9	18	-5.4491164e-02
9	19	-3.4032816e-01
9	20	-1.6467628e-01
9	21	2.2154632e-01
9	22	7.8995619e-02
9	23	1.8140746e-01
9	24	-3.3425243e-02
10	11	-2.1498613e-01
10	12	-8.9159526e-03
10	13	-1.2849028e-01
10	14	-2.2156995e-01
10	15	1.6430284e-01
10	16	-1.4951531e-01
10	17	-6.3612692e-04
10	18	6.3370092e-02
10	19	-1.2950594e-01
10	20	6.1474687e-03
10	21	1.0576881e-01
10	22	-2.1079478e-01
10	23	2.0155151e-01
10	24	2.6340591e-01
11	12	-1.6824938e-02
11	13	-9.8682402e-02
11	14	-1.4758861e-03
11	15	1.0232395e-01
11	16	1.2087682e-01
11	17	-1.1327259e-01
11	18	1.1667372e-01
11	19	-2.6361899e-01
11	20	-2.2129044e-01
11	21	7.6431265e-02
11	22	2.2460261e-01
11	23	1.5115031e-01
11	24	-3.6572317e-01
12	13	-8.9908865e-02
12	14	7.2577445e-02
12	15	1.7076116e-01
12	16	1.2283981e-01
12	17	1.2331120e-01
12	18	1.4120005e-01
12	19	-9.1247388e-02
12	20	-3.4793556e-02
12	21	5.5624821e-02
12	22	-4.2263034e-02
12	23	-2.8277063e-01
12	24	8.3823810e-02
13	14	4.7183452e-02
13	15	1.5568871e-01
13	16	-1.5617304e-01
13	17	-2.8285661e-01
13	18	-5.9322085e-03
13	19	4.0889829e-01
13	20	2.7225827e-02
13	21	-1.6661559e-01
13	22	-7.0966442e-02
13	23	2.3213244e-01
13	24	-1.6147916e-01
14	15	-2.6366243e-01
14	16	-1.8717022e-01
14	17	1.6675533e-01
14	18	-2.8658493e-01
14	19	1.5045504e-01
14	20	1.8335111e-01
14	21	-3.5454350e-03
14	22	1.3605256e-01
14	23	-4.0482408e-02
14	24	-1.6666354e-01
15	16	2.1083481e-02
15	17	-3.9225830e-01
15	18	2.1267305e-01
15	19	-1.8275983e-01
15	20	-1.4565937e-01
15	21	8.4182503e-02
15	22	6.1619532e-02
15	23	1.2631392e-01
15	24	1.7486003e-01
16	17	1.9919621e-01
16	18	6.5795657e-02
16	19	3.3162629e-01
16	20	-6.7498954e-02
16	21	6.6924570e-02
16	22	-1.7097930e-01
16	23	-1.2122599e-01
16	24	5.6845412e-02
17	18	-1.2000938e-01
17	19	-2.7083149e-02
17	20	-1.2185340e-02
17	21	-1.4306263e-01
17	22	-1.1598410e-01
17	23	-3.3761070e-01
17	24	3.0725890e-02
18	19	-2.1657371e-01
18	20	-1.0670083e-01
18	21	7.3570224e-02
18	22	-1.7253451e-01
18	23	-1.1948522e-01
18	24	-9.0851540e-02
19	20	3.7076187e-01
19	21	-3.7999394e-02
19	22	-4.4309434e-02
19	23	3.3607143e-01
19	24	-1.0563011e-01
20	21	1.7231509e-01
20	22	-2.2083120e-02
20	23	1.3097888e-01
20	24	1.0652355e-01
21	22	7.0175507e-02
21	23	4.0481047e-02
21	24	1.2135673e-01
22	23	1.7241240e-01
22	24	2.0706999e-01
23	24	8.3108796e-02
