0	1	-1816
0	2	296
0	3	-584
0	4	-848
0	5	-120
0	6	936
0	7	-2584
0	8	912
0	9	1352
0	10	-384
0	11	560
0	12	672
0	13	1640
0	14	-384
0	15	3224
0	16	-1528
0	17	1640
0	18	496
0	19	-1200
0	20	560
0	21	912
1	2	824
1	3	-56
1	4	1616
1	5	-648
1	6	-1528
1	7	760
1	8	-2432
1	9	-56
1	10	1024
1	11	-848
1	12	-1792
1	13	-824
1	14	1024
1	15	-1176
1	16	1816
1	17	-824
1	18	-1968
1	19	-672
1	20	-848
1	21	-2432
2	3	-1816
2	4	-144
2	5	-824
2	6	232
2	7	-1352
2	8	-2256
2	9	-1816
2	10	-1088
2	11	1264
2	12	-1968
2	13	-1000
2	14	848
2	15	584
2	16	1640
2	17	-1000
2	18	-208
2	19	-496
2	20	-672
2	21	-2256
3	4	912
3	5	56
3	6	-824
3	7	1464
3	8	736
3	9	1176
3	10	1728
3	11	384
3	12	848
3	13	1816
3	14	-208
3	15	-472
3	16	584
3	17	1816
3	18	672
3	19	560
3	20	2320
3	21	736
4	5	-1616
4	6	-560
4	7	-208
4	8	-1464
4	9	912
4	10	1992
4	11	-1816
4	12	-824
4	13	144
4	14	56
4	15	-208
4	16	848
4	17	144
4	18	-1000
4	19	-1640
4	20	120
4	21	-1464
5	6	-408
5	7	1176
5	8	496
5	9	56
5	10	-1024
5	11	848
5	12	-144
5	13	824
5	14	-1024
5	15	-760
5	16	120
5	17	824
5	18	32
5	19	2608
5	20	848
5	21	496
6	7	-1816
6	8	1552
6	9	-824
6	10	-144
6	11	-32
6	12	736
6	13	-232
6	14	-144
6	15	120
6	16	-936
6	17	-232
6	18	912
6	19	-208
6	20	-32
6	21	1552
7	8	-32
7	9	-472
7	10	-496
7	11	320
7	12	384
7	13	-584
7	14	-496
7	15	-2168
7	16	648
7	17	-584
7	18	560
7	19	2080
7	20	320
7	21	-32
8	9	736
8	10	232
8	11	-56
8	12	3224
8	13	320
8	14	232
8	15	-32
8	16	-2848
8	17	320
8	18	1112
8	19	120
8	20	-56
8	21	4168
9	10	1728
9	11	-1552
9	12	848
9	13	1816
9	14	-208
9	15	1464
9	16	-1352
9	17	1816
9	18	-1264
9	19	-1376
9	20	384
9	21	736
10	11	-1352
10	12	120
10	13	1088
10	14	1176
10	15	-496
10	16	384
10	17	1088
10	18	-1640
10	19	-1528
10	20	584
10	21	232
11	12	-296
11	13	672
11	14	584
11	15	320
11	16	1376
11	17	672
11	18	1464
11	19	1704
11	20	1528
11	21	-56
12	13	32
12	14	120
12	15	384
12	16	-2608
12	17	32
12	18	1176
12	19	-472
12	20	-296
12	21	3224
13	14	-848
13	15	1352
13	16	296
13	17	2936
13	18	208
13	19	496
13	20	2608
13	21	320
14	15	-496
14	16	384
14	17	-848
14	18	-1640
14	19	-1528
14	20	-1352
14	21	232
15	16	-1288
15	17	1352
15	18	560
15	19	-1792
15	20	320
15	21	-32
16	17	296
16	18	-496
16	19	1200
16	20	1376
16	21	-2848
17	18	208
17	19	496
17	20	2608
17	21	320
18	19	1288
18	20	1464
18	21	1112
19	20	1704
19	21	120
20	21	-56
