0	1	1680
0	2	272
0	3	-1048
0	4	360
0	5	-2456
0	6	-1048
0	7	-1680
0	8	-1504
0	9	-168
0	10	-3072
0	11	-800
0	12	80
0	13	-888
0	14	-800
0	15	-1152
0	16	-96
0	17	-536
0	18	2208
0	19	872
0	20	-1048
0	21	888
1	2	-1152
1	3	-1768
1	4	-1240
1	5	-2296
1	6	168
1	7	-3248
1	8	448
1	9	1224
1	10	-1680
1	11	-2192
1	12	800
1	13	-168
1	14	-2192
1	15	96
1	16	976
1	17	1416
1	18	784
1	19	8
1	20	168
1	21	168
2	3	1576
2	4	2104
2	5	1048
2	6	-2296
2	7	1152
2	8	976
2	9	-1240
2	10	-272
2	11	272
2	12	1328
2	13	2296
2	14	272
2	15	-3248
2	16	-432
2	17	-1928
2	18	256
2	19	536
2	20	-360
2	21	-2296
3	4	-448
3	5	432
3	6	-976
3	7	1768
3	8	1592
3	9	80
3	10	1048
3	11	888
3	12	8
3	13	976
3	14	888
3	15	-696
3	16	-1752
3	17	-1312
3	18	-2296
3	19	-784
3	20	960
3	21	-976
4	5	960
4	6	-448
4	7	1240
4	8	-872
4	9	-3264
4	10	-360
4	11	360
4	12	-520
4	13	448
4	14	360
4	15	-1224
4	16	-344
4	17	96
4	18	2104
4	19	624
4	20	-2384
4	21	-448
5	6	432
5	7	2296
5	8	184
5	9	-448
5	10	2456
5	11	1416
5	12	536
5	13	1504
5	14	1416
5	15	-168
5	16	712
5	17	-784
5	18	-888
5	19	-256
5	20	432
5	21	-1504
6	7	-168
6	8	-344
6	9	80
6	10	1048
6	11	888
6	12	-1928
6	13	-960
6	14	888
6	15	1240
6	16	184
6	17	2560
6	18	-360
6	19	-784
6	20	-976
6	21	960
7	8	-448
7	9	-1224
7	10	1680
7	11	2192
7	12	-800
7	13	168
7	14	2192
7	15	-96
7	16	-976
7	17	-1416
7	18	-784
7	19	-8
7	20	-168
7	21	-168
8	9	536
8	10	1504
8	11	-1504
8	12	1312
8	13	2280
8	14	-1504
8	15	80
8	16	-800
8	17	696
8	18	-2896
8	19	-1768
8	20	1592
8	21	-2280
9	10	168
9	11	-168
9	12	888
9	13	-80
9	14	-168
9	15	184
9	16	1064
9	17	-432
9	18	-1240
9	19	96
9	20	2016
9	21	80
10	11	800
10	12	-80
10	13	888
10	14	800
10	15	1152
10	16	96
10	17	536
10	18	-2208
10	19	-872
10	20	1048
10	21	-888
11	12	-1856
11	13	-888
11	14	3072
11	15	-1152
11	16	-96
11	17	-536
11	18	272
11	19	872
11	20	-1048
11	21	888
12	13	1928
12	14	-1856
12	15	-272
12	16	784
12	17	-1592
12	18	-608
12	19	-184
12	20	1944
12	21	-1928
13	14	-888
13	15	-1240
13	16	-184
13	17	-624
13	18	-1576
13	19	-1152
13	20	976
13	21	-2896
14	15	-1152
14	16	-96
14	17	-536
14	18	272
14	19	872
14	20	-1048
14	21	888
15	16	-448
15	17	1048
15	18	-1312
15	19	-1416
15	20	1240
15	21	1240
16	17	168
16	18	1504
16	19	1576
16	20	184
16	21	184
17	18	8
17	19	-800
17	20	-1312
17	21	624
18	19	2472
18	20	-2296
18	21	1576
19	20	-784
19	21	1152
20	21	-976
