0	1	-108
0	2	300
0	3	148
0	4	-1492
0	5	788
0	6	20
0	7	-84
0	8	148
0	9	-660
0	10	-1004
0	11	-84
0	12	-916
0	13	-1324
0	14	980
0	15	-660
1	2	1812
1	3	-212
1	4	532
1	5	-852
1	6	-84
1	7	148
1	8	-212
1	9	-1324
1	10	-84
1	11	1172
1	12	-1068
1	13	236
1	14	-1044
1	15	-300
2	3	20
2	4	-340
2	5	660
2	6	916
2	7	44
2	8	20
2	9	-532
2	10	-108
2	11	1068
2	12	-788
2	13	-428
2	14	-172
2	15	-532
3	4	-236
3	5	-1108
3	6	-2388
3	7	-620
3	8	-1492
3	9	-1068
3	10	684
3	11	1428
3	12	212
3	13	-20
3	14	748
3	15	-44
4	5	-620
4	6	-364
4	7	-724
4	8	-236
4	9	748
4	10	1684
4	11	300
4	12	-532
4	13	340
4	14	-1452
4	15	-1300
5	6	1068
5	7	20
5	8	-84
5	9	596
5	10	44
5	11	20
5	12	852
5	13	-660
5	14	1132
5	15	-428
6	7	1300
6	8	684
6	9	852
6	10	-1236
6	11	-748
6	12	-940
6	13	108
6	14	-148
6	15	-172
7	8	404
7	9	108
7	10	-1772
7	11	-340
7	12	-1172
7	13	-44
7	14	1236
7	15	-916
8	9	980
8	10	-340
8	11	-1644
8	12	212
8	13	-1044
8	14	-276
8	15	-44
9	10	852
9	11	-916
9	12	300
9	13	1556
9	14	-236
9	15	-468
10	11	276
10	12	1108
10	13	108
10	14	-1172
10	15	-172
11	12	-148
11	13	980
11	14	212
11	15	-916
12	13	-236
12	14	1044
12	15	1324
13	14	-852
13	15	532
14	15	-236
