0	1	-576
0	2	-1088
0	3	-1152
0	4	-1536
0	5	-960
0	6	-320
0	7	128
0	8	128
0	9	-1152
0	10	-448
0	11	256
0	12	-64
0	13	128
0	14	-448
0	15	-384
1	2	192
1	3	256
1	4	-384
1	5	-192
1	6	1216
1	7	1024
1	8	768
1	9	2304
1	10	320
1	11	-1408
1	12	-64
1	13	1024
1	14	-448
1	15	256
2	3	128
2	4	-256
2	5	832
2	6	448
2	7	384
2	8	-128
2	9	1152
2	10	320
2	11	1024
2	12	-1344
2	13	-1664
2	14	832
2	15	1408
3	4	-320
3	5	-128
3	6	-512
3	7	-704
3	8	960
3	9	1088
3	10	384
3	11	64
3	12	768
3	13	-704
3	14	-256
3	15	448
4	5	256
4	6	-128
4	7	-64
4	8	320
4	9	-320
4	10	768
4	11	-576
4	12	128
4	13	-64
4	14	384
4	15	-192
5	6	-448
5	7	-384
5	8	-896
5	9	896
5	10	-320
5	12	320
5	13	640
5	14	192
5	15	640
6	7	1280
6	8	-512
6	9	1536
6	10	64
6	11	-640
6	12	704
6	13	-768
6	14	832
6	15	-1024
7	8	704
7	9	320
7	10	128
7	11	-1216
7	12	512
7	13	-448
7	15	192
8	9	960
8	10	-384
8	11	-64
8	12	-768
8	13	-320
8	14	-768
8	15	576
9	10	384
9	11	-960
9	12	-256
9	13	320
9	14	-256
9	15	448
10	11	-1536
10	12	-192
10	13	-896
10	14	704
10	15	128
11	12	-896
11	13	-1216
11	14	384
11	15	-576
12	13	512
12	14	64
12	15	-1280
13	14	-2048
13	15	192
14	15	-256
