0	1	-628
0	2	1140
0	3	12
0	4	756
0	5	1356
0	6	-1332
0	7	780
0	8	1548
0	9	52
0	10	436
0	11	1780
0	12	-564
0	13	-564
0	14	-52
0	15	12
1	2	-780
1	3	-116
1	4	-1164
1	5	1228
1	6	588
1	7	-1396
1	8	-628
1	9	1204
1	10	564
1	11	-140
1	12	-692
1	13	332
1	14	-1204
1	15	-1140
2	3	628
2	4	652
2	5	308
2	6	-76
2	7	-140
2	8	1140
2	9	-692
2	10	-52
2	11	-372
2	12	180
2	13	-1868
2	14	692
2	15	628
3	4	1268
3	5	-1204
3	6	-820
3	7	268
3	8	1036
3	9	-2508
3	10	-76
3	11	244
3	12	-52
3	13	-1076
3	14	-564
3	15	-1524
4	5	-76
4	6	564
4	7	1524
4	8	1780
4	9	-308
4	10	332
4	11	12
4	12	-204
4	13	-1228
4	14	1332
4	15	-780
5	6	-500
5	7	-436
5	8	-692
5	9	2292
5	10	628
5	11	948
5	12	268
5	13	268
5	14	-244
5	15	844
6	7	-1076
6	8	-308
6	9	884
6	10	-780
6	11	-1484
6	12	652
6	13	-372
6	14	140
6	15	-820
7	8	1804
7	9	-204
7	10	1204
7	11	500
7	12	-1332
7	13	-308
7	14	1228
7	15	268
8	9	-972
8	10	1460
8	11	-268
8	12	-1588
8	13	-1588
8	14	972
8	15	-1012
9	10	12
9	11	-308
9	12	116
9	13	1140
9	14	-396
9	15	564
10	11	332
10	12	-1548
10	13	-524
10	14	1012
10	15	948
11	12	-204
11	13	820
11	14	308
11	15	244
12	13	396
12	14	-1140
12	15	-52
13	14	-1140
13	15	-52
14	15	1484
