0	1	-9788
0	2	5572
0	3	5308
0	4	-13948
0	5	-7172
0	6	-13628
0	7	-21468
0	8	7812
0	9	4028
0	10	-7492
0	11	35388
0	12	-20988
0	13	-13572
0	14	9892
0	15	-5092
0	16	5092
0	17	4132
0	18	-13412
0	19	-7228
0	20	5468
0	21	28
0	22	-8508
0	23	5092
0	24	-4132
0	25	-4132
0	26	6532
0	27	-6588
0	28	-15548
0	29	11012
0	30	-4612
0	31	13468
0	32	-2692
0	33	-9788
0	34	9948
0	35	-12132
0	36	3172
0	37	2268
0	38	-16292
0	39	-8828
1	2	-9788
1	3	1468
1	4	9092
1	5	20988
1	6	9412
1	7	-4828
1	8	-1148
1	9	6588
1	10	-4932
1	11	-6852
1	12	-17148
1	13	1788
1	14	-5468
1	15	-2532
1	16	-10268
1	17	7972
1	18	-4452
1	19	3012
1	20	-23972
1	21	8988
1	22	-4668
1	23	-10268
1	24	4828
1	25	4828
1	26	10372
1	27	-2748
1	28	13892
1	29	-10748
1	30	4348
1	31	9628
1	32	6268
1	33	6852
1	34	6108
1	35	-3172
1	36	612
1	37	-7972
1	38	18268
1	39	1412
2	3	11708
2	4	5252
2	5	-13572
2	6	-7228
2	7	-8668
2	8	-4988
2	9	4028
2	10	11708
2	11	3388
2	12	4612
2	13	5628
2	14	-2908
2	15	1308
2	16	-1308
2	17	-21468
2	18	-7012
2	19	-7228
2	20	-7332
2	21	-6372
2	22	-2108
2	23	11492
2	24	-4132
2	25	-4132
2	26	-31868
2	27	-6588
2	28	-9148
2	29	11012
2	30	14588
2	31	-5732
2	32	3708
2	33	15812
2	34	16348
2	35	-5732
2	36	9572
2	37	-4132
2	38	-3492
2	39	-2428
3	4	-772
3	5	2692
3	6	5308
3	7	-6052
3	8	3068
3	9	-2108
3	10	15812
3	11	-7868
3	12	-12932
3	13	-3708
3	14	7388
3	15	-18588
3	16	-7012
3	17	-6052
3	18	-3868
3	19	-7492
3	20	-3548
3	21	1892
3	22	-6212
3	23	5788
3	24	-6748
3	25	-13148
3	26	10748
3	27	-1732
3	28	-11972
3	29	6268
3	30	132
3	31	-5148
3	32	17412
3	33	7868
3	34	-8028
3	35	-5148
3	36	7708
3	37	-13148
3	38	5412
3	39	508
4	5	-452
4	6	-1148
4	7	10212
4	8	7492
4	9	10748
4	10	-19972
4	11	-2692
4	12	4292
4	13	-6852
4	14	9572
4	15	8028
4	16	4772
4	17	-8988
4	18	12508
4	19	-7548
4	20	12188
4	21	-12452
4	22	-2428
4	23	-8028
4	24	8988
4	25	8988
4	26	-188
4	27	-508
4	28	3332
4	29	-21308
4	30	8508
4	31	988
4	32	-2372
4	33	9092
4	34	-2532
4	35	988
4	36	-3548
4	37	15388
4	38	9628
4	39	-9148
5	6	5628
5	7	-12132
5	8	-22212
5	9	-8828
5	10	-16508
5	11	-8188
5	12	-19012
5	13	8772
5	14	1308
5	15	-6108
5	16	-292
5	17	668
5	18	-10588
5	19	-772
5	20	-3868
5	21	1572
5	22	13308
5	23	-32292
5	24	-19868
5	25	-7068
5	26	-1732
5	27	11388
5	28	7548
5	29	-6212
5	30	-19388
5	31	-5468
5	32	-8508
5	33	-11012
5	34	-1948
5	35	932
5	36	8028
5	37	-13468
5	38	5092
5	39	13628
6	7	-8668
6	8	7812
6	9	-15172
6	10	-1092
6	11	-9412
6	12	-8188
6	13	5628
6	14	-9308
6	15	1308
6	16	-7708
6	17	-21468
6	18	5788
6	19	-7228
6	20	-13732
6	21	12828
6	22	-2108
6	23	-1308
6	24	8668
6	25	-10532
6	26	132
6	27	19012
6	28	-2748
6	29	-8188
6	30	8188
6	31	-5732
6	32	3708
6	33	3012
6	34	3548
6	35	-12132
6	36	3172
6	37	2268
6	38	9308
6	39	-2428
7	8	-28
7	9	11868
7	10	348
7	11	-14372
7	12	22372
7	13	-5732
7	14	2052
7	15	2748
7	16	-2748
7	17	9092
7	18	13628
7	19	-2268
7	20	26108
7	21	14268
7	22	-3548
7	23	-2748
7	24	3708
7	25	-2692
7	26	-1308
7	27	-14428
7	28	21412
7	29	-3228
7	30	-3172
7	31	-4292
7	32	5148
7	33	1572
7	34	-1412
7	35	2108
7	36	-11068
7	37	-2692
7	38	4348
7	39	-10268
8	9	1788
8	10	9468
8	11	1148
8	12	6852
8	13	-15812
8	14	12132
8	15	5468
8	16	-11868
8	17	-28
8	18	9948
8	19	-11388
8	20	3228
8	21	-8612
8	22	-12668
8	23	-5468
8	24	19228
8	25	6428
8	26	2372
8	27	-4348
8	28	-508
8	29	-18748
8	30	5948
8	31	4828
8	32	1468
8	33	-1148
8	34	1308
8	35	-14372
8	36	-13788
8	37	28
8	38	7068
8	39	-6588
9	10	4292
9	11	-12988
9	12	-14212
9	13	10372
9	14	-292
9	15	1892
9	16	-14692
9	17	11868
9	18	3812
9	19	4028
9	20	-2268
9	21	9572
9	22	-7492
9	23	10908
9	24	932
9	25	932
9	26	9468
9	27	-9412
9	28	18748
9	29	4988
9	30	-4988
9	31	2532
9	32	-6908
9	33	-6212
9	34	-6748
9	35	-16668
9	36	-6372
9	37	932
9	38	-6108
9	39	-772
10	11	-14268
10	12	-132
10	13	2692
10	14	988
10	15	-12188
10	16	-19812
10	17	348
10	18	-3868
10	19	5308
10	20	-16348
10	21	-4508
10	22	-6212
10	23	12188
10	24	12452
10	25	6052
10	26	4348
10	27	-14532
10	28	828
10	29	6268
10	30	132
10	31	-17948
10	32	-8188
10	33	7868
10	34	-1628
10	35	-5148
10	36	-5092
10	37	-348
10	38	-13788
10	39	6908
11	12	-2052
11	13	-1788
11	14	-932
11	15	2532
11	16	10268
11	17	-7972
11	18	-27548
11	19	-9412
11	20	-1628
11	21	-2588
11	22	4668
11	23	-2532
11	24	-4828
11	25	-11228
11	26	8828
11	27	-3652
11	28	-13892
11	29	-2052
11	30	2052
11	31	15972
11	32	6532
11	33	-452
11	34	292
11	35	3172
11	36	5788
11	37	-4828
11	38	-11868
11	39	-7812
12	13	-12612
12	14	-3868
12	15	8668
12	16	10532
12	17	-3228
12	18	19548
12	19	-1788
12	20	6428
12	21	7388
12	22	9732
12	23	16932
12	24	3228
12	25	9628
12	26	-20028
12	27	-7548
12	28	-3708
12	29	3652
12	30	15548
12	31	-4772
12	32	11068
12	33	2052
12	34	-8292
12	35	14428
12	36	-4188
12	37	3228
12	38	16668
12	39	-9788
13	14	-5092
13	15	6692
13	16	-25892
13	17	668
13	18	-16988
13	19	12028
13	20	-16668
13	21	14372
13	22	26108
13	23	6108
13	24	-7068
13	25	-7068
13	26	-1732
13	27	11388
13	28	20348
13	29	6588
13	30	-12988
13	31	932
13	32	4292
13	33	-17412
13	34	-8348
13	35	-5468
13	36	14428
13	37	-13468
13	38	-1308
13	39	13628
14	15	-3012
14	16	3012
14	17	2052
14	18	-11332
14	19	-2908
14	20	13948
14	21	2108
14	22	-16988
14	23	-9788
14	24	4348
14	25	4348
14	26	4452
14	27	-8668
14	28	-11228
14	29	2532
14	30	-15332
14	31	-10052
14	32	5788
14	33	-24668
14	34	-7172
14	35	2748
14	36	-5308
14	37	4348
14	38	17788
14	39	8292
15	16	1788
15	17	-10052
15	18	12932
15	19	-11492
15	20	452
15	21	-13308
15	22	2588
15	23	14588
15	24	-9148
15	25	-2748
15	26	-6052
15	27	19868
15	28	9628
15	29	15068
15	30	4132
15	31	11652
15	32	8612
15	33	10268
15	34	15172
15	35	-1148
15	36	10108
15	37	10052
15	38	9412
15	39	9308
16	17	-9148
16	18	-132
16	19	-1308
16	20	18748
16	21	-12292
16	22	3812
16	23	4612
16	24	-10052
16	25	2748
16	26	-6748
16	27	-7068
16	28	-28828
16	29	4132
16	30	8668
16	31	1148
16	32	10588
16	33	-3868
16	34	10428
16	35	26748
16	36	2692
16	37	2748
16	38	-3012
16	39	-9308
17	18	7228
17	19	4132
17	20	508
17	21	7868
17	22	-3548
17	23	-2748
17	24	-2692
17	25	16508
17	26	11492
17	27	-14428
17	28	8612
17	29	-3228
17	30	3228
17	31	2108
17	32	-14052
17	33	1572
17	34	-20612
17	35	2108
17	36	-17468
17	37	3708
17	38	-2052
17	39	-10268
18	19	-7012
18	20	21572
18	21	-17788
18	22	668
18	23	19068
18	24	5572
18	25	11972
18	26	4828
18	27	-1252
18	28	1308
18	29	348
18	30	12452
18	31	772
18	32	-2268
18	33	8348
18	34	-2108
18	35	-12028
18	36	1788
18	37	11972
18	38	-1468
18	39	-18212
19	20	-7332
19	21	6428
19	22	-8508
19	23	5092
19	24	-4132
19	25	8668
19	26	-12668
19	27	-188
19	28	10052
19	29	11012
19	30	-4612
19	31	7068
19	32	-15492
19	33	-3388
19	34	-2852
19	35	7068
19	36	-9628
19	37	15068
19	38	2908
19	39	-8828
20	21	-11068
20	22	-6052
20	23	-6852
20	24	-13308
20	25	5892
20	26	10908
20	27	-7972
20	28	-5412
20	29	-6372
20	30	-12828
20	31	-5308
20	32	4452
20	33	-11172
20	34	4612
20	35	-5308
20	36	7868
20	37	-508
20	38	-1148
20	39	668
21	22	1308
21	23	6908
21	24	-1468
21	25	-14268
21	26	-13732
21	27	-612
21	28	8348
21	29	7388
21	30	-7388
21	31	132
21	32	9892
21	33	-10212
21	34	-15548
21	35	-6268
21	36	2428
21	37	-1468
21	38	23492
21	39	8028
22	23	10212
22	24	-9252
22	25	-9252
22	26	-7548
22	27	-1468
22	28	-4028
22	29	3332
22	30	9468
22	31	-4452
22	32	4988
22	33	-11068
22	34	-1572
22	35	8348
22	36	14692
22	37	-9252
22	38	4188
22	39	2692
23	24	2748
23	25	-3652
23	26	-348
23	27	-668
23	28	-3228
23	29	16932
23	30	21468
23	31	7548
23	32	16988
23	33	2532
23	34	4028
23	35	-5252
23	36	2692
23	37	2748
23	38	-3012
23	39	-15708
24	25	9092
24	26	7708
24	27	-11172
24	28	16988
24	29	-28772
24	30	15972
24	31	-8508
24	32	-11548
24	33	4828
24	34	1412
24	35	-14908
24	36	-8132
24	37	2692
24	38	-10748
24	39	-2532
25	26	-5092
25	27	-23972
25	28	4188
25	29	3228
25	30	-3228
25	31	-2108
25	32	-17948
25	33	-1572
25	34	-11388
25	35	-14908
25	36	-14532
25	37	2692
25	38	2052
25	39	3868
26	27	772
26	28	4612
26	29	-13628
26	30	-11972
26	31	6108
26	32	9148
26	33	-8828
26	34	-3812
26	35	-292
26	36	-2268
26	37	-11492
26	38	-10852
26	39	4932
27	28	4292
27	29	-13948
27	30	-5252
27	31	6428
27	32	9468
27	33	3652
27	34	9308
27	35	28
27	36	10212
27	37	8028
27	38	8668
27	39	-1788
28	29	-16508
28	30	-9092
28	31	2588
28	32	-13572
28	33	1092
28	34	11868
28	35	-16612
28	36	-5148
28	37	-2212
28	38	4828
28	39	8452
29	30	-10052
29	31	8028
29	32	11068
29	33	-4348
29	34	-1892
29	35	1628
29	36	2212
29	37	3228
29	38	10268
29	39	9412
30	31	-14428
30	32	1732
30	33	29948
30	34	1892
30	35	4772
30	36	-2212
30	37	3172
30	38	2532
30	39	-28612
31	32	2852
31	33	-3172
31	34	3012
31	35	-6908
31	36	3068
31	37	-14908
31	38	3652
31	39	-10532
32	33	-6532
32	34	-6428
32	35	9252
32	36	6108
32	37	-17948
32	38	13412
32	39	5308
33	34	12508
33	35	-3172
33	36	7012
33	37	17628
33	38	-932
33	39	-24188
34	35	3012
34	36	5948
34	37	1412
34	38	772
34	39	-7652
35	36	3068
35	37	10692
35	38	-2748
35	39	2268
36	37	4668
36	38	5308
36	39	7972
37	38	8452
37	39	-8932
38	39	10908
