0	1	-2380
0	2	-8916
0	3	5828
0	4	3852
0	5	-12564
0	6	4964
0	7	5220
0	8	3548
0	9	-3748
0	10	11148
0	11	8564
0	12	-5116
0	13	6588
0	14	-1572
0	15	-3852
0	16	7548
0	17	3092
0	18	-1724
0	19	556
0	20	-7500
0	21	-1468
0	22	1164
0	23	-10740
0	24	5876
0	25	10284
0	26	-8868
0	27	-2332
0	28	-4508
0	29	-5572
0	30	-964
0	31	100
0	32	1772
0	33	-10740
0	34	4460
0	35	6180
0	36	-6588
0	37	-8308
1	2	8108
1	3	-11804
1	4	3548
1	5	4460
1	6	-508
1	7	-6636
1	8	-2532
1	9	-9828
1	10	-6484
1	11	-3292
1	12	6132
1	13	-5268
1	14	-1268
1	15	2228
1	16	7852
1	17	-14540
1	18	4356
1	19	860
1	20	10132
1	21	4004
1	22	1468
1	23	508
1	24	-11148
1	25	4812
1	26	-2788
1	27	-2028
1	28	964
1	29	5676
1	30	-660
1	31	404
1	32	-9476
1	33	508
1	34	-1620
1	35	708
1	36	-6284
1	37	2940
2	3	-6788
2	4	-2988
2	5	3700
2	6	6028
2	7	-1620
2	8	2484
2	9	964
2	10	4308
2	11	-4052
2	12	-404
2	13	-252
2	14	-508
2	15	-2788
2	16	-2940
2	17	-9524
2	18	-660
2	19	1620
2	20	5116
2	21	3244
2	22	2228
2	23	-252
2	24	-10388
2	25	-5980
2	26	9524
2	27	4508
2	28	204
2	29	-860
2	30	5876
2	31	1164
2	32	2836
2	33	5524
2	34	-2380
2	35	1468
2	36	252
2	37	2180
3	4	-5572
3	5	-4660
3	6	-2940
3	7	7348
3	8	-100
3	9	-1620
3	10	1724
3	11	10692
3	12	-2988
3	13	2940
3	14	2076
3	15	-11756
3	16	5420
3	17	-556
3	18	-3852
3	19	4204
3	20	1924
3	21	660
3	22	4812
3	23	-2836
3	24	9524
3	25	8156
3	26	556
3	27	7092
3	28	3396
3	29	-3444
3	30	-8868
3	31	-2028
3	32	11196
3	33	2940
3	34	6588
3	35	-7500
3	36	2836
3	37	-6180
4	5	4916
4	6	4812
4	7	-6180
4	8	9476
4	9	-9372
4	10	-252
4	11	2940
4	12	-10740
4	13	964
4	14	-1724
4	15	13324
4	16	7396
4	17	-2532
4	18	3900
4	19	6180
4	20	-13428
4	21	-1316
4	22	1012
4	23	6740
4	24	-52
4	25	4356
4	26	-3244
4	27	-2484
4	28	-4356
4	29	-5420
4	30	-12668
4	31	5724
4	32	-4156
4	33	964
4	34	-1164
4	35	6028
4	36	-964
4	37	3396
5	6	3900
5	7	-5268
5	8	-1164
5	9	-2684
5	10	-10892
5	11	-7700
5	12	1724
5	13	-9676
5	14	3140
5	15	6636
5	16	708
5	17	4156
5	18	2988
5	19	-508
5	20	-2788
5	21	11148
5	22	-11452
5	23	-3900
5	24	-6740
5	25	-2332
5	26	7396
5	27	2380
5	28	-3444
5	29	-4508
5	30	-2028
5	31	4812
5	32	-5068
5	33	1876
5	34	-6028
5	35	-12212
5	36	-1876
5	37	-1468
6	7	3444
6	8	5116
6	9	-4916
6	10	3292
6	11	5876
6	12	-3548
6	13	2076
6	14	-1316
6	15	964
6	16	6892
6	17	-204
6	18	10388
6	19	-3444
6	20	-6940
6	21	10132
6	22	1724
6	23	-3700
6	24	2788
6	25	-1620
6	26	204
6	27	5220
6	28	-4156
6	29	2684
6	30	-7700
6	31	-8764
6	32	1116
6	33	-3700
6	34	4204
6	35	2484
6	36	-7852
6	37	-11908
7	8	5068
7	9	3548
7	10	6892
7	11	10084
7	12	-3596
7	13	8108
7	14	2684
7	15	-11148
7	16	6028
7	17	-1164
7	18	8308
7	19	-964
7	20	8308
7	21	52
7	22	5420
7	23	2332
7	24	4356
7	25	8764
7	26	1164
7	27	1924
7	28	14340
7	29	-4052
7	30	-2484
7	31	4356
7	32	11804
7	33	-3444
7	34	-5572
7	35	4660
7	36	-8108
7	37	-6788
8	9	1876
8	10	10996
8	11	-3140
8	12	6284
8	13	17988
8	14	10132
8	15	-3700
8	16	7700
8	17	-8612
8	18	-1572
8	19	-5068
8	20	4204
8	21	-1620
8	22	12868
8	23	-5116
8	24	11804
8	25	4660
8	26	-8716
8	27	3596
8	28	-4660
8	29	-17276
8	30	-6588
8	31	252
8	32	7700
8	33	660
8	34	4308
8	35	6332
8	36	-660
8	37	3092
9	10	-2076
9	11	1116
9	12	-1012
9	13	10692
9	14	5876
9	15	-7956
9	16	-13884
9	17	1420
9	18	-52
9	19	2228
9	20	-52
9	21	-8916
9	22	-8716
9	23	-6636
9	24	1772
9	25	-5372
9	26	-1420
9	27	-660
9	28	11148
9	29	-7244
9	30	12260
9	31	1772
9	32	3444
9	33	-860
9	34	-2988
9	35	2076
9	36	12412
9	37	-4204
10	11	4460
10	12	2332
10	13	8260
10	14	-3244
10	15	252
10	16	100
10	17	-1012
10	18	-3396
10	19	-1116
10	20	2380
10	21	-5572
10	22	5268
10	23	-3292
10	24	9980
10	25	8612
10	26	1012
10	27	-4004
10	28	-2836
10	29	-3900
10	30	3140
10	31	4204
10	32	11652
10	33	-3292
10	34	356
10	35	4508
10	36	-8260
10	37	-860
11	12	-11804
11	13	-100
11	14	-6436
11	15	-2940
11	16	8460
11	17	-3596
11	18	4964
11	19	7244
11	20	-812
11	21	-2380
11	22	2076
11	23	5676
11	24	6788
11	25	11196
11	26	-2180
11	27	-1420
11	28	11908
11	29	5068
11	30	-5828
11	31	1012
11	32	8460
11	33	-100
11	34	-2228
11	35	-4460
11	36	100
11	37	-14996
12	13	-2228
12	14	7244
12	15	-812
12	16	-964
12	17	-5724
12	18	1316
12	19	-7956
12	20	12868
12	21	1268
12	22	4204
12	23	-8004
12	24	8916
12	25	1772
12	26	-5828
12	27	708
12	28	-1772
12	29	2940
12	30	2076
12	31	-2636
12	32	-964
12	33	3548
12	34	7196
12	35	-2332
12	36	-3548
12	37	5980
13	14	7092
13	15	-12516
13	16	-1116
13	17	-5572
13	18	-4612
13	19	-2332
13	20	6940
13	21	-4356
13	22	9828
13	23	-7852
13	24	8764
13	25	1620
13	26	-5980
13	27	556
13	28	-1620
13	29	-14236
13	30	-3852
13	31	-2788
13	32	10436
13	33	-7852
13	34	1572
13	35	9068
13	36	2076
13	37	356
14	15	-4052
14	16	1876
14	17	-6740
14	18	-404
14	19	-8460
14	20	-404
14	21	3596
14	22	8260
14	23	-4460
14	24	-2228
14	25	-6636
14	26	-10588
14	27	17532
14	28	-4916
14	29	-9628
14	30	-1164
14	31	-2228
14	32	1876
14	33	1316
14	34	14996
14	35	3244
14	36	4460
14	37	4660
15	16	-1620
15	17	8308
15	18	1876
15	19	-404
15	20	-15452
15	21	1316
15	22	-6788
15	23	4812
15	24	52
15	25	1420
15	26	-2532
15	27	-3292
15	28	-1420
15	29	5420
15	30	1116
15	31	5828
15	32	-13172
15	33	-964
15	34	1164
15	35	-252
15	36	-4812
15	37	2380
16	17	-9172
16	18	2028
16	19	-6028
16	20	2028
16	21	6940
16	22	10692
16	23	4660
16	24	204
16	25	13124
16	26	-8156
16	27	8412
16	28	-1572
16	29	-6284
16	30	-4508
16	31	-5572
16	32	-1468
16	33	4660
16	34	6788
16	35	-5876
16	36	-10436
16	37	-9324
17	18	-6892
17	19	-4612
17	20	-12668
17	21	3700
17	22	-9780
17	23	-5572
17	24	6484
17	25	-6436
17	26	3292
17	27	-7500
17	28	-5116
17	29	-404
17	30	5420
17	31	708
17	32	-3396
17	33	-11348
17	34	-7700
17	35	-4764
17	36	-204
17	37	-3140
18	19	3244
18	20	-252
18	21	-2332
18	22	-8916
18	23	6940
18	24	-2076
18	25	5068
18	26	1116
18	27	356
18	28	12260
18	29	7548
18	30	-6788
18	31	-2076
18	32	-3748
18	33	1164
18	34	-2484
18	35	9172
18	36	-6940
18	37	-1268
19	20	-2532
19	21	-52
19	22	-5420
19	23	3444
19	24	-4356
19	25	2788
19	26	10388
19	27	-7700
19	28	8764
19	29	4052
19	30	-9068
19	31	7196
19	32	-252
19	33	3444
19	34	-5980
19	35	1116
19	36	8108
19	37	-4764
20	21	-2332
20	22	8412
20	23	1164
20	24	3700
20	25	5068
20	26	1116
20	27	-5420
20	28	6484
20	29	1772
20	30	-1012
20	31	-2076
20	32	7804
20	33	1164
20	34	-8260
20	35	-2380
20	36	-1164
20	37	4508
21	22	6332
21	23	-4356
21	24	-508
21	25	-7652
21	26	7852
21	27	8612
21	28	-9676
21	29	812
21	30	-7348
21	31	-12060
21	32	1164
21	33	-10132
21	34	5068
21	35	-11756
21	36	-7196
21	37	-13476
22	23	4052
22	24	6588
22	25	-3596
22	26	-7548
22	27	9020
22	28	-7956
22	29	-1116
22	30	-9676
22	31	-4964
22	32	10692
22	33	4052
22	34	11956
22	35	508
22	36	1724
22	37	1620
23	24	-8564
23	25	-4156
23	26	5572
23	27	556
23	28	4156
23	29	8868
23	30	-3852
23	31	-2788
23	32	-1116
23	33	9476
23	34	-4204
23	35	3292
23	36	2076
23	37	6132
24	25	9020
24	26	-6484
24	27	-7244
24	28	2532
24	29	-2180
24	30	-8612
24	31	-3900
24	32	11756
24	33	-8564
24	34	-660
24	35	-4204
24	36	-2988
24	37	-5220
25	26	-5116
25	27	-5876
25	28	12716
25	29	-3548
25	30	-1468
25	31	9020
25	32	1572
25	33	1620
25	34	-2028
25	35	-2836
25	36	-13172
25	37	-6588
26	27	-4052
26	28	-660
26	29	6180
26	30	356
26	31	-708
26	32	9172
26	33	-204
26	34	-9628
26	35	-6788
26	36	-5572
26	37	-2636
27	28	-5676
27	29	-4612
27	30	-404
27	31	-7244
27	32	2636
27	33	6332
27	34	20012
27	35	-1772
27	36	-556
27	37	-1876
28	29	3548
28	30	1468
28	31	8308
28	32	-1572
28	33	4156
28	34	-9524
28	35	2836
28	36	1620
28	37	-4964
29	30	-3244
29	31	-2180
29	32	-508
29	33	3092
29	34	964
29	35	-1876
29	36	-3092
29	37	-252
30	31	2940
30	32	-4508
30	33	1924
30	34	-1724
30	35	-3140
30	36	-1924
30	37	-508
31	32	204
31	33	8764
31	34	-6436
31	35	1572
31	36	2788
31	37	6332
32	33	-1116
32	34	1012
32	35	-5876
32	36	-4660
32	37	-3548
33	34	7348
33	35	-2484
33	36	7852
33	37	6132
34	35	-356
34	36	-1572
34	37	-1772
35	36	2484
35	37	12412
36	37	5420
