0	1	3824
0	2	-7472
0	3	-632
0	4	3064
0	5	1240
0	6	-6664
0	7	-4432
0	8	4384
0	9	-4688
0	10	10360
0	11	280
0	12	-2608
0	13	-8640
0	14	2456
0	15	-3064
0	16	-1240
0	17	-9096
0	18	-3824
0	19	8688
0	20	4128
0	21	-2712
0	22	-2608
0	23	-2456
0	24	-10056
0	25	-432
0	26	-736
0	27	4280
0	28	-8792
0	29	13552
0	30	176
0	31	1544
0	32	-4584
0	33	14720
0	34	584
0	35	-9096
0	36	-432
0	37	1240
1	2	-14416
1	3	1848
1	4	1496
1	5	-2456
1	6	-328
1	7	-5904
1	8	8384
1	9	-2304
1	10	-24
1	11	6712
1	12	-7728
1	13	-4128
1	14	-9448
1	15	4280
1	16	2456
1	17	-9448
1	18	-736
1	19	13200
1	20	432
1	21	7272
1	22	-1952
1	23	-2104
1	24	5496
1	25	-784
1	26	5296
1	27	280
1	28	-9752
1	29	2560
1	30	4384
1	31	-2760
1	32	24
1	33	9600
1	34	6408
1	35	2104
1	36	-6560
1	37	3320
2	3	280
2	4	-3624
2	5	6104
2	6	3976
2	7	2256
2	8	-6256
2	9	176
2	10	3672
2	11	-10360
2	12	-1696
2	13	-3776
2	14	7320
2	15	3624
2	16	-328
2	17	1544
2	18	-2912
2	19	-9552
2	20	-2560
2	21	-3624
2	22	-1696
2	23	10008
2	24	-9144
2	25	4432
2	26	4128
2	27	-2408
2	28	7624
2	29	-10464
2	30	-6512
2	31	6408
2	32	-3672
2	33	-7472
2	34	-4280
2	35	1544
2	36	-1344
2	37	-5448
3	4	1088
3	5	-6512
3	6	2912
3	7	3320
3	8	6360
3	9	-6664
3	10	2608
3	11	-3520
3	12	-632
3	13	-10616
3	14	480
3	15	-1088
3	16	-5040
3	17	6256
3	18	-13400
3	19	936
3	20	7928
3	21	6864
3	22	5144
3	23	-480
3	24	-8080
3	25	3368
3	26	3064
3	27	8080
3	28	-4992
3	29	5800
3	30	-1800
3	31	-432
3	32	3168
3	33	-632
3	34	2560
3	35	480
3	36	-8184
3	37	-736
4	5	-1696
4	6	6208
4	7	-888
4	8	7624
4	9	-7320
4	10	736
4	11	176
4	12	3064
4	13	2408
4	14	2864
4	15	9296
4	16	1696
4	17	2864
4	18	10056
4	19	13960
4	20	6968
4	21	2256
4	22	3064
4	23	-2864
4	24	4736
4	25	-17352
4	26	-5496
4	27	1040
4	28	8336
4	29	3320
4	30	5144
4	31	-2000
4	32	-736
4	33	8840
4	34	5648
4	35	-2912
4	36	-24
4	37	4080
5	6	-3520
5	7	-2712
5	8	24
5	9	6056
5	10	2560
5	11	-1648
5	12	1240
5	13	-1544
5	14	4688
5	15	-4080
5	16	5648
5	17	-1088
5	18	2456
5	19	-7320
5	20	3016
5	21	-1696
5	22	1240
5	23	6864
5	24	-2864
5	25	1800
5	26	-3672
5	27	-14464
5	28	-1392
5	29	-6408
5	30	-10360
5	31	5600
5	32	-8336
5	33	-4536
5	34	-1952
5	35	-1088
5	36	-3976
5	37	5904
6	7	936
6	8	3672
6	9	-14920
6	10	-6864
6	11	2000
6	12	-888
6	13	6360
6	14	1040
6	15	-432
6	16	-8032
6	17	6816
6	18	6104
6	19	584
6	20	-632
6	21	432
6	22	-888
6	23	16288
6	24	784
6	25	3928
6	26	-1544
6	27	-784
6	28	6512
6	29	1496
6	30	-8232
6	31	1952
6	32	1088
6	33	4888
6	34	-4080
6	35	-4736
6	36	-7624
6	37	8032
7	8	-8992
7	9	2912
7	10	632
7	11	10008
7	12	1344
7	13	4736
7	14	10056
7	15	-4888
7	16	-8840
7	17	4280
7	18	-5648
7	19	-12592
7	20	-5600
7	21	-888
7	22	1344
7	23	1496
7	24	-328
7	25	-4384
7	26	-4688
7	27	328
7	28	10360
7	29	3824
7	30	-3776
7	31	-13960
7	32	-6408
7	33	-4432
7	34	-7016
7	35	4280
7	36	1392
7	37	3064
8	9	-5904
8	10	-8184
8	11	-4280
8	12	4384
8	13	-9856
8	14	1240
8	15	-7624
8	16	5752
8	17	1240
8	18	-2608
8	19	13248
8	20	8688
8	21	7624
8	22	-7168
8	23	-1240
8	24	2712
8	25	4128
8	26	-1952
8	27	3064
8	28	-15784
8	29	6560
8	30	4736
8	31	6104
8	32	2408
8	33	4384
8	34	1800
8	35	-10312
8	36	-13200
8	37	11576
9	10	-3064
9	11	3976
9	12	6864
9	13	4384
9	14	-6712
9	15	1544
9	16	-280
9	17	4840
9	18	2304
9	19	-7168
9	20	-2608
9	21	-1544
9	22	1088
9	23	-10616
9	24	2760
9	25	-3824
9	26	-3520
9	27	-8536
9	28	4536
9	29	-480
9	30	-4432
9	31	-5800
9	32	-2712
9	33	-10464
9	34	3672
9	35	10616
9	36	1952
9	37	-5496
10	11	-4080
10	12	-6968
10	13	-4888
10	14	7120
10	15	5040
10	16	8992
10	17	-10208
10	18	-11528
10	19	888
10	20	-6104
10	21	-5040
10	22	4584
10	23	-1344
10	24	-16848
10	25	-7320
10	26	4536
10	27	-480
10	28	6816
10	29	-3976
10	30	-7928
10	31	2256
10	32	6560
10	33	4584
10	34	1392
10	35	1344
10	36	4232
10	37	-3216
11	12	6056
11	13	5800
11	14	-432
11	15	-5952
11	16	-4128
11	17	5344
11	18	10616
11	19	-5752
11	20	1240
11	21	11728
11	22	6056
11	23	432
11	24	4384
11	25	-9096
11	26	7928
11	27	-4384
11	28	5648
11	29	10664
11	30	-2712
11	31	-18672
11	32	-13248
11	33	6056
11	34	-8080
11	35	5344
11	36	-9096
11	37	9904
12	13	2912
12	14	8232
12	15	-3064
12	16	-1240
12	17	19784
12	18	13504
12	19	-2864
12	20	9904
12	21	3064
12	22	3168
12	23	-2456
12	24	7272
12	25	-6208
12	26	5040
12	27	4280
12	28	8536
12	29	7776
12	30	176
12	31	-4232
12	32	1192
12	33	-2608
12	34	584
12	35	2456
12	36	-6208
12	37	1240
13	14	-2760
13	15	-2408
13	16	1544
13	17	8792
13	18	9904
13	19	-3216
13	20	-4432
13	21	-9144
13	22	8688
13	23	-3016
13	24	10360
13	25	-5648
13	26	-11120
13	27	1192
13	28	14264
13	29	-8080
13	30	-6256
13	31	-1848
13	32	-888
13	33	-2864
13	34	5496
13	35	-2760
13	36	11680
13	37	-1544
14	15	-8640
14	16	-4688
14	17	3472
14	18	-2104
14	19	-8536
14	20	1800
14	21	-8688
14	22	-3320
14	23	8080
14	24	-1648
14	25	584
14	26	888
14	27	1648
14	28	3168
14	29	-1848
14	30	-5800
14	31	-1392
14	32	-1344
14	33	2456
14	34	-12288
14	35	-2304
14	36	-5192
14	37	4688
15	16	-1696
15	17	-2864
15	18	7272
15	19	9144
15	20	-1192
15	21	3520
15	22	2712
15	23	-2912
15	24	1040
15	25	-11528
15	26	5496
15	27	-1040
15	28	8992
15	29	-3320
15	30	6408
15	31	2000
15	32	6512
15	33	2712
15	34	11680
15	35	14464
15	36	5800
15	37	-9856
16	17	-4688
16	18	-2456
16	19	7320
16	20	-3016
16	21	1696
16	22	-1240
16	23	-6864
16	24	-2912
16	25	-7576
16	26	3672
16	27	2912
16	28	1392
16	29	-10920
16	30	4584
16	31	5952
16	32	2560
16	33	-7016
16	34	7728
16	35	-10464
16	36	3976
16	37	-128
17	18	9448
17	19	-8536
17	20	7576
17	21	2864
17	22	8232
17	23	2304
17	24	4128
17	25	-5192
17	26	888
17	27	7424
17	28	8944
17	29	3928
17	30	-5800
17	31	-1392
17	32	-1344
17	33	-9096
17	34	5040
17	35	3472
17	36	-5192
17	37	-1088
18	19	4128
18	20	11120
18	21	4280
18	22	1952
18	23	2104
18	24	11832
18	25	-10768
18	26	6256
18	27	-6056
18	28	9752
18	29	3216
18	30	1392
18	31	-3016
18	32	-5800
18	33	7728
18	34	-632
18	35	3672
18	36	-4992
18	37	2456
19	20	7120
19	21	2408
19	22	-2864
19	23	-8792
19	24	4584
19	25	-5648
19	26	432
19	27	6968
19	28	-3064
19	29	3472
19	30	11072
19	31	3928
19	32	4888
19	33	14464
19	34	11272
19	35	-8536
19	36	128
19	37	-1544
20	21	6968
20	22	4128
20	23	-1800
20	24	24
20	25	-1088
20	26	4992
20	27	-24
20	28	-4280
20	29	8032
20	30	-1696
20	31	2712
20	32	-5448
20	33	9904
20	34	936
20	35	-3976
20	36	-12640
20	37	3016
21	22	8840
21	23	-2864
21	24	-1040
21	25	-5800
21	26	11832
21	27	-4736
21	28	-3216
21	29	9096
21	30	5144
21	31	-7776
21	32	-6512
21	33	3064
21	34	-128
21	35	8640
21	36	-11576
21	37	9856
22	23	-8232
22	24	1496
22	25	-6208
22	26	-736
22	27	-1496
22	28	8536
22	29	-3776
22	30	-5600
22	31	-4232
22	32	-4584
22	33	3168
22	34	6360
22	35	8232
22	36	5344
22	37	1240
23	24	-9904
23	25	5192
23	26	4888
23	27	-1648
23	28	2608
23	29	1848
23	30	-11528
23	31	7168
23	32	-4432
23	33	-2456
23	34	-5040
23	35	-3472
23	36	-12136
23	37	1088
24	25	1240
24	26	-4840
24	27	176
24	28	-1344
24	29	-7880
24	30	13400
24	31	-8336
24	32	-480
24	33	1496
24	34	-1088
24	35	4128
24	36	7016
24	37	2912
25	26	-2000
25	27	-1240
25	28	-17048
25	29	-4736
25	30	-2912
25	31	7272
25	32	1544
25	33	-432
25	34	-9400
25	35	-5192
25	36	-2304
25	37	1800
26	27	4840
26	28	584
26	29	1344
26	30	3168
26	31	-3976
26	32	-4536
26	33	5040
26	34	-3928
26	35	6664
26	36	-13552
26	37	-3672
27	28	1344
27	29	2104
27	30	9704
27	31	2560
27	32	480
27	33	-1496
27	34	12640
27	35	-9904
27	36	4536
27	37	-14464
28	29	-2152
28	30	-6104
28	31	-7472
28	32	-1040
28	33	-3016
28	34	5344
28	35	3168
28	36	6056
28	37	-7168
29	30	432
29	31	-6712
29	32	-1800
29	33	7776
29	34	-1192
29	35	-1848
29	36	-10512
29	37	5144
30	31	-4888
30	32	2152
30	33	176
30	34	2760
30	35	-24
30	36	8640
30	37	-4584
31	32	9296
31	33	-4232
31	34	9904
31	35	-7168
31	36	1496
31	37	-5952
32	33	-4584
32	34	4384
32	35	4432
32	36	7320
32	37	-2560
33	34	-5192
33	35	-3320
33	36	-6208
33	37	7016
34	35	-736
34	36	7928
34	37	-13504
35	36	584
35	37	-1088
36	37	-9752
