0	1	-820
0	2	-5716
0	3	-2340
0	4	-14804
0	5	8876
0	6	-11340
0	7	2188
0	8	4772
0	9	12828
0	10	1612
0	11	700
0	12	2036
0	13	-2644
0	14	-8148
0	15	2980
0	16	-4164
0	17	-11188
0	18	-11644
0	19	7052
0	20	-10732
0	21	700
0	22	2372
0	23	2948
0	24	92
0	25	-1428
0	26	-5532
0	27	-3892
0	28	244
0	29	-668
0	30	2524
0	31	4956
0	32	5076
0	33	-8756
0	34	-7996
0	35	-3588
0	36	-2644
0	37	6628
1	2	6780
1	3	-4500
1	4	7964
1	5	9516
1	6	852
1	7	-1124
1	8	7844
1	9	-212
1	10	3100
1	11	-1764
1	12	10580
1	13	7356
1	14	-8116
1	15	-4044
1	16	3100
1	17	12252
1	18	-4620
1	19	5564
1	20	6020
1	21	-1764
1	22	-3436
1	23	-1884
1	24	-6932
1	25	-5412
1	26	-1308
1	27	10732
1	28	-7084
1	29	16932
1	30	2188
1	31	-11796
1	32	-9788
1	33	-7508
1	34	-2492
1	35	-6900
1	36	1580
1	37	3860
2	3	11036
2	4	4348
2	5	-4500
2	6	-1612
2	7	364
2	8	-2828
2	9	-12100
2	10	3436
2	11	8300
2	12	212
2	13	-6596
2	14	-4196
2	15	-6748
2	16	3436
2	17	-1460
2	18	3860
2	19	-6324
2	20	10548
2	21	2524
2	22	-1580
2	23	-10428
2	24	-3860
2	25	6172
2	26	-9484
2	27	11612
2	28	7844
2	29	-4620
2	30	-1428
2	31	1004
2	32	-2524
2	33	972
2	34	7508
2	35	6140
2	36	-820
2	37	-3100
3	4	-2068
3	5	-3556
3	6	-6444
3	7	-2644
3	8	-5228
3	9	-7508
3	10	-6932
3	11	-6020
3	12	-2492
3	13	-8452
3	14	1916
3	15	-8300
3	16	-6932
3	17	-820
3	18	5412
3	19	-13284
3	20	-1276
3	21	5532
3	22	3860
3	23	2372
3	24	-5412
3	25	7660
3	26	212
3	27	-2340
3	28	11764
3	29	-10428
3	30	-2068
3	31	-4500
3	32	-5532
3	33	-3252
3	34	1764
3	35	3132
3	36	-14228
3	37	-6172
4	5	-4468
4	6	4196
4	7	7996
4	8	-364
4	9	-8420
4	10	-6020
4	11	668
4	12	8148
4	13	9788
4	14	1004
4	15	-1612
4	16	-244
4	17	9820
4	18	10276
4	19	-8420
4	20	9364
4	21	668
4	22	4772
4	23	-4316
4	24	7052
4	25	-8756
4	26	-4652
4	27	14076
4	28	1124
4	29	2036
4	30	4620
4	31	-3588
4	32	-668
4	33	7388
4	34	852
4	35	2220
4	36	-1764
4	37	516
5	6	-15900
5	7	-2372
5	8	5988
5	9	2492
5	10	396
5	11	-6292
5	12	9028
5	13	1916
5	14	-12708
5	15	1764
5	16	-5380
5	17	1580
5	18	-4652
5	19	8268
5	20	-3740
5	21	5260
5	22	-4620
5	23	4164
5	24	-1124
5	25	3132
5	26	10580
5	27	-2676
5	28	-6748
5	29	9668
5	30	1308
5	31	-2036
5	32	516
5	33	-7540
5	34	-6780
5	35	-2372
5	36	1916
5	37	-6140
6	7	516
6	8	-8452
6	9	-396
6	10	3284
6	11	8148
6	12	-11188
6	13	10580
6	14	13284
6	15	-1124
6	16	9060
6	17	4468
6	18	-1764
6	19	-396
6	20	4924
6	21	-3404
6	22	-7508
6	23	-4500
6	24	1764
6	25	-5532
6	26	-3860
6	27	5988
6	28	-3860
6	29	1004
6	30	-1580
6	31	852
6	32	-8148
6	33	12676
6	34	7660
6	35	516
6	36	4804
6	37	2524
7	8	-6476
7	9	-4196
7	10	1308
7	11	6172
7	12	8116
7	13	8604
7	14	-13620
7	15	2676
7	16	1308
7	17	-5108
7	18	5988
7	19	-4196
7	20	1124
7	21	-5380
7	22	2068
7	23	-2524
7	24	5564
7	25	-7508
7	26	-60
7	27	2188
7	28	5716
7	29	-972
7	30	7996
7	31	-1124
7	32	11156
7	33	3100
7	34	15412
7	35	8268
7	36	2828
7	37	12100
8	9	9940
8	10	-1276
8	11	-2188
8	12	10700
8	13	-5532
8	14	-5260
8	15	5868
8	16	-7052
8	17	-2524
8	18	-8756
8	19	4164
8	20	-2068
8	21	-2188
8	22	5260
8	23	60
8	24	-8572
8	25	1460
8	26	3132
8	27	-1004
8	28	-8420
8	29	7996
8	30	11188
8	31	-3708
8	32	-3588
8	33	-5868
8	34	-10884
8	35	-700
8	36	-5532
8	37	9516
9	10	7996
9	11	-4468
9	12	1428
9	13	-2036
9	14	-2980
9	15	9364
9	16	7996
9	17	-6020
9	18	-6476
9	19	12220
9	20	-11340
9	21	-10244
9	22	2980
9	23	2340
9	24	700
9	25	-820
9	26	-4924
9	27	1276
9	28	-10700
9	29	5716
9	30	-2644
9	31	5564
9	32	-1308
9	33	2188
9	34	-8604
9	35	-9972
9	36	3740
9	37	13012
10	11	7356
10	12	-4316
10	13	-6628
10	14	-11460
10	15	5076
10	16	12220
10	17	-2644
10	18	-2188
10	19	19548
10	20	-3100
10	21	-4196
10	22	-5868
10	23	-5228
10	24	-3588
10	25	-2068
10	26	-3740
10	27	7388
10	28	-3740
10	29	8724
10	30	-6020
10	31	3100
10	32	-1580
10	33	12252
10	34	5716
10	35	1308
10	36	10700
10	37	1428
11	12	-5228
11	13	60
11	14	-820
11	15	212
11	16	1580
11	17	-3556
11	18	-3100
11	19	1308
11	20	1764
11	21	8268
11	22	-4956
11	23	-6140
11	24	3100
11	25	-1156
11	26	-8604
11	27	6476
11	28	2948
11	29	-1916
11	30	668
11	31	4012
11	32	3284
11	33	11340
11	34	10580
11	35	6172
11	36	5836
11	37	-3436
12	13	2980
12	14	-13772
12	15	2828
12	16	1460
12	17	6292
12	18	60
12	19	-4348
12	20	972
12	21	548
12	22	13772
12	23	3100
12	24	5716
12	25	-1580
12	26	5868
12	27	2036
12	28	-11460
12	29	4956
12	30	2372
12	31	-6748
12	32	5228
12	33	-8604
12	34	-2068
12	35	2340
12	36	2980
12	37	6476
13	14	1612
13	15	9332
13	16	-852
13	17	10428
13	18	-668
13	19	-2036
13	20	4196
13	21	60
13	22	-1612
13	23	2068
13	24	668
13	25	-9364
13	26	516
13	27	8908
13	28	-5260
13	29	-4348
13	30	9788
13	31	-4196
13	32	-5836
13	33	-3556
13	34	1460
13	35	2828
13	36	3404
13	37	-92
14	15	-4316
14	16	92
14	17	1884
14	18	1428
14	19	-8756
14	20	2340
14	21	4956
14	22	852
14	23	4468
14	24	4348
14	25	2828
14	26	-1276
14	27	-2372
14	28	-1276
14	29	-7964
14	30	-4772
14	31	3436
14	32	-4956
14	33	4316
14	34	-6476
14	35	-2068
14	36	-4164
14	37	-6444
15	16	-700
15	17	-1276
15	18	-820
15	19	3588
15	20	-7508
15	21	-5564
15	22	-1460
15	23	7692
15	24	-4956
15	25	8116
15	26	-5108
15	27	8756
15	28	-5108
15	29	-4196
15	30	9940
15	31	-4044
15	32	-212
15	33	2068
15	34	-4468
15	35	2676
15	36	3556
15	37	5836
16	17	3132
16	18	3588
16	19	7996
16	20	-3100
16	21	-9972
16	22	-92
16	23	548
16	24	7964
16	25	-2068
16	26	-3740
16	27	7388
16	28	-9516
16	29	2948
16	30	-17572
16	31	8876
16	32	4196
16	33	6476
16	34	11492
16	35	-4468
16	36	22252
16	37	7204
17	18	-1612
17	19	-244
17	20	5076
17	21	7996
17	22	3892
17	23	1428
17	24	1612
17	25	-5684
17	26	1764
17	27	6140
17	28	-4012
17	29	852
17	30	-1732
17	31	-16628
17	32	-13772
17	33	-4500
17	34	-3740
17	35	668
17	36	4652
17	37	-14956
18	19	-6476
18	20	10396
18	21	-8876
18	22	4348
18	23	-4804
18	24	7844
18	25	6324
18	26	2220
18	27	-92
18	28	2220
18	29	1308
18	30	-7052
18	31	1156
18	32	8876
18	33	6596
18	34	7356
18	35	-5564
18	36	-668
18	37	2828
19	20	-5564
19	21	-4468
19	22	-8572
19	23	-3436
19	24	-5076
19	25	-6596
19	26	852
19	27	1276
19	28	-4924
19	29	11492
19	30	-2644
19	31	5564
19	32	-1308
19	33	2188
19	34	-2828
19	35	-4196
19	36	9516
19	37	1460
20	21	-4012
20	22	9212
20	23	-21220
20	24	6932
20	25	-364
20	26	1308
20	27	820
20	28	-4468
20	29	396
20	30	3588
20	31	-5532
20	32	-7540
20	33	1732
20	34	2492
20	35	1124
20	36	-1580
20	37	-3860
21	22	820
21	23	5412
21	24	3100
21	25	-1156
21	26	2948
21	27	700
21	28	2948
21	29	-7692
21	30	668
21	31	-1764
21	32	-2492
21	33	-212
21	34	-6748
21	35	11948
21	36	-5716
21	37	-20764
22	23	-4468
22	24	12980
22	25	-2828
22	26	1276
22	27	-3404
22	28	-10276
22	29	-9364
22	30	-1004
22	31	-3436
22	32	-820
22	33	-4316
22	34	-5076
22	35	2068
22	36	-1612
22	37	668
23	24	-6748
23	25	3284
23	26	4956
23	27	-2828
23	28	-820
23	29	-1732
23	30	-4316
23	31	-1884
23	32	6140
23	33	-7692
23	34	-1156
23	35	-2524
23	36	2068
23	37	-212
24	25	-548
24	26	-2220
24	27	92
24	28	-7996
24	29	-1308
24	30	-10276
24	31	4620
24	32	8452
24	33	10732
24	34	-1580
24	35	-212
24	36	6444
24	37	-2828
25	26	-700
25	27	-1428
25	28	-700
25	29	212
25	30	-2980
25	31	-5412
25	32	1156
25	33	3436
25	34	-3100
25	35	-1732
25	36	-3588
25	37	-1308
26	27	-17084
26	28	-8148
26	29	4316
26	30	1124
26	31	-1308
26	32	2828
26	33	-6444
26	34	4348
26	35	5716
26	36	516
26	37	-2980
27	28	244
27	29	-668
27	30	2524
27	31	-820
27	32	-6476
27	33	8572
27	34	-2220
27	35	2188
27	36	3132
27	37	852
28	29	-7236
28	30	6900
28	31	-1308
28	32	2828
28	33	-668
28	34	4348
28	35	5716
28	36	-11036
28	37	-2980
29	30	-3740
29	31	-6172
29	32	1916
29	33	4196
29	34	-2340
29	35	-12524
29	36	1428
29	37	9484
30	31	-9364
30	32	-6444
30	33	-4164
30	34	-4924
30	35	13772
30	36	-13316
30	37	6292
31	32	13316
31	33	4044
31	34	3284
31	35	-1124
31	36	7356
31	37	3860
32	33	212
32	34	6748
32	35	-396
32	36	5716
32	37	9212
33	34	4468
33	35	3100
33	36	2220
33	37	-60
34	35	3860
34	36	13012
34	37	4956
35	36	-2948
35	37	-5228
36	37	-92
