0	1	3652
0	2	5476
0	3	-7444
0	4	7140
0	5	6836
0	6	-7300
0	7	3188
0	8	-604
0	9	604
0	10	-7908
0	11	9116
0	12	-1060
0	13	4100
0	14	5924
0	15	-3196
0	16	8964
0	17	-2892
0	18	-604
0	19	-5476
0	20	4868
0	21	-7444
0	22	3804
0	23	-148
0	24	10036
0	25	4
0	26	-9124
0	27	-8812
0	28	-2588
0	29	6692
0	30	6844
0	31	2132
0	32	5476
0	33	10796
0	34	2428
0	35	1220
0	36	-8060
0	37	6836
1	2	5012
1	3	604
1	4	5476
1	5	-11548
1	6	2588
1	7	9428
1	8	-12012
1	9	6236
1	10	-2580
1	11	-2276
1	12	-5780
1	13	8516
1	14	-10636
1	15	4260
1	16	-2124
1	17	3956
1	18	5316
1	19	-5012
1	20	-5932
1	21	604
1	22	908
1	23	-12468
1	24	452
1	25	-6844
1	26	4412
1	27	1972
1	28	-2124
1	29	3796
1	30	3644
1	31	2580
1	32	-12316
1	33	-308
1	34	-7140
1	35	3492
1	36	-8204
1	37	5780
2	3	-1220
2	4	-4252
2	5	-9724
2	6	10188
2	7	-6076
2	8	-13836
2	9	2284
2	10	-756
2	11	5324
2	12	-1828
2	13	4564
2	14	-8812
2	15	6084
2	16	-300
2	17	4
2	18	-8060
2	19	2588
2	20	-1980
2	21	4556
2	22	4860
2	23	-2740
2	24	-1372
2	25	8660
2	26	460
2	27	5924
2	28	5476
2	29	1972
2	30	1820
2	31	756
2	32	-2588
2	33	3644
2	34	6236
2	35	1668
2	36	10948
2	37	1828
3	4	156
3	5	460
3	6	3044
3	7	4108
3	8	-916
3	9	12468
3	10	9428
3	11	-7596
3	12	-460
3	13	-2580
3	14	1372
3	15	-1060
3	16	-1668
3	17	4412
3	18	-916
3	19	1220
3	20	-612
3	21	148
3	22	452
3	23	10180
3	24	5772
3	25	-1524
3	26	-6684
3	27	-4260
3	28	4108
3	29	-8212
3	30	-2588
3	31	2124
3	32	-1220
3	33	-764
3	34	4868
3	35	3036
3	36	3804
3	37	460
4	5	5012
4	6	2428
4	7	7140
4	8	1220
4	9	-1220
4	10	-3956
4	11	1516
4	12	-10788
4	13	8052
4	14	-1676
4	15	756
4	16	-10188
4	17	-4716
4	18	6996
4	19	-1524
4	20	916
4	21	156
4	22	5628
4	23	-4100
4	24	6084
4	25	-3948
4	26	604
4	27	4564
4	28	1364
4	29	-3036
4	30	8668
4	31	3956
4	32	1524
4	33	1068
4	34	-10948
4	35	3044
4	36	-9884
4	37	5012
5	6	-15204
5	7	1060
5	8	13076
5	9	-7300
5	10	7292
5	11	-4564
5	12	1068
5	13	-3804
5	14	9572
5	15	-11100
5	16	1060
5	17	756
5	18	1524
5	19	-1828
5	20	1220
5	21	460
5	22	5932
5	23	7756
5	24	6388
5	25	-3644
5	26	-5476
5	27	-6684
5	28	6836
5	29	14596
5	30	3196
5	31	-7292
5	32	7604
5	33	-4404
5	34	6076
5	35	3348
5	36	-4412
5	37	4708
6	7	4252
6	8	-7444
6	9	7444
6	10	-1068
6	11	10180
6	12	-7900
6	13	-612
6	14	-10340
6	15	3644
6	16	-7300
6	17	3948
6	18	4108
6	19	-4412
6	20	3804
6	21	3044
6	22	-3036
6	23	-6988
6	24	-8356
6	25	4716
6	26	9268
6	27	19004
6	28	-7300
6	29	-11700
6	30	5780
6	31	18396
6	32	-7140
6	33	-1820
6	34	-2284
6	35	156
6	36	4556
6	37	2124
7	8	-604
7	9	604
7	10	-2132
7	11	3340
7	12	-12612
7	13	-1676
7	14	-5628
7	15	-3196
7	16	-8364
7	17	-2892
7	18	5172
7	19	-5476
7	20	-908
7	21	-7444
7	22	-1972
7	23	-11700
7	24	-1516
7	25	-17324
7	26	2428
7	27	2740
7	28	-2588
7	29	916
7	30	6844
7	31	7908
7	32	5476
7	33	5020
7	34	-3348
7	35	6996
7	36	-13836
7	37	-4716
8	9	-3796
8	10	4716
8	11	5020
8	12	-1524
8	13	-1516
8	14	8212
8	15	-5772
8	16	-604
8	17	-300
8	18	3796
8	19	-3492
8	20	9876
8	21	-916
8	22	-612
8	23	3340
8	24	-1068
8	25	3188
8	26	156
8	27	-5324
8	28	-604
8	29	2276
8	30	-9428
8	31	-4716
8	32	9268
8	33	3948
8	34	156
8	35	1972
8	36	-908
8	37	7300
9	10	6836
9	11	756
9	12	1524
9	13	1516
9	14	-2436
9	15	5772
9	16	604
9	17	6076
9	18	1980
9	19	3492
9	20	7452
9	21	916
9	22	-5164
9	23	8212
9	24	1068
9	25	8364
9	26	-11708
9	27	-452
9	28	-5172
9	29	-8052
9	30	-2124
9	31	4716
9	32	-3492
9	33	1828
9	34	5620
9	35	9580
9	36	908
9	37	4252
10	11	-7756
10	12	-1516
10	13	-1220
10	14	-5172
10	15	3036
10	16	-7908
10	17	3340
10	18	4716
10	19	756
10	20	-1364
10	21	3652
10	22	-8204
10	23	10948
10	24	3804
10	25	-452
10	26	-2892
10	27	2284
10	28	3644
10	29	12012
10	30	-5164
10	31	-4100
10	32	-6532
10	33	-6988
10	34	8660
10	35	18092
10	36	3948
10	37	7292
11	12	-12764
11	13	4252
11	14	-5476
11	15	2732
11	16	3340
11	17	3036
11	18	-6532
11	19	-11100
11	20	4716
11	21	3956
11	22	3652
11	23	-6076
11	24	-7444
11	25	5628
11	26	2580
11	27	2588
11	28	-8212
11	29	-5012
11	30	6692
11	31	7756
11	32	11100
11	33	16420
11	34	-8972
11	35	1068
11	36	-2132
11	37	6988
12	13	-1972
12	14	13532
12	15	-6228
12	16	10492
12	17	-756
12	18	4252
12	19	7604
12	20	-1220
12	21	-6236
12	22	-5932
12	23	9572
12	24	5164
12	25	9420
12	26	-300
12	27	-4868
12	28	-1060
12	29	-3044
12	30	-8972
12	31	1516
12	32	-7604
12	33	-7148
12	34	11252
12	35	-9124
12	36	4412
12	37	1068
13	14	6836
13	15	-2284
13	16	-1676
13	17	-1980
13	18	4260
13	19	-4564
13	20	-7596
13	21	-2580
13	22	8668
13	23	-6836
13	24	3348
13	25	-908
13	26	3340
13	27	7604
13	28	4100
13	29	4
13	30	5932
13	31	-4556
13	32	4564
13	33	4108
13	34	-8212
13	35	308
13	36	-12924
13	37	1972
14	15	-12012
14	16	5924
14	17	-5932
14	18	8212
14	19	-2740
14	20	-3644
14	21	-15956
14	22	6844
14	23	2892
14	24	13076
14	25	3044
14	26	-6388
14	27	-5772
14	28	-5628
14	29	-1820
14	30	4108
14	31	-6380
14	32	2740
14	33	-3492
14	34	-612
14	35	-13068
14	36	-5324
14	37	3796
15	16	-8972
15	17	8052
15	18	4
15	19	11244
15	20	5476
15	21	-1060
15	22	-7140
15	23	6236
15	24	-6684
15	25	6388
15	26	-3956
15	27	-2428
15	28	-8972
15	29	-4252
15	30	1676
15	31	-3036
15	32	308
15	33	11404
15	34	-3956
15	35	1828
15	36	2884
15	37	452
16	17	2884
16	18	-6380
16	19	300
16	20	4868
16	21	4108
16	22	-1972
16	23	5628
16	24	4260
16	25	5780
16	26	-9124
16	27	-8812
16	28	3188
16	29	-4860
16	30	-4708
16	31	2132
16	32	-300
16	33	5020
16	34	2428
16	35	-10332
16	36	-2284
16	37	1060
17	18	-300
17	19	-4
17	20	10948
17	21	-1364
17	22	-1668
17	23	11708
17	24	-6988
17	25	6084
17	26	2124
17	27	-2732
17	28	-8668
17	29	-4556
17	30	7148
17	31	8212
17	32	4
17	33	5324
17	34	2124
17	35	-4252
17	36	-2588
17	37	6532
18	19	2284
18	20	-1676
18	21	-6692
18	22	-12164
18	23	-2436
18	24	-1068
18	25	-2588
18	26	156
18	27	12004
18	28	-6380
18	29	2276
18	30	2124
18	31	6836
18	32	-8060
18	33	-7604
18	34	156
18	35	1972
18	36	-12460
18	37	7300
19	20	7756
19	21	1220
19	22	-10636
19	23	8516
19	24	-4404
19	25	8668
19	26	-12012
19	27	-148
19	28	6076
19	29	-7748
19	30	-7596
19	31	-6532
19	32	2588
19	33	2132
19	34	5316
19	35	-1668
19	36	604
19	37	-7604
20	21	-6388
20	22	-6084
20	23	9420
20	24	-764
20	25	9268
20	26	-5924
20	27	-5020
20	28	-6684
20	29	-8972
20	30	-3348
20	31	7140
20	32	3796
20	33	10028
20	34	5628
20	35	-3500
20	36	-1212
20	37	1220
21	22	452
21	23	-1372
21	24	-11556
21	25	4252
21	26	-908
21	27	7292
21	28	15660
21	29	3340
21	30	-8364
21	31	-3652
21	32	-1220
21	33	-6540
21	34	-908
21	35	8812
21	36	9580
21	37	460
22	23	-6844
22	24	6076
22	25	-1220
22	26	4564
22	27	-3956
22	28	3804
22	29	3644
22	30	9268
22	31	-9124
22	32	4860
22	33	-460
22	34	-6988
22	35	-8212
22	36	3500
22	37	156
23	24	4252
23	25	8508
23	26	-10940
23	27	-11556
23	28	-148
23	29	-3956
23	30	-4108
23	31	604
23	32	3036
23	33	3492
23	34	12164
23	35	1516
23	36	5324
23	37	1980
24	25	-1676
24	26	-6532
24	27	-10188
24	28	-1516
24	29	3188
24	30	3036
24	31	-3804
24	32	-7148
24	33	-916
24	34	-756
24	35	-2892
24	36	-1820
24	37	6388
25	26	-5012
25	27	-156
25	28	-5772
25	29	-9884
25	30	-4260
25	31	452
25	32	-2892
25	33	3340
25	34	764
25	35	-4412
25	36	11252
25	37	13684
26	27	9276
26	28	-3348
26	29	1676
26	30	1828
26	31	8668
26	32	-5316
26	33	-5772
26	34	-4108
26	35	-3796
26	36	2732
26	37	300
27	28	2740
27	29	-1068
27	30	4556
27	31	9268
27	32	-5628
27	33	-10948
27	34	-2276
27	35	4404
27	36	-3340
27	37	-908
28	29	6692
28	30	-10484
28	31	-9420
28	32	5476
28	33	-6532
28	34	8204
28	35	6996
28	36	3492
28	37	-10492
29	30	604
29	31	-12012
29	32	-3804
29	33	-9124
29	34	7452
29	35	12004
29	36	612
29	37	3044
30	31	5164
30	32	1820
30	33	2276
30	34	-9724
30	35	-5476
30	36	-10788
30	37	3196
31	32	-5020
31	33	1212
31	34	2892
31	35	-764
31	36	-3948
31	37	4260
32	33	15196
32	34	460
32	35	1668
32	36	-6380
32	37	-9724
33	34	-5772
33	35	-3652
33	36	-6836
33	37	1372
34	35	7756
34	36	8508
34	37	-5476
35	36	916
35	37	3348
36	37	1364
