0	1	-14552
0	2	5888
0	3	4904
0	4	5128
0	5	7184
0	6	-344
0	7	-4144
0	8	2240
0	9	8096
0	10	-8776
0	11	-8248
0	12	-9768
0	13	-5736
0	14	8016
0	15	12880
0	16	13720
0	17	-13792
0	18	192
0	19	4448
0	20	-12352
0	21	7336
0	22	-2544
0	23	3688
0	24	7864
0	25	4600
0	26	2696
0	27	-15392
0	28	-11592
0	29	-5664
0	30	-3232
0	31	-1864
0	32	12352
0	33	-14096
0	34	-8320
0	35	2392
0	36	800
0	37	5056
1	2	3840
1	3	-3080
1	4	-12728
1	5	416
1	6	-1480
1	7	8096
1	8	13264
1	9	-496
1	10	-952
1	11	648
1	12	2168
1	13	1784
1	14	7488
1	15	-3152
1	16	-6120
1	17	9840
1	18	-4144
1	19	-8400
1	20	4752
1	21	-11288
1	22	4368
1	23	-7640
1	24	-15464
1	25	-8552
1	26	-4520
1	27	7792
1	28	-1784
1	29	3840
1	30	-4368
1	31	5816
1	32	-4752
1	33	10144
1	34	-1408
1	35	1560
1	36	12576
1	37	-9008
2	3	-5584
2	4	-1712
2	5	2472
2	6	10144
2	7	568
2	8	1176
2	9	-2392
2	10	3840
2	11	-3536
2	12	6496
2	13	12656
2	14	-4600
2	15	-5512
2	16	3232
2	17	-1176
2	18	7032
2	19	-6040
2	20	3912
2	21	2624
2	22	4296
2	23	-12576
2	24	-4752
2	25	-112
2	26	-4144
2	27	-4904
2	28	-1104
2	29	-6728
2	30	-4296
2	31	2848
2	32	-3912
2	33	-1480
2	34	-1480
2	35	-10224
2	36	1864
2	37	344
3	4	-4824
3	5	4064
3	6	-5128
3	7	-1328
3	8	3840
3	9	-2624
3	10	-3080
3	11	-3000
3	12	-1480
3	13	-344
3	14	3840
3	15	10528
3	16	-8248
3	17	1936
3	18	-6272
3	19	1024
3	20	1104
3	21	-1864
3	22	2240
3	23	1784
3	24	3992
3	25	872
3	26	3384
3	27	-1632
3	28	-5432
3	29	192
3	30	3536
3	31	-3608
3	32	4672
3	33	2240
3	34	-3536
3	35	9464
3	36	4672
3	37	-5360
4	5	-2544
4	6	-2168
4	7	-5968
4	8	-11136
4	9	4144
4	10	-6952
4	11	1480
4	12	5736
4	13	-3912
4	14	416
4	15	-6272
4	16	3992
4	17	-416
4	18	2016
4	19	6272
4	20	3152
4	21	3384
4	22	5056
4	23	11288
4	24	264
4	25	648
4	26	6648
4	27	-5664
4	28	-1864
4	29	4064
4	30	-5056
4	31	-3688
4	32	-3152
4	33	-720
4	34	5056
4	35	-10984
4	36	-3152
4	37	-4672
5	6	-2848
5	7	952
5	8	6120
5	9	-10680
5	10	-5360
5	11	-720
5	12	800
5	13	3152
5	14	11896
5	15	7032
5	16	1024
5	17	-344
5	18	-8552
5	19	4520
5	20	3384
5	21	1632
5	22	-5816
5	23	-496
5	24	6272
5	25	10144
5	26	-5888
5	27	-5128
5	28	-3152
5	29	-3304
5	30	40
5	31	10224
5	32	8168
5	33	-5816
5	34	5736
5	35	192
5	36	8168
5	37	-1864
6	7	5888
6	8	-5056
6	9	-1936
6	10	4296
6	11	-9768
6	12	-5512
6	13	7336
6	14	-10832
6	15	-192
6	16	-2088
6	17	-720
6	18	7488
6	19	192
6	20	-8096
6	21	3080
6	22	-1024
6	23	-568
6	24	568
6	25	-5432
6	26	-4600
6	27	6192
6	28	9992
6	29	-1408
6	30	6800
6	31	2392
6	32	8096
6	33	-6800
6	34	-1024
6	35	-10680
6	36	-3456
6	37	12352
7	8	-3080
7	9	1864
7	10	2320
7	11	-2016
7	12	-3536
7	13	5360
7	14	-3080
7	15	1784
7	16	1712
7	17	-2696
7	18	5512
7	19	-13336
7	20	5432
7	21	1104
7	22	2776
7	23	-8320
7	24	2544
7	25	-7408
7	26	-14176
7	27	2392
7	28	416
7	29	-5208
7	30	-2776
7	31	10144
7	32	344
7	33	-3000
7	34	8552
7	35	2848
7	36	6120
7	37	4600
8	9	1256
8	10	1712
8	11	-7184
8	12	2848
8	13	-1024
8	14	9080
8	15	2392
8	16	1104
8	17	2472
8	18	-12424
8	19	3384
8	20	-5512
8	21	-11056
8	22	-3608
8	23	2624
8	24	-8400
8	25	-8016
8	26	3760
8	27	8776
8	28	-16304
8	29	-4600
8	30	3608
8	31	-800
8	32	5512
8	33	2168
8	34	-9384
8	35	3456
8	36	11288
8	37	-7560
9	10	-6272
9	11	-5584
9	12	-4064
9	13	-9312
9	14	1256
9	15	7944
9	16	5888
9	17	-1256
9	18	-3688
9	19	-2168
9	20	-1480
9	21	-5056
9	22	4824
9	23	10144
9	24	-10144
9	25	-2320
9	26	6576
9	27	1560
9	28	-13792
9	29	3384
9	30	-10600
9	31	-416
9	32	1480
9	33	-12504
9	34	-12504
9	35	6880
9	36	1480
9	37	8776
10	11	6424
10	12	7944
10	13	7560
10	14	-15616
10	15	-3152
10	16	-344
10	17	-7488
10	18	7408
10	19	-2624
10	20	4752
10	21	264
10	22	-1408
10	23	-7640
10	24	-3912
10	25	3000
10	26	1256
10	27	7792
10	28	3992
10	29	-7712
10	30	1408
10	31	40
10	32	-10528
10	33	4368
10	34	-1408
10	35	-4216
10	36	-4752
10	37	-3232
11	12	3912
11	13	-2088
11	14	-7184
11	15	-2320
11	16	-5736
11	17	-4368
11	18	-1936
11	19	2320
11	20	12880
11	21	10984
11	22	1104
11	23	-4216
11	24	-1560
11	25	8248
11	26	4824
11	27	-1712
11	28	2088
11	29	2240
11	30	-12656
11	31	-5512
11	32	-12880
11	33	6880
11	34	6880
11	35	4520
11	36	-1328
11	37	-2848
12	13	16760
12	14	-8704
12	15	-9616
12	16	-4216
12	17	2928
12	18	-416
12	19	-1936
12	20	17136
12	21	-4824
12	22	8400
12	23	-2696
12	24	-8856
12	25	-1784
12	26	3304
12	27	2544
12	28	-5208
12	29	720
12	30	-2624
12	31	-7032
12	32	-11360
12	33	2624
12	34	2624
12	35	-2776
12	36	192
12	37	-7104
13	14	-12576
13	15	-5888
13	16	-3384
13	17	-4752
13	18	10144
13	19	-11440
13	20	7792
13	21	-2776
13	22	7104
13	23	-10680
13	24	-872
13	25	-5816
13	26	-7256
13	27	-720
13	28	1256
13	29	-4672
13	30	4448
13	31	-2696
13	32	-2016
13	33	-4448
13	34	7104
13	35	-1176
13	36	-7792
13	37	5280
14	15	2392
14	16	6880
14	17	2472
14	18	-6648
14	19	3384
14	20	-5512
14	21	-5280
14	22	-3608
14	23	2624
14	24	3152
14	25	3536
14	26	-2016
14	27	-8552
14	28	-4752
14	29	1176
14	30	-2168
14	31	10752
14	32	5512
14	33	2168
14	34	-3608
14	35	3456
14	36	11288
14	37	-7560
15	16	2016
15	17	-2392
15	18	-11512
15	19	4296
15	20	-6424
15	21	-4368
15	22	8856
15	23	3536
15	24	-3536
15	25	4448
15	26	2848
15	27	-3688
15	28	-5664
15	29	264
15	30	-8856
15	31	-1712
15	32	12200
15	33	-14248
15	34	-2696
15	35	14096
15	36	648
15	37	-872
16	17	-12656
16	18	2240
16	19	-2016
16	20	-7408
16	21	872
16	22	-800
16	23	-1256
16	24	7032
16	25	-2168
16	26	648
16	27	-10144
16	28	-2392
16	29	-2544
16	30	-4976
16	31	-568
16	32	7408
16	33	-12352
16	34	4976
16	35	6728
16	36	1632
16	37	3152
17	18	-10680
17	19	2392
17	20	5512
17	21	-12048
17	22	3608
17	23	3152
17	24	-8928
17	25	-3536
17	26	-3760
17	27	14328
17	28	4752
17	29	10376
17	30	2168
17	31	800
17	32	264
17	33	9384
17	34	3608
17	35	-3456
17	36	6040
17	37	-9768
18	19	-11592
18	20	-3608
18	21	2848
18	22	1176
18	23	-10832
18	24	5056
18	25	-192
18	26	-12880
18	27	-6344
18	28	12960
18	29	-4520
18	30	4600
18	31	3232
18	32	-7944
18	33	1176
18	34	1176
18	35	-6800
18	36	-13720
18	37	5128
19	20	-5128
19	21	4368
19	22	-3080
19	23	13792
19	24	3536
19	25	7104
19	26	8704
19	27	3688
19	28	-112
19	29	-6040
19	30	3080
19	31	-4064
19	32	-648
19	33	-3080
19	34	-3080
19	35	-2544
19	36	-648
19	37	-4904
20	21	3536
20	22	5208
20	23	-5888
20	24	-5664
20	25	6576
20	26	720
20	27	-40
20	28	-2016
20	29	3912
20	30	-10984
20	31	1936
20	32	-14552
20	33	5208
20	34	5208
20	35	416
20	36	8552
20	37	-4520
21	22	-11744
21	23	-648
21	24	12200
21	25	9992
21	26	5816
21	27	-10752
21	28	2776
21	29	-3152
21	30	192
21	31	-1176
21	32	-3536
21	33	-192
21	34	-192
21	35	-5432
21	36	2240
21	37	9536
22	23	-8096
22	24	-9232
22	25	-9008
22	26	-4064
22	27	-3304
22	28	-1328
22	29	-1480
22	30	-15464
22	31	-5280
22	32	-5208
22	33	-1864
22	34	3912
22	35	7792
22	36	-5208
22	37	-9464
23	24	-3000
23	25	2088
23	26	13720
23	27	8704
23	28	-6648
23	29	4752
23	30	8096
23	31	-4824
23	32	5888
23	33	-8096
23	34	-2320
23	35	-3304
23	36	112
23	37	1632
24	25	3688
24	26	-7944
24	27	-8704
24	28	6648
24	29	-10528
24	30	9232
24	31	4824
24	32	5664
24	33	-3456
24	34	8096
24	35	3304
24	36	-5888
24	37	9920
25	26	3080
25	27	-7712
25	28	5816
25	29	-112
25	30	-2544
25	31	7640
25	32	-6576
25	33	-3232
25	34	-3232
25	35	-2392
25	36	-800
25	37	720
26	27	-2320
26	28	-10072
26	29	7408
26	30	-1712
26	31	-11896
26	32	-720
26	33	1712
26	34	-9840
26	35	-1864
26	36	5056
26	37	-2240
27	28	720
27	29	872
27	30	9080
27	31	-1104
27	32	40
27	33	2472
27	34	2472
27	35	-2624
27	36	40
27	37	-1480
28	29	4672
28	30	7104
28	31	2696
28	32	-3760
28	33	4448
28	34	10224
28	35	-4600
28	36	-9536
28	37	496
29	30	-4296
29	31	-8704
29	32	7640
29	33	4296
29	34	-1480
29	35	1328
29	36	7640
29	37	344
30	31	-496
30	32	5208
30	33	1864
30	34	1864
30	35	-7792
30	36	-6344
30	37	3688
31	32	-1936
31	33	496
31	34	496
31	35	-6424
31	36	3840
31	37	2320
32	33	-10984
32	34	568
32	35	5360
32	36	3000
32	37	10296
33	34	-1864
33	35	-9536
33	36	6344
33	37	-15240
34	35	2016
34	36	-5208
34	37	-3688
35	36	-416
35	37	3840
36	37	-7032
