0	1	-484
0	2	8332
0	3	8636
0	4	1796
0	5	2916
0	6	-4588
0	7	2612
0	8	-4380
0	9	6204
0	10	2556
0	11	-1852
0	12	276
0	13	-1092
0	14	-2916
0	15	9604
0	16	-732
0	17	10308
0	18	-3524
0	19	7268
0	20	-1340
0	21	8540
0	22	2460
0	23	2764
0	24	-1396
0	25	-9452
0	26	-3012
0	27	-1188
0	28	6508
0	29	-5748
0	30	10460
0	31	-12492
0	32	9396
0	33	-4588
0	34	-1244
0	35	1092
0	36	-332
0	37	-13044
1	2	11124
1	3	5044
1	4	6108
1	5	-5044
1	6	6716
1	7	1036
1	8	2252
1	9	-4076
1	10	5348
1	11	-1796
1	12	-3924
1	13	-2556
1	14	5044
1	15	11372
1	16	-1396
1	17	3372
1	18	5652
1	19	636
1	20	-788
1	21	6660
1	22	1188
1	23	884
1	24	3524
1	25	-5748
1	26	6660
1	27	-940
1	28	-10156
1	29	-2156
1	30	-2556
1	31	3068
1	32	-1492
1	33	-4836
1	34	-8180
1	35	8332
1	36	-3316
1	37	5140
2	3	7780
2	4	-2708
2	5	3772
2	6	3676
2	7	-1700
2	8	-484
2	9	-1340
2	10	2308
2	11	-4836
2	12	4588
2	13	-5596
2	14	-3772
2	15	14412
2	16	-4132
2	17	332
2	18	8388
2	19	-8180
2	20	2252
2	21	3924
2	22	-7324
2	23	-1852
2	24	-11068
2	25	-3012
2	26	3924
2	27	2100
2	28	-1644
2	29	-4892
2	30	-5596
2	31	28
2	32	7020
2	33	3676
2	34	332
2	35	11372
2	36	-580
2	37	-3372
3	4	2764
3	5	-1700
3	6	3372
3	7	-1396
3	8	5596
3	9	-1644
3	10	-9548
3	11	636
3	12	10060
3	13	-124
3	14	1700
3	15	3164
3	16	1948
3	17	28
3	18	8084
3	19	8844
3	20	-8996
3	21	10004
3	22	-1244
3	23	-1548
3	24	-5596
3	25	2460
3	26	4228
3	27	8180
3	28	3828
3	29	1188
3	30	-124
3	31	-11828
3	32	6716
3	33	-8180
3	34	28
3	35	5900
3	36	-6660
3	37	8484
4	5	-8540
4	6	-1340
4	7	-2460
4	8	4532
4	9	-6356
4	10	3068
4	11	1700
4	12	-428
4	13	6716
4	14	2764
4	15	7876
4	16	884
4	17	6868
4	18	3372
4	19	15684
4	20	-4284
4	21	8940
4	22	9244
4	23	-2612
4	24	1244
4	25	-8028
4	26	3164
4	27	-4436
4	28	-6660
4	29	11676
4	30	6716
4	31	-10764
4	32	-3772
4	33	-1340
4	34	-10460
4	35	-940
4	36	-5596
4	37	1644
5	6	-3372
5	7	1396
5	8	180
5	9	7420
5	10	3772
5	11	5140
5	12	7268
5	13	-5652
5	14	-7476
5	15	-3164
5	16	9604
5	17	-28
5	18	-8084
5	19	-8844
5	20	8996
5	21	-4228
5	22	-4532
5	23	7324
5	24	5596
5	25	-8236
5	26	-15780
5	27	-8180
5	28	7724
5	29	-12740
5	30	-5652
5	31	11828
5	32	-940
5	33	8180
5	34	5748
5	35	-124
5	36	6660
5	37	-2708
6	7	2708
6	8	9700
6	9	-17300
6	10	-2100
6	11	8084
6	12	5956
6	13	1548
6	14	-2404
6	15	1492
6	16	-5500
6	17	-4076
6	18	3980
6	19	-1036
6	20	884
6	21	2556
6	22	8636
6	23	2556
6	24	1852
6	25	-1644
6	26	-3220
6	27	732
6	28	-6052
6	29	-484
6	30	-10004
6	31	-4380
6	32	2612
6	33	5044
6	34	-4076
6	35	-1548
6	36	788
6	37	6812
7	8	-124
7	9	7724
7	10	4076
7	11	5444
7	12	-9756
7	13	-5348
7	14	-1396
7	15	2308
7	16	9300
7	17	11828
7	18	-2004
7	19	8788
7	20	14468
7	21	-4532
7	22	940
7	23	-10308
7	24	5900
7	25	-2156
7	26	-10308
7	27	3068
7	28	2252
7	29	-7268
7	30	428
7	31	580
7	32	-17964
7	33	8484
7	34	276
7	35	-6204
7	36	1188
7	37	-8788
8	9	-14164
8	10	-484
8	11	884
8	12	8788
8	13	1644
8	14	-5956
8	15	-4684
8	16	2308
8	17	1492
8	18	10764
8	19	4228
8	20	-4076
8	21	28
8	22	-276
8	23	-5748
8	24	1340
8	25	-940
8	26	28
8	27	1852
8	28	3468
8	29	3068
8	30	-15684
8	31	1796
8	32	580
8	33	3924
8	34	1492
8	35	-1644
8	36	-3372
8	37	7324
9	10	-1340
9	11	-8484
9	12	-10612
9	13	-3468
9	14	9908
9	15	732
9	16	5292
9	17	8236
9	18	-6812
9	19	-276
9	20	5900
9	21	1796
9	22	-9452
9	23	1796
9	24	2612
9	25	-884
9	26	-3980
9	27	5748
9	28	6260
9	29	-7020
9	30	8084
9	31	2156
9	32	-2404
9	33	-5748
9	34	2460
9	35	-2308
9	36	7324
9	37	-5500
10	11	6716
10	12	-1188
10	13	-5596
10	14	-3772
10	15	8636
10	16	7420
10	17	-5444
10	18	-3164
10	19	-8180
10	20	2252
10	21	3924
10	22	10004
10	23	-7628
10	24	6260
10	25	-8788
10	26	-7628
10	27	-3676
10	28	-1644
10	29	-4892
10	30	180
10	31	5804
10	32	-4532
10	33	-2100
10	34	332
10	35	-5956
10	36	10972
10	37	-3372
11	12	3220
11	13	-1188
11	14	-10916
11	15	-7324
11	16	8788
11	17	-1036
11	18	-10308
11	19	7780
11	20	9396
11	21	-6260
11	22	17148
11	23	-484
11	24	10668
11	25	1396
11	26	-6260
11	27	-2308
11	28	-8788
11	29	2252
11	30	-1188
11	31	4436
11	32	-11676
11	33	8084
11	34	-1036
11	35	-10364
11	36	-1948
11	37	3772
12	13	2460
12	14	-7268
12	15	580
12	16	-636
12	17	-14716
12	18	4892
12	19	-5900
12	20	-11580
12	21	1644
12	22	1948
12	23	-4132
12	24	-8788
12	25	5044
12	26	-4132
12	27	-180
12	28	6412
12	29	-1396
12	30	-9092
12	31	-3468
12	32	3524
12	33	180
12	34	-3164
12	35	3316
12	36	-4076
12	37	5900
13	14	-5900
13	15	-788
13	16	-7780
13	17	-7572
13	18	6260
13	19	1244
13	20	-1396
13	21	276
13	22	-5196
13	23	11828
13	24	-7420
13	25	12188
13	26	6052
13	27	4228
13	28	-9548
13	29	14564
13	30	3828
13	31	-7876
13	32	4892
13	33	7324
13	34	-7572
13	35	-9604
13	36	-8484
13	37	-1244
14	15	-2612
14	16	-3828
14	17	5804
14	18	-3468
14	19	3068
14	20	-3220
14	21	15780
14	22	-1244
14	23	-1548
14	24	5956
14	25	-3316
14	26	4228
14	27	8180
14	28	3828
14	29	1188
14	30	5652
14	31	-6052
14	32	940
14	33	-19732
14	34	-5748
14	35	124
14	36	10668
14	37	8484
15	16	-1036
15	17	-940
15	18	8332
15	19	-3980
15	20	-7420
15	21	2460
15	22	2156
15	23	-3316
15	24	-6868
15	25	-9148
15	26	-3316
15	27	-1492
15	28	-4740
15	29	-6052
15	30	-788
15	31	-6412
15	32	3924
15	33	1492
15	34	-6716
15	35	6564
15	36	-28
15	37	-7572
16	17	3620
16	18	1340
16	19	6356
16	20	-428
16	21	-2100
16	22	3372
16	23	-7876
16	24	3468
16	25	1188
16	26	-13652
16	27	-276
16	28	5596
16	29	-10612
16	30	-2004
16	31	9700
16	32	-8844
16	33	276
16	34	9396
16	35	2004
16	36	-1244
16	37	10972
17	18	-5140
17	19	18724
17	20	10004
17	21	124
17	22	428
17	23	124
17	24	10060
17	25	-10764
17	26	124
17	27	-1700
17	28	2156
17	29	-2916
17	30	3980
17	31	-1948
17	32	-6508
17	33	1700
17	34	-1644
17	35	1796
17	36	-2556
17	37	-7172
18	19	-2100
18	20	-9604
18	21	-2156
18	22	-7628
18	23	-7932
18	24	-16540
18	25	8844
18	26	9396
18	27	13348
18	28	4436
18	29	580
18	30	-11068
18	31	-5444
18	32	7324
18	33	3980
18	34	636
18	35	5292
18	36	-11828
18	37	7876
19	20	1188
19	21	2860
19	22	8940
19	23	-2916
19	24	7324
19	25	-1948
19	26	2860
19	27	1036
19	28	-580
19	29	5596
19	30	7020
19	31	-10460
19	32	-9244
19	33	-1036
19	34	-4380
19	35	-1244
19	36	-11068
19	37	1340
20	21	-2708
20	22	-3012
20	23	3068
20	24	4076
20	25	-3980
20	26	-2708
20	27	-884
20	28	-5348
20	29	332
20	30	4380
20	31	10308
20	32	-8236
20	33	12436
20	34	4228
20	35	-10156
20	36	5140
20	37	-6964
21	22	1092
21	23	1396
21	24	-28
21	25	-8084
21	26	1396
21	27	3220
21	28	2100
21	29	4436
21	30	11828
21	31	-11124
21	32	10764
21	33	-20548
21	34	124
21	35	-276
21	36	12588
21	37	8692
22	23	-4684
22	24	11828
22	25	-7780
22	26	-4684
22	27	-2860
22	28	-3372
22	29	-1644
22	30	580
22	31	-5044
22	32	-6260
22	33	-2916
22	34	-5348
22	35	-6356
22	36	1340
22	37	2612
23	24	5748
23	25	-2308
23	26	1396
23	27	-8332
23	28	-9452
23	29	4436
23	30	6052
23	31	428
23	32	10764
23	33	2556
23	34	124
23	35	-276
23	36	1036
23	37	-2860
24	25	-10612
24	26	-5804
24	27	-7628
24	28	-3468
24	29	-3068
24	30	-1644
24	31	3980
24	32	-12132
24	33	-3924
24	34	-1492
24	35	-4132
24	36	9148
24	37	-1548
25	26	9244
25	27	13196
25	28	-1188
25	29	6204
25	30	-5140
25	31	484
25	32	-4076
25	33	4132
25	34	788
25	35	-636
25	36	-11676
25	37	7724
26	27	8996
26	28	-3676
26	29	10212
26	30	276
26	31	-5348
26	32	4988
26	33	-3220
26	34	124
26	35	5500
26	36	-10516
26	37	2916
27	28	6052
27	29	484
27	30	-7324
27	31	-7172
27	32	3164
27	33	-5044
27	34	-1700
27	35	-10004
27	36	-788
27	37	10516
28	29	-12492
28	30	-3772
28	31	-3924
28	32	3068
28	33	-6052
28	34	7932
28	35	3772
28	36	1244
28	37	580
29	30	8788
29	31	-8388
29	32	1948
29	33	-484
29	34	-8692
29	35	-8788
29	36	-2004
29	37	180
30	31	-7876
30	32	4892
30	33	-10004
30	34	-1796
30	35	-3828
30	36	3068
30	37	-7020
31	32	-6812
31	33	7172
31	34	9604
31	35	2100
31	36	2916
31	37	4684
32	33	-8940
32	34	5044
32	35	884
32	36	4132
32	37	3468
33	34	1700
33	35	-1548
33	36	-10764
33	37	-10516
34	35	7572
34	36	3220
34	37	4380
35	36	-8844
35	37	1244
36	37	-484
