0	1	3236
0	2	5972
0	3	-2172
0	4	-12116
0	5	412
0	6	13268
0	7	-2084
0	8	-4212
0	9	-7948
0	10	-1564
0	11	-5060
0	12	4300
0	13	-6340
0	14	-2324
0	15	6732
0	16	-2172
0	17	-4972
0	18	3084
0	19	-4756
0	20	-4148
0	21	652
0	22	-2084
0	23	-44
0	24	7404
0	25	2084
0	26	-3996
0	27	7644
0	28	4212
0	29	-1476
0	30	716
0	31	4820
0	32	1564
0	33	7188
0	34	-1476
0	35	-5884
0	36	-44
0	37	1476
1	2	-652
1	3	14180
1	4	108
1	5	5820
1	6	3604
1	7	7404
1	8	-7796
1	9	-8924
1	10	-9532
1	11	-260
1	12	1020
1	13	108
1	14	2780
1	15	-1412
1	16	-3148
1	17	-7036
1	18	2236
1	19	-6340
1	20	-1172
1	21	-1108
1	22	-4148
1	23	6276
1	24	4604
1	25	-1628
1	26	-1324
1	27	3452
1	28	13572
1	29	6796
1	30	-260
1	31	-4364
1	32	-2020
1	33	-7644
1	34	6796
1	35	-6124
1	36	6276
1	37	-1020
2	3	-412
2	4	-2628
2	5	2780
2	6	868
2	7	-6884
2	8	-10532
2	9	-11964
2	10	10532
2	11	2476
2	12	-7492
2	13	-2628
2	14	-6036
2	15	7404
2	16	11140
2	17	-3996
2	18	11052
2	19	7948
2	20	1564
2	21	1932
2	22	-1108
2	23	-2540
2	24	7340
2	25	-4668
2	26	1412
2	27	12268
2	28	-1020
2	29	4060
2	30	2476
2	31	4148
2	32	-16308
2	33	1172
2	34	4060
2	35	-3084
2	36	-14092
2	37	-4060
3	4	-1172
3	5	-4756
3	6	1108
3	7	14636
3	8	6732
3	9	-7340
3	10	-6732
3	11	7100
3	12	-2084
3	13	-1172
3	14	-1716
3	15	348
3	16	-1564
3	17	-5580
3	18	-3300
3	19	1628
3	20	8012
3	21	5820
3	22	-8468
3	23	564
3	24	2236
3	25	8468
3	26	-9164
3	27	1260
3	28	4820
3	29	3692
3	30	-4452
3	31	-348
3	32	-10596
3	33	804
3	34	9468
3	35	-6492
3	36	564
3	37	-3692
4	5	-3756
4	6	-9924
4	7	-6124
4	8	-3996
4	9	4604
4	10	-7556
4	11	-4060
4	12	4820
4	13	9684
4	14	10532
4	15	-9164
4	16	-1172
4	17	2540
4	18	260
4	19	1412
4	20	804
4	21	-8860
4	22	5428
4	23	2476
4	24	-4972
4	25	348
4	26	652
4	27	-4300
4	28	3996
4	29	4820
4	30	1716
4	31	9164
4	32	-3996
4	33	-3844
4	34	-6732
4	35	9228
4	36	-3300
4	37	6732
5	6	-1476
5	7	-5276
5	8	-7404
5	9	-4756
5	10	1628
5	11	-7644
5	12	1108
5	13	-3756
5	14	-4908
5	15	3540
5	16	1020
5	17	9164
5	18	5668
5	19	4212
5	20	-956
5	21	-2540
5	22	500
5	23	3148
5	24	-956
5	25	-12052
5	26	4972
5	27	-1324
5	28	7404
5	29	-4668
5	30	-1868
5	31	-9316
5	32	4148
5	33	-1780
5	34	1108
5	35	-3300
5	36	3148
5	37	-6884
6	7	3148
6	8	5276
6	9	-4668
6	10	500
6	11	-1780
6	12	-3236
6	13	-4148
6	14	7036
6	15	5884
6	16	12660
6	17	-5516
6	18	-2020
6	19	-2084
6	20	3084
6	21	412
6	22	-2628
6	23	-6796
6	24	-2692
6	25	-3148
6	26	-2844
6	27	10748
6	28	-11052
6	29	-3236
6	30	3996
6	31	5668
6	32	-500
6	33	5428
6	34	-3236
6	35	-4604
6	36	4756
6	37	9012
7	8	3300
7	9	-2692
7	10	-9076
7	11	196
7	12	-5212
7	13	5428
7	14	-8316
7	15	-1868
7	16	-2692
7	17	-1716
7	18	1780
7	19	5668
7	20	-6492
7	21	4212
7	22	-10380
7	23	-4820
7	24	-6492
7	25	10380
7	26	-868
7	27	-2780
7	28	2476
7	29	-5212
7	30	5972
7	31	-3908
7	32	3300
7	33	-8100
7	34	-5212
7	35	-12356
7	36	12508
7	37	-6340
8	9	6732
8	10	-5428
8	11	-1932
8	12	-3084
8	13	-3996
8	14	1108
8	15	-5516
8	16	956
8	17	-5364
8	18	-13420
8	19	-2236
8	20	8708
8	21	564
8	22	-2476
8	23	-6948
8	24	-8620
8	25	2476
8	26	-2996
8	27	-6428
8	28	-11204
8	29	-3084
8	30	-7708
8	31	5516
8	32	-348
8	33	5580
8	34	-3084
8	35	1324
8	36	-1172
8	37	3084
9	10	-6732
9	11	1324
9	12	-2084
9	13	-6948
9	14	4060
9	15	-11204
9	16	-1564
9	17	196
9	18	-3300
9	19	-9924
9	20	-3540
9	21	44
9	22	8860
9	23	-5212
9	24	-9316
9	25	-3084
9	26	-3388
9	27	-10292
9	28	-956
9	29	-2084
9	30	-4452
9	31	-6124
9	32	6732
9	33	804
9	34	-2084
9	35	-716
9	36	564
9	37	2084
10	11	13484
10	12	-2692
10	13	3996
10	14	-6884
10	15	17068
10	16	10596
10	17	-412
10	18	1868
10	19	2236
10	20	2844
10	21	-564
10	22	8252
10	23	6948
10	24	8620
10	25	-2476
10	26	-2780
10	27	12204
10	28	-11900
10	29	3084
10	30	7708
10	31	260
10	32	-5428
10	33	5972
10	34	8860
10	35	10228
10	36	-4604
10	37	2692
11	12	-4972
11	13	-4060
11	14	6948
11	15	9012
11	16	1324
11	17	-2692
11	18	-412
11	19	-7036
11	20	-652
11	21	-2844
11	22	5972
11	23	-2324
11	24	10900
11	25	5580
11	26	-6276
11	27	9924
11	28	-3844
11	29	6580
11	30	-1564
11	31	-3236
11	32	-1932
11	33	-2084
11	34	18132
11	35	2172
11	36	-2324
11	37	-6580
12	13	-956
12	14	3844
12	15	3300
12	16	-7860
12	17	-2324
12	18	1172
12	19	6276
12	20	5668
12	21	-2172
12	22	564
12	23	7340
12	24	-108
12	25	-564
12	26	-6036
12	27	-3388
12	28	8860
12	29	5732
12	30	6580
12	31	-3300
12	32	2692
12	33	2844
12	34	-44
12	35	10140
12	36	7340
12	37	5820
13	14	-1020
13	15	2388
13	16	4604
13	17	-3236
13	18	260
13	19	1412
13	20	-4972
13	21	-3084
13	22	-348
13	23	14028
13	24	6580
13	25	6124
13	26	652
13	27	-4300
13	28	-7556
13	29	-6732
13	30	1716
13	31	9164
13	32	7556
13	33	1932
13	34	-6732
13	35	3452
13	36	8252
13	37	956
14	15	500
14	16	-1716
14	17	348
14	18	-3148
14	19	-4300
14	20	2084
14	21	-5580
14	22	3236
14	23	-5364
14	24	2084
14	25	2540
14	26	2236
14	27	1412
14	28	-1108
14	29	3844
14	30	-4604
14	31	5276
14	32	6884
14	33	956
14	34	3844
14	35	-564
14	36	412
14	37	1932
15	16	348
15	17	1020
15	18	4516
15	19	8708
15	20	2324
15	21	1172
15	22	3908
15	23	9772
15	24	8100
15	25	1868
15	26	-3604
15	27	5732
15	28	-260
15	29	3300
15	30	9012
15	31	-868
15	32	260
15	33	11964
15	34	9076
15	35	-3844
15	36	-1780
15	37	2476
16	17	-11356
16	18	2476
16	19	1628
16	20	2236
16	21	44
16	22	3084
16	23	-5212
16	24	2236
16	25	-8860
16	26	-3388
16	27	12812
16	28	-18284
16	29	-2084
16	30	1324
16	31	5428
16	32	-10596
16	33	804
16	34	-2084
16	35	5060
16	36	564
16	37	2084
17	18	-6884
17	19	8556
17	20	-3604
17	21	7100
17	22	-1716
17	23	-1932
17	24	-3604
17	25	1716
17	26	13572
17	27	-5668
17	28	5364
17	29	-8100
17	30	-2692
17	31	-6796
17	32	6188
17	33	564
17	34	-2324
17	35	-3692
17	36	-1932
17	37	-3452
18	19	5060
18	20	4452
18	21	-6732
18	22	-3996
18	23	348
18	24	-7100
18	25	-1780
18	26	-7252
18	27	-2172
18	28	1868
18	29	1172
18	30	11140
18	31	1260
18	32	-1868
18	33	-1716
18	34	1172
18	35	-5972
18	36	-5428
18	37	-1172
19	20	5428
19	21	8404
19	22	-5884
19	23	-2020
19	24	-6124
19	25	108
19	26	5580
19	27	-1932
19	28	2236
19	29	500
19	30	10292
19	31	-2932
19	32	-8012
19	33	3388
19	34	-5276
19	35	-3908
19	36	-2020
19	37	-500
20	21	2020
20	22	-12268
20	23	-1412
20	24	-11292
20	25	716
20	26	-11140
20	27	-2540
20	28	-8708
20	29	-108
20	30	-652
20	31	3452
20	32	-8620
20	33	8556
20	34	5668
20	35	7036
20	36	-7188
20	37	5884
21	22	-7340
21	23	-2084
21	24	2020
21	25	7340
21	26	7644
21	27	260
21	28	-564
21	29	-2172
21	30	-2844
21	31	-6948
21	32	-5212
21	33	6492
21	34	3604
21	35	-9316
21	36	-2084
21	37	-3604
22	23	6732
22	24	5060
22	25	-6948
22	26	-868
22	27	2996
22	28	2476
22	29	12116
22	30	5972
22	31	1868
22	32	-2476
22	33	3452
22	34	564
22	35	4972
22	36	-4820
22	37	10988
23	24	10140
23	25	-6732
23	26	-7036
23	27	-12420
23	28	6948
23	29	1564
23	30	3452
23	31	-3996
23	32	4604
23	33	10228
23	34	7340
23	35	2932
23	36	2692
23	37	9988
24	25	716
24	26	412
24	27	9012
24	28	2844
24	29	-108
24	30	-12204
24	31	-2324
24	32	2932
24	33	2780
24	34	11444
24	35	1260
24	36	4364
24	37	-11444
25	26	868
25	27	2780
25	28	-2476
25	29	-564
25	30	-196
25	31	9684
25	32	2476
25	33	2324
25	34	-564
25	35	-4972
25	36	-956
25	37	-5212
26	27	3084
26	28	2996
26	29	-260
26	30	-500
26	31	-2172
26	32	2780
26	33	-8924
26	34	-6036
26	35	-4668
26	36	-1260
26	37	-5516
27	28	-5124
27	29	8164
27	30	4148
27	31	5820
27	32	-12204
27	33	-6276
27	34	2388
27	35	6796
27	36	-868
27	37	-2388
28	29	8860
28	30	1932
28	31	-11292
28	32	348
28	33	-5580
28	34	3084
28	35	-7100
28	36	1172
28	37	-3084
29	30	12356
29	31	2476
29	32	-14636
29	33	-2932
29	34	5732
29	35	4364
29	36	-9988
29	37	11596
30	31	2540
30	32	-7708
30	33	-2084
30	34	-4972
30	35	2172
30	36	-2324
30	37	16524
31	32	-6036
31	33	5364
31	34	-9076
31	35	3844
31	36	-9772
31	37	9076
32	33	-196
32	34	-3084
32	35	-4452
32	36	16156
32	37	-8468
33	34	2844
33	35	-4300
33	36	-7100
33	37	8708
34	35	-1412
34	36	-4212
34	37	-5732
35	36	2932
35	37	7188
36	37	-7340
