0	1	3316
0	2	796
0	3	-5444
0	4	3044
0	5	-3404
0	6	2804
0	7	-196
0	8	1844
0	9	1036
0	10	764
0	11	-1996
0	12	4364
0	13	2084
0	14	2596
0	15	2324
0	16	-2716
0	17	1516
0	18	2684
0	19	1844
0	20	3556
0	21	-3676
0	22	-1484
0	23	2956
0	24	5116
0	25	5564
0	26	10996
0	27	-4876
0	28	-1636
0	29	-4636
1	2	3524
1	3	-1036
1	4	3436
1	5	-3076
1	6	76
1	7	-524
1	8	1036
1	9	-3916
1	10	5716
1	11	-2324
1	12	-1484
1	13	796
1	14	1724
1	15	4156
1	16	5596
1	17	2804
1	18	3796
1	19	1036
1	20	764
1	21	-644
1	22	-1396
1	23	4964
1	24	-796
1	25	916
1	26	524
1	27	-3044
1	28	-2684
1	29	-3284
2	3	5084
2	4	916
2	5	-4156
2	6	1156
2	7	-6644
2	8	-1484
2	9	-8596
2	10	6796
2	11	2356
2	12	-404
2	13	1876
2	14	644
2	15	-1964
2	16	3076
2	17	-5476
2	18	-5924
2	19	2116
2	20	-3916
2	21	436
2	22	1124
2	23	284
2	24	-1876
2	25	-1604
2	26	3044
2	27	1636
2	28	1996
2	29	-2204
3	4	-1724
3	5	-1516
3	6	-1484
3	7	-2084
3	8	-4124
3	9	-5956
3	10	4156
3	11	3316
3	12	556
3	13	-4364
3	14	-3916
3	15	-4604
3	16	436
3	17	764
3	18	-4964
3	19	-524
3	20	-1276
3	21	4996
3	22	-3436
3	23	-676
3	24	-6436
3	25	-644
3	26	-5116
3	27	6196
3	28	-4244
3	29	2356
4	5	3916
4	6	-4516
4	7	3284
4	8	5324
4	9	1156
4	10	4244
4	11	1484
4	12	644
4	13	5564
4	14	-884
4	15	-4996
4	16	-2836
4	17	1636
4	18	-1036
4	19	1724
4	20	3676
4	21	-196
4	22	5836
4	23	3076
4	24	1636
4	25	-1756
4	26	316
4	27	-1396
4	28	1844
4	29	-1156
5	6	-3044
5	7	3556
5	8	8716
5	9	-796
5	10	-1004
5	11	-1844
5	12	-4604
5	13	-2324
5	14	-2356
5	15	-6164
5	16	-4724
5	17	-1276
5	18	4276
5	19	-2084
5	20	284
5	21	-3764
5	22	5324
5	23	-2716
5	24	-1276
5	25	4996
5	26	-3556
5	27	1036
5	28	1396
5	29	4396
6	7	-556
6	8	-2116
6	9	-2204
6	10	404
6	11	-2356
6	12	-3196
6	13	-1876
6	14	2956
6	15	5564
6	16	524
6	17	-1724
6	18	-1276
6	19	1484
6	20	316
6	21	-436
6	22	2476
6	23	3316
6	24	5476
6	25	1604
6	26	4156
6	27	-1636
6	28	1604
6	29	2204
7	8	2084
7	9	4396
7	10	-2596
7	11	-5356
7	12	-6196
7	13	2324
7	14	-1244
7	15	-4636
7	16	1124
7	17	4876
7	18	6524
7	19	-1516
7	20	3316
7	21	3764
7	22	1876
7	23	-884
7	24	1276
7	25	2204
7	26	-44
7	27	-4636
7	28	2204
7	29	-4396
8	9	-1244
8	10	-556
8	11	284
8	12	-4156
8	13	764
8	14	316
8	15	-2596
8	16	-436
8	17	-764
8	18	4964
8	19	524
8	20	1276
8	21	-4996
8	22	3436
8	23	4276
8	24	2836
8	25	4244
8	26	1516
8	27	-2596
8	28	644
8	29	1244
9	10	-7364
9	11	-1004
9	12	3436
9	13	2116
9	14	-3196
9	15	1876
9	16	-3884
9	17	1484
9	18	1516
9	19	-1244
9	20	6644
9	21	4276
9	22	884
9	23	-3556
9	24	1484
9	25	-1364
9	26	-796
9	27	-5324
9	28	2236
9	29	-1964
10	11	-4396
10	12	1964
10	13	-316
10	14	-2204
10	15	-76
10	16	2084
10	17	316
10	18	-3316
10	19	3044
10	20	-1244
10	21	1124
10	22	916
10	23	1756
10	24	316
10	25	-4036
10	26	2596
10	27	3524
10	28	-4036
10	29	164
11	12	-796
11	13	524
11	14	4156
11	15	-2836
11	16	-676
11	17	-4124
11	18	-6076
11	19	-3316
11	20	-2084
11	21	-1636
11	22	76
11	23	4516
11	24	-4124
11	25	404
11	26	-5444
11	27	764
11	28	404
11	29	4604
12	13	-316
12	14	-2204
12	15	3524
12	16	-5116
12	17	3916
12	18	-3316
12	19	3044
12	20	2356
12	21	1124
12	22	-2684
12	23	-1844
12	24	316
12	25	-4036
12	26	2596
12	27	3524
12	28	-4036
12	29	164
13	14	3676
13	15	-2356
13	16	-196
13	17	-1004
13	18	-1996
13	19	4364
13	20	-2564
13	21	-1156
13	22	3196
13	23	436
13	24	6196
13	25	-6316
13	26	4876
13	27	-2356
13	28	8084
13	29	-5716
14	15	3436
14	16	4876
14	17	-76
14	18	-524
14	19	-3284
14	20	-5716
14	21	-8564
14	22	2924
14	23	5684
14	24	-76
14	25	196
14	26	1244
14	27	-164
14	28	3796
14	29	3196
15	16	3644
15	17	2356
15	18	1844
15	19	1004
15	20	796
15	21	-916
15	22	-644
15	23	3796
15	24	2356
15	25	-2476
15	26	1036
15	27	-2116
15	28	-2476
15	29	1724
16	17	196
16	18	404
16	19	-4036
16	20	-1364
16	21	-2356
16	22	-2804
16	23	5236
16	24	-3404
16	25	-316
16	26	-1124
16	27	44
16	28	-316
16	29	284
17	18	5596
17	19	2836
17	20	2564
17	21	1156
17	22	-3196
17	23	3164
17	24	1004
17	25	-884
17	26	-1276
17	27	2356
17	28	-4484
17	29	-1484
18	19	1364
18	20	436
18	21	-556
18	22	-1004
18	23	-164
18	24	1996
18	25	5084
18	26	676
18	27	-5356
18	28	-2116
18	29	-5116
19	20	-2324
19	21	2204
19	22	-164
19	23	676
19	24	10036
19	25	-6556
19	26	5116
19	27	1004
19	28	644
19	29	-5956
20	21	3196
20	22	-1636
20	23	1124
20	24	-1036
20	25	4756
20	26	284
20	27	-2804
20	28	-2444
20	29	556
21	22	1756
21	23	-4604
21	24	-2444
21	25	-4876
21	26	-3764
21	27	-4516
21	28	-1276
21	29	-4276
22	23	-1036
22	24	404
22	25	-3884
22	26	-1876
22	27	-4244
22	28	6916
22	29	2716
23	24	3164
23	25	556
23	26	884
23	27	196
23	28	-3044
23	29	3556
24	25	-4484
24	26	9524
24	27	-1244
24	28	2716
24	29	-5084
25	26	1396
25	27	-2476
25	28	-2836
25	29	1364
26	27	-2564
26	28	1396
26	29	-6404
27	28	-2476
27	29	5324
28	29	-2236
