0	1	4708
0	2	-988
0	3	5188
0	4	3212
0	5	-1828
0	6	6628
0	7	-1772
0	8	-2188
0	9	-388
0	10	1172
0	11	3868
0	12	-3748
0	13	-4588
0	14	1412
0	15	-5372
0	16	2612
0	17	5492
0	18	-1412
0	19	-508
0	20	1772
0	21	-268
0	22	-3812
0	23	-6508
0	24	-868
0	25	332
0	26	3868
0	27	988
0	28	8492
0	29	-4588
1	2	2548
1	3	4052
1	4	1948
1	5	3388
1	6	-988
1	7	212
1	8	-3452
1	9	1948
1	10	3988
1	11	8972
1	12	-5492
1	13	-1052
1	14	3748
1	15	-6988
1	16	2548
1	17	3268
1	18	3452
1	19	5668
1	20	-212
1	21	1828
1	22	-1348
1	23	-2732
1	24	-1172
1	25	-2372
1	26	5372
1	27	1052
1	28	3868
1	29	2548
2	3	-572
2	4	1772
2	5	332
2	6	-2732
2	7	3268
2	8	3572
2	9	5372
2	10	-268
2	11	1708
2	12	-1588
2	13	1172
2	14	3572
2	15	-332
2	16	-2428
2	17	4052
2	18	3628
2	19	1652
2	20	-3268
2	21	1892
2	22	4828
2	23	-4348
2	24	-2308
2	25	-1108
2	26	1708
2	27	6028
2	28	-148
2	29	1172
3	4	2428
3	5	3868
3	6	2132
3	7	-3868
3	8	-2972
3	9	2428
3	10	868
3	11	1292
3	12	2188
3	13	-4172
3	14	628
3	15	-268
3	16	-572
3	17	3748
3	18	2972
3	19	2548
3	20	268
3	21	-1292
3	22	-1828
3	23	-2252
3	24	-692
3	25	-5492
3	26	-2308
3	27	572
3	28	11548
3	29	-4172
4	5	-2668
4	6	-3332
4	7	-932
4	8	4172
4	9	2372
4	10	-6868
4	11	4708
4	12	-988
4	13	-1828
4	14	572
4	15	2668
4	16	1772
4	17	-2548
4	18	-572
4	19	-1348
4	20	4532
4	21	-1108
4	22	628
4	23	-148
4	24	1892
4	25	-4108
4	26	8308
4	27	-1772
4	28	4052
4	29	-1828
5	6	1708
5	7	508
5	8	-868
5	9	932
5	10	2492
5	11	2548
5	12	-2428
5	13	3932
5	14	-4468
5	15	508
5	16	-3268
5	17	-388
5	18	-2732
5	19	812
5	20	-508
5	21	4652
5	22	2068
5	23	2012
5	24	-3148
5	25	-1948
5	26	-4652
5	27	3268
5	28	2612
5	29	332
6	7	1892
6	8	-1532
6	9	268
6	10	5908
6	11	-148
6	12	28
6	13	868
6	14	-5132
6	15	-5308
6	16	-2732
6	17	5188
6	18	-5668
6	19	388
6	20	1708
6	21	148
6	22	332
6	23	-812
6	24	748
6	25	-452
6	26	-3748
6	27	2732
6	28	2188
6	29	-6332
7	8	-2732
7	9	-4532
7	10	4708
7	11	1052
7	12	2428
7	13	6868
7	14	-2732
7	15	-508
7	16	-332
7	17	3988
7	18	-4468
7	19	-812
7	20	508
7	21	6148
7	22	12332
7	23	1588
7	24	3148
7	25	1948
7	26	-2548
7	27	332
7	28	-6212
7	29	3268
8	9	4172
8	10	-1468
8	11	-692
8	12	-2788
8	13	3572
8	14	-1228
8	15	4468
8	16	-3628
8	17	-4348
8	18	-2372
8	19	-3148
8	20	2732
8	21	-2908
8	22	-1172
8	23	-1948
8	24	-3508
8	25	-2308
8	26	2908
8	27	3628
8	28	-1348
8	29	-3628
9	10	332
9	11	4708
9	12	-4588
9	13	-1828
9	14	572
9	15	-932
9	16	1772
9	17	-2548
9	18	6628
9	19	5852
9	20	-6268
9	21	-1108
9	22	-2972
9	23	-148
9	24	-1708
9	25	-4108
9	26	1108
9	27	5428
9	28	4052
9	29	-1828
10	11	-452
10	12	572
10	13	3332
10	14	2132
10	15	-6092
10	16	-3868
10	17	2612
10	18	1468
10	19	3812
10	20	-1108
10	21	4052
10	22	2668
10	23	-2188
10	24	-3748
10	25	-2548
10	26	-4052
10	27	7468
10	28	2012
10	29	-268
11	12	-6332
11	13	1708
11	14	-692
11	15	-6148
11	16	5308
11	17	-1172
11	18	692
11	19	4828
11	20	-1052
11	21	988
11	22	-508
11	23	28
11	24	1588
11	25	388
11	26	6212
11	27	-1708
11	28	-572
11	29	1708
12	13	-1588
12	14	812
12	15	2428
12	16	-5188
12	17	1292
12	18	-812
12	19	-4708
12	20	1172
12	21	-868
12	22	3988
12	23	92
12	24	2132
12	25	-268
12	26	-6332
12	27	-2012
12	28	692
12	29	-1588
13	14	-3628
13	15	-332
13	16	-2428
13	17	-3148
13	18	-3572
13	19	1652
13	20	3932
13	21	1892
13	22	8428
13	23	2852
13	24	-2308
13	25	2492
13	26	-1892
13	27	2428
13	28	-7348
13	29	1172
14	15	-2732
14	16	-28
14	17	-748
14	18	8428
14	19	4052
14	20	-868
14	21	-2908
14	22	-1172
14	23	-1948
14	24	-3508
14	25	-2308
14	26	2908
14	27	3628
14	28	2252
14	29	-28
15	16	-332
15	17	-3212
15	18	-868
15	19	-4412
15	20	-3092
15	21	2548
15	22	1532
15	23	1588
15	24	3148
15	25	-1652
15	26	-2548
15	27	-3268
15	28	988
15	29	-332
16	17	-3148
16	18	3628
16	19	1652
16	20	-3268
16	21	-1708
16	22	-2372
16	23	2852
16	24	1292
16	25	2492
16	26	1708
16	27	-4772
16	28	-148
16	29	4772
17	18	-2852
17	19	932
17	20	-388
17	21	1172
17	22	1948
17	23	-5068
17	24	4172
17	25	-1828
17	26	-1172
17	27	-452
17	28	2732
17	29	-3148
18	19	6748
18	20	-6332
18	21	-692
18	22	-2428
18	23	-1652
18	24	-3692
18	25	-1292
18	26	692
18	27	3572
18	28	4948
18	29	3628
19	20	-2788
19	21	-1228
19	22	748
19	23	3332
19	24	1772
19	25	-4228
19	26	1228
19	27	1948
19	28	332
19	29	-1948
20	21	-6148
20	22	2068
20	23	2012
20	24	-3148
20	25	-1948
20	26	2548
20	27	-332
20	28	-988
20	29	-3268
21	22	4108
21	23	-3628
21	24	2012
21	25	3212
21	26	988
21	27	1708
21	28	572
21	29	5492
22	23	3148
22	24	1108
22	25	-92
22	26	-4108
22	27	2372
22	28	-4652
22	29	1228
23	24	2972
23	25	-3028
23	26	-3572
23	27	-2852
23	28	-5668
23	29	-748
24	25	-988
24	26	1588
24	27	-8492
24	28	-3628
24	29	-2308
25	26	388
25	27	-2492
25	28	-6028
25	29	6092
26	27	-1708
26	28	-572
26	29	1708
27	28	3748
27	29	-1172
28	29	-3748
