0	1	688
0	2	3952
0	3	-272
0	4	-1424
0	5	-2864
0	6	-176
0	7	-656
0	8	-272
0	9	-1744
0	10	1840
0	11	688
0	12	400
0	13	-2896
0	14	272
0	15	1712
0	16	560
0	17	-2672
0	18	496
0	19	-1744
0	20	688
0	21	-272
0	22	-496
0	23	560
1	2	656
1	3	-2032
1	4	-880
1	5	-1744
1	6	176
1	7	-3952
1	8	-2032
1	9	1744
1	10	-1840
1	11	-688
1	12	1904
1	13	-1712
1	14	-2576
1	15	-1712
1	16	1744
1	17	368
1	18	-496
1	19	1744
1	20	3920
1	21	2576
1	22	-1808
1	23	1744
2	3	-688
2	4	-1840
2	5	-2704
2	6	-784
2	7	-304
2	8	-688
2	9	-1904
2	10	1808
2	11	656
2	12	944
2	13	-3056
2	14	688
2	15	1552
2	16	400
2	17	-2896
2	18	848
2	19	-1904
2	20	656
2	21	-688
2	22	-848
2	23	400
3	4	80
3	5	1520
3	6	-1168
3	7	1616
3	8	1232
3	9	784
3	10	1424
3	11	272
3	12	-1744
3	13	1936
3	14	1072
3	15	1936
3	16	-1520
3	17	1328
3	18	464
3	19	-1520
3	20	-2032
3	21	-1072
3	22	-464
3	23	784
4	5	368
4	6	2288
4	7	464
4	8	80
4	9	-368
4	10	-2032
4	11	-880
4	12	-2896
4	13	784
4	14	-80
4	15	784
4	16	-368
4	17	176
4	18	-688
4	19	-368
4	20	-880
4	21	80
4	22	688
4	23	-2672
5	6	-880
5	7	1904
5	8	1520
5	9	496
5	10	-592
5	11	560
5	12	-1456
5	13	3952
5	14	784
5	15	-656
5	16	-1808
5	17	1616
5	18	-1552
5	19	496
5	20	-1744
5	21	-784
5	22	-752
5	23	496
6	7	-784
6	8	1136
6	9	-1424
6	10	-976
6	11	176
6	12	-1840
6	13	-272
6	14	-1136
6	15	-272
6	16	880
6	17	-1072
6	18	-1936
6	19	880
6	20	176
6	21	1136
6	22	1936
6	23	-1424
7	8	1616
7	9	-1904
7	10	1808
7	11	656
7	12	-1360
7	13	1552
7	14	2992
7	15	1552
7	16	-1904
7	17	-592
7	18	848
7	19	-1904
7	20	-3952
7	21	-2992
7	22	1456
7	23	-1904
8	9	-1520
8	10	1424
8	11	2576
8	12	-1744
8	13	1936
8	14	1072
8	15	-368
8	16	-1520
8	17	-976
8	18	-1840
8	19	784
8	20	-2032
8	21	-1072
8	22	1840
8	23	784
9	10	-1712
9	11	-560
9	12	1456
9	13	656
9	14	-784
9	15	-1648
9	16	-496
9	17	2992
9	18	1552
9	19	1808
9	20	1744
9	21	784
9	22	-1552
9	23	1808
10	11	464
10	12	752
10	13	-560
10	14	880
10	15	1744
10	16	592
10	17	-784
10	18	656
10	19	-1712
10	20	-1840
10	21	-880
10	22	1648
10	23	592
11	12	-400
11	13	592
11	14	2032
11	15	-1712
11	16	-2864
11	17	-1936
11	18	-496
11	19	1744
11	20	-688
11	21	-2032
11	22	496
11	23	1744
12	13	-2000
12	14	-560
12	15	-2000
12	16	1456
12	17	656
12	18	2096
12	19	1456
12	20	1904
12	21	560
12	22	208
12	23	1456
13	14	368
13	15	-496
13	16	-1648
13	17	1840
13	18	-1904
13	19	656
13	20	-1712
13	21	-368
13	22	-400
13	23	656
14	15	368
14	16	-3088
14	17	-1328
14	18	1840
14	19	-784
14	20	-2576
14	21	-3536
14	22	464
14	23	-784
15	16	656
15	17	-464
15	18	400
15	19	-3952
15	20	-1712
15	21	-368
15	22	-400
15	23	-1648
16	17	688
16	18	-752
16	19	-496
16	20	1744
16	21	3088
16	22	752
16	23	-496
17	18	560
17	19	688
17	20	368
17	21	1328
17	22	-560
17	23	688
18	19	-752
18	20	-496
18	21	-1840
18	22	304
18	23	-752
19	20	1744
19	21	784
19	22	752
19	23	1808
20	21	2576
20	22	-1808
20	23	1744
21	22	-464
21	23	784
22	23	-1552
