0	1	-48
0	2	1488
0	3	-2352
0	4	1296
0	5	-1200
0	6	1584
0	7	1200
0	8	48
0	9	-48
0	10	912
0	11	144
0	12	-912
0	13	2064
0	14	816
0	15	-1776
0	16	1104
0	17	-2352
0	18	1200
0	19	336
0	20	-2640
0	21	-1104
0	22	2352
0	23	2736
1	2	144
1	3	-1008
1	4	-48
1	5	144
1	6	624
1	7	-144
1	8	1008
1	9	-1008
1	10	-2736
1	11	-1200
1	12	48
1	13	1104
1	14	-528
1	15	-816
1	16	144
1	17	912
1	18	2160
1	19	1680
1	20	-1680
1	21	-144
1	22	1008
1	23	-528
2	3	-2544
2	4	-816
2	5	912
2	6	-912
2	7	1392
2	8	240
2	9	2064
2	10	1104
2	11	-1968
2	12	1584
2	13	-432
2	14	1008
2	15	-3888
2	16	912
2	17	-2160
2	18	-912
2	19	144
2	20	-144
2	21	-912
2	22	240
2	23	240
3	4	-48
3	5	-48
3	6	-528
3	7	-2256
3	8	-1104
3	9	-1200
3	10	336
3	11	1104
3	12	-144
3	13	-1008
3	14	432
3	15	3024
3	16	-48
3	17	1296
3	18	48
3	19	-1584
3	20	1584
3	21	48
3	22	-1104
3	23	-1680
4	5	1104
4	6	1584
4	7	-1104
4	8	2352
4	9	-48
4	10	-1392
4	11	2448
4	12	-912
4	13	2064
4	14	-1488
4	15	528
4	16	-1200
4	17	-48
4	18	1200
4	19	336
4	20	-336
4	21	1200
4	22	48
4	23	2736
5	6	-1680
5	7	-1104
5	8	2352
5	9	2256
5	10	-816
5	11	-48
5	12	1008
5	13	144
5	14	-720
5	15	-432
5	16	-1200
5	17	144
5	18	-1104
5	19	-432
5	20	2736
5	21	1200
5	22	-2256
5	23	-528
6	7	1680
6	8	528
6	9	-2832
6	10	-336
6	11	2736
6	12	-3120
6	13	1968
6	14	-2544
6	15	48
6	16	-1680
6	17	624
6	18	1680
6	19	3696
6	20	-1392
6	21	1680
6	22	528
6	23	1296
7	8	-48
7	9	48
7	10	816
7	11	48
7	12	-1008
7	13	-144
7	14	-1584
7	15	-1872
7	16	-1104
7	17	-144
7	18	-1200
7	19	2736
7	20	-432
7	21	1104
7	22	-48
7	23	528
8	9	1200
8	10	-2640
8	11	1200
8	12	144
8	13	1008
8	14	-2736
8	15	-720
8	16	-2256
8	17	1008
8	18	-48
8	19	1584
8	20	720
8	21	2256
8	22	-1200
8	23	1680
9	10	336
9	11	-1200
9	12	2160
9	13	-1008
9	14	432
9	15	-1584
9	16	-48
9	17	-1008
9	18	-2256
9	19	-1584
9	20	1584
9	21	48
9	22	-1104
9	23	624
10	11	-240
10	12	-1296
10	13	144
10	14	2736
10	15	144
10	16	1488
10	17	-2736
10	18	-1488
10	19	-1584
10	20	1584
10	21	-1488
10	22	-336
10	23	-1488
11	12	-2064
11	13	912
11	14	-2640
11	15	1680
11	16	-2352
11	17	1104
11	18	48
11	19	1488
11	20	816
11	21	2352
11	22	-1104
11	23	1584
12	13	-2640
12	14	912
12	15	-1680
12	16	1008
12	17	48
12	18	-1008
12	19	-2064
12	20	-240
12	21	-1008
12	22	144
12	23	336
13	14	240
13	15	528
13	16	144
13	17	-1200
13	18	2160
13	19	912
13	20	-912
13	21	-144
13	22	1008
13	23	816
14	15	48
14	16	3888
14	17	-2832
14	18	720
14	19	-3792
14	20	-816
14	21	-3888
14	22	1872
14	23	-1392
15	16	-432
15	17	1488
15	18	432
15	19	-1200
15	20	1200
15	21	432
15	22	-720
15	23	-1104
16	17	-2160
16	18	1200
16	19	-2736
16	20	-1872
16	21	-3408
16	22	2352
16	23	-528
17	18	-144
17	19	1680
17	20	624
17	21	2160
17	22	-1296
17	23	-528
18	19	432
18	20	-2736
18	21	-1200
18	22	2256
18	23	528
19	20	-336
19	21	2736
19	22	-720
19	23	240
20	21	1872
20	22	-3888
20	23	-2544
21	22	-2352
21	23	528
22	23	1680
