0	1	5436
0	2	9692
0	3	7892
0	4	-3300
0	5	-3860
0	6	172
0	7	-1844
0	8	612
0	9	2740
0	10	388
0	11	-60
0	12	2852
0	13	4308
0	14	396
0	15	612
0	16	-1060
0	17	164
0	18	-1732
0	19	1956
0	20	2068
0	21	-2860
0	22	7788
0	23	-1964
0	24	5428
0	25	-2964
0	26	1732
0	27	-612
1	2	6780
1	3	10804
1	4	3196
1	5	-3636
1	6	396
1	7	-1620
1	8	3524
1	9	-3756
1	10	-2972
1	11	2852
1	12	2628
1	13	4084
1	14	6892
1	15	388
1	16	2300
1	17	3076
1	18	-1508
1	19	1732
1	20	1844
1	21	52
1	22	1740
1	23	-2188
1	24	8340
1	25	-5876
1	26	4644
1	27	2748
2	3	6548
2	4	-8228
2	5	-2516
2	6	-1620
2	7	-500
2	8	-3868
2	9	-8012
2	10	2180
2	11	1732
2	12	4644
2	13	2964
2	14	4876
2	15	-732
2	16	6556
2	17	1956
2	18	-6660
2	19	3748
2	20	-5548
2	21	2068
2	22	-276
2	23	2964
2	24	4084
2	25	-4756
2	26	3524
2	27	-5540
3	4	3860
3	5	-4988
3	6	388
3	7	-732
3	8	-1172
3	9	-3300
3	10	-4084
3	11	5772
3	12	-276
3	13	-1732
3	14	6436
3	15	-7444
3	16	-1516
3	17	-724
3	18	-844
3	19	3756
3	20	6780
3	21	-3972
3	22	-956
3	23	-1732
3	24	6556
3	25	-5884
3	26	844
3	27	1172
4	5	-2964
4	6	10476
4	7	2188
4	8	9124
4	9	4980
4	10	2628
4	11	-956
4	12	-4316
4	13	-2860
4	14	1292
4	15	2852
4	16	2972
4	17	5540
4	18	2300
4	19	1060
4	20	7444
4	21	2516
4	22	5548
4	23	276
4	24	4532
4	25	1068
4	26	836
4	27	3420
5	6	508
5	7	-4644
5	8	-5996
5	9	2404
5	10	-3084
5	11	-396
5	12	2516
5	13	-5436
5	14	732
5	15	276
5	16	-724
5	17	-3308
5	18	-7668
5	19	-1516
5	20	-1404
5	21	-3196
5	22	-4420
5	23	7108
5	24	1956
5	25	-2628
5	26	-1740
5	27	-6548
6	7	-3748
6	8	2516
6	9	7780
6	10	-844
6	11	-1292
6	12	4756
6	13	-3196
6	14	-1508
6	15	11924
6	16	3308
6	17	2068
6	18	-3636
6	19	-2412
6	20	836
6	21	-956
6	22	-388
6	23	-60
6	24	1060
6	25	1404
6	26	500
6	27	-2516
7	8	7668
7	9	388
7	10	7444
7	11	3860
7	12	-8908
7	13	-1180
7	14	2748
7	15	-4876
7	16	-1844
7	17	948
7	18	-2516
7	19	2740
7	20	2852
7	21	1060
7	22	3868
7	23	-4316
7	24	-60
7	25	-612
7	26	8788
7	27	1740
8	9	3980
8	10	60
8	11	-5764
8	12	-2404
8	13	2412
8	14	2292
8	15	-3300
8	16	612
8	17	3420
8	18	1284
8	19	4764
8	20	1516
8	21	-2964
8	22	7444
8	23	-3860
8	24	1292
8	25	2516
8	26	4988
8	27	-2972
9	10	-2068
9	11	-4756
9	12	1740
9	13	-2852
9	14	1284
9	15	7116
9	16	-6668
9	17	1292
9	18	-2860
9	19	-9908
9	20	2524
9	21	-5092
9	22	3300
9	23	3420
9	24	-3972
9	25	1508
9	26	-276
9	27	5428
10	11	-5540
10	12	-2180
10	13	-9908
10	14	-1068
10	15	3196
10	16	3524
10	17	3644
10	18	-2076
10	19	8124
10	20	1740
10	21	3532
10	22	948
10	23	-500
10	24	-4756
10	25	2292
10	26	-1060
10	27	3076
11	12	-1732
11	13	3084
11	14	1620
11	15	-2628
11	16	-60
11	17	-2180
11	18	3748
11	19	-3972
11	20	2188
11	21	844
11	22	500
11	23	-6324
11	24	5100
11	25	-4428
11	26	5660
11	27	2628
12	13	-2964
12	14	1396
12	15	7004
12	16	2852
12	17	1180
12	18	-5884
12	19	2524
12	20	-6996
12	21	-2068
12	22	-5996
12	23	172
12	24	-7220
12	25	4756
12	26	-3524
12	27	2404
13	14	-284
13	15	-3860
13	16	1172
13	17	-6548
13	18	4980
13	19	-5204
13	20	-5316
13	21	9020
13	22	4868
13	23	-4420
13	24	7004
13	25	-60
13	26	4428
13	27	-2412
14	15	2292
14	16	396
14	17	4980
14	18	-3412
14	19	-2636
14	20	612
14	21	-1180
14	22	-164
14	23	5988
14	24	3972
14	25	-7780
14	26	276
14	27	844
15	16	3748
15	17	3420
15	18	-1852
15	19	-4644
15	20	-1620
15	21	172
15	22	1172
15	23	2412
15	24	-1844
15	25	-620
15	26	-1284
15	27	3300
16	17	164
16	18	-8004
16	19	8228
16	20	-4204
16	21	6548
16	22	4652
16	23	1172
16	24	5428
16	25	-6100
16	26	-1404
16	27	-3748
17	18	836
17	19	-1060
17	20	5100
17	21	-2516
17	22	724
17	23	5996
17	24	-4532
17	25	5204
17	26	2300
17	27	5988
18	19	-3644
18	20	2740
18	21	4084
18	22	844
18	23	-1292
18	24	-172
18	25	2636
18	26	-3868
18	27	4988
19	20	-2964
19	21	1964
19	22	-620
19	23	-8340
19	24	-52
19	25	724
19	26	-2628
19	27	-4764
20	21	-1284
20	22	5764
20	23	956
20	24	-164
20	25	-2300
20	26	-2740
20	27	11028
21	22	3972
21	23	-388
21	24	1628
21	25	-4092
21	26	-7220
21	27	6100
22	23	-1404
22	24	9124
22	25	-9796
22	26	2292
22	27	1964
23	24	732
23	25	-3196
23	26	-4980
23	27	724
24	25	-11484
24	26	172
24	27	-7564
25	26	3636
25	27	620
26	27	-4988
