0	1	332
0	2	524
0	3	332
0	4	140
0	5	196
0	6	140
0	7	-4
0	8	-52
0	9	-196
0	10	-140
0	11	580
1	2	292
1	3	484
1	4	100
1	5	140
1	6	100
1	7	-332
1	8	-284
1	9	-140
1	10	-100
1	11	332
2	3	292
2	4	484
2	5	332
2	6	-92
2	7	52
2	8	100
2	9	-332
2	10	92
2	11	524
3	4	100
3	5	140
3	6	100
3	7	-332
3	8	-284
3	9	-140
3	10	-100
3	11	332
4	5	524
4	6	-284
4	7	-140
4	8	484
4	9	-524
4	10	284
4	11	140
5	6	-52
5	7	-196
5	8	332
5	9	-388
5	10	52
5	11	196
6	7	-140
6	8	-92
6	9	52
6	10	-292
6	11	140
7	8	52
7	9	196
7	10	140
7	11	-4
8	9	-332
8	10	92
8	11	-52
9	10	-52
9	11	-196
10	11	-140
