0	1	-28
0	2	-164
0	3	-412
0	4	212
0	5	172
0	6	124
0	7	308
0	8	308
0	9	-308
0	10	212
0	11	28
1	2	308
1	3	-308
1	4	220
1	5	-28
1	6	20
1	7	124
1	8	124
1	9	-124
1	10	-356
1	11	116
2	3	-76
2	4	-28
2	5	412
2	6	-212
2	7	68
2	8	68
2	9	-68
2	10	-28
2	11	-308
3	4	-548
3	5	164
3	6	212
3	7	-68
3	8	-68
3	9	68
3	10	28
3	11	-268
4	5	-364
4	6	-316
4	7	-116
4	8	-116
4	9	116
4	10	-20
4	11	356
5	6	124
5	7	308
5	8	308
5	9	-308
5	10	212
5	11	-548
6	7	356
6	8	356
6	9	-356
6	10	-316
6	11	-20
7	8	364
7	9	-364
7	10	-116
7	11	-124
8	9	-364
8	10	-116
8	11	-124
9	10	116
9	11	124
10	11	-220
