0	1	-184
0	2	-152
0	3	40
0	4	104
0	5	520
0	6	-104
0	7	40
0	8	104
0	9	-376
0	10	248
0	11	-8
1	2	-104
1	3	88
1	4	56
1	5	-8
1	6	-56
1	7	88
1	8	56
1	9	152
1	10	-376
1	11	40
2	3	-328
2	4	184
2	5	-232
2	6	-184
2	7	248
2	8	184
2	9	88
2	10	40
2	11	296
3	4	-200
3	5	152
3	6	200
3	7	-520
3	8	-200
3	9	280
3	10	232
3	11	104
4	5	280
4	6	-344
4	7	376
4	8	344
4	9	-136
4	10	-88
4	11	328
5	6	-280
5	7	152
5	8	280
5	9	-392
5	10	136
5	11	200
6	7	-376
6	8	-344
6	9	136
6	10	88
6	11	-328
7	8	376
7	9	-296
7	10	-344
7	11	104
8	9	-136
8	10	-88
8	11	328
9	10	8
9	11	232
10	11	184
