0	1	236
0	2	388
0	3	-100
0	4	-380
0	5	92
0	6	-100
0	7	-100
0	8	92
0	9	44
0	10	44
0	11	188
1	2	236
1	3	-524
1	4	-148
1	5	436
1	6	52
1	7	-524
1	8	-140
1	9	-92
1	10	484
1	11	-236
2	3	-100
2	4	-380
2	5	92
2	6	-100
2	7	-100
2	8	92
2	9	44
2	10	44
2	11	188
3	4	92
3	5	-380
3	6	-188
3	7	388
3	8	196
3	9	244
3	10	-332
3	11	100
4	5	-292
4	6	92
4	7	92
4	8	-292
4	9	236
4	10	236
4	11	-196
5	6	196
5	7	-380
5	8	4
5	9	-524
5	10	52
5	11	-92
6	7	-188
6	8	-380
6	9	-332
6	10	244
6	11	100
7	8	196
7	9	244
7	10	-332
7	11	100
8	9	52
8	10	-524
8	11	-92
9	10	100
9	11	-44
10	11	-44
