0	1	120
0	2	2200
0	3	760
0	4	-1000
0	5	1640
0	6	2040
0	7	-1320
0	8	-1400
0	9	1160
0	10	-1240
0	11	-1320
0	12	-440
0	13	-2200
0	14	1080
0	15	360
0	16	2120
0	17	1160
0	18	-2200
0	19	200
1	2	360
1	3	-120
1	4	360
1	5	-1000
1	6	-1400
1	7	-920
1	8	440
1	9	1400
1	10	-1000
1	11	-920
1	12	-520
1	13	-360
1	14	-1720
1	15	-2600
1	16	-1160
1	17	-1800
1	18	-360
1	19	760
2	3	1960
2	4	-120
2	5	1080
2	6	2280
2	7	-1400
2	8	-680
2	9	-680
2	10	-1480
2	11	-1400
2	12	-40
2	13	-3080
2	14	1000
2	15	120
2	16	-40
2	17	920
2	18	-1480
2	19	1880
3	4	360
3	5	-1320
3	6	2280
3	7	40
3	8	440
3	9	-680
3	10	120
3	11	40
3	12	-200
3	13	-1960
3	14	840
3	15	120
3	16	280
3	17	-680
3	18	-360
3	19	1560
4	5	-520
4	6	-920
4	7	-1400
4	8	920
4	9	-680
4	10	120
4	11	-1400
4	12	3160
4	13	120
4	14	2600
4	15	1720
4	16	-40
4	17	-680
4	18	1720
4	19	-1320
5	6	-40
5	7	-840
5	8	-1880
5	9	40
5	10	-760
5	11	-840
5	12	680
5	13	-1080
5	14	1560
5	15	840
5	16	-600
5	17	1640
5	18	-1080
5	19	680
6	7	-1240
6	8	120
6	9	-360
6	10	440
6	11	360
6	12	-520
6	13	-2280
6	14	1160
6	15	2040
6	16	2200
6	17	1240
6	18	-680
6	19	280
7	8	-1000
7	9	-360
7	10	2040
7	11	520
7	12	-360
7	13	1400
7	14	-1880
7	15	-1160
7	16	-1320
7	17	-360
7	18	-200
7	19	-1000
8	9	1480
8	10	-920
8	11	600
8	12	-760
8	13	680
8	14	-200
8	15	680
8	16	840
8	17	-120
8	18	2280
8	19	520
9	10	-440
9	11	-360
9	12	-1080
9	13	680
9	14	-1160
9	15	-440
9	16	1000
9	17	360
9	18	680
9	19	-280
10	11	440
10	12	1320
10	13	1480
10	14	-360
10	15	360
10	16	200
10	17	-440
10	18	-120
10	19	-2680
11	12	-1960
11	13	1400
11	14	-280
11	15	440
11	16	280
11	17	-1960
11	18	1400
11	19	600
12	13	40
12	14	2040
12	15	1320
12	16	-120
12	17	520
12	18	40
12	19	-2040
13	14	-1000
13	15	-120
13	16	40
13	17	-920
13	18	1480
13	19	-1880
14	15	2840
14	16	1080
14	17	440
14	18	600
14	19	-200
15	16	1800
15	17	1160
15	18	1480
15	19	-1080
16	17	1000
16	18	40
16	19	-1240
17	18	-920
17	19	-280
18	19	-280
