0	1	-456
0	2	376
0	3	-2104
0	4	-936
0	5	904
0	6	424
0	7	296
0	8	-2296
0	9	904
0	10	216
0	11	2056
0	12	216
0	13	744
0	14	1064
0	15	1176
0	16	1176
0	17	-344
0	18	104
0	19	-696
1	2	936
1	3	56
1	4	-1496
1	5	344
1	6	-1736
1	7	856
1	8	-1256
1	9	344
1	10	-824
1	11	-2184
1	12	-824
1	13	-1416
1	14	-1096
1	15	1736
1	16	136
1	17	-1384
1	18	1144
1	19	344
2	3	24
2	4	-184
2	5	-424
2	6	56
2	7	824
2	8	-424
2	9	-424
2	10	-2296
2	11	-936
2	12	-2296
2	13	-264
2	14	-584
2	15	-56
2	16	1544
2	17	-1736
2	18	-1224
2	19	1176
3	4	536
3	5	296
3	6	-824
3	7	-1496
3	8	296
3	9	296
3	10	184
3	11	-1656
3	12	184
3	13	-2744
3	14	136
3	15	-776
3	16	-776
3	17	-856
3	18	1096
3	19	1896
4	5	-136
4	6	984
4	7	-1864
4	8	-136
4	9	-3336
4	10	1256
4	11	1496
4	12	-1944
4	13	-296
4	14	-1576
4	15	-984
4	16	-2584
4	17	696
4	18	-936
4	19	-136
5	6	-1976
5	7	1096
5	8	-3096
5	9	104
5	10	2616
5	11	-344
5	12	-584
5	13	-56
5	14	264
5	15	376
5	16	376
5	17	456
5	18	2504
5	19	1704
6	7	-24
6	8	1224
6	9	-376
6	10	-104
6	11	1736
6	12	1496
6	13	-536
6	14	1384
6	15	-2344
6	16	-744
6	17	936
6	18	-2776
6	19	-376
7	8	-504
7	9	1096
7	10	984
7	11	-856
7	12	984
7	13	1256
7	14	936
7	15	-1576
7	16	1624
7	17	-56
7	18	296
7	19	1096
8	9	104
8	10	-2184
8	11	-344
8	12	1016
8	13	1544
8	14	264
8	15	-1224
8	16	376
8	17	456
8	18	-2296
8	19	-1496
9	10	-584
9	11	-344
9	12	2616
9	13	-56
9	14	1864
9	15	376
9	16	1976
9	17	-1144
9	18	904
9	19	104
10	11	824
10	12	1064
10	13	-424
10	14	856
10	15	-1496
10	16	-1496
10	17	1624
10	18	1816
10	19	1016
11	12	824
11	13	1416
11	14	1096
11	15	-136
11	16	-136
11	17	-216
11	18	-1144
11	19	-1944
12	13	-424
12	14	2456
12	15	-1496
12	16	104
12	17	24
12	18	216
12	19	-584
13	14	104
13	15	536
13	16	2136
13	17	616
13	18	-856
13	19	-1656
14	15	-1384
14	16	1816
14	17	296
14	18	-536
14	19	264
15	16	744
15	17	-936
15	18	1176
15	19	-1224
16	17	-936
16	18	-424
16	19	376
17	18	-344
17	19	456
18	19	904
