0	1	-260
0	2	-28
0	3	68
0	4	-20
0	5	124
0	6	500
0	7	-548
0	8	-124
0	9	-548
0	10	-20
0	11	-268
1	2	500
1	3	20
1	4	-548
1	5	-404
1	6	-700
1	7	652
1	8	980
1	9	-500
1	10	604
1	11	260
2	3	-308
2	4	260
2	5	-460
2	6	-164
2	7	-364
2	8	-116
2	9	212
2	10	836
2	11	28
3	4	-220
3	5	212
3	6	-260
3	7	-268
3	8	-212
3	9	308
3	10	356
3	11	-68
4	5	-164
4	6	212
4	7	-836
4	8	-988
4	9	-260
4	10	-308
4	11	20
5	6	68
5	7	-116
5	8	20
5	9	-116
5	10	-740
5	11	-124
6	7	-412
6	8	-644
6	9	164
6	10	212
6	11	76
7	8	1268
7	9	-212
7	10	316
7	11	548
8	9	-460
8	10	164
8	11	124
9	10	316
9	11	-28
10	11	596
