0	1	-880
0	2	304
0	3	464
0	4	400
0	5	1040
0	6	128
0	7	464
0	8	-128
0	9	560
0	10	-112
0	11	560
1	2	464
1	3	-656
1	4	368
1	5	-656
1	6	256
1	7	-656
1	8	-832
1	9	-176
1	10	-656
1	11	-176
2	3	80
2	4	208
2	5	656
2	6	320
2	7	80
2	8	-320
2	9	176
2	10	-496
2	11	176
3	4	560
3	5	304
3	6	640
3	7	-272
3	8	1088
3	9	-368
3	10	880
3	11	208
4	5	-16
4	6	224
4	7	-16
4	8	352
4	9	656
4	10	-16
4	11	656
5	6	64
5	7	304
5	8	-64
5	9	208
5	10	-272
5	11	208
6	7	-1088
6	8	176
6	9	-608
6	10	64
6	11	-32
7	8	-64
7	9	784
7	10	-272
7	11	208
8	9	32
8	10	1088
8	11	32
9	10	-368
9	11	112
10	11	-368
