0	1	440
0	2	232
0	3	344
0	4	-184
0	5	616
0	6	376
0	7	-488
0	8	-344
0	9	-104
0	10	-296
0	11	776
1	2	-136
1	3	136
1	4	88
1	5	632
1	6	296
1	7	8
1	8	-136
1	9	200
1	10	-184
1	11	-296
2	3	344
2	4	-184
2	5	40
2	6	376
2	7	88
2	8	-920
2	9	-680
2	10	-296
2	11	200
3	4	-968
3	5	536
3	6	776
3	7	-664
3	8	-808
3	9	-472
3	10	296
3	11	-200
4	5	8
4	6	-904
4	7	536
4	8	968
4	9	728
4	10	-232
4	11	328
5	6	-392
5	7	-680
5	8	40
5	9	-296
5	10	88
5	11	-184
6	7	-344
6	8	-776
6	9	-536
6	10	-152
6	11	56
7	8	88
7	9	328
7	10	136
7	11	344
8	9	472
8	10	-296
8	11	200
9	10	-56
9	11	-40
10	11	152
