0	1	-268
0	2	220
0	3	20
0	4	-124
0	5	-28
0	6	172
0	7	364
0	8	28
0	9	-412
0	10	-172
0	11	596
1	2	1084
1	3	308
1	4	-412
1	5	260
1	6	460
1	7	-500
1	8	-260
1	9	-124
1	10	-460
1	11	308
2	3	220
2	4	-212
2	5	844
2	6	164
2	7	-28
2	8	-268
2	9	-500
2	10	-164
2	11	220
3	4	-124
3	5	-28
3	6	172
3	7	364
3	8	-548
3	9	-412
3	10	-748
3	11	20
4	5	404
4	6	316
4	7	508
4	8	172
4	9	20
4	10	260
4	11	-700
5	6	220
5	7	412
5	8	76
5	9	-460
5	10	356
5	11	-604
6	7	-556
6	8	-796
6	9	28
6	10	-788
6	11	172
7	8	164
7	9	220
7	10	-20
7	11	-212
8	9	-116
8	10	796
8	11	28
9	10	-604
9	11	164
10	11	-748
