0	1	-128
0	2	16
0	3	-448
0	4	-976
0	5	512
0	6	256
0	7	16
0	8	880
0	9	-416
0	10	-400
0	11	-656
1	2	-592
1	3	448
1	4	-176
1	5	64
1	6	-256
1	7	-592
1	8	-304
1	9	416
1	10	-176
1	11	80
2	3	592
2	4	-32
2	5	-368
2	6	-400
2	7	416
2	8	-448
2	9	-880
2	10	-608
2	11	-64
3	4	176
3	5	-640
3	6	-320
3	7	16
3	8	-848
3	9	-416
3	10	-400
3	11	496
4	5	-1168
4	6	208
4	7	-32
4	8	-896
4	9	112
4	10	224
4	11	1024
5	6	-128
5	7	208
5	8	1072
5	9	352
5	10	-16
5	11	-1040
6	7	-400
6	8	-112
6	9	32
6	10	208
6	11	272
7	8	704
7	9	-880
7	10	544
7	11	-64
8	9	-16
8	10	256
8	11	-928
9	10	112
9	11	-208
10	11	448
