0	1	-1276
0	2	-4548
0	3	292
0	4	-3204
0	5	2060
0	6	1412
0	7	1636
0	8	-1724
0	9	-1500
0	10	-156
0	11	-852
0	12	2732
0	13	828
0	14	5084
0	15	-2084
0	16	940
0	17	3316
0	18	156
0	19	4076
0	20	-404
0	21	-6204
0	22	-1164
0	23	-1412
0	24	3292
0	25	-1300
0	26	1524
0	27	3404
1	2	-68
1	3	-4188
1	4	-1860
1	5	-2868
1	6	-3068
1	7	292
1	8	68
1	9	9700
1	10	-4636
1	11	3628
1	12	-2196
1	13	-964
1	14	156
1	15	2396
1	16	-852
1	17	-7436
1	18	-1636
1	19	-3988
1	20	7212
1	21	-1276
1	22	3764
1	23	3068
1	24	4636
1	25	-6228
1	26	180
1	27	4748
2	3	1500
2	4	-4860
2	5	-716
2	6	380
2	7	156
2	8	3516
2	9	3292
2	10	1948
2	11	2196
2	12	-1388
2	13	516
2	14	-3740
2	15	-2844
2	16	-2732
2	17	-4660
2	18	1188
2	19	-2732
2	20	-4524
2	21	1724
2	22	2956
2	23	2756
2	24	4324
2	25	2644
2	26	-2868
2	27	1076
3	4	-292
3	5	-1300
3	6	-1500
3	7	-7548
3	8	-1500
3	9	-1276
3	10	6340
3	11	-1076
3	12	-3764
3	13	3740
3	14	-1412
3	15	828
3	16	716
3	17	404
3	18	6204
3	19	-2420
3	20	-3764
3	21	292
3	22	-7212
3	23	-1636
3	24	3068
3	25	4748
3	26	4884
3	27	-3092
4	5	1076
4	6	-1412
4	7	-1636
4	8	-4548
4	9	-4772
4	10	3292
4	11	852
4	12	404
4	13	2308
4	14	-5084
4	15	-1052
4	16	-4076
4	17	-180
4	18	-156
4	19	2196
4	20	3540
4	21	3068
4	22	-1972
4	23	-1724
4	24	-6428
4	25	-1836
4	26	4748
4	27	-9676
5	6	-2420
5	7	3628
5	8	3852
5	9	492
5	10	-852
5	11	1860
5	12	4548
5	13	-2956
5	14	-940
5	15	-3180
5	16	68
5	17	5084
5	18	-2284
5	19	6340
5	20	-4860
5	21	2060
5	22	156
5	23	-716
5	24	852
5	25	-3964
5	26	604
5	27	740
6	7	-156
6	8	2756
6	9	-156
6	10	1188
6	11	4076
6	12	4524
6	13	-3652
6	14	-2532
6	15	-292
6	16	2732
6	17	1524
6	18	-1188
6	19	2732
6	20	-1748
6	21	-1724
6	22	180
6	23	3516
6	24	1948
6	25	3628
6	26	-268
6	27	2060
7	8	-156
7	9	68
7	10	-4860
7	11	716
7	12	7436
7	13	-3876
7	14	380
7	15	-3652
7	16	-628
7	17	1748
7	18	-7684
7	19	8780
7	20	1164
7	21	1636
7	22	9812
7	23	156
7	24	1724
7	25	268
7	26	-3180
7	27	4972
8	9	2980
8	10	-1948
8	11	4076
8	12	-1748
8	13	-3652
8	14	-2532
8	15	2844
8	16	2732
8	17	1524
8	18	-1188
8	19	-3540
8	20	-1748
8	21	-1724
8	22	180
8	23	3516
8	24	1948
8	25	492
8	26	-3404
8	27	5196
9	10	-1724
9	11	6988
9	12	1164
9	13	-3876
9	14	380
9	15	2620
9	16	2508
9	17	-4524
9	18	-1412
9	19	-3764
9	20	4300
9	21	1636
9	22	3540
9	23	3292
9	24	7996
9	25	-2868
9	26	-44
9	27	4972
10	11	5644
10	12	-180
10	13	-2084
10	14	-964
10	15	1276
10	16	1164
10	17	-3180
10	18	380
10	19	-1972
10	20	-180
10	21	2980
10	22	-4524
10	23	1948
10	24	380
10	25	2060
10	26	4436
10	27	-5780
11	12	4324
11	13	-9452
11	14	-4300
11	15	2868
11	16	2980
11	17	-4100
11	18	-2508
11	19	-156
11	20	4324
11	21	5420
11	22	3516
11	23	5332
11	24	6900
11	25	-1052
11	26	828
11	27	516
12	13	-6764
12	14	1524
12	15	-3852
12	16	2532
12	17	2620
12	18	-6092
12	19	8804
12	20	-2396
12	21	5868
12	22	3964
12	23	1748
12	24	3316
12	25	1636
12	26	1276
12	27	68
13	14	292
13	15	1188
13	16	-8108
13	17	716
13	18	5220
13	19	-1836
13	20	-3628
13	21	-5444
13	22	-4212
13	23	-2620
13	24	-4188
13	25	-2732
13	26	2508
13	27	-1164
14	15	68
14	16	3316
14	17	1836
14	18	-2172
14	19	-2956
14	20	1524
14	21	-1188
14	22	-3092
14	23	-3740
14	24	-2172
14	25	-716
14	26	-2644
14	27	852
15	16	1076
15	17	940
15	18	1860
15	19	-5196
15	20	2420
15	21	1052
15	22	-852
15	23	3428
15	24	-1276
15	25	-2956
15	26	2732
15	27	1748
16	17	3964
16	18	-1164
16	19	-1948
16	20	2532
16	21	940
16	22	-964
16	23	404
16	24	1972
16	25	3428
16	26	-516
16	27	1860
17	18	3180
17	19	3964
17	20	-3652
17	21	180
17	22	-1052
17	23	-4660
17	24	-3092
17	25	1724
17	26	-1500
17	27	156
18	19	-4300
18	20	-2956
18	21	156
18	22	-4884
18	23	-5084
18	24	-380
18	25	1076
18	26	-1300
18	27	-3628
19	20	-3740
19	21	940
19	22	5308
19	23	404
19	24	1972
19	25	292
19	26	2620
19	27	1860
20	21	-404
20	22	3964
20	23	-1388
20	24	180
20	25	-1500
20	26	-1860
20	27	68
21	22	1972
21	23	-1412
21	24	156
21	25	1836
21	26	-1612
21	27	-6004
22	23	2956
22	24	4524
22	25	-68
22	26	-2844
22	27	4636
23	24	4324
23	25	-3628
23	26	6540
23	27	4212
24	25	1076
24	26	1836
24	27	5780
25	26	-2756
25	27	-2172
26	27	-1188
