0	1	484
0	2	-6908
0	3	-4220
0	4	300
0	5	1604
0	6	3844
0	7	-2092
0	8	-3396
0	9	-708
0	10	-3060
0	11	932
0	12	-2612
0	13	-1268
0	14	1756
0	15	-6308
0	16	708
0	17	-860
0	18	820
0	19	-4892
0	20	-6644
0	21	-596
0	22	2316
0	23	-1308
0	24	-1380
0	25	-3956
0	26	-260
0	27	1980
1	2	3884
1	3	-1940
1	4	-3548
1	5	1644
1	6	8812
1	7	-932
1	8	6420
1	9	3732
1	10	2948
1	11	-820
1	12	-3772
1	13	-1980
1	14	1268
1	15	3060
1	16	-3732
1	17	4108
1	18	-6980
1	19	-4404
1	20	-2876
1	21	3620
1	22	-2428
1	23	-1716
1	24	1268
1	25	708
1	26	148
1	27	4180
2	3	2316
2	4	-4668
2	5	-372
2	6	524
2	7	188
2	8	5300
2	9	5748
2	10	4964
2	11	300
2	12	-1756
2	13	36
2	14	148
2	15	1940
2	16	-2612
2	17	2092
2	18	-2724
2	19	2988
2	20	5412
2	21	2500
2	22	-412
2	23	-596
2	24	148
2	25	5860
2	26	-972
2	27	3060
3	4	1156
3	5	76
3	6	-2164
3	7	3772
3	8	4852
3	9	-972
3	10	-1756
3	11	748
3	12	4068
3	13	-3548
3	14	-3436
3	15	4628
3	16	-2164
3	17	-6868
3	18	7132
3	19	300
3	20	1828
3	21	-4220
3	22	2276
3	23	2988
3	24	9108
3	25	5412
3	26	1716
3	27	-524
4	5	-8700
4	6	-3324
4	7	148
4	8	-5636
4	9	188
4	10	-8436
4	11	-3100
4	12	4556
4	13	-6644
4	14	-484
4	15	-2276
4	16	-188
4	17	-1756
4	18	3060
4	19	484
4	20	-2612
4	21	300
4	22	-6196
4	23	-5340
4	24	-3620
4	25	76
4	26	-5636
4	27	-3396
5	6	4556
5	7	1084
5	8	4404
5	9	-1420
5	10	7204
5	11	7468
5	12	-5788
5	13	5412
5	14	-748
5	15	4180
5	16	-1716
5	17	-148
5	18	1308
5	19	748
5	20	1380
5	21	-1532
5	22	11236
5	23	300
5	24	5524
5	25	1828
5	26	1268
5	27	2164
6	7	-4292
6	8	6644
6	9	3956
6	10	6308
6	11	2092
6	12	-3548
6	13	-1756
6	14	4628
6	15	148
6	16	-3956
6	17	748
6	18	-932
6	19	-4628
6	20	-2652
6	21	708
6	22	932
6	23	-1940
6	24	1492
6	25	-2204
6	26	-2764
6	27	1268
7	8	708
7	9	-1980
7	10	372
7	11	4892
7	12	6196
7	13	-1420
7	14	-4444
7	15	6756
7	16	1980
7	17	-2724
7	18	1868
7	19	4444
7	20	-2316
7	21	1044
7	22	4404
7	23	-2276
7	24	4964
7	25	4404
7	26	708
7	27	1604
8	9	2764
8	10	6684
8	11	3732
8	12	-2276
8	13	-932
8	14	2092
8	15	6572
8	16	-2764
8	17	-1196
8	18	484
8	19	-2092
8	20	-36
8	21	-3396
8	22	2652
8	23	4628
8	24	5228
8	25	5788
8	26	3212
8	27	-820
9	10	-36
9	11	1044
9	12	-5860
9	13	-1380
9	14	-1492
9	15	-148
9	16	820
9	17	2388
9	18	-2204
9	19	-1644
9	20	-484
9	21	2428
9	22	-932
9	23	-4332
9	24	-1492
9	25	2204
9	26	-3508
9	27	1868
10	11	6532
10	12	-1940
10	13	5676
10	14	2428
10	15	3772
10	16	36
10	17	-1532
10	18	-2988
10	19	3844
10	20	300
10	21	76
10	22	6124
10	23	1156
10	24	2428
10	25	-148
10	26	412
10	27	-484
11	12	-188
11	13	1604
11	14	-1420
11	15	3508
11	16	2092
11	17	-2612
11	18	1980
11	19	4556
11	20	-2428
11	21	932
11	22	10564
11	23	-2164
11	24	4852
11	25	4292
11	26	-2540
11	27	1492
12	13	-6420
12	14	-260
12	15	1084
12	16	2724
12	17	-1980
12	18	2836
12	19	3396
12	20	748
12	21	3660
12	22	-2836
12	23	708
12	24	2876
12	25	300
12	26	-2276
12	27	-36
13	14	-2052
13	15	-708
13	16	1380
13	17	-3324
13	18	-1644
13	19	5188
13	20	-1044
13	21	-4404
13	22	4780
13	23	2500
13	24	1084
13	25	-1492
13	26	5340
13	27	-1828
14	15	-820
14	16	-1644
14	17	3060
14	18	-1532
14	19	-4108
14	20	-1156
14	21	-1380
14	22	-4740
14	23	2612
14	24	-5300
14	25	-4740
14	26	2092
14	27	-1940
15	16	148
15	17	1716
15	18	260
15	19	820
15	20	188
15	21	-36
15	22	2876
15	23	1268
15	24	5452
15	25	2876
15	26	3436
15	27	-596
16	17	748
16	18	-4068
16	19	1644
16	20	-2652
16	21	3844
16	22	932
16	23	1196
16	24	1492
16	25	-2204
16	26	372
16	27	-1868
17	18	-5636
17	19	-3060
17	20	5188
17	21	8548
17	22	-3772
17	23	-372
17	24	-6348
17	25	-636
17	26	-1196
17	27	2836
18	19	1532
18	20	596
18	21	-5452
18	22	4180
18	23	1084
18	24	4740
18	25	4180
18	26	484
18	27	-1756
19	20	1156
19	21	1380
19	22	4740
19	23	-2612
19	24	2164
19	25	4740
19	26	-2092
19	27	-1196
20	21	2764
20	22	-596
20	23	1604
20	24	-1156
20	25	2540
20	26	-3172
20	27	2204
21	22	-820
21	23	-4444
21	24	-1380
21	25	-820
21	26	-6532
21	27	5116
22	23	-1084
22	24	7804
22	25	5228
22	26	-484
22	27	1756
23	24	2612
23	25	-1084
23	26	7764
23	27	-748
24	25	4668
24	26	2092
24	27	1196
25	26	-484
25	27	-1380
26	27	-3956
