0	1	-1048
0	2	-40
0	3	-1944
0	4	-5560
0	5	-4632
0	6	4072
0	7	-184
0	8	-3432
0	9	1752
0	10	5000
0	11	5112
0	12	1640
0	13	6648
0	14	-936
0	15	-296
0	16	3736
0	17	-2728
0	18	3400
0	19	-5080
0	20	-72
0	21	-6760
0	22	936
0	23	488
0	24	-1048
0	25	-6760
0	26	-5560
0	27	5896
1	2	-4296
1	3	72
1	4	4968
1	5	-2616
1	6	2056
1	7	936
1	8	-2312
1	9	-2504
1	10	744
1	11	856
1	12	520
1	13	1496
1	14	1080
1	15	7096
1	16	4856
1	17	2424
1	18	-4888
1	19	-3064
1	20	4184
1	21	1528
1	22	-4216
1	23	-1528
1	24	968
1	25	-1608
1	26	-4440
1	27	1640
2	3	1080
2	4	824
2	5	1528
2	6	-2088
2	7	-72
2	8	-184
2	9	-1496
2	10	4888
2	11	-1272
2	12	-1608
2	13	488
2	14	5224
2	15	2952
2	16	-2424
2	17	-2840
2	18	376
2	19	-2056
2	20	-3096
2	21	-6872
2	22	1048
2	23	600
2	24	-4296
2	25	2536
2	26	824
2	27	-3624
3	4	2728
3	5	-3512
3	6	-3320
3	7	-1304
3	8	-4552
3	9	-264
3	10	2984
3	11	-3176
3	12	-6648
3	13	-744
3	14	3320
3	15	-1416
3	16	-520
3	17	1528
3	18	5416
3	19	2312
3	20	5080
3	21	632
3	22	-3320
3	23	5640
3	24	-3064
3	25	3768
3	26	-408
3	27	-5528
4	5	-856
4	6	-4856
4	7	2536
4	8	-488
4	9	2168
4	10	2056
4	11	-1192
4	12	-3992
4	13	-1160
4	14	1720
4	15	5784
4	16	-4520
4	17	3512
4	18	-4184
4	19	-408
4	20	2424
4	21	1272
4	22	1416
4	23	-1272
4	24	1832
4	25	4408
4	26	1640
4	27	-1976
5	6	-632
5	7	7656
5	8	4408
5	9	-2952
5	10	-5976
5	11	408
5	12	72
5	13	-1192
5	14	632
5	15	-1864
5	16	-968
5	17	-1160
5	18	-1304
5	19	2760
5	20	-4776
5	21	1080
5	22	2504
5	23	-1080
5	24	6792
5	25	1080
5	26	-856
5	27	-5080
6	7	-824
6	8	5560
6	9	-744
6	10	2280
6	11	2168
6	12	2504
6	13	1752
6	14	1944
6	15	-712
6	16	1528
6	17	-2536
6	18	1864
6	19	-3320
6	20	-4072
6	21	-1640
6	22	-5080
6	23	1640
6	24	2056
6	25	-1640
6	26	-1720
6	27	4520
7	8	408
7	9	1272
7	10	-1976
7	11	1048
7	12	1384
7	13	2872
7	14	3960
7	15	408
7	16	-488
7	17	-520
7	18	-152
7	19	1832
7	20	-2952
7	21	-2760
7	22	2312
7	23	-3512
7	24	4072
7	25	-2760
7	26	-3736
7	27	-2872
8	9	-1976
8	10	1048
8	11	936
8	12	4408
8	13	-3288
8	14	-2424
8	15	520
8	16	-3512
8	17	-3768
8	18	-3176
8	19	1720
8	20	-5976
8	21	3400
8	22	2424
8	23	-264
8	24	7096
8	25	3400
8	26	2648
8	27	152
9	10	408
9	11	3656
9	12	3320
9	13	4968
9	14	744
9	15	-1976
9	16	-4216
9	17	-4184
9	18	1720
9	19	-264
9	20	-1752
9	21	-1944
9	22	2392
9	23	1944
9	24	-2504
9	25	-5080
9	26	2168
9	27	4440
10	11	632
10	12	296
10	13	1720
10	14	856
10	15	1048
10	16	-1192
10	17	-4072
10	18	-1528
10	19	-6424
10	20	-1864
10	21	-4968
10	22	2280
10	23	1832
10	24	744
10	25	1304
10	26	2056
10	27	-1720
11	12	6680
11	13	7880
11	14	-2168
11	15	936
11	16	4968
11	17	-3960
11	18	-1640
11	19	-3176
11	20	-1976
11	21	-1720
11	22	2168
11	23	4856
11	24	856
11	25	-1720
11	26	-1192
11	27	4664
12	13	5080
12	14	-2504
12	15	1272
12	16	2168
12	17	-7432
12	18	-4440
12	19	-376
12	20	-4776
12	21	1080
12	22	5640
12	23	-1080
12	24	520
12	25	-5192
12	26	-856
12	27	4328
13	14	4520
13	15	2984
13	16	2088
13	17	-3096
13	18	2424
13	19	-744
13	20	-376
13	21	-2200
13	22	1752
13	23	2200
13	24	-1640
13	25	-5336
13	26	-4296
13	27	824
14	15	3848
14	16	-1528
14	17	-600
14	18	7544
14	19	184
14	20	-2200
14	21	-4632
14	22	-4328
14	23	-1640
14	24	-5192
14	25	1640
14	26	-1416
14	27	-1384
15	16	-376
15	17	2504
15	18	-3176
15	19	1720
15	20	3432
15	21	264
15	22	-712
15	23	-3400
15	24	-2312
15	25	264
15	26	-3624
15	27	152
16	17	264
16	18	-936
16	19	-3656
16	20	2536
16	21	-1976
16	22	-1608
16	23	-1160
16	24	-1416
16	25	-1976
16	26	-4520
16	27	4184
17	18	-72
17	19	4664
17	20	9000
17	21	2984
17	22	-5672
17	23	-2984
17	24	-712
17	25	2984
17	26	376
17	27	-3176
18	19	2280
18	20	-264
18	21	-2312
18	22	-4408
18	23	2312
18	24	-4888
18	25	824
18	26	-1048
18	27	712
19	20	5080
19	21	6904
19	22	-184
19	23	-632
19	24	72
19	25	632
19	26	-408
19	27	-5528
20	21	3624
20	22	-4072
20	23	-488
20	24	-2088
20	25	488
20	26	-712
20	27	-2760
21	22	1496
21	23	1048
21	24	4664
21	25	2088
21	26	1272
21	27	-4072
22	23	-4632
22	24	5192
22	25	-1640
22	26	1416
22	27	-1752
23	24	-1528
23	25	1048
23	26	-1272
23	27	-2200
24	25	1528
24	26	1832
24	27	-4632
25	26	7544
25	27	-4072
26	27	-1976
