0	1	-5124
0	2	388
0	3	-9340
0	4	-7420
0	5	-4220
0	6	4740
0	7	-2436
0	8	-3588
0	9	1148
0	10	-13188
0	11	4612
0	12	-4740
0	13	-1156
0	14	6780
0	15	4612
0	16	-1028
0	17	3580
0	18	-2428
0	19	4220
0	20	6268
0	21	-3076
0	22	-2692
0	23	-3076
0	24	644
0	25	260
0	26	-644
0	27	-260
0	28	-644
0	29	5508
0	30	7300
0	31	5124
1	2	-10108
1	3	8836
1	4	6660
1	5	-10620
1	6	6532
1	7	-132
1	8	6908
1	9	-644
1	10	5500
1	11	-5884
1	12	-2436
1	13	5244
1	14	892
1	15	6404
1	16	5372
1	17	-2308
1	18	-636
1	19	2428
1	20	-11908
1	21	-772
1	22	3708
1	23	-4868
1	24	2436
1	25	6148
1	26	-6532
1	27	-10244
1	28	-2436
1	29	-892
1	30	900
1	31	2820
2	3	-12292
2	4	-1924
2	5	11260
2	6	-1796
2	7	3588
2	8	644
2	9	-12284
2	10	2052
2	11	-1668
2	12	1796
2	13	2308
2	14	-1532
2	15	-5764
2	16	-6012
2	17	1668
2	18	1276
2	19	-11260
2	20	11268
2	21	132
2	22	-4348
2	23	8324
2	24	-5892
2	25	-13700
2	26	-2300
2	27	9604
2	28	-2300
2	29	-2564
2	30	-4356
2	31	1916
3	4	3708
3	5	-3588
3	6	-4356
3	7	6148
3	8	-892
3	9	6660
3	10	516
3	11	-132
3	12	4356
3	13	-3324
3	14	1028
3	15	-4228
3	16	4740
3	17	-8060
3	18	-1284
3	19	7684
3	20	-6652
3	21	-5500
3	22	-5884
3	23	6788
3	24	7932
3	25	4220
3	26	260
3	27	-12412
3	28	4356
3	29	-1028
3	30	-6916
3	31	-8836
4	5	-9604
4	6	6012
4	7	3972
4	8	5124
4	9	388
4	10	10628
4	11	-6148
4	12	6276
4	13	-1404
4	14	7044
4	15	6140
4	16	6660
4	17	-6140
4	18	-3204
4	19	1412
4	20	-636
4	21	516
4	22	-3964
4	23	-7676
4	24	-2180
4	25	2300
4	26	2180
4	27	1796
4	28	2180
4	29	1148
4	30	-644
4	31	5628
5	6	-9476
5	7	3076
5	8	132
5	9	-8700
5	10	1540
5	11	2940
5	12	5380
5	13	5892
5	14	-2044
5	15	-9348
5	16	1668
5	17	5252
5	18	1788
5	19	-11772
5	20	-1532
5	21	-380
5	22	-4860
5	23	7812
5	24	-1284
5	25	-4996
5	26	-6908
5	27	9092
5	28	9476
5	29	2044
5	30	-7940
5	31	-1668
6	7	-4348
6	8	9092
6	9	8452
6	10	6404
6	11	-1924
6	12	2052
6	13	-1532
6	14	11012
6	15	6268
6	16	-5756
6	17	-2172
6	18	5116
6	19	9476
6	20	-764
6	21	4484
6	22	4
6	23	-3708
6	24	2044
6	25	-1668
6	26	6148
6	27	-2428
6	28	-2044
6	29	1276
6	30	7676
6	31	5756
7	8	-10884
7	9	-2052
7	10	-4
7	11	-4476
7	12	8444
7	13	-4356
7	14	-4612
7	15	-4476
7	16	3964
7	17	380
7	18	772
7	19	-3076
7	20	-5124
7	21	-2180
7	22	2300
7	23	10108
7	24	3844
7	25	-4732
7	26	252
7	27	-3460
7	28	252
7	29	8708
7	30	-1788
7	31	8324
8	9	4988
8	10	7036
8	11	772
8	12	-9092
8	13	-1412
8	14	2428
8	15	772
8	16	-1284
8	17	-4868
8	18	6020
8	19	-132
8	20	6012
8	21	764
8	22	-2948
8	23	-11524
8	24	900
8	25	4612
8	26	-900
8	27	3580
8	28	3196
8	29	-10620
8	30	-4732
8	31	5380
9	10	-4612
9	11	132
9	12	3836
9	13	-4868
9	14	-1028
9	15	132
9	16	-4740
9	17	-132
9	18	5380
9	19	8700
9	20	-5636
9	21	-2692
9	22	1788
9	23	-2692
9	24	8452
9	25	8068
9	26	7932
9	27	-8068
9	28	-4356
9	29	-3068
9	30	2820
9	31	-3452
10	11	-10108
10	12	-2308
10	13	-2820
10	14	5116
10	15	6276
10	16	-6788
10	17	-2180
10	18	-764
10	19	2556
10	20	4604
10	21	7548
10	22	-260
10	23	-4740
10	24	-5884
10	25	1924
10	26	-6404
10	27	2172
10	28	-2308
10	29	-5116
10	30	-3324
10	31	10884
11	12	6020
11	13	2436
11	14	6788
11	15	-5892
11	16	10500
11	17	1796
11	18	5244
11	19	-2940
11	20	3204
11	21	-3836
11	22	-4220
11	23	4356
11	24	2172
11	25	6652
11	26	6020
11	27	9732
11	28	1924
11	29	1404
11	30	7804
11	31	-10500
12	13	-2564
12	14	1276
12	15	-2172
12	16	9852
12	17	6268
12	18	-5116
12	19	-5380
12	20	-7428
12	21	-388
12	22	-4100
12	23	3708
12	24	6148
12	25	1668
12	26	6140
12	27	2428
12	28	-6148
12	29	6916
12	30	516
12	31	-5756
13	14	-3332
13	15	2436
13	16	5244
13	17	-2436
13	18	-508
13	19	-9988
13	20	-7940
13	21	3196
13	22	-516
13	23	7292
13	24	6660
13	25	-10108
13	26	-6660
13	27	-2180
13	28	5628
13	29	3332
13	30	1028
13	31	-1148
14	15	2692
14	16	4988
14	17	-6788
14	18	-252
14	19	10236
14	20	4092
14	21	2940
14	22	-8964
14	23	-1156
14	24	-1276
14	25	6532
14	26	-2820
14	27	1660
14	28	1276
14	29	3588
14	30	5380
14	31	3204
15	16	2308
15	17	1796
15	18	-7044
15	19	1156
15	20	3204
15	21	8452
15	22	8068
15	23	-12028
15	24	-1924
15	25	-1540
15	26	-2172
15	27	-2556
15	28	-2172
15	29	1404
15	30	7804
15	31	9980
16	17	-6404
16	18	3460
16	19	-5764
16	20	-3716
16	21	-772
16	22	-4484
16	23	-8964
16	24	6532
16	25	-2044
16	26	1660
16	27	6140
16	28	5756
16	29	11396
16	30	4996
16	31	-5372
17	18	-9340
17	19	-9348
17	20	892
17	21	-4356
17	22	8316
17	23	-260
17	24	-2172
17	25	1540
17	26	-6020
17	27	-1540
17	28	-10116
17	29	-5500
17	30	8580
17	31	2308
18	19	2308
18	20	260
18	21	1412
18	22	-3068
18	23	-2684
18	24	-7172
18	25	-6788
18	26	7172
18	27	2692
18	28	3076
18	29	252
18	30	-1540
18	31	-7556
19	20	-2564
19	21	380
19	22	764
19	23	-3716
19	24	1284
19	25	9092
19	26	6908
19	27	-4996
19	28	-1284
19	29	2052
19	30	3844
19	31	1668
20	21	-5764
20	22	-5380
20	23	-5764
20	24	-764
20	25	-9340
20	26	-3332
20	27	5244
20	28	-3332
20	29	-12284
20	30	1796
20	31	3716
21	22	1660
21	23	-6916
21	24	388
21	25	4
21	26	-388
21	27	4092
21	28	-388
21	29	5252
21	30	-1148
21	31	8964
22	23	-2436
22	24	4
22	25	3716
22	26	-4
22	27	-3716
22	28	-4
22	29	772
22	30	10756
22	31	12676
23	24	388
23	25	-4092
23	26	-388
23	27	-4100
23	28	3708
23	29	5252
23	30	-1148
23	31	-7420
24	25	2428
24	26	-2044
24	27	-6524
24	28	2052
24	29	-2820
24	30	-516
24	31	1660
25	26	5764
25	27	1284
25	28	-2428
25	29	-2436
25	30	-132
25	31	2044
26	27	6524
26	28	-2052
26	29	6916
26	30	4612
26	31	-5756
27	28	6524
27	29	6532
27	30	8324
27	31	2052
28	29	11012
28	30	-3580
28	31	2436
29	30	6908
29	31	4988
30	31	7292
