0	1	-4080
0	2	-10176
0	3	5568
0	4	11136
0	5	10560
0	6	4416
0	7	4992
0	8	-240
0	9	-3408
0	10	-624
0	11	4128
0	12	-8832
0	13	16176
0	14	1248
0	15	-8304
0	16	384
0	17	6384
0	18	912
0	19	-9552
0	20	-48
0	21	-13488
0	22	1776
0	23	11712
0	24	-15024
0	25	-4080
0	26	-6720
0	27	2496
0	28	-8976
0	29	-4992
0	30	-240
0	31	-5520
0	32	2352
0	33	13632
0	34	2112
0	35	6576
1	2	7968
1	3	-7392
1	4	-7008
1	5	-2400
1	6	-3360
1	7	2400
1	8	-8016
1	9	-816
1	10	-3216
1	11	-8832
1	12	4128
1	13	-1968
1	14	3840
1	15	-5712
1	16	8160
1	17	-1392
1	18	8688
1	19	-1776
1	20	-2640
1	21	-528
1	22	-11184
1	23	-1248
1	24	3120
1	25	-1488
1	26	1056
1	27	5088
1	28	-6384
1	29	2784
1	30	7536
1	31	2256
1	32	10128
1	33	672
1	34	-480
1	35	-11568
2	3	3504
2	4	-4656
2	5	-9264
2	6	4656
2	7	-1104
2	8	-3648
2	9	4704
2	10	9696
2	11	-10608
2	12	7536
2	13	-4512
2	14	-2544
2	15	-768
2	16	3504
2	17	-5088
2	18	10752
2	19	-7296
2	20	-1248
2	21	-768
2	22	-5664
2	23	-10416
2	24	3360
2	25	2784
2	26	2832
2	27	-1200
2	28	2496
2	29	-4080
2	30	11904
2	31	4224
2	32	-1056
2	33	-4560
2	34	-3408
2	35	-2688
3	4	-1104
3	5	3504
3	6	-4080
3	7	1680
3	8	8256
3	9	-96
3	10	6432
3	11	-4368
3	12	8592
3	13	3936
3	14	3120
3	15	192
3	16	2256
3	17	-5856
3	18	4224
3	19	-2496
3	20	1824
3	21	192
3	22	-96
3	23	9840
3	24	-2784
3	25	2976
3	26	1776
3	27	624
3	28	-1920
3	29	3504
3	30	-2112
3	31	-8832
3	32	-4704
3	33	-48
3	34	-1200
3	35	3264
4	5	528
4	6	48
4	7	-5712
4	8	960
4	9	-1056
4	10	-96
4	11	5520
4	12	-7440
4	13	-5088
4	14	-1968
4	15	-1344
4	16	4080
4	17	4704
4	18	-5376
4	19	-6720
4	20	4512
4	21	-1344
4	22	4128
4	23	4560
4	24	-1248
4	25	8544
4	26	-8112
4	27	3408
4	28	-7296
4	29	-4656
4	30	960
4	31	-384
4	32	-1632
4	33	1200
4	34	7536
4	35	8256
5	6	9840
5	7	9264
5	8	-3648
5	9	-480
5	10	-672
5	11	4944
5	12	-8016
5	13	11040
5	14	13008
5	15	9600
5	16	-6864
5	17	96
5	18	384
5	19	-7296
5	20	-6432
5	21	-5952
5	22	15072
5	23	5136
5	24	-1824
5	25	-2400
5	26	-2352
5	27	-6384
5	28	-2688
5	29	-14448
5	30	-8832
5	31	-6144
5	32	14496
5	33	5808
5	34	6960
5	35	12864
6	7	528
6	8	-11328
6	9	1056
6	10	5280
6	11	-336
6	12	-2928
6	13	-96
6	14	-3216
6	15	1344
6	16	-4080
6	17	5664
6	18	5376
6	19	-8832
6	20	-9696
6	21	1344
6	22	1056
6	23	-9744
6	24	-9120
6	25	1824
6	26	2928
6	27	-3408
6	28	-3072
6	29	-16080
6	30	4224
6	31	384
6	32	6816
6	33	9168
6	34	-7536
6	35	7296
7	8	-1536
7	9	5664
7	10	-4512
7	11	240
7	12	-2352
7	13	9696
7	14	7728
7	15	768
7	16	-13872
7	17	10272
7	18	-384
7	19	2112
7	20	6432
7	21	-9600
7	22	10848
7	23	48
7	24	1824
7	25	-2784
7	26	-2832
7	27	-9168
7	28	-7680
7	29	-1104
7	30	-1536
7	31	-4224
7	32	1056
7	33	-624
7	34	-6960
7	35	2688
8	9	5136
8	10	-6288
8	11	9696
8	12	1920
8	13	1104
8	14	2208
8	15	-336
8	16	3072
8	17	528
8	18	816
8	19	2640
8	20	8688
8	21	-336
8	22	-5232
8	23	384
8	24	8112
8	25	2352
8	26	-1920
8	27	-768
8	28	-3120
8	29	-3648
8	30	1968
8	31	-6576
8	32	-10992
8	33	192
8	34	-3840
8	35	2064
9	10	912
9	11	11712
9	12	9120
9	13	-912
9	14	-960
9	15	2832
9	16	-5280
9	17	3696
9	18	-1200
9	19	-5712
9	20	10704
9	21	8016
9	22	-2064
9	23	3552
9	24	4944
9	25	4368
9	26	6432
9	27	-7968
9	28	-1104
9	29	-10848
9	30	-48
9	31	624
9	32	-2640
9	33	-2976
9	34	-7008
9	35	9264
10	11	-5376
10	12	-2784
10	13	4944
10	14	2112
10	15	-3984
10	16	-3936
10	17	-4848
10	18	5232
10	19	-3504
10	20	-14736
10	21	6384
10	22	912
10	23	-4704
10	24	1392
10	25	1968
10	26	7968
10	27	1632
10	28	7440
10	29	-672
10	30	4080
10	31	528
10	32	1488
10	33	-6240
10	34	8160
10	35	7440
11	12	-3216
11	13	192
11	14	1680
11	15	6816
11	16	816
11	17	5952
11	18	-4704
11	19	1248
11	20	5568
11	21	1632
11	22	1344
11	23	6096
11	24	-4224
11	25	1536
11	26	3216
11	27	-8304
11	28	-3360
11	29	-10608
11	30	-672
11	31	96
11	32	-3264
11	33	-1488
11	34	-2640
11	35	7008
12	13	-7584
12	14	-6096
12	15	4224
12	16	3408
12	17	-7008
12	18	-2112
12	19	3840
12	20	8160
12	21	9408
12	22	-11616
12	23	3504
12	24	-1632
12	25	4128
12	26	624
12	27	-5712
12	28	-768
12	29	7536
12	30	1920
12	31	-7680
12	32	-672
12	33	-9264
12	34	-10416
12	35	-5952
13	14	3072
13	15	-6384
13	16	-6432
13	17	4848
13	18	-48
13	19	-6864
13	20	-6000
13	21	-11568
13	22	4272
13	23	4704
13	24	-1392
13	25	-12336
13	26	-2784
13	27	-6816
13	28	2928
13	29	-4512
13	30	1104
13	31	-528
13	32	3696
13	33	6240
13	34	2208
13	35	8112
14	15	4512
14	16	-2064
14	17	-6720
14	18	8544
14	19	-1632
14	20	-2496
14	21	-672
14	22	4224
14	23	-1392
14	24	-1920
14	25	-6528
14	26	912
14	27	-240
14	28	4128
14	29	-2544
14	30	-8160
14	31	-2784
14	32	9984
14	33	-4368
14	34	4848
14	35	-1056
15	16	5376
15	17	-6960
15	18	-6672
15	19	-240
15	20	624
15	21	-2640
15	22	13200
15	23	-1920
15	24	5232
15	25	4656
15	26	-4224
15	27	2112
15	28	-816
15	29	-5952
15	30	-5520
15	31	-4272
15	32	7440
15	33	-7872
15	34	8832
15	35	9552
16	17	-5856
16	18	4224
16	19	-7680
16	20	1824
16	21	192
16	22	-10464
16	23	4656
16	24	-2784
16	25	-2208
16	26	1776
16	27	16176
16	28	-1920
16	29	3504
16	30	3072
16	31	6720
16	32	480
16	33	5136
16	34	3984
16	35	-7104
17	18	-10992
17	19	-6288
17	20	-240
17	21	-6960
17	22	3696
17	23	4128
17	24	-816
17	25	-1392
17	26	1824
17	27	-2208
17	28	-6864
17	29	-10272
17	30	5712
17	31	5232
17	32	-12432
17	33	6816
17	34	-2400
17	35	8688
18	19	-1392
18	20	-528
18	21	3696
18	22	-11568
18	23	-5952
18	24	-1104
18	25	-1680
18	26	2112
18	27	3264
18	28	-1968
18	29	384
18	30	6000
18	31	4944
18	32	8592
18	33	6528
18	34	-7872
18	35	-7152
19	20	2256
19	21	4944
19	22	-528
19	23	-6144
19	24	2832
19	25	3408
19	26	-3840
19	27	-4992
19	28	-1488
19	29	18624
19	30	-2544
19	31	-8400
19	32	48
19	33	-9984
19	34	-5952
19	35	-11856
20	21	5808
20	22	-4848
20	23	10272
20	24	1968
20	25	-2640
20	26	-2976
20	27	-4128
20	28	-2352
20	29	3936
20	30	-6864
20	31	1104
20	32	-4272
20	33	4704
20	34	-12000
20	35	-7536
21	22	-12720
21	23	3264
21	24	5232
21	25	-528
21	26	11328
21	27	-3072
21	28	9552
21	29	4416
21	30	-5520
21	31	6096
21	32	2256
21	33	-2688
21	34	-6720
21	35	-6000
22	23	-1632
22	24	4944
22	25	4368
22	26	-3936
22	27	-2784
22	28	-1104
22	29	-5664
22	30	-10416
22	31	-4560
22	32	2544
22	33	-2976
22	34	13728
22	35	14448
23	24	-5856
23	25	-6432
23	26	1680
23	27	2832
23	28	-1536
23	29	-48
23	30	-9984
23	31	192
23	32	-2208
23	33	12144
23	34	2928
23	35	3648
24	25	8304
24	26	-3552
24	27	480
24	28	-1776
24	29	-1824
24	30	2928
24	31	1680
24	32	336
24	33	-5088
24	34	4128
24	35	8592
25	26	-4128
25	27	5088
25	28	-16752
25	29	-2400
25	30	7536
25	31	-13296
25	32	-5424
25	33	-9696
25	34	-480
25	35	9168
26	27	528
26	28	11136
26	29	-2352
26	30	-1920
26	31	12864
26	32	-9696
26	33	-1104
26	34	48
26	35	-4416
27	28	-5568
27	29	3984
27	30	-768
27	31	1344
27	32	-3360
27	33	8112
27	34	9264
27	35	-384
28	29	2496
28	30	-8304
28	31	12912
28	32	-528
28	33	-4224
28	34	4992
28	35	-6096
29	30	-3648
29	31	-960
29	32	-1056
29	33	-9744
29	34	-3408
29	35	-18240
30	31	3792
30	32	-5808
30	33	-4992
30	34	-3840
30	35	2064
31	32	-3984
31	33	4416
31	34	3264
31	35	-2640
32	33	2784
32	34	3936
32	35	-528
33	34	-3504
33	35	960
34	35	10176
