0	1	-5352
0	2	120
0	3	10200
0	4	-5448
0	5	-2904
0	6	5352
0	7	7656
0	8	4344
0	9	4488
0	10	1416
0	11	-3336
0	12	6888
0	13	-11112
0	14	-456
0	15	12648
0	16	16872
0	17	4296
0	18	5880
0	19	984
0	20	4920
0	21	-3336
0	22	-1560
0	23	4344
0	24	1320
0	25	-888
0	26	10392
0	27	168
0	28	-744
0	29	-5496
0	30	1128
0	31	-15672
0	32	-6216
0	33	-7608
0	34	1848
0	35	1896
1	2	-24
1	3	-5496
1	4	5064
1	5	12504
1	6	10680
1	7	7800
1	8	4488
1	9	-5736
1	10	1272
1	11	-3480
1	12	1560
1	13	9480
1	14	-5784
1	15	-8232
1	16	6648
1	17	-6216
1	18	5736
1	19	840
1	20	5064
1	21	6888
1	22	3768
1	23	-696
1	24	1464
1	25	4152
1	26	-5016
1	27	312
1	28	4296
1	29	4728
1	30	-4200
1	31	24
1	32	-1176
1	33	-2280
1	34	-3480
1	35	2040
2	3	5160
2	4	4776
2	5	7608
2	6	5208
2	7	12696
2	8	-6168
2	9	-6024
2	10	-8808
2	11	1992
2	12	-8520
2	13	4584
2	14	-312
2	15	-2760
2	16	1176
2	17	-744
2	18	840
2	19	1128
2	20	-408
2	21	-3192
2	22	-1704
2	23	9384
2	24	6360
2	25	-744
2	26	-120
2	27	-5160
2	28	-600
2	29	-10536
2	30	-3912
2	31	4920
2	32	4296
2	33	-7752
2	34	1992
2	35	-3432
3	4	-120
3	5	7320
3	6	5496
3	7	7800
3	8	4488
3	9	9816
3	10	-3912
3	11	6888
3	12	-8808
3	13	-888
3	14	-5784
3	15	2136
3	16	6648
3	17	9336
3	18	552
3	19	6024
3	20	-10488
3	21	1704
3	22	3768
3	23	14856
3	24	1464
3	25	-6216
3	26	5352
3	27	-4872
3	28	-6072
3	29	-10824
3	30	11352
3	31	-5160
3	32	-1176
3	33	-2280
3	34	-3480
3	35	2040
4	5	2616
4	6	120
4	7	-2184
4	8	-9240
4	9	-4200
4	10	3480
4	11	3048
4	12	-1992
4	13	5640
4	14	168
4	15	2616
4	16	-6216
4	17	600
4	18	-984
4	19	-1272
4	20	552
4	21	-2136
4	22	-8520
4	23	6312
4	24	-6216
4	25	600
4	26	264
4	27	120
4	28	-9912
4	29	-10344
4	30	-11784
4	31	408
4	32	5928
4	33	2712
4	34	-2136
4	35	-11976
5	6	8232
5	7	10536
5	8	-3144
5	9	2184
5	10	-1464
5	11	-11400
5	12	-6360
5	13	6744
5	14	-3336
5	15	-5784
5	16	-984
5	17	1416
5	18	-2184
5	19	3288
5	20	-7752
5	21	9336
5	22	16872
5	23	7224
5	24	4200
5	25	-8952
5	26	2904
5	27	-2136
5	28	6744
5	29	1992
5	30	8616
5	31	-2424
5	32	-3912
5	33	-4728
5	34	-6216
5	35	4776
6	7	7752
6	8	5880
6	9	5736
6	10	-1272
6	11	-6888
6	12	8808
6	13	-4296
6	14	600
6	15	8232
6	16	14088
6	17	-4152
6	18	4632
6	19	9528
6	20	-5064
6	21	-1704
6	22	1416
6	23	-4488
6	24	14088
6	25	-4152
6	26	-168
6	27	-312
6	28	6072
6	29	-4728
6	30	9384
6	31	-10392
6	32	-9192
6	33	-13272
6	34	3480
6	35	3144
7	8	-6792
7	9	-6936
7	10	-9336
7	11	600
7	12	744
7	13	8376
7	14	-7464
7	15	5352
7	16	11784
7	17	13704
7	18	1752
7	19	1464
7	20	8184
7	21	5784
7	22	4296
7	23	3576
7	24	6600
7	25	-1848
7	26	7896
7	27	2568
7	28	-1992
7	29	-2424
7	30	6504
7	31	-2328
7	32	-1704
7	33	-5208
7	34	-4584
7	35	840
8	9	1560
8	10	8088
8	11	7656
8	12	-2568
8	13	-5304
8	14	-408
8	15	-8328
8	16	9912
8	17	-5160
8	18	3624
8	19	3336
8	20	-4056
8	21	-2712
8	22	-2760
8	23	1704
8	24	4728
8	25	24
8	26	-4344
8	27	-14856
8	28	5064
8	29	4632
8	30	-1992
8	31	-9384
8	32	-5016
8	33	3288
8	34	-2712
8	35	-1032
9	10	3048
9	11	-7752
9	12	7944
9	13	-5160
9	14	10104
9	15	2184
9	16	-600
9	17	5352
9	18	3768
9	19	3480
9	20	984
9	21	2616
9	22	2280
9	23	1560
9	24	-600
9	25	168
9	26	-4488
9	27	552
9	28	-5160
9	29	-408
9	30	8520
9	31	-9528
9	32	-10056
9	33	-7224
9	34	-7752
9	35	9192
10	11	-7080
10	12	3144
10	13	696
10	14	984
10	15	-1464
10	16	-120
10	17	552
10	18	2136
10	19	2424
10	20	3480
10	21	-1896
10	22	-3000
10	23	2904
10	24	-120
10	25	552
10	26	-1416
10	27	-1272
10	28	696
10	29	6312
10	30	-2616
10	31	-11928
10	32	-4776
10	33	6504
10	34	-7080
10	35	10824
11	12	-6792
11	13	-4056
11	14	-8952
11	15	-6216
11	16	-552
11	17	984
11	18	-2616
11	19	-2328
11	20	3048
11	21	-1464
11	22	-8616
11	23	2472
11	24	-5736
11	25	6168
11	26	-1848
11	27	-6888
11	28	-4056
11	29	-3624
11	30	-7368
11	31	8376
11	32	11208
11	33	11256
11	34	3720
11	35	-10344
12	13	-4200
12	14	6456
12	15	9192
12	16	4776
12	17	840
12	18	7608
12	19	-2472
12	20	13560
12	21	3576
12	22	-3288
12	23	-7752
12	24	-408
12	25	6024
12	26	3480
12	27	8808
12	28	-4200
12	29	1416
12	30	2856
12	31	-7032
12	32	-9672
12	33	-9336
12	34	-1608
12	35	5352
13	14	-1176
13	15	-8808
13	16	-3144
13	17	3576
13	18	5160
13	19	-4920
13	20	5640
13	21	1128
13	22	-840
13	23	-120
13	24	2040
13	25	3576
13	26	-9624
13	27	888
13	28	-6648
13	29	-1032
13	30	408
13	31	5784
13	32	-1752
13	33	3480
13	34	-14424
13	35	2616
14	15	1848
14	16	-3432
14	17	-6504
14	18	10632
14	19	5736
14	20	168
14	21	1416
14	22	-11496
14	23	4776
14	24	6936
14	25	-6504
14	26	5640
14	27	-4584
14	28	-1176
14	29	-744
14	30	696
14	31	-4872
14	32	-6648
14	33	-1992
14	34	-14136
14	35	-2856
15	16	4200
15	17	6600
15	18	-2184
15	19	-1896
15	20	2616
15	21	-1032
15	22	-3864
15	23	-3144
15	24	4200
15	25	-3768
15	26	8088
15	27	8232
15	28	-3624
15	29	-8376
15	30	3432
15	31	-7608
15	32	1272
15	33	-4728
15	34	4152
15	35	-5592
16	17	2184
16	18	5784
16	19	10680
16	20	4152
16	21	-5736
16	22	-4920
16	23	-5640
16	24	7752
16	25	-3000
16	26	-1320
16	27	3720
16	28	2040
16	29	1608
16	30	168
16	31	-16728
16	32	-8040
16	33	-9240
16	34	-552
16	35	1992
17	18	-10536
17	19	-5064
17	20	5784
17	21	984
17	22	-696
17	23	24
17	24	2184
17	25	3432
17	26	888
17	27	6216
17	28	-11976
17	29	-1176
17	30	5448
17	31	-4440
17	32	-1896
17	33	-1560
17	34	-4200
17	35	-2424
18	19	6888
18	20	4200
18	21	-2616
18	22	-7464
18	23	8808
18	24	5784
18	25	-168
18	26	-696
18	27	-552
18	28	-24
18	29	-9960
18	30	1848
18	31	-6024
18	32	-5496
18	33	2040
18	34	-7800
18	35	6360
19	20	-11640
19	21	-2328
19	22	-2568
19	23	3336
19	24	5496
19	25	-20616
19	26	-984
19	27	-840
19	28	5448
19	29	696
19	30	2136
19	31	-11496
19	32	-5208
19	33	1752
19	34	-2328
19	35	6072
20	21	3048
20	22	-8520
20	23	-4056
20	24	-6216
20	25	16152
20	26	-4920
20	27	5304
20	28	-4728
20	29	5208
20	30	-11784
20	31	408
20	32	744
20	33	-2472
20	34	-7320
20	35	3576
21	22	6936
21	23	7656
21	24	-552
21	25	-4200
21	26	8520
21	27	3480
21	28	-4056
21	29	6744
21	30	3000
21	31	3192
21	32	6024
21	33	888
21	34	-11832
21	35	24
22	23	-2760
22	24	-4920
22	25	-5880
22	26	1560
22	27	1416
22	28	9528
22	29	9096
22	30	12840
22	31	1704
22	32	-552
22	33	-1176
22	34	6936
22	35	10056
23	24	-456
23	25	-5160
23	26	11208
23	27	-9672
23	28	-5304
23	29	-10920
23	30	-1992
23	31	984
23	32	5352
23	33	3288
23	34	-7896
23	35	-1032
24	25	-8184
24	26	-1320
24	27	3720
24	28	7224
24	29	-3576
24	30	10536
24	31	-6360
24	32	2328
24	33	1128
24	34	-5736
24	35	-3192
25	26	-4296
25	27	1032
25	28	-6792
25	29	-1176
25	30	-4920
25	31	11112
25	32	-1896
25	33	-6744
25	34	6168
25	35	2760
26	27	-5352
26	28	744
26	29	312
26	30	9240
26	31	120
26	32	-4152
26	33	-2760
26	34	-1848
26	35	-1896
27	28	-4296
27	29	456
27	30	4200
27	31	-24
27	32	6360
27	33	-2904
27	34	3480
27	35	3144
28	29	9336
28	30	5592
28	31	600
28	32	-1752
28	33	3480
28	34	6312
28	35	7800
29	30	840
29	31	168
29	32	-1320
29	33	3048
29	34	-3624
29	35	7368
30	31	-1272
30	32	-10248
30	33	-3576
30	34	-2184
30	35	11112
31	32	11256
31	33	2568
31	34	8376
31	35	-1752
32	33	14136
32	34	6024
32	35	-12648
33	34	-4296
33	35	-4632
34	35	24
