0	1	2004
0	2	9060
0	3	3588
0	4	-1716
0	5	-732
0	6	-14412
0	7	-3468
0	8	-564
0	9	-588
0	10	-2316
0	11	4740
0	12	-2148
0	13	1860
0	14	-2292
0	15	-6780
0	16	2580
0	17	3900
0	18	-1308
0	19	564
0	20	-1884
0	21	1308
0	22	-1308
0	23	-5460
0	24	2892
0	25	1716
0	26	-10500
0	27	-6180
0	28	-1572
0	29	2580
0	30	-2316
0	31	1284
0	32	-5052
0	33	-5028
0	34	8196
0	35	2292
1	2	-7620
1	3	-2148
1	4	276
1	5	2172
1	6	-4884
1	7	-5460
1	8	-6060
1	9	2028
1	10	8940
1	11	1884
1	12	708
1	13	-5604
1	14	-9516
1	15	3036
1	16	14412
1	17	5028
1	18	2748
1	19	-4308
1	20	-1860
1	21	-2748
1	22	2748
1	23	4020
1	24	852
1	25	4908
1	26	9060
1	27	9924
1	28	-5052
1	29	-1140
1	30	-6612
1	31	-5028
1	32	-3876
1	33	3588
1	34	-1572
1	35	-6036
2	3	-4020
2	4	-3036
2	5	10668
2	6	-6756
2	7	-7332
2	8	6180
2	9	5340
2	10	1884
2	11	-10356
2	12	-7788
2	13	-2292
2	14	7908
2	15	1164
2	16	2172
2	17	1716
2	18	-4308
2	19	4188
2	20	1452
2	21	-6060
2	22	-9492
2	23	708
2	24	-2460
2	25	-2148
2	26	-9804
2	27	-8940
2	28	12372
2	29	2172
2	30	-3300
2	31	-1716
2	32	-564
2	33	5460
2	34	1740
2	35	7644
3	4	7044
3	5	588
3	6	-1284
3	7	3324
3	8	5892
3	9	-15108
3	10	-13380
3	11	-4884
3	12	-8076
3	13	13548
3	14	2436
3	15	6636
3	16	-2724
3	17	1428
3	18	-9204
3	19	-16260
3	20	1740
3	21	4020
3	22	1164
3	23	-4764
3	24	12804
3	25	13692
3	26	-4908
3	27	-9228
3	28	-3468
3	29	7644
3	30	-3012
3	31	3756
3	32	-276
3	33	-5196
3	34	-3156
3	35	-2436
4	5	2724
4	6	-588
4	7	5172
4	8	-4020
4	9	-2316
4	10	-9228
4	11	-2172
4	12	-10788
4	13	10500
4	14	-564
4	15	1860
4	16	852
4	17	-4740
4	18	-3036
4	19	-6348
4	20	6756
4	21	3036
4	22	-3036
4	23	1452
4	24	4620
4	25	10356
4	26	6780
4	27	732
4	28	-5028
4	29	-9516
4	30	-4044
4	31	9924
4	32	-1596
4	33	-8484
4	34	-3900
4	35	564
5	6	-7332
5	7	2460
5	8	11940
5	9	9948
5	10	1308
5	11	-5748
5	12	-7212
5	13	-8052
5	14	-1884
5	15	5772
5	16	1596
5	17	-2892
5	18	-4884
5	19	-6756
5	20	876
5	21	-10668
5	22	-10068
5	23	6468
5	24	-1884
5	25	2460
5	26	6324
5	27	2004
5	28	7764
5	29	6780
5	30	-9060
5	31	2892
5	32	-1140
5	33	6036
5	34	1164
5	35	-3300
6	7	-4596
6	8	-1740
6	9	-2292
6	10	4620
6	11	-7620
6	12	5028
6	13	-4740
6	14	5172
6	15	3900
6	16	-276
6	17	-6204
6	18	3612
6	19	1740
6	20	4188
6	21	1572
6	22	3612
6	23	3156
6	24	-12
6	25	588
6	26	3012
6	27	-1308
6	28	-732
6	29	-5460
6	30	4620
6	31	-9348
6	32	2172
6	33	2724
6	34	-5892
6	35	12
7	8	-1164
7	9	2316
7	10	-11508
7	11	12540
7	12	-4764
7	13	-5316
7	14	-4620
7	15	-1860
7	16	-6036
7	17	-444
7	18	8220
7	19	-4020
7	20	-1572
7	21	7332
7	22	8220
7	23	3732
7	24	5748
7	25	-5172
7	26	8772
7	27	-732
7	28	-156
7	29	-852
7	30	-6324
7	31	10812
7	32	-8772
7	33	-12252
7	34	-1284
7	35	-5748
8	9	1716
8	10	-5196
8	11	1860
8	12	732
8	13	-1020
8	14	5772
8	15	11076
8	16	-5484
8	17	1596
8	18	-4188
8	19	-17868
8	20	420
8	21	-6180
8	22	996
8	23	2604
8	24	-4596
8	25	4020
8	26	-2436
8	27	-3300
8	28	11676
8	29	10068
8	30	-12
8	31	3588
8	32	7620
8	33	8220
8	34	5316
8	35	9780
9	10	6348
9	11	-708
9	12	-1884
9	13	-13380
9	14	-1740
9	15	-4740
9	16	-3732
9	17	-2748
9	18	10524
9	19	3468
9	20	-4452
9	21	-5340
9	22	-10212
9	23	11796
9	24	-1740
9	25	-2868
9	26	1284
9	27	7332
9	28	7908
9	29	-3732
9	30	6348
9	31	-2436
9	32	-1284
9	33	6180
9	34	11388
9	35	1740
10	11	-4164
10	12	1572
10	13	-11652
10	14	1716
10	15	-8196
10	16	13548
10	17	708
10	18	7068
10	19	10380
10	20	-2724
10	21	3300
10	22	-8484
10	23	4884
10	24	-8652
10	25	-1140
10	26	4740
10	27	5604
10	28	-4188
10	29	-7188
10	30	2892
10	31	-11076
10	32	-4740
10	33	-732
10	34	-2436
10	35	-1716
11	12	13812
11	13	-3156
11	14	-6780
11	15	-4884
11	16	1308
11	17	-2604
11	18	5196
11	19	-1860
11	20	-9780
11	21	5172
11	22	10380
11	23	-3612
11	24	-6780
11	25	-8196
11	26	6612
11	27	2292
11	28	-2316
11	29	1308
11	30	-4164
11	31	7788
11	32	-6612
11	33	-14412
11	34	-4308
11	35	1596
12	13	-4620
12	14	-6180
12	15	2292
12	16	-3900
12	17	-5172
12	18	2580
12	19	4452
12	20	-8364
12	21	-2580
12	22	7764
12	23	-9348
12	24	-6180
12	25	-9948
12	26	1164
12	27	300
12	28	-5460
12	29	1284
12	30	1572
12	31	-5196
12	32	9204
12	33	1452
12	34	-3468
12	35	-4188
13	14	708
13	15	3180
13	16	-6180
13	17	-300
13	18	-12660
13	19	-4164
13	20	3468
13	21	2292
13	22	-2292
13	23	-6492
13	24	11076
13	25	5052
13	26	-6636
13	27	-5772
13	28	-5196
13	29	4188
13	30	3900
13	31	10668
13	32	1452
13	33	-1740
13	34	-1428
13	35	4476
14	15	2436
14	16	1428
14	17	-132
14	18	-2460
14	19	-5772
14	20	7332
14	21	7644
14	22	-2460
14	23	876
14	24	-6324
14	25	564
14	26	-4164
14	27	-5028
14	28	-420
14	29	1428
14	30	6900
14	31	132
14	32	4164
14	33	1308
14	34	-3324
14	35	11508
15	16	-2724
15	17	-3756
15	18	-4020
15	19	-16260
15	20	1740
15	21	-6348
15	22	6348
15	23	10788
15	24	7620
15	25	3324
15	26	276
15	27	-9228
15	28	1716
15	29	7644
15	30	-3012
15	31	3756
15	32	4908
15	33	15540
15	34	-3156
15	35	-2436
16	17	420
16	18	2172
16	19	300
16	20	-2436
16	21	8196
16	22	-3012
16	23	4596
16	24	-8940
16	25	4332
16	26	9636
16	27	5316
16	28	-4476
16	29	-1716
16	30	-7188
16	31	-10788
16	32	-9636
16	33	-6204
16	34	-7332
16	35	3756
17	18	6900
17	19	-1596
17	20	11508
17	21	-6900
17	22	17268
17	23	-3300
17	24	5052
17	25	-5628
17	26	-3156
17	27	-4020
17	28	5772
17	29	420
17	30	708
17	31	-6060
17	32	-2028
17	33	2316
17	34	6036
17	35	132
18	19	4188
18	20	-8916
18	21	9492
18	22	6060
18	23	11076
18	24	2724
18	25	-2148
18	26	564
18	27	-3756
18	28	-3180
18	29	-13380
18	30	7068
18	31	-12084
18	32	-5748
18	33	-4908
18	34	6924
18	35	-2724
19	20	-5604
19	21	996
19	22	-6180
19	23	-7788
19	24	-5772
19	25	-9204
19	26	-2748
19	27	3300
19	28	-1308
19	29	-10068
19	30	12
19	31	-3588
19	32	-2436
19	33	-3036
19	34	-132
19	35	-4596
20	21	-11820
20	22	11820
20	23	132
20	24	2148
20	25	-6756
20	26	5172
20	27	852
20	28	1428
20	29	2748
20	30	2460
20	31	4044
20	32	12
20	33	4884
20	34	-2868
20	35	3036
21	22	-6060
21	23	-708
21	24	-2724
21	25	7332
21	26	-564
21	27	-1428
21	28	-12372
21	29	-7356
21	30	3300
21	31	-3468
21	32	-4620
21	33	-15828
21	34	-1740
21	35	2724
22	23	-4476
22	24	2724
22	25	-12516
22	26	564
22	27	-3756
22	28	2004
22	29	2172
22	30	-3300
22	31	-1716
22	32	-564
22	33	276
22	34	-3444
22	35	-2724
23	24	6060
23	25	3732
23	26	8220
23	27	-3012
23	28	1596
23	29	-588
23	30	10068
23	31	-1884
23	32	-13404
23	33	8508
23	34	5028
23	35	4308
24	25	564
24	26	-4164
24	27	-15396
24	28	-5604
24	29	1428
24	30	1716
24	31	5316
24	32	-6204
24	33	1308
24	34	1860
24	35	-9228
25	26	-1596
25	27	-732
25	28	-156
25	29	-6036
25	30	-1140
25	31	444
25	32	1596
25	33	-1884
25	34	3900
25	35	-564
26	27	7500
26	28	-8628
26	29	-732
26	30	-5628
26	31	3156
26	32	-3180
26	33	-1716
26	34	-5484
26	35	-1020
27	28	876
27	29	132
27	30	420
27	31	-1164
27	32	2868
27	33	2604
27	34	564
27	35	5028
28	29	5892
28	30	-4188
28	31	-588
28	32	-1740
28	33	7212
28	34	6324
28	35	5604
29	30	-2004
29	31	-420
29	32	732
29	33	9348
29	34	3036
29	35	3756
30	31	-5892
30	32	444
30	33	4452
30	34	7932
30	35	8652
31	32	-3156
31	33	-2316
31	34	-6036
31	35	-132
32	33	12084
32	34	5484
32	35	1020
33	34	9780
33	35	3876
34	35	3324
