0	1	-380
0	2	-868
0	3	428
0	4	140
0	5	-620
0	6	724
0	7	-100
0	8	916
0	9	-484
0	10	-724
0	11	-668
1	2	340
1	3	196
1	4	484
1	5	-580
1	6	-196
1	7	148
1	8	-388
1	9	-620
1	10	196
1	11	44
2	3	-292
2	4	-4
2	5	100
2	6	-284
2	7	-244
2	8	-668
2	9	-52
2	10	284
2	11	628
3	4	-436
3	5	-1196
3	6	148
3	7	-100
3	8	340
3	9	-1060
3	10	-148
3	11	484
4	5	244
4	6	-140
4	7	188
4	8	52
4	9	-196
4	10	-436
4	11	-380
5	6	-532
5	7	-92
5	8	-724
5	9	1444
5	10	-44
5	11	-292
6	7	100
6	8	236
6	9	-92
6	10	-428
6	11	-484
7	8	292
7	9	140
7	10	-676
7	11	436
8	9	-476
8	10	-236
8	11	-100
9	10	92
9	11	-332
10	11	484
