0	1	752
0	2	-6672
0	3	-1072
0	4	1072
0	5	-2512
0	6	-2608
0	7	1072
0	8	208
0	9	5808
0	10	6832
0	11	10288
0	12	2448
0	13	-112
0	14	-9072
0	15	-3568
0	16	-6768
0	17	4112
0	18	6608
0	19	10128
0	20	-3152
0	21	-6672
0	22	-2448
0	23	4272
0	24	-3472
0	25	5968
0	26	-48
0	27	3312
0	28	-208
0	29	1072
0	30	-2672
0	31	12592
0	32	-5968
0	33	2512
0	34	-2352
0	35	1008
0	36	-208
0	37	-752
0	38	-208
0	39	-1072
1	2	-5488
1	3	1712
1	4	-1712
1	5	3152
1	6	1968
1	7	-1712
1	8	432
1	9	1232
1	10	-1072
1	11	3152
1	12	-1808
1	13	752
1	14	-3088
1	15	2928
1	16	-6672
1	17	8048
1	18	432
1	19	3312
1	20	-2608
1	21	912
1	22	8208
1	23	1488
1	24	4112
1	25	-5328
1	26	-592
1	27	2448
1	28	5968
1	29	-1712
1	30	3312
1	31	-432
1	32	-1072
1	33	-3152
1	34	2992
1	35	6032
1	36	-6832
1	37	-5008
1	38	-6832
1	39	1712
2	3	-1232
2	4	1232
2	5	3728
2	6	-2448
2	7	1232
2	8	-6352
2	9	-7152
2	10	-5808
2	11	-9072
2	12	-4112
2	13	-6672
2	14	9968
2	15	-3408
2	16	12592
2	17	-8528
2	18	48
2	19	-2832
2	20	9488
2	21	-432
2	22	-2288
2	23	-1968
2	24	2768
2	25	-592
2	26	6512
2	27	-2928
2	28	-6448
2	29	1232
2	30	-2832
2	31	-6448
2	32	592
2	33	2672
2	34	3888
2	35	-5552
2	36	6352
2	37	5488
2	38	6352
2	39	-1232
3	4	-10768
3	5	2928
3	6	-1648
3	7	-10768
3	8	-7152
3	9	-1552
3	10	-5008
3	11	-3472
3	12	1488
3	13	-1072
3	14	-3632
3	15	10192
3	16	592
3	17	-1328
3	18	-752
3	19	-3632
3	20	-4112
3	21	5168
3	22	-1488
3	23	-1168
3	24	1968
3	25	-1392
3	26	912
3	27	4272
3	28	7152
3	29	-4368
3	30	-3632
3	31	752
3	32	1392
3	33	3472
3	34	-3312
3	35	-6352
3	36	752
3	37	4688
3	38	752
3	39	10768
4	5	-2928
4	6	1648
4	7	10768
4	8	7152
4	9	1552
4	10	5008
4	11	3472
4	12	-1488
4	13	1072
4	14	3632
4	15	-10192
4	16	-592
4	17	1328
4	18	752
4	19	3632
4	20	4112
4	21	-5168
4	22	1488
4	23	1168
4	24	-1968
4	25	1392
4	26	-912
4	27	-4272
4	28	-7152
4	29	4368
4	30	3632
4	31	-752
4	32	-1392
4	33	-3472
4	34	3312
4	35	6352
4	36	-752
4	37	-4688
4	38	-752
4	39	-10768
5	6	-208
5	7	-2928
5	8	-8592
5	9	-9392
5	10	-3568
5	11	1488
5	12	-6352
5	13	-2512
5	14	7728
5	15	5232
5	16	2032
5	17	112
5	18	4208
5	19	1328
5	20	848
5	21	3728
5	22	-48
5	23	6672
5	24	528
5	25	-2832
5	26	2352
5	27	5712
5	28	2192
5	29	3472
5	30	1328
5	31	-4208
5	32	2832
5	33	-1488
5	34	8048
5	35	-1392
5	36	2192
5	37	3248
5	38	2192
5	39	2928
6	7	1648
6	8	3472
6	9	-2128
6	10	-4112
6	11	-208
6	12	7632
6	13	3792
6	14	-48
6	15	-112
6	16	-3312
6	17	5008
6	18	3472
6	19	-48
6	20	-5968
6	21	3952
6	22	5168
6	23	-1552
6	24	-5648
6	25	4112
6	26	2768
6	27	-592
6	28	2928
6	29	1648
6	30	6352
6	31	-3472
6	32	8688
6	33	-12592
6	34	-6768
6	35	9072
6	36	-3472
6	37	-1968
6	38	-3472
6	39	-1648
7	8	7152
7	9	1552
7	10	5008
7	11	3472
7	12	-1488
7	13	1072
7	14	3632
7	15	-10192
7	16	-592
7	17	1328
7	18	752
7	19	3632
7	20	4112
7	21	-5168
7	22	1488
7	23	1168
7	24	-1968
7	25	1392
7	26	-912
7	27	-4272
7	28	-7152
7	29	4368
7	30	3632
7	31	-752
7	32	-1392
7	33	-3472
7	34	3312
7	35	6352
7	36	-752
7	37	-4688
7	38	-752
7	39	-10768
8	9	6128
8	10	6512
8	11	4208
8	12	2768
8	13	6608
8	14	-2352
8	15	-3888
8	16	-7088
8	17	3792
8	18	-5872
8	19	-2352
8	20	-2832
8	21	48
8	22	3632
8	23	-2448
8	24	-3152
8	25	-112
8	26	-6768
8	27	-3408
8	28	-528
8	29	752
8	30	4048
8	31	-528
8	32	112
8	33	-4208
8	34	-2032
8	35	7728
8	36	-6928
8	37	-6832
8	38	-6928
8	39	-7152
9	10	7312
9	11	3408
9	12	1968
9	13	5808
9	14	-9552
9	15	-3088
9	16	-6288
9	17	4592
9	18	-272
9	19	3248
9	20	-3632
9	21	-7152
9	22	-1968
9	23	-1648
9	24	2448
9	25	-912
9	26	-5968
9	27	-2608
9	28	272
9	29	-4848
9	30	3248
9	31	6672
9	32	-5488
9	33	2992
9	34	-2832
9	35	528
9	36	272
9	37	-7632
9	38	272
9	39	-1552
10	11	9232
10	12	-2128
10	13	6832
10	14	-3408
10	15	-3152
10	16	-6352
10	17	1968
10	18	112
10	19	2992
10	20	-2928
10	21	-5808
10	22	-4272
10	23	1808
10	24	-2608
10	25	752
10	26	-6672
10	27	2768
10	28	-112
10	29	-1392
10	30	2992
10	31	6288
10	32	-7152
10	33	3568
10	34	2672
10	35	-688
10	36	-112
10	37	-5328
10	38	-112
10	39	-5008
11	12	48
11	13	3888
11	14	-5072
11	15	-1168
11	16	-10768
11	17	6512
11	18	4208
11	19	7728
11	20	-5552
11	21	-2672
11	22	-48
11	23	6672
11	24	-5872
11	25	3568
11	26	-4048
11	27	5712
11	28	2192
11	29	3472
11	30	1328
11	31	8592
11	32	-3568
11	33	-1488
11	34	1648
11	35	5008
11	36	-4208
11	37	-3152
11	38	-4208
11	39	-3472
12	13	2448
12	14	-6512
12	15	272
12	16	-2928
12	17	1552
12	18	2768
12	19	-112
12	20	-6992
12	21	2288
12	22	1392
12	23	-4688
12	24	-7312
12	25	8528
12	26	3792
12	27	752
12	28	3632
12	29	-1488
12	30	-112
12	31	3632
12	32	4272
12	33	-6448
12	34	-12592
12	35	3568
12	36	-2768
12	37	1808
12	38	-2768
12	39	1488
13	14	-2672
13	15	2832
13	16	-6768
13	17	4112
13	18	208
13	19	-2672
13	20	-9552
13	21	-272
13	22	-2448
13	23	-2128
13	24	-3472
13	25	-432
13	26	-6448
13	27	3312
13	28	6192
13	29	-5328
13	30	10128
13	31	-208
13	32	432
13	33	-3888
13	34	-2352
13	35	1008
13	36	-208
13	37	-7152
13	38	-208
13	39	-1072
14	15	-1008
14	16	8592
14	17	-6128
14	18	-2352
14	19	-5232
14	20	7088
14	21	3568
14	22	112
14	23	432
14	24	368
14	25	-2992
14	26	2512
14	27	-528
14	28	-4048
14	29	3632
14	30	1168
14	31	-10448
14	32	2992
14	33	-1328
14	34	7888
14	35	-1552
14	36	2352
14	37	3088
14	38	2352
14	39	-3632
15	16	-2352
15	17	-432
15	18	-3888
15	19	-7408
15	20	-6928
15	21	9392
15	22	-272
15	23	-592
15	24	-208
15	25	-3248
15	26	-2672
15	27	6768
15	28	10288
15	29	-3792
15	30	-1008
15	31	-2512
15	32	3248
15	33	1168
15	34	-1328
15	35	-4688
15	36	-2512
15	37	3472
15	38	-2512
15	39	10192
16	17	-10032
16	18	-688
16	19	-4208
16	20	9072
16	21	-208
16	22	-3472
16	23	-3792
16	24	2992
16	25	-48
16	26	6928
16	27	-2832
16	28	-5712
16	29	-592
16	30	-4208
16	31	-5712
16	32	48
16	33	4368
16	34	1872
16	35	-7888
16	36	7088
16	37	6672
16	38	7088
16	39	592
17	18	3792
17	19	6672
17	20	-5648
17	21	-2128
17	22	4848
17	23	4528
17	24	1072
17	25	-1968
17	26	-3952
17	27	-912
17	28	2608
17	29	1328
17	30	6672
17	31	2608
17	32	1968
17	33	-6512
17	34	-48
17	35	9392
17	36	-3792
17	37	-8048
17	38	-3792
17	39	-1328
18	19	10448
18	20	-2832
18	21	-6352
18	22	-2768
18	23	3952
18	24	-3152
18	25	6288
18	26	6032
18	27	2992
18	28	-528
18	29	752
18	30	4048
18	31	5872
18	32	112
18	33	-4208
18	34	-2032
18	35	1328
18	36	5872
18	37	-432
18	38	5872
18	39	-752
19	20	688
19	21	-9232
19	22	112
19	23	6832
19	24	368
19	25	3408
19	26	2512
19	27	-528
19	28	-4048
19	29	3632
19	30	1168
19	31	8752
19	32	-3408
19	33	-1328
19	34	1488
19	35	4848
19	36	2352
19	37	-3312
19	38	2352
19	39	-3632
20	21	-3312
20	22	592
20	23	912
20	24	6288
20	25	-3472
20	26	2992
20	27	-6448
20	28	-9968
20	29	4112
20	30	-5712
20	31	-3568
20	32	-2928
20	33	5552
20	34	7408
20	35	-2032
20	36	2832
20	37	2608
20	38	2832
20	39	-4112
21	22	4112
21	23	-1968
21	24	-3632
21	25	-592
21	26	112
21	27	3472
21	28	6352
21	29	1232
21	30	-2832
21	31	-6448
21	32	6992
21	33	-3728
21	34	-2512
21	35	848
21	36	-6448
21	37	5488
21	38	-6448
21	39	5168
22	23	-1712
22	24	912
22	25	-2128
22	26	2608
22	27	-752
22	28	2768
22	29	1488
22	30	112
22	31	-3632
22	32	2128
22	33	-6352
22	34	-208
22	35	9232
22	36	-10032
22	37	-1808
22	38	-10032
22	39	-1488
23	24	1232
23	25	-1808
23	26	-4112
23	27	-1072
23	28	-3952
23	29	7568
23	30	432
23	31	2448
23	32	1808
23	33	-272
23	34	6512
23	35	3152
23	36	2448
23	37	-1488
23	38	2448
23	39	-1168
24	25	-10192
24	26	-3088
24	27	-6128
24	28	-3248
24	29	-1968
24	30	368
24	31	-3248
24	32	-2608
24	33	5872
24	34	7088
24	35	-2352
24	36	3152
24	37	-4112
24	38	3152
24	39	1968
25	26	6672
25	27	3632
25	28	112
25	29	1392
25	30	-2992
25	31	6512
25	32	752
25	33	-3568
25	34	-9072
25	35	688
25	36	112
25	37	5328
25	38	112
25	39	-1392
26	27	3248
26	28	368
26	29	-912
26	30	-3888
26	31	368
26	32	-272
26	33	-2352
26	34	-4208
26	35	-1168
26	36	368
26	37	6992
26	38	368
26	39	912
27	28	9808
27	29	-4272
27	30	-528
27	31	3408
27	32	-3632
27	33	688
27	34	-848
27	35	-4208
27	36	-2992
27	37	3952
27	38	-2992
27	39	4272
28	29	-7152
28	30	2352
28	31	528
28	32	-112
28	33	-2192
28	34	-4368
28	35	-1328
28	36	-5872
28	37	432
28	38	-5872
28	39	7152
29	30	-2768
29	31	-752
29	32	5008
29	33	-3472
29	34	3312
29	35	6352
29	36	-752
29	37	1712
29	38	-752
29	39	-4368
30	31	-4048
30	32	2992
30	33	-7728
30	34	1488
30	35	4848
30	36	2352
30	37	-9712
30	38	2352
30	39	-3632
31	32	-6512
31	33	4208
31	34	-4368
31	35	-1328
31	36	528
31	37	432
31	38	528
31	39	752
32	33	-9232
32	34	-3728
32	35	5712
32	36	-112
32	37	1072
32	38	-112
32	39	1392
33	34	4752
33	35	-11408
33	36	4208
33	37	3152
33	38	4208
33	39	3472
34	35	-1232
34	36	2032
34	37	-2992
34	38	2032
34	39	-3312
35	36	-7728
35	37	-6032
35	38	-7728
35	39	-6352
36	37	432
36	38	13328
36	39	752
37	38	432
37	39	4688
38	39	752
