0	1	-7548
0	2	1836
0	3	1700
0	4	4556
0	5	-2108
0	6	1156
0	7	4012
0	8	4556
0	9	-3060
0	10	10812
0	11	-3876
0	12	-2652
0	13	2108
0	14	1564
0	15	-4012
0	16	2380
0	17	3468
0	18	-3876
0	19	-340
0	20	-1292
0	21	-7956
0	22	-5236
0	23	3332
0	24	6868
0	25	5236
0	26	476
0	27	-748
0	28	-2108
0	29	-2108
0	30	-5916
0	31	3332
0	32	-748
0	33	-2516
1	2	1972
1	3	-2788
1	4	4420
1	5	2652
1	6	-3604
1	7	-5100
1	8	-204
1	9	1700
1	10	-2924
1	11	884
1	12	2108
1	13	-7276
1	14	1428
1	15	476
1	16	-2380
1	17	-5916
1	18	612
1	19	4148
1	20	3196
1	21	1156
1	22	8772
1	23	-1156
1	24	-11492
1	25	476
1	26	-4012
1	27	-5236
1	28	-1972
1	29	-1972
1	30	3468
1	31	-1428
1	32	-612
1	33	-2652
2	3	-2652
2	4	8908
2	5	-1836
2	6	884
2	7	4284
2	8	-340
2	9	1836
2	10	-2788
2	11	1020
2	12	-2380
2	13	-2788
2	14	1292
2	15	-4284
2	16	6732
2	17	-1428
2	18	5100
2	19	4012
2	20	3060
2	21	5644
2	22	-4964
2	23	3604
2	24	2516
2	25	340
2	26	748
2	27	-476
2	28	7412
2	29	-1836
2	30	3604
2	31	3060
2	32	-476
2	33	-2788
3	4	4420
3	5	-1972
3	6	1020
3	7	4148
3	8	4420
3	9	-2924
3	10	-2924
3	11	-3740
3	12	-2516
3	13	-7276
3	14	-3196
3	15	-4148
3	16	2244
3	17	-1292
3	18	612
3	19	-476
3	20	-1428
3	21	-3468
3	22	-5100
3	23	-1156
3	24	2380
3	25	5100
3	26	5236
3	27	-5236
3	28	-6596
3	29	2652
3	30	-1156
3	31	-10676
3	32	-5236
3	33	1972
4	5	-1020
4	6	-2652
4	7	2108
4	8	3196
4	9	-68
4	10	-68
4	11	-8500
4	12	-5100
4	13	-8228
4	14	1564
4	15	-11356
4	16	748
4	17	-340
4	18	2380
4	19	8092
4	20	-204
4	21	-2788
4	22	-2516
4	23	2788
4	24	-748
4	25	2516
4	26	1020
4	27	-2380
4	28	-1020
4	29	-5644
4	30	2788
4	31	-4828
4	32	-2380
4	33	-3604
5	6	9452
5	7	-4284
5	8	8228
5	9	2516
5	10	2516
5	11	1700
5	12	2924
5	13	-3468
5	14	9860
5	15	4284
5	16	-3196
5	17	7140
5	18	-204
5	19	-1292
5	20	2380
5	21	340
5	22	340
5	23	4284
5	24	-6052
5	25	-340
5	26	6052
5	27	4828
5	28	3468
5	29	-1156
5	30	-340
5	31	-2244
5	32	-4420
5	33	-3468
6	7	3332
6	8	6596
6	9	5780
6	10	1156
6	11	6596
6	12	5372
6	13	-204
6	14	4964
6	15	5916
6	16	4148
6	17	7684
6	18	5780
6	19	-7004
6	20	7820
6	21	612
6	22	-5916
6	23	-612
6	24	476
6	25	-3332
6	26	11492
6	27	3468
6	28	4828
6	29	4828
6	30	-612
6	31	3196
6	32	-1156
6	33	-204
7	8	-2516
7	9	-612
7	10	4012
7	11	-1428
7	12	-204
7	13	-340
7	14	-5508
7	15	-1836
7	16	13804
7	17	1020
7	18	7548
7	19	-2788
7	20	884
7	21	3468
7	22	-7412
7	23	1156
7	24	4692
7	25	2788
7	26	7548
7	27	-2924
7	28	4964
7	29	4964
7	30	1156
7	31	884
7	32	-2924
7	33	8908
8	9	4556
8	10	4556
8	11	-3876
8	12	-476
8	13	1020
8	14	1564
8	15	2516
8	16	748
8	17	-340
8	18	-2244
8	19	3468
8	20	4420
8	21	-7412
8	22	-2516
8	23	7412
8	24	-748
8	25	-2108
8	26	1020
8	27	2244
8	28	-5644
8	29	-1020
8	30	2788
8	31	-4828
8	32	-2380
8	33	-3604
9	10	-3060
9	11	748
9	12	6596
9	13	6732
9	14	-3060
9	15	5236
9	16	2380
9	17	-1156
9	18	5372
9	19	-340
9	20	3332
9	21	1292
9	22	-5236
9	23	-1292
9	24	-7004
9	25	-8636
9	26	5100
9	27	3876
9	28	-2108
9	29	2516
9	30	7956
9	31	3332
9	32	3876
9	33	2108
10	11	-3876
10	12	1972
10	13	2108
10	14	1564
10	15	612
10	16	2380
10	17	3468
10	18	-3876
10	19	-340
10	20	-1292
10	21	-7956
10	22	-612
10	23	3332
10	24	2244
10	25	5236
10	26	476
10	27	-748
10	28	-2108
10	29	-2108
10	30	-5916
10	31	3332
10	32	-748
10	33	2108
11	12	1156
11	13	-1700
11	14	2380
11	15	10676
11	16	-1428
11	17	-340
11	18	1564
11	19	-13396
11	20	8772
11	21	6732
11	22	-1428
11	23	-6732
11	24	1428
11	25	-3196
11	26	4284
11	27	-6188
11	28	6324
11	29	1700
11	30	-6732
11	31	8772
11	32	7684
11	33	-1700
12	13	1700
12	14	1156
12	15	4828
12	16	1972
12	17	3060
12	18	4964
12	19	-748
12	20	-1700
12	21	-3740
12	22	-204
12	23	-5508
12	24	-6596
12	25	204
12	26	5508
12	27	4284
12	28	-1700
12	29	2924
12	30	-884
12	31	2924
12	32	-340
12	33	6324
13	14	-5236
13	15	4964
13	16	3196
13	17	-2516
13	18	204
13	19	1292
13	20	-2380
13	21	-340
13	22	-340
13	23	4964
13	24	1428
13	25	-8908
13	26	-6052
13	27	9044
13	28	1156
13	29	1156
13	30	4964
13	31	6868
13	32	4420
13	33	3468
14	15	-3740
14	16	-5508
14	17	7276
14	18	748
14	19	1836
14	20	2788
14	21	204
14	22	3740
14	23	-204
14	24	884
14	25	884
14	26	2652
14	27	3876
14	28	5236
14	29	612
14	30	-4828
14	31	2788
14	32	-5372
14	33	-9860
15	16	68
15	17	-1020
15	18	-2924
15	19	-11084
15	20	3740
15	21	1156
15	22	-1836
15	23	-1156
15	24	-4692
15	25	-2788
15	26	1700
15	27	-1700
15	28	-340
15	29	-340
15	30	-1156
15	31	3740
15	32	7548
15	33	4964
16	17	-2788
16	18	9180
16	19	1020
16	20	1972
16	21	4012
16	22	-4692
16	23	5236
16	24	1700
16	25	68
16	26	3468
16	27	68
16	28	6052
16	29	6052
16	30	5236
16	31	1972
16	32	-4556
16	33	7820
17	18	-1156
17	19	-4692
17	20	884
17	21	-1700
17	22	-3604
17	23	-2924
17	24	2788
17	25	3604
17	26	9180
17	27	5780
17	28	2516
17	29	2516
17	30	-2924
17	31	884
17	32	-3468
17	33	-2516
18	19	2652
18	20	3604
18	21	5644
18	22	-1700
18	23	-1020
18	24	68
18	25	-7548
18	26	6460
18	27	3060
18	28	9044
18	29	4420
18	30	3604
18	31	3604
18	32	-1564
18	33	4828
19	20	-4556
19	21	-2516
19	22	6460
19	23	7140
19	24	-1020
19	25	-1836
19	26	-8500
19	27	6596
19	28	-1292
19	29	-1292
19	30	7140
19	31	-4556
19	32	-7276
19	33	-3332
20	21	3060
20	22	884
20	23	-3060
20	24	2652
20	25	-5508
20	26	4420
20	27	-3604
20	28	2380
20	29	7004
20	30	1564
20	31	5644
20	32	1020
20	33	-7004
21	22	-1156
21	23	-476
21	24	612
21	25	-3468
21	26	2380
21	27	-1020
21	28	9588
21	29	4964
21	30	4148
21	31	3060
21	32	-1020
21	33	-340
22	23	1156
22	24	-4556
22	25	-1836
22	26	-10948
22	27	1700
22	28	340
22	29	340
22	30	1156
22	31	884
22	32	-2924
22	33	-4964
23	24	-612
23	25	-1156
23	26	-7004
23	27	5644
23	28	4284
23	29	-4964
23	30	5100
23	31	-3060
23	32	-3604
23	33	340
24	25	-68
24	26	1156
24	27	-68
24	28	3196
24	29	3196
24	30	-5236
24	31	2652
24	32	-68
24	33	-3196
25	26	1700
25	27	-6324
25	28	-4964
25	29	-340
25	30	-5780
25	31	-5508
25	32	-6324
25	33	340
26	27	-1836
26	28	1428
26	29	6052
26	30	-2380
26	31	-204
26	32	-1836
26	33	3196
27	28	4828
27	29	204
27	30	5644
27	31	1020
27	32	-3060
27	33	-204
28	29	-1156
28	30	-340
28	31	7004
28	32	204
28	33	1156
29	30	4284
29	31	2380
29	32	-9044
29	33	-3468
30	31	-3060
30	32	-3604
30	33	340
31	32	5644
31	33	-2380
32	33	4420
