0	1	368
0	2	-1320
0	3	2896
0	4	4992
0	5	2680
0	6	1048
0	7	-640
0	8	-1592
0	9	3168
0	10	-232
0	11	-2624
0	12	-1536
0	13	7576
0	14	-5480
0	15	-6296
0	16	-7384
0	17	6080
0	18	5752
0	19	4664
0	20	-1808
0	21	-4448
0	22	3224
0	23	-2760
0	24	-2680
0	25	2408
0	26	-8336
0	27	40
0	28	-4256
0	29	-5672
0	30	-11248
0	31	8064
0	32	5616
0	33	-3168
1	2	-2544
1	3	6296
1	4	1592
1	5	-720
1	6	-6976
1	7	-1864
1	8	1808
1	9	1944
1	10	3168
1	11	3224
1	12	8936
1	13	-448
1	14	368
1	15	-448
1	16	-1536
1	17	-6568
1	18	4528
1	19	-1184
1	20	-584
1	21	3576
1	22	4448
1	23	-1536
1	24	5344
1	25	-5616
1	26	2136
1	27	-5808
1	28	-3032
1	29	-6896
1	30	1400
1	31	-2408
1	32	-232
1	33	-1944
2	3	-720
2	4	-2544
2	5	4392
2	6	1400
2	7	2816
2	8	-856
2	9	-992
2	10	-2216
2	11	9696
2	12	3984
2	13	4120
2	14	3304
2	15	-504
2	16	9832
2	17	992
2	18	5672
2	19	-7112
2	20	-4992
2	21	2000
2	22	-776
2	23	5208
2	24	4856
2	25	40
2	26	-7712
2	27	-2488
2	28	11328
2	29	3224
2	30	8800
2	31	3360
2	32	-3440
2	33	-3632
3	4	1672
3	5	3984
3	6	992
3	7	3224
3	8	-448
3	9	8664
3	10	2816
3	11	-4584
3	12	8200
3	13	-912
3	14	-6352
3	15	-912
3	16	-4448
3	17	-4040
3	18	-3168
3	19	-2080
3	20	-776
3	21	7032
3	22	3440
3	23	176
3	24	5264
3	25	-4992
3	26	1128
3	27	-2080
3	28	1672
3	29	-10240
3	30	-4664
3	31	-5480
3	32	-3032
3	33	5208
4	5	-720
4	6	-2352
4	7	-1864
4	8	1808
4	9	6568
4	10	7792
4	11	-1400
4	12	-312
4	13	-448
4	14	368
4	15	-448
4	16	-1536
4	17	2680
4	18	-96
4	19	3440
4	20	-584
4	21	3576
4	22	-4800
4	23	-1536
4	24	-3904
4	25	8256
4	26	-2488
4	27	-1184
4	28	1592
4	29	2352
4	30	-3224
4	31	2216
4	32	-232
4	33	-1944
5	6	-4664
5	7	448
5	8	4120
5	9	4256
5	10	-3768
5	11	-3712
5	12	6624
5	13	-7384
5	14	-1944
5	15	1864
5	16	-3848
5	17	-4256
5	18	-2408
5	19	1128
5	20	-7520
5	21	1264
5	22	-2488
5	23	776
5	24	3032
5	25	-3304
5	26	4448
5	27	-3496
5	28	3904
5	29	-4584
5	30	-5536
5	31	-96
5	32	-2544
5	33	4992
6	7	2080
6	8	-3496
6	9	1264
6	10	-2136
6	11	-5344
6	12	-4256
6	13	4856
6	14	-3576
6	15	-4392
6	16	-856
6	17	7984
6	18	-776
6	19	-1864
6	20	96
6	21	-1728
6	22	504
6	23	3768
6	24	-4584
6	25	4312
6	26	-6432
6	27	2760
6	28	2272
6	29	1672
6	30	720
6	31	1536
6	32	3712
6	33	-1264
7	8	-1536
7	9	-1672
7	10	1728
7	11	1128
7	12	-4584
7	13	176
7	14	3984
7	15	176
7	16	1264
7	17	-7576
7	18	368
7	19	1456
7	20	9560
7	21	5944
7	22	4528
7	23	5888
7	24	4176
7	25	5344
7	26	-2408
7	27	-7792
7	28	-1864
7	29	2544
7	30	-1128
7	31	-6568
7	32	-4120
7	33	1672
8	9	3904
8	10	-1944
8	11	176
8	12	3712
8	13	-5400
8	14	-1592
8	15	3848
8	16	312
8	17	720
8	18	-3304
8	19	2408
8	20	-5264
8	21	6896
8	22	3576
8	23	-4312
8	24	504
8	25	-232
8	26	5888
8	27	-2216
8	28	1808
8	29	-1128
8	30	-176
8	31	-5616
8	32	1456
8	33	5344
9	10	2544
9	11	-4312
9	12	8472
9	13	-640
9	14	-6080
9	15	3984
9	16	-4176
9	17	856
9	18	-3440
9	19	2272
9	20	-5128
9	21	6760
9	22	-912
9	23	-4176
9	24	368
9	25	-96
9	26	1400
9	27	2272
9	28	1944
9	29	-5888
9	30	-4936
9	31	-5752
9	32	-3304
9	33	5480
10	11	1536
10	12	448
10	13	-4040
10	14	4392
10	15	-4040
10	16	1672
10	17	2080
10	18	-4664
10	19	5672
10	20	5344
10	21	5536
10	22	312
10	23	1672
10	24	-5480
10	25	5752
10	26	2624
10	27	1048
10	28	-1456
10	29	2136
10	30	3088
10	31	-2352
10	32	96
10	33	2080
11	12	1320
11	13	5808
11	14	6624
11	15	1184
11	16	9344
11	17	-312
11	18	7520
11	19	-2816
11	20	1048
11	21	1944
11	22	1456
11	23	96
11	24	3712
11	25	640
11	26	-5480
11	27	-2816
11	28	3224
11	29	5344
11	30	9016
11	31	584
11	32	-1864
11	33	-4936
12	13	-2352
12	14	-1536
12	15	2272
12	16	1184
12	17	-3848
12	18	1808
12	19	-3904
12	20	-7112
12	21	5480
12	22	2544
12	23	-3440
12	24	7248
12	25	-7520
12	26	4856
12	27	720
12	28	4312
12	29	-9616
12	30	3304
12	31	-5128
12	32	-2952
12	33	776
13	14	-1672
13	15	-2488
13	16	1048
13	17	5264
13	18	11192
13	19	-3768
13	20	2000
13	21	-3632
13	22	2408
13	23	-3576
13	24	2760
13	25	1592
13	26	-13776
13	27	856
13	28	-448
13	29	-232
13	30	-1184
13	31	4256
13	32	1808
13	33	-8608
14	15	-1672
14	16	6488
14	17	-3168
14	18	5752
14	19	40
14	20	7440
14	21	176
14	22	-1400
14	23	1864
14	24	1944
14	25	7032
14	26	912
14	27	-4584
14	28	368
14	29	8200
14	30	7248
14	31	-1184
14	32	992
14	33	-7792
15	16	1048
15	17	-8608
15	18	-2680
15	19	856
15	20	-2624
15	21	992
15	22	-6840
15	23	1048
15	24	2760
15	25	-3032
15	26	4720
15	27	856
15	28	-448
15	29	4392
15	30	-1184
15	31	-4992
15	32	-7440
15	33	5264
16	17	-448
16	18	3032
16	19	-7304
16	20	912
16	21	2080
16	22	1320
16	23	4584
16	24	3848
16	25	504
16	26	-992
16	27	1944
16	28	7712
16	29	5480
16	30	13776
16	31	720
16	32	-1728
16	33	-5072
17	18	-1184
17	19	2352
17	20	-4120
17	21	-2136
17	22	912
17	23	-5072
17	24	-9616
17	25	4720
17	26	-6024
17	27	6976
17	28	2680
17	29	1264
17	30	312
17	31	5752
17	32	7928
17	33	-856
18	19	-4936
18	20	2080
18	21	-5072
18	22	1672
18	23	-1592
18	24	7032
18	25	2488
18	26	-9888
18	27	-4936
18	28	-96
18	29	776
18	30	1728
18	31	5536
18	32	3360
18	33	-15056
19	20	992
19	21	640
19	22	584
19	23	-2680
19	24	-10376
19	25	6024
19	26	2896
19	27	776
19	28	-10432
19	29	1864
19	30	-6432
19	31	-2624
19	32	-176
19	33	6976
20	21	1128
20	22	2272
20	23	912
20	24	2896
20	25	6080
20	26	-40
20	27	-3632
20	28	-5208
20	29	4528
20	30	-1048
20	31	-4856
20	32	1944
20	33	-4120
21	22	5344
21	23	-2544
21	24	3360
21	25	1536
21	26	3032
21	27	-3984
21	28	3576
21	29	-2896
21	30	2680
21	31	-12008
21	32	-4936
21	33	7112
22	23	-3304
22	24	2488
22	25	-2760
22	26	368
22	27	584
22	28	-4800
22	29	-9752
22	30	3168
22	31	-5264
22	32	1536
22	33	912
23	24	-776
23	25	504
23	26	-992
23	27	-2680
23	28	3088
23	29	5480
23	30	4528
23	31	5344
23	32	-1728
23	33	-448
24	25	-5944
24	26	176
24	27	-5752
24	28	5344
24	29	-4664
24	30	912
24	31	-4528
24	32	-2080
24	33	-4992
25	26	-5072
25	27	-3224
25	28	-992
25	29	9560
25	30	-640
25	31	176
25	32	2352
25	33	-4528
26	27	2896
26	28	-2488
26	29	-2816
26	30	856
26	31	-7576
26	32	-776
26	33	7848
27	28	-1184
27	29	-2760
27	30	2816
27	31	2000
27	32	-176
27	33	2352
28	29	2352
28	30	6024
28	31	2216
28	32	-232
28	33	-1944
29	30	3904
29	31	3088
29	32	912
29	33	-3360
30	31	-584
30	32	-2760
30	33	-4312
31	32	5672
31	33	-8120
32	33	-5944
