0	1	5160
0	2	-2456
0	3	4360
0	4	824
0	5	4752
0	6	-1640
0	7	2864
0	8	8
0	9	-5432
0	10	-1504
0	11	552
0	12	2864
0	13	-2712
0	14	3936
0	15	3528
0	16	-3544
0	17	-4360
0	18	6536
0	19	144
0	20	1504
0	21	8440
0	22	1368
0	23	-1912
0	24	-8560
0	25	3816
0	26	-4480
0	27	4088
0	28	-1368
0	29	3544
0	30	2728
0	31	-7744
0	32	2984
0	33	6264
1	2	3800
1	3	2728
1	4	3816
1	5	1760
1	6	-8
1	7	-3392
1	8	-1624
1	9	-7064
1	10	-4496
1	11	-1080
1	12	1232
1	13	280
1	14	944
1	15	536
1	16	2712
1	17	-7352
1	18	280
1	19	-6112
1	20	4496
1	21	2184
1	22	4360
1	23	-280
1	24	-944
1	25	2184
1	26	-1488
1	27	2456
1	28	-4360
1	29	6536
1	30	1096
1	31	-128
1	32	-8
1	33	4632
2	3	1096
2	4	2184
2	5	-1232
2	6	-3000
2	7	-5024
2	8	5992
2	9	-4072
2	10	-7488
2	11	-2712
2	12	-400
2	13	3272
2	14	2576
2	15	2168
2	16	-280
2	17	3528
2	18	7896
2	19	-12368
2	20	2864
2	21	552
2	22	-1896
2	23	1352
2	24	6672
2	25	552
2	26	-3120
2	27	-3800
2	28	-2728
2	29	4904
2	30	4088
2	31	2864
2	32	1624
2	33	3000
3	4	536
3	5	3136
3	6	9528
3	7	-6128
3	8	-3272
3	9	6792
3	10	144
3	11	808
3	12	3120
3	13	-552
3	14	8576
3	15	-264
3	16	2184
3	17	3000
3	18	4072
3	19	-3408
3	20	-144
3	21	-2456
3	22	-8
3	23	5176
3	24	672
3	25	2168
3	26	1216
3	27	1896
3	28	-4616
3	29	7064
3	30	-1368
3	31	-144
3	32	280
3	33	8968
4	5	4224
4	6	1368
4	7	2032
4	8	264
4	9	1080
4	10	-8016
4	11	-280
4	12	-2592
4	13	2984
4	14	5040
4	15	824
4	16	3272
4	17	4088
4	18	-1640
4	19	128
4	20	-1232
4	21	-8168
4	22	-1096
4	23	6264
4	24	-416
4	25	1080
4	26	128
4	27	808
4	28	-3528
4	29	1352
4	30	6792
4	31	-1232
4	32	-3256
4	33	3256
5	6	-5040
5	7	1640
5	8	-1216
5	9	2592
5	10	-280
5	11	-5296
5	12	1640
5	13	688
5	14	5160
5	15	-4496
5	16	2304
5	17	-3136
5	18	688
5	19	3544
5	20	4904
5	21	-2032
5	22	144
5	23	-5312
5	24	4088
5	25	2592
5	26	-1080
5	27	2864
5	28	4480
5	29	-2304
5	30	-3120
5	31	-4344
5	32	-416
5	33	416
6	7	-5840
6	8	-4072
6	9	8984
6	10	2576
6	11	1096
6	12	-1216
6	13	2456
6	14	3392
6	15	-1640
6	16	5160
6	17	4344
6	18	-2168
6	19	688
6	20	-7200
6	21	-4888
6	22	1912
6	23	6792
6	24	-3392
6	25	-264
6	26	5312
6	27	4632
6	28	-6536
6	29	4088
6	30	3272
6	31	2048
6	32	-2184
6	33	2184
7	8	2848
7	9	-960
7	10	-1352
7	11	6928
7	12	-8
7	13	944
7	14	-6792
7	15	2864
7	16	5312
7	17	-3120
7	18	-3680
7	19	7336
7	20	-3272
7	21	-960
7	22	-7760
7	23	-944
7	24	-7080
7	25	-960
7	26	2712
7	27	-1232
7	28	3136
7	29	-5312
7	30	4752
7	31	-7896
7	32	3408
7	33	-3408
8	9	1896
8	10	-8832
8	11	5160
8	12	-1776
8	13	-824
8	14	-5024
8	15	4632
8	16	2456
8	17	3272
8	18	8424
8	19	-3680
8	20	-5040
8	21	-2728
8	22	-9528
8	23	824
8	24	5024
8	25	1896
8	26	-3680
8	27	-7624
8	28	-4344
8	29	2168
8	30	2984
8	31	-9664
8	32	5176
8	33	-552
9	10	-400
9	11	1352
9	12	-960
9	13	-8
9	14	-1216
9	15	-808
9	16	6264
9	17	7080
9	18	-8
9	19	6384
9	20	-8848
9	21	-11160
9	22	-4088
9	23	4632
9	24	5840
9	25	-1912
9	26	1760
9	27	2440
9	28	-536
9	29	-1640
9	30	-824
9	31	-4224
9	32	-264
9	33	264
10	11	-3664
10	12	3272
10	13	-2304
10	14	3528
10	15	-6128
10	16	672
10	17	-4768
10	18	-6928
10	19	5176
10	20	1912
10	21	4224
10	22	6400
10	23	-6944
10	24	-3528
10	25	4224
10	26	5176
10	27	4496
10	28	2848
10	29	-672
10	30	-6112
10	31	6536
10	32	-2048
10	33	-7200
11	12	-2320
11	13	-1368
11	14	-4480
11	15	5176
11	16	3000
11	17	-808
11	18	-1368
11	19	400
11	20	-5584
11	21	-3272
11	22	-10072
11	23	5992
11	24	-4768
11	25	1352
11	26	5024
11	27	-8168
11	28	-3800
11	29	1624
11	30	2440
11	31	-5584
11	32	5720
11	33	3528
12	13	-3680
12	14	2456
12	15	2864
12	16	688
12	17	1504
12	18	5568
12	19	2712
12	20	1352
12	21	3664
12	22	1488
12	23	-5568
12	24	-2456
12	25	-960
12	26	-6536
12	27	3392
12	28	-1488
12	29	3936
12	30	-4496
12	31	-3272
12	32	3408
12	33	1216
13	14	-3120
13	15	1912
13	16	4360
13	17	-4072
13	18	-2728
13	19	-960
13	20	2304
13	21	-8
13	22	-6808
13	23	-1896
13	24	-1504
13	25	-4632
13	26	8288
13	27	-280
13	28	2184
13	29	-4360
13	30	5704
13	31	2304
13	32	2456
13	33	-7080
14	15	-5312
14	16	-3136
14	17	5296
14	18	1504
14	19	-4888
14	20	5720
14	21	-1216
14	22	5584
14	23	3120
14	24	280
14	25	8032
14	26	-264
14	27	-944
14	28	-5584
14	29	7760
14	30	-2304
14	31	5720
14	32	-5856
14	33	5856
15	16	-3544
15	17	264
15	18	6536
15	19	144
15	20	-3120
15	21	-808
15	22	-7880
15	23	2712
15	24	688
15	25	-808
15	26	-4480
15	27	-536
15	28	-1368
15	29	3544
15	30	2728
15	31	-3120
15	32	7608
15	33	1640
16	17	-2184
16	18	-4888
16	19	2592
16	20	-5296
16	21	-7608
16	22	-5432
16	23	264
16	24	-1488
16	25	1640
16	26	7216
16	27	1912
16	28	-3816
16	29	1368
16	30	5176
16	31	-5296
16	32	536
16	33	-5160
17	18	5176
17	19	-1216
17	20	-4480
17	21	-6792
17	22	8
17	23	8696
17	24	3952
17	25	-2168
17	26	-5840
17	27	-1896
17	28	-4632
17	29	2184
17	30	1368
17	31	144
17	32	-4904
17	33	4904
18	19	-5584
18	20	-2320
18	21	4616
18	22	-2184
18	23	-1896
18	24	3120
18	25	-8
18	26	-10208
18	27	-280
18	28	-2440
18	29	4888
18	30	1080
18	31	-6944
18	32	7080
18	33	6792
19	20	-5176
19	21	-2864
19	22	-416
19	23	-3664
19	24	-4360
19	25	-2864
19	26	808
19	27	6112
19	28	5040
19	29	-7216
19	30	-1776
19	31	-5176
19	32	688
19	33	-5312
20	21	5024
20	22	2848
20	23	-2304
20	24	3528
20	25	400
20	26	-552
20	27	-4496
20	28	1776
20	29	672
20	30	-7760
20	31	7336
20	32	-7200
20	33	-2048
21	22	5160
21	23	-9240
21	24	-8032
21	25	-1912
21	26	-2864
21	27	2440
21	28	4088
21	29	-1640
21	30	-824
21	31	400
21	32	4360
21	33	264
22	23	-2440
22	24	-960
22	25	536
22	26	-5040
22	27	9512
22	28	1640
22	29	808
22	30	-3000
22	31	7472
22	32	-7336
22	33	2712
23	24	1504
23	25	8
23	26	960
23	27	-4344
23	28	-6808
23	29	4360
23	30	3544
23	31	2320
23	32	-7080
23	33	7080
24	25	1216
24	26	-4360
24	27	-3680
24	28	960
24	29	1488
24	30	-6944
24	31	3528
24	32	-3392
24	33	-1232
25	26	1760
25	27	-2184
25	28	-5160
25	29	7608
25	30	-824
25	31	400
25	32	-264
25	33	264
26	27	-3136
26	28	416
26	29	-2592
26	30	2848
26	31	4072
26	32	688
26	33	-5312
27	28	4360
27	29	-1912
27	30	3528
27	31	128
27	32	8
27	33	-8
28	29	-10056
28	30	-1624
28	31	1776
28	32	2712
28	33	-2712
29	30	-552
29	31	672
29	32	-536
29	33	5160
30	31	-3136
30	32	3272
30	33	1352
31	32	-7200
31	33	-2048
32	33	2184
