0	1	-2308
0	2	268
0	3	-4484
0	4	140
0	5	-3404
0	6	-1772
0	7	2308
0	8	-7212
0	9	1356
0	10	2180
0	11	9108
0	12	5852
0	13	-2316
0	14	2036
0	15	676
0	16	-7884
0	17	4356
0	18	4764
0	19	5580
0	20	-4348
0	21	404
0	22	7340
0	23	2588
0	24	-3804
0	25	4
0	26	-5308
0	27	4484
0	28	2316
0	29	7892
0	30	-3404
0	31	2996
0	32	-1356
0	33	-6260
1	2	4356
1	3	-140
1	4	-140
1	5	-5844
1	6	-2852
1	7	2316
1	8	2588
1	9	-1356
1	10	2444
1	11	140
1	12	-1228
1	13	2316
1	14	-2036
1	15	-676
1	16	-1364
1	17	-8980
1	18	4484
1	19	-5580
1	20	-276
1	21	-5028
1	22	1908
1	23	2036
1	24	-5444
1	25	-4628
1	26	684
1	27	4764
1	28	2308
1	29	1356
1	30	-1220
1	31	-2996
1	32	-3268
1	33	-2988
2	3	2180
2	4	-2444
2	5	-5444
2	6	-3812
2	7	-4356
2	8	-4
2	9	3940
2	10	4220
2	11	7068
2	12	3268
2	13	268
2	14	-4
2	15	-1364
2	16	-5844
2	17	1772
2	18	-2444
2	19	-1628
2	20	2316
2	21	-10884
2	22	5300
2	23	4628
2	24	2860
2	25	-2580
2	26	-2724
2	27	7068
2	28	-4892
2	29	5308
2	30	-5444
2	31	412
2	32	684
2	33	5572
3	4	2036
3	5	-3396
3	6	8844
3	7	140
3	8	5036
3	9	5716
3	10	-4628
3	11	-2036
3	12	948
3	13	140
3	14	-4212
3	15	-2852
3	16	5436
3	17	-2180
3	18	-2588
3	19	-8028
3	20	1900
3	21	-2580
3	22	4356
3	23	-412
3	24	5980
3	25	-2452
3	26	3132
3	27	-2036
3	28	-9388
3	29	-1092
3	30	-3396
3	31	3804
3	32	-1092
3	33	-540
4	5	-3396
4	6	-404
4	7	4764
4	8	5036
4	9	-3532
4	10	-9252
4	11	-2036
4	12	5572
4	13	4764
4	14	412
4	15	-2852
4	16	5436
4	17	2444
4	18	-2588
4	19	-3404
4	20	6524
4	21	6668
4	22	-268
4	23	-9660
4	24	1356
4	25	-2452
4	26	-1492
4	27	2588
4	28	-140
4	29	-5716
4	30	-3396
4	31	3804
4	32	-5716
4	33	-540
5	6	-2860
5	7	1220
5	8	948
5	9	268
5	10	3268
5	11	-5852
5	12	-2308
5	13	1220
5	14	-3676
5	15	-412
5	16	2452
5	17	820
5	18	1228
5	19	2044
5	20	-3260
5	21	3940
5	22	-2996
5	23	3676
5	24	1908
5	25	5716
5	26	2852
5	27	-1228
5	28	3404
5	29	-268
5	30	4756
5	31	-540
5	32	-268
5	33	1900
6	7	2852
6	8	7204
6	9	1900
6	10	-7612
6	11	404
6	12	684
6	13	-1772
6	14	2580
6	15	-3404
6	16	5444
6	17	-812
6	18	-404
6	19	-4212
6	20	-268
6	21	948
6	22	3260
6	23	-2580
6	24	4900
6	25	-540
6	26	-140
6	27	-8844
6	28	-2852
6	29	-1900
6	30	-7484
6	31	2452
6	32	7348
6	33	-1092
7	8	-2588
7	9	-3268
7	10	-2444
7	11	-4764
7	12	1228
7	13	6932
7	14	-2588
7	15	-3948
7	16	-3260
7	17	-4892
7	18	140
7	19	956
7	20	276
7	21	404
7	22	2716
7	23	-2036
7	24	5444
7	25	4
7	26	-684
7	27	-140
7	28	2316
7	29	3268
7	30	-3404
7	31	7620
7	32	-5980
7	33	2988
8	9	1084
8	10	-6796
8	11	-412
8	12	1500
8	13	2036
8	14	-2860
8	15	-4220
8	16	10884
8	17	4
8	18	412
8	19	-8020
8	20	548
8	21	4756
8	22	2444
8	23	-1764
8	24	1092
8	25	276
8	26	-956
8	27	-412
8	28	2588
8	29	-5708
8	30	-3676
8	31	-1356
8	32	3540
8	33	-1908
9	10	3132
9	11	-1092
9	12	6804
9	13	-3268
9	14	-8164
9	15	-9524
9	16	-6932
9	17	-3940
9	18	5716
9	19	1908
9	20	-3396
9	21	4076
9	22	6388
9	23	8164
9	24	1772
9	25	-3668
9	26	2988
9	27	3532
9	28	-5980
9	29	8844
9	30	-4356
9	31	-676
9	32	4220
9	33	2036
10	11	4
10	12	-5716
10	13	-7068
10	14	-2172
10	15	3812
10	16	-10476
10	17	404
10	18	-4
10	19	8428
10	20	-9388
10	21	-5164
10	22	-2852
10	23	11420
10	24	-5308
10	25	-4492
10	26	5172
10	27	4
10	28	-2180
10	29	6116
10	30	3268
10	31	-7484
10	32	1492
10	33	-3124
11	12	3676
11	13	-140
11	14	4212
11	15	2852
11	16	-812
11	17	2180
11	18	2588
11	19	-1220
11	20	-1900
11	21	-6668
11	22	4892
11	23	5036
11	24	-1356
11	25	2452
11	26	-3132
11	27	6660
11	28	4764
11	29	5716
11	30	-5852
11	31	820
11	32	1092
11	33	-4084
12	13	5852
12	14	1500
12	15	-6388
12	16	-276
12	17	1356
12	18	948
12	19	132
12	20	5436
12	21	3132
12	22	5444
12	23	-1500
12	24	268
12	25	1084
12	26	-5028
12	27	8300
12	28	-1228
12	29	2444
12	30	-6932
12	31	7340
12	32	-2180
12	33	548
13	14	-2588
13	15	-3948
13	16	5988
13	17	-4892
13	18	-4484
13	19	-3668
13	20	4900
13	21	404
13	22	2716
13	23	-2036
13	24	5444
13	25	9252
13	26	-5308
13	27	9108
13	28	6940
13	29	-1356
13	30	1220
13	31	12244
13	32	-10604
13	33	2988
14	15	5028
14	16	1636
14	17	4628
14	18	-4212
14	19	1228
14	20	5172
14	21	-4492
14	22	-6804
14	23	-6388
14	24	-3532
14	25	276
14	26	-956
14	27	-5036
14	28	-2036
14	29	-5708
14	30	-3676
14	31	-1356
14	32	3540
14	33	-1908
15	16	2996
15	17	5988
15	18	-2852
15	19	2588
15	20	1908
15	21	-5852
15	22	-8164
15	23	-404
15	24	-6796
15	25	-2988
15	26	2308
15	27	-1772
15	28	-676
15	29	-4348
15	30	4212
15	31	-4620
15	32	276
15	33	-3268
16	17	1220
16	18	-3812
16	19	-9252
16	20	5300
16	21	3268
16	22	-3668
16	23	-6260
16	24	132
16	25	5572
16	26	-268
16	27	-812
16	28	3260
16	29	-11564
16	30	2452
16	31	2580
16	32	-2316
16	33	-3940
17	18	-6804
17	19	6252
17	20	2308
17	21	1636
17	22	-676
17	23	-4628
17	24	-2860
17	25	-2044
17	26	-6524
17	27	-2444
17	28	-4356
17	29	-5308
17	30	820
17	31	-412
17	32	3940
17	33	-948
18	19	-3404
18	20	-2724
18	21	2044
18	22	4356
18	23	4212
18	24	-3268
18	25	-2452
18	26	3132
18	27	2588
18	28	4484
18	29	8156
18	30	-3396
18	31	-5444
18	32	3532
18	33	-540
19	20	-3540
19	21	2860
19	22	-4076
19	23	3396
19	24	-4084
19	25	-3268
19	26	-676
19	27	-1220
19	28	-956
19	29	2716
19	30	2044
19	31	-1636
19	32	2716
19	33	276
20	21	-2444
20	22	-4756
20	23	-9796
20	24	1220
20	25	-2588
20	26	-1356
20	27	2724
20	28	-4900
20	29	-5852
20	30	-3260
20	31	3668
20	32	-1228
20	33	8844
21	22	812
21	23	-4756
21	24	-1900
21	25	1908
21	26	-2588
21	27	-2044
21	28	4220
21	29	-4076
21	30	3940
21	31	276
21	32	548
21	33	-3540
22	23	2180
22	24	5036
22	25	4220
22	26	-9524
22	27	4892
22	28	1908
22	29	7484
22	30	-2996
22	31	7212
22	32	-1764
22	33	-1228
23	24	-1092
23	25	-276
23	26	5580
23	27	5036
23	28	2036
23	29	10332
23	30	-948
23	31	-3268
23	32	1084
23	33	-2716
24	25	6116
24	26	-812
24	27	-1356
24	28	-820
24	29	2852
24	30	-2716
24	31	7748
24	32	-1772
24	33	9388
25	26	-6252
25	27	2452
25	28	9244
25	29	-956
25	30	5716
25	31	8564
25	32	-5580
25	33	-676
26	27	-3132
26	28	-3940
26	29	1636
26	30	-1772
26	31	-7884
26	32	1636
26	33	-4
27	28	4764
27	29	5716
27	30	-1228
27	31	5444
27	32	-8156
27	33	540
28	29	1356
28	30	3404
28	31	1628
28	32	-3268
28	33	-2988
29	30	-4892
29	31	676
29	32	404
29	33	2588
30	31	-540
30	32	-4892
30	33	-2724
31	32	-8572
31	33	2316
32	33	2588
