0	1	-1808
0	2	-4496
0	3	1024
0	4	-1360
0	5	432
0	6	1360
0	7	-2032
0	8	-3120
0	9	240
0	10	-6144
0	11	-3264
0	12	6144
0	13	688
0	14	-1440
0	15	-1360
0	16	-1776
0	17	-1360
0	18	4688
0	19	-352
0	20	208
0	21	-432
0	22	544
0	23	-128
0	24	1216
0	25	-1696
0	26	-1664
0	27	240
1	2	-96
1	3	3568
1	4	3040
1	5	1248
1	6	96
1	7	3712
1	8	1440
1	9	1216
1	10	1328
1	11	4944
1	12	-1328
1	13	768
1	14	-240
1	15	-96
1	16	3232
1	17	-96
1	18	-3008
1	19	-1104
1	20	-1664
1	21	-1248
1	22	-2000
1	23	-1328
1	24	-2672
1	25	240
1	26	-16
1	27	-1920
2	3	-2256
2	4	2592
2	5	800
2	6	-2592
2	7	128
2	8	1888
2	9	-1472
2	10	4912
2	11	1360
2	12	-4912
2	13	1216
2	14	3344
2	15	2592
2	16	544
2	17	-544
2	18	-3456
2	19	-1552
2	20	1024
2	21	-800
2	22	688
2	23	-1776
2	24	-3120
2	25	2928
2	26	432
2	27	1664
3	4	880
3	5	-464
3	6	2256
3	7	3344
3	8	-2224
3	9	1136
3	10	-2112
3	11	2112
3	12	2112
3	13	-1552
3	14	-544
3	15	-2256
3	16	2256
3	17	-2256
3	18	656
3	19	1888
3	20	-688
3	21	464
3	22	-3488
3	23	-1024
3	24	320
3	25	544
3	26	-768
3	27	-2000
4	5	800
4	6	-2592
4	7	128
4	8	-1248
4	9	1664
4	10	1776
4	11	4496
4	12	-1776
4	13	1216
4	14	3344
4	15	2592
4	16	544
4	17	-544
4	18	-320
4	19	-1552
4	20	-2112
4	21	-800
4	22	688
4	23	-4912
4	24	-3120
4	25	-208
4	26	432
4	27	1664
5	6	2336
5	7	1472
5	8	544
5	9	320
5	10	432
5	11	-432
5	12	-432
5	13	3008
5	14	2000
5	15	800
5	16	2336
5	17	-2336
5	18	-2112
5	19	-208
5	20	2368
5	21	-2144
5	22	2032
5	23	-432
5	24	-4912
5	25	1136
5	26	-4048
5	27	320
6	7	3008
6	8	-1888
6	9	1472
6	10	-1776
6	11	-1360
6	12	1776
6	13	-1216
6	14	-208
6	15	-2592
6	16	2592
6	17	-2592
6	18	320
6	19	4688
6	20	2112
6	21	800
6	22	-688
6	23	1776
6	24	-16
6	25	208
6	26	-3568
6	27	-1664
7	8	1216
7	9	992
7	10	1104
7	11	2032
7	12	-1104
7	13	-2592
7	14	-464
7	15	128
7	16	6144
7	17	-3008
7	18	-2784
7	19	2256
7	20	1696
7	21	1664
7	22	-1776
7	23	2032
7	24	-2448
7	25	3600
7	26	-240
7	27	992
8	9	-3008
8	10	3152
8	11	-16
8	12	-3152
8	13	576
8	14	-1552
8	15	1888
8	16	1248
8	17	1888
8	18	-4608
8	19	-3376
8	20	320
8	21	-544
8	22	656
8	23	3120
8	24	-1808
8	25	1552
8	26	1360
8	27	128
9	10	240
9	11	2896
9	12	-240
9	13	800
9	14	-1328
9	15	-1472
9	16	1472
9	17	1664
9	18	1440
9	19	2672
9	20	96
9	21	-320
9	22	432
9	23	-240
9	24	1104
9	25	-1808
9	26	1584
9	27	352
10	11	3008
10	12	-6400
10	13	688
10	14	1696
10	15	1776
10	16	1360
10	17	1776
10	18	-4720
10	19	-352
10	20	208
10	21	-432
10	22	544
10	23	-128
10	24	-1920
10	25	1440
10	26	1472
10	27	240
11	12	-3008
11	13	-688
11	14	1440
11	15	1360
11	16	1776
11	17	1360
11	18	-1552
11	19	352
11	20	-3344
11	21	432
11	22	-544
11	23	-3008
11	24	-1216
11	25	-1440
11	26	1664
11	27	-240
12	13	-688
12	14	-1696
12	15	-1776
12	16	-1360
12	17	-1776
12	18	4720
12	19	352
12	20	-208
12	21	432
12	22	-544
12	23	128
12	24	1920
12	25	-1440
12	26	-1472
12	27	-240
13	14	-880
13	15	-1920
13	16	-1216
13	17	1216
13	18	-2144
13	19	-4048
13	20	2784
13	21	-6144
13	22	-16
13	23	-688
13	24	-2480
13	25	880
13	26	-1104
13	27	-2336
14	15	3344
14	16	-208
14	17	-2928
14	18	-16
14	19	1216
14	20	-1360
14	21	1136
14	22	2112
14	23	-4832
14	24	-3488
14	25	-128
14	26	-3232
14	27	1808
15	16	544
15	17	-544
15	18	-320
15	19	-1552
15	20	-2112
15	21	2336
15	22	3824
15	23	-1776
15	24	-3120
15	25	-208
15	26	432
15	27	4800
16	17	-2592
16	18	-2816
16	19	1552
16	20	2112
16	21	800
16	22	-688
16	23	1776
16	24	-3152
16	25	3344
16	26	-432
16	27	1472
17	18	-320
17	19	-1552
17	20	-2112
17	21	-800
17	22	688
17	23	1360
17	24	3152
17	25	-3344
17	26	3568
17	27	-1472
18	19	1808
18	20	-1888
18	21	2112
18	22	912
18	23	-1552
18	24	3376
18	25	-3120
18	26	208
18	27	1440
19	20	16
19	21	3344
19	22	-320
19	23	352
19	24	2144
19	25	-1216
19	26	-1696
19	27	-464
20	21	-2368
20	22	-880
20	23	2928
20	24	-1552
20	25	4496
20	26	-1136
20	27	96
21	22	1104
21	23	432
21	24	1776
21	25	-1136
21	26	912
21	27	2816
22	23	-544
22	24	-1888
22	25	-2112
22	26	-800
22	27	3568
23	24	1920
23	25	1696
23	26	1664
23	27	-240
24	25	-2784
24	26	3008
24	27	-2032
25	26	96
25	27	1328
26	27	1584
