0	1	-3284
0	2	3060
0	3	860
0	4	524
0	5	-1940
0	6	-3172
0	7	1308
0	8	-636
0	9	2500
0	10	3844
0	11	-3884
0	12	-932
0	13	-2092
0	14	3436
0	15	1980
0	16	1268
0	17	1532
0	18	-596
0	19	3844
0	20	-188
0	21	2388
0	22	-2724
0	23	-2876
0	24	-2092
0	25	300
0	26	-2540
0	27	260
1	2	-636
1	3	1420
1	4	1084
1	5	4892
1	6	3660
1	7	1868
1	8	1940
1	9	-1196
1	10	-2988
1	11	4964
1	12	-372
1	13	3620
1	14	-2276
1	15	-3732
1	16	708
1	17	-1044
1	18	-36
1	19	-2988
1	20	2388
1	21	1828
1	22	972
1	23	-300
1	24	484
1	25	860
1	26	3172
1	27	-300
2	3	4628
2	4	-4444
2	5	-1980
2	6	-748
2	7	1044
2	8	-1716
2	9	1420
2	10	76
2	11	-1604
2	12	3284
2	13	-260
2	14	-1084
2	15	372
2	16	5788
2	17	-2316
2	18	-188
2	19	76
2	20	972
2	21	1532
2	22	1940
2	23	-2612
2	24	-3396
2	25	-1084
2	26	-2948
2	27	-2612
3	4	-1044
3	5	-372
3	6	1532
3	7	2876
3	8	932
3	9	932
3	10	-860
3	11	820
3	12	636
3	13	-524
3	14	-1268
3	15	-2724
3	16	5972
3	17	-3172
3	18	972
3	19	-860
3	20	1380
3	21	820
3	22	1980
3	23	-1308
3	24	-524
3	25	1868
3	26	-972
3	27	-1308
4	5	2428
4	6	1196
4	7	2540
4	8	4404
4	9	1268
4	10	2612
4	11	1156
4	12	-5972
4	13	-188
4	14	4668
4	15	-3060
4	16	-3100
4	17	2764
4	18	636
4	19	2612
4	20	1716
4	21	1156
4	22	-4628
4	23	-972
4	24	2948
4	25	4668
4	26	2500
4	27	2164
5	6	1868
5	7	76
5	8	3732
5	9	-2540
5	10	-1196
5	11	3620
5	12	-2164
5	13	2276
5	14	-932
5	15	-2388
5	16	-636
5	17	300
5	18	1308
5	19	-1196
5	20	1044
5	21	484
5	22	-820
5	23	-1644
5	24	-860
5	25	-932
5	26	4964
5	27	1492
6	7	1980
6	8	1828
6	9	1828
6	10	36
6	11	4852
6	12	-260
6	13	3508
6	14	-2164
6	15	-3620
6	16	596
6	17	2204
6	18	76
6	19	36
6	20	2276
6	21	-1420
6	22	1084
6	23	2724
6	24	372
6	25	4108
6	26	3060
6	27	-3548
7	8	484
7	9	3620
7	10	1828
7	11	372
7	12	-2052
7	13	-972
7	14	-820
7	15	-2276
7	16	2388
7	17	412
7	18	1420
7	19	1828
7	20	932
7	21	3508
7	22	-708
7	23	1380
7	24	2164
7	25	5452
7	26	-1420
7	27	1380
8	9	-1156
8	10	636
8	11	2092
8	12	-3548
8	13	300
8	14	1492
8	15	-3324
8	16	76
8	17	260
8	18	2388
8	19	636
8	20	1532
8	21	-1044
8	22	-1756
8	23	-2052
8	24	300
8	25	1492
8	26	3884
8	27	1084
9	10	3772
9	11	-1044
9	12	-412
9	13	300
9	14	1492
9	15	-188
9	16	76
9	17	3396
9	18	-748
9	19	3772
9	20	1532
9	21	2092
9	22	-1756
9	23	1084
9	24	300
9	25	4628
9	26	-2388
9	27	-2052
10	11	-2388
10	12	-2204
10	13	-1044
10	14	2836
10	15	1156
10	16	-1268
10	17	4740
10	18	596
10	19	5564
10	20	188
10	21	748
10	22	-3548
10	23	-260
10	24	-1044
10	25	2836
10	26	-596
10	27	-260
11	12	-524
11	13	3548
11	14	-1756
11	15	-3436
11	16	188
11	17	148
11	18	-860
11	19	-2388
11	20	1644
11	21	-932
11	22	1268
11	23	1196
11	24	412
11	25	1380
11	26	3996
11	27	-1940
12	13	1268
12	14	-3060
12	15	1756
12	16	1492
12	17	-1828
12	18	-820
12	19	-2204
12	20	36
12	21	-524
12	22	3324
12	23	484
12	24	-1868
12	25	-3060
12	26	-2316
12	27	-2652
13	14	36
13	15	-1644
13	16	-1604
13	17	1940
13	18	-2204
13	19	-1044
13	20	2988
13	21	412
13	22	-76
13	23	-596
13	24	-1380
13	25	36
13	26	2204
13	27	-3732
14	15	-148
14	16	-2876
14	17	2540
14	18	-2724
14	19	2836
14	20	1940
14	21	1380
14	22	-4852
14	23	-3884
14	24	36
14	25	1308
14	26	-412
14	27	-748
15	16	-1420
15	17	1084
15	18	-1044
15	19	1156
15	20	-2876
15	21	-300
15	22	-36
15	23	708
15	24	-1644
15	25	-3284
15	26	-2092
15	27	708
16	17	-4108
16	18	1156
16	19	-1268
16	20	-372
16	21	188
16	22	3284
16	23	-820
16	24	-1604
16	25	260
16	26	-1156
16	27	-820
17	18	-1492
17	19	4740
17	20	708
17	21	148
17	22	-3620
17	23	1156
17	24	-1196
17	25	2540
17	26	1492
17	27	-1980
18	19	596
18	20	-300
18	21	-860
18	22	524
18	23	148
18	24	932
18	25	412
18	26	484
18	27	3284
19	20	188
19	21	748
19	22	-3548
19	23	-260
19	24	-1044
19	25	2836
19	26	-596
19	27	-260
20	21	1644
20	22	-1308
20	23	-2500
20	24	-148
20	25	1940
20	26	300
20	27	-2500
21	22	-1868
21	23	-1940
21	24	412
21	25	1380
21	26	-2276
21	27	1196
22	23	2276
22	24	-76
22	25	-1716
22	26	-524
22	27	-860
23	24	2540
23	25	2388
23	26	-148
23	27	188
24	25	3172
24	26	-932
24	27	2540
25	26	-412
25	27	-748
26	27	-148
