0	1	-1616
0	2	-2400
0	3	-1072
0	4	-2176
0	5	272
0	6	-1840
0	7	2080
0	8	-1504
0	9	1952
0	10	608
0	11	2624
0	12	3872
0	13	-1072
0	14	1968
0	15	64
0	16	-1056
0	17	-1280
0	18	3184
0	19	720
0	20	1056
0	21	-3088
0	22	1840
0	23	2528
0	24	-3984
0	25	-1056
0	26	608
0	27	624
1	2	-48
1	3	-288
1	4	176
1	5	-5216
1	6	512
1	7	1296
1	8	3984
1	9	-400
1	10	1392
1	11	272
1	12	-48
1	13	2848
1	14	-1952
1	15	-720
1	16	-1840
1	17	-2064
1	18	-2304
1	19	-1632
1	20	1840
1	21	-2304
1	22	2624
1	23	-1392
1	24	3072
1	25	-1840
1	26	1392
1	27	-160
2	3	3632
2	4	2528
2	5	1840
2	6	-3408
2	7	-2624
2	8	3200
2	9	-2752
2	10	-960
2	11	-2080
2	12	-3968
2	13	496
2	14	-2736
2	15	-1504
2	16	3648
2	17	288
2	18	1616
2	19	-848
2	20	-3648
2	21	1616
2	22	272
2	23	-2176
2	24	720
2	25	3648
2	26	-960
2	27	-944
3	4	3408
3	5	1632
3	6	-3200
3	7	-848
3	8	2736
3	9	-48
3	10	1296
3	11	-720
3	12	-2640
3	13	-3296
3	14	-736
3	15	-1968
3	16	2288
3	17	-624
3	18	1856
3	19	1184
3	20	-2288
3	21	-1280
3	22	64
3	23	1840
3	24	-384
3	25	2288
3	26	1296
3	27	608
4	5	1616
4	6	-3184
4	7	-2400
4	8	288
4	9	160
4	10	1952
4	11	-2304
4	12	-608
4	13	272
4	14	624
4	15	1856
4	16	736
4	17	512
4	18	1392
4	19	-1072
4	20	-736
4	21	1392
4	22	-3088
4	23	-1952
4	24	496
4	25	736
4	26	1952
4	27	2416
5	6	-1856
5	7	496
5	8	-2192
5	9	-1392
5	10	-48
5	11	-2064
5	12	-1296
5	13	-1504
5	14	608
5	15	-624
5	16	496
5	17	720
5	18	3648
5	19	-160
5	20	-3632
5	21	512
5	22	-1280
5	23	48
5	24	-1728
5	25	3632
5	26	-3184
5	27	-1184
6	7	1072
6	8	-2512
6	9	-176
6	10	-1520
6	11	496
6	12	-272
6	13	-64
6	14	960
6	15	-944
6	16	-2064
6	17	848
6	18	-5216
6	19	1728
6	20	2064
6	21	1056
6	22	-288
6	23	1520
6	24	3296
6	25	-2064
6	26	-1520
6	27	-384
7	8	1408
7	9	-960
7	10	832
7	11	2848
7	12	512
7	13	-848
7	14	-1392
7	15	-160
7	16	-4416
7	17	-4640
7	18	272
7	19	944
7	20	1280
7	21	-6000
7	22	2064
7	23	2304
7	24	-624
7	25	-1280
7	26	-2304
7	27	-2736
8	9	-512
8	10	1280
8	11	160
8	12	-3072
8	13	-400
8	14	-4976
8	15	-608
8	16	1408
8	17	-1952
8	18	720
8	19	-1744
8	20	-1408
8	21	-2416
8	22	2512
8	23	-1280
8	24	-176
8	25	1408
8	26	1280
8	27	-3184
9	10	4544
9	11	-608
9	12	3520
9	13	-3184
9	14	2288
9	15	1056
9	16	-960
9	17	2400
9	18	1968
9	19	-1840
9	20	960
9	21	-1168
9	22	176
9	23	1728
9	24	-3408
9	25	-960
9	26	4544
9	27	496
10	11	-2400
10	12	2176
10	13	-1840
10	14	944
10	15	-288
10	16	-2304
10	17	1056
10	18	3312
10	19	-3632
10	20	-832
10	21	-2960
10	22	1520
10	23	384
10	24	-2064
10	25	832
10	26	2752
10	27	-848
11	12	1056
11	13	-720
11	14	-176
11	15	1728
11	16	-288
11	17	-3200
11	18	-1840
11	19	3760
11	20	3424
11	21	-1840
11	22	-496
11	23	2400
11	24	-944
11	25	-3424
11	26	736
11	27	1168
12	13	496
12	14	3536
12	15	1632
12	16	-2624
12	17	288
12	18	1616
12	19	-848
12	20	2624
12	21	-1520
12	22	272
12	23	960
12	24	-2416
12	25	-2624
12	26	2176
12	27	2192
13	14	-736
13	15	1168
13	16	-848
13	17	-624
13	18	-1280
13	19	-1952
13	20	848
13	21	1856
13	22	64
13	23	-4432
13	24	2752
13	25	-848
13	26	-1840
13	27	608
14	15	-272
14	16	-1392
14	17	1520
14	18	384
14	19	1056
14	20	1392
14	21	384
14	22	-960
14	23	2192
14	24	-512
14	25	-1392
14	26	944
14	27	3424
15	16	-160
15	17	-384
15	18	-848
15	19	-176
15	20	3296
15	21	2288
15	22	-5328
15	23	-2848
15	24	-1744
15	25	-3296
15	26	2848
15	27	1520
16	17	1632
16	18	272
16	19	944
16	20	-1856
16	21	3408
16	22	-1072
16	23	-832
16	24	-624
16	25	1856
16	26	832
16	27	400
17	18	496
17	19	-1968
17	20	-1632
17	21	3632
17	22	-848
17	23	-1056
17	24	-400
17	25	1632
17	26	1056
17	27	176
18	19	-3072
18	20	-3408
18	21	-2400
18	22	2080
18	23	-176
18	24	-4640
18	25	3408
18	26	176
18	27	-1408
19	20	2192
19	21	64
19	22	-1728
19	23	3632
19	24	960
19	25	-2192
19	26	-496
19	27	2400
20	21	-272
20	22	-2064
20	23	832
20	24	624
20	25	-4992
20	26	2304
20	27	2736
21	22	-4192
21	23	-3312
21	24	1632
21	25	272
21	26	176
21	27	1728
22	23	1616
22	24	-160
22	25	2064
22	26	-1616
22	27	-2752
23	24	-1072
23	25	-832
23	26	384
23	27	848
24	25	-624
24	26	-2064
24	27	832
25	26	-2304
25	27	-2736
26	27	2288
