0	1	-1268
0	2	2348
0	3	-100
0	4	548
0	5	604
0	6	1396
0	7	-28
0	8	-28
0	9	244
0	10	604
0	11	404
0	12	-476
0	13	28
0	14	332
0	15	100
0	16	-548
0	17	244
1	2	-1612
1	3	-172
1	4	-820
1	5	-620
1	6	-1124
1	7	-100
1	8	-100
1	9	316
1	10	-620
1	11	1628
1	12	-404
1	13	100
1	14	260
1	15	-1124
1	16	820
1	17	316
2	3	388
2	4	1036
2	5	404
2	6	908
2	7	316
2	8	-980
2	9	-532
2	10	1700
2	11	-116
2	12	188
2	13	980
2	14	1252
2	15	908
2	16	-1036
2	17	764
3	4	-404
3	5	548
3	6	1052
3	7	-1124
3	8	172
3	9	908
3	10	-748
3	11	-260
3	12	332
3	13	1124
3	14	-188
3	15	-1540
3	16	404
3	17	-388
4	5	-1396
4	6	404
4	7	-476
4	8	-1772
4	9	-1036
4	10	1196
4	11	388
4	12	-316
4	13	476
4	14	1756
4	15	1700
4	16	1052
4	17	1556
5	6	748
5	7	620
5	8	620
5	9	-404
5	10	-44
5	11	-1540
5	12	172
5	13	-620
5	14	-316
5	15	-548
5	16	-1196
5	17	-1700
6	7	-1468
6	8	-172
6	9	1684
6	10	-548
6	11	260
6	12	-1628
6	13	-1124
6	14	188
6	15	-1052
6	16	-404
6	17	388
7	8	100
7	9	-1612
7	10	620
7	11	-1628
7	12	1700
7	13	-100
7	14	-260
7	15	1124
7	16	-820
7	17	-316
8	9	980
8	10	-1972
8	11	-332
8	12	404
8	13	-100
8	14	-2852
8	15	-1468
8	16	476
8	17	-1612
9	10	-1700
9	11	1412
9	12	-1484
9	13	-980
9	14	-1252
9	15	-2204
9	16	-260
9	17	532
10	11	-244
10	12	172
10	13	676
10	14	2276
10	15	2044
10	16	-1196
10	17	892
11	12	-1756
11	13	332
11	14	604
11	15	-1036
11	16	908
11	17	1412
12	13	892
12	14	-532
12	15	964
12	16	316
12	17	-1484
13	14	260
13	15	172
13	16	820
13	17	316
14	15	1484
14	16	-460
14	17	1340
15	16	-404
15	17	388
16	17	-260
