0	1	-200
0	2	1720
0	3	2680
0	4	760
0	5	-1600
0	6	40
0	7	-1520
0	8	800
0	9	-80
0	10	-2240
0	11	1640
0	12	-1600
0	13	80
0	14	1240
0	15	1520
0	16	-4120
0	17	1040
0	18	-5240
0	19	280
0	20	-1600
0	21	640
0	22	-3640
0	23	-3080
0	24	1000
0	25	920
0	26	2960
0	27	1120
0	28	-7480
0	29	4000
1	2	-2920
1	3	3320
1	4	1640
1	5	2800
1	6	-1240
1	7	-6880
1	8	400
1	9	-1120
1	10	4640
1	11	-440
1	12	-800
1	13	-2480
1	14	-2440
1	15	3280
1	16	1720
1	17	160
1	18	440
1	19	2120
1	20	-800
1	21	5360
1	22	1240
1	23	-1720
1	24	1400
1	25	3880
1	26	-1760
1	27	-5920
1	28	1480
1	29	-1600
2	3	-2200
2	4	-3880
2	5	1120
2	6	-3160
2	7	2000
2	8	2320
2	9	-3040
2	10	-8080
2	11	1480
2	12	-2480
2	13	3040
2	14	-4360
2	15	-5600
2	16	-3560
2	17	2080
2	18	-1480
2	19	7400
2	20	-2480
2	21	-3760
2	22	-440
2	23	3560
2	24	-520
2	25	-1400
2	26	3760
2	27	6560
2	28	-3800
2	29	-3520
3	4	2360
3	5	-5120
3	6	3080
3	7	-6160
3	8	6880
3	9	-7600
3	10	5360
3	11	2440
3	12	2080
3	13	-3200
3	14	-1720
3	15	-4640
3	16	-2600
3	17	3040
3	18	-2440
3	19	-4360
3	20	2080
3	21	-1120
3	22	-3080
3	23	-1000
3	24	-5080
3	25	3160
3	26	1120
3	27	5600
3	28	760
3	29	2720
4	5	160
4	6	8600
4	7	-4240
4	8	4960
4	9	1520
4	10	3680
4	11	-3080
4	12	3760
4	13	2080
4	14	3800
4	15	-2960
4	16	-920
4	17	1120
4	18	-520
4	19	-2440
4	20	160
4	21	-2800
4	22	-5000
4	23	-6280
4	24	440
4	25	4840
4	26	2800
4	27	-3280
4	28	6040
4	29	1040
5	6	-560
5	7	5080
5	8	-2200
5	9	2920
5	10	-2840
5	11	-1360
5	12	-8200
5	13	-2920
5	14	-2960
5	15	2120
5	16	3680
5	17	-1960
5	18	-2240
5	19	3280
5	20	-8200
5	21	40
5	22	560
5	23	-80
5	24	7600
5	25	-2080
5	26	3560
5	27	-6680
5	28	3920
5	29	-3800
6	7	-3520
6	8	4240
6	9	-1360
6	10	800
6	11	-7400
6	12	-560
6	13	1360
6	14	920
6	15	-3680
6	16	-1640
6	17	4000
6	18	-3400
6	19	-5320
6	20	3040
6	21	-2080
6	22	-9320
6	23	-9160
6	24	1160
6	25	520
6	26	2080
6	27	-2560
6	28	5320
6	29	1760
7	8	-920
7	9	3800
7	10	-4840
7	11	-1760
7	12	-2120
7	13	-200
7	14	-1120
7	15	1960
7	16	4000
7	17	-1160
7	18	1760
7	19	-160
7	20	-5720
7	21	-520
7	22	-80
7	23	3200
7	24	2720
7	25	-1040
7	26	4120
7	27	2600
7	28	160
7	29	-280
8	9	-3080
8	10	-1640
8	11	-2560
8	12	1400
8	13	-520
8	14	1840
8	15	-6280
8	16	-1120
8	17	4040
8	18	2560
8	19	-2720
8	20	1400
8	21	-2360
8	22	-7840
8	23	-2480
8	24	-2000
8	25	7520
8	26	5960
8	27	5320
8	28	2720
8	29	1000
9	10	920
9	11	-3920
9	12	-680
9	13	1240
9	14	8240
9	15	7000
9	16	1840
9	17	3880
9	18	320
9	19	-1600
9	20	-680
9	21	-1960
9	22	1360
9	23	1760
9	24	8480
9	25	400
9	26	1960
9	27	-6040
9	28	1600
9	29	-1720
10	11	1120
10	12	4360
10	13	-4520
10	14	-400
10	15	4840
10	16	3280
10	17	1720
10	18	-1120
10	19	-6640
10	20	4360
10	21	200
10	22	2800
10	23	320
10	24	-160
10	25	-1760
10	26	-7400
10	27	-3880
10	28	6640
10	29	4040
11	12	2240
11	13	-3280
11	14	-2600
11	15	-1840
11	16	-3880
11	17	-5920
11	18	1720
11	19	3640
11	20	-1360
11	21	400
11	22	7400
11	23	3880
11	24	-6440
11	25	-2440
11	26	-4000
11	27	4480
11	28	-3640
11	29	160
12	13	680
12	14	640
12	15	-1480
12	16	80
12	17	-1960
12	18	4960
12	19	-3920
12	20	2600
12	21	40
12	22	560
12	23	-80
12	24	-6800
12	25	1520
12	26	-3640
12	27	4120
12	28	320
12	29	3400
13	14	2560
13	15	-3400
13	16	-5440
13	17	-280
13	18	3280
13	19	5200
13	20	4280
13	21	-5240
13	22	-1360
13	23	-1760
13	24	-1280
13	25	3200
13	26	5240
13	27	2440
13	28	-5200
13	29	1720
14	15	1120
14	16	-440
14	17	1600
14	18	2600
14	19	-2920
14	20	4240
14	21	-3280
14	22	-920
14	23	440
14	24	3560
14	25	5320
14	26	3280
14	27	-3760
14	28	-680
14	29	560
15	16	6800
15	17	1160
15	18	-1760
15	19	-3440
15	20	-1480
15	21	4120
15	22	3680
15	23	4000
15	24	8080
15	25	-2560
15	26	-4120
15	27	-6200
15	28	-160
15	29	280
16	17	-880
16	18	280
16	19	-5000
16	20	-3520
16	21	2560
16	22	1640
16	23	6040
16	24	6520
16	25	-1000
16	26	-2560
16	27	-4160
16	28	5000
16	29	-1280
17	18	-4880
17	19	-2960
17	20	1640
17	21	-2600
17	22	-4000
17	23	880
17	24	4960
17	25	560
17	26	2600
17	27	1480
17	28	2960
17	29	-2840
18	19	-40
18	20	4960
18	21	-400
18	22	-200
18	23	-280
18	24	-4360
18	25	6040
18	26	400
18	27	2720
18	28	40
18	29	3440
19	20	-3920
19	21	1280
19	22	5320
19	23	1400
19	24	-2680
19	25	760
19	26	2320
19	27	800
19	28	-5240
19	29	-5680
20	21	-3560
20	22	-3040
20	23	-3680
20	24	-3200
20	25	1520
20	26	-3640
20	27	520
20	28	320
20	29	7000
21	22	2080
21	23	-2560
21	24	-3040
21	25	1120
21	26	-4520
21	27	-3160
21	28	-1280
21	29	-2440
22	23	9160
22	24	-1160
22	25	-4120
22	26	-5680
22	27	-1040
22	28	-1720
22	29	-5360
23	24	4280
23	25	-2600
23	26	-1040
23	27	4160
23	28	-1400
23	29	-5920
24	25	-2120
24	26	3040
24	27	-7120
24	28	2680
24	29	-2800
25	26	6080
25	27	1600
25	28	-760
25	29	880
26	27	3160
26	28	-2320
26	29	-1160
27	28	-4400
27	29	680
28	29	-1520
