0	1	-1584
0	2	5256
0	3	-5424
0	4	-336
0	5	2016
0	6	-5544
0	7	2424
0	8	1416
0	9	4824
0	10	6144
0	11	3384
0	12	1896
0	13	504
0	14	2376
0	15	384
0	16	-5184
0	17	-216
0	18	4584
0	19	-3816
0	20	-936
0	21	2496
0	22	4824
0	23	264
0	24	-3096
0	25	-1584
0	26	1536
0	27	-4296
0	28	-2376
0	29	1536
1	2	-2184
1	3	1536
1	4	3504
1	5	1776
1	6	8616
1	7	-936
1	8	-2424
1	9	-2136
1	10	-816
1	11	-3576
1	12	-5544
1	13	7944
1	14	-8664
1	15	-2976
1	16	1776
1	17	3624
1	18	-2376
1	19	-3576
1	20	-696
1	21	2256
1	22	1464
1	23	504
1	24	7944
1	25	5376
1	26	-2304
1	27	-4056
1	28	5064
1	29	-2304
2	3	-2424
2	4	3864
2	5	-5784
2	6	-2544
2	7	-4176
2	8	-2784
2	9	-1776
2	10	-456
2	11	384
2	12	4896
2	13	1104
2	14	5376
2	15	984
2	16	1416
2	17	3984
2	18	1584
2	19	384
2	20	-336
2	21	5496
2	22	1824
2	23	4464
2	24	1104
2	25	-2184
2	26	4536
2	27	3504
2	28	5424
2	29	936
3	4	144
3	5	-5664
3	6	4776
3	7	2904
3	8	4536
3	9	-1896
3	10	3024
3	11	264
3	12	-2184
3	13	984
3	14	-1704
3	15	864
3	16	1536
3	17	-3336
3	18	-2136
3	19	264
3	20	-456
3	21	2016
3	22	1704
3	23	744
3	24	4584
3	25	5136
3	26	1056
3	27	3384
3	28	1704
3	29	-2544
4	5	-96
4	6	3864
4	7	-744
4	8	504
4	9	-3144
4	10	-4464
4	11	1896
4	12	-3576
4	13	4776
4	14	-456
4	15	1296
4	16	-3696
4	17	1896
4	18	696
4	19	-5304
4	20	-984
4	21	6624
4	22	456
4	23	1416
4	24	4776
4	25	-96
4	26	3984
4	27	-1224
4	28	4056
4	29	3984
5	6	-2184
5	7	6264
5	8	1176
5	9	5064
5	10	2784
5	11	24
5	12	-1944
5	13	744
5	14	-5064
5	15	4224
5	16	-1824
5	17	3624
5	18	-2376
5	19	24
5	20	-696
5	21	2256
5	22	1464
5	23	-6696
5	24	-6456
5	25	1776
5	26	-2304
5	27	-4056
5	28	-2136
5	29	1296
6	7	-576
6	8	-2784
6	9	-5376
6	10	-456
6	11	384
6	12	-2304
6	13	8304
6	14	-5424
6	15	-2616
6	16	1416
6	17	384
6	18	-2016
6	19	384
6	20	-336
6	21	1896
6	22	-1776
6	23	4464
6	24	8304
6	25	5016
6	26	936
6	27	-3696
6	28	5424
6	29	936
7	8	6864
7	9	1296
7	10	7176
7	11	2736
7	12	-816
7	13	-1584
7	14	-1296
7	15	2136
7	16	-4536
7	17	-864
7	18	1536
7	19	-864
7	20	-144
7	21	2184
7	22	1296
7	23	-1344
7	24	-5184
7	25	2664
7	26	-456
7	27	-3984
7	28	-2304
7	29	-456
8	9	5664
8	10	3384
8	11	624
8	12	-6144
8	13	-5856
8	14	1536
8	15	1224
8	16	-6024
8	17	-2976
8	18	-1776
8	19	624
8	20	3504
8	21	1656
8	22	2064
8	23	-2496
8	24	-5856
8	25	-2424
8	26	696
8	27	-3456
8	28	-1536
8	29	-2904
9	10	4776
9	11	-3264
9	12	-2016
9	13	-3984
9	14	-2496
9	15	-264
9	16	-2136
9	17	336
9	18	-864
9	19	336
9	20	4656
9	21	984
9	22	-1104
9	23	-144
9	24	-7584
9	25	1464
9	26	-1656
9	27	-2784
9	28	-1104
9	29	1944
10	11	2616
10	12	2904
10	13	1896
10	14	-1176
10	15	-1584
10	16	-4416
10	17	-984
10	18	1416
10	19	-984
10	20	3336
10	21	2304
10	22	4776
10	23	2136
10	24	-5304
10	25	2784
10	26	3264
10	27	-4104
10	28	-2424
10	29	3264
11	12	3744
11	13	1056
11	14	3264
11	15	1176
11	16	-7176
11	17	-5424
11	18	576
11	19	-1824
11	20	-1104
11	21	3144
11	22	3936
11	23	-2304
11	24	1056
11	25	-3576
11	26	4104
11	27	-1344
11	28	-3264
11	29	4104
12	13	-2736
12	14	5616
12	15	744
12	16	1656
12	17	3744
12	18	4944
12	19	3744
12	20	-576
12	21	2136
12	22	-2016
12	23	4224
12	24	-2736
12	25	-1944
12	26	1176
12	27	3264
12	28	1584
12	29	4776
13	14	-3216
13	15	456
13	16	744
13	17	1056
13	18	-3744
13	19	-2544
13	20	-5424
13	21	3864
13	22	3216
13	23	576
13	24	7536
13	25	4344
13	26	1224
13	27	-2064
13	28	3216
13	29	1224
14	15	3864
14	16	-1464
14	17	-336
14	18	4464
14	19	3264
14	20	-4656
14	21	-984
14	22	1104
14	23	144
14	24	-3216
14	25	-8664
14	26	1656
14	27	2784
14	28	-2496
14	29	1656
15	16	4224
15	17	1176
15	18	-24
15	19	4776
15	20	-8904
15	21	3744
15	22	3336
15	23	-6504
15	24	456
15	25	624
15	26	1104
15	27	5256
15	28	-264
15	29	-2496
16	17	3624
16	18	-2376
16	19	7224
16	20	-4296
16	21	-1344
16	22	-2136
16	23	504
16	24	4344
16	25	5376
16	26	-2304
16	27	6744
16	28	5064
16	29	-5904
17	18	576
17	19	1776
17	20	-1104
17	21	6744
17	22	-3264
17	23	1296
17	24	-2544
17	25	24
17	26	-3096
17	27	2256
17	28	7536
17	29	504
18	19	-3024
18	20	-2304
18	21	-2856
18	22	-864
18	23	3696
18	24	-144
18	25	-2376
18	26	1704
18	27	-2544
18	28	-4464
18	29	5304
19	20	-1104
19	21	-456
19	22	-3264
19	23	1296
19	24	-2544
19	25	24
19	26	504
19	27	2256
19	28	3936
19	29	-3096
20	21	-1176
20	22	-2544
20	23	5616
20	24	-5424
20	25	-696
20	26	3384
20	27	-4224
20	28	1056
20	29	3384
21	22	984
21	23	24
21	24	264
21	25	2256
21	26	1776
21	27	2664
21	28	8184
21	29	1776
22	23	-7344
22	24	3216
22	25	-2136
22	26	5544
22	27	816
22	28	-4704
22	29	-1656
23	24	576
23	25	4104
23	26	984
23	27	-5424
23	28	7056
23	29	4584
24	25	4344
24	26	1224
24	27	1536
24	28	3216
24	29	-2376
25	26	-2304
25	27	-456
25	28	5064
25	29	-2304
26	27	24
26	28	-1656
26	29	4416
27	28	816
27	29	-3576
28	29	-1656
