0	1	-544
0	2	-4656
0	3	-288
0	4	-704
0	5	1536
0	6	4912
0	7	-1792
0	8	2832
0	9	1432
0	10	3664
0	11	-808
0	12	-392
0	13	-184
0	14	808
0	15	808
0	16	3616
0	17	-24
0	18	3664
0	19	-856
0	20	-2576
0	21	3664
0	22	288
0	23	-2208
0	24	-3976
0	25	-24
1	2	-2160
1	3	-496
1	4	-912
1	5	-3664
1	6	2000
1	7	-1584
1	8	-80
1	9	1640
1	10	3456
1	11	1688
1	12	2104
1	13	-3096
1	14	1016
1	15	1016
1	16	-4288
1	17	-2520
1	18	-1952
1	19	-3352
1	20	2624
1	21	-1952
1	22	496
1	23	-2000
1	24	1640
1	25	5592
2	3	2992
2	4	704
2	5	1168
2	6	-4912
2	7	-912
2	8	-128
2	9	1272
2	10	-960
2	11	-1896
2	12	392
2	13	184
2	14	-808
2	15	-808
2	16	-3616
2	17	24
2	18	-3664
2	19	3560
2	20	-2832
2	21	-3664
2	22	-288
2	23	4912
2	24	3976
2	25	-5384
3	4	-960
3	5	128
3	6	-6576
3	7	3456
3	8	912
3	9	232
3	10	-2624
3	11	-3560
3	12	1432
3	13	1224
3	14	-1848
3	15	856
3	16	-1952
3	17	1688
3	18	-2624
3	19	-2888
3	20	-4496
3	21	-2624
3	22	-1328
3	23	-1536
3	24	-2472
3	25	-1016
4	5	5120
4	6	-752
4	7	3040
4	8	-1376
4	9	-184
4	10	-2208
4	11	2264
4	12	-3560
4	13	-1064
4	14	440
4	15	-2264
4	16	-2368
4	17	3976
4	18	496
4	19	-600
4	20	1328
4	21	-2208
4	22	-1744
4	23	-1952
4	24	2520
4	25	-1432
5	6	-80
5	7	496
5	8	3248
5	9	1016
5	10	-1328
5	11	2312
5	12	24
5	13	-2472
5	14	3096
5	15	-2312
5	16	-2208
5	17	2264
5	18	4080
5	19	1432
5	20	-2160
5	21	1376
5	22	-128
5	23	80
5	24	1016
5	25	-3144
6	7	-2160
6	8	3824
6	9	5432
6	10	5696
6	11	2056
6	12	-1064
6	13	-1272
6	14	3352
6	15	3352
6	16	3248
6	17	-1224
6	18	2992
6	19	-392
6	20	3824
6	21	5696
6	22	1168
6	23	960
6	24	24
6	25	1480
7	8	-1536
7	9	392
7	10	-3408
7	11	-2472
7	12	648
7	13	3560
7	14	-2936
7	15	-2936
7	16	2576
7	17	1640
7	18	-704
7	19	-7304
7	20	1168
7	21	-3408
7	22	-752
7	23	-544
7	24	-2312
7	25	1640
8	9	3352
8	10	-3040
8	11	4136
8	12	1016
8	13	-1896
8	14	-1432
8	15	3976
8	16	1168
8	17	-600
8	18	-3040
8	19	-2472
8	20	-2208
8	21	2368
8	22	1792
8	23	1584
8	24	648
8	25	-600
9	10	1480
9	11	-288
9	12	2832
9	13	336
9	14	288
9	15	2992
9	16	392
9	17	-3248
9	18	-1224
9	19	-1376
9	20	648
9	21	1480
9	22	-2936
9	23	2680
9	24	3616
9	25	-544
10	11	-4808
10	12	184
10	13	-24
10	14	7512
10	15	-600
10	16	-704
10	17	232
10	18	4240
10	19	1064
10	20	2368
10	21	1536
10	22	2624
10	23	-288
10	24	-1224
10	25	232
11	12	-752
11	13	-3664
11	14	-2368
11	15	336
11	16	-2472
11	17	-1536
11	18	-2104
11	19	2000
11	20	-1272
11	21	600
11	22	856
11	23	648
11	24	2416
11	25	1168
12	13	1328
12	14	752
12	15	752
12	16	-2056
12	17	-6528
12	18	-2520
12	19	-288
12	20	-1688
12	21	-2520
12	22	-1432
12	23	3768
12	24	128
12	25	1584
13	14	-1744
13	15	960
13	16	6264
13	17	1792
13	18	-24
13	19	-80
13	20	-1896
13	21	-24
13	22	1480
13	23	1272
13	24	-2368
13	25	-3616
14	15	-336
14	16	-2936
14	17	1536
14	18	2104
14	19	3408
14	20	3976
14	21	2104
14	22	-856
14	23	-648
14	24	288
14	25	-1168
15	16	-232
15	17	1536
15	18	-600
15	19	704
15	20	-1432
15	21	2104
15	22	-856
15	23	-648
15	24	-2416
15	25	-1168
16	17	1640
16	18	2000
16	19	-1896
16	20	1168
16	21	4704
16	22	1952
16	23	-544
16	24	-2312
16	25	-1064
17	18	2936
17	19	-128
17	20	2104
17	21	2936
17	22	3720
17	23	-6888
17	24	-3248
17	25	-2000
18	19	1064
18	20	-336
18	21	4240
18	22	2624
18	23	-2992
18	24	-3928
18	25	232
19	20	-2472
19	21	3768
19	22	184
19	23	3096
19	24	1328
19	25	-5536
20	21	2368
20	22	-912
20	23	-3824
20	24	3352
20	25	4808
21	22	2624
21	23	-2992
21	24	-1224
21	25	232
22	23	-1168
22	24	-2936
22	25	1016
23	24	2680
23	25	-4184
24	25	-544
