0	1	5448
0	2	4432
0	3	1728
0	4	-1288
0	5	-456
0	6	64
0	7	-688
0	8	5968
0	9	2144
0	10	40
0	11	3056
0	12	584
0	13	2456
0	14	-1600
0	15	-480
0	16	-792
0	17	352
0	18	2016
0	19	1312
0	20	248
0	21	-4952
0	22	3992
0	23	248
0	24	3784
0	25	2120
1	2	3888
1	3	3888
1	4	1496
1	5	-2040
1	6	144
1	7	480
1	8	4640
1	9	768
1	10	-5656
1	11	4848
1	12	-3080
1	13	-2248
1	14	1808
1	15	272
1	16	584
1	17	-560
1	18	480
1	19	-1104
1	20	-456
1	21	-3368
1	22	6616
1	23	-5864
1	24	-1288
1	25	-2328
2	3	5992
2	4	272
2	5	-1600
2	6	1624
2	7	456
2	8	7112
2	9	1000
2	10	-1520
2	11	-1208
2	12	-5968
2	13	1312
2	14	-5448
2	15	664
2	16	352
2	17	-1208
2	18	3160
2	19	-2536
2	20	-1312
2	21	-3808
2	22	-272
2	23	1392
2	24	2224
2	25	560
3	4	272
3	5	1104
3	6	4328
3	7	3160
3	8	1704
3	9	-4408
3	10	1184
3	11	1496
3	12	-5968
3	13	-1392
3	14	-2744
3	15	664
3	16	3056
3	17	-1208
3	18	3160
3	19	-2536
3	20	-4016
3	21	-3808
3	22	-272
3	23	-1312
3	24	2224
3	25	-2144
4	5	-4616
4	6	-4096
4	7	-1936
4	8	2016
4	9	688
4	10	-1208
4	11	-896
4	12	-872
4	13	-1704
4	14	2352
4	15	976
4	16	664
4	17	-896
4	18	3472
4	19	-2848
4	20	1704
4	21	1912
4	22	40
4	23	-1000
4	24	-5576
4	25	-1832
5	6	-560
5	7	2640
5	8	-1520
5	9	-3888
5	10	3368
5	11	976
5	12	2664
5	13	-872
5	14	480
5	15	5552
5	16	-2872
5	17	976
5	18	2640
5	19	688
5	20	-4536
5	21	-4328
5	22	-3496
5	23	872
5	24	4408
5	25	40
6	7	2120
6	8	-2040
6	9	2040
6	10	144
6	11	3160
6	12	-2224
6	13	-352
6	14	-1704
6	15	-3080
6	16	2016
6	17	-2248
6	18	-3288
6	19	-1496
6	20	3056
6	21	560
6	22	4096
6	23	352
6	24	6592
6	25	-3184
7	8	-40
7	9	-5368
7	10	480
7	11	168
7	12	-1104
7	13	-2976
7	14	1080
7	15	-1704
7	16	-1392
7	17	-5240
7	18	1208
7	19	-1832
7	20	-2432
7	21	-2640
7	22	-3472
7	23	272
7	24	2144
7	25	-1600
8	9	1288
8	10	-3472
8	11	1624
8	12	-2560
8	13	3680
8	14	-376
8	15	2456
8	16	-2640
8	17	-1080
8	18	2664
8	19	-3288
8	20	-976
8	21	-3888
8	22	688
8	23	-976
8	24	896
8	25	2560
9	10	-1936
9	11	1080
9	12	-144
9	13	1728
9	14	-2328
9	15	-2456
9	16	-2768
9	17	1080
9	18	-2664
9	19	584
9	20	6384
9	21	3888
9	22	4720
9	23	976
9	24	1808
9	25	144
10	11	-3264
10	12	2328
10	13	3160
10	14	-3600
10	15	272
10	16	-2120
10	17	4848
10	18	480
10	19	4304
10	20	-456
10	21	-664
10	22	-4200
10	23	2248
10	24	4120
10	25	3080
11	12	-64
11	13	-1936
11	14	4824
11	15	-40
11	16	272
11	17	-3576
11	18	168
11	19	-792
11	20	1936
11	21	-976
11	22	6304
11	23	-3472
11	24	1104
11	25	-5344
12	13	168
12	14	4224
12	15	1808
12	16	-1208
12	17	2640
12	18	-1104
12	19	1728
12	20	-168
12	21	40
12	22	872
12	23	2536
12	24	664
12	25	1704
13	14	-2016
13	15	2640
13	16	-3080
13	17	6176
13	18	-2976
13	19	896
13	20	664
13	21	-1832
13	22	-1000
13	23	-2040
13	24	4200
13	25	7944
14	15	3992
14	16	976
14	17	-3288
14	18	1080
14	19	-3160
14	20	-688
14	21	-480
14	22	3056
14	23	-3392
14	24	-2560
14	25	-4224
15	16	-1600
15	17	2664
15	18	3704
15	19	-4328
15	20	-5344
15	21	-5552
15	22	-976
15	23	-2640
15	24	1936
15	25	896
16	17	-2432
16	18	1312
16	19	768
16	20	376
16	21	168
16	22	2040
16	23	376
16	24	-3160
16	25	-4200
17	18	-5240
17	19	4616
17	20	-768
17	21	-976
17	22	896
17	23	-3472
17	24	1104
17	25	8176
18	19	-1832
18	20	-2432
18	21	-2640
18	22	-3472
18	23	2976
18	24	-560
18	25	-4304
19	20	4512
19	21	2016
19	22	144
19	23	-896
19	24	-64
19	25	976
20	21	4536
20	22	3704
20	23	-664
20	24	1208
20	25	-2536
21	22	792
21	23	1832
21	24	-4408
21	25	-2744
22	23	-4408
22	24	168
22	25	-3576
23	24	1208
23	25	168
24	25	2040
