0 1 0.16393442622950818
0 2 8.032786885245901
0 3 10.0
0 4 -8.032786885245901
0 5 -10.0
0 6 8.032786885245901
0 7 -0.16393442622950818
0 8 -8.032786885245901
0 9 1.8032786885245902
0 10 0.3299835794045536
0 11 -0.7409873994166083
1 2 1.4754098360655739
1 3 0.16393442622950818
1 4 -1.4754098360655739
1 5 -0.16393442622950818
1 6 1.4754098360655739
1 7 -6.721311475409836
1 8 -1.4754098360655739
1 9 -8.032786885245901
1 16 0.5760650787665687
1 17 0.8894897314131911
2 3 8.032786885245901
2 4 -6.721311475409836
2 5 -8.032786885245901
2 6 6.721311475409836
2 7 -1.4754098360655739
2 8 -6.721311475409836
2 9 -0.16393442622950818
2 22 -0.5746203671392653
2 23 0.254729007674825
3 4 -8.032786885245901
3 5 -10.0
3 6 8.032786885245901
3 7 -0.16393442622950818
3 8 -8.032786885245901
3 9 1.8032786885245902
3 28 0.26435866009267994
3 29 0.9887333383884569
4 5 8.032786885245901
4 6 -6.721311475409836
4 7 1.4754098360655739
4 8 6.721311475409836
4 9 0.16393442622950818
4 34 -0.5987659896607542
4 35 -0.4061348585571647
5 6 -8.032786885245901
5 7 0.16393442622950818
5 8 8.032786885245901
5 9 -1.8032786885245902
5 40 0.6545352503686619
5 41 -0.16280661535877794
6 7 -1.4754098360655739
6 8 -6.721311475409836
6 9 -0.16393442622950818
6 46 0.10656810260279048
6 47 -0.09518177554889662
7 8 1.4754098360655739
7 9 8.032786885245901
7 52 -0.7186203450854893
7 53 -0.25282907143279076
8 9 0.16393442622950818
8 58 0.6003557711569869
8 59 -0.11927811122725251
9 64 0.8328650714017174
9 65 0.5169778089092694
10 12 -0.4309888410118978
10 13 -0.5886996111535507
10 29 -0.16826103684318827
10 68 0.06453239278469547
11 14 -0.9966827967351968
11 15 -0.3640761026226311
11 51 -0.8442811444002272
12 56 0.6386960213642925
12 63 -0.8171275984034949
13 68 0.22960700580271554
14 25 -0.2483054912805318
14 48 0.6244221777669376
15 17 0.3351649259152172
15 46 0.2653623753549461
15 64 -0.3029974309679808
16 18 -0.9610491760768065
16 19 -0.229853439536567
17 20 -0.8230615080144261
17 21 0.3497828977638686
17 34 -0.8959916640831029
17 47 0.5142680464988234
17 59 -0.02489787079564243
18 27 0.4445155264287759
18 35 0.2611179451809358
20 57 -0.30546589620968256
22 24 -0.3954524706190019
22 25 -0.7746965340898779
22 49 0.4650133540169077
23 26 -0.5819760156816667
23 27 0.3260082491158087
24 46 0.3611195954336104
26 33 0.5386762911260445
26 63 0.521787660365896
28 30 -0.9658956272080164
28 31 -0.3547469918463828
28 35 -0.2317369248959975
28 47 -0.561164089678047
28 54 -0.2787554918480364
29 32 -0.667577740856037
29 33 -0.6326579315931875
30 54 -0.6198197954390321
30 62 0.27800429722219877
31 60 0.503747052607024
32 57 0.07725780642769275
33 35 0.5294450386612393
33 49 0.6566572355658045
33 54 0.2167237850773105
34 36 -0.24658472830691247
34 37 -0.17516480834210202
34 50 0.7885330431082709
35 38 0.1526610833577382
35 39 0.24307132578089274
36 63 -0.978576185762795
37 45 -0.16412925488774066
38 58 0.6343728813284857
38 60 -0.20629776425644408
40 42 0.3781327820193139
40 43 -0.9926476093945631
40 54 -0.7038243771827439
40 57 -0.06615748482470507
40 63 0.15229074562327916
41 44 -0.6684188935112063
41 45 -0.2619235605475485
41 47 0.07878544268187682
41 56 -0.47048110115544084
42 58 0.3704917407019619
45 62 -0.617328470650937
46 48 -0.8442110936785676
46 49 -0.43217677333060234
47 50 -0.5589135716259017
47 51 0.5706117014060224
47 53 0.6332505096048826
48 56 0.5758507651430049
48 64 -0.6852425300408245
49 54 0.5085212235925072
52 54 -0.6703768427416099
52 55 -0.9513244244585504
53 56 -0.7173021849633499
53 57 -0.5203262512190097
54 61 -0.26156861141312615
55 57 0.04921478842923621
56 69 0.27239120918239634
58 60 -0.06891066938641344
58 61 0.5168794299941206
59 62 -0.37768017180041014
59 63 -0.9238660741436526
64 66 -0.5713537219917566
64 67 0.7159091308747267
65 68 -0.9198484180556923
65 69 -0.2040684910069268
0 0 -1.9368866896651942
1 1 0.45643801179465937
2 2 -0.16683094998948977
3 3 -0.8755007675732958
4 4 0.8612141949186652
5 5 0.216051001485301
6 6 -1.5966827107655335
7 7 -0.049388219481655504
8 8 1.0007997768690569
9 9 1.33869302897728
10 10 -1.5637688998396682
11 11 -1.612611147925659
12 12 -0.3189370370465943
13 13 -1.786371461415866
14 14 0.9621955230717689
15 15 1.4166483448739684
16 16 -0.9111271174808322
17 17 -1.7137083321268358
18 18 1.564008346761915
19 19 -0.0072615748079774
20 20 1.5912092158473659
21 21 -1.2080248079794478
22 22 -0.27075310648083395
23 23 0.7034214753326524
24 24 0.8053808970667045
25 25 -0.5458526739458356
26 26 0.5771239267840227
27 27 -1.9393012374551033
28 28 -1.053815260941231
29 29 1.742075387333092
30 30 -0.7066075609955051
31 31 -1.2696893156673528
32 32 0.511957066574821
33 33 0.7796900778676603
34 34 -0.17519076450317295
35 35 -0.09302615769871458
36 36 0.06229773575673958
37 37 0.8591814208723236
38 38 1.6260507682658754
39 39 0.6076751503896793
40 40 -0.3601707409368533
41 41 -0.5431350752222177
42 42 -0.5589362996220273
43 43 1.7020966421335093
44 44 1.140528848771543
45 45 -1.7188230624898868
46 46 -1.5357159905549567
47 47 0.10001786536491464
48 48 0.24251945068750436
49 49 0.5367286651432739
50 50 0.8660347516591034
51 51 1.6056855511092682
52 52 1.8238500001292477
53 53 -0.7857473186875984
54 54 -1.9937860755714432
55 55 0.42076100491458934
56 56 -0.36946941462196303
57 57 0.623996472858003
58 58 -1.4952475414254993
59 59 1.1044720785717521
60 60 -0.5316269105246167
61 61 -0.7810204861278086
62 62 0.34159585735929765
63 63 1.4172363424368348
64 64 1.4660169093145927
65 65 1.4744730513459268
66 66 -0.8298163965007372
67 67 1.9153567154116067
68 68 0.44104106350052685
69 69 -1.0748331604057881
