0 1 -0.5405405405405406
0 2 -10.0
0 3 6.216216216216216
0 4 6.216216216216216
0 5 6.216216216216216
0 6 10.0
0 7 0.5405405405405406
0 8 -6.216216216216216
0 9 6.216216216216216
0 10 -0.25854245040068125
0 11 -0.782043660777719
1 2 0.5405405405405406
1 3 -2.1621621621621623
1 4 -2.1621621621621623
1 5 -2.1621621621621623
1 6 -0.5405405405405406
1 7 -4.594594594594595
1 8 2.1621621621621623
1 9 -2.1621621621621623
1 16 -0.8093606366810535
1 17 0.2033412900940863
2 3 -6.216216216216216
2 4 -6.216216216216216
2 5 -6.216216216216216
2 6 -10.0
2 7 -0.5405405405405406
2 8 6.216216216216216
2 9 -6.216216216216216
2 22 -0.6984932043256786
2 23 -0.0992569891323305
3 4 4.594594594594595
3 5 4.594594594594595
3 6 6.216216216216216
3 7 2.1621621621621623
3 8 -4.594594594594595
3 9 4.594594594594595
3 28 0.47991702749327336
3 29 -0.8696380384321782
4 5 4.594594594594595
4 6 6.216216216216216
4 7 2.1621621621621623
4 8 -4.594594594594595
4 9 4.594594594594595
4 34 -0.4104936878854717
4 35 0.21305598556080452
5 6 6.216216216216216
5 7 2.1621621621621623
5 8 -4.594594594594595
5 9 4.594594594594595
5 40 0.29973299627914374
5 41 0.0019136498803022928
6 7 0.5405405405405406
6 8 -6.216216216216216
6 9 6.216216216216216
6 46 0.4086116351687328
6 47 0.5068693229189247
7 8 -2.1621621621621623
7 9 2.1621621621621623
7 52 -0.719805077773102
7 53 0.26931844388757753
8 9 -4.594594594594595
8 58 0.11937386875200517
8 59 0.7020282560774391
9 64 -0.044940723283190875
9 65 0.7969907785436616
10 12 0.4157462867219932
10 13 -0.8246938337726484
10 16 -0.5475445939328656
10 61 -0.01521600163135406
11 14 -0.10061327095464878
11 15 -0.08876216827459871
11 20 -0.3662342885591434
11 51 0.8649416820602629
11 61 -0.32854216678675696
12 55 -0.9008666593795482
13 38 -0.8746267553389857
16 18 -0.321044404049351
16 19 0.32407030177944085
16 58 0.30035127123947625
17 20 -0.483844249627563
17 21 -0.5136257191169875
19 56 0.8133100633423394
20 40 0.8187455570938906
20 63 0.2071305853051133
21 35 0.8900411478261714
22 24 -0.4104332577115051
22 25 -0.9937949324449549
23 26 -0.16812925420710378
23 27 -0.5921509007972297
24 33 -0.19463193655767608
24 41 0.9261903060436039
25 32 -0.4010595188764958
25 33 0.3157749043567879
25 42 -0.8283869852726566
25 56 0.166248379411031
26 34 0.16838980994109876
26 59 -0.3636201269683219
27 31 0.2231168838755906
27 38 0.23915789675686772
27 42 0.16777878531597
27 51 -0.7788973629829166
28 30 -0.49853665152995874
28 31 -0.9996238708134879
28 50 0.6919137462789926
28 65 -0.7031357055462781
29 32 0.29859410050449187
29 33 -0.1700322390472171
29 43 -0.025449874989477816
29 50 -0.007140050360293193
29 57 0.23128019609131578
31 42 -0.5302504284871858
31 58 -0.4842159630363745
31 61 0.6110881756117994
34 36 0.7160530465523582
34 37 0.1497694012144235
34 43 0.2520920197682488
34 63 0.3828067184973287
35 38 -0.6440325375541167
35 39 -0.0910998369232221
37 52 0.604978162960448
40 42 0.3695248851002979
40 43 -0.4833869566640103
40 58 -0.42856878651366226
41 44 0.3777970687875156
41 45 -0.8954892389514981
41 50 -0.23485286821845408
42 43 -0.6924417744397096
43 57 0.5593047569138438
45 59 0.5332553108728584
45 63 -0.17006480247290368
46 48 -0.4803636153964719
46 49 0.6325184198132152
47 50 -0.6084616966454848
47 51 0.33081731680092963
48 66 -0.842984417649562
49 63 0.06704702787009986
51 67 0.5773892938115825
52 54 -0.09020806522272395
52 55 -0.4809910471620775
53 56 -0.9638637670497243
53 57 0.902315571176926
53 67 -0.9659038545637348
56 65 0.4776096790809954
57 66 -0.8606362182721246
58 60 -0.5439064460515157
58 61 -0.9617322870073592
59 62 -0.7194978541014752
59 63 -0.7382435903407223
60 65 -0.7047331435841
62 63 -0.3249465669034499
63 64 -0.8581829305862263
64 66 -0.9164817508241951
64 67 -0.5311050194125344
65 68 -0.6186854155261401
65 69 0.39500139285847435
0 0 1.4788829244670878
1 1 1.1940823173372963
2 2 -1.9736415888045835
3 3 -1.7119513808620206
4 4 0.8329666629678707
5 5 1.1964535009036652
6 6 -0.9289536736293171
7 7 -1.0272693631960719
8 8 0.6980652540523096
9 9 0.5242365499837898
10 10 -0.003906855421181188
11 11 -0.19832678352976574
12 12 0.8587757425662512
13 13 -0.05243881528770578
14 14 0.631487972357136
15 15 -0.5095134680287665
16 16 -0.6284305024968884
17 17 0.2700986570859705
18 18 0.5802360172065488
19 19 -0.40328188173153473
20 20 -0.9262116938601253
21 21 -1.8708106163220604
22 22 -0.20018905926818364
23 23 1.637895569499389
24 24 0.43951155843087447
25 25 0.7654420834093814
26 26 1.0632424750149028
27 27 1.086812657648652
28 28 0.13812748136888287
29 29 1.985271723642722
30 30 1.4730773994591881
31 31 0.03209664855345906
32 32 -0.2836106005297814
33 33 0.8188645042145684
34 34 -0.3812818228805686
35 35 1.946412206593666
36 36 -1.4897944985176623
37 37 -0.1544045429294285
38 38 0.48105169159423644
39 39 -0.44549471861391776
40 40 -1.208086445524485
41 41 1.1245691659891723
42 42 -1.0355287878213124
43 43 1.0351499745638235
44 44 -0.33231522770572264
45 45 -0.536762878589526
46 46 1.9763228415502634
47 47 1.2393217394330374
48 48 0.4248023158229173
49 49 0.7982348796055782
50 50 1.4664251786477953
51 51 -0.3376933665846624
52 52 -0.7619976200362221
53 53 -0.91035571167646
54 54 1.9813395183219404
55 55 1.4072183072093747
56 56 -0.5073855409043415
57 57 -1.7769578121542515
58 58 -1.1474395472317074
59 59 0.5187778246716084
60 60 0.4593700935945
61 61 0.6569646142573903
62 62 -1.7620745101491953
63 63 0.516934460206413
64 64 1.6185306637295416
65 65 -1.4534949124628915
66 66 -1.62298322668642
67 67 1.8021881596632818
68 68 -1.1004046140692618
69 69 0.7186479565574349
