0 1 1.7647058823529411
0 2 1.7647058823529411
0 3 -1.7647058823529411
0 4 -1.7647058823529411
0 5 1.7647058823529411
0 6 5.294117647058823
0 7 5.294117647058823
0 8 1.7647058823529411
0 9 1.7647058823529411
0 10 -0.9694531323622113
0 11 -0.7966533987983193
1 2 5.294117647058823
1 3 -5.294117647058823
1 4 -5.294117647058823
1 5 5.294117647058823
1 6 -2.9411764705882355
1 7 1.7647058823529411
1 8 5.294117647058823
1 9 10.0
1 16 -0.7333166725254461
1 17 0.22556970816950317
2 3 -2.9411764705882355
2 4 -2.9411764705882355
2 5 2.9411764705882355
2 6 -0.5882352941176471
2 7 1.7647058823529411
2 8 2.9411764705882355
2 9 5.294117647058823
2 22 0.40867702238623416
2 23 -0.6290989113387417
3 4 2.9411764705882355
3 5 -2.9411764705882355
3 6 0.5882352941176471
3 7 -1.7647058823529411
3 8 -2.9411764705882355
3 9 -5.294117647058823
3 28 0.1614024233211142
3 29 0.8794043167960288
4 5 -2.9411764705882355
4 6 0.5882352941176471
4 7 -1.7647058823529411
4 8 -2.9411764705882355
4 9 -5.294117647058823
4 34 0.6452134398202782
4 35 0.7761394285661973
5 6 -0.5882352941176471
5 7 1.7647058823529411
5 8 2.9411764705882355
5 9 5.294117647058823
5 40 -0.9087661922450692
5 41 -0.4806204141215147
6 7 5.294117647058823
6 8 -0.5882352941176471
6 9 -2.9411764705882355
6 46 0.5111625074775727
6 47 -0.47837109078342976
7 8 1.7647058823529411
7 9 1.7647058823529411
7 52 0.20107934045778508
7 53 -0.4898374785205255
8 9 5.294117647058823
8 58 -0.5390864168486698
8 59 -0.9906864624926646
9 64 0.09551174021640785
9 65 0.4403362521858065
10 12 -0.8011960198384478
10 13 -0.8925720760078892
10 67 0.80458106653333
10 69 0.7453361908589109
11 14 -0.25860557232300874
11 15 -0.9213819548328634
11 42 -0.9505814502981691
11 46 0.7998716888175259
12 15 0.6942767298272252
12 48 -0.6877122673128038
15 18 -0.637024859334574
15 33 -0.24397371197302187
15 48 -0.5699862166404053
16 18 -0.8067112543297101
16 19 0.5146056362245148
16 22 0.3406343263694991
16 34 -0.10417629229025294
16 36 0.33931033012819056
17 20 -0.5027108304541352
17 21 -0.3665007238583555
17 61 -0.8551402941895616
18 24 -0.010280054675663841
18 26 -0.399451364266709
19 38 0.5731694630840585
19 54 0.2535809152608297
20 40 -0.5510963335598893
22 24 -0.9689306579305548
22 25 -0.7946404017749429
22 62 -0.3214557193216847
23 26 -0.8961568251269767
23 27 -0.8013441805013217
23 43 0.1694198038589798
24 33 0.97568812029006
25 34 0.5763649356568474
25 46 0.9031780994068581
25 65 -0.03871177659610825
26 46 0.5017622984797114
28 30 0.4826706512582555
28 31 -0.9004725909743225
29 32 0.6388028033898503
29 33 -0.9272270167431762
30 47 0.40659716807804225
30 56 0.9574070632656437
33 57 -0.7299205121085655
34 36 -0.2771614678587291
34 37 -0.22093429606151194
34 40 -0.04420148925399925
35 38 -0.932709255629689
35 39 0.9526857372654065
37 38 0.6354651768475015
38 50 -0.2505434345171649
39 57 -0.3426905023950171
40 42 -0.4596117024978221
40 43 -0.8505292622198151
40 66 -0.4734051620894264
41 44 -0.6735570684495329
41 45 -0.8760831480532154
42 62 0.5122709364881368
45 51 -0.6816453378393965
46 48 0.29921863283831507
46 49 0.1736677446288306
46 58 -0.5042568224422332
47 50 -0.32772357889748815
47 51 -0.3004732405488111
47 53 -0.5248794072157945
48 69 0.35213314283636676
49 58 -0.03726207357849609
51 67 0.11749158116089076
52 54 0.029280382303550567
52 55 -0.07079177015366023
52 62 0.3514803810821714
53 56 -0.9343806257185951
53 57 -0.9026634845981072
53 59 0.2200456977744294
56 69 0.8867736965649757
58 60 0.3615115953632628
58 61 -0.7091813598727918
59 60 -0.13237835302707524
59 62 -0.4668108807130176
59 63 -0.6595110141854044
59 67 -0.19562570633685827
62 68 -0.021325549722573944
64 66 -0.8328735804212346
64 67 0.6834130530792335
65 66 0.18626440912325193
65 68 -0.4207932632873024
65 69 -0.8638373671368473
0 0 -1.0255989945513408
1 1 -1.6937240603433523
2 2 -0.5685142350926093
3 3 -1.3644543762386527
4 4 0.20570762363745532
5 5 1.9650793253292262
6 6 -1.9083625374141437
7 7 1.0512251433221436
8 8 -0.07706733397254606
9 9 1.522156943484228
10 10 -1.8964179883381993
11 11 -0.38610562199104553
12 12 1.6755594367690643
13 13 -1.4330734054303749
14 14 0.020209308495537925
15 15 0.16516243743082226
16 16 0.10363968822177272
17 17 -1.8188379494816485
18 18 -0.6103244958637357
19 19 1.6706588675543108
20 20 1.3382423500672518
21 21 -0.9964400573585658
22 22 0.517897512526599
23 23 -1.5304351749122322
24 24 -0.1727444337335915
25 25 1.5389070555539062
26 26 -0.10956026078739091
27 27 -0.5070377325310567
28 28 -1.4329123990187664
29 29 1.20448806010047
30 30 0.5845545743029361
31 31 0.6909377354118839
32 32 0.14575276182641295
33 33 0.3291470203602609
34 34 -1.2638766317746517
35 35 -0.6884684670466923
36 36 1.2521011527930979
37 37 -0.6682249382225924
38 38 -0.5823893003812306
39 39 -1.5024648721978104
40 40 0.8983528806291763
41 41 1.1187575825848515
42 42 -1.9285331065236981
43 43 -0.2923767379975395
44 44 1.5829457805174219
45 45 -0.8912702546662445
46 46 -1.3372764965693027
47 47 1.0469721895871227
48 48 0.17191629716601575
49 49 -1.9261628206907582
50 50 0.5090772609767082
51 51 1.5972674280983454
52 52 1.1434297255422048
53 53 1.9478145615409992
54 54 1.2064271594404623
55 55 -1.465010792602225
56 56 1.0862493010977037
57 57 -0.5404102848338077
58 58 0.47119229560593334
59 59 -1.3469091709258727
60 60 -1.8054157418646286
61 61 0.24303243011263076
62 62 1.6080869377123856
63 63 1.5570947338468353
64 64 1.8377376484762555
65 65 -1.8683977155104006
66 66 -1.6892392651215684
67 67 0.11013769728185618
68 68 0.3556794770037408
69 69 1.407469703252807
