0 1 -6.666666666666667
0 2 -10.0
0 3 -6.666666666666667
0 4 10.0
0 5 6.666666666666667
0 6 6.666666666666667
0 7 6.666666666666667
0 8 -6.666666666666667
0 9 10.0
0 10 0.5178626918710927
0 11 0.13748652541448392
1 2 6.666666666666667
1 3 4.444444444444445
1 4 -6.666666666666667
1 5 -4.444444444444445
1 6 -4.444444444444445
1 7 -4.444444444444445
1 8 4.444444444444445
1 9 -6.666666666666667
1 16 0.5972080599901934
1 17 -0.2849688463442823
2 3 6.666666666666667
2 4 -10.0
2 5 -6.666666666666667
2 6 -6.666666666666667
2 7 -6.666666666666667
2 8 6.666666666666667
2 9 -10.0
2 22 -0.9367101061742784
2 23 -0.13937135220739694
3 4 -6.666666666666667
3 5 -4.444444444444445
3 6 -4.444444444444445
3 7 -4.444444444444445
3 8 4.444444444444445
3 9 -6.666666666666667
3 28 0.14050981015955166
3 29 -0.47928009389247705
4 5 6.666666666666667
4 6 6.666666666666667
4 7 6.666666666666667
4 8 -6.666666666666667
4 9 10.0
4 34 -0.9204644692595769
4 35 -0.29765152249127036
5 6 4.444444444444445
5 7 4.444444444444445
5 8 -4.444444444444445
5 9 6.666666666666667
5 40 0.5882659278457723
5 41 0.34126726726419654
6 7 4.444444444444445
6 8 -4.444444444444445
6 9 6.666666666666667
6 46 -0.6823466650599481
6 47 -0.330179554812577
7 8 -4.444444444444445
7 9 6.666666666666667
7 52 -0.985664670878942
7 53 -0.8434729654841946
8 9 -6.666666666666667
8 58 -0.5959723990324961
8 59 0.9260292827992431
9 64 0.34395001113749735
9 65 0.9066527406276201
10 12 -0.5169706372770142
10 13 -0.9692361455359613
10 18 0.02458114084200136
10 28 0.21593200723592854
10 59 0.6542746973044506
11 12 0.17210935187690923
11 14 -0.320205720534259
11 15 -0.518489040088363
11 47 0.5854083577350846
12 57 -0.5353143865297563
13 29 0.7958829409367871
13 57 0.12269661723742153
15 19 -0.07642121432002669
15 69 0.1982779695926722
16 18 -0.3404666058941759
16 19 -0.7167628159490513
16 41 -0.9531431391038518
16 52 -0.5734978863827838
17 20 -0.8695749527086793
17 21 -0.9439913738038506
17 35 0.0372277790003126
17 47 -0.547212645111022
17 61 0.2607319848047749
18 37 -0.07583137986355992
20 39 -0.8502819640984205
21 49 -0.7430215367112447
22 24 -0.8713613745959348
22 25 -0.24704110128079537
23 26 0.2128628013269127
23 27 -0.979286156165831
24 61 0.9839477426144594
24 67 0.55408240326918
25 26 0.1331844419810162
26 48 -0.654854605428606
26 49 -0.5344429269831008
27 50 -0.1380796814562757
28 30 -0.2196727018699951
28 31 -0.9826623356407747
28 32 0.06666736476825008
28 52 0.7161472028818816
29 32 -0.41404573596609473
29 33 -0.0491215313203659
29 38 0.34828626956950814
32 37 0.737355266212713
32 53 -0.25570298851833484
33 65 -0.1771059947392557
33 68 0.8621476280921148
34 35 -0.509098266752376
34 36 -0.8165801898195277
34 37 -0.9473136063646883
34 39 -0.46020150322438247
35 38 0.07067496695750908
35 39 -0.8970516339801371
36 42 0.8418437719643823
37 45 0.5166959570041381
40 42 0.7692073841022178
40 43 -0.2700164397687528
41 44 -0.49870343483692614
41 45 -0.9681038322127313
42 53 0.5131232501416951
42 58 0.6924797105492697
43 55 -0.8667624268958891
43 58 0.353257979547402
45 46 0.9133355862168975
45 61 0.06457310976647368
46 48 -0.06954726208004014
46 49 -0.8306177299037565
47 50 -0.3180315082591638
47 51 -0.9443818856280284
48 50 0.4554531911109092
48 68 -0.5943447364966195
50 62 -0.9741596379280235
52 54 -0.5222592045966394
52 55 -0.61460350646099
53 56 -0.5353882908579068
53 57 -0.730093225192761
53 68 0.46741160622426703
57 66 -0.32637352762998684
58 60 -0.8849311013198455
58 61 -0.8282812510724424
59 62 -0.9656658244234546
59 63 -0.11354853930206965
61 64 -0.2975704477749632
62 69 -0.9764349659148648
64 66 -0.4915700767539024
64 67 0.22503575115590269
65 68 -0.2643687378545829
65 69 -0.26099711948491366
0 0 -1.6881212918957833
1 1 1.526518888134866
2 2 -1.9707680440368072
3 3 -0.07817474056168505
4 4 -0.14251945809015876
5 5 -1.0037217215358218
6 6 1.0513877899518778
7 7 -1.8897319951158862
8 8 0.2765381276924619
9 9 1.4418648587494411
10 10 1.6275631641236692
11 11 -0.5758348887719738
12 12 -1.3019364277027012
13 13 -1.8048338593223994
14 14 0.8247568856863348
15 15 1.9110397941849069
16 16 1.0541777616876802
17 17 1.6777745332081477
18 18 -0.6874399651976977
19 19 1.105650756590264
20 20 -1.1042370001487547
21 21 -1.8446467979025387
22 22 -1.6479054727480724
23 23 -0.6892141163706321
24 24 1.2009712266173573
25 25 0.7105865534735747
26 26 0.41250471975696673
27 27 0.5021374801357612
28 28 0.7709505596185894
29 29 -1.5421390461595983
30 30 -0.7513657672548186
31 31 -1.1188118067730346
32 32 1.90743361349499
33 33 -1.0283325175747957
34 34 -0.6952781356724214
35 35 0.26275224063365643
36 36 -0.5491957443760183
37 37 -1.69956861313558
38 38 0.47085393548995264
39 39 -0.9641419760267872
40 40 -1.311838337864035
41 41 1.8314481923227879
42 42 1.3897014771983454
43 43 -1.0348255391425116
44 44 0.8263800062340172
45 45 -1.252963010055391
46 46 0.5386003438177447
47 47 -1.0595755865549794
48 48 1.2005644344140434
49 49 -1.6844113281288777
50 50 0.7542786911141475
51 51 -0.8192649179046643
52 52 -0.10332582940632884
53 53 -0.005089664710656194
54 54 1.1461953071793478
55 55 -0.0645690159013319
56 56 1.652348758553091
57 57 0.05039653028499603
58 58 -0.38949240595975354
59 59 -1.2873544585479588
60 60 0.09510665250523333
61 61 -0.8225692383158134
62 62 1.5375330006336512
63 63 1.30023372303986
64 64 1.5602329907783545
65 65 0.9187937586731443
66 66 1.983103330919739
67 67 -1.5028118452500263
68 68 1.128672127299175
69 69 1.1029434232595423
