0 1 0.5405405405405406
0 2 -0.5405405405405406
0 3 -6.216216216216216
0 4 -4.594594594594595
0 5 -4.594594594594595
0 6 2.1621621621621623
0 7 2.1621621621621623
0 8 -2.1621621621621623
0 9 -2.1621621621621623
0 10 -0.21110211613824448
0 11 0.1417108060446577
1 2 -10.0
1 3 3.2432432432432434
1 4 -0.5405405405405406
1 5 -0.5405405405405406
1 6 6.216216216216216
1 7 6.216216216216216
1 8 -6.216216216216216
1 9 -6.216216216216216
1 16 -0.7843792525505453
1 17 -0.19613869551446528
2 3 -3.2432432432432434
2 4 0.5405405405405406
2 5 0.5405405405405406
2 6 -6.216216216216216
2 7 -6.216216216216216
2 8 6.216216216216216
2 9 6.216216216216216
2 22 -0.21881584330852943
2 23 0.3034759900397259
3 4 6.216216216216216
3 5 6.216216216216216
3 6 -0.5405405405405406
3 7 -0.5405405405405406
3 8 0.5405405405405406
3 9 0.5405405405405406
3 28 -0.37607063712811284
3 29 -0.3040473709570817
4 5 4.594594594594595
4 6 -2.1621621621621623
4 7 -2.1621621621621623
4 8 2.1621621621621623
4 9 2.1621621621621623
4 34 0.12833788549985758
4 35 -0.5213503419494454
5 6 -2.1621621621621623
5 7 -2.1621621621621623
5 8 2.1621621621621623
5 9 2.1621621621621623
5 40 0.6251693952033699
5 41 -0.29173395871417385
6 7 4.594594594594595
6 8 -4.594594594594595
6 9 -4.594594594594595
6 46 0.7466785625944758
6 47 -0.8116928310124172
7 8 -4.594594594594595
7 9 -4.594594594594595
7 52 0.10106594032749316
7 53 0.10593859190129518
8 9 4.594594594594595
8 58 -0.3870841925875632
8 59 -0.06924156175755036
9 64 -0.7168485458625722
9 65 0.12397970136398695
10 12 -0.7149161794778618
10 13 -0.9089933177970992
11 14 -0.4057283224479349
11 15 -0.3474657330875932
12 16 0.9213840496339536
12 30 0.884571828369989
12 49 0.7413715776977683
12 52 -0.07576791550793094
14 15 0.7332615070991901
14 23 0.6933178453578033
14 49 -0.44801680543723554
15 22 0.10546286835702001
16 18 -0.0449503286591848
16 19 0.02769604707980422
17 20 -0.21595169387864943
17 21 -0.45272403077437073
18 43 0.5651057505006134
18 48 -0.11348666561638576
20 69 0.7621782082988435
21 43 -0.1708575347959993
22 24 -0.977126651900218
22 25 -0.8281340050364006
22 50 0.20912863525591252
22 59 0.9473992469058095
23 26 -0.3698489919359813
23 27 -0.4802993661596999
24 41 0.6547118448924256
24 47 0.3712585318638135
24 55 -0.5025521193382967
24 58 -0.7346384416286988
24 64 0.7067462595079286
25 40 0.04931120102898956
25 49 -0.8713281969159596
25 55 0.7260505382170641
27 42 -0.7605117268483315
28 30 -0.4071877859124542
28 31 -0.029629339653038045
28 56 0.9551559844518385
29 32 0.6533696597927172
29 33 -0.7688571581890633
29 37 -0.15626973098994057
29 68 0.48962300227439304
30 48 -0.009181058948586562
31 54 0.24361187370550685
33 49 -0.6569666343460334
33 56 0.5716383292139207
33 59 0.6929204118870267
34 36 0.5854612916299085
34 37 0.29578229336014794
34 50 0.5071588630571919
34 66 -0.640415422357959
35 38 -0.9884551014784435
35 39 -0.588996370555954
38 51 0.25171795255982166
38 54 0.770605899793539
38 63 0.8426413190173703
39 56 -0.7747571111804605
40 42 0.15949926337575415
40 43 0.2864476738503816
40 45 0.13391632853860314
40 47 -0.7899160820560156
40 53 -0.33744274183806944
41 44 -0.7116582468996955
41 45 -0.5030203271471554
41 67 -0.26601075126830587
42 59 0.6450540421556805
46 48 -0.9052543851255084
46 49 0.49145853721109933
47 50 -0.6526145200565721
47 51 -0.9996266569284109
48 51 0.02465094114991162
49 60 0.6609265097524377
52 54 -0.7703599458485211
52 55 -0.2891086100005156
53 56 -0.14250524358714656
53 57 0.31597507415959347
54 57 -0.6206820165892937
55 62 0.5617959403126773
55 64 0.7519658188782123
57 65 -0.8231523763164197
58 60 0.8877275542518148
58 61 0.07295707604551271
59 62 -0.3679005974017908
59 63 0.34434076432818417
60 64 -0.9581152772237775
64 66 0.24607299995324827
64 67 -0.25645290489760675
65 68 -0.7178631880387802
65 69 -0.32205216642951506
0 0 1.4759379274440367
1 1 -0.3427862170130793
2 2 -1.9647183653981812
3 3 1.4656685282978974
4 4 -0.5575563121329123
5 5 1.0916330831449694
6 6 0.8344293261998957
7 7 -0.7871251380388977
8 8 -1.9891938085969383
9 9 0.4934084187812502
10 10 -0.10897714252494374
11 11 1.2477597500931168
12 12 0.06323931728636456
13 13 -1.7597326347209177
14 14 0.5833804541404097
15 15 -1.8925402747036557
16 16 -0.2266159997866839
17 17 -0.608080157168704
18 18 1.417393300524854
19 19 -0.1367374656578093
20 20 -0.9345009021409312
21 21 1.0682808449765178
22 22 0.12939218623349635
23 23 -1.253236350515711
24 24 0.8758672910941656
25 25 -1.4012730686105777
26 26 -0.2943831261319745
27 27 -1.3810021988888275
28 28 1.1785585996121513
29 29 -0.030692184420276106
30 30 1.0635419128654258
31 31 -1.82241047341414
32 32 0.5410923761726756
33 33 -1.7472225494959936
34 34 1.4895168003461787
35 35 -0.2729781071218733
36 36 0.7473498208767869
37 37 -0.8064131089868583
38 38 1.2450873836769896
39 39 0.2834352605778534
40 40 0.8781638463471704
41 41 -0.32080884109847574
42 42 1.166097784093418
43 43 1.737117688195592
44 44 -0.5528958898306802
45 45 1.7897430950572557
46 46 -1.8684770755339088
47 47 1.8468197464642477
48 48 1.344050079704521
49 49 -0.8191418294361773
50 50 -0.26372355689993965
51 51 -0.8449563045068441
52 52 0.8047654094523895
53 53 0.07697375013559826
54 54 1.1335759504087108
55 55 -1.885181333890732
56 56 -1.586163921804915
57 57 0.6959803382009621
58 58 0.35206373071485825
59 59 1.5825831359703515
60 60 -0.9468062960047124
61 61 -0.15702743163303
62 62 0.7376418712244961
63 63 1.2087213330807094
64 64 0.5756868693969848
65 65 -0.44136662711912145
66 66 1.882331482578401
67 67 -0.10260363558392216
68 68 -1.769087988497532
69 69 -1.6700083764514628
