0	1	-1584
0	2	1848
0	3	-880
0	4	2640
0	5	-616
0	6	3344
0	8	-1232
0	9	2552
0	10	-3256
0	11	1232
0	12	2816
0	13	-3080
0	14	3696
0	15	1320
0	16	1936
0	17	-1760
0	18	968
0	19	2640
0	20	-1760
0	21	2464
1	2	2112
1	3	1320
1	4	440
1	5	-352
1	6	1144
1	7	3608
1	8	2376
1	9	352
1	10	352
1	11	-968
1	12	-792
1	13	2464
1	14	-1848
1	15	-880
1	16	-264
1	17	440
1	18	-704
1	19	-1496
1	20	440
1	21	-1672
2	3	880
2	4	880
2	5	-792
2	6	1584
2	7	176
2	8	2816
2	9	792
2	10	-1144
2	11	-528
2	12	2640
2	13	968
2	14	-352
2	15	1496
2	16	2112
2	18	-1144
2	19	880
2	20	-1936
2	21	704
3	4	-264
3	5	352
3	6	440
3	7	-968
3	8	1672
3	9	1584
3	10	-2288
3	11	264
3	12	-88
3	13	1760
3	14	-1144
3	15	-1584
3	16	968
3	17	-2728
3	18	-1936
3	19	-2200
3	20	-792
3	21	1496
4	5	1408
4	6	-264
4	7	1144
4	8	440
4	9	528
4	10	-1408
4	11	-88
4	12	1848
4	13	352
4	14	2904
4	15	-176
4	16	1144
4	17	-1320
4	18	-176
4	19	-1496
4	20	616
4	21	2552
5	6	176
5	7	2640
5	8	-528
5	9	-616
5	10	1320
5	11	-1936
5	12	-1760
5	13	3432
5	14	1056
5	15	88
5	16	-1232
5	17	-528
5	18	2200
5	19	-528
5	20	-528
5	21	1232
6	7	-1496
6	8	-264
6	9	1760
6	10	-2112
6	11	-792
6	12	-1320
6	13	-352
6	14	-264
6	15	1056
6	16	2376
6	17	1320
6	18	2464
6	19	1672
6	20	-616
6	21	-88
7	8	1144
7	9	-704
7	10	1232
7	11	616
7	12	1144
7	13	1056
7	14	264
7	15	528
7	16	-2024
7	17	-88
7	18	1056
7	19	-792
7	20	-88
7	21	-616
8	9	-3344
8	10	-1408
8	11	-88
8	12	3784
8	13	352
8	14	-968
8	15	-2112
8	16	3080
8	17	-1320
8	18	-2112
8	19	440
8	20	-1320
8	21	-1320
9	10	-3256
9	12	-176
9	13	440
9	14	-1056
9	15	1848
9	16	-704
9	17	-1408
9	18	1672
9	19	-1408
9	20	528
9	21	704
10	11	-1936
10	12	-4048
10	13	2376
10	14	-1056
10	15	-88
10	16	-2640
10	17	4400
10	18	1672
10	19	-1408
10	20	528
10	21	704
11	12	2376
11	13	-4048
11	14	1496
11	15	1232
11	16	616
11	17	-792
11	18	-1584
11	19	-2024
11	20	3080
11	21	2024
12	13	-1936
12	14	616
12	15	-1408
12	16	3080
12	17	-2904
12	18	-2112
12	19	1848
12	20	-968
12	21	-264
13	14	-2816
13	15	-4136
13	16	-880
13	17	704
13	18	-88
13	19	-1584
13	20	704
13	21	528
14	15	1584
14	16	-1672
14	17	-3960
14	18	-3168
14	19	968
14	20	-88
14	21	2728
15	16	-1408
15	17	1232
15	18	2376
15	19	-176
15	20	-704
16	17	-88
16	18	1056
16	19	1144
16	20	-88
16	21	-616
17	18	4928
17	19	-1320
17	20	264
17	21	440
18	19	-176
18	20	-880
18	21	-352
19	20	-3256
19	21	-3256
20	21	440
