0	1	-1532
0	2	484
0	3	-5092
0	4	-812
0	5	-10316
0	6	12724
0	7	-4412
0	8	2068
0	9	-4268
0	10	-2212
0	11	-196
0	12	-2828
0	13	2684
0	14	15212
0	15	-8156
0	16	-7252
0	17	-6140
0	18	-9844
0	19	-8876
0	20	-5380
0	21	4412
0	22	3980
0	23	2068
0	24	10604
0	25	-6428
0	26	-7252
0	27	-6140
0	28	-4228
0	29	5668
0	30	4268
0	31	14924
0	32	5380
0	33	-2212
0	34	-6716
0	35	15604
1	2	196
1	3	5564
1	4	-6284
1	5	4948
1	6	-8300
1	7	-4700
1	8	-8588
1	9	-9740
1	10	3260
1	11	92
1	12	7252
1	13	-2212
1	14	-5236
1	15	-8444
1	16	-12148
1	17	14308
1	18	16364
1	19	6388
1	20	10460
1	21	-484
1	22	-11284
1	23	-8588
1	24	524
1	25	-1532
1	26	-12148
1	27	3940
1	28	1244
1	29	10564
1	30	9740
1	31	4844
1	32	-10460
1	33	-1924
1	34	-7004
1	35	-5420
2	3	8732
2	4	6100
2	5	1780
2	6	4084
2	7	2500
2	8	3796
2	9	-2540
2	10	1244
2	11	8444
2	12	14452
2	13	956
2	14	3116
2	15	3940
2	16	-14164
2	17	-4412
2	18	3980
2	19	-1964
2	20	-12292
2	21	2684
2	22	2252
2	23	-11756
2	24	-1492
2	25	-9884
2	26	1388
2	27	16324
2	28	4412
2	29	-2972
2	30	7724
2	31	8012
2	32	-8444
2	33	6428
2	34	-15356
2	35	-3404
3	4	4844
3	5	3980
3	6	-8692
3	7	-7108
3	8	7148
3	9	-17620
3	10	8548
3	11	-3836
3	12	1676
3	13	-11900
3	14	-3692
3	15	7004
3	16	-12332
3	17	-5380
3	18	628
3	19	2540
3	20	1348
3	21	-8444
3	22	-2828
3	23	-8404
3	24	-4268
3	25	92
3	26	-12332
3	27	-196
3	28	-4988
3	29	-1636
3	30	2068
3	31	1780
3	32	9020
3	33	-1820
3	34	-9988
3	35	-1204
4	5	484
4	6	7972
4	7	-9164
4	8	7684
4	9	-3836
4	10	2540
4	11	4556
4	12	7972
4	13	2252
4	14	19964
4	15	-2540
4	16	2684
4	17	-16076
4	18	-10276
4	19	-13628
4	20	-5812
4	21	-6388
4	22	13916
4	23	-2684
4	24	-5380
4	25	-812
4	26	7868
4	27	4660
4	28	-15028
4	29	-4268
4	30	3836
4	31	-1060
4	32	10996
4	33	-7828
4	34	-6284
4	35	-4700
5	6	-11900
5	7	-3116
5	8	-7004
5	9	7396
5	10	6860
5	11	-1492
5	12	8836
5	13	-8980
5	14	-12004
5	15	-12044
5	16	1820
5	17	5524
5	18	9596
5	19	2788
5	20	8876
5	21	3116
5	22	2684
5	23	3364
5	24	-11428
5	25	-5132
5	26	1820
5	27	5524
5	28	10028
5	29	-18956
5	30	2972
5	31	-1924
5	32	6676
5	33	-8692
5	34	-236
5	35	-9020
6	7	-812
6	8	-4700
6	9	-668
6	10	-628
6	11	-3796
6	12	5956
6	13	4268
6	14	6428
6	15	-4556
6	16	4700
6	17	-2540
6	18	-3076
6	19	-5276
6	20	-8980
6	21	-4372
6	22	5564
6	23	484
6	24	12188
6	25	2356
6	26	-5668
6	27	-7724
6	28	7724
6	29	-6284
6	30	668
6	31	16508
6	32	8980
6	33	14924
6	34	2068
6	35	8836
7	8	-6284
7	9	-7436
7	10	-14596
7	11	2972
7	12	4372
7	13	668
7	14	-12724
7	15	9412
7	16	-4084
7	17	1060
7	18	-1492
7	19	8692
7	20	8156
7	21	7580
7	22	-8404
7	23	-1100
7	24	13772
7	25	772
7	26	6284
7	27	1060
7	28	4124
7	29	-2684
7	30	7436
7	31	2540
7	32	-8156
7	33	956
7	34	-4700
7	35	-3116
8	9	-956
8	10	-340
8	11	6860
8	12	-9884
8	13	9740
8	14	17084
8	15	21076
8	16	-196
8	17	-2828
8	18	-7972
8	19	-5564
8	20	-13876
8	21	-4084
8	22	668
8	23	196
8	24	-8260
8	25	-3116
8	26	-196
8	27	-2828
8	28	-7540
8	29	3796
8	30	6140
8	31	-9124
8	32	-6860
8	33	-340
8	34	-8588
8	35	-12188
9	10	5996
9	11	-2356
9	12	-668
9	13	10892
9	14	-2500
9	15	-5996
9	16	16508
9	17	11572
9	18	3548
9	19	8836
9	20	-7540
9	21	7436
9	22	12188
9	23	9412
9	24	-7108
9	25	-9452
9	26	11324
9	27	1204
9	28	9164
9	29	-2540
9	30	-3076
9	31	-7972
9	32	-2828
9	33	5996
9	34	5812
9	35	2212
10	11	-11900
10	12	9740
10	13	-4412
10	14	3796
10	15	4700
10	16	5524
10	17	2684
10	18	2932
10	19	-4948
10	20	-6716
10	21	-956
10	22	9844
10	23	4844
10	24	-12332
10	25	2972
10	26	340
10	27	2684
10	28	2500
10	29	-9124
10	30	-11180
10	31	-6284
10	32	6716
10	33	5668
10	34	-7108
10	35	1676
11	12	1388
11	13	14308
11	14	6964
11	15	-3652
11	16	-6860
11	17	4700
11	18	6100
11	19	-2932
11	20	6820
11	21	-8156
11	22	2644
11	23	6860
11	24	-9164
11	25	4988
11	26	-1676
11	27	15068
11	28	484
11	29	8444
11	30	-2828
11	31	-3116
11	32	-1636
11	33	-1532
11	34	-5092
11	35	-17044
12	13	-6100
12	14	1244
12	15	-9740
12	16	-484
12	17	-2540
12	18	7292
12	19	-5276
12	20	1388
12	21	812
12	22	380
12	23	5668
12	24	-3364
12	25	-8012
12	26	4700
12	27	13012
12	28	12908
12	29	-11468
12	30	5852
12	31	956
12	32	-1388
12	33	-628
12	34	-8300
12	35	-6716
13	14	9268
13	15	4412
13	16	5812
13	17	12764
13	18	3220
13	19	-52
13	20	-6428
13	21	-16220
13	22	4948
13	23	4556
13	24	3508
13	25	7868
13	26	16180
13	27	7580
13	28	-2396
13	29	6140
13	30	-524
13	31	-812
13	32	-9124
13	33	772
13	34	8156
13	35	-3796
14	15	6572
14	16	3652
14	17	-16180
14	18	-14492
14	19	-13444
14	20	-8588
14	21	-2828
14	22	7972
14	23	6716
14	24	-9020
14	25	-340
14	26	3652
14	27	9740
14	28	-9740
14	29	3116
14	30	-2684
14	31	-2972
14	32	-1780
14	33	-6572
14	34	-10420
14	35	-1636
15	16	-340
15	17	-2684
15	18	-8116
15	19	4948
15	20	-3652
15	21	6140
15	22	-4660
15	23	340
15	24	-3220
15	25	7396
15	26	-340
15	27	2500
15	28	-2500
15	29	3940
15	30	812
15	31	-9268
15	32	-11900
15	33	9884
15	34	-13628
15	35	-6860
16	17	8012
16	18	2788
16	19	5564
16	20	-6860
16	21	-1100
16	22	9700
16	23	15356
16	24	-7292
16	25	-2068
16	26	10564
16	27	2828
16	28	2356
16	29	-3796
16	30	-6140
16	31	-11612
16	32	6860
16	33	-4844
16	34	8588
16	35	-8548
17	18	20972
17	19	12148
17	20	4700
17	21	-1060
17	22	-6676
17	23	2356
17	24	-5236
17	25	4228
17	26	2828
17	27	-668
17	28	16220
17	29	772
17	30	-1204
17	31	4268
17	32	484
17	33	7868
17	34	3940
17	35	-10028
18	19	8156
18	20	916
18	21	-8876
18	22	-3260
18	23	-2788
18	24	-9884
18	25	524
18	26	-2396
18	27	10604
18	28	10132
18	29	-6388
18	30	1636
18	31	-3836
18	32	-916
18	33	-2252
18	34	812
18	35	-11140
19	20	12620
19	21	12044
19	22	6428
19	23	-380
19	24	7868
19	25	-3692
19	26	-9988
19	27	1780
19	28	8588
19	29	8404
19	30	1532
19	31	-3364
19	32	-2252
19	33	236
19	34	-3980
19	35	-7580
20	21	7396
20	22	-7724
20	23	6860
20	24	1204
20	25	10172
20	26	-12044
20	27	4700
20	28	5668
20	29	3260
20	30	-2828
20	31	2068
20	32	3548
20	33	-1532
20	34	92
20	35	-6676
21	22	3220
21	23	1100
21	24	1780
21	25	-11140
21	26	-6284
21	27	-1060
21	28	6244
21	29	7868
21	30	2932
21	31	2644
21	32	-2212
21	33	4228
21	34	-16036
21	35	3116
22	23	5852
22	24	2212
22	25	-6388
22	26	4516
22	27	3692
22	28	-8876
22	29	2252
22	30	-12188
22	31	-2108
22	32	18092
22	33	-5708
22	34	-6100
22	35	2684
23	24	-3076
23	25	-3116
23	26	-196
23	27	7540
23	28	8012
23	29	-1388
23	30	956
23	31	-3940
23	32	8692
23	33	4844
23	34	1780
23	35	-1820
24	25	-10132
24	26	-2108
24	27	-10420
24	28	-5132
24	29	14060
24	30	12292
24	31	12004
24	32	-1204
24	33	3220
24	34	5708
24	35	19676
25	26	3116
25	27	-956
25	28	956
25	29	-9884
25	30	-16468
25	31	-628
25	32	196
25	33	2972
25	34	8836
25	35	-10316
26	27	8012
26	28	-2828
26	29	-8980
26	30	-6140
26	31	-6428
26	32	-3508
26	33	-10028
26	34	8588
26	35	1820
27	28	668
27	29	772
27	30	-1204
27	31	-6100
27	32	-9884
27	33	-2500
27	34	-11612
27	35	-10028
28	29	-11140
28	30	-3980
28	31	916
28	32	-484
28	33	12868
28	34	1244
28	35	-5524
29	30	2540
29	31	-2356
29	32	-8444
29	33	1244
29	34	-4988
29	35	6964
30	31	2788
30	32	-12724
30	33	-812
30	34	-5812
30	35	-2212
31	32	8300
31	33	9268
31	34	-340
31	35	13628
32	33	-3652
32	34	-92
32	35	6676
33	34	-1924
33	35	6860
34	35	4948
