0	1	-6504
0	2	696
0	3	6936
0	4	696
0	5	-4440
0	6	7800
0	7	-1560
0	8	840
0	9	-9480
0	10	120
0	11	-888
0	12	1416
0	13	7512
0	14	7512
0	15	1992
0	16	552
0	17	3336
0	18	3432
0	19	5304
0	20	16824
0	21	-456
0	22	7752
0	23	-888
0	24	840
0	25	4584
0	26	-7320
0	27	-8760
0	28	-5784
0	29	-4344
0	30	-24
0	31	-5880
0	32	1320
0	33	1272
0	34	264
0	35	5160
1	2	-14520
1	3	1704
1	4	-4152
1	5	2712
1	6	11208
1	7	-5352
1	8	-4296
1	9	-12984
1	10	11976
1	11	-7752
1	12	-4872
1	13	-4056
1	14	-4056
1	15	-264
1	16	6360
1	17	10488
1	18	3480
1	19	-8760
1	20	456
1	21	-8184
1	22	-840
1	23	-7752
1	24	-4296
1	25	-2856
1	26	-15144
1	27	1848
1	28	-8040
1	29	888
1	30	1752
1	31	4152
1	32	2136
1	33	-4728
1	34	1464
1	35	6936
2	3	3720
2	4	-984
2	5	9912
2	6	-2328
2	7	1848
2	8	-1128
2	9	-600
2	10	-5592
2	11	10968
2	12	-1704
2	13	-2040
2	14	8328
2	15	2904
2	16	-6024
2	17	-3048
2	18	-3720
2	19	4776
2	20	-6744
2	21	168
2	22	-8040
2	23	5784
2	24	-1128
2	25	-4872
2	26	7608
2	27	-1320
2	28	312
2	29	-1128
2	30	-5448
2	31	984
2	32	-6216
2	33	-6744
2	34	15000
2	35	10104
3	4	-6648
3	5	23640
3	6	-5592
3	7	-9768
3	8	-1320
3	9	-7320
3	10	8328
3	11	12504
3	12	-744
3	13	4488
3	14	9672
3	15	-168
3	16	3576
3	17	5496
3	18	11640
3	19	3144
3	20	4296
3	21	12936
3	22	-4776
3	23	7320
3	24	9048
3	25	-2760
3	26	24
3	27	-1416
3	28	-7944
3	29	-1320
3	30	3000
3	31	1464
3	32	-17256
3	33	-888
3	34	-7080
3	35	3000
4	5	-5640
4	6	-2328
4	7	1848
4	8	4056
4	9	4584
4	10	-15960
4	11	10968
4	12	13848
4	13	3144
4	14	3144
4	15	-2280
4	16	-11208
4	17	-8232
4	18	1464
4	19	-5592
4	20	-1560
4	21	-10200
4	22	7512
4	23	600
4	24	-1128
4	25	-4872
4	26	2424
4	27	-1320
4	28	312
4	29	-1128
4	30	-5448
4	31	-4200
4	32	19704
4	33	-1560
4	34	4632
4	35	-5448
5	6	-11784
5	7	-5592
5	8	-312
5	9	-8328
5	10	9336
5	11	13512
5	12	264
5	13	3480
5	14	13848
5	15	840
5	16	-600
5	17	4488
5	18	17832
5	19	9336
5	20	-5064
5	21	3576
5	22	-8952
5	23	3144
5	24	-312
5	25	-6936
5	26	4200
5	27	-2424
5	28	3432
5	29	4872
5	30	4008
5	31	5640
5	32	-7896
5	33	120
5	34	-888
5	35	-1176
6	7	-8904
6	8	8184
6	9	-1272
6	10	7464
6	11	-9096
6	12	-1608
6	13	168
6	14	168
6	15	4152
6	16	2712
6	17	1176
6	18	-9960
6	19	-13272
6	20	8616
6	21	-3480
6	22	-456
6	23	-9096
6	24	3000
6	25	-3624
6	26	-14664
6	27	4632
6	28	-8808
6	29	8184
6	30	-8232
6	31	-8040
6	32	-840
6	33	-1752
6	34	7608
6	35	12504
7	8	7176
7	9	-5448
7	10	-9096
7	11	10632
7	12	-2616
7	13	6360
7	14	6360
7	15	8328
7	16	-3480
7	17	7368
7	18	4584
7	19	6456
7	20	7608
7	21	5880
7	22	8904
7	23	-10104
7	24	12360
7	25	552
7	26	-3288
7	27	10824
7	28	-9816
7	29	7176
7	30	-4056
7	31	-1848
7	32	5352
7	33	-2760
7	34	1416
7	35	-4056
8	9	4728
8	10	-552
8	11	456
8	12	-1848
8	13	-12264
8	14	13656
8	15	-2424
8	16	-6168
8	17	7464
8	18	1320
8	19	-5736
8	20	-6888
8	21	-5160
8	22	-3000
8	23	-4728
8	24	3912
8	25	10536
8	26	2568
8	27	-1176
8	28	-10200
8	29	9096
8	30	-408
8	31	-9240
8	32	-888
8	33	8664
8	34	-696
8	35	-5592
9	10	-1176
9	11	3000
9	12	5304
9	13	3624
9	14	-6744
9	15	-4488
9	16	-5928
9	17	-552
9	18	-13416
9	19	-1176
9	20	-5208
9	21	3432
9	22	6456
9	23	18552
9	24	9912
9	25	8472
9	26	19896
9	27	-2280
9	28	8472
9	29	-456
9	30	-1320
9	31	-4584
9	32	2616
9	33	-24
9	34	4152
9	35	-11688
10	11	-4008
10	12	-1128
10	13	7752
10	14	-7800
10	15	-6888
10	16	10104
10	17	6744
10	18	7224
10	19	-5016
10	20	4200
10	21	-9624
10	22	2904
10	23	-4008
10	24	-552
10	25	-4296
10	26	1848
10	27	-7080
10	28	-4296
10	29	4632
10	30	-4872
10	31	-9960
10	32	-6792
10	33	-984
10	34	-10344
10	35	312
11	12	5064
11	13	11928
11	14	6744
11	15	-696
11	16	-9624
11	17	-4632
11	18	13416
11	19	6360
11	20	5208
11	21	1752
11	22	-1272
11	23	7368
11	24	16008
11	25	-8472
11	26	11208
11	27	2280
11	28	-3288
11	29	-4728
11	30	-3864
11	31	-600
11	32	-2616
11	33	-5160
11	34	1032
11	35	-9048
12	13	14232
12	14	9048
12	15	-8184
12	16	-1560
12	17	-2328
12	18	11112
12	19	4056
12	20	-2280
12	21	-10920
12	22	1608
12	23	5064
12	24	-1848
12	25	-408
12	26	-2040
12	27	9768
12	28	-408
12	29	8520
12	30	4200
12	31	6888
12	32	10056
12	33	8088
12	34	-6456
12	35	-11352
13	14	-120
13	15	9624
13	16	8184
13	17	888
13	18	5880
13	19	2568
13	20	8904
13	21	1992
13	22	15384
13	23	1560
13	24	8472
13	25	-8520
13	26	600
13	27	14712
13	28	-3336
13	29	13656
13	30	2424
13	31	-8328
13	32	4056
13	33	-1464
13	34	-2472
13	35	-7944
14	15	-744
14	16	-7368
14	17	6072
14	18	11064
14	19	2568
14	20	3720
14	21	1992
14	22	-168
14	23	1560
14	24	3288
14	25	7032
14	26	-4584
14	27	4344
14	28	-3336
14	29	8472
14	30	7608
14	31	2040
14	32	-6312
14	33	3720
14	34	2712
14	35	-2760
15	16	-2136
15	17	8616
15	18	168
15	19	-1704
15	20	-2856
15	21	9240
15	22	11400
15	23	-5880
15	24	-2424
15	25	-6168
15	26	-6648
15	27	10344
15	28	-984
15	29	2760
15	30	3624
15	31	-2904
15	32	264
15	33	-2856
15	34	3336
15	35	3624
16	17	17544
16	18	-3576
16	19	4920
16	20	3768
16	21	-4872
16	22	-2712
16	23	-4440
16	24	-6168
16	25	456
16	26	-2904
16	27	3720
16	28	456
16	29	4200
16	30	-120
16	31	840
16	32	-6360
16	33	8952
16	34	-10776
16	35	5064
17	18	4872
17	19	6744
17	20	2712
17	21	984
17	22	9192
17	23	552
17	24	2280
17	25	840
17	26	-3576
17	27	5352
17	28	-9528
17	29	2280
17	30	6600
17	31	3048
17	32	-120
17	33	2712
17	34	1704
17	35	6600
18	19	7224
18	20	-4296
18	21	-2568
18	22	-5592
18	23	-2136
18	24	-3864
18	25	-7608
18	26	-24
18	27	1416
18	28	-2424
18	29	-9048
18	30	7368
18	31	8904
18	32	-3480
18	33	888
18	34	-3288
18	35	-3000
19	20	4200
19	21	744
19	22	-12648
19	23	6360
19	24	-552
19	25	-4296
19	26	1848
19	27	3288
19	28	-4296
19	29	-552
19	30	5496
19	31	5592
19	32	-1608
19	33	-984
19	34	24
19	35	312
20	21	4776
20	22	12120
20	23	-10344
20	24	13848
20	25	-264
20	26	-7368
20	27	-5928
20	28	-5448
20	29	-1704
20	30	-6024
20	31	-3624
20	32	-456
20	33	-2136
20	34	-6312
20	35	-840
21	22	3480
21	23	1752
21	24	15576
21	25	-3720
21	26	-3912
21	27	7896
21	28	-3720
21	29	24
21	30	888
21	31	-168
21	32	-7368
21	33	-5592
21	34	5784
21	35	6072
22	23	-1272
22	24	7368
22	25	-1560
22	26	4296
22	27	552
22	28	3624
22	29	2184
22	30	3048
22	31	-12696
22	32	16392
22	33	-8616
22	34	-2424
22	35	-2136
23	24	5640
23	25	1896
23	26	16392
23	27	2280
23	28	7080
23	29	-4728
23	30	1320
23	31	-600
23	32	-2616
23	33	-5160
23	34	6216
23	35	-3864
24	25	-5016
24	26	7752
24	27	9192
24	28	-5016
24	29	3912
24	30	-10776
24	31	-4056
24	32	-888
24	33	3480
24	34	4488
24	35	-5592
25	26	1128
25	27	-7800
25	28	6792
25	29	168
25	30	1032
25	31	4872
25	32	-7512
25	33	10104
25	34	-9624
25	35	-14520
26	27	-10488
26	28	21864
26	29	-12984
26	30	-3480
26	31	-2424
26	32	4776
26	33	8184
26	34	-3192
26	35	-8664
27	28	-12984
27	29	19560
27	30	8328
27	31	1320
27	32	-1848
27	33	-744
27	34	8616
27	35	-2040
28	29	-10200
28	30	-4152
28	31	10056
28	32	8040
28	33	10104
28	34	-9624
28	35	-4152
29	30	-408
29	31	-4056
29	32	4296
29	33	3480
29	34	-696
29	35	-408
30	31	10632
30	32	-6936
30	33	-840
30	34	168
30	35	-4728
31	32	-4152
31	33	11928
31	34	552
31	35	264
32	33	-456
32	34	3720
32	35	3432
33	34	-11496
33	35	-16392
34	35	10536
