0	1	2552
0	2	-4712
0	3	5368
0	4	7016
0	5	184
0	6	616
0	7	-8536
0	8	8024
0	9	-5512
0	10	2840
0	11	4792
0	12	2408
0	13	4280
0	14	5512
0	15	4216
0	16	1624
0	17	-14584
0	18	7448
0	19	-1048
0	20	6872
0	21	104
0	22	2488
0	23	-13864
0	24	5000
0	25	6584
0	26	11192
0	27	18040
0	28	-6296
0	29	-5080
0	30	-3416
0	31	10840
0	32	328
0	33	2264
0	34	8968
0	35	5944
1	2	3352
1	3	8248
1	4	9320
1	5	3064
1	6	-6872
1	7	4136
1	8	-5224
1	9	-13576
1	10	-15592
1	11	2488
1	12	4712
1	13	-8968
1	14	3208
1	15	1912
1	16	9688
1	17	-7096
1	18	9752
1	19	1256
1	20	9176
1	21	7592
1	22	5368
1	23	-1192
1	24	-8248
1	25	-1480
1	26	8312
1	27	184
1	28	-8600
1	29	-2776
1	30	-536
1	31	-1832
1	32	3208
1	33	-5800
1	34	1480
1	35	-1544
2	3	-904
2	4	-1112
2	5	-11272
2	6	9032
2	7	-6296
2	8	3064
2	9	-4136
2	10	18616
2	11	-328
2	12	-12056
2	13	11992
2	14	-6232
2	15	248
2	16	-7528
2	17	-5432
2	18	-1544
2	19	-8600
2	20	14584
2	21	10984
2	22	-3208
2	23	14584
2	24	-4280
2	25	-5864
2	26	-104
2	27	12344
2	28	-15160
2	29	616
2	30	2696
2	31	-16744
2	32	-1048
2	33	-6728
2	34	16232
2	35	-1480
3	4	8968
3	5	-5800
3	6	4136
3	7	14152
3	8	-2408
3	9	-4424
3	10	-7592
3	11	-5224
3	12	3208
3	13	-9032
3	14	4424
3	15	536
3	16	3128
3	17	9832
3	18	8536
3	19	1480
3	20	9112
3	21	-4856
3	22	12632
3	23	-1256
3	24	10984
3	25	4216
3	26	4792
3	27	2264
3	28	680
3	29	-4856
3	30	-2200
3	31	-6088
3	32	9608
3	33	-1832
3	34	-4216
3	35	3992
4	5	8968
4	6	9400
4	7	-1768
4	8	-760
4	9	-3928
4	10	-5944
4	11	8392
4	12	-6376
4	13	-4504
4	14	-1256
4	15	2632
4	16	40
4	17	7736
4	18	19400
4	19	536
4	20	3272
4	21	1688
4	22	6088
4	23	-1912
4	24	-3784
4	25	2984
4	26	7592
4	27	11272
4	28	-2696
4	29	-3496
4	30	5368
4	31	4072
4	32	3928
4	33	-1336
4	34	-2984
4	35	-824
5	6	-11416
5	7	-6584
5	8	2776
5	9	16312
5	10	-7592
5	11	-40
5	12	8392
5	13	-9032
5	14	-760
5	15	-4648
5	16	8312
5	17	-536
5	18	3352
5	19	1480
5	20	-1256
5	21	328
5	22	2264
5	23	-1256
5	24	-9752
5	25	4216
5	26	-392
5	27	-2920
5	28	5864
5	29	10696
5	30	8168
5	31	-904
5	32	-5944
5	33	-1832
5	34	968
5	35	3992
6	7	-968
6	8	8392
6	9	1192
6	10	13576
6	11	-472
6	12	-6728
6	13	-3416
6	14	-6376
6	15	-10264
6	16	-7672
6	17	-104
6	18	3784
6	19	-13640
6	20	4360
6	21	-4424
6	22	7016
6	23	9544
6	24	11416
6	25	4648
6	26	15592
6	27	7016
6	28	-15304
6	29	-9608
6	30	2552
6	31	3848
6	32	14360
6	33	-6584
6	34	536
6	35	-6808
7	8	-5944
7	9	-9112
7	10	-5944
7	11	-7160
7	12	9176
7	13	-9688
7	14	9112
7	15	-7736
7	16	40
7	17	2552
7	18	-6520
7	19	16088
7	20	3272
7	21	1688
7	22	11272
7	23	-1912
7	24	-8968
7	25	2984
7	26	2408
7	27	-4280
7	28	-2696
7	29	-8680
7	30	184
7	31	4072
7	32	9112
7	33	9032
7	34	2200
7	35	9544
8	9	2264
8	10	248
8	11	-2984
8	12	-5368
8	13	1688
8	14	-7448
8	15	-3560
8	16	-968
8	17	-11992
8	18	-328
8	19	-8824
8	20	4280
8	21	2696
8	22	5080
8	23	-904
8	24	-2776
8	25	-6376
8	26	-1768
8	27	5080
8	28	1480
8	29	13064
8	30	-6008
8	31	13432
8	32	-12632
8	33	-10696
8	34	11560
8	35	-7016
9	10	7448
9	11	184
9	12	-3352
9	13	-1480
9	14	-4280
9	15	-5576
9	16	2200
9	17	392
9	18	-3496
9	19	-6808
9	20	-9256
9	21	-5656
9	22	3064
9	23	11480
9	24	4424
9	25	6008
9	26	-4936
9	27	-12488
9	28	-536
9	29	4712
9	30	12712
9	31	-4136
9	32	6088
9	33	-8680
9	34	-6008
9	35	-3848
10	11	-2984
10	12	-184
10	13	12056
10	14	-7448
10	15	1624
10	16	-6152
10	17	-6808
10	18	-10696
10	19	-3640
10	20	4280
10	21	2696
10	22	-5288
10	23	9464
10	24	2408
10	25	-1192
10	26	-1768
10	27	10264
10	28	-8888
10	29	-7672
10	30	4360
10	31	-2120
10	32	2920
10	33	-328
10	34	6376
10	35	8536
11	12	-18104
11	13	760
11	14	-184
11	15	-4072
11	16	-11848
11	17	4072
11	18	13144
11	19	904
11	20	-12200
11	21	15304
11	22	-17896
11	23	3352
11	24	-10328
11	25	19192
11	26	-968
11	27	8024
11	28	-9112
11	29	4936
11	30	19112
11	31	4856
11	32	5000
11	33	2776
11	34	-3640
11	35	-616
12	13	-9112
12	14	8536
12	15	7240
12	16	15016
12	17	-7240
12	18	-11128
12	19	6296
12	20	-1336
12	21	2264
12	22	328
12	23	-1336
12	24	1976
12	25	-1624
12	26	8168
12	27	-4856
12	28	7096
12	29	-13288
12	30	-5576
12	31	3496
12	32	-1832
12	33	-5944
12	34	1624
12	35	3784
13	14	-8888
13	15	5368
13	16	2776
13	17	-5368
13	18	1112
13	19	-2200
13	20	536
13	21	-6232
13	22	3640
13	23	536
13	24	3848
13	25	-10120
13	26	-10696
13	27	3640
13	28	40
13	29	9320
13	30	2920
13	31	1624
13	32	-3704
13	33	6296
13	34	10120
13	35	-3272
14	15	-15160
14	16	2984
14	17	-392
14	18	-1688
14	19	11992
14	20	-1112
14	21	5656
14	22	-3064
14	23	-1112
14	24	760
14	25	4360
14	26	-248
14	27	-3064
14	28	536
14	29	-20264
14	30	8024
14	31	-1048
14	32	-904
14	33	8680
14	34	-9544
14	35	-1336
15	16	4280
15	17	3496
15	18	2200
15	19	328
15	20	2776
15	21	-824
15	22	-1768
15	23	-7592
15	24	4648
15	25	-7304
15	26	3640
15	27	-1768
15	28	7016
15	29	-824
15	30	-21784
15	31	248
15	32	-4792
15	33	-13352
15	34	7304
15	35	-40
16	17	-4280
16	18	4792
16	19	-7448
16	20	-5000
16	21	-3416
16	22	6008
16	23	5368
16	24	7240
16	25	-9896
16	26	1048
16	27	-14728
16	28	9608
16	29	-3416
16	30	1544
16	31	-2344
16	32	-7384
16	33	4792
16	34	4712
16	35	-7816
17	18	13352
17	19	10040
17	20	-7960
17	21	-9544
17	22	-3416
17	23	-7960
17	24	5720
17	25	-3064
17	26	-8824
17	27	-3416
17	28	3352
17	29	824
17	30	1048
17	31	-248
17	32	-5576
17	33	-2200
17	34	-17672
17	35	5224
18	19	-4216
18	20	-6664
18	21	-3064
18	22	472
18	23	-6664
18	24	1832
18	25	-1768
18	26	-2344
18	27	472
18	28	-3128
18	29	2120
18	30	4936
18	31	8824
18	32	3496
18	33	-904
18	34	-3416
18	35	-11624
19	20	-4792
19	21	3992
19	22	3784
19	23	-15160
19	24	-1480
19	25	-5080
19	26	-5656
19	27	3784
19	28	184
19	29	-1192
19	30	8248
19	31	6952
19	32	1624
19	33	6152
19	34	-5288
19	35	17608
20	21	-3640
20	22	11416
20	23	-2056
20	24	-3928
20	25	2840
20	26	12632
20	27	11416
20	28	-7736
20	29	-3640
20	30	-15224
20	31	-6152
20	32	4072
20	33	-6664
20	34	12712
20	35	9688
21	22	-12920
21	23	6728
21	24	-15880
21	25	11624
21	26	5864
21	27	13000
21	28	-6152
21	29	-40
21	30	12280
21	31	616
21	32	472
21	33	-3064
21	34	9112
21	35	904
22	23	1048
22	24	8104
22	25	-3848
22	26	7096
22	27	-5224
22	28	-6808
22	29	2632
22	30	-4504
22	31	1976
22	32	12488
22	33	-4712
22	34	3848
22	35	1688
23	24	1256
23	25	2840
23	26	2264
23	27	-9320
23	28	-2552
23	29	-3640
23	30	10696
23	31	-16520
23	32	9256
23	33	-1480
23	34	7528
23	35	-11048
24	25	-9400
24	26	5576
24	27	-7448
24	28	4504
24	29	-5512
24	30	-2984
24	31	-4280
24	32	5944
24	33	-3352
24	34	-6152
24	35	-3992
25	26	12344
25	27	6520
25	28	-7448
25	29	-3928
25	30	10984
25	31	-680
25	32	14728
25	33	-1768
25	34	-2552
25	35	4792
26	27	7096
26	28	-12056
26	29	-9688
26	30	-3992
26	31	-104
26	32	15304
26	33	-7528
26	34	13576
26	35	5368
27	28	-11992
27	29	2632
27	30	680
27	31	7160
27	32	-3064
27	33	472
27	34	9032
27	35	12056
28	29	4216
28	30	-6088
28	31	-4792
28	32	-15016
28	33	12424
28	34	-2920
28	35	-5080
29	30	1912
29	31	616
29	32	-4712
29	33	-3064
29	34	9112
29	35	904
30	31	-2488
30	32	8024
30	33	10120
30	34	-5800
30	35	2408
31	32	-1048
31	33	-6728
31	34	-4504
31	35	-1480
32	33	-1688
32	34	824
32	35	-1336
33	34	1768
33	35	3928
34	35	392
