0	1	6816
0	2	-3072
0	3	6000
0	4	-12768
0	5	-3552
0	6	9552
0	7	4800
0	8	-7152
0	9	-1056
0	10	-6672
0	11	2256
0	12	-6576
0	13	-8880
0	14	3552
0	15	4128
0	16	9552
0	17	-5712
0	18	1392
0	19	-768
0	20	8976
0	21	4128
0	22	-2784
0	23	16224
0	24	-240
0	25	384
0	26	4944
0	27	3408
0	28	8448
0	29	-3984
0	30	4800
0	31	-7008
0	32	5280
0	33	-7536
0	34	6672
0	35	1968
1	2	-5952
1	3	-7248
1	4	-9888
1	5	4512
1	6	-3120
1	7	2496
1	8	-4272
1	9	21984
1	10	-9552
1	11	-624
1	12	1488
1	13	-816
1	14	11040
1	15	-9120
1	16	2064
1	17	2352
1	18	-1488
1	19	11904
1	20	-3696
1	21	11616
1	22	4704
1	23	2976
1	24	13008
1	25	-2496
1	26	7824
1	27	5712
1	28	5568
1	29	4080
1	30	-18240
1	31	-9312
1	32	-2784
1	33	5136
1	34	-816
1	35	-11280
2	3	-1680
2	4	-1920
2	5	-768
2	6	-3504
2	7	1248
2	8	8016
2	9	192
2	10	-4560
2	11	2064
2	12	-2928
2	13	4560
2	14	768
2	15	5376
2	16	1680
2	17	1392
2	18	2928
2	19	-5280
2	20	7440
2	21	-10176
2	22	1920
2	23	-1536
2	24	-4080
2	25	-6432
2	26	11472
2	27	912
2	28	-4128
2	29	4848
2	30	6432
2	31	7872
2	32	4224
2	33	1488
2	34	-5808
2	35	2352
3	4	-8400
3	5	3120
3	6	384
3	7	-48
3	8	1536
3	9	-3696
3	10	1920
3	11	-1824
3	12	6144
3	13	-1920
3	14	-13488
3	15	-3696
3	16	-4800
3	17	96
3	18	14592
3	19	11568
3	20	6144
3	21	-8880
3	22	-7152
3	23	10128
3	24	-192
3	25	-5136
3	26	-5376
3	27	2208
3	28	-18384
3	29	-1632
3	30	15504
3	31	-3792
3	32	-10032
3	33	13152
3	34	3264
3	35	-6720
4	5	-9888
4	6	3216
4	7	-1536
4	8	-13488
4	9	-15456
4	10	4848
4	11	-1776
4	12	-7728
4	13	336
4	14	-480
4	15	5280
4	16	-7152
4	17	8688
4	18	-7824
4	19	-15168
4	20	2640
4	21	96
4	22	13920
4	23	1824
4	24	-1392
4	25	1536
4	26	-1392
4	27	9744
4	28	4416
4	29	5232
4	30	-6720
4	31	12576
4	32	-3936
4	33	-1200
4	34	-4848
4	35	8304
5	6	2064
5	7	2496
5	8	6096
5	9	6432
5	10	6000
5	11	4560
5	12	11856
5	13	-816
5	14	5856
5	15	-3936
5	16	-8304
5	17	7536
5	18	8880
5	19	11904
5	20	-14064
5	21	-14304
5	22	4704
5	23	2976
5	24	7824
5	25	2688
5	26	2640
5	27	528
5	28	-15168
5	29	-1104
5	30	-13056
5	31	1056
5	32	2400
5	33	15504
5	34	4368
5	35	-6096
6	7	5232
6	8	-1536
6	9	-1488
6	10	-1920
6	11	-8544
6	12	-11328
6	13	-3264
6	14	8304
6	15	3696
6	16	-5568
6	17	5088
6	18	960
6	19	-1200
6	20	4224
6	21	-1488
6	22	7152
6	23	15792
6	24	-4992
6	25	5136
6	26	192
6	27	2976
6	28	-2352
6	29	1632
6	30	-5136
6	31	3792
6	32	4848
6	33	-2784
6	34	-3264
6	35	11904
7	8	-6288
7	9	3264
7	10	-7536
7	11	6576
7	12	-10896
7	13	-2832
7	14	7872
7	15	3264
7	16	48
7	17	-4848
7	18	528
7	19	3552
7	20	-5712
7	21	-1920
7	22	-3648
7	23	-5376
7	24	624
7	25	-21216
7	26	5808
7	27	12912
7	28	2400
7	29	-8304
7	30	480
7	31	-960
7	32	-5952
7	33	12336
7	34	2352
7	35	11472
8	9	4848
8	10	-768
8	11	2976
8	12	8256
8	13	11136
8	14	-912
8	15	-336
8	16	-6720
8	17	-1248
8	18	7296
8	19	-48
8	20	-7296
8	21	-10704
8	22	-2064
8	23	-8976
8	24	-6144
8	25	6288
8	26	-6144
8	27	-11424
8	28	-6384
8	29	-4704
8	30	9264
8	31	2640
8	32	6000
8	33	3552
8	34	-9600
8	35	2688
9	10	-6576
9	11	-10320
9	12	4272
9	13	1392
9	14	3936
9	15	-17376
9	16	3696
9	17	3408
9	18	912
9	19	3072
9	20	-912
9	21	8544
9	22	-96
9	23	-3552
9	24	-2064
9	25	-8448
9	26	3120
9	27	-11472
9	28	-960
9	29	1680
9	30	-12288
9	31	-10848
9	32	7392
9	33	9840
9	34	-3792
9	35	-4848
10	11	480
10	12	9024
10	13	960
10	14	-6000
10	15	-6576
10	16	8448
10	17	-2208
10	18	6528
10	19	3504
10	20	3840
10	21	-6576
10	22	10704
10	23	-3120
10	24	2688
10	25	7536
10	26	-7680
10	27	-11040
10	28	-528
10	29	6432
10	30	-7536
10	31	-912
10	32	-7728
10	33	-5280
10	34	960
10	35	-9600
11	12	-13152
11	13	-10848
11	14	5808
11	15	10416
11	16	7008
11	17	-8832
11	18	-2400
11	19	4944
11	20	-2784
11	21	-15504
11	22	-8592
11	23	-6864
11	24	6432
11	25	-11760
11	26	1248
11	27	768
11	28	6096
11	29	10176
11	30	1392
11	31	2832
11	32	-1104
11	33	1344
11	34	4704
11	35	-2976
12	13	6528
12	14	-6672
12	15	-6096
12	16	-6144
12	17	4512
12	18	6720
12	19	4560
12	20	-17088
12	21	-912
12	22	2544
12	23	-4368
12	24	-384
12	25	10896
12	26	-384
12	27	-1632
12	28	-12144
12	29	-4128
12	30	-5712
12	31	-7152
12	32	240
12	33	2976
12	34	-3840
12	35	-13440
13	14	816
13	15	-3792
13	16	-8448
13	17	-2976
13	18	14208
13	19	-3504
13	20	1344
13	21	-3792
13	22	4848
13	23	3120
13	24	-7872
13	25	8016
13	26	7680
13	27	672
13	28	528
13	29	-11616
13	30	2352
13	31	-9456
13	32	-13008
13	33	96
13	34	-960
13	35	4416
14	15	-6432
14	16	-2064
14	17	13200
14	18	-8880
14	19	3648
14	20	-1488
14	21	-1248
14	22	480
14	23	2208
14	24	7728
14	25	-2688
14	26	2544
14	27	4656
14	28	9984
14	29	6288
14	30	-12864
14	31	-1056
14	32	-2400
14	33	48
14	34	-4368
14	35	11280
15	16	3696
15	17	-6960
15	18	-4272
15	19	-7296
15	20	-912
15	21	-17376
15	22	-96
15	23	1632
15	24	-2064
15	25	1920
15	26	-2064
15	27	4080
15	28	4224
15	29	1680
15	30	8448
15	31	4704
15	32	-2976
15	33	-5712
15	34	-3792
15	35	5520
16	17	-96
16	18	-4224
16	19	-1200
16	20	9408
16	21	-1488
16	22	1968
16	23	-4944
16	24	192
16	25	-5232
16	26	192
16	27	-7392
16	28	13200
16	29	-8736
16	30	48
16	31	-11760
16	32	-336
16	33	-18336
16	34	-3264
16	35	1536
17	18	672
17	19	8880
17	20	-672
17	21	-1776
17	22	12048
17	23	10320
17	24	10848
17	25	4848
17	26	-4704
17	27	2688
17	28	-2640
17	29	-8448
17	30	-4848
17	31	9264
17	32	-624
17	33	7296
17	34	-8160
17	35	1248
18	19	10992
18	20	1536
18	21	-4272
18	22	2640
18	23	14736
18	24	384
18	25	-528
18	26	10752
18	27	1632
18	28	-8592
18	29	-6240
18	30	10896
18	31	-3216
18	32	-5424
18	33	7392
18	34	9024
18	35	-12480
19	20	-624
19	21	-2112
19	22	-5568
19	23	1344
19	24	18960
19	25	-3552
19	26	-1776
19	27	8976
19	28	-6432
19	29	-3216
19	30	-1632
19	31	4992
19	32	-13632
19	33	14736
19	34	1680
19	35	-15504
20	21	4272
20	22	2544
20	23	11184
20	24	4800
20	25	528
20	26	-384
20	27	-1632
20	28	3408
20	29	6240
20	30	9840
20	31	-1968
20	32	-4944
20	33	-7392
20	34	-3840
20	35	7296
21	22	-96
21	23	1632
21	24	8304
21	25	1920
21	26	3120
21	27	4080
21	28	4224
21	29	-3504
21	30	-1920
21	31	-480
21	32	12576
21	33	-10896
21	34	1392
21	35	-4848
22	23	13728
22	24	6576
22	25	14016
22	26	-3792
22	27	-4560
22	28	-4416
22	29	-48
22	30	-8832
22	31	2976
22	32	-6432
22	33	1200
22	34	-5520
22	35	-8304
23	24	4848
23	25	10560
23	26	10032
23	27	2352
23	28	-2688
23	29	3408
23	30	4992
23	31	-3936
23	32	480
23	33	-2256
23	34	8304
23	35	-6576
24	25	9744
24	26	-4416
24	27	7584
24	28	-8112
24	29	2208
24	30	-9744
24	31	9552
24	32	-912
24	33	1824
24	34	-2688
24	35	-9408
25	26	-5808
25	27	-7728
25	28	-7584
25	29	-2064
25	30	-5664
25	31	960
25	32	5952
25	33	-12336
25	34	2832
25	35	-1104
26	27	12768
26	28	7440
26	29	2208
26	30	-4560
26	31	-11184
26	32	9456
26	33	-8544
26	34	2496
26	35	960
27	28	-5424
27	29	-9408
27	30	-2640
27	31	3984
27	32	-7440
27	33	5376
27	34	672
27	35	6240
28	29	816
28	30	-2784
28	31	-1344
28	32	-2112
28	33	-15216
28	34	-4656
28	35	6384
29	30	-8304
29	31	624
29	32	2832
29	33	384
29	34	-1248
29	35	-10848
30	31	-960
30	32	-768
30	33	1968
30	34	7536
30	35	1104
31	32	672
31	33	8592
31	34	-9456
31	35	-2640
32	33	-12048
32	34	2544
32	35	4368
33	34	5280
33	35	-8736
34	35	-5952
