0	1	-8452
0	2	-4940
0	3	-15020
0	4	-1340
0	5	-9692
0	6	2636
0	7	-1540
0	8	-6292
0	9	532
0	10	-1772
0	11	-332
0	12	4132
0	13	11996
0	14	-5716
0	15	-2836
0	16	-1196
0	17	-11044
0	18	5660
0	19	1196
0	20	-4708
0	21	3788
0	22	-5084
0	23	-3412
0	24	1196
0	25	-1196
0	26	-12284
0	27	-3700
0	28	-1628
0	29	6724
0	30	-7532
0	31	2980
0	32	-5084
0	33	-4652
0	34	4564
0	35	-6236
1	2	8396
1	3	-7444
1	4	4796
1	5	13148
1	6	-908
1	7	-7100
1	8	-2348
1	9	2924
1	10	44
1	11	3788
1	12	4508
1	13	-5084
1	14	2260
1	15	-620
1	16	9836
1	17	12772
1	18	11620
1	19	-4652
1	20	1252
1	21	3124
1	22	8540
1	23	-44
1	24	-4652
1	25	-10900
1	26	5372
1	27	244
1	28	-10468
1	29	7100
1	30	-9748
1	31	5660
1	32	3356
1	33	8108
1	34	-1108
1	35	4508
2	3	-5948
2	4	2548
2	5	-620
2	6	-1252
2	7	-244
2	8	188
2	9	-11132
2	10	-3068
2	11	3556
2	12	13204
2	13	-7444
2	14	11132
2	15	-11908
2	16	2692
2	17	620
2	18	-3412
2	19	-2692
2	20	-3412
2	21	5084
2	22	-1196
2	23	3068
2	24	2492
2	25	7876
2	26	-8396
2	27	2780
2	28	-2924
2	29	5428
2	30	6724
2	31	-8684
2	32	3988
2	33	-16316
2	34	-17468
2	35	-2348
3	4	8020
3	5	-332
3	6	3644
3	7	4652
3	8	5084
3	9	4708
3	10	-13148
3	11	-1340
3	12	-22796
3	13	7820
3	14	476
3	15	-1828
3	16	8164
3	17	-10036
3	18	1484
3	19	2204
3	20	6668
3	21	-5572
3	22	-908
3	23	-7588
3	24	2204
3	25	-2204
3	26	2260
3	27	-2692
3	28	2548
3	29	-9836
3	30	1828
3	31	1972
3	32	-6092
3	33	4708
3	34	3556
3	35	3124
4	5	-12572
4	6	332
4	7	11708
4	8	1772
4	9	8020
4	10	5716
4	11	-3212
4	12	-9116
4	13	-676
4	14	-2836
4	15	5228
4	16	-4076
4	17	7388
4	18	-1828
4	19	9260
4	20	3356
4	21	6668
4	22	-2780
4	23	-5716
4	24	-6292
4	25	1108
4	26	-4796
4	27	-11188
4	28	5860
4	29	3844
4	30	-10412
4	31	5284
4	32	-13148
4	33	2836
4	34	1684
4	35	1252
5	6	3500
5	7	-5860
5	8	-244
5	9	4852
5	10	-2636
5	11	-1196
5	12	3268
5	13	-2692
5	14	332
5	15	-7156
5	16	8308
5	17	5372
5	18	11708
5	19	-13492
5	20	-3844
5	21	15020
5	22	-764
5	23	7820
5	24	2060
5	25	-12428
5	26	7588
5	27	2348
5	28	-2492
5	29	676
5	30	-3212
5	31	-3068
5	32	19972
5	33	-332
5	34	-6668
5	35	-1916
6	7	-7820
6	8	2116
6	9	8828
6	10	-4420
6	11	14876
6	12	44
6	13	-620
6	14	-8828
6	15	-1340
6	16	-4996
6	17	-8684
6	18	-9836
6	19	-5372
6	20	532
6	21	-2780
6	22	-6292
6	23	4420
6	24	10180
6	25	-10180
6	26	-14644
6	27	-5660
6	28	620
6	29	7820
6	30	6524
6	31	1196
6	32	4076
6	33	3644
6	34	-388
6	35	-10324
7	8	6292
7	9	4652
7	10	6956
7	11	332
7	12	-4132
7	13	-6812
7	14	5716
7	15	8020
7	16	-9172
7	17	-4508
7	18	-476
7	19	-1196
7	20	-10844
7	21	-3788
7	22	-5284
7	23	8596
7	24	-1196
7	25	16748
7	26	1916
7	27	-1484
7	28	6812
7	29	8828
7	30	7532
7	31	-8164
7	32	-5284
7	33	-5716
7	34	-4564
7	35	1052
8	9	-5284
8	10	2204
8	11	764
8	12	6668
8	13	-7244
8	14	-10268
8	15	-2780
8	16	1628
8	17	5428
8	18	-11276
8	19	8740
8	20	-11276
8	21	-9404
8	22	332
8	23	2980
8	24	-1628
8	25	6812
8	26	-2836
8	27	-12284
8	28	-3124
8	29	-1108
8	30	7964
8	31	-2548
8	32	332
8	33	-5284
8	34	-4132
8	35	-8884
9	10	-7964
9	11	-1340
9	12	-7244
9	13	7820
9	14	476
9	15	8540
9	16	8164
9	17	5516
9	18	11852
9	19	-2980
9	20	6668
9	21	-388
9	22	-6092
9	23	2780
9	24	2204
9	25	-7388
9	26	-2924
9	27	-7876
9	28	-2636
9	29	10900
9	30	-8540
9	31	17524
9	32	4276
9	33	9892
9	34	-1628
9	35	-2060
10	11	6724
10	12	6004
10	13	-10612
10	14	-2404
10	15	-4708
10	16	-20060
10	17	2636
10	18	-6580
10	19	-676
10	20	-6580
10	21	1916
10	22	-3212
10	23	-100
10	24	4508
10	25	676
10	26	-44
10	27	-388
10	28	5428
10	29	-6956
10	30	-5660
10	31	-5516
10	32	-3212
10	33	-2780
10	34	-3932
10	35	820
11	12	-2924
11	13	3500
11	14	1340
11	15	-964
11	16	-13436
11	17	-3988
11	18	-8020
11	19	-2116
11	20	-2836
11	21	-9892
11	22	-1772
11	23	14012
11	24	3068
11	25	2116
11	26	-3788
11	27	13724
11	28	-3500
11	29	10036
11	30	16516
11	31	-4076
11	32	-6956
11	33	-1340
11	34	2692
11	35	-2924
12	13	-964
12	14	7244
12	15	-10612
12	16	-3788
12	17	7100
12	18	-12484
12	19	-6580
12	20	-2116
12	21	1196
12	22	-7676
12	23	4364
12	24	-1396
12	25	1396
12	26	676
12	27	-1108
12	28	6148
12	29	-1052
12	30	244
12	31	-4796
12	32	7876
12	33	-7244
12	34	-13580
12	35	-8828
13	14	2548
13	15	-10700
13	16	-6004
13	17	2692
13	18	1540
13	19	-9548
13	20	1540
13	21	-1772
13	22	-7300
13	23	244
13	24	6004
13	25	-6004
13	26	-100
13	27	5716
13	28	9980
13	29	1628
13	30	-4852
13	31	10556
13	32	-7300
13	33	13004
13	34	-1396
13	35	4220
14	15	-8540
14	16	2204
14	17	-5516
14	18	-1484
14	19	-7388
14	20	3700
14	21	-4796
14	22	908
14	23	2404
14	24	-2204
14	25	12572
14	26	8108
14	27	13060
14	28	-2548
14	29	-532
14	30	3356
14	31	-7156
14	32	908
14	33	476
14	34	-8740
14	35	-3124
15	16	-100
15	17	7156
15	18	820
15	19	5284
15	20	6004
15	21	-2492
15	22	19340
15	23	4708
15	24	-5084
15	25	-100
15	26	5804
15	27	-5372
15	28	-10036
15	29	7532
15	30	11420
15	31	908
15	32	-1396
15	33	3356
15	34	9692
15	35	15308
16	17	-3124
16	18	13580
16	19	3932
16	20	8396
16	21	1340
16	22	2548
16	23	-5860
16	24	-6436
16	25	-9116
16	26	5716
16	27	-6148
16	28	-14732
16	29	-1196
16	30	-10268
16	31	10612
16	32	7732
16	33	-7388
16	34	1828
16	35	-8972
17	18	-1340
17	19	-2060
17	20	-1340
17	21	5716
17	22	5948
17	23	7732
17	24	-2060
17	25	2060
17	26	7964
17	27	-2348
17	28	2492
17	29	4508
17	30	-1972
17	31	13436
17	32	5948
17	33	5516
17	34	-3700
17	35	7100
18	19	-3212
18	20	-2492
18	21	9748
18	22	7100
18	23	1396
18	24	-3212
18	25	-7156
18	26	3932
18	27	-8684
18	28	-11908
18	29	5660
18	30	-16372
18	31	9404
18	32	1916
18	33	1484
18	34	2636
18	35	8252
19	20	1972
19	21	-11708
19	22	2636
19	23	-9692
19	24	-9116
19	25	3932
19	26	-10900
19	27	-9404
19	28	4364
19	29	-3988
19	30	5084
19	31	-244
19	32	-7732
19	33	-2980
19	34	13724
19	35	-11764
20	21	-620
20	22	1916
20	23	-19340
20	24	-8396
20	25	-7156
20	26	9116
20	27	1684
20	28	-6724
20	29	-9892
20	30	-6004
20	31	9404
20	32	-8452
20	33	6668
20	34	7820
20	35	3068
21	22	-5140
21	23	-1916
21	24	9028
21	25	-3844
21	26	7244
21	27	-1628
21	28	1772
21	29	-1396
21	30	-13060
21	31	-2836
21	32	15596
21	33	-5572
21	34	764
21	35	6380
22	23	-1972
22	24	-7732
22	25	-2636
22	26	1828
22	27	-7444
22	28	-18620
22	29	100
22	30	6580
22	31	-3644
22	32	-6524
22	33	4276
22	34	3124
22	35	13060
23	24	-4508
23	25	4508
23	26	5228
23	27	5572
23	28	-244
23	29	22508
23	30	10844
23	31	332
23	32	3212
23	33	-7588
23	34	-6436
23	35	-820
24	25	3932
24	26	-532
24	27	964
24	28	9548
24	29	-3988
24	30	5084
24	31	-5428
24	32	18188
24	33	2204
24	34	-1828
24	35	-1396
25	26	5716
25	27	4220
25	28	820
25	29	-1196
25	30	15652
25	31	-15308
25	32	2548
25	33	-7388
25	34	-3356
25	35	-3788
26	27	4940
26	28	-5084
26	29	-7100
26	30	-5804
26	31	-476
26	32	7012
26	33	2260
26	34	6292
26	35	5860
27	28	4652
27	29	6668
27	30	10556
27	31	44
27	32	-2260
27	33	-2692
27	34	3644
27	35	9260
28	29	-6812
28	30	-332
28	31	-188
28	32	-3068
28	33	2548
28	34	6580
28	35	-9404
29	30	8020
29	31	8164
29	32	-5084
29	33	532
29	34	-5804
29	35	4132
30	31	-16460
30	32	1396
30	33	-3356
30	34	-4508
30	35	244
31	32	-8828
31	33	1972
31	34	6004
31	35	5572
32	33	-6092
32	34	-7244
32	35	-2492
33	34	3556
33	35	3124
34	35	-3212
