0	1	848
0	2	-32
0	3	-208
0	4	-496
0	5	80
0	6	-304
0	7	64
0	8	-32
0	9	-848
0	10	-560
0	11	-176
1	2	-496
1	3	-992
1	4	-704
1	5	-128
1	6	256
1	7	560
1	8	-496
1	9	-832
1	10	32
1	11	224
2	3	176
2	4	-112
2	5	464
2	6	80
2	7	-320
2	8	160
2	9	-80
2	10	-944
2	11	16
3	4	352
3	5	352
3	6	-416
3	7	-496
3	8	752
3	9	416
3	10	128
3	11	-256
4	5	-512
4	6	-128
4	7	-208
4	8	-112
4	9	704
4	10	-160
4	11	608
5	6	-128
5	7	368
5	8	-112
5	9	128
5	10	-160
5	11	32
6	7	560
6	8	80
6	9	320
6	10	32
6	11	224
7	8	-896
7	9	16
7	10	304
7	11	112
8	9	-80
8	10	208
8	11	-560
9	10	-32
9	11	352
10	11	-512
