0	1	-648
0	2	864
0	3	-432
0	4	-72
0	5	-288
0	6	-576
0	7	-288
0	8	1296
0	9	216
0	10	1224
0	12	-504
0	13	72
0	14	-648
0	15	1080
0	16	72
0	17	72
1	2	1512
1	3	1512
1	4	1872
1	5	1656
1	6	72
1	7	360
1	8	648
1	9	2160
1	10	-2016
1	11	648
1	12	1440
1	13	-576
1	15	432
1	16	2016
1	17	-576
2	4	936
2	5	-576
2	6	-1152
2	7	1152
2	8	1728
2	9	1944
2	10	-360
2	11	-864
2	12	936
2	13	-2232
2	14	-2376
2	15	648
2	16	360
2	17	-936
3	4	-504
3	5	144
3	6	1584
3	7	-720
3	8	432
3	9	2376
3	10	-1800
3	11	432
3	12	2520
3	13	-792
3	14	216
3	15	1512
3	16	1800
3	17	504
4	5	1080
4	6	-648
4	7	-360
4	8	1368
4	9	144
4	10	-144
4	11	1368
4	12	-432
4	13	1440
4	14	576
4	15	-1440
4	16	144
4	17	144
5	6	1584
5	8	-1008
5	9	-504
5	10	-216
5	11	288
5	12	-504
5	13	1512
5	14	1656
5	15	-792
5	16	216
5	17	1512
6	7	-864
6	8	-720
6	9	-360
6	10	-648
6	11	1872
6	12	72
6	13	648
6	14	72
6	15	-936
6	16	648
6	17	648
7	8	-1008
7	9	-72
7	10	-360
7	11	288
7	12	1080
7	13	-936
7	14	-936
7	15	72
7	16	-936
7	17	360
8	9	2376
8	10	1368
8	12	504
8	13	-1368
8	14	-648
8	15	216
8	16	1224
8	17	-72
9	10	144
9	11	-216
9	12	3168
9	13	-2736
9	14	-432
9	15	2160
9	16	2448
9	17	-144
10	11	72
10	12	-432
10	13	144
10	14	576
10	15	-144
10	16	-1152
10	17	1440
11	12	504
11	13	1224
11	14	648
11	15	-1080
11	16	-72
11	17	1224
12	13	-2160
12	14	144
12	15	2016
12	16	1728
12	17	432
13	14	720
13	15	-2448
13	16	-1440
13	17	-144
14	15	432
14	16	720
14	17	2016
15	16	1440
15	17	144
16	17	-1440
