0	1	10228
0	2	-20172
0	3	7052
0	4	-14412
0	5	-16652
0	6	-4492
0	7	7988
0	8	5932
0	9	4812
0	10	12468
0	11	-8308
0	12	-2572
0	13	-20812
0	14	4812
0	15	-5932
0	16	2548
0	17	-4628
0	18	-1748
0	19	-1452
0	20	10388
0	21	-1108
0	22	-17108
0	23	6732
0	24	9132
0	25	8148
0	26	4012
0	27	1452
0	28	-4788
0	29	9932
0	30	11828
0	31	7212
0	32	8308
0	33	-12012
0	34	-2892
0	35	-12972
0	36	-5452
0	37	-1748
0	38	17268
0	39	-7212
1	2	948
1	3	17932
1	4	-6092
1	5	4468
1	6	-8972
1	7	3508
1	8	-2388
1	9	2892
1	10	-4812
1	11	2572
1	12	5748
1	13	6708
1	14	-3508
1	15	8788
1	16	-1932
1	17	6252
1	18	2732
1	19	6868
1	20	-6892
1	21	-9428
1	22	6572
1	23	-1588
1	24	-5588
1	25	3668
1	26	2092
1	27	12332
1	28	-308
1	29	-4788
1	30	948
1	31	11692
1	32	3828
1	33	-16492
1	34	11828
1	35	-23852
1	36	-16332
1	37	2732
1	38	-12
1	39	1108
2	3	9932
2	4	1908
2	5	12468
2	6	-972
2	7	-14092
2	8	8812
2	9	1292
2	10	3188
2	11	-5428
2	12	948
2	13	8308
2	14	14092
2	15	3988
2	16	-6732
2	17	4652
2	18	-5268
2	19	-4332
2	20	-11692
2	21	-11028
2	22	-1428
2	23	-9588
2	24	5612
2	25	5268
2	26	19692
2	27	4332
2	28	-1908
2	29	12
2	30	-3852
2	31	3692
2	32	-13772
2	33	17108
2	34	628
2	35	3348
2	36	-1932
2	37	1132
2	38	1588
2	39	2708
3	4	-8628
3	5	12
3	6	652
3	7	-5428
3	8	-2092
3	9	-13772
3	10	-3508
3	11	5748
3	12	-7668
3	13	-2228
3	14	5428
3	15	-10708
3	16	12812
3	17	-10732
3	18	11988
3	19	10412
3	20	4972
3	21	-1452
3	22	-4652
3	23	-15692
3	24	-5292
3	25	7212
3	26	6228
3	27	2388
3	28	15028
3	29	6708
3	30	3532
3	31	3028
3	32	-5748
3	33	1772
3	34	11852
3	35	-3668
3	36	-17588
3	37	-7212
3	38	10892
3	39	16172
4	5	-972
4	6	-1612
4	7	-1932
4	8	-3348
4	9	-4468
4	10	2548
4	11	8012
4	12	-6092
4	13	-11532
4	14	1932
4	15	-15852
4	16	-13772
4	17	-7508
4	18	-11028
4	19	20628
4	20	-5932
4	21	2412
4	22	18412
4	23	3852
4	24	-148
4	25	-1772
4	26	1132
4	27	-1428
4	28	5132
4	29	7052
4	30	-4492
4	31	-2068
4	32	-1612
4	33	10068
4	34	-12
4	35	2708
4	36	10228
4	37	8172
4	38	7348
4	39	-10732
5	6	8948
5	7	-4172
5	8	11692
5	9	10572
5	10	308
5	11	3852
5	12	-14732
5	13	-972
5	14	-8628
5	15	-5292
5	16	-9612
5	17	7532
5	18	-2388
5	19	-812
5	20	-27372
5	21	-8148
5	22	-11348
5	23	-13108
5	24	14892
5	25	-4012
5	26	3372
5	27	-5588
5	28	13772
5	29	-9908
5	30	-13132
5	31	172
5	32	-3852
5	33	1428
5	34	23348
5	35	6868
5	36	1588
5	37	-2388
5	38	5108
5	39	-12972
6	7	1588
6	8	-6868
6	9	-1588
6	10	6068
6	11	-1908
6	12	-2572
6	13	-8012
6	14	-1588
6	15	-18732
6	16	-3852
6	17	-4628
6	18	11052
6	19	-7852
6	20	-2412
6	21	5292
6	22	-10708
6	23	332
6	24	15532
6	25	-4652
6	26	10412
6	27	-11348
6	28	-11188
6	29	9932
6	30	-972
6	31	-5588
6	32	-4492
6	33	788
6	34	16308
6	35	6228
6	36	948
6	37	11052
6	38	-14732
6	39	-812
7	8	-148
7	9	5132
7	10	5748
7	11	-1588
7	12	3508
7	13	-1932
7	14	5132
7	15	148
7	16	8628
7	17	21292
7	18	4972
7	19	-8172
7	20	3668
7	21	-788
7	22	21612
7	23	652
7	24	-9748
7	25	-11372
7	26	-2068
7	27	8172
7	28	-4468
7	29	3852
7	30	11508
7	31	-5268
7	32	-4812
7	33	-12332
7	34	-3212
7	35	-492
7	36	-5772
7	37	-7828
7	38	4148
7	39	-7532
8	9	6548
8	10	-4628
8	11	-5932
8	12	-8788
8	13	3052
8	14	-19052
8	15	972
8	16	5292
8	17	3188
8	18	-6092
8	19	-3508
8	20	-15348
8	21	6068
8	22	-9932
8	23	-20972
8	24	-4172
8	25	6092
8	26	13748
8	27	3508
8	28	-3052
8	29	-4972
8	30	2412
8	31	-15052
8	32	-13268
8	33	-18548
8	34	10732
8	35	1612
8	36	492
8	37	6708
8	38	22572
8	39	2252
9	10	652
9	11	-24012
9	12	9292
9	13	-17268
9	14	14068
9	15	6252
9	16	-8628
9	17	4308
9	18	1428
9	19	-4628
9	20	-3668
9	21	-18412
9	22	-15212
9	23	5748
9	24	16148
9	25	-1428
9	26	2068
9	27	-14572
9	28	-1932
9	29	-29452
9	30	1292
9	31	-7532
9	32	-7988
9	33	5932
9	34	9612
9	35	492
9	36	5772
9	37	14228
9	38	-10548
9	39	-5268
10	11	6732
10	12	-4812
10	13	-16652
10	14	652
10	15	-8172
10	16	308
10	17	-2388
10	18	492
10	19	2708
10	20	-11052
10	21	13932
10	22	-14868
10	23	8972
10	24	-1428
10	25	-492
10	26	-148
10	27	-2708
10	28	-8948
10	29	-628
10	30	3188
10	31	9452
10	32	-332
10	33	-1452
10	34	-11532
10	35	-8812
10	36	5108
10	37	6892
10	38	2228
10	39	-28652
11	12	8972
11	13	-4788
11	14	-17612
11	15	-468
11	16	10252
11	17	-8172
11	18	-11052
11	19	14252
11	20	-3988
11	21	20308
11	22	10708
11	23	-6732
11	24	3668
11	25	4652
11	26	-4012
11	27	4948
11	28	-8012
11	29	-3532
11	30	-5428
11	31	5588
11	32	-1908
11	33	-13588
11	34	2892
11	35	172
11	36	-7348
11	37	-11052
11	38	1932
11	39	-5588
12	13	6708
12	14	9292
12	15	15188
12	16	-1932
12	17	6252
12	18	-3668
12	19	-12332
12	20	-492
12	21	3372
12	22	6572
12	23	4812
12	24	-5588
12	25	-9132
12	26	-10708
12	27	5932
12	28	-13108
12	29	-4788
12	30	948
12	31	-1108
12	32	3828
12	33	9108
12	34	-972
12	35	-4652
12	36	-16332
12	37	9132
12	38	-6412
12	39	-5292
13	14	-17268
13	15	22548
13	16	-7372
13	17	11692
13	18	8172
13	19	-11372
13	20	-5932
13	21	8812
13	22	12012
13	23	-8948
13	24	-25748
13	25	4628
13	26	1132
13	27	4972
13	28	11532
13	29	7052
13	30	-10892
13	31	4332
13	32	-1612
13	33	-2732
13	34	-12
13	35	2708
13	36	-2572
13	37	1772
13	38	-5452
13	39	2068
14	15	-6548
14	16	-15028
14	17	-2092
14	18	20628
14	19	-4628
14	20	9132
14	21	-12012
14	22	3988
14	23	-652
14	24	3348
14	25	4972
14	26	2068
14	27	-1772
14	28	-1932
14	29	-10252
14	30	7692
14	31	11668
14	32	4812
14	33	25132
14	34	-9588
14	35	6892
14	36	5772
14	37	-4972
14	38	2252
14	39	13932
15	16	-5292
15	17	3212
15	18	6092
15	19	-9292
15	20	8948
15	21	332
15	22	3532
15	23	20972
15	24	-15028
15	25	6708
15	26	5452
15	27	2892
15	28	3052
15	29	-7828
15	30	-15212
15	31	-4148
15	32	6868
15	33	-7052
15	34	-10732
15	35	-1612
15	36	-6892
15	37	-308
15	38	-3372
15	39	-2252
16	17	7532
16	18	-15188
16	19	-812
16	20	11028
16	21	4652
16	22	1452
16	23	-6708
16	24	-4308
16	25	-4012
16	26	-3028
16	27	812
16	28	972
16	29	2892
16	30	-332
16	31	-19028
16	32	-16652
16	33	-17772
16	34	-2252
16	35	-5932
16	36	-11212
16	37	4012
16	38	-1292
16	39	6228
17	18	-1932
17	19	-20468
17	20	-6708
17	21	3828
17	22	7028
17	23	-4012
17	24	-12812
17	25	-4468
17	26	-7692
17	27	1268
17	28	1108
17	29	-812
17	30	-1748
17	31	1908
17	32	-4628
17	33	2892
17	34	12972
17	35	-8948
17	36	-3668
17	37	-8332
17	38	5612
17	39	-1908
18	19	8012
18	20	15372
18	21	7348
18	22	4148
18	23	-13292
18	24	-22092
18	25	-1588
18	26	-4172
18	27	4788
18	28	17428
18	29	-10092
18	30	1132
18	31	11828
18	32	4652
18	33	-628
18	34	9452
18	35	-6068
18	36	5612
18	37	-4812
18	38	8492
18	39	26572
19	20	-5772
19	21	2252
19	22	5452
19	23	-2708
19	24	-6708
19	25	-8012
19	26	7372
19	27	-1588
19	28	24172
19	29	-5908
19	30	21268
19	31	4172
19	32	-7852
19	33	-8972
19	34	148
19	35	-3532
19	36	10388
19	37	8012
19	38	-5292
19	39	8628
20	21	-9588
20	22	6412
20	23	11052
20	24	652
20	25	-2572
20	26	-4468
20	27	18572
20	28	-468
20	29	1452
20	30	1108
20	31	-1268
20	32	3988
20	33	-3532
20	34	-7212
20	35	-10892
20	36	-9772
20	37	-10228
20	38	12948
20	39	14068
21	22	-2892
21	23	-7532
21	24	-22732
21	25	18252
21	26	1588
21	27	-15052
21	28	-2412
21	29	-4332
21	30	1772
21	31	4788
21	32	-7508
21	33	-6388
21	34	3692
21	35	972
21	36	-148
21	37	-5452
21	38	-3668
21	39	-4788
22	23	-17132
22	24	-13132
22	25	-10548
22	26	-14412
22	27	13748
22	28	788
22	29	-1132
22	30	-1428
22	31	1588
22	32	-4308
22	33	-3188
22	34	-5908
22	35	-2228
22	36	-3348
22	37	-2252
22	38	5932
22	39	11212
23	24	1428
23	25	-5908
23	26	12948
23	27	-10092
23	28	-10252
23	29	13428
23	30	-3188
23	31	-3052
23	32	25932
23	33	7852
23	34	-20468
23	35	8812
23	36	-5108
23	37	5908
23	38	-15028
23	39	-16148
24	25	-3508
24	26	10548
24	27	-6092
24	28	-12652
24	29	-8172
24	30	-788
24	31	-11852
24	32	-3668
24	33	3852
24	34	1132
24	35	4812
24	36	3692
24	37	-2892
24	38	172
24	39	-7348
25	26	10572
25	27	-11188
25	28	1772
25	29	-9108
25	30	-26732
25	31	972
25	32	1748
25	33	-5772
25	34	3348
25	35	-332
25	36	788
25	37	-1588
25	38	-2092
25	39	-7372
26	27	-20172
26	28	-1132
26	29	3348
26	30	6892
26	31	-332
26	32	4012
26	33	-7668
26	34	8812
26	35	18892
26	36	4972
26	37	8628
26	38	-4948
26	39	-6068
27	28	1428
27	29	12308
27	30	4332
27	31	2228
27	32	1452
27	33	-10228
27	34	-12948
27	35	-22068
27	36	2412
27	37	-14412
27	38	24492
27	39	4172
28	29	5748
28	30	-1908
28	31	-4332
28	32	-4788
28	33	2732
28	34	6412
28	35	3692
28	36	8972
28	37	-1772
28	38	11852
28	39	4332
29	30	6412
29	31	6548
29	32	9932
29	33	4652
29	34	-4468
29	35	5612
29	36	4492
29	37	-10092
29	38	972
29	39	-6548
30	31	16492
30	32	-13772
30	33	-2092
30	34	-5772
30	35	-3052
30	36	10868
30	37	-11668
30	38	-11212
30	39	15508
31	32	7212
31	33	1932
31	34	12012
31	35	-3508
31	36	14572
31	37	-13772
31	38	-8148
31	39	3532
32	33	788
32	34	-2892
32	35	-172
32	36	-5452
32	37	-1748
32	38	4468
32	39	-7212
33	34	-10412
33	35	11508
33	36	-6572
33	37	-7028
33	38	-3052
33	39	-1932
34	35	-4972
34	36	-3852
34	37	9452
34	38	-332
34	39	788
35	36	11668
35	37	6732
35	38	-4012
35	39	3508
36	37	-7188
36	38	-9292
36	39	4628
37	38	-4308
37	39	-5428
38	39	1748
