0	1	-2744
0	2	-14104
0	3	-8456
0	4	-7384
0	5	-3336
0	6	1256
0	7	-6856
0	8	4184
0	9	2856
0	10	-24184
0	11	-2424
0	12	21576
0	13	-8984
0	14	-2424
0	15	-23336
0	16	-6216
0	17	11016
0	18	-4936
0	19	1256
0	20	3704
0	21	4824
0	22	-9944
0	23	11704
0	24	7496
0	25	-11976
0	26	19976
0	27	11816
0	28	-5464
0	29	-14424
0	30	-5896
0	31	-2056
0	32	9096
0	33	504
0	34	8184
0	35	-23016
0	36	-984
0	37	2744
0	38	-776
0	39	-184
1	2	13944
1	3	8616
1	4	824
1	5	9896
1	6	4984
1	7	7016
1	8	-10424
1	9	3384
1	10	-1576
1	11	2264
1	12	-2536
1	13	15224
1	14	-4136
1	15	10696
1	16	-12824
1	17	1624
1	18	5096
1	19	-14216
1	20	9256
1	21	1736
1	22	-3016
1	23	14056
1	24	-1256
1	25	-664
1	26	-936
1	27	-11976
1	28	5304
1	29	1464
1	30	-344
1	31	2216
1	32	-9256
1	33	-344
1	34	-8024
1	35	3976
1	36	824
1	37	10216
1	38	936
1	39	-6376
2	3	-2744
2	4	-616
2	5	4936
2	6	-2856
2	7	2056
2	8	-2584
2	9	-10856
2	10	16184
2	11	824
2	12	-10376
2	13	7384
2	14	-5576
2	15	5736
2	16	1416
2	17	184
2	18	6536
2	19	-9256
2	20	4296
2	21	15976
2	22	14744
2	23	-3704
2	24	-9096
2	25	7176
2	26	10424
2	27	-7016
2	28	10264
2	29	24
2	30	1096
2	31	10056
2	32	-17096
2	33	-11704
2	34	-184
2	35	5416
2	36	-19816
2	37	-1144
2	38	8776
2	39	4984
3	4	3976
3	5	4504
3	6	6216
3	7	7384
3	8	-7176
3	9	7816
3	10	-24
3	11	8936
3	12	-5464
3	13	-4024
3	14	-3864
3	15	-9096
3	16	-23976
3	17	3176
3	18	9304
3	19	-184
3	20	-7656
3	21	6264
3	22	-4984
3	23	344
3	24	-19544
3	25	2264
3	26	5736
3	27	-2424
3	28	12296
3	29	3336
3	30	14744
3	31	-13416
3	32	14056
3	33	-10856
3	34	16024
3	35	10424
3	36	-2424
3	37	-2216
3	38	664
3	39	17576
4	5	-1144
4	6	3224
4	7	-4024
4	8	-15064
4	9	1624
4	10	3064
4	11	504
4	12	-17096
4	13	-18536
4	14	504
4	15	-344
4	16	8136
4	17	-136
4	18	19656
4	19	-3176
4	20	11016
4	21	16296
4	22	1624
4	23	-3384
4	24	-3016
4	25	1096
4	26	-2696
4	27	5464
4	28	-15656
4	29	-296
4	30	-4984
4	31	-2424
4	32	-4616
4	33	7816
4	34	136
4	35	12136
4	36	11864
4	37	-7224
4	38	-10104
4	39	4664
5	6	-18104
5	7	-19496
5	8	-14856
5	9	-3704
5	10	-5144
5	11	3816
5	12	2216
5	13	10056
5	14	-2584
5	15	8824
5	16	-6056
5	17	4456
5	18	14424
5	19	-5304
5	20	-8936
5	21	-1416
5	22	9096
5	23	-7336
5	24	-5464
5	25	26584
5	26	7016
5	27	-1144
5	28	7176
5	29	17416
5	30	664
5	31	-14696
5	32	8936
5	33	-5736
5	34	-4456
5	35	-10056
5	36	-7544
5	37	2904
5	38	5784
5	39	-6744
6	7	17416
6	8	-24
6	9	5784
6	10	-11976
6	11	-1736
6	12	-6536
6	13	-7976
6	14	-8136
6	15	-10904
6	16	3976
6	17	10424
6	18	-3704
6	19	984
6	20	456
6	21	5736
6	22	-616
6	23	18056
6	24	7544
6	25	-9464
6	26	-11336
6	27	-15976
6	28	-11496
6	29	-8936
6	30	3656
6	31	12616
6	32	5944
6	33	-2744
6	34	8776
6	35	1576
6	36	-3176
6	37	1416
6	38	-20664
6	39	15224
7	8	7224
7	9	6216
7	10	17576
7	11	936
7	12	5736
7	13	-5624
7	14	-5464
7	15	-7496
7	16	3224
7	17	7976
7	18	-8296
7	19	-1784
7	20	344
7	21	7864
7	22	-184
7	23	1944
7	24	10856
7	25	-21736
7	26	-8664
7	27	-4024
7	28	-8504
7	29	-11064
7	30	3544
7	31	7384
7	32	-6744
7	33	3544
7	34	-1576
7	35	5624
7	36	2376
7	37	-616
7	38	-4136
7	39	9576
8	9	1576
8	10	136
8	11	2696
8	12	20296
8	13	-10264
8	14	21896
8	15	-2856
8	16	-11336
8	17	3336
8	18	-16456
8	19	-24
8	20	-1416
8	21	-6696
8	22	-4824
8	23	12984
8	24	6216
8	25	-10696
8	26	-504
8	27	4136
8	28	-6744
8	29	-22104
8	30	-11016
8	31	12024
8	32	14216
8	33	8184
8	34	3064
8	35	-8936
8	36	10536
8	37	4024
8	38	-12296
8	39	-7864
9	10	5624
9	11	3064
9	12	-14536
9	13	-9576
9	14	9464
9	15	3496
9	16	-824
9	17	2424
9	18	-2104
9	19	-13416
9	20	-4344
9	21	-11864
9	22	-27816
9	23	-5944
9	24	5944
9	25	-7864
9	26	-6536
9	27	-4776
9	28	-6696
9	29	-4136
9	30	11656
9	31	14216
9	32	17144
9	33	11656
9	34	-8824
9	35	3176
9	36	-4776
9	37	3016
9	38	136
9	39	7224
10	11	-1896
10	12	-6696
10	13	-1736
10	14	-1896
10	15	8456
10	16	10536
10	17	-15336
10	18	2856
10	19	-11976
10	20	-5784
10	21	5896
10	22	-776
10	23	-13784
10	24	-5416
10	25	3496
10	26	-11496
10	27	-9736
10	28	-5256
10	29	3704
10	30	-2584
10	31	-24
10	32	-7016
10	33	-2584
10	34	2536
10	35	14536
10	36	9464
10	37	-4824
10	38	5096
10	39	8664
11	12	-9256
11	13	8504
11	14	1944
11	15	-1784
11	16	296
11	17	1304
11	18	-984
11	19	4664
11	20	-3224
11	21	8456
11	22	3064
11	23	7976
11	24	-14376
11	25	12456
11	26	-7656
11	27	13304
11	28	-7816
11	29	1144
11	30	6376
11	31	-10264
11	32	3224
11	33	6376
11	34	11496
11	35	-2104
11	36	504
11	37	10536
11	38	1256
11	39	6104
12	13	-2696
12	14	-2856
12	15	-3384
12	16	-14104
12	17	9304
12	18	-8984
12	19	-136
12	20	1576
12	21	456
12	22	-1736
12	23	6376
12	24	6424
12	25	-8344
12	26	6744
12	27	8504
12	28	184
12	29	-10056
12	30	-1624
12	31	936
12	32	-1576
12	33	4776
12	34	3496
12	35	-10104
12	36	8504
12	37	2536
12	38	-13144
12	39	-5096
13	14	8504
13	15	10856
13	16	6536
13	17	7864
13	18	-7544
13	19	-1576
13	20	3016
13	21	1896
13	22	3224
13	23	20616
13	24	11384
13	25	12296
13	26	-7496
13	27	-18536
13	28	5144
13	29	26904
13	30	-184
13	31	2376
13	32	-3016
13	33	-184
13	34	-7864
13	35	16936
13	36	-18536
13	37	-2424
13	38	7496
13	39	-12936
14	15	17416
14	16	-12504
14	17	7704
14	18	-7384
14	19	-20936
14	20	9576
14	21	2056
14	22	-9736
14	23	20776
14	24	-1576
14	25	-344
14	26	-7656
14	27	504
14	28	-1416
14	29	1144
14	30	-6424
14	31	-3864
14	32	22424
14	33	12776
14	34	-14104
14	35	4296
14	36	6904
14	37	-8664
14	38	7656
14	39	-19496
15	16	-456
15	17	-7544
15	18	824
15	19	-17304
15	20	-3336
15	21	-8616
15	22	9896
15	23	-1736
15	24	-4664
15	25	12984
15	26	-11384
15	27	6056
15	28	-11224
15	29	18216
15	30	-6536
15	31	10104
15	32	3336
15	33	-136
15	34	-11656
15	35	1944
15	36	-344
15	37	-10696
15	38	4984
15	39	-12344
16	17	7336
16	18	11544
16	19	16776
16	20	7384
16	21	-4296
16	22	18376
16	23	-16616
16	24	10216
16	25	10904
16	26	3496
16	27	-4664
16	28	-9144
16	29	7496
16	30	-2216
16	31	14424
16	32	-984
16	33	4184
16	34	-936
16	35	-136
16	36	-4664
16	37	6424
16	38	-3496
16	39	2536
17	18	12456
17	19	-2376
17	20	3816
17	21	2696
17	22	-3976
17	23	8616
17	24	16984
17	25	-6104
17	26	4504
17	27	-12936
17	28	-8456
17	29	-12296
17	30	7016
17	31	3176
17	32	2584
17	33	19816
17	34	-664
17	35	4936
17	36	6264
17	37	-1624
17	38	-4504
17	39	11864
18	19	-3704
18	20	2264
18	21	-15816
18	22	-8504
18	23	-21736
18	24	-10264
18	25	-7016
18	26	21416
18	27	456
18	28	2376
18	29	12616
18	30	-936
18	31	-3496
18	32	4136
18	33	-936
18	34	19544
18	35	7544
18	36	13256
18	37	14104
18	38	4184
18	39	14056
19	20	456
19	21	-7064
19	22	5784
19	23	-1144
19	24	7544
19	25	9736
19	26	1464
19	27	3224
19	28	-5096
19	29	-2536
19	30	3656
19	31	-184
19	32	-6856
19	33	3656
19	34	-4024
19	35	-4824
19	36	3224
19	37	1416
19	38	-7864
19	39	-10376
20	21	12024
20	22	2056
20	23	6104
20	24	19496
20	25	-11176
20	26	19176
20	27	-8184
20	28	12936
20	29	-2424
20	30	-5096
20	31	5144
20	32	8296
20	33	14104
20	34	-16616
20	35	3384
20	36	-8184
20	37	-2856
20	38	24
20	39	-20184
21	22	13736
21	23	13624
21	24	-824
21	25	9144
21	26	-1144
21	27	3496
21	28	-7384
21	29	-3544
21	30	2424
21	31	-6536
21	32	-5624
21	33	2424
21	34	-9096
21	35	4504
21	36	-9304
21	37	-27336
21	38	-5256
21	39	4296
22	23	-5944
22	24	-6856
22	25	17736
22	26	6264
22	27	1624
22	28	-296
22	29	2264
22	30	-1144
22	31	1416
22	32	-2056
22	33	-13944
22	34	-2424
22	35	-9624
22	36	-17576
22	37	3016
22	38	136
22	39	-5576
23	24	5096
23	25	-3176
23	26	-14424
23	27	-9784
23	28	-14264
23	29	-4024
23	30	-9896
23	31	344
23	32	6696
23	33	-3496
23	34	-2216
23	35	-1416
23	36	-3384
23	37	-7656
23	38	-11176
23	39	-8984
24	25	-9624
24	26	1624
24	27	-22216
24	28	-11336
24	29	-2376
24	30	3496
24	31	25256
24	32	-296
24	33	22696
24	34	-23384
24	35	7816
24	36	-3016
24	37	-5144
24	38	-8024
24	39	-3816
25	26	-3544
25	27	1096
25	28	3016
25	29	13256
25	30	-1576
25	31	2264
25	32	-1624
25	33	-14376
25	34	-13096
25	35	-12296
25	36	-11704
25	37	-12136
25	38	9944
25	39	-4504
26	27	3704
26	28	20984
26	29	-2056
26	30	-9624
26	31	5736
26	32	6424
26	33	-9624
26	34	8296
26	35	-11704
26	36	-15496
26	37	13736
26	38	17256
26	39	2904
27	28	-2856
27	29	-6696
27	30	7816
27	31	-8824
27	32	-4616
27	33	-4984
27	34	6536
27	35	-19864
27	36	5464
27	37	5576
27	38	-10104
27	39	-8136
28	29	10584
28	30	9736
28	31	5896
28	32	-136
28	33	-3064
28	34	-4344
28	35	-5144
28	36	-15656
28	37	13896
28	38	11016
28	39	-10056
29	30	776
29	31	3336
29	32	2424
29	33	-5624
29	34	-504
29	35	5096
29	36	-19496
29	37	-1464
29	38	8456
29	39	-7496
30	31	1944
30	32	5096
30	33	10904
30	34	-7016
30	35	6584
30	36	7816
30	37	6744
30	38	-9576
30	39	2216
31	32	1256
31	33	1944
31	34	-9576
31	35	-8776
31	36	-15224
31	37	4184
31	38	-12136
31	39	-1624
32	33	-1304
32	34	3816
32	35	-3384
32	36	1784
32	37	-3544
32	38	-24
32	39	-5416
33	34	-19816
33	35	12984
33	36	20616
33	37	344
33	38	-15976
33	39	-10584
34	35	-11336
34	36	6536
34	37	14424
34	38	-14696
34	39	20136
35	36	5736
35	37	-3976
35	38	5304
35	39	12936
36	37	-824
36	38	-10104
36	39	-1736
37	38	-7336
37	39	6376
38	39	3496
