0	1	7196
0	2	956
0	3	-3204
0	4	6076
0	5	3684
0	6	-11196
0	7	1604
0	8	-4644
0	9	6404
0	10	-6236
0	11	1596
0	12	-3836
0	13	6716
0	14	-12476
0	15	-7364
0	16	-9916
0	17	-4796
0	18	-9444
0	19	12156
0	20	-13764
0	21	-5764
0	22	3356
0	23	-3204
0	24	13916
0	25	3524
0	26	-13116
0	27	3044
0	28	-1916
0	29	-804
0	30	4796
0	31	-9444
0	32	-4804
0	33	2724
0	34	-964
0	35	6396
0	36	-1284
0	37	4804
0	38	-4324
0	39	-25756
1	2	4644
1	3	-16796
1	4	-6876
1	5	-9284
1	6	-804
1	7	-804
1	8	10244
1	9	13596
1	10	7036
1	11	-2396
1	12	17436
1	13	-1116
1	14	476
1	15	164
1	16	4316
1	17	5596
1	18	8644
1	19	12644
1	20	-12636
1	21	-1436
1	22	-16956
1	23	-3996
1	24	-1916
1	25	-9124
1	26	7516
1	27	-8644
1	28	9116
1	29	4
1	30	7204
1	31	2244
1	32	4004
1	33	4476
1	34	6564
1	35	5604
1	36	484
1	37	8796
1	38	3524
1	39	956
2	3	2244
2	4	-7036
2	5	16476
2	6	5756
2	7	-13444
2	8	-9116
2	9	-5444
2	10	-5604
2	11	3844
2	12	4796
2	13	-1276
2	14	636
2	15	-6396
2	16	4476
2	17	-13444
2	18	8484
2	19	-316
2	20	-6396
2	21	11204
2	22	-10716
2	23	-4156
2	24	-2076
2	25	-2564
2	26	7676
2	27	-8484
2	28	2876
2	29	-12956
2	30	644
2	31	-23516
2	32	-2556
2	33	4636
2	34	4
2	35	-7356
2	36	-18876
2	37	-29444
2	38	-15836
2	39	-5284
3	4	-15676
3	5	12316
3	6	-4804
3	7	1596
3	8	-11356
3	9	-9604
3	10	-9764
3	11	14404
3	12	-12164
3	13	-9916
3	14	-3524
3	15	-2236
3	16	13116
3	17	-4804
3	18	-6556
3	19	-2556
3	20	4164
3	21	15364
3	22	-156
3	23	-12796
3	24	-10716
3	25	-13124
3	26	-2884
3	27	-6244
3	28	5116
3	29	4004
3	30	-7996
3	31	6244
3	32	-30396
3	33	-25124
3	34	-21436
3	35	-3196
3	36	-8316
3	37	-8004
3	38	1124
3	39	16156
4	5	2396
4	6	4476
4	7	-14724
4	8	-7836
4	9	-6724
4	10	5916
4	11	-7676
4	12	9916
4	13	4
4	14	-644
4	15	7684
4	16	-3204
4	17	4476
4	18	-15836
4	19	7364
4	20	7684
4	21	-19516
4	22	3364
4	23	-9276
4	24	5604
4	25	8956
4	26	-6404
4	27	9436
4	28	-4804
4	29	13924
4	30	1924
4	31	-3036
4	32	17924
4	33	3356
4	34	7684
4	35	-18876
4	36	-4796
4	37	1276
4	38	-8156
4	39	-12964
5	6	5284
5	7	-20316
5	8	4476
5	9	3684
5	10	3844
5	11	10716
5	12	-6556
5	13	-3364
5	14	-2396
5	15	8156
5	16	-6236
5	17	-13916
5	18	-6724
5	19	8476
5	20	-4644
5	21	9756
5	22	-6724
5	23	-19684
5	24	10236
5	25	-11996
5	26	-3036
5	27	-6076
5	28	8164
5	29	8316
5	30	1116
5	31	-13124
5	32	-8484
5	33	-19196
5	34	-11044
5	35	-10084
5	36	-11364
5	37	-10716
5	38	4796
5	39	16324
6	7	-3196
6	8	12956
6	9	-11196
6	10	8164
6	11	6396
6	12	-2236
6	13	-1284
6	14	-4476
6	15	3836
6	16	10884
6	17	3204
6	18	1756
6	19	4156
6	20	3836
6	21	-7364
6	22	1756
6	23	-4804
6	24	-6884
6	25	5124
6	26	1284
6	27	-8156
6	28	-316
6	29	-2404
6	30	22396
6	31	1756
6	32	6396
6	33	17124
6	34	10236
6	35	-1604
6	36	16316
6	37	4
6	38	476
6	39	7844
7	8	156
7	9	1604
7	10	-11036
7	11	6396
7	12	-8636
7	13	-1284
7	14	-4476
7	15	-15364
7	16	4484
7	17	16004
7	18	8156
7	19	4156
7	20	10236
7	21	-7364
7	22	8156
7	23	20796
7	24	-484
7	25	-1276
7	26	1284
7	27	-1756
7	28	-6716
7	29	3996
7	30	3196
7	31	1756
7	32	-6404
7	33	4324
7	34	10236
7	35	4796
7	36	9916
7	37	12804
7	38	476
7	39	-4956
8	9	27356
8	10	7996
8	11	3044
8	12	5596
8	13	-8476
8	14	1436
8	15	-796
8	16	11676
8	17	12956
8	18	1284
8	19	5284
8	20	-796
8	21	-2396
8	22	7684
8	23	-4956
8	24	-9276
8	25	-1764
8	26	-4324
8	27	-1284
8	28	-9124
8	29	11844
8	30	12644
8	31	7684
8	32	-3356
8	33	-964
8	34	5604
8	35	4644
8	36	5924
8	37	9756
8	38	8964
8	39	8316
9	10	6564
9	11	7996
9	12	8964
9	13	-6084
9	14	-6076
9	15	-7364
9	16	9284
9	17	1604
9	18	-3044
9	19	5756
9	20	-7364
9	21	636
9	22	-3044
9	23	-9604
9	24	-11684
9	25	-28476
9	26	-316
9	27	-3356
9	28	-8316
9	29	5596
9	30	4796
9	31	9756
9	32	1596
9	33	2724
9	34	11836
9	35	12796
9	36	11516
9	37	-1596
9	38	2076
9	39	6244
10	11	1436
10	12	-10076
10	13	156
10	14	6884
10	15	5276
10	16	3044
10	17	1764
10	18	9596
10	19	18396
10	20	-7524
10	21	-18724
10	22	3196
10	23	-3364
10	24	-5444
10	25	-9116
10	26	6244
10	27	-3196
10	28	4644
10	29	-964
10	30	17436
10	31	9596
10	32	20636
10	33	-3516
10	34	11676
10	35	-19364
10	36	4956
10	37	4964
10	38	21116
10	39	12804
11	12	-7364
11	13	-8316
11	14	7676
11	15	5764
11	16	11516
11	17	-4
11	18	-4956
11	19	5444
11	20	12164
11	21	-2236
11	22	-4956
11	23	-17596
11	24	-15516
11	25	-21124
11	26	-4484
11	27	-1444
11	28	3516
11	29	-796
11	30	6404
11	31	-11356
11	32	-3196
11	33	-13924
11	34	-7036
11	35	4804
11	36	6084
11	37	9596
11	38	15524
11	39	27356
12	13	-2244
12	14	9284
12	15	9276
12	16	-13756
12	17	4164
12	18	13596
12	19	-3204
12	20	2876
12	21	-1924
12	22	-5604
12	23	-5764
12	24	11356
12	25	-6716
12	26	-4156
12	27	-7196
12	28	13444
12	29	9436
12	30	-4164
12	31	796
12	32	-7364
12	33	11684
12	34	15676
12	35	-2564
12	36	8956
12	37	7364
12	38	-13284
12	39	-10396
13	14	12796
13	15	-12156
13	16	3836
13	17	11516
13	18	2724
13	19	6724
13	20	-5756
13	21	-956
13	22	21924
13	23	15684
13	24	4964
13	25	3196
13	26	-12164
13	27	-2724
13	28	2236
13	29	-5916
13	30	-5116
13	31	-3676
13	32	10884
13	33	10396
13	34	-5756
13	35	-13116
13	36	-5436
13	37	14716
13	38	-2396
13	39	-12324
14	15	11516
14	16	-9596
14	17	1924
14	18	-9764
14	19	5436
14	20	11516
14	21	13116
14	22	9436
14	23	2876
14	24	-18404
14	25	-8956
14	26	6404
14	27	3364
14	28	-7996
14	29	-1124
14	30	4476
14	31	-3364
14	32	-5124
14	33	-3356
14	34	5116
14	35	-19524
14	36	4796
14	37	5124
14	38	8156
14	39	6564
15	16	-3844
15	17	-15364
15	18	-15196
15	19	-4796
15	20	-4476
15	21	324
15	22	-8796
15	23	-8636
15	24	-156
15	25	8316
15	26	12156
15	27	2396
15	28	7356
15	29	14564
15	30	8964
15	31	-2396
15	32	-636
15	33	-10084
15	34	-4476
15	35	964
15	36	2244
15	37	-5764
15	38	-1116
15	39	18396
16	17	4484
16	18	6876
16	19	2876
16	20	2556
16	21	4156
16	22	476
16	23	6716
16	24	-14564
16	25	-6396
16	26	-10236
16	27	-476
16	28	-11836
16	29	2716
16	30	8316
16	31	6876
16	32	5116
16	33	-796
16	34	-16644
16	35	3516
16	36	-16964
16	37	1284
16	38	-804
16	39	21924
17	18	20956
17	19	-2244
17	20	3836
17	21	-7364
17	22	8156
17	23	14396
17	24	-484
17	25	-1276
17	26	-11516
17	27	-20956
17	28	-6716
17	29	-8804
17	30	-3204
17	31	1756
17	32	6396
17	33	4324
17	34	-2564
17	35	-1604
17	36	9916
17	37	6404
17	38	476
17	39	1444
18	19	-9116
18	20	-2396
18	21	-3996
18	22	-316
18	23	25444
18	24	21124
18	25	-6564
18	26	-2724
18	27	-18884
18	28	5276
18	29	-15356
18	30	-1756
18	31	-316
18	32	-4956
18	33	19836
18	34	-2396
18	35	3044
18	36	-8476
18	37	11356
18	38	964
18	39	-2884
19	20	-17596
19	21	-12796
19	22	16484
19	23	-8956
19	24	-13276
19	25	-4164
19	26	-6724
19	27	2716
19	28	-5124
19	29	1444
19	30	-4156
19	31	-2716
19	32	5444
19	33	-3364
19	34	20804
19	35	-18556
19	36	-4476
19	37	7356
19	38	17764
19	39	5916
20	21	-12476
20	22	-8796
20	23	-8636
20	24	-6556
20	25	-4484
20	26	-19844
20	27	8796
20	28	-5444
20	29	-4636
20	30	-3836
20	31	-2396
20	32	5764
20	33	-3684
20	34	-4476
20	35	-5436
20	36	8644
20	37	7036
20	38	-1116
20	39	5596
21	22	-10396
21	23	8964
21	24	-1756
21	25	-15684
21	26	13756
21	27	-2404
21	28	2556
21	29	-6236
21	30	964
21	31	-3996
21	32	-21436
21	33	-2084
21	34	-25276
21	35	5764
21	36	-5756
21	37	-16964
21	38	-9116
21	39	796
22	23	19044
22	24	-4476
22	25	12636
22	26	-15524
22	27	19516
22	28	-13924
22	29	-2556
22	30	-8156
22	31	-316
22	32	-4956
22	33	13436
22	34	4004
22	35	-9756
22	36	4324
22	37	17756
22	38	7364
22	39	-9284
23	24	14884
23	25	12476
23	26	3516
23	27	6556
23	28	-7684
23	29	-8796
23	30	-1596
23	31	-6556
23	32	8004
23	33	26076
23	34	-8636
23	35	3204
23	36	-8316
23	37	11196
23	38	-5276
23	39	-15844
24	25	10396
24	26	1436
24	27	4476
24	28	9436
24	29	-316
24	30	6884
24	31	-4476
24	32	3684
24	33	11196
24	34	-12956
24	35	5284
24	36	-12636
24	37	2716
24	38	-22396
24	39	-17924
25	26	-9596
25	27	6564
25	28	-4796
25	29	2076
25	30	-11524
25	31	6236
25	32	10876
25	33	6244
25	34	1916
25	35	2876
25	36	-11204
25	37	1924
25	38	-1444
25	39	-15836
26	27	-3676
26	28	4164
26	29	5916
26	30	17916
26	31	3676
26	32	-4484
26	33	-3996
26	34	12156
26	35	316
26	36	-964
26	37	-8316
26	38	-4004
26	39	-476
27	28	-5276
27	29	-3844
27	30	1756
27	31	316
27	32	11356
27	33	-636
27	34	-4004
27	35	-3044
27	36	2076
27	37	7844
27	38	-964
27	39	-9916
28	29	20316
28	30	6716
28	31	5276
28	32	3516
28	33	-11996
28	34	-5444
28	35	-4484
28	36	636
28	37	2884
28	38	-8804
28	39	-8476
29	30	2404
29	31	3844
29	32	-7196
29	33	-16324
29	34	1764
29	35	-5596
29	36	-4316
29	37	7196
29	38	-1276
29	39	-644
30	31	4644
30	32	6404
30	33	2076
30	34	8964
30	35	-4796
30	36	9284
30	37	-4
30	38	-13276
30	39	4956
31	32	1444
31	33	636
31	34	10404
31	35	-3356
31	36	4324
31	37	11356
31	38	7364
31	39	-2884
32	33	5276
32	34	5764
32	35	-7996
32	36	-316
32	37	-3204
32	38	-3676
32	39	1756
33	34	9116
33	35	10076
33	36	8796
33	37	1124
33	38	-13444
33	39	-23036
34	35	-11836
34	36	15044
34	37	7036
34	38	11684
34	39	-7204
35	36	20484
35	37	1596
35	38	-14876
35	39	6556
36	37	6716
36	38	-796
36	39	5276
37	38	22876
37	39	-1756
38	39	15036
