0	1	176
0	2	-944
0	3	1936
0	4	2672
0	5	1808
0	6	368
0	7	-16
0	8	368
0	9	2128
0	10	112
0	11	-1744
0	12	592
0	13	-3152
0	14	2992
0	15	2896
0	16	4144
0	17	-2768
0	18	-2128
0	19	-2800
0	20	976
0	21	-1520
0	22	-1616
0	23	1552
1	2	-1712
1	3	3472
1	4	1136
1	5	272
1	6	-3472
1	7	752
1	8	-1168
1	9	1360
1	10	1648
1	11	1328
1	12	-4784
1	13	688
1	14	-80
1	15	-176
1	16	1072
1	17	3376
1	18	-1360
1	19	272
1	20	208
1	21	2320
1	22	-2384
1	23	784
2	3	-400
2	4	-1904
2	5	1264
2	6	400
2	7	-1520
2	8	400
2	9	-592
2	10	-880
2	11	4816
2	12	-1360
2	13	-2224
2	14	-1456
2	15	944
2	16	-4912
2	17	-304
2	18	-4016
2	19	3568
2	20	2864
2	21	752
2	22	848
2	23	-2320
3	4	976
3	5	1840
3	6	976
3	7	-944
3	8	976
3	9	3440
3	10	848
3	11	-1520
3	12	-4240
3	13	-496
3	14	2576
3	15	368
3	16	1424
3	17	1424
3	18	1168
3	19	1840
3	20	-16
3	21	2480
3	22	-2032
3	23	-592
4	5	464
4	6	-976
4	7	944
4	8	-976
4	9	3472
4	10	3760
4	11	-784
4	12	-368
4	13	496
4	14	-272
4	15	-368
4	16	880
4	17	-1424
4	18	1136
4	19	-1840
4	20	16
4	21	2128
4	22	2032
4	23	592
5	6	-1840
5	7	80
5	8	-1840
5	9	2032
5	10	-2288
5	11	-1648
5	12	-4112
5	13	3664
5	14	592
5	15	-1808
5	16	1744
5	17	1744
5	18	2576
5	19	-400
5	20	3184
5	21	688
5	22	592
5	23	-848
6	7	-1360
6	8	1328
6	9	1168
6	10	-848
6	11	-3088
6	12	1936
6	13	-1808
6	14	2032
6	15	1936
6	16	880
6	17	-3728
6	18	1136
6	19	464
6	20	16
6	21	-176
6	22	-272
6	23	-1712
7	8	-1360
7	9	1552
7	10	-464
7	11	-1168
7	12	-2288
7	13	880
7	14	2416
7	15	16
7	16	1264
7	17	-3344
7	18	752
7	19	80
7	20	5008
7	21	-2096
7	22	2416
7	23	3280
8	9	-1136
8	10	1456
8	11	-784
8	12	1936
8	13	-1808
8	14	-272
8	15	1936
8	16	880
8	17	880
8	18	-1168
8	19	464
8	20	-2288
8	21	-2480
8	22	2032
8	23	-1712
9	10	656
9	11	-1328
9	12	-4432
9	13	-688
9	14	2384
9	15	-2128
9	16	1232
9	17	-1072
9	18	1360
9	19	-272
9	20	2096
9	21	2288
9	22	80
9	23	1520
10	11	1264
10	12	-112
10	13	1328
10	14	-2512
10	15	2192
10	16	-1360
10	17	-1360
10	18	1648
10	19	-2288
10	20	-2800
10	21	2000
10	22	-208
10	23	-1072
11	12	-560
11	13	-2000
11	14	-2768
11	15	-560
11	16	-3920
11	17	688
11	18	-3280
11	19	656
11	20	-176
11	21	1936
11	22	-464
11	23	400
12	13	-1456
12	14	-688
12	15	1712
12	16	464
12	17	-1840
12	18	-176
12	19	-1808
12	20	-3280
12	21	-3088
12	22	1616
12	23	-1552
13	14	-1552
13	15	-1456
13	16	-400
13	17	1904
13	18	5296
13	19	-944
13	20	464
13	21	656
13	22	752
13	23	-2416
14	15	-688
14	16	2672
14	17	-1936
14	18	2224
14	19	592
14	20	3536
14	21	-880
14	22	-784
14	23	656
15	16	464
15	17	-4144
15	18	-2480
15	19	496
15	20	-976
15	21	-784
15	22	-2992
15	23	752
16	17	-784
16	18	1072
16	19	-2864
16	20	80
16	21	-2032
16	22	368
16	23	1808
17	18	-1232
17	19	1744
17	20	-2224
17	21	272
17	22	368
17	23	-2800
18	19	-2032
18	20	208
18	21	2320
18	22	-80
18	23	-1520
19	20	880
19	21	688
19	22	592
19	23	-848
20	21	-1168
20	22	1232
20	23	368
21	22	-3184
21	23	560
22	23	-1648
