0	1	-5648
0	2	-16
0	3	3632
0	4	-1136
0	5	2288
0	6	1648
0	7	2416
0	8	-1744
0	9	-2000
0	10	-2608
0	11	2384
0	12	-1424
0	13	2096
0	14	976
0	15	-208
0	16	1040
0	17	656
0	18	272
0	19	688
0	20	-80
0	21	-2192
0	22	2992
0	23	-3088
1	2	272
1	3	-688
1	4	-1424
1	5	-2032
1	6	-944
1	7	-2480
1	8	-1456
1	9	2320
1	10	-16
1	11	368
1	12	592
1	13	-2224
1	14	-1616
1	15	-2224
1	16	-976
1	17	944
1	18	-1744
1	19	-1904
1	20	-368
1	21	-176
1	22	-1904
1	23	4112
2	3	4048
2	4	368
2	5	-1520
2	6	6800
2	7	-880
2	8	2512
2	9	1232
2	10	-1232
2	11	-1616
2	12	-1648
2	13	-3632
2	14	-1744
2	15	-1328
2	16	-272
2	17	112
2	18	496
2	19	848
2	20	1616
2	21	-880
2	22	848
2	23	1552
3	4	-2896
3	5	-560
3	6	3536
3	7	464
3	8	-1136
3	9	272
3	10	-2576
3	11	-656
3	12	-304
3	13	-368
3	14	-400
3	15	-368
3	16	-1616
3	17	-1232
3	18	1456
3	19	2192
3	20	2960
3	21	-4144
3	22	-112
3	23	208
4	5	-1936
4	6	-1040
4	7	-2576
4	8	944
4	9	-80
4	10	2384
4	11	464
4	12	-4112
4	13	-2128
4	14	592
4	15	-2128
4	16	3728
4	17	-1264
4	18	656
4	19	-2000
4	20	-2768
4	21	-272
4	22	4912
4	23	-400
5	6	-112
5	7	-880
5	8	-2096
5	9	1232
5	10	-3536
5	11	-3920
5	12	-1648
5	13	-1328
5	14	-1744
5	15	3280
5	16	-272
5	17	-2192
5	18	496
5	19	848
5	20	-688
5	21	-880
5	22	848
5	23	-752
6	7	208
6	8	2768
6	9	2704
6	10	-2704
6	11	-16
6	12	-1328
6	13	-2608
6	14	-1232
6	15	-304
6	16	944
6	17	560
6	18	176
6	19	-1520
6	20	2320
6	21	208
6	22	784
6	23	1424
7	8	2000
7	9	-5744
7	10	-3472
7	11	1520
7	12	1744
7	13	3536
7	14	-464
7	15	1232
7	16	176
7	17	-208
7	18	-592
7	19	1552
7	20	784
7	21	976
7	22	-752
7	23	656
8	9	-496
8	10	496
8	11	112
8	12	3536
8	13	400
8	14	3440
8	15	400
8	16	1456
8	17	-464
8	18	2224
8	19	1424
8	20	4496
8	21	2000
8	22	-3184
8	23	976
9	10	944
9	11	-976
9	12	-368
9	13	-3568
9	14	-272
9	15	1040
9	16	2288
9	17	-400
9	18	-784
9	19	-2864
9	20	976
9	21	-1136
9	22	-560
9	23	464
10	11	976
10	12	2672
10	13	1264
10	14	2576
10	15	-1040
10	16	-2288
10	17	2704
10	18	784
10	19	560
10	20	-976
10	21	3440
10	22	-1744
10	23	-2768
11	12	752
11	13	3184
11	14	2960
11	15	-3728
11	16	1936
11	17	4624
11	18	-1904
11	19	-3664
11	20	-592
11	21	1520
11	22	944
11	23	-848
12	13	2768
12	14	2608
12	15	464
12	16	-2896
12	17	1328
12	18	944
12	19	2320
12	20	3856
12	21	1744
12	22	-6896
12	23	-112
13	14	4976
13	15	1168
13	16	-2384
13	17	2608
13	18	688
13	19	656
13	20	1424
13	21	3536
13	22	-1648
13	23	-2864
14	15	368
14	16	-688
14	17	1232
14	18	3152
14	19	112
14	20	3952
14	21	1840
14	22	-2192
14	23	-2512
15	16	-80
15	17	-2000
15	18	688
15	19	2960
15	20	1424
15	21	1232
15	22	-1648
15	23	-2864
16	17	-944
16	18	-2864
16	19	-2704
16	20	-1936
16	21	-2128
16	22	4208
16	23	496
17	18	-4784
17	19	-784
17	20	-2320
17	21	4400
17	22	-784
17	23	-3728
18	19	1136
18	20	4208
18	21	-592
18	22	-1168
18	23	1264
19	20	1360
19	21	-752
19	22	-2480
19	23	-2224
20	21	-1520
20	22	-5552
20	23	848
21	22	-752
21	23	-1648
22	23	80
