0	1	712
0	2	2264
0	3	2456
0	4	-1976
0	5	136
0	6	616
0	7	-2264
0	8	-1576
0	9	-1592
0	10	-4456
0	11	2056
0	12	248
0	13	152
0	14	904
0	15	920
0	16	1000
0	17	2440
0	18	344
0	19	2248
0	20	-4072
0	21	3976
0	22	3800
0	23	-328
1	2	4648
1	3	-152
1	4	-328
1	5	-2440
1	6	-616
1	7	-40
1	8	-728
1	9	1592
1	10	-2456
1	11	2552
1	12	-248
1	13	2152
1	14	1400
1	15	5992
1	16	1304
1	17	-136
1	18	4264
1	19	-2248
1	20	-2840
1	21	2936
1	22	808
1	23	328
2	3	-3784
2	4	-2648
2	5	-536
2	6	-56
2	7	1672
2	8	-904
2	9	4648
2	10	-3784
2	11	1384
2	12	-1384
2	13	3128
2	14	-2072
2	15	3896
2	16	2632
2	17	-536
2	18	3320
2	19	-728
2	20	-3400
2	21	3304
2	22	2168
2	23	2648
3	4	1768
3	5	-728
3	6	-248
3	7	-3128
3	8	1592
3	9	-4760
3	10	-1288
3	11	1192
3	12	1112
3	13	-3592
3	14	2344
3	15	-520
3	16	-2168
3	17	1576
3	18	-3400
3	19	1384
3	20	1400
3	21	808
3	22	56
3	23	-4072
4	5	-2056
4	6	-232
4	7	344
4	8	1192
4	9	-328
4	10	1768
4	11	-3976
4	12	1672
4	13	-536
4	14	-520
4	15	-1304
4	16	-616
4	17	248
4	18	-728
4	19	-1864
4	20	3688
4	21	1016
4	22	-1880
4	23	-2360
5	6	-40
5	7	-4072
5	8	1000
5	9	-2440
5	10	-728
5	11	824
5	12	-3128
5	13	-728
5	14	-328
5	15	808
5	16	4184
5	17	-1864
5	18	1384
5	19	632
5	20	1192
5	21	-1096
5	22	2536
5	23	-2552
6	7	56
6	8	1480
6	9	-616
6	10	-248
6	11	-1960
6	12	-344
6	13	-248
6	14	1496
6	15	-1016
6	16	1400
6	17	-2344
6	18	-440
6	19	152
6	20	1672
6	21	-1576
6	22	3016
6	23	232
7	8	-1400
7	9	4568
7	10	1480
7	11	-3688
7	12	-920
7	13	3784
7	14	-232
7	15	-1592
7	16	-2632
7	17	536
7	18	1288
7	19	728
7	20	1096
7	21	1304
7	22	136
7	23	4264
8	9	1576
8	10	-712
8	11	-1688
8	12	-616
8	13	-712
8	14	1768
8	15	56
8	16	-440
8	17	1000
8	18	-2824
8	19	-1496
8	20	-328
8	21	-2072
8	22	632
8	23	-1192
9	10	-152
9	11	-2056
9	12	-2552
9	13	4456
9	14	-3208
9	15	1384
9	16	-1000
9	17	2168
9	18	1960
9	19	56
9	20	-2840
9	21	632
9	22	808
9	23	4936
10	11	-1112
10	12	-1192
10	13	-1288
10	14	40
10	15	-2824
10	16	-2168
10	17	1576
10	18	-1096
10	19	-3224
10	20	3704
10	21	-1496
10	22	-2248
10	23	536
11	12	1096
11	13	-1112
11	14	56
11	15	2728
11	16	-40
11	17	824
11	18	-1304
11	19	-1288
11	20	-3800
11	21	-712
11	22	-152
11	23	-632
12	13	-3496
12	14	-56
12	15	-2728
12	16	-2264
12	17	-824
12	18	-3304
12	19	-1016
12	20	-808
12	21	-1592
12	22	-4456
12	23	-1672
13	14	40
13	15	1784
13	16	2440
13	17	1576
13	18	3512
13	19	1384
13	20	-3208
13	21	808
13	22	4664
13	23	5144
14	15	1576
14	16	-1192
14	17	-328
14	18	-152
14	19	-2440
14	20	-344
14	21	440
14	22	1000
14	23	-1784
15	16	1672
15	17	-1496
15	18	4280
15	19	-1688
15	20	-2440
15	21	2344
15	22	824
15	23	-1000
16	17	-2728
16	18	2248
16	19	-232
16	20	-248
16	21	344
16	22	3400
16	23	616
17	18	-920
17	19	632
17	20	-3416
17	21	1208
17	22	2536
17	23	2056
18	19	1192
18	20	-712
18	21	2920
18	22	2552
18	23	728
19	20	-1304
19	21	-904
19	22	2344
19	23	1864
20	21	424
20	22	-1864
20	23	-3688
21	22	1768
21	23	-1016
22	23	1880
