0	1	1600
0	2	-224
0	3	160
0	4	-224
0	5	-2336
0	6	-128
0	7	-1984
0	8	-800
0	9	3520
0	10	736
0	11	-4544
0	12	512
0	13	2432
0	14	-2528
0	15	-2432
0	16	2368
0	17	2624
0	18	256
0	19	512
0	20	-1280
0	21	1280
0	22	1792
0	23	1120
1	2	-32
1	3	-1952
1	4	-32
1	5	160
1	6	64
1	7	128
1	8	-608
1	9	-896
1	10	928
1	11	256
1	12	2624
1	13	2240
1	14	2272
1	15	64
1	16	-2048
1	17	128
1	18	-1856
1	19	320
1	20	-1088
1	21	1088
1	22	-320
1	23	3616
2	3	-1472
2	4	-1856
2	5	-1664
2	6	2848
2	7	-352
2	8	-2432
2	9	1888
2	10	1408
2	11	-1568
2	12	2144
2	13	-2848
2	14	448
2	15	-1760
2	16	3040
2	17	1952
2	18	928
2	19	-2464
2	20	-608
2	21	2912
2	22	-4448
2	23	-512
3	4	-1472
3	5	1024
3	6	3232
3	7	1568
3	8	-2048
3	9	2272
3	10	-2816
3	11	-1184
3	12	4064
3	13	-928
3	14	-1472
3	15	928
3	16	1120
3	17	1568
3	18	-992
3	19	-544
3	20	-2528
3	21	-4384
3	22	544
3	23	-128
4	5	2944
4	6	-1760
4	7	-2656
4	8	-128
4	9	-416
4	10	-896
4	11	-1568
4	12	-160
4	13	-544
4	14	2752
4	15	-1760
4	16	-3872
4	17	-352
4	18	928
4	19	2144
4	20	1696
4	21	2912
4	22	160
4	23	-512
5	6	736
5	7	-544
5	8	-2240
5	9	-224
5	10	-704
5	11	-1376
5	12	-352
5	13	1568
5	14	2944
5	15	736
5	16	-3680
5	17	-544
5	18	-3488
5	19	1952
5	20	4192
5	21	416
5	22	-1952
5	23	-320
6	7	-448
6	8	-6944
6	9	1984
6	10	-3104
6	11	-1472
6	12	4352
6	13	1664
6	14	544
6	15	2944
6	16	3136
6	17	-448
6	18	1024
6	19	-256
6	20	-2816
6	21	512
6	22	-2048
6	23	-416
7	8	224
7	9	512
7	10	3296
7	11	1664
7	12	2368
7	13	-1856
7	14	-2656
7	15	1856
7	16	1664
7	17	-2048
7	18	-832
7	19	-4544
7	20	3008
7	21	-5312
7	22	-2368
7	23	-4000
8	9	-3296
8	10	832
8	11	2464
8	12	-4192
8	13	-2272
8	14	-128
8	15	-2336
8	16	-2144
8	17	224
8	18	352
8	19	416
8	20	1120
8	21	-1120
8	22	1888
8	23	1216
9	10	2848
9	11	-4736
9	12	3008
9	13	-1984
9	14	-2720
9	15	-320
9	16	-128
9	17	2816
9	18	64
9	19	-1600
9	20	-1472
9	21	1472
9	22	-704
9	23	-1376
10	11	-608
10	12	-1120
10	13	-1504
10	14	-3200
10	15	-800
10	16	-608
10	17	992
10	18	-2720
10	19	-3424
10	20	2656
10	21	-352
10	22	-1184
10	23	-1856
11	12	-448
11	13	-832
11	14	736
11	15	832
11	16	-1280
11	17	-640
11	18	1216
11	19	-448
11	20	-320
11	21	-1984
11	22	2752
11	23	-224
12	13	-2048
12	14	2144
12	15	-256
12	16	-448
12	17	2368
12	18	1664
12	19	-128
12	20	-3712
12	21	-896
12	22	128
12	23	800
13	14	-544
13	15	3968
13	16	1472
13	17	-1856
13	18	-1024
13	19	2560
13	20	512
13	21	-512
13	22	2048
13	23	416
14	15	-1760
14	16	-3872
14	17	-352
14	18	928
14	19	4448
14	20	-608
14	21	2912
14	22	160
14	23	4096
15	16	832
15	17	-2752
15	18	1024
15	19	-256
15	20	-512
15	21	-1792
15	22	256
15	23	-2720
16	17	-640
16	18	1216
16	19	-2752
16	20	-320
16	21	-1984
16	22	-1856
16	23	-2528
17	18	1472
17	19	64
17	20	-1600
17	21	1600
17	22	2240
17	23	608
18	19	1664
18	20	-2432
18	21	2432
18	22	2944
18	23	-2336
19	20	-1408
19	21	1408
19	22	4736
19	23	3104
20	21	-640
20	22	-3200
20	23	-3872
21	22	-1408
21	23	1568
22	23	1504
