0	1	288
0	2	1480
0	3	528
0	4	1104
0	5	-256
0	6	-968
0	7	-1888
0	8	-152
0	9	-256
0	10	2464
0	11	-3824
0	12	1888
0	13	-1512
0	14	-2024
0	15	2328
0	16	6000
0	17	-5560
0	18	1072
0	19	-1480
0	20	2872
0	21	3824
0	22	3384
0	23	2024
0	24	-2432
0	25	3656
0	26	4232
0	27	-696
0	28	-2432
0	29	-2024
0	30	3656
0	31	696
0	32	256
0	33	-2432
1	2	-288
1	3	-1240
1	4	-6376
1	5	1512
1	6	1888
1	7	4504
1	8	-1920
1	9	1512
1	10	4232
1	11	3656
1	12	120
1	13	5968
1	14	-256
1	15	-528
1	16	-1480
1	17	832
1	18	-696
1	19	288
1	20	16
1	21	968
1	22	1616
1	23	256
1	24	3960
1	25	-2736
1	26	-3248
1	27	-2464
1	28	-5288
1	29	-256
1	30	1888
1	31	-2160
1	32	3112
1	33	3960
2	3	-528
2	4	-1104
2	5	256
2	6	-3656
2	7	1888
2	8	152
2	9	256
2	10	2160
2	11	-800
2	12	2736
2	13	-3112
2	14	2024
2	15	2296
2	16	-1376
2	17	-3688
2	18	-5696
2	19	1480
2	20	-2872
2	21	800
2	22	1240
2	23	-2024
2	24	-2192
2	25	968
2	26	5016
2	27	696
2	28	-2192
2	29	-2600
2	30	5592
2	31	-696
2	32	-4880
2	33	-2192
3	4	2568
3	5	3928
3	6	-2704
3	7	-3688
3	8	-3520
3	9	3928
3	10	1208
3	11	152
3	12	3688
3	13	2464
3	14	1072
3	15	5968
3	16	2296
3	17	-16
3	18	4504
3	19	528
3	20	800
3	21	-4776
3	22	-2432
3	23	-1072
3	24	1480
3	25	1920
3	26	-5184
3	27	-2976
3	28	-3144
3	29	5696
3	30	1920
3	31	-1648
3	32	696
3	33	1480
4	5	-2296
4	6	1072
4	7	-3928
4	8	1888
4	9	-2296
4	10	-4200
4	11	-6408
4	12	-696
4	13	-4096
4	14	560
4	15	288
4	16	3960
4	17	-2976
4	18	3112
4	19	1104
4	20	832
4	21	-2840
4	22	800
4	23	-560
4	24	-4472
4	25	1072
4	26	2192
4	27	1344
4	28	4776
4	29	560
4	30	-3552
4	31	3280
4	32	-2328
4	33	-4472
5	6	-2192
5	7	-664
5	8	-1376
5	9	5592
5	10	3688
5	11	4200
5	12	664
5	13	1888
5	14	-800
5	15	3552
5	16	-2024
5	17	288
5	18	-152
5	19	-256
5	20	-528
5	21	424
5	22	-2464
5	23	800
5	24	3416
5	25	2432
5	26	-3792
5	27	-1920
5	28	-5832
5	29	3824
5	30	2432
5	31	-2704
5	32	3656
5	33	3416
6	7	4064
6	8	2600
6	9	-2192
6	10	-288
6	11	-2976
6	12	-4064
6	13	3960
6	14	-424
6	15	-4776
6	16	800
6	17	-1512
6	18	1376
6	19	3656
6	20	-696
6	21	-1648
6	22	3688
6	23	424
6	24	-16
6	25	-5832
6	26	-2056
6	27	-1480
6	28	-16
6	29	-424
6	30	-5832
6	31	1480
6	32	2192
6	33	-16
7	8	256
7	9	-664
7	10	2056
7	11	1208
7	12	-2328
7	13	3520
7	14	2192
7	15	-2704
7	16	-3656
7	17	-1344
7	18	-3144
7	19	2736
7	20	-2160
7	21	-1208
7	22	3792
7	23	-2192
7	24	1784
7	25	-5184
7	26	-800
7	27	-288
7	28	-2840
7	29	-2432
7	30	-560
7	31	288
7	32	664
7	33	1784
8	9	-1376
8	10	528
8	11	-3792
8	12	-256
8	13	-1480
8	14	-4232
8	15	-3960
8	16	1616
8	17	-696
8	18	-4064
8	19	4472
8	20	-4504
8	21	3792
8	22	-1752
8	23	4232
8	24	-3824
8	25	-2024
8	26	3384
8	27	-2296
8	28	800
8	29	392
8	30	-2024
8	31	-2328
8	32	-3248
8	33	-3824
9	10	3688
9	11	4200
9	12	664
9	13	1888
9	14	-800
9	15	3552
9	16	-2024
9	17	288
9	18	-152
9	19	-256
9	20	-528
9	21	424
9	22	-2464
9	23	800
9	24	3416
9	25	2432
9	26	-3792
9	27	-1920
9	28	-5832
9	29	3824
9	30	2432
9	31	-2704
9	32	3656
9	33	3416
10	11	1480
10	12	2568
10	13	3792
10	14	-2704
10	15	1648
10	16	696
10	17	-1616
10	18	-2872
10	19	2464
10	20	-2432
10	21	3144
10	22	-560
10	23	2704
10	24	1512
10	25	-288
10	26	-1072
10	27	-4640
10	28	-7736
10	29	1920
10	30	4336
10	31	-4608
10	32	936
10	33	1512
11	12	-1208
11	13	2192
11	14	1344
11	15	1616
11	16	-6680
11	17	4880
11	18	-392
11	19	-3824
11	20	1072
11	21	120
11	22	-2704
11	23	-1344
11	24	6376
11	25	1648
11	26	-4912
11	27	1376
11	28	-2872
11	29	1344
11	30	1648
11	31	-1376
11	32	5048
11	33	6376
12	13	1104
12	14	-2192
12	15	2704
12	16	3656
12	17	1344
12	18	-1480
12	19	1888
12	20	-2464
12	21	1208
12	22	-3792
12	23	2192
12	24	-1784
12	25	560
12	26	800
12	27	-4336
12	28	-1784
12	29	2432
12	30	5184
12	31	-4912
12	32	-5288
12	33	-1784
13	14	-968
13	15	-696
13	16	256
13	17	2568
13	18	1920
13	19	3112
13	20	-1240
13	21	-2192
13	22	-392
13	23	968
13	24	4064
13	25	-5288
13	26	-7224
13	27	-5560
13	28	-5184
13	29	3656
13	30	-664
13	31	-3688
13	32	2736
13	33	4064
14	15	1784
14	16	-3792
14	17	-1480
14	18	1616
14	19	-2024
14	20	2328
14	21	-5968
14	22	3928
14	23	-6680
14	24	1648
14	25	-424
14	26	-936
14	27	4472
14	28	1648
14	29	-2568
14	30	-424
14	31	4776
14	32	800
14	33	1648
15	16	560
15	17	-1752
15	18	1888
15	19	-2296
15	20	2056
15	21	-1616
15	22	-424
15	23	-1784
15	24	1376
15	25	4472
15	26	-1208
15	27	120
15	28	-3248
15	29	1784
15	30	4472
15	31	-120
15	32	1072
15	33	1376
16	17	-2704
16	18	2840
16	19	1376
16	20	1104
16	21	2056
16	22	528
16	23	3792
16	24	-4200
16	25	800
16	26	2464
16	27	-3552
16	28	424
16	29	832
16	30	800
16	31	-1072
16	32	-2600
16	33	-4200
17	18	528
17	19	-936
17	20	-1208
17	21	-256
17	22	-6408
17	23	1480
17	24	2736
17	25	-1512
17	26	-4472
17	27	-1240
17	28	2736
17	29	3144
17	30	-1512
17	31	-3384
17	32	-288
17	33	2736
18	19	-3552
18	20	5968
18	21	-4232
18	22	1648
18	23	-1616
18	24	2024
18	25	1376
18	26	-4640
18	27	1104
18	28	2024
18	29	1616
18	30	-3248
18	31	3520
18	32	4776
18	33	2024
19	20	-6376
19	21	-800
19	22	-1240
19	23	2024
19	24	-2432
19	25	-5592
19	26	-392
19	27	-5320
19	28	-2432
19	29	2600
19	30	-968
19	31	-3928
19	32	-4368
19	33	-2432
20	21	-1072
20	22	3656
20	23	-2328
20	24	1920
20	25	3928
20	26	-664
20	27	4200
20	28	1920
20	29	-2296
20	30	-696
20	31	5048
20	32	5152
20	33	1920
21	22	-1920
21	23	5968
21	24	-1752
21	25	2976
21	26	4912
21	27	-1376
21	28	-1752
21	29	-1344
21	30	2976
21	31	-3248
21	32	-424
21	33	-1752
22	23	-3928
22	24	-288
22	25	-936
22	26	2296
22	27	3416
22	28	-288
22	29	-5320
22	30	-936
22	31	5832
22	32	2464
22	33	-288
23	24	-1648
23	25	424
23	26	936
23	27	-4472
23	28	-1648
23	29	2568
23	30	424
23	31	-4776
23	32	-800
23	33	-1648
24	25	-16
24	26	-5968
24	27	256
24	28	-3384
24	29	1648
24	30	-16
24	31	-256
24	32	5832
24	33	5864
25	26	2568
25	27	3144
25	28	-16
25	29	-424
25	30	3416
25	31	1480
25	32	2192
25	33	-16
26	27	2840
26	28	3280
26	29	-5560
26	30	2568
26	31	1784
26	32	-5456
26	33	-5968
27	28	4880
27	29	-4776
27	30	-1480
27	31	6376
27	32	1920
27	33	256
28	29	-2976
28	30	-4640
28	31	4368
28	32	-3416
28	33	-3384
29	30	-424
29	31	-4472
29	32	800
29	33	1648
30	31	-3144
30	32	-2432
30	33	-16
31	32	2704
31	33	-256
32	33	5832
