0	1	2916
0	2	2916
0	3	-1284
0	4	-2932
0	5	-4156
0	6	1012
0	7	3460
0	8	-3748
0	9	-5772
0	10	1164
0	11	-4020
0	12	1028
0	13	-740
0	14	1148
0	15	-1284
0	16	3748
0	17	-2916
0	18	740
0	19	1572
0	20	604
0	21	1436
0	22	-2644
0	23	-6060
0	24	-1708
0	25	1436
0	26	5364
0	27	-3052
0	28	3340
0	29	3612
0	30	-3476
0	31	-3460
0	32	-4156
0	33	-604
1	2	-1844
1	3	-1148
1	4	-3068
1	5	332
1	6	-3748
1	7	-1300
1	8	740
1	9	-1012
1	10	5924
1	11	468
1	12	1164
1	13	4020
1	14	-3612
1	15	-1148
1	16	3884
1	17	-7404
1	18	-4020
1	19	1708
1	20	468
1	21	-3052
1	22	-2508
1	23	-1572
1	24	2780
1	25	1572
1	26	5228
1	27	-2916
1	28	-1148
1	29	3748
1	30	-3612
1	31	-3324
1	32	332
1	33	-468
2	3	-1148
2	4	-3068
2	5	332
2	6	5500
2	7	-1300
2	8	740
2	9	-1012
2	10	1300
2	11	-4156
2	12	1164
2	13	-604
2	14	1012
2	15	-1148
2	16	-740
2	17	1844
2	18	604
2	19	1708
2	20	468
2	21	1572
2	22	-2508
2	23	-1572
2	24	-1844
2	25	-3052
2	26	604
2	27	1708
2	28	3476
2	29	-876
2	30	-3612
2	31	1300
2	32	332
2	33	-468
3	4	-4548
3	5	1300
3	6	756
3	7	2932
3	8	892
3	9	4004
3	10	-2932
3	11	1164
3	12	6452
3	13	-1028
3	14	620
3	15	4140
3	16	-892
3	17	1148
3	18	5652
3	19	-7964
3	20	1164
3	21	1420
3	22	-3748
3	23	3204
3	24	-1148
3	25	6044
3	26	1028
3	27	-3340
3	28	4140
3	29	-756
3	30	5244
3	31	-2932
3	32	1300
3	33	3460
4	5	-892
4	6	-348
4	7	2100
4	8	-484
4	9	212
4	10	-2100
4	11	-756
4	12	-6860
4	13	620
4	14	-212
4	15	-4548
4	16	-4140
4	17	3068
4	18	-620
4	19	2932
4	20	-756
4	21	-1828
4	22	7964
4	23	1828
4	24	-3068
4	25	-1828
4	26	-5244
4	27	2932
4	28	-4548
4	29	348
4	30	-212
4	31	2524
4	32	-892
4	33	756
5	6	-1572
5	7	-3748
5	8	2916
5	9	6060
5	10	3748
5	11	2644
5	12	-1012
5	13	1844
5	14	-6060
5	15	1300
5	16	-2916
5	17	-332
5	18	-1844
5	19	-468
5	20	-1980
5	21	-5228
5	22	-60
5	23	5228
5	24	332
5	25	-604
5	26	-1844
5	27	-468
5	28	-3324
5	29	-3052
5	30	-1436
5	31	3748
5	32	7132
5	33	1980
6	7	1420
6	8	3460
6	9	892
6	10	-1420
6	11	-6060
6	12	3068
6	13	1300
6	14	3732
6	15	-3868
6	16	-3460
6	17	3748
6	18	3324
6	19	-1012
6	20	3188
6	21	3476
6	22	-604
6	23	1148
6	24	-3748
6	25	-1148
6	26	-1300
6	27	3612
6	28	5380
6	29	1028
6	30	-892
6	31	-1420
6	32	-1572
6	33	1436
7	8	-3340
7	9	-1556
7	10	-3868
7	11	-3612
7	12	620
7	13	-1148
7	14	1556
7	15	-1692
7	16	-1284
7	17	1300
7	18	5772
7	19	-3460
7	20	1012
7	21	1028
7	22	1572
7	23	-1028
7	24	-5924
7	25	5652
7	26	1148
7	27	-3460
7	28	2932
7	29	3204
7	30	1556
7	31	-3868
7	32	-3748
7	33	3612
8	9	5652
8	10	3340
8	11	-1572
8	12	3204
8	13	6060
8	14	-1028
8	15	-3732
8	16	-3324
8	17	-740
8	18	-1436
8	19	-876
8	20	3052
8	21	-1012
8	22	-468
8	23	5636
8	24	740
8	25	-1012
8	26	-1436
8	27	3748
8	28	892
8	29	1164
8	30	-1028
8	31	-1284
8	32	2916
8	33	1572
9	10	1556
9	11	1300
9	12	1692
9	13	3460
9	14	-3868
9	15	-620
9	16	-5652
9	17	1012
9	18	1164
9	19	-3476
9	20	1300
9	21	-3340
9	22	740
9	23	7964
9	24	-1012
9	25	1284
9	26	-3460
9	27	1148
9	28	-620
9	29	-892
9	30	756
9	31	1556
9	32	6060
9	33	3324
10	11	-1012
10	12	-620
10	13	5772
10	14	-6180
10	15	-2932
10	16	1284
10	17	-5924
10	18	-5772
10	19	3460
10	20	-1012
10	21	-5652
10	22	-1572
10	23	1028
10	24	1300
10	25	-1028
10	26	3476
10	27	-1164
10	28	-2932
10	29	1420
10	30	-6180
10	31	-756
10	32	3748
10	33	1012
11	12	-1148
11	13	-2916
11	14	-1300
11	15	5788
11	16	1572
11	17	-468
11	18	-1708
11	19	-604
11	20	-1844
11	21	-740
11	22	-196
11	23	740
11	24	5092
11	25	-740
11	26	-1708
11	27	-604
11	28	-3460
11	29	-3188
11	30	3324
11	31	3612
11	32	2644
11	33	-2780
12	13	1284
12	14	2932
12	15	1828
12	16	1420
12	17	-1164
12	18	3340
12	19	-5652
12	20	3476
12	21	3732
12	22	-6060
12	23	892
12	24	1164
12	25	3732
12	26	3340
12	27	-1028
12	28	6452
12	29	1556
12	30	2932
12	31	-5244
12	32	-1012
12	33	1148
13	14	-3460
13	15	-5652
13	16	-1436
13	17	-4020
13	18	-3052
13	19	740
13	20	1708
13	21	-3748
13	22	332
13	23	3748
13	24	-604
13	25	876
13	26	1572
13	27	740
13	28	-1028
13	29	3324
13	30	-3460
13	31	-3476
13	32	1844
13	33	2916
14	15	620
14	16	1028
14	17	3612
14	18	3460
14	19	-1148
14	20	3324
14	21	7964
14	22	-740
14	23	-3340
14	24	1012
14	25	-1284
14	26	-1164
14	27	3476
14	28	5244
14	29	892
14	30	3868
14	31	-1556
14	32	-6060
14	33	-3324
15	16	3732
15	17	1148
15	18	1028
15	19	-3340
15	20	-3460
15	21	1420
15	22	-3748
15	23	-1420
15	24	3476
15	25	1420
15	26	1028
15	27	-3340
15	28	-484
15	29	-5380
15	30	5244
15	31	1692
15	32	1300
15	33	-1164
16	17	-3884
16	18	-3188
16	19	876
16	20	-3052
16	21	1012
16	22	-4156
16	23	-5636
16	24	3884
16	25	1012
16	26	6060
16	27	-3748
16	28	-892
16	29	-1164
16	30	1028
16	31	-3340
16	32	-2916
16	33	-1572
17	18	4020
17	19	-1708
17	20	-468
17	21	3052
17	22	2508
17	23	1572
17	24	-2780
17	25	-1572
17	26	-5228
17	27	2916
17	28	1148
17	29	-3748
17	30	3612
17	31	3324
17	32	-332
17	33	468
18	19	-5364
18	20	2916
18	21	3748
18	22	-332
18	23	876
18	24	-4020
18	25	3748
18	26	-1572
18	27	-740
18	28	5652
18	29	1300
18	30	3460
18	31	-1148
18	32	-1844
18	33	1708
19	20	-604
19	21	-1436
19	22	2644
19	23	-3188
19	24	1708
19	25	-6060
19	26	-740
19	27	3052
19	28	-3340
19	29	1012
19	30	-5772
19	31	3460
19	32	-468
19	33	-4020
20	21	3884
20	22	-196
20	23	740
20	24	468
20	25	-740
20	26	-1708
20	27	4020
20	28	5788
20	29	6060
20	30	-1300
20	31	-1012
20	32	-1980
20	33	-2780
21	22	-1844
21	23	-3324
21	24	1572
21	25	-1300
21	26	-876
21	27	3188
21	28	6044
21	29	1148
21	30	3340
21	31	-1028
21	32	-5228
21	33	-3884
22	23	1844
22	24	-2508
22	25	-1844
22	26	-4956
22	27	2644
22	28	-3748
22	29	604
22	30	-740
22	31	3052
22	32	-60
22	33	196
23	24	-1572
23	25	1300
23	26	-3748
23	27	1436
23	28	-1420
23	29	-1148
23	30	1284
23	31	1028
23	32	5228
23	33	3884
24	25	-3052
24	26	604
24	27	1708
24	28	-1148
24	29	-876
24	30	1012
24	31	1300
24	32	332
24	33	-5092
25	26	3748
25	27	-6060
25	28	1420
25	29	1148
25	30	3340
25	31	-5652
25	32	-604
25	33	5364
26	27	-5364
26	28	1028
26	29	1300
26	30	-1164
26	31	-5772
26	32	-1844
26	33	1708
27	28	1284
27	29	1012
27	30	-1148
27	31	3460
27	32	-468
27	33	-4020
28	29	3868
28	30	620
28	31	-2932
28	32	-3324
28	33	-1164
29	30	-3732
29	31	-3204
29	32	-3052
29	33	-1436
30	31	-1556
30	32	-1436
30	33	1300
31	32	3748
31	33	-3612
32	33	1980
