0	1	3388
0	2	1076
0	3	148
0	4	1508
0	5	6108
0	6	3956
0	7	-1508
0	8	-3412
0	9	-1508
0	10	-804
0	11	1892
0	12	3276
0	13	-1236
0	14	-7900
0	15	260
0	16	3004
0	17	-1508
0	18	3660
0	19	5044
0	20	-668
0	21	3116
0	22	-940
0	23	-420
0	24	1236
0	25	-1372
0	26	1916
0	27	-1484
0	28	532
0	29	-940
0	30	1212
0	31	4340
0	32	1372
0	33	-1620
1	2	804
1	3	420
1	4	-2844
1	5	1212
1	6	4228
1	7	-1780
1	8	940
1	9	-1780
1	10	-532
1	11	-3004
1	12	3548
1	13	-1508
1	14	-3548
1	15	-12
1	16	-1348
1	17	2844
1	18	-1236
1	19	692
1	20	-396
1	21	2844
1	22	3956
1	23	3932
1	24	1508
1	25	-1644
1	26	2188
1	27	3412
1	28	4884
1	29	-668
1	30	-3684
1	31	4068
1	32	1644
1	33	-1348
2	3	-1892
2	4	-532
2	5	-1100
2	6	-2708
2	7	532
2	8	-5996
2	9	532
2	10	1780
2	11	-692
2	12	1236
2	13	804
2	14	-1236
2	15	2300
2	16	964
2	17	532
2	18	-3548
2	19	-1620
2	20	-2708
2	21	5156
2	22	-2980
2	23	1620
2	24	-804
2	25	-3956
2	26	-124
2	27	5724
2	28	-2052
2	29	-2980
2	30	-1372
2	31	-2868
2	32	3956
2	33	964
3	4	-692
3	5	2324
3	6	-3140
3	7	692
3	8	2596
3	9	5316
3	10	1620
3	11	-2708
3	12	-2460
3	13	-4204
3	14	-2164
3	15	3548
3	16	2436
3	17	692
3	18	148
3	19	5020
3	20	-3140
3	21	692
3	22	1756
3	23	-5020
3	24	4204
3	25	556
3	26	-5724
3	27	-2324
3	28	3276
3	29	-2868
3	30	2596
3	31	-5156
3	32	-556
3	33	-2188
4	5	3684
4	6	124
4	7	2052
4	8	-668
4	9	-2572
4	10	260
4	11	7900
4	12	804
4	13	-2844
4	14	-804
4	15	284
4	16	-3548
4	17	-7196
4	18	1508
4	19	-964
4	20	4748
4	21	2052
4	22	396
4	23	-3660
4	24	2844
4	25	1916
4	26	-2460
4	27	-3684
4	28	-4612
4	29	-4228
4	30	-668
4	31	828
4	32	-1916
4	33	-3548
5	6	1508
5	7	-3684
5	8	-964
5	9	940
5	10	1372
5	11	4340
5	12	828
5	13	-3412
5	14	-5452
5	15	-1916
5	16	556
5	17	-3684
5	18	1484
5	19	2596
5	20	1508
5	21	940
5	22	1236
5	23	-2596
5	24	3412
5	25	1076
5	26	-532
5	27	-3932
5	28	-1644
5	29	-3388
5	30	3660
5	31	2164
5	32	-1076
5	33	-4068
6	7	-124
6	8	1780
6	9	-4748
6	10	-2188
6	11	1100
6	12	2980
6	13	-396
6	14	-2980
6	15	-1892
6	16	-1372
6	17	-124
6	18	3956
6	19	1212
6	20	2300
6	21	-124
6	22	2572
6	23	3412
6	24	396
6	25	-260
6	26	4340
6	27	-1508
6	28	2460
6	29	2572
6	30	-2844
6	31	7900
6	32	260
6	33	-1372
7	8	668
7	9	-2052
7	10	-260
7	11	1348
7	12	-804
7	13	-1780
7	14	804
7	15	4340
7	16	-1076
7	17	-2052
7	18	3116
7	19	964
7	20	-124
7	21	2572
7	22	-396
7	23	-964
7	24	1780
7	25	-1916
7	26	-2164
7	27	-940
7	28	-12
7	29	-396
7	30	-3956
7	31	-828
7	32	1916
7	33	-1076
8	9	668
8	10	1644
8	11	-556
8	12	-3524
8	13	-3684
8	14	3524
8	15	-2188
8	16	-3796
8	17	668
8	18	1212
8	19	-1756
8	20	1780
8	21	-3956
8	22	6132
8	23	1756
8	24	3684
8	25	804
8	26	-260
8	27	-3660
8	28	2708
8	29	1508
8	30	-1236
8	31	1892
8	32	-804
8	33	-3796
9	10	4364
9	11	-3276
9	12	-5428
9	13	-1780
9	14	804
9	15	-284
9	16	3548
9	17	2572
9	18	-1508
9	19	964
9	20	-4748
9	21	-2052
9	22	-396
9	23	-964
9	24	1780
9	25	-1916
9	26	-2164
9	27	-940
9	28	-12
9	29	-396
9	30	5292
9	31	-5452
9	32	1916
9	33	-1076
10	11	964
10	12	-6132
10	13	-5156
10	14	1508
10	15	-2028
10	16	-1236
10	17	-260
10	18	-804
10	19	-3276
10	20	-2188
10	21	-260
10	22	2708
10	23	3276
10	24	5156
10	25	-5020
10	26	-148
10	27	-1372
10	28	-2300
10	29	-1916
10	30	1644
10	31	-1484
10	32	5020
10	33	-5860
11	12	420
11	13	-3004
11	14	-420
11	15	-1508
11	16	-4476
11	17	-7900
11	18	1892
11	19	-2436
11	20	5724
11	21	1348
11	22	828
11	23	-2188
11	24	3004
11	25	1484
11	26	-940
11	27	-4340
11	28	-5860
11	29	-3796
11	30	-556
11	31	2572
11	32	-1484
11	33	-4476
12	13	3548
12	14	-3660
12	15	2052
12	16	-692
12	17	-804
12	18	-1348
12	19	1892
12	20	2980
12	21	3820
12	22	-1372
12	23	-1892
12	24	-3548
12	25	3684
12	26	396
12	27	3796
12	28	1780
12	29	-1372
12	30	-3524
12	31	2596
12	32	-3684
12	33	3932
13	14	1076
13	15	-12
13	16	3276
13	17	2844
13	18	-1236
13	19	692
13	20	-396
13	21	-1780
13	22	-5292
13	23	-692
13	24	-7740
13	25	2980
13	26	2188
13	27	3412
13	28	260
13	29	3956
13	30	940
13	31	-556
13	32	-2980
13	33	7900
14	15	-2052
14	16	-3932
14	17	804
14	18	-3276
14	19	-6516
14	20	1644
14	21	-3820
14	22	1372
14	23	1892
14	24	-1076
14	25	940
14	26	-396
14	27	828
14	28	-1780
14	29	1372
14	30	-1100
14	31	-2596
14	32	-940
14	33	692
15	16	1780
15	17	-284
15	18	260
15	19	3820
15	20	-1892
15	21	4340
15	22	-2164
15	23	-3820
15	24	12
15	25	-148
15	26	-3932
15	27	1916
15	28	1756
15	29	-2164
15	30	-2188
15	31	-3684
15	32	148
15	33	1780
16	17	3548
16	18	3004
16	19	6788
16	20	-5996
16	21	-1076
16	22	-5724
16	23	-2164
16	24	-3276
16	25	-1212
16	26	668
16	27	-556
16	28	1508
16	29	3524
16	30	5452
16	31	-2300
16	32	1212
16	33	4204
17	18	-1508
17	19	964
17	20	-4748
17	21	-2052
17	22	-396
17	23	3660
17	24	-2844
17	25	-1916
17	26	2460
17	27	3684
17	28	4612
17	29	4228
17	30	668
17	31	-828
17	32	1916
17	33	3548
18	19	5044
18	20	-668
18	21	-1508
18	22	-940
18	23	-420
18	24	1236
18	25	-1372
18	26	1916
18	27	-6108
18	28	532
18	29	3684
18	30	1212
18	31	4340
18	32	1372
18	33	-1620
19	20	-3412
19	21	964
19	22	-3140
19	23	-4748
19	24	-692
19	25	828
19	26	-1372
19	27	-2596
19	28	3548
19	29	1484
19	30	2868
19	31	-260
19	32	-828
19	33	2164
20	21	-124
20	22	2572
20	23	-1212
20	24	396
20	25	4364
20	26	-284
20	27	-1508
20	28	-2164
20	29	-2052
20	30	-2844
20	31	3276
20	32	-4364
20	33	-1372
21	22	-396
21	23	-964
21	24	1780
21	25	-1916
21	26	-2164
21	27	3684
21	28	-12
21	29	-5020
21	30	-3956
21	31	-828
21	32	1916
21	33	-1076
22	23	3140
22	24	5292
22	25	-532
22	26	-12
22	27	-1236
22	28	2188
22	29	-1780
22	30	-3116
22	31	3004
22	32	532
22	33	-5724
23	24	692
23	25	-5452
23	26	5996
23	27	2596
23	28	1076
23	29	3140
23	30	-2868
23	31	4884
23	32	5452
23	33	-2164
24	25	-2980
24	26	-2188
24	27	-3412
24	28	-260
24	29	-3956
24	30	-940
24	31	556
24	32	2980
24	33	-7900
25	26	-2300
25	27	-1076
25	28	124
25	29	-532
25	30	804
25	31	-692
25	32	-7468
25	33	3412
26	27	532
26	28	420
26	29	4612
26	30	-260
26	31	5860
26	32	2300
26	33	668
27	28	1644
27	29	-1236
27	30	-3660
27	31	-2164
27	32	1076
27	33	4068
28	29	2188
28	30	-1916
28	31	1212
28	32	-124
28	33	1508
29	30	1508
29	31	3004
29	32	532
29	33	3524
30	31	-2732
30	32	-804
30	33	828
31	32	692
31	33	-2300
32	33	-3412
