0	1	-3816
0	2	672
0	3	-944
0	4	-1368
0	5	5720
0	6	1504
0	7	824
0	8	-3120
0	9	-3392
0	10	-1080
0	11	-1760
0	12	-1504
0	13	5720
0	14	1080
0	15	5992
0	16	-960
0	17	5704
0	18	5568
0	19	-1096
0	20	1080
0	21	-3392
0	22	8032
0	23	5568
0	24	552
0	25	-944
0	26	-1368
0	27	-3528
0	28	672
0	29	1352
0	30	3544
0	31	-1216
0	32	1096
0	33	5992
1	2	2712
1	3	-2984
1	4	672
1	5	-944
1	6	-536
1	7	-1216
1	8	-536
1	9	3816
1	10	1504
1	11	5448
1	12	536
1	13	-944
1	14	3120
1	15	-672
1	16	1080
1	17	-1504
1	18	-1640
1	19	944
1	20	-1504
1	21	-808
1	22	-3256
1	23	-1640
1	24	3136
1	25	1640
1	26	672
1	27	3680
1	28	2712
1	29	-5856
1	30	-3120
1	31	1368
1	32	3680
1	33	-5296
2	3	-2848
2	4	536
2	5	3816
2	6	-400
2	7	3544
2	8	-5024
2	9	3952
2	10	-2984
2	11	5584
2	12	400
2	13	3816
2	14	2984
2	15	-536
2	16	944
2	17	2984
2	18	-1776
2	19	-3816
2	20	-1640
2	21	-672
2	22	1504
2	23	2848
2	24	3272
2	25	-2848
2	26	536
2	27	3816
2	28	7200
2	29	-1368
2	30	1640
2	31	1504
2	32	3816
2	33	-536
3	4	3816
3	5	1080
3	6	672
3	7	-3272
3	8	672
3	9	-3680
3	10	-1368
3	11	-688
3	12	-672
3	13	1080
3	14	-3256
3	15	-3816
3	16	-1216
3	17	1368
3	18	1504
3	19	-1080
3	20	5992
3	21	5568
3	22	-1232
3	23	-3120
3	24	-3000
3	25	-1504
3	26	3816
3	27	-3544
3	28	-2848
3	29	1096
3	30	3256
3	31	3392
3	32	-3544
3	33	808
4	5	1232
4	6	1640
4	7	960
4	8	1640
4	9	-3256
4	10	3680
4	11	3000
4	12	-1640
4	13	1232
4	14	-3680
4	15	-3120
4	16	3528
4	17	944
4	18	808
4	19	-5856
4	20	5568
4	21	5992
4	22	-1080
4	23	808
4	24	688
4	25	-808
4	26	7744
4	27	1232
4	28	536
4	29	1216
4	30	3680
4	31	3544
4	32	-3392
4	33	-3120
5	6	3256
5	7	-688
5	8	-5992
5	9	-1096
5	10	-3408
5	11	1896
5	12	-3256
5	13	8288
5	14	3408
5	15	3392
5	16	824
5	17	8032
5	18	3544
5	19	-3664
5	20	3408
5	21	-1096
5	22	5976
5	23	3544
5	24	-416
5	25	-3544
5	26	1232
5	27	-960
5	28	3816
5	29	-1488
5	30	5840
5	31	1352
5	32	3664
5	33	3392
6	7	-1096
6	8	-1776
6	9	-1504
6	10	808
6	11	-3136
6	12	-7472
6	13	3256
6	14	3816
6	15	2984
6	16	5856
6	17	3816
6	18	-672
6	19	-3256
6	20	3816
6	21	-1504
6	22	944
6	23	-672
6	24	-5448
6	25	-3952
6	26	1640
6	27	3256
6	28	-400
6	29	-1080
6	30	5432
6	31	-3680
6	32	3256
6	33	-1640
7	8	-1096
7	9	-824
7	10	1488
7	11	2168
7	12	1096
7	13	-688
7	14	-1488
7	15	-960
7	16	552
7	17	-1488
7	18	-1352
7	19	-3936
7	20	-1488
7	21	-824
7	22	1624
7	23	3272
7	24	4480
7	25	-3272
7	26	960
7	27	3936
7	28	3544
7	29	2864
7	30	1488
7	31	-3000
7	32	-688
7	33	-960
8	9	-1504
8	10	5432
8	11	-3136
8	12	1776
8	13	-5992
8	14	-5432
8	15	-1640
8	16	1232
8	17	-5432
8	18	-672
8	19	1368
8	20	-808
8	21	3120
8	22	-3680
8	23	-672
8	24	-824
8	25	5296
8	26	1640
8	27	-1368
8	28	-5024
8	29	3544
8	30	-3816
8	31	944
8	32	-5992
8	33	-1640
9	10	-3544
9	11	1760
9	12	1504
9	13	-1096
9	14	3544
9	15	-1368
9	16	960
9	17	-1080
9	18	-5568
9	19	1096
9	20	-5704
9	21	-1232
9	22	-3408
9	23	-944
9	24	-552
9	25	944
9	26	-3256
9	27	3528
9	28	3952
9	29	-1352
9	30	-3544
9	31	1216
9	32	3528
9	33	-1368
10	11	-552
10	12	-808
10	13	-3408
10	14	-3392
10	15	944
10	16	3272
10	17	-3392
10	18	1368
10	19	-1216
10	20	1232
10	21	1080
10	22	-1096
10	23	1368
10	24	1760
10	25	3256
10	26	3680
10	27	1216
10	28	-2984
10	29	960
10	30	-1232
10	31	-1096
10	32	-3408
10	33	-3680
11	12	3136
11	13	1896
11	14	552
11	15	-3000
11	16	-2032
11	17	552
11	18	688
11	19	-1896
11	20	552
11	21	1760
11	22	-416
11	23	688
11	24	7064
11	25	-688
11	26	3000
11	27	1896
11	28	5584
11	29	-4344
11	30	-552
11	31	4208
11	32	1896
11	33	-3000
12	13	-3256
12	14	-3816
12	15	-2984
12	16	-5856
12	17	-3816
12	18	672
12	19	3256
12	20	-3816
12	21	1504
12	22	-944
12	23	672
12	24	5448
12	25	3952
12	26	-1640
12	27	-3256
12	28	400
12	29	1080
12	30	-5432
12	31	3680
12	32	-3256
12	33	1640
13	14	3408
13	15	3392
13	16	824
13	17	8032
13	18	3544
13	19	-3664
13	20	3408
13	21	-1096
13	22	5976
13	23	3544
13	24	-416
13	25	-3544
13	26	1232
13	27	-960
13	28	3816
13	29	-1488
13	30	5840
13	31	1352
13	32	3664
13	33	3392
14	15	3680
14	16	1352
14	17	3392
14	18	-1368
14	19	1216
14	20	-1232
14	21	-5704
14	22	1096
14	23	-1368
14	24	-1760
14	25	-3256
14	26	-3680
14	27	3408
14	28	2984
14	29	-5584
14	30	1232
14	31	-3528
14	32	8032
14	33	-944
15	16	1096
15	17	3680
15	18	3816
15	19	1232
15	20	-944
15	21	-5992
15	22	5704
15	23	3816
15	24	-688
15	25	808
15	26	-3120
15	27	-1232
15	28	-536
15	29	-1216
15	30	944
15	31	-3544
15	32	3392
15	33	3120
16	17	1352
16	18	-3408
16	19	-5448
16	20	1352
16	21	960
16	22	-1488
16	23	1216
16	24	-4344
16	25	-1216
16	26	3528
16	27	5448
16	28	944
16	29	1624
16	30	3272
16	31	-1488
16	32	824
16	33	-3528
17	18	3256
17	19	-3408
17	20	3392
17	21	-1080
17	22	5720
17	23	3256
17	24	-1760
17	25	-3256
17	26	944
17	27	-1216
17	28	2984
17	29	-960
17	30	5856
17	31	1096
17	32	3408
17	33	3680
18	19	1080
18	20	3256
18	21	-944
18	22	5856
18	23	3120
18	24	3000
18	25	1504
18	26	808
18	27	-5704
18	28	-1776
18	29	-1096
18	30	1368
18	31	1232
18	32	-1080
18	33	3816
19	20	-3408
19	21	-3528
19	22	-1352
19	23	-3544
19	24	416
19	25	3544
19	26	-5856
19	27	-3664
19	28	-3816
19	29	-3136
19	30	-5840
19	31	-1352
19	32	960
19	33	1232
20	21	3544
20	22	1096
20	23	-1368
20	24	-1760
20	25	-3256
20	26	5568
20	27	-1216
20	28	-1640
20	29	-960
20	30	5856
20	31	1096
20	32	-1216
20	33	-944
21	22	-3408
21	23	-944
21	24	-552
21	25	944
21	26	5992
21	27	-1096
21	28	-672
21	29	3272
21	30	1080
21	31	5840
21	32	-5720
21	33	-1368
22	23	5856
22	24	1896
22	25	-1232
22	26	-1080
22	27	-3272
22	28	1504
22	29	824
22	30	3528
22	31	-960
22	32	1352
22	33	5704
23	24	3000
23	25	1504
23	26	808
23	27	-1080
23	28	2848
23	29	3528
23	30	1368
23	31	1232
23	32	-1080
23	33	3816
24	25	1624
24	26	688
24	27	-416
24	28	3272
24	29	-2032
24	30	-2864
24	31	1896
24	32	-416
24	33	-688
25	26	-808
25	27	-3544
25	28	-2848
25	29	1096
25	30	-5992
25	31	3392
25	32	-3544
25	33	808
26	27	1232
26	28	536
26	29	1216
26	30	3680
26	31	3544
26	32	-3392
26	33	-3120
27	28	3816
27	29	-1488
27	30	1216
27	31	-3272
27	32	3664
27	33	-5856
28	29	-1368
28	30	1640
28	31	1504
28	32	3816
28	33	-536
29	30	960
29	31	824
29	32	-6112
29	33	3408
30	31	-1096
30	32	1216
30	33	944
31	32	-3272
31	33	1080
32	33	-1232
