0	1	1368
0	2	-8016
0	3	-944
0	4	-960
0	5	-5720
0	6	5840
0	7	5704
0	8	-960
0	9	-1216
0	10	552
0	11	5704
0	12	-808
0	13	-3528
0	14	-3528
0	15	960
0	16	552
0	17	824
0	18	-5432
0	19	3544
0	20	5432
0	21	-1368
0	22	5720
0	23	3544
0	24	3272
0	25	-960
0	26	944
0	27	-1624
0	28	5448
0	29	-3816
0	30	-960
0	31	-5448
0	32	1760
0	33	-3528
1	2	-808
1	3	-2984
1	4	5704
1	5	-3680
1	6	3256
1	7	-1504
1	8	-3544
1	9	1368
1	10	-6112
1	11	-1504
1	12	1776
1	13	-5568
1	14	-5568
1	15	-1080
1	16	-6112
1	17	-1216
1	18	1776
1	19	6128
1	20	-1776
1	21	-8576
1	22	-944
1	23	1504
1	24	1232
1	25	-3544
1	26	-1640
1	27	960
1	28	-1216
1	29	2848
1	30	-3544
1	31	1216
1	32	3800
1	33	-5568
2	3	1504
2	4	1216
2	5	5704
2	6	-5856
2	7	-5992
2	8	1216
2	9	1232
2	10	-1624
2	11	-5992
2	12	1640
2	13	3544
2	14	3544
2	15	-1216
2	16	-1624
2	17	-1352
2	18	6264
2	19	-3256
2	20	-6264
2	21	808
2	22	-5704
2	23	-3256
2	24	-3528
2	25	1216
2	26	-1504
2	27	824
2	28	-5976
2	29	2984
2	30	1216
2	31	5976
2	32	-688
2	33	3544
3	4	-1232
3	5	3256
3	6	-3680
3	7	808
3	8	8016
3	9	3680
3	10	824
3	11	808
3	12	4088
3	13	5992
3	14	1368
3	15	1232
3	16	824
3	17	1096
3	18	-536
3	19	-5432
3	20	536
3	21	2984
3	22	1368
3	23	3816
3	24	3544
3	25	8016
3	26	5296
3	27	-5976
3	28	-3528
3	29	-4088
3	30	3392
3	31	-1096
3	32	1488
3	33	5992
4	5	-1352
4	6	960
4	7	1096
4	8	-1488
4	9	3664
4	10	-2728
4	11	1096
4	12	-1368
4	13	-3272
4	14	-3272
4	15	1488
4	16	-2728
4	17	1624
4	18	3256
4	19	3528
4	20	-3256
4	21	-5704
4	22	1352
4	23	3528
4	24	-824
4	25	-1488
4	26	1232
4	27	-552
4	28	-3000
4	29	1368
4	30	-1488
4	31	3000
4	32	416
4	33	-3272
5	6	-3528
5	7	-3392
5	8	3272
5	9	3528
5	10	1760
5	11	-3392
5	12	3120
5	13	5840
5	14	5840
5	15	1352
5	16	1760
5	17	-3136
5	18	3120
5	19	-5856
5	20	-3120
5	21	3680
5	22	-3408
5	23	-1232
5	24	-960
5	25	3272
5	26	1368
5	27	-688
5	28	-3136
5	29	1504
5	30	3272
5	31	3136
5	32	552
5	33	5840
6	7	3544
6	8	-3664
6	9	1216
6	10	-552
6	11	3544
6	12	808
6	13	-5720
6	14	-1096
6	15	-960
6	16	-552
6	17	-824
6	18	-3816
6	19	5704
6	20	3816
6	21	-3256
6	22	3528
6	23	1080
6	24	1352
6	25	-3664
6	26	-944
6	27	1624
6	28	3800
6	29	-808
6	30	-3664
6	31	-3800
6	32	2864
6	33	-5720
7	8	1096
7	9	1080
7	10	3936
7	11	8304
7	12	-3952
7	13	-1232
7	14	-1232
7	15	3528
7	16	3936
7	17	3664
7	18	-3952
7	19	944
7	20	3952
7	21	1504
7	22	8016
7	23	5568
7	24	1216
7	25	1096
7	26	3816
7	27	-3136
7	28	3664
7	29	-5296
7	30	1096
7	31	-3664
7	32	-1624
7	33	-1232
8	9	3664
8	10	1896
8	11	1096
8	12	3256
8	13	5976
8	14	1352
8	15	1488
8	16	1896
8	17	1624
8	18	-1368
8	19	-5720
8	20	1368
8	21	3544
8	22	1352
8	23	3528
8	24	3800
8	25	7760
8	26	5856
8	27	-5176
8	28	-3000
8	29	-3256
8	30	3136
8	31	-1624
8	32	416
8	33	5976
9	10	552
9	11	1080
9	12	3816
9	13	1096
9	14	1096
9	15	960
9	16	552
9	17	824
9	18	-808
9	19	-1080
9	20	808
9	21	-1368
9	22	1096
9	23	3544
9	24	3272
9	25	3664
9	26	5568
9	27	-1624
9	28	-3800
9	29	808
9	30	-960
9	31	-824
9	32	1760
9	33	1096
10	11	3936
10	12	-3664
10	13	2864
10	14	2864
10	15	2728
10	16	6944
10	17	2592
10	18	-3664
10	19	-3936
10	20	3664
10	21	6112
10	22	2864
10	23	688
10	24	416
10	25	1896
10	26	3800
10	27	144
10	28	2592
10	29	-960
10	30	1896
10	31	-2592
10	32	-4632
10	33	2864
11	12	-3952
11	13	-1232
11	14	-1232
11	15	3528
11	16	3936
11	17	3664
11	18	-3952
11	19	944
11	20	3952
11	21	1504
11	22	8016
11	23	5568
11	24	1216
11	25	1096
11	26	3816
11	27	-3136
11	28	3664
11	29	-5296
11	30	1096
11	31	-3664
11	32	-1624
11	33	-1232
12	13	1504
12	14	1504
12	15	-3256
12	16	-3664
12	17	-3392
12	18	-400
12	19	-672
12	20	400
12	21	-1776
12	22	-3120
12	23	-672
12	24	3680
12	25	3256
12	26	536
12	27	-1216
12	28	-3392
12	29	400
12	30	-1368
12	31	-1232
12	32	5976
12	33	1504
13	14	3408
13	15	3272
13	16	2864
13	17	-1488
13	18	1504
13	19	-8016
13	20	-1504
13	21	5568
13	22	-1216
13	23	1232
13	24	960
13	25	5976
13	26	3256
13	27	-3936
13	28	-1488
13	29	-1504
13	30	5976
13	31	1488
13	32	-552
13	33	8032
14	15	-1352
14	16	2864
14	17	-1488
14	18	1504
14	19	-3392
14	20	-1504
14	21	5568
14	22	-1216
14	23	-3392
14	24	-3664
14	25	1352
14	26	-1368
14	27	688
14	28	-1488
14	29	-1504
14	30	1352
14	31	1488
14	32	-552
14	33	3408
15	16	2728
15	17	-1624
15	18	1368
15	19	-3528
15	20	-1368
15	21	1080
15	22	3272
15	23	5720
15	24	824
15	25	1488
15	26	3392
15	27	-4072
15	28	3000
15	29	-1368
15	30	6112
15	31	1624
15	32	-416
15	33	3272
16	17	2592
16	18	-3664
16	19	-3936
16	20	3664
16	21	6112
16	22	2864
16	23	688
16	24	416
16	25	1896
16	26	3800
16	27	144
16	28	2592
16	29	-960
16	30	1896
16	31	-2592
16	32	-4632
16	33	2864
17	18	-3392
17	19	960
17	20	3392
17	21	1216
17	22	3136
17	23	960
17	24	688
17	25	1624
17	26	3528
17	27	416
17	28	-1760
17	29	-1232
17	30	-3000
17	31	-2864
17	32	-4904
17	33	-1488
18	19	-672
18	20	-8848
18	21	-1776
18	22	-3120
18	23	-672
18	24	-5568
18	25	-1368
18	26	-4088
18	27	-1216
18	28	-3392
18	29	400
18	30	3256
18	31	8016
18	32	1352
18	33	1504
19	20	672
19	21	-6128
19	22	1232
19	23	-944
19	24	-1216
19	25	-5720
19	26	-3816
19	27	3136
19	28	960
19	29	672
19	30	-5720
19	31	-960
19	32	1624
19	33	-8016
20	21	1776
20	22	3120
20	23	672
20	24	5568
20	25	1368
20	26	4088
20	27	1216
20	28	3392
20	29	-400
20	30	-3256
20	31	-8016
20	32	-1352
20	33	-1504
21	22	944
21	23	-1504
21	24	-1232
21	25	3544
21	26	1640
21	27	-960
21	28	1216
21	29	-2848
21	30	3544
21	31	-1216
21	32	-3800
21	33	5568
22	23	5856
22	24	960
22	25	1352
22	26	3256
22	27	-3936
22	28	3136
22	29	-6128
22	30	1352
22	31	-3136
22	32	-552
22	33	-1216
23	24	3408
23	25	3528
23	26	5432
23	27	-6112
23	28	960
23	29	-3952
23	30	3528
23	31	-960
23	32	1624
23	33	1232
24	25	3800
24	26	5704
24	27	-1760
24	28	688
24	29	944
24	30	-824
24	31	-5312
24	32	1896
24	33	960
25	26	5856
25	27	-5176
25	28	-3000
25	29	-3256
25	30	3136
25	31	-1624
25	32	416
25	33	5976
26	27	-3272
26	28	-1096
26	29	-536
26	30	1232
26	31	-3528
26	32	-1488
26	33	3256
27	28	416
27	29	5840
27	30	-5176
27	31	-416
27	32	-2456
27	33	-3936
28	29	-1232
28	30	1624
28	31	-2864
28	32	-280
28	33	-1488
29	30	-3256
29	31	1232
29	32	-1352
29	33	-1504
30	31	3000
30	32	416
30	33	5976
31	32	280
31	33	1488
32	33	-552
