0	1	-6384
0	2	9528
0	3	3680
0	4	2440
0	5	-7064
0	6	-5312
0	7	-10056
0	8	4344
0	9	12504
0	10	-1624
0	11	2184
0	12	-3544
0	13	4752
0	14	-144
0	15	-3392
0	16	960
0	17	9376
0	18	8832
0	19	-9936
0	20	-2304
0	21	128
0	22	5584
0	23	2984
0	24	-3936
0	25	824
0	26	9800
0	27	-944
0	28	-960
0	29	4616
0	30	1488
0	31	13064
0	32	-11144
0	33	3952
1	2	2048
1	3	-3800
1	4	-3952
1	5	3952
1	6	2168
1	7	5584
1	8	-2048
1	9	1488
1	10	-4480
1	11	-5296
1	12	3936
1	13	-1640
1	14	2712
1	15	-1624
1	16	2728
1	17	-6264
1	18	-2184
1	19	6792
1	20	-536
1	21	-1640
1	22	2728
1	23	-8032
1	24	-2168
1	25	-2032
1	26	-2304
1	27	-3800
1	28	-2728
1	29	-1776
1	30	8968
1	31	-8288
1	32	4496
1	33	-8152
2	3	-1760
2	4	-1368
2	5	1368
2	6	-4496
2	7	-15496
2	8	-4088
2	9	8696
2	10	2184
2	11	5992
2	12	-7352
2	13	14816
2	14	-8576
2	15	-4208
2	16	-4480
2	17	944
2	18	5024
2	19	128
2	20	-3120
2	21	5568
2	22	-4480
2	23	3800
2	24	-4752
2	25	8
2	26	-264
2	27	2864
2	28	-4768
2	29	-8440
2	30	6928
2	31	3000
2	32	-7336
2	33	-1488
3	4	-4768
3	5	-4480
3	6	-3272
3	7	-7472
3	8	-7488
3	9	-8576
3	10	-3664
3	11	144
3	12	3120
3	13	-2456
3	14	-7352
3	15	-10056
3	16	8168
3	17	6792
3	18	10872
3	19	-7896
3	20	4904
3	21	6792
3	22	-1080
3	23	9648
3	24	-5976
3	25	-15088
3	26	-6112
3	27	-7608
3	28	-3544
3	29	2032
3	30	-1096
3	31	1776
3	32	5312
3	33	6536
4	5	5976
4	6	11024
4	7	8968
4	8	1368
4	9	-2168
4	10	536
4	11	-3272
4	12	-9240
4	13	10208
4	14	1232
4	15	-2320
4	16	-2048
4	17	960
4	18	6128
4	19	6400
4	20	-3408
4	21	-3664
4	22	7200
4	23	-1896
4	24	2848
4	25	2712
4	26	2984
4	27	-144
4	28	-7200
4	29	1096
4	30	-5024
4	31	18216
4	32	-3816
4	33	8832
5	6	7472
5	7	4904
5	8	-1368
5	9	-2456
5	10	13336
5	11	3272
5	12	-9256
5	13	3664
5	14	-1232
5	15	2320
5	16	-7200
5	17	-5584
5	18	-1504
5	19	2848
5	20	-1216
5	21	-960
5	22	6672
5	23	1896
5	24	-2848
5	25	-2712
5	26	-7608
5	27	-4480
5	28	2576
5	29	-1096
5	30	5024
5	31	280
5	32	-5432
5	33	-8832
6	7	1216
6	8	-9376
6	9	-12912
6	10	-2592
6	11	-1776
6	12	-1488
6	13	8712
6	14	-264
6	15	-824
6	16	-552
6	17	4088
6	18	4632
6	19	-4344
6	20	2712
6	21	-5160
6	22	4072
6	23	-8016
6	24	4344
6	25	-5040
6	26	4480
6	27	-3272
6	28	-4072
6	29	-400
6	30	-1896
6	31	5840
6	32	-2320
6	33	5704
7	8	10872
7	9	536
7	10	5720
7	11	-8968
7	12	2984
7	13	-7216
7	14	6384
7	15	8576
7	16	3680
7	17	-7216
7	18	-7760
7	19	10464
7	20	416
7	21	-2592
7	22	3680
7	23	-4360
7	24	3408
7	25	3544
7	26	-1352
7	27	-2848
7	28	944
7	29	11144
7	30	-1232
7	31	1912
7	32	5448
7	33	-2576
8	9	9800
8	10	7064
8	11	-1368
8	12	7352
8	13	-944
8	14	8576
8	15	13456
8	16	-144
8	17	-944
8	18	-5024
8	19	9120
8	20	7744
8	21	-944
8	22	4480
8	23	824
8	24	128
8	25	9240
8	26	-4360
8	27	6384
8	28	144
8	29	3816
8	30	2320
8	31	1624
8	32	2712
8	33	6112
9	10	5976
9	11	-2456
9	12	-808
9	13	4768
9	14	5040
9	15	7744
9	16	8016
9	17	144
9	18	5312
9	19	5584
9	20	2032
9	21	4768
9	22	8016
9	23	-2712
9	24	-960
9	25	8152
9	26	8424
9	27	672
9	28	-3392
9	29	280
9	30	8032
9	31	5160
9	32	-7624
9	33	-4224
10	11	-536
10	12	-824
10	13	2848
10	14	2576
10	15	7760
10	16	-1760
10	17	-6400
10	18	2304
10	19	2032
10	20	-400
10	21	2848
10	22	2864
10	23	5704
10	24	2592
10	25	2728
10	26	-6792
10	27	-3664
10	28	6384
10	29	2712
10	30	-416
10	31	1096
10	32	-4616
10	33	-3392
11	12	-9256
11	13	-960
11	14	-10480
11	15	-2304
11	16	-2576
11	17	12912
11	18	-1504
11	19	-6400
11	20	-5840
11	21	-960
11	22	-2576
11	23	11144
11	24	-7472
11	25	-7336
11	26	-2984
11	27	144
11	28	-6672
11	29	-5720
11	30	9648
11	31	-8968
11	32	-808
11	33	416
12	13	-2304
12	14	11840
12	15	5568
12	16	10464
12	17	-2304
12	18	-1760
12	19	-1488
12	20	4480
12	21	6944
12	22	1216
12	23	-5160
12	24	6112
12	25	5976
12	26	-3000
12	27	3120
12	28	-1216
12	29	2456
12	30	960
12	31	-1640
12	32	8696
12	33	7472
13	14	-5704
13	15	-4632
13	16	264
13	17	7896
13	18	8440
13	19	4088
13	20	3528
13	21	3272
13	22	4888
13	23	-4208
13	24	536
13	25	5024
13	26	5296
13	27	2168
13	28	-9512
13	29	-5840
13	30	1912
13	31	15904
13	32	-6128
13	33	6520
14	15	8968
14	16	-8
14	17	-5704
14	18	-5160
14	19	4360
14	20	-1368
14	21	-1080
14	22	4616
14	23	688
14	24	4888
14	25	9376
14	26	400
14	27	11144
14	28	4632
14	29	-5568
14	30	-2440
14	31	1760
14	32	7472
14	33	6248
15	16	-3528
15	17	-4632
15	18	-5176
15	19	-824
15	20	2456
15	21	-8
15	22	1096
15	23	-1776
15	24	-3800
15	25	960
15	26	688
15	27	-808
15	28	3528
15	29	-144
15	30	1352
15	31	-672
15	32	-1760
15	33	4088
16	17	4888
16	18	8968
16	19	-552
16	20	2184
16	21	14136
16	22	5448
16	23	-1504
16	24	5176
16	25	688
16	26	9664
16	27	-5704
16	28	-10072
16	29	4752
16	30	10872
16	31	3680
16	32	2592
16	33	-808
17	18	3816
17	19	-9784
17	20	-1096
17	21	3272
17	22	4888
17	23	5040
17	24	-4088
17	25	-4224
17	26	9920
17	27	2168
17	28	-4888
17	29	-1216
17	30	1912
17	31	6656
17	32	3120
17	33	6520
18	19	-4616
18	20	7608
18	21	-808
18	22	8968
18	23	960
18	24	4616
18	25	-4768
18	26	128
18	27	-7624
18	28	-4344
18	29	-672
18	30	-2168
18	31	6112
18	32	-11296
18	33	10600
19	20	2712
19	21	-5160
19	22	-5176
19	23	1232
19	24	8968
19	25	13456
19	26	-4768
19	27	10600
19	28	-8696
19	29	-400
19	30	2728
19	31	-3408
19	32	6928
19	33	1080
20	21	-1096
20	22	6808
20	23	-2864
20	24	-2712
20	25	-2576
20	26	-7472
20	27	4904
20	28	-2184
20	29	3392
20	30	264
20	31	-4208
20	32	-672
20	33	5176
21	22	264
21	23	416
21	24	-4088
21	25	400
21	26	5296
21	27	2168
21	28	-264
21	29	-1216
21	30	6536
21	31	6656
21	32	3120
21	33	-2728
22	23	-6128
22	24	552
22	25	688
22	26	416
22	27	-5704
22	28	-824
22	29	4752
22	30	6248
22	31	8304
22	32	-6656
22	33	-808
23	24	-1232
23	25	-1368
23	26	-5720
23	27	9648
23	28	-3120
23	29	552
23	30	3680
23	31	-4360
23	32	1352
23	33	4752
24	25	18912
24	26	144
24	27	7896
24	28	4072
24	29	9648
24	30	-2728
24	31	-1216
24	32	-2304
24	33	3544
25	26	4904
25	27	17280
25	28	3936
25	29	4888
25	30	1760
25	31	3544
25	32	-2168
25	33	-944
26	27	-1488
26	28	-416
26	29	536
26	30	2032
26	31	12520
26	32	-7064
26	33	-1216
27	28	1080
27	29	-2592
27	30	-1096
27	31	-2848
27	32	5312
27	33	6536
28	29	-128
28	30	-10872
28	31	-3680
28	32	-2592
28	33	-8440
29	30	2048
29	31	1896
29	32	-6264
29	33	-2864
30	31	-5856
30	32	-144
30	33	-5992
31	32	-8424
31	33	6672
32	33	960
