0	1	7908
0	2	-5324
0	3	2020
0	4	1924
0	5	3284
0	6	-8820
0	7	660
0	8	8412
0	9	-3516
0	10	-2196
0	11	-8044
0	12	2700
0	13	2428
0	14	-6412
0	15	5828
0	16	5964
0	17	-2020
0	18	-5188
0	19	-2332
0	20	-4876
0	21	9364
0	22	2196
0	23	-2428
0	24	6508
0	25	-3420
0	26	4916
0	27	-1244
0	28	-2060
0	29	524
0	30	1476
0	31	6644
0	32	-6916
0	33	4468
1	2	-2604
1	3	116
1	4	3828
1	5	-4060
1	6	2332
1	7	-1244
1	8	-2740
1	9	-10860
1	10	-4100
1	11	8548
1	12	-8452
1	13	5148
1	14	-3692
1	15	8548
1	16	-564
1	17	9132
1	18	2156
1	19	5012
1	20	-7596
1	21	2836
1	22	-5148
1	23	4100
1	24	-9268
1	25	8548
1	26	-7052
1	27	-7772
1	28	9908
1	29	7868
1	30	-428
1	31	116
1	32	-388
1	33	2564
2	3	1924
2	4	3380
2	5	-2604
2	6	252
2	7	-1340
2	8	4780
2	9	4196
2	10	6140
2	11	2740
2	12	-3380
2	13	-7732
2	14	-3516
2	15	-11132
2	16	-6644
2	17	-1924
2	18	-116
2	19	-2972
2	20	-3692
2	21	-796
2	22	3108
2	23	-1516
2	24	2060
2	25	7364
2	26	388
2	27	5188
2	28	-7868
2	29	-1204
2	30	2468
2	31	-2700
2	32	7596
2	33	-9772
3	4	6100
3	5	4740
3	6	-6276
3	7	-4060
3	8	-2564
3	9	-2332
3	10	3420
3	11	-4604
3	12	7772
3	13	3420
3	14	3012
3	15	20
3	16	-116
3	17	796
3	18	6412
3	19	-1068
3	20	8276
3	21	-3516
3	22	-3420
3	23	5828
3	24	-5284
3	25	-4604
3	26	3108
3	27	2468
3	28	-1340
3	29	700
3	30	4372
3	31	-796
3	32	1068
3	33	-12492
4	5	8452
4	6	-12900
4	7	-9132
4	8	3244
4	9	-2972
4	10	-2740
4	11	-8588
4	12	6780
4	13	-2740
4	14	6916
4	15	660
4	16	796
4	17	-1476
4	18	3516
4	19	-2876
4	20	-8956
4	21	-428
4	22	-6508
4	23	2740
4	24	-3284
4	25	660
4	26	-3788
4	27	2836
4	28	2020
4	29	-20
4	30	932
4	31	1476
4	32	-6372
4	33	-9948
5	6	-6916
5	7	3380
5	8	-2740
5	9	-6236
5	10	-4100
5	11	-5324
5	12	5420
5	13	-4100
5	14	-3692
5	15	8548
5	16	-5188
5	17	-9364
5	18	6780
5	19	5012
5	20	-2972
5	21	2836
5	22	-9772
5	23	-524
5	24	9228
5	25	-5324
5	26	-2428
5	27	1476
5	28	-8588
5	29	-1380
5	30	4196
5	31	-9132
5	32	-388
5	33	-2060
6	7	1612
6	8	-4508
6	9	156
6	10	-1244
6	11	6780
6	12	-10220
6	13	3380
6	14	-836
6	15	2156
6	16	2292
6	17	-2972
6	18	5012
6	19	7868
6	20	-1204
6	21	1068
6	22	-3380
6	23	1244
6	24	-6412
6	25	6780
6	26	-9908
6	27	-9540
6	28	3516
6	29	-3148
6	30	-6820
6	31	-10900
6	32	1380
6	33	5420
7	8	-5828
7	9	-3692
7	10	156
7	11	6004
7	12	4508
7	13	4780
7	14	-4876
7	15	1380
7	16	-3380
7	17	-5188
7	18	-1476
7	19	9540
7	20	2292
7	21	-6780
7	22	4468
7	23	-4780
7	24	700
7	25	-7868
7	26	6372
7	27	-5420
7	28	-4604
7	29	2060
7	30	-12764
7	31	-4060
7	32	4332
7	33	7364
8	9	4060
8	10	1652
8	11	-6372
8	12	-3244
8	13	1652
8	14	1244
8	15	2876
8	16	-6508
8	17	7188
8	18	-13852
8	19	6412
8	20	796
8	21	3964
8	22	12220
8	23	-1652
8	24	2196
8	25	7500
8	26	252
8	27	-3924
8	28	1516
8	29	-1068
8	30	2604
8	31	6684
8	32	2836
8	33	-388
9	10	11948
9	11	-3148
9	12	2972
9	13	-1924
9	14	3108
9	15	-3148
9	16	1612
9	17	2332
9	18	-4916
9	19	-6684
9	20	-5148
9	21	-4236
9	22	6548
9	23	-2700
9	24	11404
9	25	6100
9	26	-4604
9	27	8276
9	28	-6412
9	29	-3828
9	30	-2876
9	31	2292
9	32	6684
9	33	-9132
10	11	-388
10	12	2740
10	13	-1612
10	14	-6644
10	15	-5012
10	16	-5148
10	17	10452
10	18	-3244
10	19	-1476
10	20	-564
10	21	-8548
10	22	6236
10	23	-3012
10	24	8180
10	25	-388
10	26	-5732
10	27	6684
10	28	-1748
10	29	-4332
10	30	-5284
10	31	-1204
10	32	1476
10	33	-3652
11	12	-9908
11	13	4236
11	14	-10044
11	15	-3788
11	16	700
11	17	9228
11	18	2604
11	19	4372
11	20	2836
11	21	-11948
11	22	5012
11	23	388
11	24	-4468
11	25	5460
11	26	-2332
11	27	-5964
11	28	-524
11	29	6140
11	30	-4060
11	31	20
11	32	252
11	33	6820
12	13	2740
12	14	2332
12	15	3964
12	16	-796
12	17	-7772
12	18	1108
12	19	-1748
12	20	4332
12	21	-4196
12	22	1884
12	23	-2740
12	24	3284
12	25	-14532
12	26	3788
12	27	6412
12	28	-11268
12	29	20
12	30	-5556
12	31	-6100
12	32	-2876
12	33	-3924
13	14	-2020
13	15	4236
13	16	13348
13	17	5828
13	18	-3244
13	19	3148
13	20	4060
13	21	-8548
13	22	1612
13	23	1612
13	24	-10316
13	25	-5012
13	26	3516
13	27	2060
13	28	2876
13	29	292
13	30	-5284
13	31	-5828
13	32	1476
13	33	972
14	15	-796
14	16	3692
14	17	-3012
14	18	-12900
14	19	-1884
14	20	-4780
14	21	4916
14	22	2020
14	23	-2604
14	24	-10724
14	25	-796
14	26	-700
14	27	-2972
14	28	2468
14	29	-4740
14	30	-1068
14	31	3012
14	32	-2740
14	33	-4060
15	16	-3924
15	17	-20
15	18	-2020
15	19	8996
15	20	2836
15	21	1924
15	22	-8860
15	23	5012
15	24	156
15	25	836
15	26	-6956
15	27	-10588
15	28	4100
15	29	1516
15	30	564
15	31	20
15	32	252
15	33	-2428
16	17	-4508
16	18	-2156
16	19	-9636
16	20	-1652
16	21	-2836
16	22	-8724
16	23	5148
16	24	-4604
16	25	-8548
16	26	7052
16	27	3148
16	28	-660
16	29	-3244
16	30	428
16	31	-116
16	32	-8860
16	33	2060
17	18	-6412
17	19	5692
17	20	972
17	21	-10356
17	22	8044
17	23	-1204
17	24	-3964
17	25	4604
17	26	-7732
17	27	-7092
17	28	10588
17	29	3924
17	30	252
17	31	10044
17	32	-1068
17	33	3244
18	19	1516
18	20	-3556
18	21	-932
18	22	-10628
18	23	7868
18	24	1924
18	25	2604
18	26	-4100
18	27	5052
18	28	1244
18	29	-1340
18	30	-2292
18	31	-7460
18	32	3108
18	33	-5284
19	20	-5324
19	21	-8412
19	22	1476
19	23	-3148
19	24	-5556
19	25	4372
19	26	-10492
19	27	-16300
19	28	-1612
19	29	-4196
19	30	-9772
19	31	-5692
19	32	5964
19	33	5732
20	21	-2876
20	22	564
20	23	5188
20	24	-1108
20	25	-11036
20	26	12532
20	27	-4236
20	28	4196
20	29	11404
20	30	7732
20	31	3652
20	32	-3924
20	33	1476
21	22	-700
21	23	3924
21	24	1244
21	25	1924
21	26	5828
21	27	4372
21	28	5188
21	29	2604
21	30	6276
21	31	1108
21	32	-836
21	33	3284
22	23	-10860
22	24	1068
22	25	5012
22	26	1108
22	27	2564
22	28	-2876
22	29	-292
22	30	-8588
22	31	5828
22	32	3148
22	33	3652
23	24	-3556
23	25	388
23	26	1108
23	27	-2060
23	28	10996
23	29	-292
23	30	9908
23	31	5828
23	32	3148
23	33	-5596
24	25	156
24	26	-1652
24	27	7228
24	28	-10452
24	29	-3788
24	30	4508
24	31	-660
24	32	932
24	33	-3108
25	26	-16204
25	27	-1340
25	28	4100
25	29	-3108
25	30	564
25	31	4644
25	32	14124
25	33	-11676
26	27	9092
26	28	-972
26	29	6236
26	30	2564
26	31	3108
26	32	-3380
26	33	5556
27	28	-7324
27	29	-5284
27	30	3012
27	31	-6780
27	32	7052
27	33	-9228
28	29	4780
28	30	-796
28	31	12532
28	32	-3012
28	33	836
29	30	1244
29	31	700
29	32	-428
29	33	7500
30	31	4372
30	32	524
30	33	-2700
31	32	-3556
31	33	-3244
32	33	-10356
