0	1	-1396
0	2	-6156
0	3	-9212
0	4	2412
0	5	2276
0	6	12612
0	7	-9284
0	8	-3300
0	9	-6700
0	10	-3028
0	11	11460
0	12	-1532
0	13	236
0	14	2548
0	15	-3708
0	16	9892
0	17	-1460
0	18	9484
0	19	-2956
0	20	-3980
0	21	8060
0	22	1124
0	23	4524
0	24	-4588
0	25	-7652
0	26	3908
0	27	-780
0	28	988
0	29	4452
0	30	2412
0	31	15948
0	32	-1124
0	33	5884
1	2	2820
1	3	308
1	4	-2484
1	5	-7244
1	6	-15404
1	7	-4932
1	8	5676
1	9	-6972
1	10	5948
1	11	2484
1	12	-1804
1	13	-36
1	14	2276
1	15	-3980
1	16	-4252
1	17	8060
1	18	4588
1	19	-2684
1	20	4996
1	21	-14788
1	22	6020
1	23	172
1	24	-8940
1	25	-7924
1	26	-988
1	27	-508
1	28	5884
1	29	8804
1	30	-11732
1	31	-11524
1	32	-6020
1	33	1532
2	3	-8804
2	4	-2620
2	5	-2756
2	6	-10916
2	7	-5068
2	8	-8332
2	9	-7108
2	10	-3436
2	11	-6628
2	12	-6564
2	13	4452
2	14	-7108
2	15	5132
2	16	236
2	17	3572
2	18	4452
2	19	-11796
2	20	-13636
2	21	-10028
2	22	1532
2	23	4932
2	24	9692
2	25	-3436
2	26	3500
2	27	8876
2	28	1396
2	29	-580
2	30	2004
2	31	-6764
2	32	7716
2	33	-2956
3	4	5748
3	5	-3364
3	6	172
3	7	-1052
3	8	2212
3	9	988
3	10	1940
3	11	-5748
3	12	9692
3	13	-5948
3	14	5612
3	15	11868
3	16	-1732
3	17	2548
3	18	-5948
3	19	4044
3	20	7516
3	21	-6972
3	22	4588
3	23	-8060
3	24	1052
3	25	-2684
3	26	-372
3	27	-7380
3	28	100
3	29	-916
3	30	5748
3	31	-988
3	32	4660
3	33	4452
4	5	-3436
4	6	2276
4	7	3500
4	8	-4388
4	9	-3164
4	10	508
4	11	3300
4	12	-7244
4	13	-14724
4	14	10708
4	15	4452
4	16	-9692
4	17	8876
4	18	-852
4	19	7380
4	20	-5068
4	21	-4724
4	22	2212
4	23	-8260
4	24	-8124
4	25	5132
4	26	-1804
4	27	308
4	28	-7172
4	29	-1260
4	30	5948
4	31	3164
4	32	7036
4	33	11596
5	6	-2484
5	7	-1260
5	8	100
5	9	-7924
5	10	-4252
5	11	-5812
5	12	11116
5	13	-988
5	14	-3300
5	15	-308
5	16	4044
5	17	-4860
5	18	3636
5	19	7516
5	20	-580
5	21	4660
5	22	-6900
5	23	1124
5	24	5884
5	25	4996
5	26	-1940
5	27	5068
5	28	2212
5	29	-6020
5	30	-3436
5	31	-1324
5	32	-2348
5	33	-2140
6	7	-4796
6	8	1188
6	9	2412
6	10	-7788
6	11	2348
6	12	-1668
6	13	4724
6	14	2412
6	15	-3844
6	16	9756
6	17	-1324
6	18	-4524
6	19	1804
6	20	508
6	21	12820
6	22	1260
6	23	36
6	24	172
6	25	-3164
6	26	-852
6	27	-5268
6	28	-8124
6	29	-308
6	30	11524
6	31	16084
6	32	3364
6	33	1396
7	8	-2212
7	9	3636
7	10	11932
7	11	5748
7	12	-444
7	13	-7924
7	14	3636
7	15	-2620
7	16	-12140
7	17	6700
7	18	-3300
7	19	580
7	20	-2892
7	21	-2276
7	22	-4588
7	23	-1188
7	24	-1052
7	25	7308
7	26	372
7	27	2756
7	28	-4724
7	29	-8332
7	30	-1124
7	31	-3636
7	32	-36
7	33	-4452
8	9	-4252
8	10	-5204
8	11	-236
8	12	-3708
8	13	7308
8	14	372
8	15	-5884
8	16	-1532
8	17	-3908
8	18	-1940
8	19	-780
8	20	12340
8	21	988
8	22	3300
8	23	2076
8	24	-2412
8	25	-580
8	26	-7516
8	27	-3228
8	28	-1460
8	29	6900
8	30	-4388
8	31	-4996
8	32	-7924
8	33	3436
9	10	644
9	11	3164
9	12	-2484
9	13	-716
9	14	-7652
9	15	-36
9	16	-308
9	17	-9756
9	18	-5340
9	19	-2004
9	20	4316
9	21	9012
9	22	-2548
9	23	852
9	24	988
9	25	5268
9	26	-1668
9	27	172
9	28	1940
9	29	-5748
9	30	6084
9	31	-1596
9	32	-2076
9	33	-11660
10	11	8740
10	12	5812
10	13	-6292
10	14	644
10	15	-5612
10	16	-5884
10	17	444
10	18	-6292
10	19	-5676
10	20	3364
10	21	716
10	22	7652
10	23	6428
10	24	-2684
10	25	4316
10	26	-2620
10	27	-3500
10	28	7516
10	29	-2076
10	30	508
10	31	-5268
10	32	-3028
10	33	-6084
11	12	2620
11	13	-3772
11	14	3164
11	15	-4452
11	16	444
11	17	372
11	18	852
11	19	-7380
11	20	-4180
11	21	100
11	22	2412
11	23	-988
11	24	-5748
11	25	-9756
11	26	1804
11	27	4316
11	28	7172
11	29	1260
11	30	7924
11	31	1460
11	32	-2412
11	33	-2348
12	13	-4796
12	14	2140
12	15	5132
12	16	236
12	17	-1052
12	18	-172
12	19	2076
12	20	236
12	21	-780
12	22	-3092
12	23	-4316
12	24	5068
12	25	-8060
12	26	-1124
12	27	-372
12	28	6020
12	29	-5204
12	30	2004
12	31	-2140
12	32	3092
12	33	-2956
13	14	-9964
13	15	-11596
13	16	15876
13	17	-2820
13	18	-3028
13	19	-8940
13	20	2004
13	21	2076
13	22	-236
13	23	3164
13	24	3300
13	25	-6292
13	26	-3980
13	27	-2140
13	28	8876
13	29	5812
13	30	-852
13	31	5340
13	32	236
13	33	-4724
14	15	9212
14	16	-4932
14	17	4116
14	18	-716
14	19	11868
14	20	-4932
14	21	-4860
14	22	2076
14	23	-3772
14	24	-12884
14	25	644
14	26	-1668
14	27	172
14	28	-2684
14	29	-1124
14	30	-3164
14	31	3028
14	32	-2076
14	33	6836
15	16	-6564
15	17	-3500
15	18	2276
15	19	4252
15	20	-6564
15	21	-3228
15	22	-5540
15	23	-2140
15	24	2620
15	25	-988
15	26	1324
15	27	1804
15	28	-5676
15	29	-2756
15	30	-172
15	31	36
15	32	916
15	33	3844
16	17	-3228
16	18	-2620
16	19	-4724
16	20	-2212
16	21	1668
16	22	3980
16	23	2756
16	24	2892
16	25	-5884
16	26	1052
16	27	2076
16	28	8468
16	29	-3028
16	30	8804
16	31	9556
16	32	-3980
16	33	-9756
17	18	6428
17	19	-3708
17	20	-7852
17	21	-19348
17	22	-3164
17	23	-6564
17	24	-6700
17	25	-8804
17	26	-1868
17	27	3364
17	28	-3028
17	29	-2412
17	30	4252
17	31	508
17	32	7788
17	33	5948
18	19	-8940
18	20	-2620
18	21	-2548
18	22	-4860
18	23	3164
18	24	-1324
18	25	-6292
18	26	644
18	27	7108
18	28	4252
18	29	1188
18	30	-852
18	31	5340
18	32	4860
18	33	13772
19	20	-100
19	21	5268
19	22	-1668
19	23	-9692
19	24	-9828
19	25	12820
19	26	5884
19	27	-9012
19	28	-6156
19	29	716
19	30	-11116
19	31	-2620
19	32	-2956
19	33	2820
20	21	6292
20	22	3980
20	23	-1868
20	24	2892
20	25	3364
20	26	-3572
20	27	-2548
20	28	-780
20	29	6220
20	30	-5068
20	31	-4316
20	32	-8604
20	33	4116
21	22	1188
21	23	7036
21	24	2276
21	25	9964
21	26	3028
21	27	-6156
21	28	-3300
21	29	2484
21	30	-100
21	31	9484
21	32	-1188
21	33	1052
22	23	100
22	24	-4660
22	25	-1596
22	26	716
22	27	780
22	28	-988
22	29	4796
22	30	6836
22	31	-2076
22	32	5748
22	33	-1260
23	24	1188
23	25	6428
23	26	-508
23	27	2004
23	28	236
23	29	-5676
23	30	988
23	31	-852
23	32	-9348
23	33	-9284
24	25	-2684
24	26	4252
24	27	1868
24	28	100
24	29	-916
24	30	5748
24	31	-988
24	32	36
24	33	-4796
25	26	2004
25	27	-3500
25	28	-6356
25	29	-6700
25	30	-4116
25	31	-644
25	32	-7652
25	33	-1460
26	27	-1188
26	28	580
26	29	4860
26	30	2820
26	31	1668
26	32	-716
26	33	5476
27	28	916
27	29	-6356
27	30	9556
27	31	-4796
27	32	-780
27	33	-3980
28	29	4660
28	30	2076
28	31	-1940
28	32	988
28	33	-1124
29	30	-5884
29	31	5748
29	32	4452
29	33	14180
30	31	7788
30	32	7036
30	33	-2276
31	32	6700
31	33	11660
32	33	10508
