0	1	1216
0	2	5992
0	3	-1624
0	4	-2728
0	5	1368
0	6	2456
0	7	-1896
0	8	-2032
0	9	-944
0	10	-5976
0	11	672
0	12	14000
0	13	-2304
0	14	3816
0	15	-2576
0	16	536
0	17	-4752
0	18	-7880
0	19	-2576
0	20	5176
0	21	-1504
0	22	-3136
0	23	7880
0	24	-1760
0	25	11416
0	26	-536
0	27	144
0	28	-1352
0	29	-10888
0	30	5176
0	31	3800
0	32	3408
0	33	-3408
1	2	-10616
1	3	6248
1	4	-1896
1	5	-1368
1	6	-2456
1	7	1896
1	8	6656
1	9	-3680
1	10	5976
1	11	3952
1	12	-128
1	13	-16192
1	14	5432
1	15	2576
1	16	8712
1	17	4752
1	18	-5992
1	19	11824
1	20	-5176
1	21	1504
1	22	-1488
1	23	-3256
1	24	15632
1	25	-2168
1	26	-4088
1	27	-144
1	28	5976
1	29	-2984
1	30	4072
1	31	-8424
1	32	-3408
1	33	-1216
2	3	960
2	4	-5312
2	5	-672
2	6	5040
2	7	-8560
2	8	552
2	9	6264
2	10	-8016
2	11	2712
2	12	2168
2	13	4904
2	14	-2848
2	15	-4616
2	16	-2048
2	17	-11416
2	18	-9920
2	19	-9240
2	20	-1488
2	21	-4088
2	22	-10344
2	23	9920
2	24	-8424
2	25	-416
2	26	6672
2	27	2728
2	28	-8016
2	29	-4224
2	30	-1488
2	31	10464
2	32	-3256
2	33	-5992
3	4	2304
3	5	5584
3	6	-7200
3	7	2320
3	8	-7064
3	9	-10600
3	10	7488
3	11	10328
3	12	536
3	13	-2712
3	14	3408
3	15	6264
3	16	10192
3	17	-5160
3	18	960
3	19	6264
3	20	-4480
3	21	-10344
3	22	-7352
3	23	-960
3	24	2456
3	25	2576
3	26	3680
3	27	-4888
3	28	12112
3	29	12640
3	30	9392
3	31	-416
3	32	-15496
3	33	1624
4	5	8560
4	6	-6400
4	7	-2048
4	8	-1912
4	9	6248
4	10	-2592
4	11	-1352
4	12	3816
4	13	2984
4	14	6112
4	15	-5992
4	16	-5840
4	17	-3816
4	18	3936
4	19	3256
4	20	128
4	21	-3800
4	22	2456
4	23	-8560
4	24	2440
4	25	-2848
4	26	-8032
4	27	536
4	28	-2592
4	29	-3664
4	30	128
4	31	-13728
4	32	1896
4	33	2728
5	6	-4208
5	7	-3936
5	8	-8696
5	9	-2984
5	10	5856
5	11	-1912
5	12	2168
5	13	280
5	14	-2848
5	15	8
5	16	-6672
5	17	-6792
5	18	-5296
5	19	8
5	20	3136
5	21	-4088
5	22	-5720
5	23	672
5	24	-3800
5	25	8832
5	26	-2576
5	27	2728
5	28	-3392
5	29	-4224
5	30	-1488
5	31	-3408
5	32	1368
5	33	7880
6	7	-2848
6	8	1640
6	9	7352
6	10	-2304
6	11	1624
6	12	1080
6	13	1368
6	14	2864
6	15	-3528
6	16	1488
6	17	-1080
6	18	-4208
6	19	-3528
6	20	-5024
6	21	8696
6	22	2440
6	23	4208
6	24	-2712
6	25	3120
6	26	-1488
6	27	3816
6	28	-11552
6	29	-9936
6	30	-400
6	31	4752
6	32	7080
6	33	-2456
7	8	-7336
7	9	-10872
7	10	-6656
7	11	5976
7	12	-3816
7	13	1640
7	14	3136
7	15	5992
7	16	1216
7	17	8440
7	18	5312
7	19	-3256
7	20	-4752
7	21	-10072
7	22	6792
7	23	3936
7	24	2184
7	25	2848
7	26	-5840
7	27	-536
7	28	7216
7	29	3664
7	30	-128
7	31	-144
7	32	-1896
7	33	-2728
8	9	2864
8	10	-6792
8	11	-3136
8	12	944
8	13	-7744
8	14	-1624
8	15	-8016
8	16	-3272
8	17	3680
8	18	-4072
8	19	-3392
8	20	8984
8	21	8560
8	22	2304
8	23	-552
8	24	6672
8	25	2984
8	26	3272
8	27	-672
8	28	-2168
8	29	-824
8	30	4360
8	31	-4632
8	32	2592
8	33	-7216
9	10	-1080
9	11	400
9	12	-144
9	13	-2032
9	14	-536
9	15	-2304
9	16	264
9	17	-4480
9	18	1640
9	19	2320
9	20	-3800
9	21	12096
9	22	1216
9	23	-6264
9	24	-6112
9	25	-11976
9	26	-4888
9	27	-4208
9	28	-5704
9	29	-6536
9	30	-8424
9	31	-1096
9	32	3680
9	33	-8304
10	11	808
10	12	264
10	13	2184
10	14	3680
10	15	11160
10	16	5296
10	17	-264
10	18	-3392
10	19	11160
10	20	-8832
10	21	-1368
10	22	1624
10	23	-1232
10	24	2728
10	25	2304
10	26	-5296
10	27	-4616
10	28	3136
10	29	3120
10	30	-4208
10	31	-688
10	32	-1352
10	33	1352
11	12	5040
11	13	-2864
11	14	14136
11	15	2032
11	16	-4616
11	17	8832
11	18	-1912
11	19	2032
11	20	-5720
11	21	6672
11	22	-5568
11	23	1912
11	24	5840
11	25	-6248
11	26	-4632
11	27	-9936
11	28	808
11	29	2184
11	30	3528
11	31	1368
11	32	-3952
11	33	-5296
12	13	-3408
12	14	13592
12	15	-3136
12	16	-8696
12	17	-960
12	18	-7080
12	19	6112
12	20	2984
12	21	2592
12	22	-5024
12	23	7080
12	24	672
12	25	8168
12	26	-552
12	27	-1232
12	28	-4360
12	29	-1896
12	30	2984
12	31	1912
12	32	4752
12	33	-14000
13	14	-6520
13	15	960
13	16	-3000
13	17	-1216
13	18	280
13	19	-8288
13	20	4088
13	21	-9664
13	22	2576
13	23	4344
13	24	-7472
13	25	3256
13	26	-1624
13	27	-5568
13	28	2184
13	29	4072
13	30	-5160
13	31	9512
13	32	6944
13	33	6928
14	15	-2168
14	16	-4496
14	17	9528
14	18	-7472
14	19	7080
14	20	-8288
14	21	2712
14	22	1080
14	23	2848
14	24	7896
14	25	1760
14	26	-4752
14	27	552
14	28	-10192
14	29	-6672
14	30	960
14	31	-1232
14	32	3816
14	33	-8440
15	16	6520
15	17	-6112
15	18	8
15	19	9936
15	20	-5432
15	21	-4768
15	22	-1776
15	23	-8
15	24	-12368
15	25	-1096
15	26	-6520
15	27	-15088
15	28	6536
15	29	4344
15	30	3816
15	31	536
15	32	-2576
15	33	2576
16	17	-9800
16	18	7200
16	19	1896
16	20	-5856
16	21	-7064
16	22	-5432
16	23	-2576
16	24	1080
16	25	-1488
16	26	9104
16	27	-5448
16	28	14544
16	29	6944
16	30	3392
16	31	6128
16	32	-8712
16	33	-536
17	18	-2168
17	19	-1488
17	20	1640
17	21	6656
17	22	14272
17	23	-2456
17	24	13200
17	25	-3544
17	26	-4072
17	27	-3392
17	28	-264
17	29	1896
17	30	1640
17	31	-1912
17	32	-128
17	33	128
18	19	8
18	20	3136
18	21	536
18	22	-1096
18	23	-3952
18	24	-3800
18	25	-9664
18	26	2048
18	27	-1896
18	28	10480
18	29	9648
18	30	-1488
18	31	1216
18	32	-3256
18	33	3256
19	20	-5432
19	21	-144
19	22	-1776
19	23	-9256
19	24	1504
19	25	-5720
19	26	-11144
19	27	-1216
19	28	1912
19	29	4344
19	30	-5432
19	31	-4088
19	32	-2576
19	33	2576
20	21	1352
20	22	-4904
20	23	6112
20	24	-4616
20	25	5024
20	26	5856
20	27	-7336
20	28	5040
20	29	1216
20	30	2320
20	31	6656
20	32	5176
20	33	8696
21	22	1232
21	23	-9784
21	24	3664
21	25	-8696
21	26	2440
21	27	-2864
21	28	-5992
21	29	-4888
21	30	1352
21	31	-5704
21	32	3120
21	33	-3120
22	23	-8152
22	24	2032
22	25	2184
22	26	-8440
22	27	4752
22	28	-3000
22	29	1368
22	30	4344
22	31	-8696
22	32	1488
22	33	-1488
23	24	-5448
23	25	9664
23	26	2576
23	27	1896
23	28	-5856
23	29	-9648
23	30	-3136
23	31	12656
23	32	7880
23	33	-3256
24	25	-1912
24	26	-1080
24	27	4224
24	28	2728
24	29	-1096
24	30	8
24	31	-9528
24	32	-6384
24	33	-2864
25	26	1488
25	27	5432
25	28	-2320
25	29	-3936
25	30	400
25	31	-128
25	32	6792
25	33	-2168
26	27	824
26	28	3952
26	29	6928
26	30	5856
26	31	7744
26	32	-5160
26	33	536
27	28	-13864
27	29	-7624
27	30	-7336
27	31	-6808
27	32	4768
27	33	-144
28	29	16992
28	30	5040
28	31	3936
28	32	-10600
28	33	1352
29	30	5840
29	31	3680
29	32	-10888
29	33	-2984
30	31	-2592
30	32	-8696
30	33	-552
31	32	3800
31	33	824
32	33	1216
