0	1	-9328
0	2	464
0	3	10960
0	4	10392
0	5	-9984
0	6	-2776
0	7	-6312
0	8	10280
0	9	-192
0	10	8376
0	11	9168
0	12	1848
0	13	5088
0	14	-3592
0	15	10800
0	16	10800
0	17	-8648
0	18	4272
0	19	1552
0	20	-1984
0	21	7424
0	22	56
0	23	-464
0	24	-2912
0	25	-9984
0	26	2392
0	27	-8624
0	28	4976
0	29	4272
0	30	-8376
0	31	56
0	32	5928
0	33	6176
1	2	-4680
1	3	2504
1	4	-9984
1	5	4952
1	6	11616
1	7	10528
1	8	3184
1	9	-216
1	10	464
1	11	-8760
1	12	-2256
1	13	4568
1	14	-1440
1	15	-5768
1	16	-1144
1	17	4432
1	18	5384
1	19	-5768
1	20	-6856
1	21	-3208
1	22	-8896
1	23	56
1	24	-11368
1	25	4952
1	26	-2800
1	27	-1032
1	28	-10008
1	29	5384
1	30	4160
1	31	-4272
1	32	-6336
1	33	-5768
2	3	7672
2	4	-5904
2	5	872
2	6	-1712
2	7	1824
2	8	12976
2	9	4952
2	10	10256
2	11	4568
2	12	-6336
2	13	-600
2	14	8352
2	15	7560
2	16	-6312
2	17	8512
2	18	-4408
2	19	-1688
2	20	-7400
2	21	-2664
2	22	-4816
2	23	-8648
2	24	-1576
2	25	-8376
2	26	2368
2	27	-488
2	28	-216
2	29	-4408
2	30	8240
2	31	9056
2	32	3456
2	33	-1688
3	4	-896
3	5	1304
3	6	-5360
3	7	-4272
3	8	21568
3	9	6472
3	10	5792
3	11	2504
3	12	-5360
3	13	-6200
3	14	3072
3	15	-488
3	16	13384
3	17	3184
3	18	2232
3	19	4136
3	20	-4024
3	21	216
3	22	-6608
3	23	1576
3	24	-10120
3	25	-7944
3	26	-4816
3	27	-1960
3	28	2392
3	29	6856
3	30	3456
3	31	16512
3	32	7968
3	33	4136
4	5	-3072
4	6	-5656
4	7	-2120
4	8	4408
4	9	1008
4	10	-2936
4	11	8512
4	12	8216
4	13	-1280
4	14	-9464
4	15	2256
4	16	6880
4	17	-15288
4	18	-5088
4	19	-2368
4	20	5792
4	21	2640
4	22	3752
4	23	1280
4	24	3728
4	25	-7696
4	26	3048
4	27	192
4	28	464
4	29	-464
4	30	-10936
4	31	-872
4	32	4136
4	33	2256
5	6	-3184
5	7	7152
5	8	624
5	9	-5224
5	10	-5904
5	11	328
5	12	-3184
5	13	-3752
5	14	5248
5	15	-7288
5	16	-2664
5	17	10256
5	18	-4568
5	19	1960
5	20	7672
5	21	-2232
5	22	5088
5	23	-5496
5	24	5928
5	25	8104
5	26	1984
5	27	4840
5	28	4568
5	29	9304
5	30	10528
5	31	464
5	32	896
5	33	1960
6	7	488
6	8	-1416
6	9	-2640
6	10	-3320
6	11	2368
6	12	-600
6	13	2912
6	14	-10664
6	15	8624
6	16	-5248
6	17	-1576
6	18	2096
6	19	-5248
6	20	-4160
6	21	352
6	22	-6744
6	23	-7536
6	24	-5360
6	25	1440
6	26	4568
6	27	-11072
6	28	-6720
6	29	-7152
6	30	-1304
6	31	-6744
6	32	8104
6	33	-624
7	8	-328
7	9	-6176
7	10	-2232
7	11	-3344
7	12	-4136
7	13	6448
7	14	8920
7	15	-1712
7	16	-10960
7	17	-2664
7	18	10256
7	19	-6336
7	20	-624
7	21	6064
7	22	1416
7	23	-11072
7	24	-8896
7	25	2528
7	26	1032
7	27	-736
7	28	-1008
7	29	5632
7	30	6856
7	31	-3208
7	32	-4680
7	33	-6336
8	9	5792
8	10	5112
8	11	3184
8	12	-1416
8	13	-896
8	14	-2232
8	15	4816
8	16	9440
8	17	-760
8	18	-1712
8	19	192
8	20	-3344
8	21	4160
8	22	-5928
8	23	-3728
8	24	-10800
8	25	-8624
8	26	-872
8	27	-2640
8	28	-2912
8	29	7536
8	30	-488
8	31	12568
8	32	7288
8	33	192
9	10	3888
9	11	4408
9	12	11232
9	13	328
9	14	5792
9	15	1416
9	16	6040
9	17	464
9	18	-488
9	19	6040
9	20	-11368
9	21	2936
9	22	-9328
9	23	-4952
9	24	-2776
9	25	-9848
9	26	2528
9	27	-3864
9	28	-8760
9	29	-5112
9	30	736
9	31	9168
9	32	-3184
9	33	10664
10	11	464
10	12	-3320
10	13	5632
10	14	5112
10	15	2096
10	16	6720
10	17	1144
10	18	4816
10	19	2096
10	20	-15312
10	21	-2368
10	22	600
10	23	-5632
10	24	-3456
10	25	-5904
10	26	-2776
10	27	-4544
10	28	4432
10	29	192
10	30	1416
10	31	600
10	32	-3864
10	33	-2528
11	12	2368
11	13	-56
11	14	7808
11	15	-1144
11	16	-1144
11	17	-9440
11	18	760
11	19	-1144
11	20	-2232
11	21	1416
11	22	352
11	23	56
11	24	7128
11	25	-8920
11	26	1824
11	27	3592
11	28	-760
11	29	760
11	30	8784
11	31	4976
11	32	12160
11	33	12728
12	13	12160
12	14	-6040
12	15	4000
12	16	-624
12	17	-10824
12	18	-2528
12	19	4000
12	20	-4160
12	21	352
12	22	7128
12	23	1712
12	24	8512
12	25	1440
12	26	-56
12	27	-1824
12	28	-2096
12	29	2096
12	30	-5928
12	31	-2120
12	32	-10392
12	33	8624
13	14	-896
13	15	2936
13	16	-6312
13	17	-9984
13	18	9464
13	19	-6312
13	20	-2776
13	21	6584
13	22	4432
13	23	-4024
13	24	3048
13	25	872
13	26	2368
13	27	-5112
13	28	-216
13	29	4840
13	30	-1008
13	31	-9440
13	32	-5792
13	33	2936
14	15	-9056
14	16	-4432
14	17	8488
14	18	7536
14	19	-4432
14	20	-7968
14	21	-5088
14	22	3320
14	23	896
14	24	3072
14	25	-4000
14	26	-872
14	27	6608
14	28	1712
14	29	-1712
14	30	18008
14	31	12568
14	32	-6584
14	33	4816
15	16	-2776
15	17	-1824
15	18	-5496
15	19	6472
15	20	-3864
15	21	7672
15	22	-1280
15	23	-7560
15	24	-488
15	25	-2664
15	26	3456
15	27	-17896
15	28	872
15	29	-10120
15	30	-11344
15	31	-5904
15	32	-80
15	33	1848
16	17	-1824
16	18	-872
16	19	6472
16	20	-8488
16	21	-1576
16	22	3344
16	23	1688
16	24	-488
16	25	-2664
16	26	-1168
16	27	600
16	28	872
16	29	3752
16	30	-11344
16	31	7968
16	32	-80
16	33	1848
17	18	-9168
17	19	-1824
17	20	-2912
17	21	-11776
17	22	-4952
17	23	-3888
17	24	-1440
17	25	5632
17	26	2504
17	27	-352
17	28	4544
17	29	-4544
17	30	8104
17	31	8920
17	32	-5656
17	33	-6448
18	19	-872
18	20	-1960
18	21	5768
18	22	-4000
18	23	-216
18	24	-7016
18	25	-4568
18	26	1552
18	27	-1304
18	28	-1032
18	29	5656
18	30	4432
18	31	-4000
18	32	2640
18	33	3752
19	20	760
19	21	7672
19	22	-1280
19	23	1688
19	24	4136
19	25	1960
19	26	-1168
19	27	-4024
19	28	5496
19	29	3752
19	30	-6720
19	31	-1280
19	32	-80
19	33	6472
20	21	8760
20	22	-2368
20	23	2776
20	24	600
20	25	3048
20	26	4544
20	27	6312
20	28	1960
20	29	7288
20	30	-3184
20	31	-6992
20	32	10256
20	33	760
21	22	-3072
21	23	-6584
21	24	-9032
21	25	-2232
21	26	896
21	27	-10120
21	28	-1144
21	29	10392
21	30	-2256
21	31	-7696
21	32	9056
21	33	3048
22	23	4816
22	24	11888
22	25	9712
22	26	-7288
22	27	3728
22	28	8624
22	29	624
22	30	-600
22	31	216
22	32	-6200
22	33	-1280
23	24	6200
23	25	3752
23	26	-11616
23	27	9736
23	28	216
23	29	-216
23	30	1008
23	31	192
23	32	-3456
23	33	1688
24	25	5928
24	26	-192
24	27	7288
24	28	2392
24	29	-2392
24	30	-1168
24	31	-1984
24	32	-5904
24	33	4136
25	26	-16512
25	27	4840
25	28	-56
25	29	4680
25	30	1280
25	31	-4160
25	32	-8352
25	33	-11912
26	27	-5904
26	28	3072
26	29	-3072
26	30	-6472
26	31	-2664
26	32	4024
26	33	8080
27	28	-7944
27	29	7944
27	30	4544
27	31	3728
27	32	-2368
27	33	-4024
28	29	-1032
28	30	4816
28	31	4000
28	32	1984
28	33	5496
29	30	4432
29	31	624
29	32	2640
29	33	-5496
30	31	8648
30	32	3864
30	33	2528
31	32	3048
31	33	-1280
32	33	4544
