0	1	828
0	2	-5540
0	3	3428
0	4	-5692
0	5	-2212
0	6	-6300
0	7	7228
0	8	-1740
0	9	10556
0	10	-828
0	11	1908
0	12	8140
0	13	12396
0	14	-4172
0	15	-3108
0	16	-9492
0	17	3716
0	18	-7532
0	19	-15876
0	20	3868
0	21	5100
0	22	3124
0	23	3108
0	24	5100
0	25	5100
0	26	-980
0	27	6756
0	28	828
0	29	7060
0	30	-8140
0	31	9204
0	32	13156
0	33	7836
0	34	-12548
0	35	1300
0	36	-3580
0	37	-4780
1	2	-1892
1	3	-10252
1	4	-2044
1	5	-84
1	6	3124
1	7	-676
1	8	1908
1	9	6908
1	10	-2956
1	11	-5996
1	12	236
1	13	4492
1	14	-12076
1	15	6316
1	16	11484
1	17	5844
1	18	-5404
1	19	-676
1	20	-5556
1	21	-2804
1	22	996
1	23	-540
1	24	-2804
1	25	2972
1	26	-3108
1	27	-2668
1	28	2956
1	29	3412
1	30	5540
1	31	7076
1	32	5252
1	33	5708
1	34	-4644
1	35	-828
1	36	-18780
1	37	4644
2	3	-8140
2	4	980
2	5	1148
2	6	7364
2	7	-6164
2	8	-2972
2	9	-68
2	10	-3884
2	11	4932
2	12	-1300
2	13	-11332
2	14	-540
2	15	-7380
2	16	4780
2	17	-4780
2	18	692
2	19	5388
2	20	-4932
2	21	-4036
2	22	3716
2	23	-4172
2	24	1740
2	25	1740
2	26	7820
2	27	-7820
2	28	3884
2	29	3428
2	30	1300
2	31	-2364
2	32	-6316
2	33	-6772
2	34	5708
2	35	-236
2	36	8292
2	37	68
3	4	9340
3	5	10116
3	6	-1604
3	7	13748
3	8	-6164
3	9	-8428
3	10	-1300
3	11	-4036
3	12	1284
3	13	8580
3	14	13596
3	15	980
3	16	-9964
3	17	-1588
3	18	9660
3	19	2196
3	20	9812
3	21	-7228
3	22	-5252
3	23	4796
3	24	-7228
3	25	-7228
3	26	4628
3	27	12700
3	28	-10252
3	29	6620
3	30	-1284
3	31	220
3	32	7820
3	33	1588
3	34	3124
3	35	2348
3	36	5708
3	37	2652
4	5	12548
4	6	-4036
4	7	-236
4	8	-14372
4	9	-11772
4	10	-3732
4	11	-692
4	12	-6924
4	13	6148
4	14	-388
4	15	10100
4	16	-844
4	17	844
4	18	12092
4	19	5540
4	20	-5084
4	21	-15436
4	22	-13460
4	23	1452
4	24	-3884
4	25	-9660
4	26	2196
4	27	9356
4	28	-13596
4	29	3276
4	30	1148
4	31	9340
4	32	5388
4	33	-844
4	34	5556
4	35	-84
4	36	2364
4	37	11772
5	6	388
5	7	2364
5	8	-6604
5	9	-1908
5	10	-5692
5	11	-2956
5	12	-2500
5	13	1756
5	14	2516
5	15	9356
5	16	2972
5	17	-2972
5	18	8884
5	19	8140
5	20	-2820
5	21	-11316
5	22	-1740
5	23	-3580
5	24	-5540
5	25	236
5	26	-68
5	27	5844
5	28	-5860
5	29	6148
5	30	2500
5	31	4340
5	32	8292
5	33	-2804
5	34	3868
5	35	2212
5	36	1284
5	37	1908
6	7	6148
6	8	3564
6	9	-828
6	10	-8900
6	11	-84
6	12	5236
6	13	-4796
6	14	5996
6	15	-6620
6	16	5540
6	17	-11316
6	18	5708
6	19	6148
6	20	5860
6	21	-3276
6	22	-1300
6	23	844
6	24	-3276
6	25	-3276
6	26	2804
6	27	-8580
6	28	3124
6	29	8444
6	30	6316
6	31	-7380
6	32	220
6	33	-236
6	34	10724
6	35	524
6	36	1756
6	37	828
7	8	-4188
7	9	1148
7	10	-5100
7	11	-2060
7	12	9036
7	13	10556
7	14	4020
7	15	-8596
7	16	-7988
7	17	-3564
7	18	1908
7	19	-1604
7	20	13612
7	21	524
7	22	-3276
7	23	2820
7	24	-5252
7	25	-11028
7	26	6604
7	27	4948
7	28	-676
7	29	10420
7	30	2516
7	31	-3580
7	32	9796
7	33	9340
7	34	1148
7	35	4324
7	36	-2044
7	37	4628
8	9	9508
8	10	-1908
8	11	1132
8	12	6452
8	13	-9356
8	14	1436
8	15	372
8	16	980
8	17	-6756
8	18	-7060
8	19	1588
8	20	4644
8	21	9492
8	22	5692
8	23	-372
8	24	3716
8	25	3716
8	26	-1756
8	27	-9796
8	28	1908
8	29	-4324
8	30	5100
8	31	-6164
8	32	-10116
8	33	-4796
8	34	-2044
8	35	-4036
8	36	540
8	37	-9508
9	10	-1132
9	11	1604
9	12	13612
9	13	540
9	14	-10252
9	15	2364
9	16	1756
9	17	-1756
9	18	-7228
9	19	-4628
9	20	-1604
9	21	10572
9	22	8596
9	23	-8140
9	24	4796
9	25	4796
9	26	-1284
9	27	-4492
9	28	6908
9	29	1588
9	30	-2060
9	31	3124
9	32	1300
9	33	1756
9	34	-6468
9	35	-4780
9	36	-3276
9	37	-10860
10	11	-11332
10	12	-236
10	13	1284
10	14	524
10	15	-540
10	16	68
10	17	11484
10	18	-372
10	19	676
10	20	-11772
10	21	2804
10	22	4780
10	23	-5236
10	24	-8748
10	25	2804
10	26	3108
10	27	2668
10	28	8596
10	29	-3412
10	30	-5540
10	31	-1300
10	32	-5252
10	33	68
10	34	-6908
10	35	828
10	36	1452
10	37	-4644
11	12	-2972
11	13	-7228
11	14	-2212
11	15	-3276
11	16	-8444
11	17	-8884
11	18	-3412
11	19	-2060
11	20	8292
11	21	5844
11	22	-3732
11	23	3276
11	24	17396
11	25	68
11	26	-5404
11	27	-6148
11	28	-220
11	29	-6452
11	30	2972
11	31	-4036
11	32	-2212
11	33	-2668
11	34	1604
11	35	-1908
11	36	4188
11	37	4172
12	13	3868
12	14	-2668
12	15	-3732
12	16	-3124
12	17	-8428
12	18	2820
12	19	-2516
12	20	2972
12	21	5388
12	22	1588
12	23	-7820
12	24	-388
12	25	-6164
12	26	5692
12	27	84
12	28	6012
12	29	5556
12	30	-2348
12	31	1284
12	32	3108
12	33	8428
12	34	2060
12	35	-8140
12	36	4644
12	37	-7836
13	14	-1148
13	15	3564
13	16	-1604
13	17	7380
13	18	1300
13	19	-12548
13	20	1452
13	21	-4644
13	22	-2668
13	23	7988
13	24	-4644
13	25	-4644
13	26	-4340
13	27	15892
13	28	-7060
13	29	9812
13	30	-9644
13	31	8580
13	32	16180
13	33	9948
13	34	-5236
13	35	4932
13	36	-8428
13	37	5236
14	15	-2972
14	16	-2364
14	17	-3412
14	18	7836
14	19	4020
14	20	7988
14	21	-5404
14	22	2348
14	23	8748
14	24	-5404
14	25	372
14	26	676
14	27	5100
14	28	-6300
14	29	4796
14	30	-3108
14	31	-9508
14	32	-1908
14	33	-8140
14	34	7076
14	35	4172
14	36	9660
14	37	-1300
15	16	8124
15	17	3428
15	18	8900
15	19	2956
15	20	-8276
15	21	-6468
15	22	-4492
15	23	-1740
15	24	-692
15	25	5084
15	26	-11940
15	27	6164
15	28	-11012
15	29	-5692
15	30	-2044
15	31	12532
15	32	2804
15	33	-3428
15	34	2364
15	35	-8444
15	36	-6604
15	37	-2364
16	17	2820
16	18	2516
16	19	3564
16	20	-8884
16	21	-5860
16	22	7668
16	23	-2348
16	24	-5860
16	25	5692
16	26	-5556
16	27	-220
16	28	-68
16	29	-524
16	30	-2652
16	31	1588
16	32	-2364
16	33	-2820
16	34	7532
16	35	-2060
16	36	-7212
16	37	-1756
17	18	-8292
17	19	-3564
17	20	-8444
17	21	84
17	22	3884
17	23	2348
17	24	-5692
17	25	5860
17	26	-220
17	27	5996
17	28	68
17	29	524
17	30	-3124
17	31	4188
17	32	2364
17	33	-2956
17	34	-13308
17	35	7836
17	36	-10116
17	37	1756
18	19	7684
18	20	-2364
18	21	-11772
18	22	-7972
18	23	-3124
18	24	-5996
18	25	-5996
18	26	-524
18	27	6300
18	28	-5404
18	29	828
18	30	-2820
18	31	3884
18	32	2060
18	33	2516
18	34	15876
18	35	-9796
18	36	7516
18	37	1452
19	20	-3716
19	21	-5252
19	22	-3276
19	23	-8732
19	24	-5252
19	25	-5252
19	26	6604
19	27	-6604
19	28	5100
19	29	-1132
19	30	14068
19	31	-9356
19	32	-7532
19	33	-7988
19	34	6924
19	35	-1452
19	36	3732
19	37	4628
20	21	5708
20	22	-2044
20	23	8276
20	24	5708
20	25	-5844
20	26	-372
20	27	372
20	28	-5556
20	29	676
20	30	2804
20	31	-7516
20	32	2212
20	33	2668
20	34	4172
20	35	1908
20	36	1588
20	37	1604
21	22	4628
21	23	-5084
21	24	8428
21	25	2652
21	26	-2820
21	27	-8732
21	28	8748
21	29	-9036
21	30	388
21	31	-7228
21	32	-5404
21	33	-84
21	34	-6756
21	35	676
21	36	1604
21	37	-10572
22	23	-1284
22	24	-1148
22	25	10404
22	26	-844
22	27	844
22	28	6772
22	29	540
22	30	-7364
22	31	-5252
22	32	-3428
22	33	-3884
22	34	-2956
22	35	2652
22	36	-372
22	37	-8596
23	24	692
23	25	692
23	26	-5388
23	27	5388
23	28	-12092
23	29	5692
23	30	-3732
23	31	-980
23	32	2972
23	33	-2348
23	34	-2364
23	35	8444
23	36	-4948
23	37	8140
24	25	2652
24	26	-8596
24	27	-2956
24	28	2972
24	29	-9036
24	30	388
24	31	-1452
24	32	372
24	33	-84
24	34	-980
24	35	-5100
24	36	1604
24	37	980
25	26	-8596
25	27	-2956
25	28	2972
25	29	-3260
25	30	-5388
25	31	4324
25	32	372
25	33	-5860
25	34	-6756
25	35	676
25	36	-4172
25	37	-10572
26	27	-3260
26	28	2668
26	29	7988
26	30	5860
26	31	-1148
26	32	-5100
26	33	220
26	34	-1284
26	35	980
26	36	7076
26	37	1284
27	28	-8444
27	29	3564
27	30	-11636
27	31	6924
27	32	10876
27	33	5556
27	34	1284
27	35	-980
27	36	-1300
27	37	4492
28	29	-2364
28	30	5540
28	31	-10252
28	32	-524
28	33	5708
28	34	-4644
28	35	-828
28	36	-1452
28	37	-1132
29	30	220
29	31	844
29	32	10572
29	33	-524
29	34	-4188
29	35	10268
29	36	-996
29	37	4188
30	31	-7060
30	32	-3108
30	33	-2652
30	34	-2060
30	35	2364
30	36	-4644
30	37	7836
31	32	7820
31	33	7364
31	34	-2652
31	35	-9204
31	36	-5844
31	37	-3124
32	33	9188
32	34	-4476
32	35	4172
32	36	-7668
32	37	4476
33	34	1756
33	35	-7836
33	36	-7212
33	37	4020
34	35	-10556
34	36	8276
34	37	692
35	36	-2196
35	37	4780
36	37	-8276
