0	1	-11212
0	2	10828
0	3	268
0	4	-7788
0	5	1028
0	6	5812
0	7	1484
0	8	-724
0	9	14172
0	10	3612
0	11	-3836
0	12	2924
0	13	-2548
0	14	5588
0	15	5356
0	16	-2620
0	17	1940
0	18	3988
0	19	-2620
0	20	10756
0	21	4900
0	22	2316
0	23	-3460
0	24	3532
0	25	-2700
0	26	-3916
0	27	8092
0	28	4900
0	29	-5052
0	30	5588
0	31	-2620
0	32	2852
0	33	4980
0	34	-5660
0	35	9692
0	36	-4068
0	37	572
1	2	-8092
1	3	8548
1	4	-724
1	5	-3764
1	6	-3076
1	7	-4220
1	8	-8092
1	9	-11436
1	10	-572
1	11	6876
1	12	-5964
1	13	-492
1	14	-2548
1	15	-2620
1	16	-116
1	17	1100
1	18	-1252
1	19	-116
1	20	-7716
1	21	-2164
1	22	-5356
1	23	6196
1	24	-6572
1	25	5436
1	26	876
1	27	-5356
1	28	3612
1	29	2316
1	30	-2548
1	31	-5892
1	32	188
1	33	-1940
1	34	2924
1	35	-876
1	36	6804
1	37	2468
2	3	1708
2	4	-1788
2	5	948
2	6	-2012
2	7	492
2	8	-1252
2	9	6956
2	10	-1636
2	11	36
2	12	876
2	13	-5204
2	14	2164
2	15	4220
2	16	-1180
2	17	36
2	18	-188
2	19	4596
2	20	2772
2	21	-6876
2	22	7260
2	23	-4292
2	24	268
2	25	724
2	26	-3836
2	27	7260
2	28	4676
2	29	-4524
2	30	-3612
2	31	4596
2	32	-876
2	33	2772
2	34	1860
2	35	9612
2	36	-3684
2	37	-10148
3	4	1332
3	5	4372
3	6	2468
3	7	4828
3	8	-15620
3	9	-724
3	10	6956
3	11	11060
3	12	5356
3	13	-5892
3	14	3156
3	15	2012
3	16	724
3	17	5284
3	18	644
3	19	724
3	20	-3228
3	21	7332
3	22	10524
3	23	10524
3	24	-5588
3	25	-268
3	26	4292
3	27	4748
3	28	13108
3	29	-13260
3	30	-8396
3	31	-5052
3	32	6196
3	33	2548
3	34	-2316
3	35	1484
3	36	-1636
3	37	3916
4	5	2092
4	6	-1028
4	7	-3228
4	8	3988
4	9	-9996
4	10	-1100
4	11	3004
4	12	1860
4	13	7940
4	14	-10676
4	15	-1484
4	16	4220
4	17	-2772
4	18	-8628
4	19	9996
4	20	268
4	21	-1940
4	22	1252
4	23	7028
4	24	-3308
4	25	2012
4	26	6572
4	27	1252
4	28	3836
4	29	1788
4	30	-4900
4	31	4220
4	32	-1860
4	33	-5508
4	34	1180
4	35	-6572
4	36	644
4	37	1636
5	6	1708
5	7	5588
5	8	948
5	9	4292
5	10	1940
5	11	268
5	12	-1180
5	13	-6652
5	14	3916
5	15	12804
5	16	7260
5	17	268
5	18	-116
5	19	-4292
5	20	-8244
5	21	6572
5	22	9764
5	23	3988
5	24	5204
5	25	-1028
5	26	-8020
5	27	3988
5	28	796
5	29	-6724
5	30	-1860
5	31	1484
5	32	1180
5	33	3308
5	34	-7332
5	35	-3532
5	36	-2396
5	37	4676
6	7	7028
6	8	-7788
6	9	420
6	10	4900
6	11	-4980
6	12	5892
6	13	5588
6	14	2924
6	15	3460
6	16	-420
6	17	6572
6	18	4828
6	19	5356
6	20	3532
6	21	9692
6	22	6500
6	23	6500
6	24	5284
6	25	5740
6	26	1180
6	27	6500
6	28	-7636
6	29	-3764
6	30	8700
6	31	-420
6	32	11436
6	33	-8020
6	34	-3156
6	35	4596
6	36	-10220
6	37	7940
7	8	-11060
7	9	3836
7	10	8172
7	11	724
7	12	15692
7	13	-7108
7	14	4372
7	15	-4980
7	16	-3836
7	17	-5052
7	18	-572
7	19	1940
7	20	-7788
7	21	6116
7	22	9308
7	23	-2244
7	24	10524
7	25	-1484
7	26	-2700
7	27	3532
7	28	340
7	29	-12044
7	30	-1404
7	31	-3836
7	32	1636
7	33	-7788
7	34	-6876
7	35	2700
7	36	-20180
7	37	-644
8	9	1180
8	10	-1636
8	11	-5740
8	12	-10676
8	13	6348
8	14	-3612
8	15	4220
8	16	4596
8	17	-5740
8	18	-188
8	19	-6956
8	20	2772
8	21	-6876
8	22	-10068
8	23	-4292
8	24	268
8	25	724
8	26	1940
8	27	-4292
8	28	-6876
8	29	12804
8	30	2164
8	31	4596
8	32	-6652
8	33	2772
8	34	7636
8	35	-1940
8	36	7868
8	37	1404
9	10	1708
9	11	3380
9	12	3308
9	13	-2772
9	14	5508
9	15	6652
9	16	2164
9	17	-2396
9	18	-3532
9	19	-9388
9	20	6116
9	21	7108
9	22	3916
9	23	-7636
9	24	2700
9	25	-8396
9	26	-1404
9	27	3916
9	28	1332
9	29	-6956
9	30	-268
9	31	2164
9	32	2468
9	33	6116
9	34	-6348
9	35	7180
9	36	-1252
9	37	-1028
10	11	8628
10	12	2012
10	13	-3460
10	14	724
10	15	4444
10	16	4068
10	17	-2924
10	18	3076
10	19	-7484
10	20	-5660
10	21	3988
10	22	1404
10	23	12956
10	24	2620
10	25	-3612
10	26	6724
10	27	7180
10	28	3988
10	29	-9916
10	30	-5052
10	31	-7484
10	32	-2012
10	33	116
10	34	1028
10	35	4828
10	36	-10756
10	37	13036
11	12	3684
11	13	-1788
11	14	-948
11	15	340
11	16	2396
11	17	-4596
11	18	-6804
11	19	-3380
11	20	-7332
11	21	-116
11	22	3076
11	23	8852
11	24	-1484
11	25	-7716
11	26	2620
11	27	-2700
11	28	5660
11	29	-5812
11	30	-18276
11	31	-3380
11	32	-3684
11	33	4220
11	34	-644
11	35	-2620
11	36	2468
11	37	5588
12	13	-3076
12	14	5812
12	15	-10980
12	16	-9084
12	17	-2092
12	18	1940
12	19	8244
12	20	644
12	21	6804
12	22	9388
12	23	-2164
12	24	8172
12	25	-2924
12	26	-1708
12	27	-2164
12	28	1028
12	29	-6652
12	30	-5740
12	31	-3308
12	32	2772
12	33	-5132
12	34	-6044
12	35	-4068
12	36	-13108
12	37	-724
13	14	-11212
13	15	268
13	16	2772
13	17	3988
13	18	-4140
13	19	2772
13	20	6724
13	21	-5052
13	22	-8244
13	23	-2468
13	24	-3684
13	25	8324
13	26	9540
13	27	-2468
13	28	-5052
13	29	10980
13	30	6116
13	31	2772
13	32	3076
13	33	-4828
13	34	5812
13	35	2012
13	36	3916
13	37	-420
14	15	-3308
14	16	-11284
14	17	-948
14	18	12652
14	19	-5508
14	20	2092
14	21	7788
14	22	10980
14	23	-572
14	24	6420
14	25	188
14	26	-6804
14	27	-572
14	28	-3764
14	29	-2164
14	30	-3076
14	31	268
14	32	5740
14	33	2092
14	34	3004
14	35	1028
14	36	-1180
14	37	3460
15	16	16452
15	17	6116
15	18	-492
15	19	-6652
15	20	-2700
15	21	4372
15	22	1180
15	23	6956
15	24	-5812
15	25	420
15	26	1636
15	27	6956
15	28	-1404
15	29	-4220
15	30	2468
15	31	4900
15	32	-572
15	33	3076
15	34	-3612
15	35	4140
15	36	1788
15	37	7484
16	17	2396
16	18	-8020
16	19	-2164
16	20	-6116
16	21	4444
16	22	-3916
16	23	7636
16	24	-8476
16	25	-3156
16	26	7180
16	27	1860
16	28	-1332
16	29	-4596
16	30	268
16	31	3612
16	32	-2468
16	33	-340
16	34	-5204
16	35	-1404
16	36	1252
16	37	6804
17	18	10524
17	19	2396
17	20	4220
17	21	-116
17	22	3076
17	23	3076
17	24	-7260
17	25	3836
17	26	2620
17	27	3076
17	28	-116
17	29	-36
17	30	4828
17	31	2396
17	32	2092
17	33	4220
17	34	-644
17	35	-2620
17	36	2468
17	37	-188
18	19	-2244
18	20	1708
18	21	-36
18	22	2548
18	23	2548
18	24	1332
18	25	7564
18	26	-2772
18	27	-3228
18	28	-5812
18	29	5964
18	30	1100
18	31	-2244
18	32	-1940
18	33	1708
18	34	6572
18	35	-3004
18	36	-2620
18	37	6116
19	20	-340
19	21	-1332
19	22	1860
19	23	1860
19	24	3076
19	25	2620
19	26	-4372
19	27	-3916
19	28	-1332
19	29	1180
19	30	268
19	31	-2164
19	32	3308
19	33	-6116
19	34	-5204
19	35	-7180
19	36	-4524
19	37	-4748
20	21	2620
20	22	36
20	23	-5740
20	24	-4524
20	25	796
20	26	5356
20	27	5812
20	28	2620
20	29	3004
20	30	7868
20	31	5436
20	32	5132
20	33	1484
20	34	2396
20	35	6196
20	36	5204
20	37	-2924
21	22	7412
21	23	7412
21	24	420
21	25	-4900
21	26	2092
21	27	1636
21	28	-948
21	29	-10452
21	30	2012
21	31	-1332
21	32	10524
21	33	-3156
21	34	-9844
21	35	-2092
21	36	-3532
21	37	12804
22	23	4220
22	24	3004
22	25	-2316
22	26	-1100
22	27	9996
22	28	1636
22	29	-13036
22	30	-6348
22	31	7636
22	32	7940
22	33	36
22	34	-876
22	35	1100
22	36	-6724
22	37	-1332
23	24	-2772
23	25	-2316
23	26	4676
23	27	4220
23	28	1636
23	29	-7260
23	30	-6348
23	31	-3916
23	32	2164
23	33	36
23	34	-876
23	35	-4676
23	36	-948
23	37	15996
24	25	-3532
24	26	-13868
24	27	-2772
24	28	-5356
24	29	-268
24	30	644
24	31	-8476
24	32	3380
24	33	1252
24	34	-5436
24	35	-3460
24	36	-7940
24	37	-116
25	26	3916
25	27	-2316
25	28	-4900
25	29	10828
25	30	5964
25	31	2620
25	32	2924
25	33	-10756
25	34	11436
25	35	7636
25	36	-1708
25	37	-572
26	27	4676
26	28	2092
26	29	-1940
26	30	-1028
26	31	7180
26	32	1708
26	33	-6196
26	34	10220
26	35	6420
26	36	-492
26	37	3988
27	28	7412
27	29	-13036
27	30	5204
27	31	7636
27	32	2164
27	33	36
27	34	-876
27	35	12652
27	36	-6724
27	37	-1332
28	29	-10452
28	30	-3764
28	31	-7108
28	32	-1028
28	33	8396
28	34	-4068
28	35	3684
28	36	2244
28	37	-4524
29	30	3612
29	31	1180
29	32	-4900
29	33	-2772
29	34	9692
29	35	-3836
29	36	9460
29	37	-1404
30	31	268
30	32	5740
30	33	-3684
30	34	-2772
30	35	6804
30	36	-1180
30	37	-2316
31	32	-2468
31	33	-6116
31	34	6348
31	35	4372
31	36	1252
31	37	-4748
32	33	-644
32	34	268
32	35	4068
32	36	1556
32	37	724
33	34	-3380
33	35	-5356
33	36	10980
33	37	-2924
34	35	7108
34	36	4292
34	37	-2012
35	36	-5284
35	37	-3988
36	37	-1940
