0	1	820
0	2	-6324
0	3	3404
0	4	-1308
0	5	-1580
0	6	-1276
0	7	-1004
0	8	1916
0	9	-1732
0	10	-1884
0	11	-244
0	12	-2340
0	13	-548
0	14	-4196
0	15	-516
0	16	-4164
0	17	-6324
0	18	1124
0	19	-2980
0	20	4652
0	21	-7236
0	22	3740
0	23	3588
0	24	-6628
0	25	5380
0	26	-1276
0	27	-1612
0	28	2492
0	29	3740
0	30	-7052
0	31	-5564
0	32	-2492
0	33	-6900
0	34	548
0	35	4012
0	36	1428
0	37	2340
1	2	-3892
1	3	-5716
1	4	1124
1	5	-4012
1	6	-3708
1	7	1428
1	8	-516
1	9	1612
1	10	1460
1	11	-3588
1	12	6780
1	13	-3892
1	14	4012
1	15	8604
1	16	-820
1	17	-3892
1	18	3556
1	19	-548
1	20	-3556
1	21	972
1	22	1308
1	23	1156
1	24	1580
1	25	-3740
1	26	-3708
1	27	820
1	28	-852
1	29	-4468
1	30	-3708
1	31	2644
1	32	852
1	33	2220
1	34	3892
1	35	6444
1	36	-1916
1	37	-1004
2	3	-1308
2	4	-244
2	5	3132
2	6	3436
2	7	60
2	8	-4924
2	9	-2796
2	10	2828
2	11	820
2	12	2372
2	13	516
2	14	2644
2	15	-1580
2	16	548
2	17	6292
2	18	2188
2	19	-1916
2	20	-2188
2	21	5380
2	22	-3100
2	23	-3252
2	24	5988
2	25	-5108
2	26	-2340
2	27	-548
2	28	-7996
2	29	-3100
2	30	9212
2	31	1276
2	32	2220
2	33	3588
2	34	-516
2	35	-6476
2	36	-3284
2	37	3404
3	4	-2068
3	5	4956
3	6	-516
3	7	-1764
3	8	2676
3	9	-972
3	10	-1124
3	11	4772
3	12	-7356
3	13	4468
3	14	-4956
3	15	-5532
3	16	-3404
3	17	-1308
3	18	364
3	19	2036
3	20	11188
3	21	-7996
3	22	-1276
3	23	4348
3	24	-7388
3	25	10396
3	26	5260
3	27	-8148
3	28	7508
3	29	-1276
3	30	-516
3	31	-548
3	32	-1732
3	33	-364
3	34	1308
3	35	-2524
3	36	668
3	37	1580
4	5	3892
4	6	4196
4	7	-6476
4	8	-4164
4	9	-2036
4	10	-7964
4	11	60
4	12	-2644
4	13	-6020
4	14	1884
4	15	-820
4	16	1308
4	17	5532
4	18	1428
4	19	3100
4	20	-1428
4	21	-1156
4	22	3436
4	23	3284
4	24	-548
4	25	-92
4	26	-1580
4	27	-1308
4	28	-2980
4	29	3436
4	30	4196
4	31	516
4	32	-2796
4	33	-1428
4	34	-5532
4	35	-1460
4	36	-4044
4	37	-3132
5	6	-1308
5	7	-7964
5	8	-4500
5	9	-6628
5	10	-700
5	11	2828
5	12	-6020
5	13	3132
5	14	1004
5	15	-2068
5	16	-4196
5	17	3132
5	18	1460
5	19	-212
5	20	4316
5	21	-1732
5	22	-6324
5	23	-396
5	24	-2340
5	25	2980
5	26	4468
5	27	-1580
5	28	92
5	29	-548
5	30	4468
5	31	-3404
5	32	5684
5	33	-1460
5	34	2644
5	35	-7204
5	36	1156
5	37	244
6	7	-1884
6	8	972
6	9	-1156
6	10	-6780
6	11	-2644
6	12	-548
6	13	-2340
6	14	1308
6	15	-8148
6	16	7052
6	17	3436
6	18	-4012
6	19	5868
6	20	-1764
6	21	-1428
6	22	4924
6	23	-700
6	24	3740
6	25	-2492
6	26	-1612
6	27	-1276
6	28	-5380
6	29	4924
6	30	4164
6	31	2676
6	32	-6172
6	33	-1764
6	34	-9212
6	35	-1124
6	36	-4316
6	37	548
7	8	1308
7	9	9212
7	10	3284
7	11	364
7	12	2828
7	13	60
7	14	-3588
7	15	4652
7	16	1004
7	17	60
7	18	1732
7	19	-2372
7	20	-1732
7	21	4924
7	22	3132
7	23	2980
7	24	-244
7	25	212
7	26	-1884
7	27	-1004
7	28	3100
7	29	-2644
7	30	-1884
7	31	820
7	32	-3100
7	33	4044
7	34	-60
7	35	4620
7	36	2036
7	37	-2828
8	9	1428
8	10	1580
8	11	548
8	12	2036
8	13	852
8	14	-1276
8	15	-5564
8	16	3860
8	17	-4924
8	18	-6596
8	19	3284
8	20	820
8	21	-4012
8	22	1732
8	23	-3892
8	24	1156
8	25	700
8	26	972
8	27	1916
8	28	3588
8	29	1732
8	30	-4804
8	31	5868
8	32	-3588
8	33	820
8	34	-852
8	35	2068
8	36	-1124
8	37	3740
9	10	-548
9	11	2676
9	12	-92
9	13	-2796
9	14	-4924
9	15	3860
9	16	1732
9	17	2980
9	18	1308
9	19	-364
9	20	-1308
9	21	3892
9	22	5380
9	23	5532
9	24	-2492
9	25	2828
9	26	-1156
9	27	-1732
9	28	5716
9	29	-396
9	30	-1156
9	31	2220
9	32	-5716
9	33	4468
9	34	-2980
9	35	4196
9	36	1004
9	37	-5684
10	11	2524
10	12	5836
10	13	2828
10	14	700
10	15	4012
10	16	-3892
10	17	-2948
10	18	1156
10	19	-6292
10	20	-1156
10	21	3740
10	22	-6020
10	23	-5868
10	24	3132
10	25	-3100
10	26	-1004
10	27	3892
10	28	-212
10	29	-6020
10	30	-1004
10	31	2068
10	32	5988
10	33	4620
10	34	8724
10	35	-1732
10	36	852
10	37	5716
11	12	-3708
11	13	-4956
11	14	-8604
11	15	-1884
11	16	-5532
11	17	6596
11	18	2492
11	19	-7388
11	20	3284
11	21	-92
11	22	2372
11	23	2220
11	24	-5260
11	25	6748
11	26	-2644
11	27	-244
11	28	3860
11	29	2372
11	30	3132
11	31	1580
11	32	-3860
11	33	3284
11	34	-820
11	35	-6172
11	36	-2980
11	37	3708
12	13	-3404
12	14	6020
12	15	4468
12	16	2340
12	17	-3404
12	18	700
12	19	-972
12	20	-6476
12	21	3284
12	22	212
12	23	-5412
12	24	8452
12	25	-9332
12	26	-6324
12	27	3436
12	28	-6444
12	29	-5564
12	30	-548
12	31	7388
12	32	668
12	33	5076
12	34	3404
12	35	3588
12	36	-5380
12	37	5260
13	14	2644
13	15	-1580
13	16	548
13	17	-5260
13	18	-3588
13	19	3860
13	20	3588
13	21	-396
13	22	-8876
13	23	-3252
13	24	212
13	25	668
13	26	9212
13	27	-548
13	28	3556
13	29	-3100
13	30	-2340
13	31	-4500
13	32	7996
13	33	-2188
13	34	5260
13	35	-700
13	36	8268
13	37	-2372
14	15	2068
14	16	4196
14	17	-3132
14	18	-1460
14	19	5988
14	20	-4316
14	21	1732
14	22	-5228
14	23	-5380
14	24	8116
14	25	-8756
14	26	1308
14	27	1580
14	28	-5868
14	29	-5228
14	30	1308
14	31	3404
14	32	5868
14	33	1460
14	34	3132
14	35	1428
14	36	-1156
14	37	-244
15	16	-5260
15	17	-1580
15	18	8300
15	19	-4924
15	20	-2524
15	21	5108
15	22	-1612
15	23	4316
15	24	-1276
15	25	-1732
15	26	-2372
15	27	-516
15	28	1156
15	29	-7388
15	30	-2372
15	31	-2340
15	32	4620
15	33	3252
15	34	7356
15	35	5412
15	36	2220
15	37	-4468
16	17	548
16	18	-6900
16	19	8756
16	20	-4652
16	21	1460
16	22	2036
16	23	-3588
16	24	6628
16	25	-5380
16	26	1276
16	27	1612
16	28	-2492
16	29	2036
16	30	1276
16	31	5564
16	32	-3284
16	33	1124
16	34	-6324
16	35	1764
16	36	-1428
16	37	-2340
17	18	2188
17	19	-1916
17	20	-2188
17	21	5380
17	22	2676
17	23	2524
17	24	212
17	25	668
17	26	-2340
17	27	-548
17	28	-2220
17	29	2676
17	30	9212
17	31	1276
17	32	-3556
17	33	3588
17	34	-6292
17	35	-6476
17	36	-3284
17	37	-2372
18	19	-6020
18	20	1916
18	21	1276
18	22	1004
18	23	6628
18	24	-3892
18	25	2340
18	26	-4012
18	27	-4652
18	28	-548
18	29	-4772
18	30	1764
18	31	-2828
18	32	548
18	33	1916
18	34	3588
18	35	972
18	36	-1612
18	37	-700
19	20	244
19	21	-2828
19	22	-668
19	23	-820
19	24	3556
19	25	-1764
19	26	5868
19	27	-2980
19	28	1124
19	29	-668
19	30	92
19	31	4620
19	32	-1124
19	33	244
19	34	-3860
19	35	2644
19	36	60
19	37	-4804
20	21	-7052
20	22	-1004
20	23	4924
20	24	-7660
20	25	9212
20	26	4012
20	27	-6900
20	28	6324
20	29	-1004
20	30	-1764
20	31	-2948
20	32	-548
20	33	-1916
20	34	2188
20	35	-972
20	36	1612
20	37	700
21	22	-2188
21	23	-2340
21	24	5076
21	25	-6020
21	26	-1428
21	27	4316
21	28	-3132
21	29	-2188
21	30	4348
21	31	364
21	32	3132
21	33	4500
21	34	396
21	35	-1612
21	36	1580
21	37	-3284
22	23	5836
22	24	-2796
22	25	2524
22	26	-6628
22	27	-2036
22	28	-364
22	29	5684
22	30	-852
22	31	1916
22	32	-11188
22	33	-1004
22	34	-8452
22	35	3892
22	36	-5076
22	37	-212
23	24	-8724
23	25	8148
23	26	-700
23	27	-7964
23	28	5260
23	29	60
23	30	-700
23	31	-4012
23	32	-5260
23	33	-852
23	34	-2524
23	35	3740
23	36	548
23	37	-6140
24	25	-11188
24	26	-2036
24	27	4924
24	28	-8300
24	29	-2796
24	30	3740
24	31	6748
24	32	2524
24	33	3892
24	34	-212
24	35	-1004
24	36	-3588
24	37	3100
25	26	3284
25	27	-6172
25	28	9484
25	29	2524
25	30	-2492
25	31	-4348
25	32	-3708
25	33	-2340
25	34	-668
25	35	-548
25	36	2644
25	37	-2220
26	27	-1276
26	28	6172
26	29	-852
26	30	-1612
26	31	-3100
26	32	5380
26	33	-1764
26	34	2340
26	35	-1124
26	36	7236
26	37	-5228
27	28	-3284
27	29	3740
27	30	-1276
27	31	212
27	32	3284
27	33	-1124
27	34	548
27	35	-1764
27	36	1428
27	37	2340
28	29	-364
28	30	-5380
28	31	-1460
28	32	-820
28	33	548
28	34	2220
28	35	2340
28	36	5532
28	37	-5108
29	30	-852
29	31	-3860
29	32	-5412
29	33	-6780
29	34	-8452
29	35	-1884
29	36	700
29	37	-212
30	31	2676
30	32	-396
30	33	4012
30	34	-3436
30	35	-6900
30	36	-4316
30	37	548
31	32	-4316
31	33	8604
31	34	-1276
31	35	60
31	36	-8300
31	37	4164
32	33	-548
32	34	9332
32	35	-2340
32	36	6020
32	37	-668
33	34	2188
33	35	-972
33	36	-4164
33	37	700
34	35	700
34	36	3284
34	37	2372
35	36	1276
35	37	-3588
36	37	-6172
