0	1	1720
0	2	4000
0	3	3296
0	4	3088
0	5	-3904
0	6	-3544
0	7	-1112
0	8	4360
0	9	-5672
0	10	352
0	11	808
0	12	-5880
0	13	-504
0	14	-4512
0	15	-3696
0	16	-3848
0	17	-1416
0	18	-3848
0	19	2784
0	20	-8312
0	21	5272
0	22	-9016
0	23	-5576
0	24	-5672
0	25	5672
0	26	3544
0	27	-4968
0	28	960
0	29	-408
0	30	2936
0	31	2232
0	32	-3904
0	33	2080
0	34	-1264
0	35	-2536
0	36	-408
0	37	-2784
1	2	1016
1	3	9016
1	4	1928
1	5	3144
1	6	-1472
1	7	-3904
1	8	-3600
1	9	656
1	10	-1112
1	11	4208
1	12	-6432
1	13	1264
1	14	3752
1	15	-1320
1	16	-1168
1	17	-3600
1	18	-1168
1	19	-3544
1	20	-4000
1	21	1264
1	22	-1776
1	23	-960
1	24	6432
1	25	-6432
1	26	1472
1	27	4208
1	28	-1720
1	29	-352
1	30	-3696
1	31	-1472
1	32	3144
1	33	-1320
1	34	-3752
1	35	1776
1	36	-6128
1	37	3544
2	3	-256
2	4	-352
2	5	864
2	6	808
2	7	4152
2	8	-1320
2	9	-2840
2	10	-3392
2	11	1928
2	12	-2936
2	13	-2232
2	14	-4304
2	15	960
2	16	-4664
2	17	-1320
2	18	-4664
2	19	-48
2	20	-6280
2	21	-2232
2	22	-5272
2	23	-9016
2	24	-2840
2	25	2840
2	26	-808
2	27	-3848
2	28	1776
2	29	-8408
2	30	5576
2	31	6584
2	32	864
2	33	960
2	34	-1472
2	35	-504
2	36	3144
2	37	48
3	4	-1168
3	5	3392
3	6	712
3	7	-8408
3	8	-2936
3	9	4360
3	10	-3904
3	11	2328
3	12	-4360
3	13	-2024
3	14	2784
3	15	-5216
3	16	-5368
3	17	-2936
3	18	408
3	19	-7248
3	20	-1016
3	21	3752
3	22	-4760
3	23	-4056
3	24	4360
3	25	-4360
3	26	5064
3	27	2328
3	28	-3296
3	29	1112
3	30	-1320
3	31	-5064
3	32	3392
3	33	-5216
3	34	-8560
3	35	-1016
3	36	-10440
3	37	7248
4	5	-4000
4	6	-5880
4	7	3240
4	8	3544
4	9	-9528
4	10	-2480
4	11	8616
4	12	-2024
4	13	2632
4	14	2384
4	15	5824
4	16	5976
4	17	3544
4	18	200
4	19	864
4	20	-5368
4	21	-3144
4	22	-408
4	23	3448
4	24	2024
4	25	-2024
4	26	104
4	27	2840
4	28	-3088
4	29	4056
4	30	712
4	31	5672
4	32	-4000
4	33	5824
4	34	3392
4	35	6184
4	36	4056
4	37	-864
5	6	-1320
5	7	-3752
5	8	-3448
5	9	6584
5	10	-1264
5	11	-1720
5	12	-808
5	13	1416
5	14	3600
5	15	-1168
5	16	-1016
5	17	-3448
5	18	-1016
5	19	-3696
5	20	1624
5	21	1416
5	22	4152
5	23	-1112
5	24	808
5	25	-808
5	26	1320
5	27	-1720
5	28	3904
5	29	-6280
5	30	-3848
5	31	-1320
5	32	8768
5	33	-1168
5	34	-3600
5	35	-4152
5	36	-6280
5	37	3696
6	7	2080
6	8	-4000
6	9	3296
6	10	-2840
6	11	-2384
6	12	2480
6	13	-8864
6	14	-1928
6	15	-504
6	16	-6432
6	17	1776
6	18	-656
6	19	-6184
6	20	5824
6	21	-3088
6	22	-48
6	23	-2992
6	24	3296
6	25	-3296
6	26	352
6	27	3392
6	28	-2232
6	29	2176
6	30	5520
6	31	-352
6	32	-1320
6	33	-6280
6	34	-3848
6	35	48
6	36	2176
6	37	6184
7	8	-1568
7	9	-5824
7	10	504
7	11	960
7	12	48
7	13	-656
7	14	-4360
7	15	7704
7	16	1776
7	17	4208
7	18	-4000
7	19	2936
7	20	-2384
7	21	-6432
7	22	2384
7	23	352
7	24	-48
7	25	48
7	26	-2080
7	27	960
7	28	1112
7	29	-256
7	30	3088
7	31	7856
7	32	-3752
7	33	1928
7	34	4360
7	35	3392
7	36	11296
7	37	-2936
8	9	-6128
8	10	808
8	11	1264
8	12	352
8	13	-960
8	14	1720
8	15	-4152
8	16	1472
8	17	-1872
8	18	1472
8	19	3240
8	20	-2080
8	21	4816
8	22	-3696
8	23	656
8	24	-6128
8	25	6128
8	26	-1776
8	27	-4512
8	28	1416
8	29	48
8	30	3392
8	31	1776
8	32	-3448
8	33	7400
8	34	4056
8	35	-2080
8	36	48
8	37	-3240
9	10	-712
9	11	-6032
9	12	4608
9	13	560
9	14	200
9	15	-2632
9	16	-2784
9	17	-352
9	18	2992
9	19	-4056
9	20	7952
9	21	560
9	22	3600
9	23	-864
9	24	1168
9	25	-1168
9	26	2480
9	27	-256
9	28	-104
9	29	-1472
9	30	-3904
9	31	-8256
9	32	6584
9	33	-8408
9	34	-5976
9	35	-3600
9	36	-7248
9	37	4056
10	11	-5976
10	12	-5064
10	13	5672
10	14	-656
10	15	-2688
10	16	3240
10	17	-4968
10	18	-2536
10	19	9376
10	20	-2632
10	21	5672
10	22	2632
10	23	6184
10	24	-712
10	25	712
10	26	-2936
10	27	-200
10	28	5424
10	29	1016
10	30	-8104
10	31	-2840
10	32	-1264
10	33	3088
10	34	6432
10	35	-2632
10	36	1016
10	37	-9376
11	12	256
11	13	352
11	14	4664
11	15	3544
11	16	3696
11	17	1264
11	18	3696
11	19	-2632
11	20	-3088
11	21	-5424
11	22	-2688
11	23	-48
11	24	5520
11	25	-5520
11	26	-3392
11	27	5120
11	28	-6584
11	29	560
11	30	2992
11	31	3392
11	32	-1720
11	33	3544
11	34	1112
11	35	8464
11	36	560
11	37	2632
12	13	-560
12	14	-200
12	15	2632
12	16	2784
12	17	6128
12	18	8560
12	19	-1720
12	20	9376
12	21	-6336
12	22	2176
12	23	864
12	24	-1168
12	25	1168
12	26	-2480
12	27	256
12	28	-5672
12	29	1472
12	30	3904
12	31	-3296
12	32	-808
12	33	-3144
12	34	200
12	35	3600
12	36	1472
12	37	1720
13	14	808
13	15	2536
13	16	8160
13	17	-960
13	18	2384
13	19	8104
13	20	-2992
13	21	-48
13	22	2992
13	23	5520
13	24	560
13	25	-560
13	26	-2688
13	27	352
13	28	504
13	29	-864
13	30	-9072
13	31	-3088
13	32	1416
13	33	2536
13	34	4968
13	35	2784
13	36	-864
13	37	-8104
14	15	-1776
14	16	4152
14	17	-4056
14	18	4152
14	19	-3088
14	20	2232
14	21	808
14	22	3544
14	23	5272
14	24	5976
14	25	-5976
14	26	-3848
14	27	4664
14	28	-1264
14	29	104
14	30	-3240
14	31	-1928
14	32	3600
14	33	4000
14	34	1568
14	35	2232
14	36	-5672
14	37	3088
15	16	4968
15	17	7400
15	18	-808
15	19	-256
15	20	200
15	21	-9016
15	22	5576
15	23	2936
15	24	3144
15	25	-3144
15	26	504
15	27	3544
15	28	-2080
15	29	2328
15	30	-104
15	31	5272
15	32	-1168
15	33	-656
15	34	1776
15	35	5976
15	36	8104
15	37	256
16	17	1472
16	18	4816
16	19	5672
16	20	352
16	21	-3392
16	22	5424
16	23	8864
16	24	2992
16	25	-2992
16	26	-5120
16	27	3696
16	28	-1928
16	29	2480
16	30	-5728
16	31	-656
16	32	-1016
16	33	4968
16	34	7400
16	35	6128
16	36	2480
16	37	-5672
17	18	1472
17	19	-2536
17	20	3696
17	21	-6736
17	22	2080
17	23	656
17	24	-352
17	25	352
17	26	4000
17	27	1264
17	28	-4360
17	29	5824
17	30	3392
17	31	1776
17	32	-3448
17	33	-4152
17	34	-1720
17	35	3696
17	36	5824
17	37	2536
18	19	-104
18	20	6128
18	21	-3392
18	22	-352
18	23	3088
18	24	2992
18	25	-2992
18	26	-5120
18	27	3696
18	28	-7704
18	29	2480
18	30	48
18	31	-6432
18	32	-1016
18	33	-808
18	34	1624
18	35	6128
18	36	-3296
18	37	104
19	20	-5064
19	21	2328
19	22	-712
19	23	3752
19	24	-4056
19	25	4056
19	26	-5368
19	27	-2632
19	28	2992
19	29	-1416
19	30	-4760
19	31	-408
19	32	-3696
19	33	5520
19	34	8864
19	35	712
19	36	4360
19	37	-12720
20	21	-2992
20	22	5520
20	23	3296
20	24	2176
20	25	-2176
20	26	-48
20	27	2688
20	28	-3240
20	29	3904
20	30	560
20	31	-5728
20	32	1624
20	33	-5576
20	34	-2232
20	35	256
20	36	-1872
20	37	5064
21	22	-2784
21	23	-256
21	24	-5216
21	25	5216
21	26	3088
21	27	-5424
21	28	6280
21	29	-864
21	30	-3296
21	31	-3088
21	32	1416
21	33	2536
21	34	-808
21	35	-8768
21	36	-6640
21	37	-2328
22	23	8256
22	24	3600
22	25	-3600
22	26	48
22	27	3088
22	28	3240
22	29	1872
22	30	-6336
22	31	-48
22	32	4152
22	33	-200
22	34	2232
22	35	-256
22	36	1872
22	37	712
23	24	4912
23	25	-4912
23	26	-2784
23	27	5728
23	28	-200
23	29	6944
23	30	-7952
23	31	-2992
23	32	-1112
23	33	2936
23	34	6280
23	35	3296
23	36	1168
23	37	-3752
24	25	-12720
24	26	-3296
24	27	11296
24	28	-5880
24	29	4304
24	30	-3904
24	31	-2480
24	32	808
24	33	-2632
24	34	-200
24	35	7952
24	36	-1472
24	37	4056
25	26	3296
25	27	-11296
25	28	5880
25	29	-4304
25	30	3904
25	31	2480
25	32	-808
25	33	2632
25	34	200
25	35	-7952
25	36	1472
25	37	-4056
26	27	-3392
26	28	2232
26	29	3600
26	30	256
26	31	352
26	32	1320
26	33	-5272
26	34	-7704
26	35	-5824
26	36	-2176
26	37	5368
27	28	-6584
27	29	6336
27	30	-2784
27	31	-2384
27	32	-1720
27	33	-2232
27	34	1112
27	35	8464
27	36	560
27	37	2632
28	29	-5368
28	30	-2936
28	31	3544
28	32	3904
28	33	3696
28	34	1264
28	35	-9016
28	36	408
28	37	-2992
29	30	-1568
29	31	-3600
29	32	-6280
29	33	-3448
29	34	-104
29	35	3904
29	36	1776
29	37	1416
30	31	5520
30	32	-3848
30	33	-104
30	34	-2536
30	35	560
30	36	4208
30	37	4760
31	32	-1320
31	33	5272
31	34	1928
31	35	48
31	36	7952
31	37	408
32	33	-1168
32	34	-3600
32	35	-4152
32	36	-6280
32	37	3696
33	34	7552
33	35	200
33	36	2328
33	37	-5520
34	35	3544
34	36	5672
34	37	-8864
35	36	3904
35	37	-712
36	37	-4360
