0	1	1520
0	2	-3496
0	3	1824
0	4	2736
0	5	-5320
0	6	-1368
0	7	-7144
0	8	1824
0	9	4560
0	10	-5320
0	11	-5624
0	12	-6992
0	13	-4560
0	14	1368
0	15	-3192
0	16	2128
0	17	-456
0	18	2888
0	19	3344
0	20	-2888
0	21	-608
0	22	-3952
0	23	5776
0	24	-760
0	25	-456
0	26	-5016
0	27	1368
0	28	-5928
0	29	-4560
0	30	-1368
0	31	-2736
0	33	11856
0	34	-3952
0	35	-1824
0	36	1672
0	37	1216
1	2	-2280
1	3	-2736
1	4	-4256
1	5	5016
1	6	3192
1	7	-5928
1	8	608
1	9	9120
1	10	5016
1	11	1368
1	12	-2432
1	13	-9120
1	14	5928
1	15	1368
1	16	912
1	17	760
1	18	-4104
1	19	-1216
1	20	-4104
1	21	608
1	22	-2736
1	23	-1216
1	24	-7752
1	25	-7448
1	26	1976
1	27	152
1	28	-1368
1	29	-9120
1	30	3192
1	31	7600
1	32	6992
1	33	1520
1	34	-2736
1	35	10944
1	36	-11096
1	37	5776
2	3	-1976
2	4	-5016
2	5	-1520
2	6	-3344
2	7	608
2	8	-152
2	9	-3192
2	10	-1520
2	11	2128
2	12	8360
2	13	3192
2	14	-608
2	15	6384
2	16	5928
2	17	1520
2	18	912
2	19	-456
2	20	912
2	21	-4408
2	22	-1976
2	23	-1976
2	24	-2736
2	25	-2432
2	26	2736
2	27	-608
2	28	3648
2	29	3192
2	30	-3344
2	31	1064
2	32	-3800
2	33	-3496
2	34	-1976
2	35	152
2	36	-304
2	37	-760
3	4	1216
3	5	-1064
3	6	-2888
3	7	152
3	8	6080
3	9	-2736
3	10	-1064
3	11	1672
3	12	-2736
3	13	2736
3	14	-152
3	15	-4712
3	16	608
3	17	-4712
3	18	1368
3	19	-912
3	20	1368
3	21	912
3	22	-2432
3	23	4256
3	24	3496
3	25	3800
3	26	2280
3	27	-152
3	28	4104
3	29	2736
3	30	-2888
3	31	-4256
3	32	-4256
3	33	1824
3	34	-2432
3	35	-6080
3	36	152
3	37	-6080
4	5	-3496
4	6	-1672
4	7	-1368
4	8	912
4	9	-1824
4	10	-3496
4	11	-8664
4	12	-7600
4	13	1824
4	14	-4408
4	15	152
4	16	-5168
4	17	3496
4	18	5624
4	19	5472
4	20	-152
4	21	-2128
4	22	1216
4	23	2736
4	24	-2280
4	25	8968
4	26	-3496
4	27	-4408
4	28	-2888
4	29	1824
4	30	-1672
4	31	-304
4	32	3040
4	33	2736
4	34	1216
4	35	-912
4	36	6840
4	37	1520
5	6	6384
5	7	2128
5	8	-2584
5	9	456
5	10	10336
5	11	6384
5	12	456
5	13	-456
5	14	-2128
5	15	2432
5	16	2888
5	17	1216
5	18	-3648
5	19	-8360
5	20	-3648
5	21	7144
5	22	4712
5	23	-6536
5	25	-6080
5	26	5776
5	27	3648
5	28	5168
5	29	-456
5	30	6384
5	31	1976
5	32	760
5	33	-5320
5	34	4712
5	35	2584
5	36	-2432
5	37	-1976
6	7	304
6	8	-6536
6	9	2280
6	10	6384
6	11	4560
6	12	-3496
6	13	-2280
6	14	-304
6	15	-1520
6	16	-1064
6	17	-608
6	18	-1824
6	19	-4408
6	20	-1824
6	21	5320
6	22	2888
6	23	-4712
6	24	1824
6	25	-4256
6	26	3952
6	27	-304
6	28	1216
6	29	-2280
6	30	8208
6	31	-1976
6	32	-1064
6	33	-1368
6	34	2888
6	35	760
6	36	-608
6	37	-152
7	8	-2280
7	9	-5320
7	10	2128
7	11	4256
7	12	6232
7	13	5320
7	14	-2736
7	15	-1520
7	16	-1976
7	17	-2128
7	18	-1216
7	19	-4104
7	20	4560
7	21	3496
7	22	5928
7	23	-4104
7	24	6688
7	25	1216
7	26	-912
7	27	3040
7	28	1520
7	29	5320
7	30	304
7	31	-1064
7	32	-1672
7	33	-7144
7	34	5928
7	35	-3496
7	36	3344
7	37	-2888
8	9	-912
8	10	-2584
8	11	-3800
8	12	-912
8	13	912
8	14	2280
8	15	1064
8	16	1520
8	17	2584
8	18	-5016
8	19	4560
8	20	-5016
8	21	-3040
8	22	-5472
8	23	9424
8	24	-1368
8	25	4104
8	26	1368
8	27	2280
8	28	3800
8	29	912
8	30	-6536
8	31	608
8	32	2128
8	33	1824
8	34	-5472
8	35	-1824
8	36	-3800
8	37	-3344
9	10	456
9	11	-1064
9	12	-3648
9	13	-7904
9	14	5320
9	15	-1672
9	16	-1216
9	17	-456
9	18	-1976
9	19	1520
9	20	-1976
9	21	-304
9	22	-2736
9	23	912
9	24	-4104
9	25	-4408
9	26	-1672
9	27	-456
9	28	-4712
9	29	-7904
9	30	2280
9	31	3648
9	32	4864
9	33	4560
9	34	-2736
9	35	6688
9	36	-6536
9	37	5472
10	11	6384
10	12	456
10	13	-456
10	14	-2128
10	15	2432
10	16	2888
10	17	1216
10	18	-3648
10	19	-8360
10	20	-3648
10	21	7144
10	22	4712
10	23	-6536
10	25	-6080
10	26	5776
10	27	3648
10	28	5168
10	29	-456
10	30	6384
10	31	1976
10	32	760
10	33	-5320
10	34	4712
10	35	2584
10	36	-2432
10	37	-1976
11	12	4712
11	13	1064
11	14	1520
11	15	-3040
11	16	2280
11	17	-6384
11	18	-2736
11	19	-8360
11	20	3040
11	21	5016
11	22	1672
11	23	-5624
11	24	5168
11	25	-6080
11	26	6384
11	27	1520
11	28	5776
11	29	1064
11	30	4560
11	31	-2584
11	32	-5928
11	33	-5624
11	34	1672
11	35	-1976
11	36	-3952
11	37	-4408
12	13	3648
12	14	-456
12	15	4104
12	16	4560
12	17	-456
12	18	-1976
12	19	-4256
12	20	3800
12	21	-304
12	22	3040
12	23	-4864
12	24	1672
12	25	-4408
12	26	-1672
12	27	5320
12	28	1064
12	29	3648
12	30	-3496
12	31	3648
12	32	-912
12	33	-6992
12	34	3040
12	35	912
12	36	-760
12	37	-304
13	14	-5320
13	15	1672
13	16	1216
13	17	456
13	18	1976
13	19	-1520
13	20	1976
13	21	304
13	22	2736
13	23	-912
13	24	4104
13	25	4408
13	26	1672
13	27	456
13	28	4712
13	29	7904
13	30	-2280
13	31	-3648
13	32	-4864
13	33	-4560
13	34	2736
13	35	-6688
13	36	6536
13	37	-5472
14	15	-4256
14	16	-3800
14	17	-3648
14	18	-4560
14	19	4104
14	20	1216
14	21	-3496
14	22	-5928
14	23	4104
14	24	-912
14	25	-1216
14	26	912
14	27	-3040
14	28	-1520
14	29	-5320
14	30	-304
14	31	1064
14	32	1672
14	33	1368
14	34	-5928
14	35	3496
14	36	-9120
14	37	2888
15	16	6536
15	17	9120
15	19	-456
15	20	-5776
15	21	-2280
15	22	1064
15	23	-2888
15	24	-7904
15	25	-2432
15	26	2128
15	27	1520
15	28	3040
15	29	1672
15	30	-1520
15	31	5624
15	32	2888
15	33	-3192
15	34	1064
15	35	4712
15	36	1216
15	37	1672
16	17	2888
16	18	456
16	19	-6688
16	20	-5320
16	21	3040
16	22	608
16	23	-2432
16	24	-1672
16	25	-7752
16	26	1672
16	27	7752
16	28	3496
16	29	1216
16	30	-1064
16	31	304
16	32	-3344
16	33	2128
16	34	608
16	35	-1520
16	36	1672
16	37	-3648
17	18	-2128
17	19	2584
17	20	-7904
17	21	-1368
17	22	1064
17	23	760
17	24	-5776
17	25	304
17	27	2128
17	28	608
17	29	456
17	30	-608
17	31	3800
17	32	5016
17	33	-456
17	34	1064
17	35	3192
17	36	2432
17	37	1976
18	19	-152
18	20	5472
18	21	-1976
18	22	1368
18	23	-3192
18	24	-2432
18	25	3040
18	26	-3344
18	27	-4560
18	28	-3040
18	29	1976
18	30	-1824
18	31	-456
18	32	-2584
18	33	2888
18	34	1368
18	35	-760
18	36	6688
18	37	1368
19	20	-152
19	21	-9120
19	22	-6688
19	23	8512
19	24	-3800
19	25	8056
19	26	-1976
19	27	-7448
19	28	-3192
19	29	-1520
19	30	-4408
19	32	3040
19	33	3344
19	34	-6688
19	35	1216
19	36	-1368
19	37	3952
20	21	-1976
20	22	1368
20	23	-3192
20	24	3344
20	25	3040
20	26	-3344
20	27	-4560
20	28	-3040
20	29	1976
20	30	-1824
20	31	-456
20	32	-2584
20	33	-2888
20	34	1368
20	35	-760
20	36	912
20	37	1368
21	22	6688
21	23	-4864
21	24	5928
21	25	-5320
21	26	-152
21	27	8056
21	28	760
21	29	304
21	30	5320
21	31	-1824
21	32	-912
21	33	-608
21	34	6688
21	35	-2736
21	36	2584
21	37	-3648
22	23	-7296
22	24	3496
22	25	-1976
22	26	-3496
22	27	5624
22	28	-1672
22	29	2736
22	30	2888
22	31	1520
22	32	1520
22	33	-3952
22	34	9120
22	35	-304
22	36	5928
22	37	-304
23	24	456
23	25	5928
23	26	-456
23	27	-1672
23	28	-152
23	29	-912
23	30	-4712
23	31	-3344
23	32	304
23	33	5776
23	34	-7296
23	35	-3648
23	36	-1976
23	37	-1520
24	25	912
24	26	-1216
24	27	4864
24	28	608
24	29	4104
24	30	1824
24	31	-8360
24	32	-6232
24	33	-760
24	34	3496
24	35	-10184
24	36	4560
24	37	-6536
25	26	-912
25	27	-6992
25	28	304
25	29	4408
25	30	-4256
25	31	-2888
25	32	-152
25	33	-456
25	34	-1976
25	35	-4104
25	36	4256
25	37	-1064
26	27	-4864
26	28	10944
26	29	1672
26	30	3952
26	31	-3192
26	32	-5320
26	33	-5016
26	34	-3496
26	35	-1368
26	36	-4560
26	37	-5016
27	28	-1520
27	29	456
27	30	-304
27	31	1064
27	32	1672
27	33	1368
27	34	5624
27	35	-2280
27	36	2432
27	37	-2888
28	29	4712
28	30	1216
28	31	-3192
28	32	-5624
28	33	-5928
28	34	-1672
28	35	-3800
28	36	-1824
28	37	-7144
29	30	-2280
29	31	-3648
29	32	-4864
29	33	-4560
29	34	2736
29	35	-6688
29	36	6536
29	37	-5472
30	31	-1976
30	32	-1064
30	33	-1368
30	34	2888
30	35	760
30	36	-608
30	37	-152
31	32	9120
31	33	-2736
31	34	1520
31	35	10944
31	36	-5016
31	37	6992
32	34	1520
32	35	9424
32	36	-3800
32	37	7296
33	34	-3952
33	35	-1824
33	36	1672
33	37	1216
34	35	-304
34	36	5928
34	37	-304
35	36	-7752
35	37	9120
36	37	-3192
