0	1	-912
0	2	-152
0	4	-5016
0	5	5928
0	6	-5320
0	7	-1216
0	9	5016
0	10	152
0	11	-2280
0	12	3344
0	13	304
0	14	304
0	15	-2888
0	16	-1368
0	17	3496
0	18	4864
0	19	2280
0	20	-2280
0	21	-608
0	22	-1976
0	23	-456
0	24	6536
0	25	-2432
0	26	2888
0	27	-9120
0	28	-2888
0	29	152
0	30	-1976
0	31	1976
0	32	-8816
0	33	-3344
0	34	-3344
0	35	-2432
0	36	2280
0	37	-3952
1	3	152
1	4	912
1	5	304
1	6	608
1	7	-1368
1	8	152
1	9	-912
1	10	-5776
1	11	-2128
1	12	3496
1	13	-5320
1	14	456
1	15	2736
1	16	-1216
1	17	-7904
1	18	4712
1	19	-3648
1	20	3648
1	21	-760
1	22	-1824
1	23	-608
1	24	-4864
1	25	-2584
1	26	-8816
1	27	2280
1	28	-3040
1	30	3952
1	31	-3952
1	32	-3192
1	33	2584
1	34	2280
1	35	-2280
1	36	2128
1	37	1672
2	3	912
2	4	-5624
2	5	760
2	6	456
2	7	304
2	8	-4864
2	9	5624
2	10	4712
2	11	-2584
2	12	-2432
2	13	608
2	14	608
2	15	1976
2	16	-3496
2	17	3192
2	18	5776
2	19	2584
2	20	-2584
2	21	-304
2	22	2888
2	23	-456
2	24	-5624
2	25	-4256
2	26	-3800
2	27	2432
2	28	-3800
2	29	-6840
2	30	2888
2	31	-2888
2	32	2128
2	33	4256
2	34	2432
2	35	9120
2	36	2584
2	37	3040
3	5	608
3	6	304
3	7	6232
3	8	6536
3	10	-6688
3	11	-2736
3	12	3192
3	13	6232
3	14	-5320
3	15	2128
3	16	-3648
3	17	-2736
3	18	152
3	19	2736
3	20	-2736
3	21	11400
3	22	-3040
3	23	-6080
3	25	1672
3	26	2128
3	27	2584
3	28	7904
3	29	-6688
3	30	-3040
3	31	3040
3	32	-3496
3	33	4104
3	34	-3192
3	35	-2584
3	36	-8816
3	37	3192
4	5	-5928
4	6	5320
4	7	1216
4	8	5776
4	9	-10792
4	10	-152
4	11	2280
4	12	-3344
4	13	-304
4	14	-304
4	15	-2888
4	16	1368
4	17	-3496
4	18	-4864
4	19	-2280
4	20	2280
4	21	608
4	22	-3800
4	23	-5320
4	24	-760
4	25	8208
4	26	2888
4	27	3344
4	28	2888
4	29	-152
4	30	-3800
4	31	3800
4	32	3040
4	33	3344
4	34	3344
4	35	-3344
4	36	-2280
4	37	3952
5	6	-11400
5	7	608
5	8	-5168
5	9	5928
5	10	-760
5	11	-2888
5	12	8816
5	13	6080
5	14	-5472
5	15	-3496
5	16	-3800
5	17	2888
5	18	6080
5	19	8664
5	20	-8664
5	22	2584
5	23	5624
5	24	5624
5	25	-3952
5	26	2280
5	27	-8816
5	28	2280
5	29	-760
5	30	2584
5	31	-2584
5	32	-3344
5	33	-1824
5	34	-8816
5	35	3040
5	36	-2888
5	37	-2432
6	7	912
6	8	6080
6	9	-5320
6	10	-456
6	11	2584
6	12	-8816
6	13	-5776
6	14	5776
6	15	2584
6	16	1672
6	17	-3192
6	18	-5168
6	19	-8360
6	20	8360
6	21	304
6	22	-3496
6	23	-5624
6	24	-6232
6	25	2128
6	26	-3192
6	27	8816
6	28	-3192
6	29	-456
6	30	-3496
6	31	3496
6	32	2736
6	33	3648
6	34	8816
6	35	-3040
6	36	3192
6	37	3648
7	8	6232
7	9	-1216
7	10	-6080
7	11	-1824
7	12	-1976
7	13	6536
7	14	760
7	15	-3344
7	16	-6688
7	17	-1824
7	18	-1368
7	19	1824
7	20	-1824
7	21	4712
7	22	-1520
7	23	-912
7	24	1216
7	25	-2888
7	26	2432
7	27	1976
7	28	2432
7	29	-6080
7	30	-7296
7	31	7296
7	32	2280
7	33	8664
7	34	-3800
7	35	-1976
7	36	-3952
7	37	7144
8	9	-5776
8	10	-6688
8	11	3040
8	12	-2584
8	13	456
8	14	456
8	15	-3648
8	16	-3648
8	17	-2736
8	18	-5624
8	19	-3040
8	20	3040
8	21	5624
8	22	-8816
8	23	-6080
8	25	1672
8	26	2128
8	27	2584
8	28	2128
8	29	-912
8	30	-8816
8	31	8816
8	32	-3496
8	33	4104
8	34	2584
8	35	-8360
8	36	-3040
8	37	3192
9	10	152
9	11	-2280
9	12	3344
9	13	304
9	14	304
9	15	2888
9	16	-1368
9	17	3496
9	18	4864
9	19	2280
9	20	-2280
9	21	-608
9	22	3800
9	23	5320
9	24	760
9	25	-8208
9	26	-2888
9	27	-3344
9	28	-2888
9	29	152
9	30	3800
9	31	-3800
9	32	-3040
9	33	-3344
9	34	-3344
9	35	3344
9	36	2280
9	37	-3952
10	11	2584
10	12	-3344
10	13	-608
10	14	-608
10	15	-1976
10	16	3496
10	17	8360
10	19	3192
10	20	-3192
10	21	-5472
10	22	2888
10	23	456
10	24	-152
10	25	4256
10	26	3800
10	27	-2432
10	28	-1976
10	29	1064
10	30	2888
10	31	-2888
10	32	3648
10	33	-4256
10	34	3344
10	35	8208
10	36	3192
10	37	-3040
11	12	-304
11	13	-3040
11	14	-3040
11	15	-5928
11	16	-1368
11	17	5320
11	18	-7904
11	19	456
11	20	-456
11	21	-2432
11	22	-6536
11	23	3192
11	24	-3496
11	25	-608
11	26	-152
11	27	304
11	28	-152
11	29	8360
11	30	-760
11	31	760
11	33	-5168
11	34	6080
11	35	-304
11	36	456
11	37	-4864
12	13	2888
12	14	-8664
12	15	-304
12	16	-1216
12	17	-304
12	18	3496
12	19	6080
12	20	-6080
12	21	3192
12	22	-608
12	23	3040
12	24	2432
12	25	-760
12	26	-304
12	27	-5624
12	28	5472
12	29	2432
12	30	5168
12	31	-5168
12	32	-5928
12	33	-5016
12	34	-5624
12	35	-152
12	36	-5472
12	37	-5016
13	14	-5624
13	15	-3344
13	16	-3952
13	17	2736
13	18	456
13	19	8816
13	20	-8816
13	21	5928
13	22	2432
13	24	5472
13	25	1976
13	26	8208
13	27	-2888
13	28	8208
13	29	-6384
13	30	-3344
13	31	3344
13	32	2584
13	33	3800
13	34	-8664
13	35	2888
13	36	-8512
13	37	3496
14	15	2432
14	16	1824
14	17	-3040
14	18	456
14	19	-8512
14	20	8512
14	21	-5624
14	22	2432
14	24	-304
14	25	-3800
14	26	-3344
14	27	2888
14	28	-9120
14	29	-608
14	30	-3344
14	31	3344
14	32	2584
14	33	3800
14	34	2888
14	35	-2888
14	36	8816
14	37	3496
15	16	6536
15	17	-5928
15	18	2736
15	19	-5624
15	20	5624
15	21	3040
15	22	5928
15	23	-2584
15	24	-2888
15	25	1216
15	26	-5016
15	27	6080
15	28	760
15	29	-1976
15	30	5928
15	31	-5928
15	32	608
15	33	-1216
15	34	304
15	35	-304
15	36	152
15	37	-304
16	17	-1368
16	18	-1216
16	19	-4408
16	20	4408
16	21	-1520
16	22	4104
16	23	-1672
16	24	1368
16	25	6080
16	26	760
16	27	1216
16	28	760
16	29	3496
16	30	4104
16	31	-4104
16	32	912
16	33	-6080
16	34	1216
16	35	-1216
16	36	1368
16	37	-3952
17	18	-2128
17	19	6232
17	20	-6232
17	21	-2432
17	22	-760
17	23	3192
17	24	2280
17	25	-608
17	26	5624
17	27	-5472
17	28	-152
17	29	2584
17	30	-760
17	31	760
17	33	-5168
17	34	304
17	35	5472
17	36	456
17	37	-4864
18	19	2128
18	20	-2128
18	21	-760
18	22	3952
18	23	-608
18	24	912
18	25	-2584
18	26	-3040
18	27	-3496
18	28	-3040
18	29	-5776
18	30	3952
18	31	-3952
18	32	-3192
18	33	2584
18	34	-3496
18	35	3496
18	36	2128
18	37	1672
19	20	-11096
19	21	2432
19	22	760
19	23	2584
19	24	3496
19	25	608
19	26	5928
19	27	-6080
19	28	5928
19	29	-2584
19	30	760
19	31	-760
19	33	-608
19	34	-6080
19	35	6080
19	36	-6232
19	37	-912
20	21	-2432
20	22	-760
20	23	-2584
20	24	-3496
20	25	-608
20	26	-5928
20	27	6080
20	28	-5928
20	29	2584
20	30	-760
20	31	760
20	33	608
20	34	6080
20	35	-6080
20	36	6232
20	37	912
21	22	-2128
21	23	-6080
21	24	608
21	25	3496
21	26	3040
21	27	2584
21	28	8816
21	29	-5472
21	30	-2128
21	31	2128
21	32	-2888
21	33	2280
21	34	-3192
21	35	-2584
21	36	-9120
21	37	1976
22	23	3496
22	24	1976
22	25	-304
22	26	152
22	27	608
22	28	152
22	29	-2888
22	30	4712
22	31	-4712
22	32	6080
22	33	304
22	34	-5168
22	35	5168
22	36	760
22	37	1216
23	24	456
23	25	-7904
23	26	-2584
23	27	-3040
23	28	-2584
23	29	6232
23	30	3496
23	31	-3496
23	32	3040
23	33	-3648
23	34	-3040
23	35	3040
23	36	2584
23	37	-3648
24	25	2432
24	26	8664
24	27	-8208
24	28	2888
24	29	-152
24	30	-3800
24	31	3800
24	32	-2736
24	33	-2432
24	34	-8208
24	35	-3344
24	36	-2280
24	37	-1824
25	26	6992
25	27	760
25	28	6992
25	29	-1520
25	30	-304
25	31	304
25	32	1064
25	33	-1672
25	34	760
25	35	-760
25	36	-5168
25	37	152
26	27	-5472
26	28	6536
26	29	-1976
26	30	-5624
26	31	5624
26	32	608
26	33	-1216
26	34	-5472
26	35	-304
26	36	-5624
26	37	-304
27	28	304
27	29	-2432
27	30	608
27	31	-608
27	32	5928
27	33	5016
27	34	5624
27	35	152
27	36	-304
27	37	5016
28	29	-1976
28	30	152
28	31	-152
28	32	608
28	33	-1216
28	34	-5472
28	35	-304
28	36	-11400
28	37	-304
29	30	2888
29	31	-2888
29	32	-2128
29	33	-10032
29	34	3344
29	35	-3344
29	36	3192
29	37	-8816
30	31	-10488
30	32	304
30	33	-5472
30	34	608
30	35	5168
30	36	760
30	37	-4560
31	32	-304
31	33	5472
31	34	-608
31	35	-5168
31	36	-760
31	37	4560
32	33	4712
32	34	152
32	35	5624
32	37	5320
33	34	-760
33	35	760
33	36	-608
33	37	11400
34	35	152
34	36	5472
34	37	-760
35	36	304
35	37	760
36	37	-912
