0	1	16
0	2	400
0	3	80
0	4	-560
0	5	-592
0	6	-48
0	7	-48
0	8	-528
0	9	432
0	10	208
0	11	144
0	12	80
0	13	-208
0	14	-80
0	15	208
1	2	176
1	3	496
1	4	-912
1	5	-1008
1	6	-400
1	7	-400
1	8	976
1	9	16
1	10	-656
1	11	432
1	12	496
1	13	656
1	14	-496
1	15	-656
2	3	-912
2	4	-272
2	5	-624
2	6	-784
2	7	-784
2	8	336
2	9	-624
2	10	-16
2	11	48
2	12	112
2	13	1040
2	14	-1136
2	15	-16
3	4	48
3	5	80
3	6	560
3	7	560
3	8	16
3	9	80
3	10	-720
3	11	-656
3	12	432
3	13	-304
3	14	592
3	15	-720
4	5	1488
4	6	1200
4	7	1200
4	8	-624
4	9	464
4	10	-80
4	11	-1040
4	12	48
4	13	80
4	14	976
4	15	-80
5	6	976
5	7	976
5	8	-528
5	9	432
5	10	208
5	11	-880
5	12	80
5	13	-208
5	14	944
5	15	208
6	7	1712
6	8	-1136
6	9	976
6	10	-592
6	11	-528
6	12	-464
6	13	-432
6	14	1488
6	15	-592
7	8	-1136
7	9	976
7	10	-592
7	11	-528
7	12	-464
7	13	-432
7	14	1488
7	15	-592
8	9	-528
8	10	144
8	11	80
8	12	1040
8	13	880
8	14	-1040
8	15	144
9	10	208
9	11	144
9	12	80
9	13	-208
9	14	944
9	15	208
10	11	240
10	12	304
10	13	-176
10	14	-304
10	15	1200
11	12	-656
11	13	-240
11	14	-368
11	15	240
12	13	720
12	14	-432
12	15	304
13	14	-720
13	15	-176
14	15	-304
