0	1	876
0	2	212
0	3	148
0	4	84
0	5	364
0	6	84
0	7	-300
0	8	-148
0	9	-812
0	10	724
0	11	1108
0	12	276
0	13	-596
0	14	-148
0	15	-84
1	2	-428
1	3	532
1	4	-556
1	5	-20
1	6	-556
1	7	84
1	8	-532
1	9	-428
1	10	1108
1	11	468
1	12	660
1	13	-980
1	14	-532
1	15	556
2	3	-596
2	4	492
2	5	84
2	6	492
2	7	-148
2	8	596
2	9	-660
2	10	-148
2	11	492
2	12	300
2	13	1044
2	14	596
2	15	-492
3	4	-1492
3	5	20
3	6	-1492
3	7	940
3	8	-492
3	9	-596
3	10	-84
3	11	-468
3	12	364
3	13	-1068
3	14	-1516
3	15	468
4	5	-44
4	6	1644
4	7	-1044
4	8	468
4	9	492
4	10	-20
4	11	620
4	12	-596
4	13	916
4	14	1492
4	15	-620
5	6	-44
5	7	-428
5	8	-20
5	9	84
5	10	596
5	11	980
5	12	148
5	13	-468
5	14	-20
5	15	44
6	7	-1044
6	8	468
6	9	492
6	10	-20
6	11	620
6	12	-596
6	13	916
6	14	1492
6	15	-620
7	8	-940
7	9	-148
7	10	-660
7	11	-1044
7	12	-212
7	13	-492
7	14	-940
7	15	1044
8	9	-428
8	10	84
8	11	468
8	12	660
8	13	1068
8	14	492
8	15	-1492
9	10	-148
9	11	-532
9	12	-724
9	13	20
9	14	596
9	15	532
10	11	1004
10	12	812
10	13	-492
10	14	84
10	15	20
11	12	428
11	13	-108
11	14	468
11	15	-620
12	13	84
12	14	-364
12	15	-428
13	14	1068
13	15	-916
14	15	-468
