0	1	4428
0	2	4428
0	3	2748
0	4	-724
0	5	1292
0	6	-2292
0	7	1292
0	8	3860
0	9	5772
0	10	-844
0	11	948
0	12	-3748
0	13	-172
0	14	-1180
0	15	2636
0	16	1292
0	17	-1180
0	18	1508
0	19	3972
0	20	-844
0	21	-2516
0	22	-3524
0	23	-276
0	24	-2628
0	25	-3300
0	26	-6892
0	27	-2524
1	2	4868
1	3	276
1	4	612
1	5	1732
1	6	-956
1	7	1732
1	8	5660
1	9	3524
1	10	-2180
1	11	2300
1	12	-5772
1	13	-2852
1	14	1292
1	15	388
1	16	1732
1	17	-1844
1	18	-1396
1	19	5548
1	20	-2180
1	21	-7004
1	22	-2860
1	23	164
1	24	-620
1	25	52
1	26	-2404
1	27	-500
2	3	-2860
2	4	-2524
2	5	-1404
2	6	-956
2	7	-1404
2	8	2524
2	9	388
2	10	956
2	11	5436
2	12	-2636
2	13	-2852
2	14	-1844
2	15	3524
2	16	4868
2	17	-1844
2	18	-1396
2	19	5548
2	20	956
2	21	-3868
2	22	-2860
2	23	3300
2	24	-620
2	25	52
2	26	-2404
2	27	-3636
3	4	2292
3	5	3412
3	6	-2412
3	7	3412
3	8	3980
3	9	5204
3	10	-724
3	11	-2516
3	12	-956
3	13	-1396
3	14	2748
3	15	-4204
3	16	-2860
3	17	2748
3	18	60
3	19	732
3	20	-3860
3	21	948
3	22	-1180
3	23	-1292
3	24	-2076
3	25	-4540
3	26	-4084
3	27	956
4	5	3748
4	6	4196
4	7	3748
4	8	3644
4	9	2404
4	10	-4196
4	11	284
4	12	-3756
4	13	1404
4	14	2412
4	15	-3868
4	16	-2524
4	17	2412
4	18	-276
4	19	396
4	20	-1060
4	21	-1852
4	22	-3980
4	23	-956
4	24	-1740
4	25	-1068
4	26	-1284
4	27	620
5	6	-956
5	7	8004
5	8	2524
5	9	3524
5	10	956
5	11	2300
5	12	500
5	13	284
5	14	1292
5	15	388
5	16	-1404
5	17	-1844
5	18	-1396
5	19	2412
5	20	956
5	21	-3868
5	22	-2860
5	23	164
5	24	-3756
5	25	-3084
5	26	-2404
5	27	5772
6	7	-956
6	8	-1060
6	9	836
6	10	-2628
6	11	-1284
6	12	-2188
6	13	2972
6	14	844
6	15	-2300
6	16	-956
6	17	-2292
6	18	1292
6	19	-1172
6	20	-2628
6	21	-284
6	22	-2412
6	23	-2524
6	24	-3308
6	25	500
6	26	3420
6	27	-948
7	8	2524
7	9	3524
7	10	956
7	11	2300
7	12	500
7	13	284
7	14	1292
7	15	388
7	16	-1404
7	17	-1844
7	18	-1396
7	19	2412
7	20	956
7	21	-3868
7	22	-2860
7	23	164
7	24	-3756
7	25	-3084
7	26	-2404
7	27	5772
8	9	3868
8	10	-2076
8	11	2852
8	12	-5652
8	13	-4540
8	14	3860
8	15	-2404
8	16	-612
8	17	724
8	18	-2860
8	19	2740
8	20	-2076
8	21	-4420
8	22	-2292
8	23	956
8	24	-1396
8	25	-2068
8	26	-4988
8	27	-620
9	10	-3972
9	11	-2628
9	12	-3980
9	13	1628
9	14	2636
9	15	-956
9	16	388
9	17	-500
9	18	3084
9	19	3756
9	20	-3972
9	21	-2076
9	22	-4204
9	23	-1180
9	24	-5100
9	25	-4428
9	26	-4196
9	27	844
10	11	4420
10	12	5324
10	13	-2972
10	14	-3980
10	15	2300
10	16	-2180
10	17	-3980
10	18	-4428
10	19	-1964
10	20	2628
10	21	284
10	22	2412
10	23	-612
10	24	172
10	25	-500
10	26	-284
10	27	948
11	12	396
11	13	-4316
11	14	-2188
11	15	3644
11	16	2300
11	17	-2188
11	18	-5772
11	19	2964
11	20	4420
11	21	-4644
11	22	-2516
11	23	3868
11	24	-1620
11	25	844
11	26	-1628
11	27	-396
12	13	1516
12	14	-612
12	15	2292
12	16	500
12	17	-612
12	18	-164
12	19	-2628
12	20	2188
12	21	4308
12	22	2180
12	23	2068
12	24	1284
12	25	-1180
12	26	1964
12	27	3868
13	14	-172
13	15	1628
13	16	284
13	17	-172
13	18	5652
13	19	-1292
13	20	164
13	21	2748
13	22	-1396
13	23	-1284
13	24	-500
13	25	-1172
13	26	388
13	27	1620
14	15	-3636
14	16	1292
14	17	1956
14	18	1508
14	19	836
14	20	-3980
14	21	620
14	22	-388
14	23	2860
14	24	508
14	25	-3300
14	26	-620
14	27	3748
15	16	3524
15	17	-3636
15	18	-52
15	19	620
15	20	5436
15	21	-2076
15	22	-1068
15	23	1956
15	24	-1964
15	25	1844
15	26	-1060
15	27	844
16	17	1292
16	18	1740
16	19	5548
16	20	956
16	21	-732
16	22	-2860
16	23	6436
16	24	-620
16	25	52
16	26	732
16	27	-500
17	18	1508
17	19	836
17	20	-844
17	21	3756
17	22	-388
17	23	2860
17	24	3644
17	25	-164
17	26	-620
17	27	-2524
18	19	388
18	20	-1292
18	21	4204
18	22	60
18	23	172
18	24	956
18	25	-2852
18	26	-1068
18	27	164
19	20	-1964
19	21	-4532
19	22	-5540
19	23	3980
19	24	-1508
19	25	-2180
19	26	-1740
19	27	-508
20	21	284
20	22	2412
20	23	2524
20	24	172
20	25	2636
20	26	-284
20	27	948
21	22	4084
21	23	836
21	24	3188
21	25	-2412
21	26	60
21	27	-1172
22	23	-1292
22	24	4196
22	25	1732
22	26	2188
22	27	956
23	24	948
23	25	-1516
23	26	-836
23	27	1068
24	25	836
24	26	-52
24	27	-1284
25	26	5548
25	27	-1956
26	27	1172
