0	1	532
0	2	-3388
0	3	-924
0	4	-28
0	5	-588
0	6	-2604
0	7	-532
0	8	644
0	9	308
0	10	-980
0	11	1764
0	12	4564
0	13	644
0	14	-2548
0	15	-420
0	16	644
0	17	-3500
0	18	-756
0	19	476
0	20	1708
0	21	-1148
0	22	-868
0	23	1764
0	24	-1540
0	25	-868
0	26	1876
0	27	812
1	2	-84
1	3	588
1	4	-308
1	5	252
1	6	5404
1	7	-5404
1	8	-980
1	9	-644
1	10	1316
1	11	1036
1	12	-1764
1	13	2156
1	14	2884
1	15	756
1	16	-980
1	17	-3108
1	18	-2044
1	19	-140
1	20	1764
1	21	-2324
1	22	4340
1	23	-2100
1	24	-1260
1	25	-1932
1	26	-5348
1	27	-476
2	3	-1764
2	4	476
2	5	4172
2	6	3052
2	7	84
2	8	-196
2	9	3276
2	10	3668
2	11	-1316
2	12	-4116
2	13	-3332
2	14	2100
2	15	3108
2	16	-196
2	17	812
2	18	-2828
2	19	-924
2	20	-2156
2	21	-1540
2	22	3556
2	23	-4452
2	24	-2044
2	25	3556
2	26	-1428
2	27	-4396
3	4	1148
3	5	-1428
3	6	588
3	7	-588
3	8	-2660
3	9	812
3	10	-3276
3	11	2492
3	12	-3444
3	13	3612
3	14	-1708
3	15	-3836
3	16	-5796
3	17	1484
3	18	-364
3	19	4676
3	20	308
3	21	-868
3	22	-252
3	23	-644
3	24	6692
3	25	-252
3	26	-756
3	27	1204
4	5	-2324
4	6	-3444
4	7	308
4	8	-3556
4	9	-84
4	10	-2380
4	11	-1540
4	12	1932
4	13	2716
4	14	-3948
4	15	-2940
4	16	-420
4	17	588
4	18	532
4	19	-700
4	20	1204
4	21	-4900
4	22	644
4	23	-4676
4	24	1316
4	25	644
4	26	1484
4	27	-1036
5	6	3388
5	7	-252
5	8	140
5	9	476
5	10	3332
5	11	2156
5	12	-3780
5	13	-2996
5	14	1764
5	15	5908
5	16	140
5	17	-1988
5	18	-6300
5	19	1876
5	20	-5628
5	21	1932
5	22	3220
5	23	-980
5	24	756
5	25	84
5	26	-4228
5	27	-1596
6	7	-5404
6	8	-980
6	9	-644
6	10	4452
6	11	1036
6	12	-4900
6	13	-980
6	14	6020
6	15	3892
6	16	-980
6	17	28
6	18	-2044
6	19	-140
6	20	-1372
6	21	812
6	22	4340
6	23	-2100
6	24	-1260
6	25	-1932
6	26	-5348
6	27	-476
7	8	980
7	9	3780
7	10	-1316
7	11	2100
7	12	1764
7	13	-2156
7	14	-2884
7	15	-756
7	16	980
7	17	-28
7	18	-1092
7	19	140
7	20	-1764
7	21	2324
7	22	-1204
7	23	2100
7	24	1260
7	25	5068
7	26	2212
7	27	-2660
8	9	2380
8	10	-1708
8	11	-2212
8	12	-1876
8	13	-4228
8	14	-140
8	15	868
8	16	-1092
8	17	-84
8	18	1204
8	19	-28
8	20	1876
8	21	700
8	22	-4956
8	23	4060
8	24	-1148
8	25	1316
8	26	812
8	27	-364
9	10	1092
9	11	1260
9	12	-1540
9	13	-3892
9	14	-476
9	15	532
9	16	-3892
9	17	252
9	18	-2268
9	19	-364
9	20	1540
9	21	-2100
9	22	980
9	23	-1876
9	24	-1484
9	25	7252
9	26	1148
9	27	-6972
10	11	-588
10	12	-924
10	13	-1708
10	14	6076
10	15	5068
10	16	1428
10	17	420
10	18	-1540
10	19	-3444
10	20	-2212
10	21	2772
10	22	4620
10	23	-588
10	24	-5460
10	25	1484
10	26	-476
10	27	-3108
11	12	140
11	13	-2212
11	14	-2156
11	15	1988
11	16	924
11	17	-4340
11	18	-3948
11	19	1092
11	20	-3276
11	21	-420
11	22	2436
11	23	-196
11	24	3108
11	25	-700
11	26	-3444
11	27	756
12	13	1260
12	14	-2492
12	15	-1484
12	16	4396
12	17	-868
12	18	1988
12	19	-2380
12	20	2660
12	21	-84
12	22	-1036
12	23	140
12	24	-3500
12	25	-1036
12	26	3164
12	27	420
13	14	-140
13	15	-5404
13	16	-1092
13	17	-84
13	18	1204
13	19	3108
13	20	1876
13	21	700
13	22	1316
13	23	924
13	24	1988
13	25	-1820
13	26	812
13	27	2772
14	15	3500
14	16	-140
14	17	1988
14	18	28
14	19	-1876
14	20	-644
14	21	4340
14	22	3052
14	23	980
14	24	-3892
14	25	-84
14	26	-2044
14	27	-1540
15	16	868
15	17	-140
15	18	-4116
15	19	-2884
15	20	-4788
15	21	2212
15	22	2044
15	23	-1148
15	24	-1764
15	25	-1092
15	26	-4172
15	27	-2548
16	17	-3220
16	18	1204
16	19	-3164
16	20	-1260
16	21	700
16	22	1316
16	23	924
16	24	-4284
16	25	-1820
16	26	812
16	27	2772
17	18	3332
17	19	-1036
17	20	868
17	21	1708
17	22	-2828
17	23	-1204
17	24	980
17	25	308
17	26	1820
17	27	-1372
18	19	-3220
18	20	4284
18	21	-588
18	22	-4564
18	23	2324
18	24	-2100
18	25	-1428
18	26	5572
18	27	3388
19	20	-756
19	21	1316
19	22	-196
19	23	1092
19	24	5404
19	25	-196
19	26	-1932
19	27	1484
20	21	-3052
20	22	-2100
20	23	-140
20	24	-2772
20	25	1036
20	26	3108
20	27	-420
21	22	-476
21	23	5852
21	24	196
21	25	-476
21	26	-532
21	27	980
22	23	-3836
22	24	-2212
22	25	1596
22	26	-3724
22	27	-2996
23	24	-28
23	25	-700
23	26	2828
23	27	3892
24	25	-2212
24	26	-3052
24	27	2604
25	26	2548
25	27	-6132
26	27	868
