0	1	3644
0	2	2068
0	3	-2404
0	4	-3524
0	5	4652
0	6	3084
0	7	-1172
0	8	-1404
0	9	-1404
0	10	-612
0	11	2628
0	12	1284
0	13	-2404
0	14	-1516
0	15	-500
0	16	1628
0	17	1172
0	18	1516
0	19	1508
0	20	1060
0	21	844
0	22	-4084
0	23	-2636
0	24	620
0	25	-1740
0	26	1740
0	27	4540
1	2	-1284
1	3	-1516
1	4	-396
1	5	836
1	6	5540
1	7	-2748
1	8	2188
1	9	2188
1	10	2964
1	11	1292
1	12	2636
1	13	-1516
1	14	-836
1	15	-284
1	16	724
1	17	2748
1	18	-2300
1	19	5548
1	20	2860
1	21	4644
1	22	-2972
1	23	284
1	24	1732
1	25	-3748
1	26	612
1	27	4084
2	3	2076
2	4	-5316
2	5	-276
2	6	1292
2	7	-2964
2	8	-2748
2	9	388
2	10	732
2	11	-1852
2	12	-60
2	13	-1060
2	14	276
2	15	-2292
2	16	-164
2	17	-3308
2	18	2860
2	19	-2972
2	20	-284
2	21	2188
2	22	396
2	23	-844
2	24	-1172
2	25	3188
2	26	3084
2	27	2748
3	4	-620
3	5	612
3	6	2180
3	7	-2972
3	8	-724
3	9	-724
3	10	-396
3	11	-1620
3	12	2860
3	13	4532
3	14	5660
3	15	-508
3	16	-2636
3	17	-3300
3	18	3748
3	19	-500
3	20	-52
3	21	1284
3	22	3076
3	23	3644
3	24	-4764
3	25	2748
3	26	388
3	27	-2412
4	5	-1404
4	6	-2972
4	7	1284
4	8	4428
4	9	1292
4	10	724
4	11	396
4	12	-1396
4	13	-620
4	14	-1732
4	15	612
4	16	1620
4	17	1852
4	18	-1404
4	19	1516
4	20	-1172
4	21	-732
4	22	1060
4	23	2524
4	24	-508
4	25	-1508
4	26	-1628
4	27	-4428
5	6	1396
5	7	2516
5	8	-3076
5	9	-3076
5	10	-4316
5	11	5436
5	12	508
5	13	612
5	14	3308
5	15	1844
5	16	-284
5	17	620
5	18	2964
5	19	284
5	20	732
5	21	-2636
5	22	-3980
5	23	1292
5	24	-2412
5	25	396
5	26	2740
5	27	3076
6	7	-2188
6	8	-1508
6	9	1628
6	10	388
6	11	732
6	12	2076
6	13	2180
6	14	1740
6	15	-2860
6	16	-1852
6	17	-948
6	18	-1740
6	19	4988
6	20	2300
6	21	2068
6	22	-2412
6	23	-276
6	24	-844
6	25	-1172
6	26	1172
6	27	4644
7	8	-2628
7	9	508
7	10	-4764
7	11	2748
7	12	-5316
7	13	164
7	14	620
7	15	1396
7	16	-732
7	17	1068
7	18	-3756
7	19	-2404
7	20	1180
7	21	-6220
7	22	-1292
7	23	1740
7	24	276
7	25	844
7	26	2292
7	27	2628
8	9	3188
8	10	4204
8	11	-5324
8	12	-396
8	13	-724
8	14	-3196
8	15	1180
8	16	3308
8	17	-508
8	18	60
8	19	2964
8	20	-620
8	21	2524
8	22	732
8	23	1956
8	24	-836
8	25	-284
8	26	-2852
8	27	-3188
9	10	4204
9	11	-2188
9	12	-3532
9	13	-724
9	14	-3196
9	15	1180
9	16	172
9	17	-3644
9	18	-6212
9	19	2964
9	20	-620
9	21	2524
9	22	-2404
9	23	5092
9	24	2300
9	25	2852
9	26	3420
9	27	3084
10	11	-2964
10	12	1516
10	13	-396
10	14	-1956
10	15	836
10	16	1844
10	17	-1508
10	18	-1180
10	19	4428
10	20	-1396
10	21	5764
10	22	-1852
10	23	-836
10	24	2852
10	25	1404
10	26	-1404
10	27	-1068
11	12	500
11	13	-1620
11	14	836
11	15	284
11	16	-724
11	17	3524
11	18	-836
11	19	724
11	20	276
11	21	-1508
11	22	-3300
11	23	-284
11	24	1404
11	25	-2524
11	26	2524
11	27	2188
12	13	2860
12	14	2628
12	15	1628
12	16	620
12	17	2180
12	18	3644
12	19	2516
12	20	2068
12	21	2972
12	22	1180
12	23	-1628
12	24	-388
12	25	-3868
12	26	-2404
12	27	-2740
13	14	5660
13	15	2628
13	16	-2636
13	17	-3300
13	18	612
13	19	2636
13	20	-52
13	21	-1852
13	22	-60
13	23	508
13	24	-1628
13	25	2748
13	26	-2748
13	27	-2412
14	15	1292
14	16	-2852
14	17	-620
14	18	3308
14	19	-284
14	20	2404
14	21	-500
14	22	844
14	23	1844
14	24	-3860
14	25	2740
14	26	396
14	27	60
15	16	-1404
15	17	-1396
15	18	-1292
15	19	1404
15	20	-1284
15	21	-620
15	22	-1964
15	23	2412
15	24	2740
15	25	1516
15	26	-1516
15	27	-1180
16	17	3868
16	18	2852
16	19	396
16	20	3980
16	21	388
16	22	-956
16	23	-1732
16	24	-2524
16	25	-2628
16	26	2628
16	27	-172
17	18	620
17	19	-732
17	20	5092
17	21	-52
17	22	1292
17	23	-1740
17	24	-276
17	25	-7116
17	26	844
17	27	508
18	19	-2852
18	20	732
18	21	500
18	22	2292
18	23	-1844
18	24	-5548
18	25	396
18	26	-396
18	27	-3196
19	20	-844
19	21	2748
19	22	-5316
19	23	-1404
19	24	2524
19	25	-508
19	26	-2628
19	27	172
20	21	60
20	22	1404
20	23	1284
20	24	-3300
20	25	-4092
20	26	4092
20	27	3756
21	22	-172
21	23	620
21	24	1396
21	25	-276
21	26	276
21	27	612
22	23	1964
22	24	-3084
22	25	-2068
22	26	-1068
22	27	-3868
23	24	-2740
23	25	1620
23	26	4652
23	27	1180
24	25	-500
24	26	-2636
24	27	836
25	26	620
25	27	284
26	27	5988
