0	1	864
0	2	-1648
0	3	-80
0	4	-80
0	5	2608
0	6	2272
0	7	-1424
0	8	592
0	9	-6016
0	10	-3392
0	11	592
0	12	368
0	13	-480
0	14	-368
0	15	-2160
0	16	-1040
0	17	-1936
0	18	304
0	19	3168
0	20	-304
0	21	-304
0	22	1040
0	23	-752
0	24	3280
0	25	-4560
0	26	1536
0	27	-592
1	2	368
1	3	-1200
1	4	-1200
1	5	1488
1	6	1152
1	7	592
1	8	-528
1	9	-864
1	10	864
1	11	2608
1	12	5520
1	13	-2496
1	14	752
1	15	2096
1	16	-3056
1	17	-816
1	18	-1712
1	19	2048
1	20	1712
1	21	-1424
1	22	-80
1	23	-1872
1	24	-976
1	25	592
1	26	2656
1	27	528
2	3	1984
2	4	-4288
2	5	-704
2	6	-368
2	7	192
2	8	-1824
2	9	1648
2	10	-1648
2	11	1312
2	12	1536
2	13	-1424
2	14	-4672
2	15	256
2	16	2272
2	17	-3104
2	18	928
2	19	-4400
2	20	2208
2	21	-4064
2	22	-5408
2	23	-480
2	24	-4512
2	25	3328
2	26	2832
2	27	1824
3	4	416
3	5	-5408
3	6	1200
3	7	-1376
3	8	-3392
3	9	80
3	10	3056
3	11	-256
3	12	-32
3	13	3280
3	14	32
3	15	1824
3	16	-2432
3	17	1600
3	18	2496
3	19	304
3	20	3776
3	21	640
3	22	2432
3	23	-2048
3	24	3328
3	25	-1376
3	26	1264
3	27	256
4	5	864
4	6	-1936
4	7	1760
4	8	-256
4	9	80
4	10	-80
4	11	-256
4	12	-3168
4	13	144
4	14	3168
4	15	1824
4	16	704
4	17	1600
4	18	-640
4	19	304
4	20	-2496
4	21	640
4	22	2432
4	23	1088
4	24	3328
4	25	-1376
4	26	1264
4	27	-2880
5	6	1648
5	7	2208
5	8	192
5	9	-2608
5	10	-3664
5	11	-2944
5	12	416
5	13	-304
5	14	-416
5	15	-1760
5	16	256
5	17	-5120
5	18	-4224
5	19	-2384
5	20	-5184
5	21	1088
5	22	-256
5	23	1536
5	24	-2496
5	25	-928
5	26	816
5	27	2944
6	7	-592
6	8	-2608
6	9	-2272
6	10	-864
6	11	-2608
6	12	752
6	13	5632
6	14	-3888
6	15	1040
6	16	-3216
6	17	816
6	18	1712
6	19	1088
6	20	-1712
6	21	4560
6	22	3216
6	23	-1264
6	24	976
6	25	-592
6	26	480
6	27	2608
7	8	-5184
7	9	1424
7	10	-1424
7	11	1088
7	12	-1824
7	13	-1200
7	14	1824
7	15	-2656
7	16	-640
7	17	-2880
7	18	-1984
7	19	-4624
7	20	-4288
7	21	-1152
7	22	-2496
7	23	-704
7	24	-1600
7	25	3104
7	26	-80
7	27	2048
8	9	-592
8	10	592
8	11	-928
8	12	2432
8	13	-2320
8	14	704
8	15	2496
8	16	1376
8	17	2272
8	18	32
8	19	2768
8	20	3104
8	21	-32
8	22	1760
8	23	416
8	24	-480
8	25	-2048
8	26	-1200
8	27	-2208
9	10	3392
9	11	-592
9	12	-368
9	13	480
9	14	368
9	15	2160
9	16	1040
9	17	1936
9	18	-304
9	19	-3168
9	20	304
9	21	304
9	22	-1040
9	23	752
9	24	-3280
9	25	4560
9	26	-1536
9	27	592
10	11	-2544
10	12	3504
10	13	2656
10	14	-368
10	15	976
10	16	-4176
10	17	1200
10	18	304
10	19	32
10	20	-304
10	21	2832
10	22	4176
10	23	2384
10	24	-2992
10	25	1712
10	26	-1600
10	27	2544
11	12	-704
11	13	-5456
11	14	704
11	15	-640
11	16	1376
11	17	2272
11	18	3168
11	19	2768
11	20	3104
11	21	-6304
11	22	-4512
11	23	-2720
11	24	2656
11	25	1088
11	26	1936
11	27	-5344
12	13	-2544
12	14	480
12	15	2272
12	16	-5120
12	17	-1088
12	18	-192
12	19	-144
12	20	3328
12	21	192
12	22	1984
12	23	-2496
12	24	-3392
12	25	1312
12	26	1712
12	27	3840
13	14	-3728
13	15	752
13	16	-1264
13	17	976
13	18	80
13	19	256
13	20	-3216
13	21	6192
13	22	4400
13	23	2608
13	24	368
13	25	-1200
13	26	-1824
13	27	2320
14	15	864
14	16	-1152
14	17	1088
14	18	-2944
14	19	144
14	20	2944
14	21	-192
14	22	1152
14	23	-3776
14	24	3392
14	25	-1312
14	26	-1712
14	27	-704
15	16	192
15	17	5568
15	18	1536
15	19	1936
15	20	4736
15	21	1600
15	22	2944
15	23	-1984
15	24	2048
15	25	480
15	26	2768
15	27	-2496
16	17	416
16	18	-480
16	19	816
16	20	480
16	21	-2656
16	22	-4448
16	23	3168
16	24	928
16	25	-640
16	26	752
16	27	-4512
17	18	4896
17	19	4848
17	20	4512
17	21	1376
17	22	2720
17	23	-2208
17	24	4960
17	25	256
17	26	-144
17	27	-5408
18	19	2608
18	20	2272
18	21	-864
18	22	480
18	23	-1312
18	24	2720
18	25	1152
18	26	2096
18	27	-3168
19	20	3664
19	21	528
19	22	2320
19	23	976
19	24	6352
19	25	-4624
19	26	1376
19	27	-5904
20	21	-2272
20	22	-480
20	23	-4960
20	24	3552
20	25	-1152
20	26	1040
20	27	-3104
21	22	5792
21	23	1312
21	24	416
21	25	-1152
21	26	-2096
21	27	3168
22	23	-32
22	24	2208
22	25	-2496
22	26	-752
22	27	1376
23	24	-2272
23	25	-704
23	26	592
23	27	-416
24	25	-4736
24	26	1488
24	27	-5792
25	26	-80
25	27	2048
26	27	-1936
