0	1	3072
0	2	-176
0	3	-1632
0	4	512
0	5	-960
0	6	736
0	7	-1968
0	8	64
0	9	3072
0	10	1056
0	11	1968
0	12	-1168
0	13	-736
0	14	288
0	15	2176
0	16	-1840
0	17	-64
0	18	848
0	19	1296
0	20	-288
0	21	-1616
0	22	-3744
0	23	-4096
0	24	-2512
0	25	400
0	26	64
0	27	-2512
1	2	-3296
1	3	-8112
1	4	2960
1	5	-2512
1	6	2736
1	7	1632
1	8	272
1	9	6000
1	10	1744
1	11	-1632
1	12	-1632
1	13	-2736
1	14	-3088
1	15	6896
1	16	2176
1	17	-272
1	18	-512
1	19	2176
1	20	-48
1	21	-1184
1	22	-2192
1	23	-2512
1	24	-288
1	25	-64
1	26	3408
1	27	-288
2	3	4544
2	4	2848
2	5	736
2	6	-3648
2	7	1744
2	8	160
2	9	-3296
2	10	1856
2	11	1392
2	12	4528
2	13	3648
2	14	-64
2	15	-2400
2	16	-4208
2	17	-3296
2	18	5648
2	19	-1072
2	20	64
2	21	1840
2	22	832
2	23	736
2	24	-400
2	25	-176
2	26	160
2	27	2736
3	4	-1744
3	5	2192
3	6	-1968
3	7	-3072
3	8	1840
3	9	-4976
3	10	176
3	11	-64
3	12	3072
3	13	1968
3	14	1616
3	15	-7216
3	16	-2528
3	17	1296
3	18	1056
3	19	-2528
3	20	1520
3	21	384
3	22	2512
3	23	2192
3	24	1280
3	25	1504
3	26	-4432
3	27	1280
4	5	-1072
4	6	-2288
4	7	1056
4	8	3312
4	9	-176
4	10	944
4	11	-1056
4	12	2080
4	13	2288
4	14	400
4	15	2064
4	16	-1728
4	17	-176
4	18	4096
4	19	1408
4	20	2736
4	21	-1504
4	22	-496
4	23	2064
4	24	736
4	25	-2624
4	26	3312
4	27	736
5	6	1840
5	7	-608
5	8	-624
5	9	-2512
5	10	-496
5	11	608
5	12	3744
5	13	-1840
5	14	-848
5	15	-1616
5	16	1280
5	17	624
5	18	1728
5	19	-1856
5	20	848
5	21	-2080
5	22	48
5	23	-1616
5	24	-1184
5	25	2176
5	26	-3760
5	27	1952
6	7	832
6	8	400
6	9	2736
6	10	3856
6	11	-3968
6	12	-832
6	13	-7344
6	14	-2512
6	15	1840
6	16	1632
6	17	2736
6	18	-1952
6	19	1632
6	20	-3760
6	21	-1280
6	22	-272
6	23	-1296
6	24	960
6	25	736
6	26	-2736
6	27	960
7	8	-1632
7	9	1632
7	10	512
7	11	-400
7	12	-400
7	13	-832
7	14	1280
7	15	2528
7	16	-2864
7	17	-1504
7	18	720
7	19	3408
7	20	-4416
7	21	48
7	22	2176
7	23	-608
7	24	944
7	25	-1968
7	26	1504
7	27	944
8	9	272
8	10	1392
8	11	-4640
8	12	1632
8	13	-400
8	14	-48
8	15	-624
8	16	-2176
8	17	3408
8	18	512
8	19	960
8	20	3184
8	21	-1952
8	22	2192
8	23	2512
8	24	3424
8	25	64
8	26	-272
8	27	288
9	10	-1392
9	11	-1632
9	12	-1632
9	13	-2736
9	14	48
9	15	3760
9	16	-960
9	17	-272
9	18	-3648
9	19	5312
9	20	-48
9	21	-4320
9	22	944
9	23	-5648
9	24	-288
9	25	3072
9	26	272
9	27	-3424
10	11	-512
10	12	2624
10	13	-3856
10	14	-1968
10	15	-496
10	16	160
10	17	1744
10	18	608
10	19	160
10	20	-1168
10	21	3072
10	22	-1072
10	23	2640
10	24	832
10	25	-2080
10	26	-1744
10	27	3968
11	12	400
11	13	3968
11	14	4992
11	15	-2528
11	16	-272
11	17	-1632
11	18	-720
11	19	-272
11	20	1280
11	21	-48
11	22	-2176
11	23	-2528
11	24	-4080
11	25	-1168
11	26	-1504
11	27	-944
12	13	832
12	14	-1280
12	15	-2528
12	16	-272
12	17	-1632
12	18	2416
12	19	-272
12	20	4416
12	21	-48
12	22	960
12	23	608
12	24	-944
12	25	1968
12	26	-1504
12	27	2192
13	14	2512
13	15	-1840
13	16	-1632
13	17	-2736
13	18	1952
13	19	-1632
13	20	3760
13	21	1280
13	22	272
13	23	1296
13	24	-960
13	25	-736
13	26	2736
13	27	-960
14	15	-3984
14	16	-5088
14	17	3184
14	18	-2400
14	19	4320
14	20	-176
14	21	-4864
14	22	2416
14	23	-848
14	24	512
14	25	-2848
14	26	-3184
14	27	-2624
15	16	1280
15	17	-2512
15	18	1728
15	19	1280
15	20	-2288
15	21	1056
15	22	-3088
15	23	-1616
15	24	-1184
15	25	-960
15	26	5648
15	27	-1184
16	17	-960
16	18	-1392
16	19	-4080
16	20	1952
16	21	2416
16	22	-2848
16	23	1280
16	24	-1616
16	25	1296
16	26	960
16	27	1520
17	18	-3648
17	19	-960
17	20	-48
17	21	-4320
17	22	4080
17	23	624
17	24	5984
17	25	-64
17	26	-6000
17	27	2848
18	19	-1392
18	20	-736
18	21	1968
18	22	-3296
18	23	1728
18	24	-2064
18	25	-2288
18	26	3648
18	27	1072
19	20	-1184
19	21	-3856
19	22	288
19	23	-1856
19	24	-1616
19	25	-1840
19	26	960
19	27	-4752
20	21	-1408
20	22	720
20	23	848
20	24	-512
20	25	2848
20	26	48
20	27	-512
21	22	-2624
21	23	4192
21	24	-1392
21	25	-1616
21	26	4320
21	27	1744
22	23	48
22	24	5888
22	25	2528
22	26	-4080
22	27	2752
23	24	1952
23	25	-4096
23	26	2512
23	27	1952
24	25	624
24	26	-2848
24	27	3984
25	26	-3072
25	27	624
26	27	-2848
