0	1	-7064
0	2	904
0	3	3128
0	4	344
0	5	1112
0	6	6840
0	7	1560
0	8	-2680
0	9	-2120
0	10	3480
0	11	680
0	12	-3800
0	13	1128
0	14	-4488
0	15	4024
0	16	680
0	17	4360
0	18	104
0	19	4248
0	20	232
0	21	-5272
0	22	-3016
0	23	-2696
0	24	552
0	25	-4488
0	26	1464
0	27	-456
1	2	-1336
1	3	-4040
1	4	1240
1	5	-2920
1	6	-4808
1	7	-2472
1	8	1352
1	9	1912
1	10	-5032
1	11	-1560
1	12	3368
1	13	-1112
1	14	4024
1	15	-3144
1	16	1576
1	17	-2808
1	18	2344
1	19	-2920
1	20	1128
1	21	3240
1	22	1016
1	23	2680
1	24	-344
1	25	4024
1	26	-776
1	27	-1352
2	3	1016
2	4	-1352
2	5	-3240
2	6	1560
2	7	5720
2	8	-1464
2	9	1112
2	10	-1352
2	11	1448
2	12	-344
2	13	1000
2	14	2360
2	15	120
2	16	1448
2	17	-216
2	18	904
2	19	3032
2	20	-1240
2	21	-3128
2	22	-1128
2	23	-5704
2	24	456
2	25	2360
2	26	-2472
2	27	1464
3	4	-2680
3	5	1000
3	6	3816
3	7	4584
3	8	3704
3	9	1128
3	10	456
3	11	-2344
3	12	-552
3	13	1240
3	14	-1464
3	15	776
3	16	-2344
3	17	1112
3	18	-3144
3	19	-2136
3	20	344
3	21	-2248
3	22	232
3	23	-2808
3	24	440
3	25	-1464
3	26	-1560
3	27	-568
4	5	-3800
4	6	-1016
4	7	-4248
4	8	-4040
4	9	-4600
4	10	-792
4	11	-1128
4	12	216
4	13	-4712
4	14	-1336
4	15	2696
4	16	2008
4	17	-776
4	18	344
4	19	2472
4	20	5592
4	21	-552
4	22	-568
4	23	8
4	24	3032
4	25	-1336
4	26	1224
4	27	4040
5	6	-440
5	7	-568
5	8	2584
5	9	8
5	10	5608
5	11	2808
5	12	-1672
5	13	3256
5	14	-344
5	15	-1240
5	16	-3464
5	17	-904
5	18	-2024
5	19	-4152
5	20	-3912
5	21	2008
5	22	2248
5	23	1448
5	24	-1576
5	25	-344
5	26	456
5	27	552
6	7	2248
6	8	-1128
6	9	-1688
6	10	2120
6	11	-1352
6	12	-3144
6	13	1336
6	14	-4248
6	15	2920
6	16	-1352
6	17	5720
6	18	568
6	19	2696
6	20	-904
6	21	-6600
6	22	-792
6	23	-2904
6	24	3256
6	25	-4248
6	26	1000
6	27	-2008
7	8	-1000
7	9	2696
7	10	-1112
7	11	2360
7	12	-2120
7	13	2808
7	14	104
7	15	-792
7	16	-776
7	17	-456
7	18	-1576
7	19	-568
7	20	-1224
7	21	-680
7	22	1800
7	23	-4376
7	24	-1128
7	25	104
7	26	-3128
7	27	1000
8	9	1560
8	10	-904
8	11	-4376
8	12	3240
8	13	1448
8	14	1912
8	15	-328
8	16	-1240
8	17	-664
8	18	456
8	19	-3688
8	20	-792
8	21	-440
8	22	-680
8	23	120
8	24	8
8	25	1912
8	26	1112
8	27	-2120
9	10	-1464
9	11	1336
9	12	2680
9	13	4024
9	14	5608
9	15	-6040
9	16	1336
9	17	-104
9	18	1016
9	19	-3128
9	20	-4488
9	21	3256
9	22	-1240
9	23	680
9	24	-5704
9	25	5608
9	26	-5720
9	27	-4696
10	11	2008
10	12	-2920
10	13	1560
10	14	-1336
10	15	-440
10	16	-1128
10	17	2360
10	18	-2792
10	19	-664
10	20	-3816
10	21	-552
10	22	-568
10	23	8
10	24	-104
10	25	-1336
10	26	-1912
10	27	904
11	12	-3256
11	13	1224
11	14	2136
11	15	-3240
11	16	-1464
11	17	-3576
11	18	-2456
11	19	-328
11	20	-4152
11	21	2920
11	22	2232
11	23	344
11	24	-2904
11	25	2136
11	26	-2248
11	27	1240
12	13	2568
12	14	3928
12	15	-1448
12	16	-120
12	17	1352
12	18	5608
12	19	-1672
12	20	328
12	21	1576
12	22	440
12	23	-1000
12	24	-1112
12	25	3928
12	26	-904
12	27	-104
13	14	2584
13	15	-2792
13	16	-1912
13	17	3144
13	18	4264
13	19	-3016
13	20	-4600
13	21	232
13	22	1784
13	23	-2344
13	24	-2456
13	25	2584
13	26	-2696
13	27	-1448
14	15	-6840
14	16	2136
14	17	-3368
14	18	1784
14	19	-3480
14	20	-4584
14	21	2680
14	22	-1560
14	23	-1016
14	24	-4040
14	25	9736
14	26	-6488
14	27	-1912
15	16	-104
15	17	2008
15	18	888
15	19	5032
15	20	5720
15	21	-4488
15	22	-664
15	23	-1912
15	24	4472
15	25	-6840
15	26	6952
15	27	3464
16	17	-440
16	18	680
16	19	2808
16	20	2120
16	21	-216
16	22	-7176
16	23	344
16	24	-2904
16	25	2136
16	26	-2248
16	27	-1896
17	18	4360
17	19	2232
17	20	-888
17	21	-4152
17	22	-1000
17	23	-1576
17	24	1672
17	25	-3368
17	26	344
17	27	-2472
18	19	1112
18	20	232
18	21	-2136
18	22	120
18	23	-2696
18	24	552
18	25	1784
18	26	1464
18	27	-456
19	20	2360
19	21	-4264
19	22	-4024
19	23	-1688
19	24	1560
19	25	-3480
19	26	3592
19	27	552
20	21	-664
20	22	-456
20	23	-104
20	24	2920
20	25	-4584
20	26	4472
20	27	3928
21	22	2360
21	23	4472
21	24	-4824
21	25	2680
21	26	-2568
21	27	440
22	23	-216
22	24	2808
22	25	-1560
22	26	1448
22	27	3816
23	24	-2248
23	25	-1016
23	26	1128
23	27	-3256
24	25	-4040
24	26	4152
24	27	3128
25	26	-6488
25	27	-1912
26	27	2024
