0	1	-312
0	2	1832
0	3	1608
0	4	1032
0	5	952
0	6	-2552
0	7	168
0	8	-2952
0	9	-248
0	10	1288
0	11	-328
0	12	3272
0	13	-1528
0	14	1432
0	15	-1928
0	16	552
0	17	488
0	18	168
0	19	1032
1	2	712
1	3	-472
1	4	-88
1	5	4632
1	6	1768
1	7	-1912
1	8	-1832
1	9	-1368
1	10	808
1	11	152
1	12	-2648
1	13	2152
1	14	-1288
1	15	1752
1	16	-568
1	17	8
1	18	1288
1	19	3112
2	3	3592
2	4	-1432
2	5	-1352
2	6	-1848
2	7	232
2	8	3352
2	9	-1752
2	10	-888
2	11	1528
2	12	1128
2	13	-2072
2	14	1368
2	15	1528
2	16	648
2	17	1512
2	18	-1368
2	19	168
3	4	-2008
3	5	-488
3	6	-2712
3	7	1608
3	8	1688
3	9	-88
3	10	-2072
3	11	-168
3	12	232
3	13	-1368
3	14	3192
3	15	1432
3	16	712
3	17	3528
3	18	-3192
3	19	2792
4	5	1048
4	6	552
4	7	2632
4	8	-2248
4	9	-4152
4	10	-1688
4	11	-4072
4	12	328
4	13	328
4	14	-1032
4	15	-4072
4	16	-1752
4	17	-888
4	18	-2168
4	19	968
5	6	2072
5	7	-648
5	8	-3928
5	9	728
5	10	1432
5	11	-792
5	12	-2792
5	13	408
5	14	-952
5	15	-792
5	16	-72
5	17	632
5	18	2552
5	19	4248
6	7	-952
6	8	-872
6	9	872
6	10	1768
6	11	792
6	12	-2008
6	13	1192
6	14	-2248
6	15	2392
6	16	72
6	17	-632
6	18	648
6	19	2152
7	8	1848
7	9	-248
7	10	-1912
7	11	-328
7	12	1672
7	13	1672
7	14	1432
7	15	-1928
7	16	-4248
7	17	488
7	18	-3032
7	19	2632
8	9	-328
8	10	-232
8	11	2792
8	12	1592
8	13	1592
8	14	1352
8	15	1192
8	16	-1128
8	17	-1032
8	18	-1352
8	19	-648
9	10	3432
9	11	2008
9	12	8
9	13	8
9	14	-1352
9	15	2008
9	16	1128
9	17	2632
9	18	1352
9	19	648
10	11	3352
10	12	2152
10	13	2152
10	14	-1288
10	15	1752
10	16	1032
10	17	8
10	18	4488
10	19	1512
11	12	1688
11	13	1688
11	14	328
11	15	488
11	16	-392
11	17	-648
11	18	2872
11	19	-872
12	13	1288
12	14	-72
12	15	-1512
12	16	-2392
12	17	-248
12	18	72
12	19	-1272
13	14	-72
13	15	88
13	16	-3992
13	17	-248
13	18	1672
13	19	1928
14	15	-1272
14	16	-552
14	17	-488
14	18	1432
14	19	568
15	16	1208
15	17	2552
15	18	-328
15	19	2328
16	17	1832
16	18	552
16	19	-1752
17	18	-1112
17	19	2312
18	19	-568
