0	1	-316
0	2	220
0	3	20
0	4	-500
0	5	-500
0	6	-20
0	7	-316
0	8	-500
0	9	556
0	10	212
0	11	452
1	2	260
1	3	76
1	4	404
1	5	-172
1	6	500
1	7	-164
1	8	-172
1	9	-76
1	10	-692
1	11	220
2	3	20
2	4	-500
2	5	76
2	6	556
2	7	260
2	8	76
2	9	-20
2	10	212
2	11	452
3	4	-412
3	5	164
3	6	260
3	7	-500
3	8	164
3	9	-316
3	10	-452
3	11	-116
4	5	-68
4	6	-164
4	7	-172
4	8	-68
4	9	-164
4	10	-220
4	11	20
5	6	-164
5	7	404
5	8	508
5	9	-740
5	10	356
5	11	-556
6	7	-76
6	8	412
6	9	-260
6	10	-124
6	11	692
7	8	404
7	9	-76
7	10	460
7	11	-356
8	9	-740
8	10	356
8	11	20
9	10	-124
9	11	116
10	11	268
