0	1	-216
0	2	504
0	3	-360
0	4	24
0	5	-120
0	6	168
0	7	552
0	8	-120
0	9	216
0	10	24
0	11	24
1	2	-504
1	3	-216
1	4	-24
1	5	120
1	6	408
1	7	-552
1	8	120
1	9	360
1	10	-600
1	11	-24
2	3	-72
2	4	-168
2	5	-24
2	6	-600
2	7	456
2	8	264
2	9	-72
2	10	696
2	11	120
3	4	24
3	5	-120
3	6	-408
3	7	-24
3	8	-120
3	9	216
3	10	24
3	11	-552
4	5	-120
4	6	72
4	7	-216
4	8	-216
4	9	24
4	10	216
4	11	216
5	6	504
5	7	-72
5	8	216
5	9	-120
5	10	72
5	11	72
6	7	24
6	8	-168
6	9	168
6	10	-600
6	11	-24
7	8	312
7	9	-24
7	10	168
7	11	-408
8	9	-120
8	10	264
8	11	-312
9	10	-552
9	11	-552
10	11	408
