0	1	336
0	2	96
0	3	624
0	4	-336
0	5	384
0	6	-624
0	7	-192
0	8	96
0	9	-480
0	11	-240
1	2	-96
1	3	-48
1	4	336
1	5	192
1	6	48
1	7	192
1	8	-96
1	9	-96
1	10	576
1	11	-336
2	3	192
2	4	-480
2	5	240
2	6	96
2	7	-48
2	8	240
2	9	-48
2	10	-720
2	11	192
3	4	-528
3	5	480
3	6	-816
3	7	-96
3	8	192
3	9	-384
3	10	-288
3	11	-48
4	5	-192
4	6	528
4	7	384
4	8	-480
4	9	96
4	10	576
4	11	-240
5	6	-192
5	7	-336
5	8	-48
5	9	-912
5	10	144
5	11	-672
6	8	-288
6	9	96
6	10	192
6	11	-144
7	8	-144
7	9	528
7	10	48
7	11	288
8	9	240
8	10	-240
8	11	576
9	10	-144
9	11	768
10	11	-480
