0	1	332
0	2	532
0	3	-4
0	4	284
0	5	-284
0	6	-284
0	7	244
0	8	340
0	9	244
0	10	580
0	11	-52
1	2	436
1	3	-484
1	4	380
1	5	196
1	6	-380
1	7	148
1	8	244
1	9	148
1	10	484
1	11	44
2	3	-380
2	4	484
2	5	92
2	6	-484
2	7	-436
2	8	44
2	9	140
2	10	380
2	11	-332
3	4	44
3	5	-620
3	6	532
3	7	-92
3	8	4
3	9	484
3	10	244
3	11	-292
4	5	-332
4	6	244
4	7	-380
4	8	292
4	9	772
4	10	532
4	11	-4
5	6	-244
5	7	-196
5	8	-292
5	9	-772
5	10	-532
5	11	4
6	7	-196
6	8	-292
6	9	380
6	10	44
6	11	4
7	8	332
7	9	-148
7	10	92
7	11	532
8	9	332
8	10	-4
8	11	628
9	10	668
9	11	-44
10	11	-284
