0	1	160
0	2	-160
0	3	176
0	4	-464
0	5	176
0	6	16
0	7	-112
0	8	160
0	9	784
0	10	-304
0	11	80
1	2	544
1	3	784
1	4	80
1	5	784
1	6	-400
1	7	-80
1	8	-544
1	9	560
1	10	-1040
1	11	-272
2	3	368
2	4	-80
2	5	368
2	6	-176
2	7	-496
2	8	-608
2	9	16
2	10	-688
2	11	-304
3	4	160
3	5	704
3	6	-512
3	7	-160
3	8	-368
3	9	256
3	10	-928
3	11	-544
4	5	160
4	6	-352
4	7	448
4	8	80
4	9	-544
4	10	64
4	11	-320
5	6	-512
5	7	-160
5	8	-368
5	9	256
5	10	-928
5	11	-544
6	7	352
6	8	176
6	9	128
6	10	544
6	11	736
7	8	496
7	9	-32
7	10	512
7	11	320
8	9	-16
8	10	688
8	11	304
9	10	-416
9	11	352
10	11	704
