0	1	-6760
0	2	-6912
0	3	-1440
0	4	-2048
0	5	14368
0	6	6464
0	7	-12992
0	8	-384
0	9	-3424
0	10	10568
0	11	2656
0	12	-1600
0	13	5096
0	14	992
0	15	-3872
0	16	10256
0	17	6456
0	18	6608
0	19	-7832
0	20	-10712
0	21	-1296
0	22	3872
0	23	-7376
0	24	-11776
0	25	1136
0	26	10560
0	27	10256
0	28	11632
0	29	2512
0	30	-2056
0	31	4784
0	32	-2360
0	33	22720
0	34	-4792
0	35	6456
0	36	3416
0	37	-12392
1	2	-680
1	3	-6760
1	4	-7368
1	5	-2504
1	6	-4632
1	7	-6760
1	8	4936
1	9	-3880
1	10	-6304
1	11	7976
1	12	15272
1	13	11328
1	14	1448
1	15	-3416
1	16	9800
1	17	-5552
1	18	11928
1	19	-2512
1	20	1296
1	21	-7528
1	22	-2360
1	23	-2056
1	24	11784
1	25	6456
1	26	-13000
1	27	4024
1	28	-5240
1	29	-8584
1	30	-2512
1	31	-1448
1	32	-14368
1	33	16488
1	34	-5248
1	35	6000
1	36	2960
1	37	-1296
2	3	-6912
2	4	4032
2	5	-14208
2	6	-4784
2	7	10416
2	8	-688
2	9	2048
2	10	-12232
2	11	2352
2	12	3872
2	13	-11928
2	14	1296
2	15	-9344
2	16	-7376
2	17	376
2	18	-11024
2	19	9192
2	20	-10408
2	21	-1600
2	22	-7984
2	23	-1904
2	24	17408
2	25	12384
2	26	16032
2	27	4176
2	28	17712
2	29	8592
2	30	-2360
2	31	-1296
2	32	3112
2	33	-688
2	34	12232
2	35	6152
2	36	-2664
2	37	4632
3	4	15280
3	5	2816
3	6	688
3	7	-1440
3	8	5392
3	9	2352
3	10	-984
3	11	2656
3	12	15728
3	13	5096
3	14	6768
3	15	-3872
3	16	10256
3	17	-5096
3	18	-4944
3	19	9496
3	20	-4936
3	21	-1296
3	22	3872
3	23	9952
3	24	-11776
3	25	-4640
3	26	-992
3	27	-12848
3	28	5856
3	29	-9040
3	30	9496
3	31	4784
3	32	14968
3	33	-384
3	34	6760
3	35	-10872
3	36	-8136
3	37	-6616
4	5	-3568
4	6	-5696
4	7	-13600
4	8	224
4	9	-2816
4	10	-7368
4	11	3264
4	12	-992
4	13	-1288
4	14	-5392
4	15	-10256
4	16	-688
4	17	-4488
4	18	1440
4	19	-1448
4	20	6008
4	21	-688
4	22	4480
4	23	10560
4	24	-12384
4	25	1744
4	26	5392
4	27	-688
4	28	-528
4	29	-9648
4	30	10104
4	31	-384
4	32	-1752
4	33	-11328
4	34	-4184
4	35	7064
4	36	4024
4	37	-17560
5	6	-12384
5	7	-8736
5	8	-10416
5	9	3872
5	10	9048
5	11	9952
5	12	-80
5	13	-2200
5	14	-12080
5	15	6160
5	16	11776
5	17	7976
5	18	19680
5	19	-6312
5	20	5096
5	21	6000
5	22	5392
5	23	-5856
5	24	-19072
5	25	2656
5	26	528
5	27	224
5	28	4336
5	29	6768
5	30	-6312
5	31	-5248
5	32	-18168
5	33	18464
5	34	-9048
5	35	13752
5	36	-840
5	37	-10872
6	7	-10864
6	8	9040
6	9	6000
6	10	-4632
6	11	-16800
6	12	7824
6	13	-4328
6	14	26224
6	15	-1744
6	16	8128
6	17	15880
6	18	-7072
6	19	-4184
6	20	-2808
6	21	-9200
6	22	1744
6	23	-21056
6	24	13456
6	25	4784
6	26	14208
6	27	8128
6	28	-9344
6	29	-1136
6	30	7368
6	31	2656
6	32	1288
6	33	3264
6	34	4632
6	35	-1448
6	36	1288
6	37	2808
7	8	-6160
7	9	8128
7	10	-6760
7	11	-8896
7	12	4176
7	13	-680
7	14	6768
7	15	-3872
7	16	-7072
7	17	-10872
7	18	-28048
7	19	21048
7	20	-4936
7	21	-1296
7	22	-13456
7	23	9952
7	24	5552
7	25	-4640
7	26	4784
7	27	-12848
7	28	-5696
7	29	-9040
7	30	3720
7	31	4784
7	32	-2360
7	33	-6160
7	34	18312
7	35	680
7	36	3416
7	37	10712
8	9	-528
8	10	-840
8	11	-6608
8	12	-2352
8	13	10408
8	14	14512
8	15	-15280
8	16	-2656
8	17	-4632
8	18	992
8	19	-1896
8	20	3112
8	21	3120
8	22	3728
8	23	-2352
8	24	9952
8	25	688
8	26	-8736
8	27	-8432
8	28	-7680
8	29	-4336
8	30	-1896
8	31	-2960
8	32	9960
8	33	-3568
8	34	840
8	35	-4632
8	36	-7368
8	37	-3112
9	10	-21208
9	11	7984
9	12	-5088
9	13	-9960
9	14	5696
9	15	10560
9	16	-11168
9	17	9960
9	18	-13296
9	19	6920
9	20	-5704
9	21	-5392
9	22	-10560
9	23	688
9	24	-16192
9	25	9504
9	26	-11472
9	27	-5392
9	28	12384
9	29	-1600
9	30	1144
9	31	-17248
9	32	1448
9	33	5248
9	34	-7672
9	35	-1592
9	36	-21656
9	37	-72
10	11	2200
10	12	3720
10	13	-224
10	14	-10104
10	15	8136
10	16	15576
10	17	-5552
10	18	6152
10	19	-8288
10	20	12848
10	21	9800
10	22	3416
10	23	9496
10	24	6008
10	25	680
10	26	4328
10	27	4024
10	28	536
10	29	2968
10	30	14816
10	31	4328
10	32	8736
10	33	4936
10	34	-5248
10	35	6000
10	36	8736
10	37	-7072
11	12	-5392
11	13	1896
11	14	-17104
11	15	-6464
11	16	80
11	17	-1896
11	18	-2048
11	19	840
11	20	-5400
11	21	5856
11	22	-5088
11	23	384
11	24	-15888
11	25	-8128
11	26	-11776
11	27	80
11	28	12688
11	29	10256
11	30	-10712
11	31	-6000
11	32	6920
11	33	-832
11	34	-13752
11	35	9656
11	36	-21960
11	37	-6152
12	13	-8136
12	14	-4032
12	15	6608
12	16	10112
12	17	-3416
12	18	7984
12	19	5096
12	20	1896
12	21	-7216
12	22	-12384
12	23	-1136
12	24	8736
12	25	-3872
12	26	9808
12	27	-1440
12	28	-3120
12	29	-5552
12	30	5096
12	31	-1744
12	32	5400
12	33	9200
12	34	-3720
12	35	2360
12	36	-6152
12	37	-7672
13	14	13304
13	15	-3112
13	16	15272
13	17	-11632
13	18	-5704
13	19	8736
13	20	-4176
13	21	3720
13	22	-2664
13	23	9192
13	24	-5240
13	25	376
13	26	-1752
13	27	-7832
13	28	-10712
13	29	-2504
13	30	8736
13	31	21352
13	32	-3120
13	33	-1144
13	34	224
13	35	-5856
13	36	8432
13	37	9952
14	15	-12992
14	16	7824
14	17	15576
14	18	-18928
14	19	7064
14	20	-14056
14	21	-9504
14	22	-4336
14	23	1744
14	24	19536
14	25	4480
14	26	2352
14	27	2048
14	28	-3264
14	29	-832
14	30	12840
14	31	8128
14	32	6760
14	33	8736
14	34	10104
14	35	4024
14	36	984
14	37	8280
15	16	-4640
15	17	8888
15	18	20592
15	19	376
15	20	9960
15	21	1136
15	22	-16800
15	23	6608
15	24	-8432
15	25	9344
15	26	1440
15	27	6912
15	28	-2352
15	29	80
15	30	376
15	31	1440
15	32	-11480
15	33	-3728
15	34	-8136
15	35	-2664
15	36	5848
15	37	7368
16	17	-9496
16	18	1904
16	19	-12536
16	20	7976
16	21	-13296
16	22	4640
16	23	10112
16	24	3264
16	25	-4176
16	26	3728
16	27	9808
16	28	14512
16	29	-11024
16	30	4792
16	31	15280
16	32	-680
16	33	8896
16	34	7528
16	35	2056
16	36	10872
16	37	-2200
17	18	-72
17	19	-8736
17	20	-1600
17	21	7832
17	22	-8888
17	23	-20744
17	24	5240
17	25	16952
17	26	1752
17	27	13608
17	28	-840
17	29	14056
17	30	2816
17	31	-4024
17	32	8896
17	33	1144
17	34	-11776
17	35	11632
17	36	-19984
17	37	-4176
18	19	-8888
18	20	10104
18	21	-3872
18	22	-3264
18	23	-9344
18	24	-6160
18	25	5248
18	26	7376
18	27	7680
18	28	-688
18	29	2656
18	30	-14664
18	31	-4176
18	32	-20136
18	33	12544
18	34	-11928
18	35	-72
18	36	8744
18	37	-15880
19	20	-10112
19	21	-984
19	22	-376
19	23	5096
19	24	8280
19	25	-3416
19	26	4488
19	27	-12536
19	28	2200
19	29	5544
19	30	-224
19	31	-1288
19	32	-5696
19	33	-7672
19	34	8288
19	35	-2960
19	36	80
19	37	15888
20	21	2200
20	22	13144
20	23	-3880
20	24	-3720
20	25	-1144
20	26	-14824
20	27	2200
20	28	-14968
20	29	-18312
20	30	-4336
20	31	-3272
20	32	-4640
20	33	-8440
20	34	-1296
20	35	9952
20	36	6912
20	37	14208
21	22	-1136
21	23	-12992
21	24	9040
21	25	-4176
21	26	-2048
21	27	-13296
21	28	-14368
21	29	12080
21	30	4792
21	31	15280
21	32	10872
21	33	-2656
21	34	-21352
21	35	-9496
21	36	-680
21	37	-2200
22	23	-6608
22	24	2656
22	25	-9344
22	26	-12992
22	27	-1136
22	28	8128
22	29	-5856
22	30	-376
22	31	-7216
22	32	-72
22	33	-7824
22	34	2360
22	35	-3112
22	36	5704
22	37	15736
23	24	-2816
23	25	-15424
23	26	-13296
23	27	4336
23	28	2656
23	29	-11328
23	30	-680
23	31	-1744
23	32	5400
23	33	-8128
23	34	7832
23	35	-3416
23	36	11176
23	37	-1896
24	25	-80
24	26	3568
24	27	9040
24	28	-4480
24	29	9504
24	30	8280
24	31	9344
24	32	7976
24	33	-1600
24	34	-6008
24	35	-536
24	36	13752
24	37	15272
25	26	7072
25	27	1600
25	28	5392
25	29	14512
25	30	19688
25	31	7072
25	32	-3112
25	33	688
25	34	-12232
25	35	-376
25	36	-3112
25	37	1144
26	27	-7824
26	28	3264
26	29	832
26	30	4488
26	31	20752
26	32	-12536
26	33	2816
26	34	7224
26	35	1752
26	36	10568
26	37	-14056
27	28	-2816
27	29	6304
27	30	4792
27	31	-13600
27	32	-12232
27	33	3120
27	34	7528
27	35	-3720
27	36	-680
27	37	-2200
28	29	9808
28	30	-3576
28	31	-2512
28	32	13448
28	33	9648
28	34	-536
28	35	4936
28	36	-9656
28	37	3416
29	30	11320
29	31	832
29	32	5240
29	33	7216
29	34	-20296
29	35	-3272
29	36	-6312
29	37	12536
30	31	4488
30	32	5856
30	33	-1896
30	34	-9040
30	35	-8736
30	36	80
30	37	4336
31	32	4792
31	33	-2960
31	34	-4328
31	35	-15576
31	36	10568
31	37	3272
32	33	-13144
32	34	-14512
32	35	-8432
32	36	-22720
32	37	-1136
33	34	840
33	35	12696
33	36	4184
33	37	-8888
34	35	-224
34	36	2816
34	37	1296
35	36	8896
35	37	1600
36	37	10416
