0	1	-7348
0	2	-8932
0	3	4316
0	4	-6620
0	5	-5468
0	6	6620
0	7	-6484
0	8	-10076
0	9	5476
0	10	5756
0	11	-15692
0	12	5188
0	13	-5044
0	14	-1724
0	15	-3596
0	16	-1004
0	17	-140
0	18	-6764
0	19	-9932
0	20	-2740
0	21	5044
0	22	2012
0	23	-1300
0	24	-1148
0	25	-2308
0	26	16124
0	27	-4900
0	28	3172
0	29	10660
0	30	-6916
0	31	-5324
0	32	-724
0	33	8924
0	34	1156
0	35	11372
1	2	2164
1	3	4468
1	4	-12532
1	5	-3316
1	6	7348
1	7	-284
1	8	11660
1	9	1292
1	10	-2156
1	11	-3460
1	12	-3604
1	13	-6908
1	14	3308
1	15	5180
1	16	12956
1	17	-8644
1	18	3164
1	19	11516
1	20	1156
1	21	6908
1	22	-8780
1	23	-284
1	24	7916
1	25	11092
1	26	3028
1	27	-1868
1	28	19148
1	29	-3892
1	30	5332
1	31	1724
1	32	-11228
1	33	-140
1	34	428
1	35	-7772
2	3	-9500
2	4	6620
2	5	10652
2	6	-6620
2	7	-3884
2	8	4892
2	9	-292
2	10	-16124
2	11	140
2	12	-5188
2	13	-5324
2	14	1724
2	15	3596
2	16	1004
2	17	15692
2	18	-13972
2	19	-5620
2	20	2740
2	21	-10228
2	22	-12380
2	23	-3884
2	24	-19588
2	25	7492
2	26	-572
2	27	-5468
2	28	7196
2	29	-10660
2	30	1732
2	31	5324
2	32	724
2	33	-8924
2	34	9212
2	35	4180
3	4	4316
3	5	3164
3	6	11236
3	7	-1580
3	8	-2596
3	9	2588
3	10	-3452
3	11	-7348
3	12	-7492
3	13	-3020
3	14	4604
3	15	-14260
3	16	19436
3	17	-2164
3	18	9644
3	19	-2740
3	20	-15692
3	21	3020
3	22	-4892
3	23	3604
3	24	4028
3	25	-21308
3	26	12100
3	27	12388
3	28	-5476
3	29	2588
3	30	-6332
3	31	-2164
3	32	-17708
3	33	-1436
3	34	1724
3	35	6484
4	5	-284
4	6	11804
4	7	-1300
4	8	-10076
4	9	292
4	10	572
4	11	10228
4	12	-15548
4	13	140
4	14	-1724
4	15	1588
4	16	-6188
4	17	10228
4	18	-6764
4	19	5620
4	20	-2740
4	21	-140
4	22	7196
4	23	-11668
4	24	-6332
4	25	-7492
4	26	-4612
4	27	10652
4	28	-7196
4	29	-4892
4	30	3452
4	31	5044
4	32	4460
4	33	-1444
4	34	-4028
4	35	1004
5	6	284
5	7	-2452
5	8	11812
5	9	-14108
5	10	-10948
5	11	-4172
5	12	1156
5	13	4172
5	14	-572
5	15	-12812
5	16	10516
5	17	1012
5	18	-10796
5	19	6772
5	20	-9076
5	21	-9356
5	22	6044
5	23	7916
5	24	-15548
5	25	-8644
5	26	-580
5	27	-11236
5	28	-6044
5	29	-3740
5	30	2300
5	31	-4172
5	32	3308
5	33	-2596
5	34	-2876
5	35	-148
6	7	-9068
6	8	-292
6	9	-292
6	10	-10940
6	11	-5044
6	12	-10372
6	13	-140
6	14	-3460
6	15	-1588
6	16	1004
6	17	-5044
6	18	-3604
6	19	25484
6	20	-12812
6	21	5324
6	22	3172
6	23	6484
6	24	6332
6	25	-13244
6	26	4612
6	27	4900
6	28	2012
6	29	4892
6	30	-8636
6	31	5324
6	32	5908
6	33	1444
6	34	-6340
6	35	4180
7	8	7340
7	9	-8212
7	10	-3020
7	11	7772
7	12	7628
7	13	-7772
7	14	9356
7	15	-4324
7	16	3452
7	17	-7780
7	18	-6340
7	19	-3172
7	20	-4892
7	21	-2596
7	22	724
7	23	-6332
7	24	8780
7	25	-10508
7	26	-18572
7	27	2452
7	28	-5908
7	29	-3028
7	30	-5900
7	31	-7780
7	32	-6908
7	33	9364
7	34	-3892
7	35	1732
8	9	-3164
8	10	9212
8	11	6772
8	12	1732
8	13	-1588
8	14	5188
8	15	3316
8	16	5908
8	17	-8780
8	18	-10220
8	19	12532
8	20	5900
8	21	1588
8	22	-4900
8	23	12524
8	24	-9788
8	25	1148
8	26	4028
8	27	-1444
8	28	10084
8	29	-8348
8	30	6908
8	31	-3596
8	32	-7636
8	33	2012
8	34	-2300
8	35	-5908
9	10	4028
9	11	-13964
9	12	-8636
9	13	8780
9	14	4
9	15	8500
9	16	-4460
9	17	-3596
9	18	5332
9	19	-18572
9	20	5900
9	21	6772
9	22	-4900
9	23	-3028
9	24	16132
9	25	1148
9	26	9212
9	27	8924
9	28	10084
9	29	2020
9	30	-8644
9	31	-8780
9	32	-2452
9	33	-3172
9	34	-7484
9	35	4460
10	11	9644
10	12	4316
10	13	11092
10	14	6044
10	15	2732
10	16	5324
10	17	-724
10	18	-4468
10	19	3884
10	20	-1580
10	21	14828
10	22	-1148
10	23	2164
10	24	5468
10	25	8356
10	26	10660
10	27	5764
10	28	6332
10	29	4028
10	30	7780
10	31	-5908
10	32	-3596
10	33	7492
10	34	-2020
10	35	-140
11	12	1300
11	13	9212
11	14	-10796
11	15	8068
11	16	292
11	17	-9212
11	18	4900
11	19	12100
11	20	11516
11	21	-9212
11	22	5900
11	23	-12964
11	24	148
11	25	11948
11	26	-5908
11	27	4172
11	28	-5900
11	29	-8780
11	30	2156
11	31	11524
11	32	-2020
11	33	2444
11	34	2452
11	35	-292
12	13	9068
12	14	4900
12	15	3028
12	16	5620
12	17	-9068
12	18	-15692
12	19	1876
12	20	6188
12	21	-3884
12	22	5756
12	23	-2740
12	24	-10076
12	25	6620
12	26	-868
12	27	-11524
12	28	-572
12	29	1732
12	30	2012
12	31	-9068
12	32	-17716
12	33	17852
12	34	2596
12	35	4748
13	14	10796
13	15	-2884
13	16	-5476
13	17	4028
13	18	5468
13	19	3452
13	20	4036
13	21	9212
13	22	14836
13	23	-2588
13	24	-148
13	25	3604
13	26	11092
13	27	6196
13	28	5900
13	29	3596
13	30	-12524
13	31	-11524
13	32	-8348
13	33	-2444
13	34	2732
13	35	292
14	15	-14252
14	16	3892
14	17	9940
14	18	-7052
14	19	148
14	20	-7636
14	21	-428
14	22	2300
14	23	-1012
14	24	-6620
14	25	-12388
14	26	6044
14	27	-4612
14	28	-2300
14	29	4
14	30	3740
14	31	-15980
14	32	-15988
14	33	9212
14	34	6052
14	35	1292
15	16	-13532
15	17	-12668
15	18	-3740
15	19	-1724
15	20	4604
15	21	2884
15	22	-6196
15	23	-4324
15	24	1876
15	25	20588
15	26	-2452
15	27	2444
15	28	11380
15	29	-12236
15	30	5612
15	31	8068
15	32	1436
15	33	-9652
15	34	-16556
15	35	3164
16	17	-15260
16	18	-6332
16	19	6052
16	20	-13540
16	21	292
16	22	-3604
16	23	3452
16	24	-5900
16	25	-2740
16	26	5324
16	27	-10516
16	28	-1580
16	29	-4460
16	30	8204
16	31	-4892
16	32	-16708
16	33	3308
16	34	-3596
16	35	572
17	18	-5468
17	19	-3452
17	20	1148
17	21	-9212
17	22	-4468
17	23	-2596
17	24	-15404
17	25	-8788
17	26	4460
17	27	4172
17	28	-716
17	29	1588
17	30	-3028
17	31	1156
17	32	8348
17	33	-2740
17	34	12820
17	35	-5476
18	19	-4892
18	20	2588
18	21	4900
18	22	7340
18	23	4028
18	24	19444
18	25	3020
18	26	5900
18	27	10796
18	28	-2156
18	29	148
18	30	3596
18	31	4900
18	32	9788
18	33	-22036
18	34	1012
18	35	-9220
19	20	-4612
19	21	-3452
19	22	15692
19	23	7196
19	24	-4460
19	25	-4180
19	26	3884
19	27	3596
19	28	5044
19	29	2164
19	30	1580
19	31	6916
19	32	2588
19	33	1868
19	34	3028
19	35	4316
20	21	-9220
20	22	2164
20	23	-20444
20	24	-3028
20	25	6484
20	26	3604
20	27	-6476
20	28	3020
20	29	716
20	30	5908
20	31	1148
20	32	-284
20	33	5620
20	34	15404
20	35	-7196
21	22	-4468
21	23	2588
21	24	10516
21	25	6764
21	26	9644
21	27	14540
21	28	9652
21	29	6772
21	30	7340
21	31	-4028
21	32	-2020
21	33	2444
21	34	-7916
21	35	-10660
22	23	-9644
22	24	-3460
22	25	-3452
22	26	-6332
22	27	4324
22	28	2588
22	29	-4900
22	30	-4028
22	31	-9652
22	32	-5036
22	33	-14684
22	34	-5764
22	35	3604
23	24	-1588
23	25	-140
23	26	-3020
23	27	-2732
23	28	-724
23	29	2156
23	30	-5900
23	31	7772
23	32	8644
23	33	-6188
23	34	1292
23	35	1732
24	25	-2596
24	26	284
24	27	15548
24	28	-1724
24	29	10948
24	30	-7204
24	31	-5036
24	32	4172
24	33	-1732
24	34	-3740
24	35	5900
25	26	-7196
25	27	-6908
25	28	13820
25	29	-9220
25	30	10660
25	31	11948
25	32	-716
25	33	-5180
25	34	5468
25	35	-2444
26	27	580
26	28	6332
26	29	9212
26	30	7780
26	31	-724
26	32	1588
26	33	7492
26	34	3164
26	35	-5324
27	28	860
27	29	-1444
27	30	-7484
27	31	9356
27	32	-13676
27	33	-7772
27	34	-7492
27	35	148
28	29	-5468
28	30	-6340
28	31	-5900
28	32	-148
28	33	-6052
28	34	-4604
28	35	6764
29	30	-3460
29	31	-13964
29	32	2732
29	33	17564
29	34	8068
29	35	14828
30	31	2156
30	32	-1292
30	33	-572
30	34	860
30	35	-18572
31	32	8348
31	33	2444
31	34	-2732
31	35	-15844
32	33	-6764
32	34	-3316
32	35	-9212
33	34	6332
33	35	1876
34	35	8780
