0	1	-13656
0	2	6744
0	3	-7800
0	4	-6072
0	5	4632
0	6	7320
0	7	-456
0	8	-2424
0	9	-3624
0	10	456
0	11	13512
0	12	12648
0	13	-1320
0	14	-8952
0	15	-840
0	16	9384
0	17	-6360
0	18	-456
0	19	-3864
0	20	-2760
0	21	10392
0	22	-6024
0	23	168
0	24	-552
0	25	-21144
0	26	744
0	27	6456
0	28	-7176
0	29	1992
0	30	-3912
0	31	264
0	32	-6072
0	33	-2712
0	34	4152
0	35	4296
1	2	15960
1	3	6600
1	4	13512
1	5	10968
1	6	-14568
1	7	3576
1	8	3912
1	9	-9960
1	10	1608
1	11	-8376
1	12	1128
1	13	-2472
1	14	-4920
1	15	5496
1	16	-5016
1	17	2856
1	18	8760
1	19	-2712
1	20	1272
1	21	1176
1	22	-4872
1	23	-14232
1	24	-9768
1	25	5928
1	26	-8472
1	27	10488
1	28	4344
1	29	840
1	30	120
1	31	4296
1	32	3144
1	33	13992
1	34	8184
1	35	-7224
2	3	-10056
2	4	-6600
2	5	8040
2	6	-9624
2	7	-1848
2	8	-5640
2	9	-14232
2	10	-3336
2	11	-264
2	12	5784
2	13	9384
2	14	-8904
2	15	8328
2	16	3288
2	17	-6312
2	18	3336
2	19	-9384
2	20	5640
2	21	2280
2	22	-7224
2	23	-8232
2	24	2856
2	25	-2472
2	26	1560
2	27	1608
2	28	4296
2	29	6072
2	30	-8760
2	31	7800
2	32	-6600
2	33	5016
2	34	3912
2	35	3768
3	4	7944
3	5	3864
3	6	4920
3	7	-2856
3	8	-4632
3	9	312
3	10	8040
3	11	-6456
3	12	-5592
3	13	-7176
3	14	456
3	15	-1032
3	16	-6072
3	17	3048
3	18	-2856
3	19	7176
3	20	-10920
3	21	3288
3	22	4152
3	23	-7224
3	24	-6504
3	25	-1464
3	26	2568
3	27	-9768
3	28	-5064
3	29	5064
3	30	600
3	31	6792
3	32	-2424
3	33	6024
3	34	-2280
3	35	-12792
4	5	-4776
4	6	-1992
4	7	600
4	8	2280
4	9	3768
4	10	-600
4	11	-8184
4	12	3048
4	13	11832
4	14	-1272
4	15	-4488
4	16	840
4	17	11688
4	18	-9768
4	19	3720
4	20	-2280
4	21	10200
4	22	11064
4	23	-5496
4	24	5592
4	25	15816
4	26	4296
4	27	4056
4	28	-13704
4	29	-12216
4	30	-16680
4	31	-120
4	32	6216
4	33	7752
4	34	6360
4	35	-4152
5	6	3432
5	7	840
5	8	1464
5	9	-2328
5	10	9528
5	11	9624
5	12	13944
5	13	-24
5	14	-7656
5	15	-2136
5	16	-12648
5	17	-10248
5	18	11208
5	19	-5160
5	20	3720
5	21	9096
5	22	-7320
5	23	-11496
5	24	-7032
5	25	-6888
5	26	-552
5	27	-2616
5	28	-3288
5	29	8472
5	30	2568
5	31	17112
5	32	-9960
5	33	11544
5	34	-4920
5	35	-4776
6	7	7944
6	8	5304
6	9	5928
6	10	-2760
6	11	-6024
6	12	-10344
6	13	3624
6	14	888
6	15	-6648
6	16	-1320
6	17	3480
6	18	-7608
6	19	17112
6	20	-10488
6	21	8040
6	22	3720
6	23	2712
6	24	8616
6	25	-1896
6	26	2136
6	27	6216
6	28	-312
6	29	-10056
6	30	1032
6	31	-3144
6	32	8376
6	33	-15144
6	34	-7032
6	35	-1992
7	8	7896
7	9	8520
7	10	-168
7	11	-13800
7	12	-7752
7	13	6216
7	14	-1704
7	15	-9240
7	16	11640
7	17	6072
7	18	168
7	19	-6216
7	20	-13080
7	21	-4920
7	22	-14424
7	23	120
7	24	-4344
7	25	16248
7	26	-10824
7	27	13992
7	28	12648
7	29	-12648
7	30	-11928
7	31	-10920
7	32	5784
7	33	8184
7	34	744
7	35	-4584
8	9	-5640
8	10	-2712
8	11	1128
8	12	264
8	13	-3336
8	14	4584
8	15	-4008
8	16	-4152
8	17	7176
8	18	2712
8	19	-1848
8	20	-4776
8	21	-8328
8	22	1176
8	23	7368
8	24	6648
8	25	11976
8	26	-7608
8	27	25176
8	28	24
8	29	-10392
8	30	14808
8	31	-12120
8	32	17832
8	33	-5880
8	34	-8232
8	35	7464
9	10	7032
9	11	10104
9	12	600
9	13	4200
9	14	-3720
9	15	-2040
9	16	-1896
9	17	9240
9	18	-12216
9	19	-4200
9	20	-20280
9	21	2280
9	22	3144
9	23	-3048
9	24	2856
9	25	13080
9	26	11928
9	27	-13944
9	28	9480
9	29	-9480
9	30	-8760
9	31	2616
9	32	-1416
9	33	-5352
9	34	3912
9	35	-1416
10	11	8616
10	12	2568
10	13	-1032
10	14	12072
10	15	4056
10	16	3912
10	17	-6072
10	18	15384
10	19	-9336
10	20	-7656
10	21	4920
10	22	-6312
10	23	5064
10	24	-840
10	25	-696
10	26	-4728
10	27	6744
10	28	-2280
10	29	2280
10	30	6744
10	31	16104
10	32	-5784
10	33	17736
10	34	4440
10	35	4584
11	12	-6168
11	13	-12936
11	14	5064
11	15	4728
11	16	-15864
11	17	-2712
11	18	1752
11	19	-12984
11	20	9240
11	21	-1320
11	22	9912
11	23	3720
11	24	4440
11	25	-11256
11	26	8328
11	27	-5160
11	28	696
11	29	4488
11	30	10392
11	31	6216
11	32	-18552
11	33	1416
11	34	-8040
11	35	7368
12	13	-1704
12	14	-9624
12	15	-6504
12	16	9192
12	17	-12216
12	18	-7752
12	19	-8664
12	20	-264
12	21	13368
12	22	-6504
12	23	-2328
12	24	-1608
12	25	-6936
12	26	-2904
12	27	888
12	28	-10536
12	29	5352
12	30	-4296
12	31	12264
12	32	-2136
12	33	5736
12	34	8376
12	35	-2136
13	14	-11208
13	15	-4920
13	16	408
13	17	6936
13	18	-4152
13	19	8472
13	20	-1848
13	21	4584
13	22	264
13	23	-744
13	24	5160
13	25	20568
13	26	9048
13	27	-5880
13	28	-3768
13	29	-1416
13	30	-16248
13	31	5496
13	32	-3720
13	33	2136
13	34	1608
13	35	1464
14	15	-2184
14	16	-7224
14	17	-6168
14	18	8664
14	19	6024
14	20	600
14	21	-3048
14	22	-2184
14	23	12360
14	24	7896
14	25	12936
14	26	6600
14	27	1752
14	28	4152
14	29	1032
14	30	12120
14	31	-12792
14	32	9096
14	33	4872
14	34	-1128
14	35	9096
15	16	-7752
15	17	5592
15	18	6312
15	19	-5448
15	20	4008
15	21	-1560
15	22	2760
15	23	-6600
15	24	-12504
15	25	-7176
15	26	4344
15	27	-7512
15	28	-13944
15	29	-1608
15	30	2856
15	31	-3336
15	32	5880
15	33	6072
15	34	10920
15	35	5880
16	17	552
16	18	-3912
16	19	-10776
16	20	-11400
16	21	-1704
16	22	-18120
16	23	8808
16	24	2904
16	25	-7320
16	26	-16536
16	27	8184
16	28	1464
16	29	-1464
16	30	-17736
16	31	1992
16	32	6024
16	33	-4440
16	34	5880
16	35	6024
17	18	-9480
17	19	3432
17	20	-12360
17	21	-5640
17	22	408
17	23	-5784
17	24	5304
17	25	5160
17	26	-1176
17	27	4344
17	28	-3624
17	29	-22296
17	30	-6024
17	31	-10200
17	32	-3864
17	33	12648
17	34	6648
17	35	-3864
18	19	-1032
18	20	2472
18	21	264
18	22	-9240
18	23	-5064
18	24	-4344
18	25	5880
18	26	-456
18	27	8808
18	28	2280
18	29	8088
18	30	8808
18	31	4632
18	32	600
18	33	13368
18	34	-4440
18	35	10968
19	20	1848
19	21	5784
19	22	-264
19	23	5928
19	24	15576
19	25	5352
19	26	6504
19	27	696
19	28	-6600
19	29	11784
19	30	11064
19	31	-10680
19	32	3720
19	33	-12504
19	34	8760
19	35	-6648
20	21	8328
20	22	9192
20	23	-2184
20	24	8904
20	25	-6792
20	26	7608
20	27	744
20	28	-5208
20	29	15576
20	30	16296
20	31	1752
20	32	-12648
20	33	5880
20	34	-7320
20	35	2904
21	22	-1560
21	23	-10920
21	24	-1272
21	25	-1128
21	26	10392
21	27	-3192
21	28	-13080
21	29	13080
21	30	-3192
21	31	6168
21	32	-168
21	33	6936
21	34	10056
21	35	-10536
22	23	-6600
22	24	8232
22	25	3192
22	26	4344
22	27	-2328
22	28	-13944
22	29	-6792
22	30	8040
22	31	1848
22	32	696
22	33	-9480
22	34	-15000
22	35	696
23	24	9240
23	25	-984
23	26	-10200
23	27	12216
23	28	7800
23	29	7752
23	30	7032
23	31	-4344
23	32	-312
23	33	-13656
23	34	-5640
23	35	20424
24	25	8664
24	26	9816
24	27	12936
24	28	-3288
24	29	3288
24	30	7752
24	31	-3624
24	32	408
24	33	-4008
24	34	264
24	35	10776
25	26	9960
25	27	2424
25	28	2040
25	29	-7224
25	30	-2760
25	31	-3768
25	32	10632
25	33	6504
25	34	-5064
25	35	264
26	27	-14280
26	28	-1992
26	29	1992
26	30	1272
26	31	-4920
26	32	4296
26	33	-2712
26	34	9336
26	35	-888
27	28	4008
27	29	-14376
27	30	12264
27	31	-7464
27	32	9240
27	33	-456
27	34	-984
27	35	9240
28	29	-5640
28	30	4008
28	31	-2184
28	32	-8520
28	33	-10632
28	34	-8664
28	35	12216
29	30	6360
29	31	2184
29	32	-7032
29	33	264
29	34	3480
29	35	3336
30	31	-2280
30	32	-1128
30	33	-5640
30	34	-11352
30	35	4056
31	32	-15672
31	33	8904
31	34	-10344
31	35	-10488
32	33	-12984
32	34	6360
32	35	-4152
33	34	7608
33	35	-7800
34	35	-14376
