0	1	2044
0	2	-11116
0	3	-7028
0	4	-6940
0	5	1988
0	6	-116
0	7	5732
0	8	-3340
0	9	2132
0	10	20188
0	11	2044
0	12	-16964
0	13	-6652
0	14	1900
0	15	-18548
0	16	-4724
0	17	-8180
0	18	-4004
0	19	-836
0	20	-3772
0	21	3484
0	22	-7660
0	23	9532
0	24	5732
0	25	-9188
0	26	-16964
0	27	9332
0	28	-3484
0	29	11116
0	30	-4868
0	31	-1268
0	32	-7172
0	33	-28
0	34	6220
0	35	-18836
1	2	-10540
1	3	-7604
1	4	-1180
1	5	7748
1	6	4492
1	7	6308
1	8	-7948
1	9	-2476
1	10	-1124
1	11	1468
1	12	-1988
1	13	-11260
1	14	-3860
1	15	-8756
1	16	10252
1	17	1612
1	18	-4580
1	19	-11780
1	20	7172
1	21	-2276
1	22	3284
1	23	-11780
1	24	1124
1	25	604
1	26	-1988
1	27	9908
1	28	-2908
1	29	172
1	30	-260
1	31	-1844
1	32	-7748
1	33	548
1	34	5644
1	35	-3860
2	3	-1468
2	4	-116
2	5	-3860
2	6	1988
2	7	-2420
2	8	1468
2	9	-9188
2	10	-13132
2	11	-172
2	12	8468
2	13	4780
2	14	5156
2	15	4868
2	16	1412
2	17	-316
2	18	5876
2	19	7892
2	20	-3284
2	21	13940
2	22	10972
2	23	-2476
2	24	-7604
2	25	5876
2	26	-7084
2	27	-6020
2	28	6796
2	29	1124
2	30	1556
2	31	8324
2	32	14228
2	33	8524
2	34	836
2	35	5156
3	4	2708
3	5	-3916
3	6	-4580
3	7	-5356
3	8	6308
3	9	6596
3	10	172
3	11	-7604
3	12	4492
3	13	-2188
3	14	2620
3	15	-7460
3	16	-19556
3	17	-2276
3	18	7084
3	19	-116
3	20	5876
3	21	4204
3	22	-3196
3	23	-116
3	24	-15724
3	25	1900
3	26	-5876
3	27	-1756
3	28	11348
3	29	-3716
3	30	11404
3	31	-10916
3	32	-11636
3	33	9620
3	34	12124
3	35	7804
4	5	2332
4	6	-4204
4	7	3772
4	8	12844
4	9	2188
4	10	-3772
4	11	-1180
4	12	12644
4	13	-14948
4	14	-1036
4	15	-1324
4	16	5588
4	17	-1324
4	18	15236
4	19	1700
4	20	-7460
4	21	12932
4	22	1612
4	23	-3484
4	24	-1412
4	25	-316
4	26	2276
4	27	5356
4	28	-12932
4	29	116
4	30	-4636
4	31	-3052
4	32	2852
4	33	-6020
4	34	-172
4	35	9332
5	6	-16012
5	7	-15524
5	8	-11636
5	9	3628
5	10	-5212
5	11	2564
5	12	836
5	13	-8324
5	14	-2476
5	15	-7948
5	16	4148
5	17	2420
5	18	-12124
5	19	-4924
5	20	-6020
5	21	1124
5	22	-7316
5	23	5444
5	24	5212
5	25	-22492
5	26	6020
5	27	1612
5	28	-6308
5	29	14228
5	30	-892
5	31	11060
5	32	6596
5	33	-4580
5	34	3572
5	35	7892
6	7	13652
6	8	-604
6	9	-5500
6	10	-8468
6	11	-692
6	12	-4148
6	13	6452
6	14	-6020
6	15	9820
6	16	-2276
6	17	9820
6	18	3628
6	19	1612
6	20	-1036
6	21	-4436
6	22	260
6	23	-13940
6	24	-7084
6	25	8812
6	26	-9332
6	27	12068
6	28	9620
6	29	-7172
6	30	-2420
6	31	-9188
6	32	5644
6	33	-2476
6	34	-6884
6	35	-836
7	8	5356
7	9	-5300
7	10	14084
7	11	1124
7	12	4580
7	13	3484
7	14	-3916
7	15	6164
7	16	-2476
7	17	6164
7	18	7172
7	19	-1180
7	20	604
7	21	-5500
7	22	-692
7	23	-1180
7	24	-8900
7	25	17540
7	26	-5788
7	27	3052
7	28	5500
7	29	-7948
7	30	-2332
7	31	-5932
7	32	-5212
7	33	2044
7	34	2132
7	35	-3916
8	9	-1412
8	10	-172
8	11	2420
8	12	16244
8	13	7372
8	14	18116
8	15	2276
8	16	9188
8	17	2276
8	18	13652
8	19	116
8	20	-692
8	21	6164
8	22	3196
8	23	-10252
8	24	-5012
8	25	8468
8	26	692
8	27	-3428
8	28	4204
8	29	-17020
8	30	9332
8	31	-9820
8	32	11636
8	33	5932
8	34	-1756
8	35	7748
9	10	-5068
9	11	-2476
9	12	11348
9	13	-8468
9	14	-7516
9	15	2564
9	16	-892
9	17	-2620
9	18	-1612
9	19	10772
9	20	4204
9	21	-9100
9	22	-23012
9	23	-4780
9	24	5068
9	25	-6796
9	26	6164
9	27	-3716
9	28	-6452
9	29	4004
9	30	9620
9	31	11204
9	32	-13996
9	33	-9908
9	34	-6652
9	35	2852
10	11	-1124
10	12	-4580
10	13	1700
10	14	-1268
10	15	-6164
10	16	-7892
10	17	-11348
10	18	-1988
10	19	-9188
10	20	-5788
10	21	-4868
10	22	692
10	23	11548
10	24	3716
10	25	-1988
10	26	-9764
10	27	7316
10	28	4868
10	29	2764
10	30	2332
10	31	748
10	32	-5156
10	33	-2044
10	34	-2132
10	35	-11636
11	12	-7172
11	13	-6076
11	14	1324
11	15	1612
11	16	-116
11	17	1612
11	18	604
11	19	3772
11	20	-3196
11	21	-7460
11	22	-1900
11	23	-6596
11	24	11492
11	25	-9764
11	26	-7172
11	27	-10828
11	28	7460
11	29	172
11	30	-5444
11	31	8524
11	32	2620
11	33	5732
11	34	-9908
11	35	1324
12	13	2564
12	14	-2132
12	15	3340
12	16	11980
12	17	8524
12	18	7516
12	19	316
12	20	260
12	21	-548
12	22	1556
12	23	-4868
12	24	-5788
12	25	7516
12	26	4924
12	27	-7372
12	28	548
12	29	-8468
12	30	1468
12	31	-116
12	32	-836
12	33	4004
12	34	-2996
12	35	8236
13	14	-5932
13	15	9332
13	16	5876
13	17	-6220
13	18	-5212
13	19	1988
13	20	-2564
13	21	2852
13	22	1324
13	23	17540
13	24	8668
13	25	10340
13	26	7748
13	27	-15668
13	28	2332
13	29	-20332
13	30	836
13	31	2420
13	32	3140
13	33	-1124
13	34	-5068
13	35	14804
14	15	-14084
14	16	10108
14	17	6652
14	18	5644
14	19	-17108
14	20	7316
14	21	-2420
14	22	8612
14	23	-17108
14	24	1268
14	25	460
14	26	-7316
14	27	-316
14	28	2420
14	29	28
14	30	4780
14	31	3196
14	32	18028
14	33	11060
14	34	10684
14	35	-4004
15	16	28
15	17	6940
15	18	748
15	19	14284
15	20	1844
15	21	-7316
15	22	8324
15	23	-1268
15	24	-4204
15	25	11116
15	26	8524
15	27	4580
15	28	-8236
15	29	-15236
15	30	-5300
15	31	8668
15	32	-2420
15	33	404
15	34	-9764
15	35	1468
16	17	-5156
16	18	9388
16	19	-13364
16	20	-6796
16	21	-3860
16	22	15236
16	23	-13364
16	24	7892
16	25	9388
16	26	-3572
16	27	-4060
16	28	-6508
16	29	-6596
16	30	-1844
16	31	12124
16	32	1036
16	33	-3052
16	34	-1124
16	35	-260
17	18	-9620
17	19	-1268
17	20	1844
17	21	-2132
17	22	3140
17	23	-6452
17	24	-14572
17	25	5932
17	26	3340
17	27	9764
17	28	7316
17	29	-10052
17	30	-5300
17	31	-1700
17	32	2764
17	33	15956
17	34	604
17	35	-3716
18	19	2908
18	20	-2332
18	21	-13508
18	22	-6220
18	23	-17828
18	24	-8380
18	25	-5444
18	26	-18404
18	27	404
18	28	3140
18	29	-11060
18	30	-1124
18	31	-2708
18	32	-3428
18	33	1412
18	34	15148
18	35	5644
19	20	-316
19	21	5212
19	22	-4204
19	23	892
19	24	-6364
19	25	-7460
19	26	316
19	27	-2764
19	28	5156
19	29	-2708
19	30	-3140
19	31	460
19	32	-5444
19	33	3428
19	34	2764
19	35	3628
20	21	-9820
20	22	-1556
20	23	-5500
20	24	-14948
20	25	8036
20	26	15812
20	27	7372
20	28	-10916
20	29	-1900
20	30	3716
20	31	-5068
20	32	6020
20	33	11548
20	34	13364
20	35	-3052
21	22	12212
21	23	10396
21	24	-316
21	25	7228
21	26	-548
21	27	3284
21	28	-4348
21	29	1612
21	30	1180
21	31	-5588
21	32	4060
21	33	-892
21	34	-8468
21	35	2764
22	23	-4204
22	24	-5876
22	25	14516
22	26	-3628
22	27	892
22	28	-1844
22	29	-604
22	30	-172
22	31	1412
22	32	2132
22	33	10252
22	34	-892
22	35	-6940
23	24	4004
23	25	-2276
23	26	10684
23	27	-7948
23	28	-10396
23	29	2476
23	30	-8324
23	31	460
23	32	-5444
23	33	3428
23	34	-2420
23	35	-1556
24	25	-8380
24	26	-604
24	27	-17684
24	28	-10052
24	29	2420
24	30	2852
24	31	19988
24	32	-28
24	33	-18692
24	34	-18604
24	35	6452
25	26	2332
25	27	404
25	28	3140
25	29	-11060
25	30	-1124
25	31	2476
25	32	1756
25	33	11780
25	34	-10772
25	35	-9908
26	27	-2188
26	28	-15004
26	29	-3284
26	30	6652
26	31	-5300
26	32	4348
26	33	-6364
26	34	-8180
26	35	8236
27	28	-3284
27	29	6020
27	30	6452
27	31	-7516
27	32	3572
27	33	3628
27	34	5732
27	35	-15868
28	29	-6796
28	30	9188
28	31	5588
28	32	1124
28	33	892
28	34	-1900
28	35	-2764
29	30	-1556
29	31	-3140
29	32	1324
29	33	-3340
29	34	-836
29	35	-5156
30	31	1612
30	32	-4292
30	33	-8092
30	34	-6452
30	35	4780
31	32	-692
31	33	-1324
31	34	-8036
31	35	-7172
32	33	-604
32	34	-3572
32	35	2476
33	34	17108
33	35	-9676
34	35	-10052
