0	1	2020
0	2	-8780
0	3	-2884
0	4	-3020
0	5	-12812
0	6	-13100
0	7	4468
0	8	-13676
0	9	12092
0	10	4468
0	11	-17428
0	12	4756
0	13	-10364
0	14	-724
0	15	-20156
0	16	-140
0	17	7924
0	18	-436
0	19	5324
0	20	-2740
0	21	-1588
0	22	5036
0	23	3308
0	24	-2308
0	25	-5332
0	26	2444
0	27	2588
0	28	-2300
0	29	1156
0	30	7484
0	31	-9220
0	32	11092
0	33	428
0	34	-428
0	35	140
1	2	4
1	3	9068
1	4	10948
1	5	6340
1	6	6052
1	7	8068
1	8	5476
1	9	-1876
1	10	2884
1	11	-292
1	12	3172
1	13	-1580
1	14	860
1	15	4180
1	16	-12092
1	17	1156
1	18	6332
1	19	6908
1	20	4028
1	21	10364
1	22	11804
1	23	-292
1	24	-724
1	25	1436
1	26	-6340
1	27	4172
1	28	1300
1	29	-10796
1	30	3884
1	31	2732
1	32	-11228
1	33	2012
1	34	-2012
1	35	6908
2	3	19868
2	4	-5036
2	5	724
2	6	-4748
2	7	7636
2	8	15412
2	9	3740
2	10	-2732
2	11	10508
2	12	-12812
2	13	-12380
2	14	-9076
2	15	-1436
2	16	3028
2	17	-9644
2	18	-3604
2	19	-18580
2	20	4460
2	21	-9940
2	22	-3316
2	23	140
2	24	10076
2	25	-3316
2	26	9644
2	27	4604
2	28	-4316
2	29	4324
2	30	4316
2	31	-7204
2	32	-6476
2	33	2444
2	34	2740
2	35	2156
3	4	-1444
3	5	3164
3	6	-12100
3	7	-3748
3	8	-6340
3	9	-7628
3	10	-3748
3	11	6340
3	12	1148
3	13	-4468
3	14	-5180
3	15	140
3	16	-4324
3	17	-12388
3	18	4900
3	19	-16412
3	20	-3164
3	21	868
3	22	-572
3	23	1156
3	24	6772
3	25	4612
3	26	-8348
3	27	-3308
3	28	13388
3	29	4748
3	30	-8204
3	31	-7052
3	32	-4
3	33	-1148
3	34	6332
3	35	-860
4	5	11668
4	6	-9356
4	7	3028
4	8	436
4	9	13532
4	10	13396
4	11	9932
4	12	8500
4	13	-1436
4	14	716
4	15	14692
4	16	-1580
4	17	1300
4	18	16556
4	19	6764
4	20	3884
4	21	10220
4	22	6476
4	23	4748
4	24	4316
4	25	-9076
4	26	-6484
4	27	4028
4	28	6628
4	29	-284
4	30	3740
4	31	7772
4	32	-11084
4	33	1868
4	34	-12236
4	35	-3604
5	6	1588
5	7	-1580
5	8	-4172
5	9	2588
5	10	-6764
5	11	4172
5	12	-11660
5	13	19876
5	14	-10228
5	15	-284
5	16	4180
5	17	-8492
5	18	10796
5	19	1004
5	20	3308
5	21	-11092
5	22	5900
5	23	4172
5	24	8924
5	25	-4468
5	26	-7060
5	27	-1732
5	28	-3164
5	29	-4892
5	30	-12388
5	31	12380
5	32	-15692
5	33	1292
5	34	3892
5	35	11372
6	7	-7052
6	8	724
6	9	-12676
6	10	-12236
6	11	9644
6	12	-1580
6	13	4036
6	14	428
6	15	4612
6	16	-6476
6	17	6772
6	18	-14836
6	19	6476
6	20	-1588
6	21	-5620
6	22	6188
6	23	-724
6	24	-1156
6	25	-4180
6	26	8780
6	27	-1444
6	28	-3452
6	29	-20732
6	30	3452
6	31	-2884
6	32	-428
6	33	-3604
6	34	-6764
6	35	6476
7	8	18292
7	9	11228
7	10	10516
7	11	-7924
7	12	-4748
7	13	-9500
7	14	-6772
7	15	-8924
7	16	11092
7	17	-1580
7	18	14252
7	19	9644
7	20	6764
7	21	7916
7	22	9356
7	23	7628
7	24	-3172
7	25	-6196
7	26	6764
7	27	12092
7	28	-6620
7	29	12388
7	30	16988
7	31	-10084
7	32	-19148
7	33	4748
7	34	5620
7	35	-724
8	9	13820
8	10	13108
8	11	-148
8	12	-7340
8	13	-6908
8	14	1004
8	15	19588
8	16	3316
8	17	-4172
8	18	6476
8	19	-3316
8	20	4172
8	21	140
8	22	-8788
8	23	10220
8	24	-580
8	25	6764
8	26	4172
8	27	4316
8	28	-4028
8	29	-572
8	30	14396
8	31	2876
8	32	-11372
8	33	2156
8	34	-7340
8	35	12236
9	10	11228
9	11	-3452
9	12	572
9	13	-5044
9	14	-4604
9	15	-5620
9	16	5468
9	17	7772
9	18	5476
9	19	4900
9	20	2596
9	21	-8924
9	22	5188
9	23	6916
9	24	-8204
9	25	-5180
9	26	7780
9	27	7636
9	28	-2740
9	29	4172
9	30	7924
9	31	14260
9	32	-580
9	33	-10940
9	34	572
9	35	-284
10	11	-7924
10	12	436
10	13	-4316
10	14	-1588
10	15	1444
10	16	11092
10	17	-11948
10	18	9068
10	19	4460
10	20	-3604
10	21	7916
10	22	-1012
10	23	-2740
10	24	-8356
10	25	19724
10	26	-3604
10	27	6908
10	28	-6620
10	29	2020
10	30	16988
10	31	10652
10	32	-3596
10	33	-436
10	34	436
10	35	4460
11	12	-8212
11	13	12092
11	14	-1004
11	15	6332
11	16	-3316
11	17	-1012
11	18	-11660
11	19	-17420
11	20	1012
11	21	-140
11	22	-1580
11	23	-10220
11	24	-4604
11	25	-17132
11	26	6196
11	27	868
11	28	9212
11	29	572
11	30	1156
11	31	7492
11	32	-14548
11	33	-2156
11	34	-8212
11	35	-1868
12	13	-9212
12	14	3308
12	15	12100
12	16	-4172
12	17	-1292
12	18	3596
12	19	9356
12	20	-3892
12	21	17996
12	22	9068
12	23	7340
12	24	1724
12	25	-1300
12	26	-9076
12	27	6620
12	28	4036
12	29	-8060
12	30	-14404
12	31	-4
12	32	1876
12	33	-724
12	34	-14828
12	35	-21748
13	14	2876
13	15	-3020
13	16	6628
13	17	-6044
13	18	-7204
13	19	-1444
13	20	860
13	21	-8356
13	22	-6916
13	23	1724
13	24	6476
13	25	-6916
13	26	-14692
13	27	1004
13	28	4468
13	29	-7628
13	30	-4468
13	31	9932
13	32	-8060
13	33	4028
13	34	-9212
13	35	8924
14	15	7484
14	16	-7348
14	17	5324
14	18	-2444
14	19	2164
14	20	-140
14	21	3892
14	22	-13100
14	23	4180
14	24	-10940
14	25	7636
14	26	-10508
14	27	4900
14	28	10364
14	29	6908
14	30	4
14	31	-4028
14	32	-3028
14	33	1876
14	34	-1876
14	35	-18572
15	16	-8348
15	17	-284
15	18	2588
15	19	-2020
15	20	10652
15	21	6620
15	22	-7492
15	23	11516
15	24	5900
15	25	13244
15	26	-10084
15	27	428
15	28	10228
15	29	-7052
15	30	-5044
15	31	4172
15	32	-7484
15	33	3452
15	34	-13820
15	35	-2020
16	17	-6188
16	18	3308
16	19	3884
16	20	1004
16	21	7340
16	22	-1588
16	23	1868
16	24	11804
16	25	3596
16	26	6188
16	27	1148
16	28	-6044
16	29	7780
16	30	11228
16	31	-10660
16	32	-3020
16	33	9356
16	34	6196
16	35	9068
17	18	-4756
17	19	21740
17	20	13676
17	21	-16276
17	22	716
17	23	9356
17	24	-1444
17	25	-9652
17	26	13676
17	27	-1732
17	28	2020
17	29	292
17	30	18716
17	31	-3172
17	32	15412
17	33	1292
17	34	-1292
17	35	-9364
18	19	12244
18	20	-428
18	21	13972
18	22	2164
18	23	-1292
18	24	4324
18	25	2164
18	26	-5612
18	27	-5756
18	28	284
18	29	7196
18	30	-5468
18	31	-4316
18	32	-2740
18	33	11956
18	34	13964
18	35	-3308
19	20	9364
19	21	-2156
19	22	1588
19	23	3316
19	24	-1436
19	25	1588
19	26	4180
19	27	-6332
19	28	-4324
19	29	-2596
19	30	9508
19	31	-10076
19	32	8204
19	33	11380
19	34	-1012
19	35	-3884
20	21	-9644
20	22	-11084
20	23	1012
20	24	1444
20	25	-716
20	26	-8492
20	27	12100
20	28	-2020
20	29	-292
20	30	7204
20	31	-2012
20	32	-10228
20	33	-1292
20	34	6476
20	35	-6188
21	22	8500
21	23	-5324
21	24	292
21	25	3316
21	26	724
21	27	580
21	28	14684
21	29	6044
21	30	-4316
21	31	-13532
21	32	-14260
21	33	2740
21	34	7628
21	35	-7340
22	23	3604
22	24	-1148
22	25	-8492
22	26	-716
22	27	-860
22	28	-4612
22	29	7484
22	30	4612
22	31	10948
22	32	-2452
22	33	-9068
22	34	-1300
22	35	-13964
23	24	5764
23	25	-6764
23	26	-4172
23	27	6052
23	28	9212
23	29	-4612
23	30	6340
23	31	-8060
23	32	-4180
23	33	-2156
23	34	-8212
23	35	3316
24	25	-6332
24	26	-8924
24	27	-3884
24	28	8780
24	29	140
24	30	1588
24	31	-12812
24	32	5756
24	33	8644
24	34	-13828
24	35	14116
25	26	-5900
25	27	-860
25	28	572
25	29	-2884
25	30	-5756
25	31	5764
25	32	2732
25	33	-9068
25	34	14252
25	35	1588
26	27	-3452
26	28	-2020
26	29	-292
26	30	12388
26	31	-12380
26	32	5324
26	33	-1292
26	34	11660
26	35	4180
27	28	3308
27	29	-148
27	30	1876
27	31	3028
27	32	-15268
27	33	-11804
27	34	1436
27	35	-11516
28	29	-4748
28	30	-2164
28	31	-8500
28	32	-5180
28	33	-4036
28	34	4036
28	35	-4324
29	30	9932
29	31	-6772
29	32	-1724
29	33	-2308
29	34	7492
29	35	-12964
30	31	-7052
30	32	5180
30	33	4036
30	34	-4036
30	35	4324
31	32	-1156
31	33	-15548
31	34	-5188
31	35	-4892
32	33	8492
32	34	1876
32	35	3020
33	34	-5908
33	35	6196
34	35	-1012
