0	1	-2324
0	2	3436
0	3	4156
0	4	-2900
0	5	8188
0	6	17876
0	7	3620
0	8	8620
0	9	13228
0	10	-9484
0	11	7900
0	12	6788
0	13	-8044
0	14	-7612
0	15	-6604
0	16	-6356
0	17	16004
0	18	1748
0	19	-1276
0	20	5452
0	21	8372
0	22	-16684
0	23	4012
0	24	-2860
0	25	9524
0	26	-308
0	27	-13660
0	28	884
0	29	3476
0	30	4876
0	31	-9340
0	32	2756
0	33	-3148
0	34	-6068
0	35	-6932
1	2	-7468
1	3	7364
1	4	4052
1	5	3332
1	6	6892
1	7	5596
1	8	2900
1	9	3476
1	10	8332
1	11	-6748
1	12	-2756
1	13	12076
1	14	-9092
1	15	5452
1	16	7508
1	17	-6788
1	18	7468
1	19	-5060
1	20	884
1	21	-4340
1	22	-5204
1	23	-2860
1	24	-3476
1	25	-308
1	26	-3724
1	27	-18596
1	28	13516
1	29	10924
1	30	-3724
1	31	13372
1	32	6460
1	33	12364
1	34	-3148
1	35	-7468
2	3	6788
2	4	8660
2	5	2756
2	6	-2900
2	7	16540
2	8	-8044
2	9	8084
2	10	-6644
2	11	3044
2	12	13372
2	13	7468
2	14	-3332
2	15	-4340
2	16	6932
2	17	9340
2	18	2860
2	19	700
2	20	308
2	21	6604
2	22	-9812
2	23	-3436
2	24	-2900
2	25	10636
2	26	-9484
2	27	2716
2	28	14092
2	29	1132
2	30	-4300
2	31	-1604
2	32	-3332
2	33	-12980
2	34	-8908
2	35	2324
3	4	-7612
3	5	2036
3	6	8188
3	7	-3476
3	8	-13948
3	9	2180
3	10	-5924
3	11	2324
3	12	8908
3	13	3004
3	14	18124
3	15	1564
3	16	6212
3	17	-5492
3	18	3580
3	19	1420
3	20	-10780
3	21	2140
3	22	-19460
3	23	-9340
3	24	-2180
3	25	988
3	26	164
3	27	-12116
3	28	14812
3	29	7036
3	30	-10204
3	31	-6068
3	32	7756
3	33	-1892
3	34	5924
3	35	-3580
4	5	-6460
4	6	-4052
4	7	-164
4	8	3476
4	9	-1132
4	10	2572
4	11	14564
4	12	-3332
4	13	6316
4	14	-4484
4	15	20428
4	16	2900
4	17	3004
4	18	-3476
4	19	-5636
4	20	1460
4	21	-20468
4	22	9772
4	23	8084
4	24	6316
4	25	14668
4	26	-3148
4	27	6748
4	28	2572
4	29	10348
4	30	-18700
4	31	-2756
4	32	5884
4	33	-3764
4	34	2612
4	35	-17260
5	6	1852
5	7	5740
5	8	-2428
5	9	-1852
5	10	-12260
5	11	-12076
5	12	2572
5	13	-3332
5	14	-3764
5	15	5596
5	16	7364
5	17	8908
5	18	12796
5	19	-10100
5	20	-4444
5	21	6172
5	22	-5060
5	23	-8188
5	24	1852
5	25	5020
5	26	11684
5	27	7468
5	28	3292
5	29	21436
5	30	6500
5	31	-2036
5	32	1420
5	33	-8228
5	34	1892
5	35	2756
6	7	9956
6	8	17836
6	9	1708
6	10	-3148
6	11	6748
6	12	13124
6	13	-12076
6	14	-6460
6	15	-268
6	16	-7508
6	17	-3580
6	18	2900
6	19	-10492
6	20	-884
6	21	-844
6	22	-10348
6	23	2860
6	24	-6892
6	25	308
6	26	3724
6	27	-7324
6	28	-3148
6	29	9812
6	30	-1460
6	31	-8188
6	32	3908
6	33	-7180
6	34	3148
6	35	-13268
7	8	6172
7	9	10780
7	10	-7036
7	11	268
7	12	-1132
7	13	-412
7	14	-5164
7	15	-14524
7	16	1564
7	17	-7468
7	18	9380
7	19	1172
7	20	3004
7	21	5636
7	22	1316
7	23	6748
7	24	4772
7	25	-3580
7	26	-2756
7	27	4340
7	28	8516
7	29	-4444
7	30	7612
7	31	8660
7	32	20
7	33	-5884
7	34	1852
7	35	988
8	9	-2284
8	10	3724
8	11	-2140
8	12	-2180
8	13	-2900
8	14	-24068
8	15	6028
8	16	-18988
8	17	-6212
8	18	13228
8	19	5884
8	20	-4876
8	21	-3764
8	22	556
8	23	17300
8	24	2284
8	25	-10100
8	26	-4300
8	27	-2468
8	28	-11828
8	29	1132
8	30	6068
8	31	8764
8	32	-3332
8	33	2572
8	34	-3724
8	35	-2860
9	10	8332
9	11	-6748
9	12	2428
9	13	1708
9	14	6460
9	15	-10100
9	16	2324
9	17	-1604
9	18	-2900
9	19	5308
9	20	6068
9	21	844
9	22	-5204
9	23	-8044
9	24	6892
9	25	10060
9	26	1460
9	27	-3044
9	28	3148
9	29	-4628
9	30	1460
9	31	3004
9	32	-9092
9	33	1996
9	34	-3148
9	35	-7468
10	11	3004
10	12	-9052
10	13	2036
10	14	-7900
10	15	-12076
10	16	9484
10	17	-10204
10	18	1460
10	19	-6748
10	20	-4628
10	21	-12652
10	22	14132
10	23	-11252
10	24	2036
10	25	-11500
10	26	-20
10	27	1604
10	28	596
10	29	-1996
10	30	-20
10	31	740
10	32	-13084
10	33	12116
10	34	-10964
10	35	-6644
11	12	12652
11	13	-19172
11	14	1132
11	15	124
11	16	2468
11	17	8620
11	18	2140
11	19	-15572
11	20	1028
11	21	5884
11	22	5020
11	23	-2716
11	24	1564
11	25	-452
11	26	-8764
11	27	-8372
11	28	8188
11	29	-4772
11	30	-13948
11	31	-7508
11	32	16684
11	33	-8516
11	34	2180
11	35	-2140
12	13	-12796
12	14	3188
12	15	9380
12	16	-1604
12	17	6068
12	18	-3004
12	19	-16396
12	20	5020
12	21	3620
12	22	-16252
12	23	-11972
12	24	-2428
12	25	9956
12	26	4444
12	27	-2860
12	28	11684
12	29	-1276
12	30	4444
12	31	-8908
12	32	3188
12	33	2468
12	34	3868
12	35	3004
13	14	-11644
13	15	-5452
13	16	8044
13	17	-3580
13	18	-7468
13	19	15428
13	20	-6068
13	21	-6028
13	22	5204
13	23	2860
13	24	-1708
13	25	10676
13	26	3724
13	27	3044
13	28	-3148
13	29	-556
13	30	8908
13	31	12548
13	32	-6460
13	33	3188
13	34	3148
13	35	-8084
14	15	164
14	16	2428
14	17	-8332
14	18	-17404
14	19	308
14	20	3868
14	21	-412
14	22	-4732
14	23	-7940
14	24	3908
14	25	-4444
14	26	-1892
14	27	8660
14	28	2468
14	29	-5308
14	30	-12260
14	31	-7756
14	32	9524
14	33	-1564
14	34	7900
14	35	12220
15	16	-8948
15	17	3044
15	18	4340
15	19	-3868
15	20	2860
15	21	-14956
15	22	-3724
15	23	6604
15	24	4916
15	25	1748
15	26	7468
15	27	-700
15	28	3476
15	29	11252
15	30	-8084
15	31	-6748
15	32	5348
15	33	4628
15	34	6892
15	35	-9524
16	17	-452
16	18	3436
16	19	1276
16	20	-268
16	21	-8372
16	22	6316
16	23	-4012
16	24	-7508
16	25	11212
16	26	308
16	27	8476
16	28	14668
16	29	1708
16	30	-10060
16	31	4156
16	32	2428
16	33	3148
16	34	-4300
16	35	-3436
17	18	1028
17	19	-7180
17	20	11356
17	21	18020
17	22	-1852
17	23	-452
17	24	-3580
17	25	8804
17	26	412
17	27	-4012
17	28	5348
17	29	2756
17	30	5596
17	31	-15244
17	32	-8332
17	33	1316
17	34	5020
17	35	-1028
18	19	-5884
18	20	-10676
18	21	3764
18	22	-556
18	23	-1748
18	24	-7468
18	25	-10636
18	26	-884
18	27	-13084
18	28	6644
18	29	-1132
18	30	-884
18	31	11972
18	32	8516
18	33	-7756
18	34	-1460
18	35	2860
19	20	2716
19	21	740
19	22	-8764
19	23	27196
19	24	-124
19	25	-3292
19	26	-13412
19	27	4628
19	28	-11932
19	29	-9340
19	30	2140
19	31	8948
19	32	-4876
19	33	4772
19	34	-3620
19	35	700
20	21	13804
20	22	-2612
20	23	-268
20	24	-6068
20	25	7468
20	26	-1132
20	27	-5636
20	28	10924
20	29	3148
20	30	4052
20	31	-9956
20	32	-6500
20	33	14956
20	34	-10924
20	35	5492
21	22	-4300
21	23	-3188
21	24	-844
21	25	-4012
21	26	-12692
21	27	-16828
21	28	2900
21	29	-4876
21	30	8044
21	31	-7324
21	32	-10780
21	33	-6316
21	34	-2900
21	35	11788
22	23	-4052
22	24	20
22	25	-13516
22	26	7180
22	27	15140
22	28	-6604
22	29	-4012
22	30	-3188
22	31	-1276
22	32	-9916
22	33	10100
22	34	11788
22	35	5740
23	24	-2324
23	25	-4340
23	26	-10060
23	27	3292
23	28	-11252
23	29	-3476
23	30	-4876
23	31	4156
23	32	2428
23	33	3148
23	34	-4300
23	35	-8620
24	25	10676
24	26	3724
24	27	-2140
24	28	-8332
24	29	-556
24	30	-1460
24	31	-13372
24	32	-11644
24	33	-12364
24	34	8332
24	35	-8084
25	26	1708
25	27	-5308
25	28	4052
25	29	6644
25	30	-3476
25	31	-6172
25	32	740
25	33	-15532
25	34	1132
25	35	-15284
26	27	9340
26	28	10348
26	29	7756
26	30	9812
26	31	-10532
26	32	3292
26	33	9196
26	34	10388
26	35	-9484
27	28	-13948
27	29	-988
27	30	4156
27	31	6932
27	32	-1708
27	33	2756
27	34	13948
27	35	7900
28	29	3188
28	30	-5204
28	31	-4444
28	32	7652
28	33	12116
28	34	-5780
28	35	3724
29	30	-7796
29	31	-12220
29	32	-124
29	33	-844
29	34	1996
29	35	-14420
30	31	15388
30	32	-12260
30	33	4012
30	34	20
30	35	884
31	32	12980
31	33	-3292
31	34	-11108
31	35	8764
32	33	-11932
32	34	2716
32	35	7036
33	34	-1748
33	35	7756
34	35	-3724
