0	1	-2912
0	2	-4640
0	3	7888
0	4	7024
0	5	3712
0	6	1984
0	7	8240
0	8	8320
0	9	1408
0	10	-10976
0	11	-2768
0	12	8528
0	13	3712
0	14	-4720
0	15	-10624
0	16	-1760
0	17	112
0	18	6224
0	19	6512
0	20	2192
0	21	7024
0	22	-1616
0	23	12272
0	24	2048
0	25	-2336
0	26	3056
0	27	2848
0	28	-2704
0	29	11264
0	30	3920
0	31	-7088
0	32	-1696
0	33	-17888
0	34	3136
0	35	7312
1	2	2272
1	3	-5936
1	4	-1616
1	5	-15296
1	6	-1472
1	7	11696
1	8	10048
1	9	3136
1	10	6304
1	11	9328
1	12	-3568
1	13	-20480
1	14	9104
1	15	-7168
1	16	-32
1	17	-3344
1	18	-11056
1	19	-400
1	20	464
1	21	-1616
1	22	-5072
1	23	-10192
1	24	320
1	25	-10976
1	26	-9040
1	27	-10976
1	28	11120
1	29	-11200
1	30	7376
1	31	-10544
1	32	1760
1	33	4576
1	34	-5504
1	35	-1328
2	3	-7664
2	4	-8528
2	5	-6656
2	6	7168
2	7	3056
2	8	3136
2	9	1408
2	10	4576
2	11	-7952
2	12	8528
2	13	-6656
2	14	5648
2	15	4928
2	16	3424
2	17	112
2	18	11408
2	19	-3856
2	20	-13360
2	21	7024
2	22	3568
2	23	1904
2	24	2048
2	25	2848
2	26	-2128
2	27	-2336
2	28	2480
2	29	-4288
2	30	14288
2	31	-1904
2	32	8672
2	33	2848
2	34	-2048
2	35	7312
3	4	14368
3	5	688
3	6	-6224
3	7	-4288
3	8	112
3	9	-6800
3	10	1552
3	11	-10976
3	12	6368
3	13	688
3	14	13856
3	15	2768
3	16	-15152
3	17	-2912
3	18	-1120
3	19	4352
3	20	32
3	21	4000
3	22	-4640
3	23	10112
3	24	-10480
3	25	-5360
3	26	-4288
3	27	-176
3	28	10688
3	29	-11632
3	30	6944
3	31	10624
3	32	-3856
3	33	-176
3	34	5296
3	35	-6080
4	5	-176
4	6	-12272
4	7	-18976
4	8	4432
4	9	7888
4	10	-9680
4	11	-11840
4	12	17600
4	13	-5360
4	14	4352
4	15	-6736
4	16	-10832
4	17	11776
4	18	10112
4	19	10400
4	20	11264
4	21	8320
4	22	4864
4	23	10976
4	24	752
4	25	-1040
4	26	1760
4	27	-6224
4	28	6368
4	29	4784
4	30	-7744
4	31	-608
4	32	2192
4	33	9328
4	34	-752
4	35	-1760
5	6	-32
5	7	-5296
5	8	-9248
5	9	-608
5	10	-2624
5	11	400
5	12	-5008
5	13	6880
5	14	2480
5	15	6944
5	16	6592
5	17	-1904
5	18	8240
5	19	-12208
5	20	-976
5	21	-176
5	22	-14000
5	23	19472
5	24	-6304
5	25	832
5	26	15440
5	27	11200
5	28	-5872
5	29	8096
5	30	752
5	31	-3920
5	32	10688
5	33	832
5	34	6304
5	35	10480
6	7	11984
6	8	-608
6	9	-2336
6	10	832
6	11	-1328
6	12	-8464
6	13	5152
6	14	-976
6	15	8672
6	16	4864
6	17	1552
6	18	9968
6	19	-10480
6	20	-14800
6	21	-1904
6	22	5008
6	23	464
6	24	16160
6	25	-896
6	26	-3568
6	27	-6080
6	28	6224
6	29	9824
6	30	2480
6	31	-5648
6	32	-3136
6	33	-11264
6	34	9760
6	35	-6800
7	8	16016
7	9	-13360
7	10	9392
7	11	11552
7	12	-6944
7	13	10256
7	14	-9248
7	15	1840
7	16	176
7	17	-12064
7	18	-4640
7	19	5440
7	20	4576
7	21	-3424
7	22	32
7	23	-10688
7	24	4720
7	25	-9616
7	26	-22208
7	27	-9616
7	28	4288
7	29	688
7	30	-2336
7	31	-4864
7	32	-12272
7	33	-9616
7	34	464
7	35	6656
8	9	-11552
8	10	7168
8	11	-176
8	12	-4432
8	13	-9248
8	14	-7312
8	15	-8032
8	16	832
8	17	2704
8	18	3632
8	19	3920
8	20	-400
8	21	-5936
8	22	976
8	23	-5872
8	24	4640
8	25	-15296
8	26	-15088
8	27	-15296
8	28	5072
8	29	3488
8	30	6512
8	31	-4496
8	32	896
8	33	-15296
8	34	5728
8	35	4720
9	10	-10112
9	11	-7088
9	12	12848
9	13	-5792
9	14	4784
9	15	4064
9	16	-6080
9	17	11344
9	18	5360
9	19	464
9	20	-9040
9	21	-2480
9	22	4432
9	23	1040
9	24	1184
9	25	-1472
9	26	2192
9	27	-1472
9	28	11984
9	29	10400
9	30	3056
9	31	4144
9	32	7808
9	33	8896
9	34	9184
9	35	-2192
10	11	1264
10	12	-5872
10	13	-12992
10	14	1616
10	15	11264
10	16	12640
10	17	-1040
10	18	2192
10	19	-7888
10	20	-12208
10	21	-9680
10	22	2416
10	23	8240
10	24	-1984
10	25	-13856
10	26	-976
10	27	-19040
10	28	-6736
10	29	-8320
10	30	-5296
10	31	2128
10	32	-5728
10	33	-3488
10	34	-3200
10	35	-9392
11	12	1472
11	13	400
11	14	3776
11	15	8240
11	16	-5072
11	17	-8384
11	18	-11200
11	19	-5728
11	20	10688
11	21	3712
11	22	256
11	23	-5152
11	24	5360
11	25	-5648
11	26	-4000
11	27	9904
11	28	608
11	29	4208
11	30	-3136
11	31	5152
11	32	-3568
11	33	-464
11	34	-5360
11	35	4000
12	13	-10192
12	14	11200
12	15	-3632
12	16	-20272
12	17	8960
12	18	-4928
12	19	-32
12	20	9472
12	21	12416
12	22	5504
12	23	9760
12	24	-752
12	25	6224
12	26	-1760
12	27	6224
12	28	4000
12	29	5584
12	30	-2624
12	31	10976
12	32	-2192
12	33	11408
12	34	5936
12	35	-3424
13	14	-13072
13	15	1760
13	16	6592
13	17	-12272
13	18	3056
13	19	3344
13	20	4208
13	21	5008
13	22	1552
13	23	-6448
13	24	9248
13	25	6016
13	26	5072
13	27	16384
13	28	4496
13	29	8096
13	30	-9616
13	31	-9104
13	32	-4864
13	33	-4352
13	34	-9248
13	35	5296
14	15	-752
14	16	-12784
14	17	896
14	18	-2048
14	19	-7520
14	20	-13568
14	21	9536
14	22	-7744
14	23	7456
14	24	-3056
14	25	3344
14	26	1120
14	27	3344
14	28	6880
14	29	-12272
14	30	5440
14	31	2912
14	32	11056
14	33	18896
14	34	13424
14	35	-11488
15	16	-3136
15	17	176
15	18	3856
15	19	-1616
15	20	-7664
15	21	8816
15	22	7088
15	23	2992
15	24	-12704
15	25	-12928
15	26	-3344
15	27	-12928
15	28	2416
15	29	-1184
15	30	976
15	31	7376
15	32	-8960
15	33	2624
15	34	2336
15	35	-1840
16	17	-7376
16	18	13712
16	19	-1552
16	20	-5872
16	21	-5648
16	22	-3920
16	23	4208
16	24	9536
16	25	544
16	26	10544
16	27	-4640
16	28	-5584
16	29	8384
16	30	-4144
16	31	-9392
16	32	5792
16	33	544
16	34	-9536
16	35	-176
17	18	-3712
17	19	6944
17	20	-2560
17	21	-3776
17	22	-2048
17	23	-2848
17	24	7664
17	25	-7952
17	26	-1696
17	27	-13136
17	28	8096
17	29	-9040
17	30	-832
17	31	2848
17	32	14288
17	33	-7952
17	34	7888
17	35	1696
18	19	2272
18	20	-3776
18	21	-5440
18	22	13568
18	23	6880
18	24	1552
18	25	3920
18	26	10912
18	27	-6448
18	28	1120
18	29	2704
18	30	-320
18	31	-6880
18	32	-5072
18	33	-1264
18	34	8816
18	35	4640
19	20	11488
19	21	5216
19	22	3488
19	23	-14144
19	24	-3920
19	25	4208
19	26	-15296
19	27	-6160
19	28	6016
19	29	-2768
19	30	4576
19	31	3776
19	32	-5360
19	33	4208
19	34	3920
19	35	10112
20	21	896
20	22	4352
20	23	544
20	24	-4784
20	25	5072
20	26	-5792
20	27	10256
20	28	-5216
20	29	-8816
20	30	-11840
20	31	4640
20	32	-16592
20	33	-112
20	34	-5584
20	35	5792
21	22	-5504
21	23	608
21	24	-9616
21	25	-11408
21	26	-3424
21	27	4144
21	28	11552
21	29	-400
21	30	2624
21	31	4576
21	32	7376
21	33	4144
21	34	-5936
21	35	-1760
22	23	-1120
22	24	-976
22	25	5872
22	26	5216
22	27	-9680
22	28	4640
22	29	3056
22	30	896
22	31	6304
22	32	-9904
22	33	-4496
22	34	11344
22	35	-10400
23	24	-4496
23	25	4784
23	26	15232
23	27	4784
23	28	-10112
23	29	1840
23	30	4000
23	31	-832
23	32	-5936
23	33	-400
23	34	-688
23	35	5504
24	25	4928
24	26	-10832
24	27	4928
24	28	10480
24	29	12064
24	30	-1328
24	31	-688
24	32	4288
24	33	-256
24	34	-544
24	35	-4720
25	26	5936
25	27	15520
25	28	-10192
25	29	3776
25	30	6800
25	31	-4784
25	32	-9184
25	33	10336
25	34	256
25	35	4432
26	27	11120
26	28	-16448
26	29	688
26	30	-12704
26	31	-15232
26	32	8464
26	33	-4432
26	34	464
26	35	1472
27	28	-5008
27	29	3776
27	30	6800
27	31	5584
27	32	6368
27	33	-32
27	34	-4928
27	35	4432
28	29	-3920
28	30	13792
28	31	10112
28	32	9040
28	33	176
28	34	10256
28	35	-4288
29	30	-176
29	31	3344
29	32	5440
29	33	8960
29	34	-1696
29	35	-688
30	31	11552
30	32	7600
30	33	-8752
30	34	6512
30	35	12704
31	32	5936
31	33	10768
31	34	5872
31	35	-15872
32	33	1184
32	34	6080
32	35	-3280
33	34	-4928
33	35	-11120
34	35	-5648
