0	1	-152
0	2	-992
0	3	-4424
0	4	-3384
0	5	-360
0	6	-56
0	7	2032
0	8	-152
0	9	1712
0	10	472
0	11	-2440
0	12	1920
0	13	-464
0	14	-56
0	15	-1928
0	16	2552
0	17	568
0	18	464
0	19	464
0	20	360
0	21	-784
0	22	-1200
0	23	992
0	24	4000
0	25	-56
1	2	1304
1	3	2032
1	4	-1712
1	5	-2656
1	6	368
1	7	360
1	8	-160
1	9	1304
1	10	-784
1	11	-576
1	12	1096
1	13	152
1	14	368
1	15	-464
1	16	-160
1	17	-2960
1	18	-152
1	19	-152
1	20	-2752
1	21	-1608
1	22	-1192
1	23	-1304
1	24	1720
1	25	3072
2	3	-472
2	4	568
2	5	1096
2	6	-1512
2	7	3488
2	8	-4104
2	9	-2448
2	10	-776
2	11	-984
2	12	-2240
2	13	-4416
2	14	1192
2	15	2024
2	16	1304
2	17	-3592
2	18	-6400
2	19	-992
2	20	1608
2	21	3168
2	22	-2656
2	23	2448
2	24	-160
2	25	3896
3	4	-160
3	5	-880
3	6	464
3	7	-1192
3	8	2032
3	9	-472
3	10	-48
3	11	-256
3	12	-2968
3	13	1720
3	14	464
3	15	1296
3	16	-3376
3	17	1088
3	18	984
3	19	-1720
3	20	-1824
3	21	-264
3	22	2024
3	23	-2232
3	24	-888
3	25	-2240
4	5	784
4	6	1504
4	7	-2232
4	8	-1712
4	9	568
4	10	1616
4	11	4112
4	12	776
4	13	680
4	14	-3904
4	15	-368
4	16	-1712
4	17	-576
4	18	-680
4	19	2024
4	20	-784
4	21	776
4	22	360
4	23	-568
4	24	-5256
4	25	1504
5	6	-2544
5	7	568
5	8	-2656
5	9	-1608
5	10	-576
5	11	-3072
5	12	-1816
5	13	-5048
5	14	160
5	15	2032
5	16	48
5	17	2240
5	18	-360
5	19	-360
5	20	2448
5	21	-1816
5	22	-1400
5	23	4312
5	24	-1192
5	25	160
6	7	-152
6	8	3072
6	9	1192
6	10	3696
6	11	784
6	12	1400
6	13	2760
6	14	-3280
6	15	-2448
6	16	-2336
6	17	48
6	18	-56
6	19	2648
6	20	-160
6	21	1400
6	22	984
6	23	-1192
6	24	-1928
6	25	-576
7	8	360
7	9	-1920
7	10	-264
7	11	-2760
7	12	576
7	13	-2032
7	14	-152
7	15	1720
7	16	360
7	17	-776
7	18	-3376
7	19	2032
7	20	2136
7	21	576
7	22	992
7	23	1920
7	24	1200
7	25	-152
8	9	-1400
8	10	1920
8	11	-576
8	12	1096
8	13	2856
8	14	368
8	15	-464
8	16	-160
8	17	2448
8	18	2552
8	19	2552
8	20	-48
8	21	1096
8	22	4216
8	23	-1304
8	24	1720
8	25	-5040
9	10	-776
9	11	1720
9	12	464
9	13	3696
9	14	-4216
9	15	-680
9	16	-1400
9	17	-888
9	18	1712
9	19	-992
9	20	-3800
9	21	-2240
9	22	48
9	23	-2960
9	24	-160
9	25	1192
10	11	-1200
10	12	1720
10	13	-472
10	14	-1712
10	15	-5248
10	16	-784
10	17	3072
10	18	472
10	19	3176
10	20	576
10	21	1720
10	22	-568
10	23	776
10	24	-360
10	25	-1712
11	12	1512
11	13	5144
11	14	-1920
11	15	-48
11	16	-576
11	17	-2544
11	18	264
11	19	264
11	20	-2336
11	21	1512
11	22	1928
11	23	-4424
11	24	-3272
11	25	784
12	13	784
12	14	-1304
12	15	-3176
12	16	1096
12	17	-680
12	18	1920
12	19	4624
12	20	-888
12	21	-2032
12	22	256
12	23	-464
12	24	48
12	25	1400
13	14	-2648
13	15	-776
13	16	-2552
13	17	-568
13	18	2240
13	19	-464
13	20	-3064
13	21	784
13	22	3904
13	23	-6400
13	24	-1296
13	25	-2648
14	15	256
14	16	3072
14	17	48
14	18	-56
14	19	-2760
14	20	2544
14	21	1400
14	22	-1720
14	23	1512
14	24	3480
14	25	-576
15	16	-464
15	17	-1824
15	18	-1928
15	19	-1928
15	20	672
15	21	-472
15	22	1816
15	23	680
15	24	-1096
15	25	256
16	17	-256
16	18	-152
16	19	-152
16	20	-48
16	21	1096
16	22	-1192
16	23	1400
16	24	4424
16	25	368
17	18	3272
17	19	568
17	20	464
17	21	-680
17	22	1608
17	23	888
17	24	1400
17	25	-5360
18	19	464
18	20	-2344
18	21	-3488
18	22	1504
18	23	-1712
18	24	1296
18	25	-2760
19	20	360
19	21	-784
19	22	1504
19	23	992
19	24	-1408
19	25	-56
20	21	1816
20	22	-1304
20	23	3800
20	24	-1512
20	25	-160
21	22	256
21	23	-464
21	24	48
21	25	-1304
22	23	-2752
22	24	-368
22	25	-4424
23	24	160
23	25	1512
24	25	-1928
