0	1	456
0	2	-480
0	3	-2744
0	4	2976
0	5	456
0	6	-272
0	7	-2224
0	8	-2248
0	9	-168
0	10	-2848
0	11	3080
0	12	3704
0	13	-688
0	14	-480
0	15	1936
0	16	376
0	17	2640
0	18	1104
0	19	2016
0	20	-2248
0	21	-248
0	22	-352
0	23	248
0	24	-1808
0	25	-2352
1	2	-688
1	3	168
1	4	480
1	5	248
1	6	-3184
1	7	688
1	8	-2456
1	9	-376
1	10	64
1	11	3288
1	12	1208
1	13	-3600
1	14	-688
1	15	-560
1	16	584
1	17	2432
1	18	-1392
1	19	1808
1	20	-2456
1	21	-40
1	22	-2848
1	23	2744
1	24	1104
1	25	2848
2	3	1104
2	4	1416
2	5	-688
2	6	1288
2	7	1624
2	8	-688
2	9	-1312
2	10	1000
2	11	-3888
2	12	-560
2	13	872
2	14	-1624
2	15	-2328
2	16	1520
2	17	-1208
2	18	-456
2	19	-1832
2	20	-688
2	21	896
2	22	-1912
2	23	-896
2	24	-664
2	25	-792
3	4	-896
3	5	2872
3	6	896
3	7	1600
3	8	168
3	9	792
3	10	2224
3	11	-3704
3	12	-4328
3	13	-1392
3	14	-1600
3	15	-5264
3	16	4408
3	17	-2016
3	18	976
3	19	-1392
3	20	168
3	21	-376
3	22	-272
3	23	3080
3	24	-1520
3	25	272
4	5	-2224
4	6	3912
4	7	1288
4	8	-2224
4	9	1104
4	10	1912
4	11	1392
4	12	768
4	13	1624
4	14	-3992
4	15	-168
4	16	1392
4	17	1000
4	18	-2040
4	19	1624
4	20	-2224
4	21	-3392
4	22	-3288
4	23	688
4	24	872
4	25	584
5	6	-3184
5	7	688
5	8	248
5	9	-3080
5	10	-2640
5	11	-2120
5	12	-1496
5	13	-3600
5	14	-688
5	15	-560
5	16	584
5	17	-272
5	18	1312
5	19	-3600
5	20	248
5	21	-40
5	22	-144
5	23	2744
5	24	-1600
5	25	144
6	7	1416
6	8	-480
6	9	4304
6	10	3496
6	11	-1392
6	12	-768
6	13	3784
6	14	-1416
6	15	-2536
6	16	1312
6	17	-1000
6	18	-664
6	19	1080
6	20	-480
6	21	-2016
6	22	584
6	23	-688
6	24	1832
6	25	-584
7	8	-2016
7	9	-1392
7	10	1704
7	11	-1520
7	12	-2144
7	13	-872
7	14	-1080
7	15	-3080
7	16	-1520
7	17	1208
7	18	456
7	19	-3576
7	20	-2016
7	21	-3600
7	22	-3496
7	23	3600
7	24	3368
7	25	3496
8	9	-376
8	10	2768
8	11	-2120
8	12	-1496
8	13	-896
8	14	2016
8	15	2144
8	16	-2120
8	17	-5680
8	18	1312
8	19	-896
8	20	5656
8	21	-40
8	22	2560
8	23	-2664
8	24	-1600
8	25	144
9	10	3392
9	11	1208
9	12	1832
9	13	1184
9	14	1392
9	15	-2640
9	16	1208
9	17	-896
9	18	-768
9	19	3888
9	20	-376
9	21	584
9	22	3184
9	23	-584
9	24	1728
9	25	-480
10	11	-896
10	12	-1520
10	13	-1496
10	14	1000
10	15	-2456
10	16	-896
10	17	-4824
10	18	1080
10	19	1208
10	20	2768
10	21	-2976
10	22	-168
10	23	272
10	24	1288
10	25	2872
11	12	3368
11	13	-976
11	14	1520
11	15	2432
11	16	-1416
11	17	3808
11	18	560
11	19	4432
11	20	-2120
11	21	-792
11	22	-688
11	23	792
11	24	768
11	25	688
12	13	-352
12	14	2144
12	15	1808
12	16	-2040
12	17	1728
12	18	-64
12	19	2352
12	20	-1496
12	21	1288
12	22	1392
12	23	-1288
12	24	144
12	25	-1392
13	14	-1832
13	15	584
13	16	1728
13	17	1288
13	18	-2952
13	19	664
13	20	-896
13	21	1104
13	22	1000
13	23	-3808
13	24	-456
13	25	-3704
14	15	376
14	16	-3888
14	17	-1208
14	18	4952
14	19	872
14	20	2016
14	21	896
14	22	3496
14	23	-896
14	24	-664
14	25	-792
15	16	-2976
15	17	-40
15	18	-1000
15	19	584
15	20	2144
15	21	352
15	22	456
15	23	-3056
15	24	-792
15	25	-456
16	17	1104
16	18	-2144
16	19	1728
16	20	-2120
16	21	1912
16	22	-688
16	23	792
16	24	-1936
16	25	-2016
17	18	-872
17	19	1288
17	20	-5680
17	21	480
17	22	-2328
17	23	2224
17	24	1624
17	25	-376
18	19	-248
18	20	1312
18	21	-1520
18	22	1288
18	23	1520
18	24	-2664
18	25	-1288
19	20	-896
19	21	1104
19	22	1000
19	23	-1104
19	24	-456
19	25	-1000
20	21	-40
20	22	2560
20	23	-2664
20	24	-1600
20	25	144
21	22	2640
21	23	-2536
21	24	-1312
21	25	-2640
22	23	-2640
22	24	-1208
22	25	-2744
23	24	1312
23	25	2640
24	25	3912
