0	1	-772
0	2	772
0	3	-1620
0	4	1084
0	5	876
0	6	-2748
0	7	-4308
0	8	-684
0	9	980
0	10	-1812
0	11	-772
0	12	-372
0	13	-164
0	14	1516
0	15	580
0	16	684
0	17	876
0	18	-1412
0	19	-476
0	20	-1412
0	21	-164
0	22	-772
0	23	-460
0	24	2764
0	25	772
1	2	3996
1	3	-3804
1	4	-1100
1	5	-1308
1	6	2140
1	7	-2124
1	8	-164
1	9	-1204
1	10	372
1	11	-1292
1	12	148
1	13	356
1	14	-1708
1	15	2764
1	16	-5244
1	17	-4012
1	18	-892
1	19	2748
1	20	1812
1	21	356
1	22	-3996
1	23	1724
1	24	-3164
1	25	-1412
2	3	-4308
2	4	-1604
2	5	1308
2	6	564
2	7	-3284
2	8	2868
2	9	-1500
2	10	2332
2	11	-4116
2	12	-2852
2	13	-356
2	14	1708
2	15	2644
2	16	-2868
2	17	-1396
2	18	-1812
2	19	-44
2	20	3596
2	21	-356
2	22	-1412
2	23	3684
2	24	-2244
2	25	1412
3	4	788
3	5	-1708
3	6	876
3	7	5140
3	8	-148
3	9	-1812
3	10	-60
3	11	1604
3	12	2244
3	13	2036
3	14	-684
3	15	-2452
3	16	2852
3	17	996
3	18	3284
3	19	-3060
3	20	-2124
3	21	-668
3	22	1604
3	23	-4116
3	24	772
3	25	-1604
4	5	-1708
4	6	876
4	7	-268
4	8	-2852
4	9	3596
4	10	-60
4	11	-1100
4	12	2244
4	13	2036
4	14	-684
4	15	2956
4	16	2852
4	17	996
4	18	580
4	19	-3060
4	20	580
4	21	-668
4	22	1604
4	23	-1412
4	24	3476
4	25	1100
5	6	668
5	7	-476
5	8	2764
5	9	1100
5	10	2436
5	11	1396
5	12	-252
5	13	-3164
5	14	1812
5	15	44
5	16	2644
5	17	3908
5	18	-1916
5	19	-148
5	20	788
5	21	2244
5	22	-1308
5	23	3788
5	24	564
5	25	1308
6	7	1308
6	8	-892
6	9	772
6	10	1100
6	11	-564
6	12	-580
6	13	2332
6	14	-980
6	15	3492
6	16	892
6	17	-2036
6	18	3788
6	19	-684
6	20	1084
6	21	5036
6	22	-564
6	23	2452
6	24	-2436
6	25	564
7	8	668
7	9	-3076
7	10	2244
7	11	3284
7	12	3684
7	13	1188
7	14	-2540
7	15	-3476
7	16	2036
7	17	2228
7	18	2644
7	19	-1828
7	20	-60
7	21	-1516
7	22	580
7	23	-1812
7	24	-1292
7	25	-3284
8	9	-2748
8	10	876
8	11	-164
8	12	-1396
8	13	-4308
8	14	252
8	15	1188
8	16	-1620
8	17	60
8	18	-356
8	19	-1292
8	20	-356
8	21	-1604
8	22	-164
8	23	-476
8	24	-996
8	25	164
9	10	-164
9	11	-1204
9	12	-356
9	13	-564
9	14	1916
9	15	2852
9	16	2748
9	17	1100
9	18	-2020
9	19	-252
9	20	684
9	21	2140
9	22	1500
9	23	1188
9	24	3372
9	25	3908
10	11	-2332
10	12	1188
10	13	1396
10	14	2660
10	15	-980
10	16	1828
10	17	2436
10	18	-2556
10	19	-1620
10	20	5556
10	21	-1308
10	22	-2332
10	23	3388
10	24	-1500
10	25	-372
11	12	2852
11	13	-2348
11	14	-4412
11	15	-2644
11	16	164
11	17	1396
11	18	1812
11	19	2748
11	20	-3596
11	21	356
11	22	-1292
11	23	-980
11	24	-460
11	25	-4116
12	13	788
12	14	-2140
12	15	-1204
12	16	1396
12	17	2452
12	18	-668
12	19	-1604
12	20	-668
12	21	-1916
12	22	-2556
12	23	-2868
12	24	2020
12	25	-2852
13	14	772
13	15	-996
13	16	1604
13	17	-460
13	18	1828
13	19	-1812
13	20	1828
13	21	580
13	22	356
13	23	44
13	24	-476
13	25	-356
14	15	-356
14	16	2452
14	17	1812
14	18	-3180
14	19	-2244
14	20	2228
14	21	772
14	22	996
14	23	1308
14	24	1828
14	25	4412
15	16	-1188
15	17	-2660
15	18	460
15	19	-1308
15	20	460
15	21	1708
15	22	60
15	23	372
15	24	892
15	25	2644
16	17	5348
16	18	356
16	19	-4116
16	20	356
16	21	1604
16	22	2868
16	23	476
16	24	3700
16	25	2540
17	18	-1916
17	19	-2852
17	20	788
17	21	-460
17	22	1396
17	23	1084
17	24	3268
17	25	1308
18	19	-564
18	20	-2332
18	21	1828
18	22	1812
18	23	-1204
18	24	-1724
18	25	-1812
19	20	-564
19	21	892
19	22	-2660
19	23	2436
19	24	-3492
19	25	-2748
20	21	-876
20	22	-892
20	23	4204
20	24	-1724
20	25	892
21	22	356
21	23	2748
21	24	-476
21	25	2348
22	23	-980
22	24	2244
22	25	3996
23	24	-2852
23	25	980
24	25	3164
