0	1	-344
0	2	904
0	3	1112
0	4	-1176
0	5	32
0	6	2112
0	7	1592
0	8	-3088
0	9	3400
0	10	-3608
0	11	1632
0	12	656
0	13	-696
0	14	2528
0	15	864
0	16	4232
0	17	488
0	18	-2568
0	19	-2424
0	20	2736
0	21	-2320
0	22	1528
0	23	-3048
0	24	2360
0	25	-280
1	2	-3920
1	3	1280
1	4	-1840
1	5	-2424
1	6	3608
1	7	1424
1	8	696
1	9	-1008
1	10	-1488
1	11	-1944
1	12	-3048
1	13	1008
1	14	488
1	15	2152
1	16	864
1	17	1904
1	18	176
1	19	-3296
1	20	280
1	21	-696
1	22	864
1	23	2736
1	24	32
1	25	-2112
2	3	32
2	4	-384
2	5	4232
2	6	-552
2	7	-32
2	8	-760
2	9	448
2	10	2464
2	11	2216
2	12	904
2	13	-448
2	14	-968
2	15	-2008
2	16	-384
2	17	-2048
2	18	-3984
2	19	864
2	20	-3880
2	21	760
2	22	-3088
2	23	-3920
2	24	-3920
2	25	-864
3	4	-3296
3	5	-968
3	6	-344
3	7	176
3	8	-552
3	9	240
3	10	-2736
3	11	-696
3	12	-1592
3	13	2464
3	14	1944
3	15	904
3	16	-592
3	17	448
3	18	-1072
3	19	-2048
3	20	1736
3	21	552
3	22	-592
3	23	1280
3	24	1280
3	25	2048
4	5	-552
4	6	-2632
4	7	592
4	8	-2840
4	9	-176
4	10	384
4	11	-1112
4	12	1528
4	13	-2528
4	14	-344
4	15	-4088
4	16	-1008
4	17	-2672
4	18	2048
4	19	240
4	20	-552
4	21	-2568
4	22	-1008
4	23	-1840
4	24	864
4	25	2464
5	6	-1216
5	7	968
5	8	-1008
5	9	-1384
5	10	1176
5	11	-448
5	12	32
5	13	1384
5	14	-3504
5	15	240
5	16	-552
5	17	1112
5	18	-488
5	19	3608
5	20	-3296
5	21	1008
5	22	-552
5	23	-2424
5	24	-2424
5	25	-904
6	7	344
6	8	1072
6	9	1944
6	10	552
6	11	176
6	12	-592
6	13	-1944
6	14	1280
6	15	2320
6	16	2776
6	17	1736
6	18	-3816
6	19	-3880
6	20	-1216
6	21	-1072
6	22	72
6	23	904
6	24	-1800
6	25	-4232
7	8	-2152
7	9	-240
7	10	-2672
7	11	696
7	12	-3816
7	13	2944
7	14	760
7	15	-904
7	16	592
7	17	-448
7	18	1072
7	19	-656
7	20	968
7	21	-552
7	22	3296
7	23	-1280
7	24	1424
7	25	656
8	9	-968
8	10	3464
8	11	2672
8	12	-384
8	13	968
8	14	-1216
8	15	2528
8	16	-136
8	17	1528
8	18	-904
8	19	1320
8	20	-1008
8	21	1424
8	22	-136
8	23	3400
8	24	-2008
8	25	-1320
9	10	-448
9	11	2424
9	12	696
9	13	-3360
9	14	4232
9	15	-2216
9	16	-176
9	17	-1840
9	18	-1488
9	19	-1632
9	20	1320
9	21	-1736
9	22	-176
9	23	-1008
9	24	1696
9	25	1632
10	11	488
10	12	1800
10	13	-2256
10	14	-1736
10	15	-696
10	16	-2320
10	17	-656
10	18	-1424
10	19	1840
10	20	-4232
10	21	1944
10	22	-2320
10	23	1216
10	24	-4192
10	25	-1840
11	12	-1072
11	13	280
11	14	2464
11	15	-1280
11	16	1592
11	17	-2776
11	18	-552
11	19	136
11	20	2256
11	21	32
11	22	1592
11	23	-1944
11	24	760
11	25	-136
12	13	-3400
12	14	-176
12	15	864
12	16	1528
12	17	488
12	18	-2568
12	19	280
12	20	32
12	21	384
12	22	-1176
12	23	-344
12	24	-344
12	25	-280
13	14	-1528
13	15	2216
13	16	176
13	17	1840
13	18	1488
13	19	1632
13	20	1384
13	21	1736
13	22	2880
13	23	1008
13	24	1008
13	25	1072
14	15	-2672
14	16	-344
14	17	-4088
14	18	-696
14	19	-4296
14	20	4608
14	21	1216
14	22	2360
14	23	488
14	24	3192
14	25	1592
15	16	4024
15	17	5688
15	18	-2360
15	19	72
15	20	240
15	21	176
15	22	1320
15	23	2152
15	24	-552
15	25	-2776
16	17	2736
16	18	-3360
16	19	-2464
16	20	2152
16	21	-2568
16	22	1696
16	23	-1840
16	24	864
16	25	-2944
17	18	-1696
17	19	1280
17	20	-1592
17	21	-1528
17	22	32
17	23	1904
17	24	-800
17	25	-1280
18	19	3504
18	20	2216
18	21	904
18	22	2048
18	23	176
18	24	2880
18	25	1904
19	20	-1800
19	21	1384
19	22	240
19	23	-592
19	24	-592
19	25	1216
20	21	1008
20	22	4856
20	23	280
20	24	5688
20	25	1800
21	22	2840
21	23	2008
21	24	-696
21	25	-1384
22	23	864
22	24	3568
22	25	-240
23	24	32
23	25	592
24	25	3296
