0	1	420
0	2	2708
0	3	2916
0	4	4268
0	5	-828
0	6	2708
0	7	1876
0	8	-4
0	9	1252
0	10	-1668
0	11	2180
0	12	1244
0	13	932
0	14	-3532
0	15	628
0	16	-836
0	17	1036
0	18	1564
0	19	2180
0	20	1668
0	21	-932
0	22	-316
0	23	-3116
0	24	1356
0	25	2076
1	2	1556
1	3	1348
1	4	-2708
1	5	-3020
1	6	-1148
1	7	-3020
1	8	-1556
1	9	3012
1	10	108
1	11	-3740
1	12	2604
1	13	2916
1	14	-3020
1	15	932
1	16	-724
1	17	108
1	18	-2708
1	19	1668
1	20	-108
1	21	2492
1	22	-3948
1	23	-732
1	24	-2500
1	25	-932
2	3	-940
2	4	412
2	5	-2604
2	6	1972
2	7	-2604
2	8	-4676
2	9	3428
2	10	2396
2	11	-1452
2	12	-516
2	13	-204
2	14	-2604
2	15	-1356
2	16	-1140
2	17	2396
2	18	-2292
2	19	1252
2	20	3012
2	21	204
2	22	-4364
2	23	-3020
2	24	-2084
2	25	4060
3	4	2908
3	5	-2812
3	6	-940
3	7	-108
3	8	940
3	9	516
3	10	-2804
3	11	1460
3	12	2396
3	13	4
3	14	-2812
3	15	1140
3	16	1772
3	17	2604
3	18	2908
3	19	1460
3	20	100
3	21	-4
3	22	1252
3	23	-524
3	24	3116
3	25	-1140
4	5	-1460
4	6	3116
4	7	3948
4	8	2292
4	9	-836
4	10	-1452
4	11	5516
4	12	1044
4	13	-1348
4	14	-1460
4	15	2492
4	16	420
4	17	1252
4	18	4260
4	19	108
4	20	-1252
4	21	-4060
4	22	2604
4	23	-1876
4	24	4468
4	25	212
5	6	100
5	7	932
5	8	-100
5	9	-3852
5	10	-1140
5	11	420
5	12	-1348
5	13	1668
5	14	932
5	15	-524
5	16	-1972
5	17	-3844
5	18	-1460
5	19	-2284
5	20	1140
5	21	1036
5	22	2916
5	23	516
5	24	-1252
5	25	524
6	7	100
6	8	-1972
6	9	724
6	10	-308
6	11	3956
6	12	2188
6	13	-204
6	14	100
6	15	-1356
6	16	-1140
6	17	-308
6	18	412
6	19	1252
6	20	308
6	21	-5204
6	22	1044
6	23	-3020
6	24	3324
6	25	-1348
7	8	5308
7	9	-1148
7	10	-1140
7	11	3124
7	12	-1348
7	13	-1036
7	14	932
7	15	2180
7	16	732
7	17	-1140
7	18	3948
7	19	420
7	20	-1564
7	21	-1668
7	22	2916
7	23	516
7	24	1452
7	25	524
8	9	-724
8	10	308
8	11	1452
8	12	516
8	13	-2500
8	14	2604
8	15	1356
8	16	1140
8	17	308
8	18	4996
8	19	1452
8	20	-3012
8	21	-204
8	22	1660
8	23	3020
8	24	2084
8	25	-1356
9	10	3644
9	11	-2908
9	12	732
9	13	-1660
9	14	-1148
9	15	-2604
9	16	2812
9	17	940
9	18	1868
9	19	5204
9	20	1764
9	21	1660
9	22	-3116
9	23	-1564
9	24	-628
9	25	2604
10	11	-2916
10	12	1556
10	13	-4164
10	14	1564
10	15	-2388
10	16	-524
10	17	1348
10	18	1252
10	19	2492
10	20	1356
10	21	1460
10	22	-2708
10	23	1980
10	24	-1660
10	25	2388
11	12	-4
11	13	-316
11	14	420
11	15	1876
11	16	620
11	17	-212
11	18	2812
11	19	-1772
11	20	-2492
11	21	-5092
11	22	3844
11	23	-1868
11	24	5308
11	25	-1876
12	13	-1252
12	14	-1348
12	15	108
12	16	-3020
12	17	1556
12	18	1044
12	19	2700
12	20	1148
12	21	-1452
12	22	204
12	23	1772
12	24	836
12	25	-2812
13	14	-3740
13	15	3124
13	16	-628
13	17	-4164
13	18	-4052
13	19	-3020
13	20	-1244
13	21	1564
13	22	-108
13	23	-3324
13	24	-1556
13	25	-420
14	15	-3228
14	16	732
14	17	1564
14	18	1244
14	19	420
14	20	-1564
14	21	-1668
14	22	212
14	23	3220
14	24	1452
14	25	-2180
15	16	-516
15	17	-2388
15	18	-212
15	19	-3532
15	20	-3020
15	21	-420
15	22	1668
15	23	-940
15	24	-4
15	25	-724
16	17	-524
16	18	3124
16	19	620
16	20	-2180
16	21	628
16	22	828
16	23	-1556
16	24	2916
16	25	516
17	18	1252
17	19	2492
17	20	1356
17	21	-1244
17	22	-2708
17	23	1980
17	24	1044
17	25	-316
18	19	2812
18	20	-1252
18	21	-1356
18	22	2604
18	23	828
18	24	4468
18	25	212
19	20	2916
19	21	316
19	22	-1564
19	23	836
19	24	-100
19	25	828
20	21	1244
20	22	4
20	23	724
20	24	-3748
20	25	3020
21	22	-2596
21	23	620
21	24	-3852
21	25	3124
22	23	628
22	24	2396
22	25	-1668
23	24	-1668
23	25	-1764
24	25	-2700
