0	1	-496
0	2	-392
0	3	-3664
0	4	1432
0	5	1792
0	6	-856
0	7	-184
0	8	4032
0	9	1688
0	10	-288
0	11	-3304
0	12	-184
0	13	-1168
0	14	-1896
0	15	-2056
0	16	-1744
0	17	-648
0	18	440
0	19	-912
0	20	544
0	21	80
0	22	1328
0	23	1952
0	24	-1584
0	25	1744
1	2	-1328
1	3	-24
1	4	2368
1	5	856
1	6	2784
1	7	-1120
1	8	2264
1	9	752
1	10	1480
1	11	3872
1	12	1584
1	13	2472
1	14	1744
1	15	-2992
1	16	24
1	17	-2416
1	18	2208
1	19	856
1	20	-392
1	21	1016
1	22	4968
1	23	-2520
1	24	-648
1	25	-24
2	3	-128
2	4	-440
2	5	960
2	6	-24
2	7	1688
2	8	-544
2	9	856
2	10	-3824
2	11	-1432
2	12	-3720
2	13	-336
2	14	-1064
2	15	-184
2	16	2832
2	17	2888
2	18	2312
2	19	-1744
2	20	-288
2	21	3616
2	22	-544
2	23	80
2	24	-752
2	25	-128
3	4	-912
3	5	392
3	6	1376
3	7	2368
3	8	-808
3	9	496
3	10	-232
3	11	2784
3	12	-336
3	13	4392
3	14	-288
3	15	1536
3	16	1224
3	17	-1536
3	18	1744
3	19	3096
3	20	1640
3	21	3144
3	22	1896
3	23	1272
3	24	-600
3	25	-3928
4	5	80
4	6	1688
4	7	-3352
4	8	-496
4	9	5592
4	10	2160
4	11	2472
4	12	-3352
4	13	-704
4	14	-2680
4	15	-1480
4	16	-4496
4	17	-1224
4	18	1432
4	19	80
4	20	-1376
4	21	752
4	22	2208
4	23	-3824
4	24	-2992
4	25	1792
5	6	3200
5	7	-1536
5	8	5384
5	9	336
5	10	-4344
5	11	752
5	12	1168
5	13	184
5	14	-544
5	15	-704
5	16	-392
5	17	704
5	18	4496
5	19	3144
5	20	-808
5	21	4136
5	22	2680
5	23	600
5	24	-2936
5	25	-2312
6	7	-232
6	8	1792
6	9	600
6	10	-128
6	11	2888
6	12	2472
6	13	-1120
6	14	2312
6	15	-3768
6	16	-1376
6	17	-1640
6	18	4552
6	19	496
6	20	-960
6	21	3040
6	22	1792
6	23	-1536
6	24	-3408
6	25	-1328
7	8	-752
7	9	-1640
7	10	1792
7	11	-1224
7	12	1896
7	13	2160
7	14	1432
7	15	-2680
7	16	3040
7	17	-24
7	18	-184
7	19	-1536
7	20	2624
7	21	704
7	22	-752
7	23	5280
7	24	1744
7	25	-336
8	9	80
8	10	-3352
8	11	-336
8	12	1952
8	13	2104
8	14	128
8	15	-1584
8	16	808
8	17	-1120
8	18	4032
8	19	2680
8	20	1224
8	21	3560
8	22	5016
8	23	1688
8	24	-2888
8	25	-808
9	10	960
9	11	648
9	12	-4344
9	13	288
9	14	-3144
9	15	-808
9	16	-3200
9	17	-1896
9	18	1688
9	19	336
9	20	-912
9	21	1536
9	22	2784
9	23	-2000
9	24	-2832
9	25	496
10	11	1376
10	12	1792
10	13	-440
10	14	1536
10	15	-2784
10	16	-2472
10	17	-2624
10	18	-2992
10	19	-1640
10	20	-184
10	21	-4600
10	22	-648
10	23	-24
10	24	1848
10	25	2472
11	12	1480
11	13	2576
11	14	1848
11	15	-392
11	16	-80
11	17	392
11	18	2104
11	19	3456
11	20	-496
11	21	1120
11	22	2368
11	23	-2416
11	24	-544
11	25	80
12	13	-544
12	14	4136
12	15	-2680
12	16	336
12	17	-24
12	18	-184
12	19	1168
12	20	-80
12	21	-2000
12	22	-752
12	23	2576
12	24	1744
12	25	-336
13	14	-80
13	15	1328
13	16	3720
13	17	-1328
13	18	1536
13	19	2888
13	20	4136
13	21	3352
13	22	4808
13	23	1480
13	24	-392
13	25	-1016
14	15	-2104
14	16	2992
14	17	-600
14	18	808
14	19	-544
14	20	704
14	21	-1328
14	22	128
14	23	-496
14	24	336
14	25	2416
15	16	1168
15	17	1848
15	18	-2056
15	19	2000
15	20	752
15	21	-128
15	22	-1584
15	23	-960
15	24	912
15	25	-1168
16	17	1536
16	18	960
16	19	-392
16	20	3768
16	21	2264
16	22	808
16	23	1432
16	24	600
16	25	1224
17	18	-648
17	19	704
17	20	-752
17	21	128
17	22	-3824
17	23	960
17	24	1792
17	25	1168
18	19	1792
18	20	544
18	21	5488
18	22	4032
18	23	-752
18	24	-4288
18	25	-960
19	20	-808
19	21	1432
19	22	2680
19	23	600
19	24	-232
19	25	-2312
20	21	2680
20	22	1224
20	23	1848
20	24	-1688
20	25	1640
21	22	3560
21	23	232
21	24	-4344
21	25	-2264
22	23	-1016
22	24	-2888
22	25	-808
23	24	1896
23	25	-1432
24	25	-600
