0	1	384
0	2	-3816
0	3	-1072
0	4	-1384
0	5	-3048
0	6	-3048
0	7	2112
0	8	2776
0	9	1840
0	10	1904
0	11	2320
0	12	488
0	13	-3816
0	14	-2048
0	15	-592
0	16	3296
0	17	1944
0	18	-3920
0	19	-384
0	20	-2736
0	21	-1280
0	22	1944
0	23	-1216
0	24	-2672
0	25	-3464
1	2	-552
1	3	32
1	4	344
1	5	2008
1	6	2008
1	7	1632
1	8	-1112
1	9	2528
1	10	1840
1	11	1424
1	12	1176
1	13	-552
1	14	3088
1	15	4336
1	16	-1632
1	17	-2984
1	18	-448
1	19	-1280
1	20	1696
1	21	240
1	22	-280
1	23	-448
1	24	-1696
1	25	-2984
2	3	3400
2	4	384
2	5	1424
2	6	4128
2	7	-2360
2	8	-864
2	9	904
2	10	-2568
2	11	-2152
2	12	-448
2	13	5232
2	14	1592
2	15	344
2	16	-344
2	17	-1696
2	18	2424
2	19	3256
2	20	1736
2	21	3192
2	22	-4400
2	23	-280
2	24	968
2	25	1008
3	4	-904
3	5	-1944
3	6	3464
3	7	176
3	8	344
3	9	1280
3	10	384
3	11	-32
3	12	-72
3	13	3400
3	14	1632
3	15	176
3	16	-176
3	17	1176
3	18	800
3	19	2672
3	20	3152
3	21	1696
3	22	-4232
3	23	800
3	24	-448
3	25	1176
4	5	1072
4	6	1072
4	7	2568
4	8	-2048
4	9	-1112
4	10	72
4	11	2360
4	12	-5168
4	13	384
4	14	-4088
4	15	-2840
4	16	136
4	17	-1216
4	18	3192
4	19	2360
4	20	3464
4	21	4712
4	22	-1216
4	23	488
4	24	1944
4	25	-1216
5	6	32
5	7	-1800
5	8	-3088
5	9	552
5	10	-1592
5	11	-2008
5	12	1904
5	13	1424
5	14	2360
5	15	904
5	16	1800
5	17	-2256
5	18	1528
5	19	696
5	20	-2984
5	21	968
5	22	448
5	23	1528
5	24	2984
5	25	-2256
6	7	-1800
6	8	-384
6	9	552
6	10	1112
6	11	696
6	12	-800
6	13	4128
6	14	2360
6	15	3608
6	16	-3608
6	17	-2256
6	18	1528
6	19	696
6	20	5128
6	21	3672
6	22	-2256
6	23	-1176
6	24	280
6	25	-2256
7	8	-1384
7	9	384
7	10	3360
7	11	1072
7	12	-968
7	13	-2360
7	14	-3296
7	15	-1840
7	16	1840
7	17	488
7	18	240
7	19	-1632
7	20	1216
7	21	-32
7	22	488
7	23	2944
7	24	-1216
7	25	488
8	9	-2568
8	10	-1176
8	11	1112
8	12	-1216
8	13	-864
8	14	72
8	15	1320
8	16	-1320
8	17	32
8	18	-3464
8	19	1112
8	20	-696
8	21	552
8	22	32
8	23	-3464
8	24	-2008
8	25	32
9	10	592
9	11	176
9	12	2424
9	13	904
9	14	1840
9	15	384
9	16	2320
9	17	968
9	18	1008
9	19	176
9	20	240
9	21	-1216
9	22	-1736
9	23	1008
9	24	-240
9	25	-1736
10	11	864
10	12	1944
10	13	-2568
10	14	-800
10	15	656
10	16	-656
10	17	696
10	18	32
10	19	-4544
10	20	1424
10	21	-2528
10	22	3400
10	23	2736
10	24	-1424
10	25	-2008
11	12	-3880
11	13	-2152
11	14	-384
11	15	1072
11	16	-1072
11	17	2984
11	18	-2256
11	19	1280
11	20	3712
11	21	2464
11	22	280
11	23	-2256
11	24	1696
11	25	-2424
12	13	-448
12	14	3192
12	15	1736
12	16	968
12	17	-384
12	18	-344
12	19	-3880
12	20	-3816
12	21	-5272
12	22	2320
12	23	2360
12	24	-1592
12	25	-384
13	14	1592
13	15	344
13	16	-344
13	17	-1696
13	18	2424
13	19	3256
13	20	1736
13	21	3192
13	22	-4400
13	23	-280
13	24	968
13	25	1008
14	15	4816
14	16	-2112
14	17	-760
14	18	-1216
14	19	-384
14	20	-32
14	21	-1280
14	22	-760
14	23	-1216
14	24	32
14	25	-760
15	16	-3568
15	17	-2216
15	18	-2464
15	19	-1632
15	20	1216
15	21	-32
15	22	488
15	23	-2464
15	24	-1216
15	25	-2216
16	17	2216
16	18	-240
16	19	1632
16	20	-3920
16	21	32
16	22	-488
16	23	2464
16	24	1216
16	25	-488
17	18	-1592
17	19	280
17	20	136
17	21	-1320
17	22	864
17	23	1112
17	24	2568
17	25	864
18	19	448
18	20	1840
18	21	592
18	22	-1592
18	23	2320
18	24	864
18	25	1112
19	20	1008
19	21	5168
19	22	-5128
19	23	-2256
19	24	1696
19	25	280
20	21	3360
20	22	-2568
20	23	-864
20	24	592
20	25	136
21	22	-4024
21	23	-2112
21	24	2048
21	25	-1320
22	23	1112
22	24	-136
22	25	-1840
23	24	864
23	25	1112
24	25	-136
