0	1	2844
0	2	2844
0	3	-612
0	4	-2532
0	5	540
0	6	-1508
0	7	6684
0	8	1252
0	9	-924
0	10	-484
0	11	-1948
0	12	1636
0	13	-924
0	14	3684
0	15	1764
0	16	-356
0	17	4964
0	18	-2844
0	19	2460
0	20	100
0	21	1124
0	22	-2404
0	23	-2588
0	24	4452
0	25	-412
0	26	-4836
0	27	2716
0	28	3812
0	29	3612
0	30	-4324
0	31	156
1	2	1436
1	3	-6116
1	4	156
1	5	-4964
1	6	1180
1	7	1180
1	8	2660
1	9	484
1	10	2204
1	11	-540
1	12	-1052
1	13	-3612
1	14	996
1	15	-5020
1	16	2332
1	17	2276
1	18	-1436
1	19	1052
1	20	1508
1	21	-1564
1	22	-3812
1	23	2916
1	24	1764
1	25	-3100
1	26	-6244
1	27	-2788
1	28	1124
1	29	2204
1	30	-1636
1	31	-1252
2	3	2076
2	4	4252
2	5	-868
2	6	-2916
2	7	5276
2	8	2660
2	9	484
2	10	-1892
2	11	-540
2	12	3044
2	13	4580
2	14	5092
2	15	3172
2	16	6428
2	17	-1820
2	18	-5532
2	19	5148
2	20	1508
2	21	-1564
2	22	284
2	23	2916
2	24	1764
2	25	996
2	26	1948
2	27	-2788
2	28	5220
2	29	-1892
2	30	-5732
2	31	-1252
3	4	796
3	5	-228
3	6	-2276
3	7	1820
3	8	-2076
3	9	-156
3	10	-1252
3	11	2916
3	12	-1692
3	13	3940
3	14	356
3	15	6628
3	16	-1124
3	17	-6556
3	18	-2076
3	19	-2404
3	20	868
3	21	1892
3	22	924
3	23	-1820
3	24	1124
3	25	8548
3	26	6684
3	27	6044
3	28	4580
3	29	-1252
3	30	3100
3	31	-612
4	5	-2148
4	6	-100
4	7	-100
4	8	-4252
4	9	5860
4	10	-3172
4	11	740
4	12	228
4	13	1764
4	14	2276
4	15	4452
4	16	1052
4	17	-4636
4	18	-4252
4	19	-228
4	20	2788
4	21	-284
4	22	7196
4	23	100
4	24	-1052
4	25	-1820
4	26	668
4	27	-4068
4	28	-1692
4	29	-3172
4	30	-2916
4	31	-6628
5	6	-1124
5	7	-1124
5	8	868
5	9	-5404
5	10	-100
5	11	-6428
5	12	5348
5	13	-1308
5	14	3300
5	15	1380
5	16	28
5	17	4580
5	18	868
5	19	-1252
5	20	-4380
5	21	740
5	22	2076
5	23	-2972
5	24	-28
5	25	-796
5	26	-356
5	27	-996
5	28	-668
5	29	-100
5	30	-3940
5	31	540
6	7	-3172
6	8	-1180
6	9	4836
6	10	6044
6	11	3812
6	12	-4892
6	13	-3356
6	14	-2844
6	15	-668
6	16	-6116
6	17	-1564
6	18	2916
6	19	-3300
6	20	1764
6	21	-1308
6	22	-4068
6	23	-924
6	24	2020
6	25	-2844
6	26	-2404
6	27	1052
6	28	-2716
6	29	1948
6	30	-1892
6	31	2588
7	8	-1180
7	9	740
7	10	-2148
7	11	-284
7	12	3300
7	13	740
7	14	5348
7	15	3428
7	16	2076
7	17	2532
7	18	-5276
7	19	4892
7	20	1764
7	21	2788
7	22	28
7	23	-924
7	24	2020
7	25	1252
7	26	-2404
7	27	1052
7	28	5476
7	29	1948
7	30	-1892
7	31	-1508
8	9	-4580
8	10	1892
8	11	-3556
8	12	1052
8	13	3612
8	14	-996
8	15	-3172
8	16	5860
8	17	1820
8	18	1436
8	19	3044
8	20	-1508
8	21	-6628
8	22	-4380
8	23	5276
8	24	2332
8	25	-996
8	26	2148
8	27	-1308
8	28	2972
8	29	-2204
8	30	-2460
8	31	5348
9	10	-284
9	11	6812
9	12	-4964
9	13	1692
9	14	-2916
9	15	3100
9	16	-4508
9	17	-4196
9	18	-484
9	19	868
9	20	4764
9	21	-356
9	22	1636
9	23	-740
9	24	412
9	25	-2916
9	26	-28
9	27	612
9	28	-3044
9	29	-284
9	30	-540
9	31	-924
10	11	-1308
10	12	-1820
10	13	-4380
10	14	228
10	15	-1692
10	16	-996
10	17	1508
10	18	5988
10	19	-2276
10	20	4836
10	21	1764
10	22	-7140
10	23	-1948
10	24	-3100
10	25	228
10	26	-1380
10	27	2076
10	28	356
10	29	-1124
10	30	-868
10	31	3612
11	12	-8036
11	13	2716
11	14	-5988
11	15	28
11	16	-5532
11	17	-7268
11	18	540
11	19	-156
11	20	1692
11	21	668
11	22	-3484
11	23	284
11	24	1436
11	25	2204
11	26	3044
11	27	3684
11	28	-2020
11	29	2788
11	30	2532
11	31	2148
12	13	-868
12	14	6812
12	15	540
12	16	6244
12	17	5532
12	18	-3044
12	19	3428
12	20	-1892
12	21	1180
12	22	4196
12	23	796
12	24	-2148
12	25	-1380
12	26	-1564
12	27	-5020
12	28	2588
12	29	-1820
12	30	-2076
12	31	-2460
13	14	-2916
13	15	3100
13	16	3684
13	17	-4196
13	18	-484
13	19	4964
13	20	668
13	21	-4452
13	22	1636
13	23	3356
13	24	412
13	25	1180
13	26	8164
13	27	612
13	28	1052
13	29	-4380
13	30	-540
13	31	3172
14	15	2588
14	16	4196
14	17	3484
14	18	-5092
14	19	1380
14	20	156
14	21	3228
14	22	2148
14	23	-1252
14	24	-100
14	25	668
14	26	-3612
14	27	-2972
14	28	4636
14	29	228
14	30	-4124
14	31	-4508
15	16	-1820
15	17	-2788
15	18	-3172
15	19	-540
15	20	2076
15	21	1052
15	22	4324
15	23	-3428
15	24	1820
15	25	2588
15	26	2660
15	27	3300
15	28	2460
15	29	-1692
15	30	-1948
15	31	-2332
16	17	1380
16	18	-2332
16	19	6044
16	20	612
16	21	-2460
16	22	1180
16	23	6116
16	24	-3228
16	25	100
16	26	2844
16	27	-5988
16	28	4324
16	29	-5092
16	30	-740
16	31	-356
17	18	1820
17	19	2660
17	20	-1124
17	21	1948
17	22	-668
17	23	-2532
17	24	-1380
17	25	-4708
17	26	-6428
17	27	-1692
17	28	-740
17	29	1508
17	30	-2844
17	31	868
18	19	-1052
18	20	2588
18	21	1564
18	22	-4380
18	23	-2916
18	24	-5860
18	25	-996
18	26	2148
18	27	2788
18	28	-5220
18	29	-2204
18	30	1636
18	31	5348
19	20	1892
19	21	-1180
19	22	-100
19	23	3300
19	24	-1948
19	25	-2716
19	26	1564
19	27	-3172
19	28	1508
19	29	-2276
19	30	-2020
19	31	2460
20	21	2716
20	22	-1436
20	23	-1764
20	24	-4708
20	25	156
20	26	996
20	27	1636
20	28	28
20	29	-3356
20	30	484
20	31	100
21	22	-412
21	23	-6884
21	24	-5732
21	25	3228
21	26	-2076
21	27	2660
21	28	-996
21	29	1764
21	30	1508
21	31	-2972
22	23	-28
22	24	-1180
22	25	-1948
22	26	796
22	27	-3940
22	28	-1820
22	29	-3044
22	30	1308
22	31	-6500
23	24	2076
23	25	-1252
23	26	2404
23	27	-5148
23	28	2716
23	29	-1948
23	30	1892
23	31	1508
24	25	-100
24	26	-2844
24	27	1892
24	28	3868
24	29	5092
24	30	-3356
24	31	356
25	26	4580
25	27	5220
25	28	4636
25	29	228
25	30	4068
25	31	-412
26	27	1820
26	28	612
26	29	-5476
26	30	2972
26	31	3356
27	28	1252
27	29	2076
27	30	2332
27	31	2716
28	29	356
28	30	100
28	31	-284
29	30	-868
29	31	-484
30	31	-228
