0	1	700
0	2	3260
0	3	1596
0	4	1596
0	5	-4804
0	6	1980
0	7	-700
0	8	68
0	9	1980
0	10	-188
0	11	5052
0	12	-836
0	13	-4932
0	14	-4804
0	15	3012
0	16	2756
0	17	1596
0	18	-2748
0	19	-1340
0	20	188
0	21	-5444
0	22	4164
0	23	5700
0	24	3396
0	25	2876
0	26	-3388
0	27	5180
0	28	-708
0	29	-4164
0	30	3140
0	31	4156
1	2	-1348
1	3	1084
1	4	-3012
1	5	2876
1	6	-2628
1	7	-4284
1	8	-3516
1	9	-2628
1	10	4420
1	11	444
1	12	-1348
1	13	-1348
1	14	-1220
1	15	-572
1	16	-828
1	17	-3012
1	18	-2236
1	19	-828
1	20	-324
1	21	-1860
1	22	4676
1	23	6212
1	24	-188
1	25	-1732
1	26	-2876
1	27	4668
1	28	2876
1	29	-580
1	30	-444
1	31	-452
2	3	-4548
2	4	3644
2	5	-2756
2	6	4028
2	7	-2748
2	8	2116
2	9	-68
2	10	1860
2	11	-1092
2	12	-2884
2	13	1212
2	14	1340
2	15	5060
2	16	-3388
2	17	-452
2	18	-700
2	19	4804
2	20	2236
2	21	-3396
2	22	2116
2	23	3652
2	24	-2748
2	25	4924
2	26	2756
2	27	3132
2	28	1340
2	29	-2116
2	30	1092
2	31	-1988
3	4	1980
3	5	3772
3	6	2364
3	7	3012
3	8	3780
3	9	-5828
3	10	-572
3	11	1340
3	12	3644
3	13	-4548
3	14	-4420
3	15	-1468
3	16	6468
3	17	1980
3	18	964
3	19	-1724
3	20	-3524
3	21	3132
3	22	-4412
3	23	-2876
3	24	3012
3	25	-4932
3	26	-3772
3	27	1468
3	28	-324
3	29	316
3	30	2756
3	31	444
4	5	-324
4	6	2364
4	7	-1084
4	8	7876
4	9	-1732
4	10	-572
4	11	-2756
4	12	-452
4	13	-452
4	14	-4420
4	15	2628
4	16	2372
4	17	-2116
4	18	-3132
4	19	6468
4	20	572
4	21	-964
4	22	-4412
4	23	-2876
4	24	-1084
4	25	3260
4	26	324
4	27	1468
4	28	-324
4	29	316
4	30	-1340
4	31	-3652
5	6	4156
5	7	-2876
5	8	1988
5	9	-8132
5	10	1732
5	11	-964
5	12	1340
5	13	1340
5	14	1468
5	15	836
5	16	580
5	17	-4420
5	18	3268
5	19	580
5	20	2364
5	21	828
5	22	-2108
5	23	-572
5	24	-2876
5	25	-3140
5	26	2628
5	27	-836
5	28	1468
5	29	6204
5	30	964
5	31	-5956
6	7	-1468
6	8	3396
6	9	-5444
6	10	-956
6	11	1724
6	12	-68
6	13	-68
6	14	60
6	15	6340
6	16	1988
6	17	-1732
6	18	4676
6	19	1988
6	20	5052
6	21	-580
6	22	-700
6	23	836
6	24	-1468
6	25	-452
6	26	4036
6	27	1852
6	28	60
6	29	4796
6	30	6468
6	31	-3268
7	8	-580
7	9	2628
7	10	-4420
7	11	-444
7	12	1348
7	13	-2748
7	14	1220
7	15	-3524
7	16	828
7	17	7108
7	18	2236
7	19	-3268
7	20	-3772
7	21	5956
7	22	-4676
7	23	-6212
7	24	4284
7	25	-2364
7	26	-1220
7	27	-4668
7	28	-2876
7	29	-3516
7	30	444
7	31	4548
8	9	-4796
8	10	-1092
8	11	324
8	12	2116
8	13	2116
8	14	-2108
8	15	-196
8	16	4156
8	17	-316
8	18	-2628
8	19	4156
8	20	-3004
8	21	-1468
8	22	-5444
8	23	-2884
8	24	-4676
8	25	2500
8	26	2108
8	27	196
8	28	-2108
8	29	1348
8	30	-324
8	31	-6972
9	10	-5052
9	11	1724
9	12	-4164
9	13	-68
9	14	60
9	15	-1852
9	16	-2108
9	17	2364
9	18	-3516
9	19	-2108
9	20	956
9	21	-580
9	22	3396
9	23	836
9	24	2628
9	25	3644
9	26	-60
9	27	-2244
9	28	-4036
9	29	-3396
9	30	-1724
9	31	4924
10	11	-4028
10	12	5956
10	13	1860
10	14	1732
10	15	4156
10	16	-3780
10	17	-4668
10	18	1724
10	19	316
10	20	836
10	21	-1724
10	22	3004
10	23	1468
10	24	-324
10	25	-1852
10	26	-5828
10	27	4036
10	28	5828
10	29	-3004
10	30	-68
10	31	964
11	12	-1092
11	13	-1092
11	14	-964
11	15	-828
11	16	3012
11	17	1340
11	18	-2492
11	19	-5180
11	20	-68
11	21	-5700
11	22	4420
11	23	5956
11	24	-444
11	25	2620
11	26	964
11	27	828
11	28	-5060
11	29	-324
11	30	3396
11	31	-196
12	13	1212
12	14	1340
12	15	964
12	16	708
12	17	-452
12	18	3396
12	19	-3388
12	20	-1860
12	21	700
12	22	-1980
12	23	-4540
12	24	1348
12	25	-3268
12	26	-5436
12	27	-964
12	28	1340
12	29	-2116
12	30	1092
12	31	2108
13	14	5436
13	15	964
13	16	-3388
13	17	-4548
13	18	-700
13	19	708
13	20	2236
13	21	700
13	22	2116
13	23	-444
13	24	-6844
13	25	828
13	26	2756
13	27	-964
13	28	-2756
13	29	1980
13	30	1092
13	31	-6084
14	15	836
14	16	-7612
14	17	-324
14	18	3268
14	19	-3516
14	20	2364
14	21	828
14	22	1988
14	23	-572
14	24	-2876
14	25	956
14	26	2628
14	27	-4932
14	28	-2628
14	29	-1988
14	30	964
14	31	-1860
15	16	-2884
15	17	-5564
15	18	2620
15	19	1212
15	20	8132
15	21	-2620
15	22	3900
15	23	2364
15	24	572
15	25	1348
15	26	-836
15	27	3140
15	28	836
15	29	196
15	30	4924
15	31	68
16	17	2372
16	18	-1220
16	19	1468
16	20	-4412
16	21	1220
16	22	-4036
16	23	-1476
16	24	828
16	25	-3004
16	26	-580
16	27	2884
16	28	580
16	29	4036
16	30	1084
16	31	-188
17	18	964
17	19	-1724
17	20	-7620
17	21	3132
17	22	-4412
17	23	-2876
17	24	3012
17	25	-836
17	26	324
17	27	-2628
17	28	-324
17	29	-3780
17	30	-1340
17	31	4540
18	19	-1220
18	20	2372
18	21	3908
18	22	-2628
18	23	-4164
18	24	2236
18	25	-4412
18	26	828
18	27	-2620
18	28	3268
18	29	2628
18	30	2492
18	31	2500
19	20	-316
19	21	1220
19	22	-4036
19	23	-1476
19	24	-3268
19	25	1092
19	26	3516
19	27	2884
19	28	4676
19	29	4036
19	30	-3012
19	31	-4284
20	21	-2372
20	22	5188
20	23	2628
20	24	324
20	25	1852
20	26	1732
20	27	60
20	28	-1732
20	29	3004
20	30	4164
20	31	-964
21	22	-5564
21	23	-8124
21	24	1860
21	25	-7876
21	26	-828
21	27	-1476
21	28	828
21	29	1468
21	30	1604
21	31	1596
22	23	9404
22	24	-580
22	25	2500
22	26	-1988
22	27	4292
22	28	-2108
22	29	-2748
22	30	3772
22	31	1220
23	24	-2116
23	25	4036
23	26	572
23	27	5828
23	28	-572
23	29	-1212
23	30	2236
23	31	-1340
24	25	-2364
24	26	-5316
24	27	-572
24	28	1220
24	29	-3516
24	30	444
24	31	8644
25	26	3140
25	27	-1348
25	28	-3140
25	29	-2500
25	30	-2620
25	31	-2372
26	27	-3260
26	28	-1468
26	29	6084
26	30	-964
26	31	-6332
27	28	3260
27	29	-196
27	30	3268
27	31	-68
28	29	2108
28	30	-3132
28	31	2236
29	30	324
29	31	-5316
30	31	196
