0	1	-3904
0	2	2496
0	3	-2880
0	4	-3776
0	5	1088
0	6	576
0	7	5184
0	8	-960
0	9	832
0	10	-3136
0	11	-4800
0	12	832
0	13	-704
0	14	-704
0	15	-448
0	16	-2624
0	17	576
0	18	2496
0	19	-3520
0	20	2624
0	21	-1216
0	22	320
0	23	320
0	24	3648
0	25	1472
0	26	832
0	27	576
0	28	2240
0	29	4160
0	30	2240
0	31	-1216
1	2	3264
1	3	6080
1	4	7744
1	5	320
1	6	5440
1	7	-3776
1	8	-192
1	9	1600
1	10	192
1	11	2624
1	12	-2496
1	13	2624
1	14	-1472
1	15	2880
1	16	6336
1	17	-4288
1	18	3264
1	19	-2752
1	20	-4800
1	21	7744
1	22	1088
1	23	-7104
1	24	-1216
1	25	-3392
1	26	5696
1	27	-2752
1	28	1472
1	29	-3264
1	30	-1088
1	31	-4544
2	3	3520
2	4	3136
2	5	2368
2	6	4160
2	7	-1728
2	8	-6592
2	9	-192
2	10	-1600
2	11	64
2	12	-4288
2	13	-4032
2	14	64
2	15	-192
2	16	-832
2	17	2880
2	18	10432
2	19	-8128
2	20	-1984
2	21	5952
2	22	-3776
2	23	320
2	24	-192
2	25	-6208
2	26	-192
2	27	-4032
2	28	-2880
2	29	576
2	30	-1600
2	31	-6336
3	4	10048
3	5	1088
3	6	5440
3	7	-7104
3	8	-1216
3	9	1088
3	10	1216
3	11	-1216
3	12	-3008
3	13	-1216
3	14	-5312
3	15	-1472
3	16	4544
3	17	-2496
3	18	3520
3	19	-2752
3	20	-4800
3	21	3136
3	22	-2496
3	23	-2496
3	24	2624
3	25	704
3	26	1088
3	27	-2752
3	28	-64
3	29	-6336
3	30	-320
3	31	-5056
4	5	448
4	6	5312
4	7	-7744
4	8	-320
4	9	1472
4	10	320
4	11	-1344
4	12	-2624
4	13	-1344
4	14	-5440
4	15	-1088
4	16	6208
4	17	-4160
4	18	3136
4	19	-2880
4	20	-4928
4	21	3520
4	22	-3136
4	23	-3136
4	24	3008
4	25	832
4	26	1472
4	27	-2880
4	28	1600
4	29	-7488
4	30	-1216
4	31	-4672
5	6	448
5	7	1216
5	8	-1088
5	9	-3392
5	10	1088
5	11	-4672
5	12	-3392
5	13	3520
5	14	-4672
5	15	-4416
5	16	1344
5	17	704
5	18	2368
5	19	-3648
5	20	2496
5	21	-1344
5	22	4288
5	23	-3904
5	24	-4416
5	25	-2496
5	26	704
5	27	-3648
5	28	-5824
5	29	-4160
5	30	2112
5	31	-1344
6	7	-3648
6	8	-576
6	9	1728
6	10	576
6	11	2240
6	12	-2368
6	13	2240
6	14	-1856
6	15	1984
6	16	1088
6	17	960
6	18	4160
6	19	-2112
6	20	-8256
6	21	3776
6	22	-1856
6	23	-1856
6	24	1984
6	25	64
6	26	5824
6	27	-2112
6	28	-704
6	29	-1600
6	30	4416
6	31	-4416
7	8	3008
7	9	704
7	10	-3008
7	11	-576
7	12	704
7	13	3520
7	14	3520
7	15	3776
7	16	-2752
7	17	704
7	18	-1728
7	19	448
7	20	6592
7	21	-1344
7	22	4288
7	23	192
7	24	-320
7	25	-2496
7	26	704
7	27	4544
7	28	2368
7	29	4032
7	30	2112
7	31	2752
8	9	-832
8	10	-960
8	11	704
8	12	-832
8	13	4800
8	14	704
8	15	4544
8	16	2624
8	17	-4672
8	18	-6592
8	19	3520
8	20	1472
8	21	-2880
8	22	3776
8	23	-320
8	24	448
8	25	2624
8	26	3264
8	27	3520
8	28	5952
8	29	-4160
8	30	5952
8	31	5312
9	10	-3264
9	11	2496
9	12	1472
9	13	2496
9	14	-1600
9	15	2240
9	16	832
9	17	1216
9	18	-192
9	19	1728
9	20	-320
9	21	3520
9	22	-2112
9	23	-2112
9	24	6336
9	25	320
9	26	1472
9	27	5824
9	28	3648
9	29	2240
9	30	-4032
9	31	-4672
10	11	-704
10	12	832
10	13	-704
10	14	-704
10	15	-448
10	16	-2624
10	17	576
10	18	-1600
10	19	4672
10	20	-1472
10	21	-1216
10	22	4416
10	23	320
10	24	-448
10	25	1472
10	26	-3264
10	27	576
10	28	-5952
10	29	64
10	30	2240
10	31	-1216
11	12	-1600
11	13	1728
11	14	5824
11	15	6080
11	16	-960
11	17	3008
11	18	64
11	19	2240
11	20	-3904
11	21	4544
11	22	-2112
11	23	1984
11	24	-2112
11	25	-4288
11	26	2496
11	27	2240
11	28	576
11	29	1728
11	30	-192
11	31	448
12	13	-1600
12	14	2496
12	15	-1856
12	16	-3264
12	17	1216
12	18	-4288
12	19	5824
12	20	-320
12	21	-4672
12	22	-2112
12	23	1984
12	24	2240
12	25	4416
12	26	-2624
12	27	1728
12	28	-448
12	29	6336
12	30	-4032
12	31	3520
13	14	-2368
13	15	1984
13	16	3136
13	17	-1088
13	18	-4032
13	19	2240
13	20	192
13	21	448
13	22	6080
13	23	-6208
13	24	-2112
13	25	-192
13	26	6592
13	27	2240
13	28	576
13	29	-2368
13	30	3904
13	31	448
14	15	6080
14	16	-5056
14	17	3008
14	18	64
14	19	2240
14	20	192
14	21	448
14	22	-2112
14	23	6080
14	24	-2112
14	25	-4288
14	26	-1600
14	27	2240
14	28	576
14	29	5824
14	30	-192
14	31	4544
15	16	-1216
15	17	-832
15	18	-192
15	19	1984
15	20	-64
15	21	4288
15	22	1728
15	23	1728
15	24	2240
15	25	-4032
15	26	2240
15	27	6080
15	28	4928
15	29	1472
15	30	3648
15	31	192
16	17	-6336
16	18	-832
16	19	-3008
16	20	-960
16	21	2880
16	22	1344
16	23	-6848
16	24	-1216
16	25	960
16	26	4928
16	27	-3008
16	28	4288
16	29	-6592
16	30	-576
16	31	-1216
17	18	2880
17	19	960
17	20	-1088
17	21	-832
17	22	-3392
17	23	4800
17	24	-832
17	25	-3008
17	26	-2880
17	27	960
17	28	-6336
17	29	4544
17	30	-1472
17	31	-832
18	19	-8128
18	20	-1984
18	21	5952
18	22	-3776
18	23	320
18	24	-192
18	25	-6208
18	26	-192
18	27	-4032
18	28	-2880
18	29	576
18	30	-1600
18	31	-6336
19	20	-64
19	21	-4416
19	22	2240
19	23	2240
19	24	1984
19	25	4160
19	26	-2368
19	27	6080
19	28	-704
19	29	2496
19	30	320
19	31	3776
20	21	-2368
20	22	4288
20	23	192
20	24	-64
20	25	-1984
20	26	-4416
20	27	4032
20	28	1344
20	29	448
20	30	-1728
20	31	1728
21	22	-64
21	23	-4160
21	24	192
21	25	-5824
21	26	3520
21	27	-320
21	28	1600
21	29	192
21	30	-1984
21	31	-6720
22	23	-5696
22	24	-2368
22	25	-192
22	26	1984
22	27	2240
22	28	-960
22	29	-1344
22	30	4672
22	31	-64
23	24	1728
23	25	-192
23	26	-6208
23	27	2240
23	28	-960
23	29	2752
23	30	576
23	31	4032
24	25	4160
24	26	-1856
24	27	6080
24	28	4928
24	29	1472
24	30	-448
24	31	-3904
25	26	320
25	27	64
25	28	2752
25	29	-448
25	30	1728
25	31	2368
26	27	-2368
26	28	3648
26	29	-1856
26	30	4160
26	31	-576
27	28	3392
27	29	2496
27	30	320
27	31	-320
28	29	-1216
28	30	960
28	31	1600
29	30	-3264
29	31	192
30	31	2112
