0	1	3796
0	2	-6484
0	3	-4564
0	4	-2772
0	5	3756
0	6	3500
0	7	-1964
0	8	2476
0	9	-5716
0	10	3924
0	11	3924
0	12	468
0	13	-2476
0	14	-1876
0	15	5804
0	16	2644
0	17	84
0	18	-1452
0	19	-1324
0	20	1108
0	21	-44
0	22	2388
0	23	-2132
0	24	-1836
0	25	-3284
0	26	-4012
0	27	-2348
0	28	2988
0	29	-1068
0	30	4052
0	31	-3756
1	2	212
1	3	-1708
1	4	596
1	5	2260
1	6	-1580
1	7	-4052
1	8	-556
1	9	-556
1	10	2348
1	11	-1748
1	12	-2388
1	13	556
1	14	3796
1	15	212
1	16	-468
1	17	-2004
1	18	-468
1	19	3500
1	20	9260
1	21	6316
1	22	-212
1	23	4052
1	24	-4180
1	25	-2988
1	26	2092
1	27	-7764
1	28	3028
1	29	-852
1	30	6316
1	31	-6356
2	3	-980
2	4	4908
2	5	-4948
2	6	-1108
2	7	-1452
2	8	-2132
2	9	6060
2	10	-3756
2	11	-3756
2	12	-3116
2	13	6228
2	14	1708
2	15	-2900
2	16	-940
2	17	596
2	18	3156
2	19	3284
2	20	1620
2	21	4564
2	22	-1196
2	23	5548
2	24	2772
2	25	300
2	26	4692
2	27	-1836
2	28	-1620
2	29	-556
2	30	-3628
2	31	852
3	4	2732
3	5	1068
3	6	-3284
3	7	4820
3	8	-212
3	9	-212
3	10	-1580
3	11	2516
3	12	3156
3	13	212
3	14	3628
3	15	-5076
3	16	-6956
3	17	-1324
3	18	-2860
3	19	1364
3	20	-300
3	21	-1452
3	22	-3116
3	23	-724
3	24	852
3	25	-1876
3	26	2772
3	27	4436
3	28	300
3	29	-2476
3	30	-1452
3	31	3028
4	5	-1236
4	6	2604
4	7	3028
4	8	1580
4	9	1580
4	10	-3372
4	11	724
4	12	-2732
4	13	6612
4	14	1324
4	15	-3284
4	16	-4652
4	17	980
4	18	-556
4	19	3668
4	20	2004
4	21	852
4	22	-812
4	23	1068
4	24	3156
4	25	-4180
4	26	5076
4	27	2644
4	28	-2004
4	29	-4268
4	30	-3244
4	31	1236
5	6	940
5	7	-3500
5	8	4012
5	9	-84
5	10	-1708
5	11	2388
5	12	3028
5	13	84
5	14	-4436
5	15	-852
5	16	1108
5	17	-1452
5	18	1108
5	19	-2860
5	20	-428
5	21	-1580
5	22	852
5	23	-596
5	24	724
5	25	-5844
5	26	-5548
5	27	212
5	28	-3668
5	29	-2604
5	30	2516
5	31	2900
6	7	852
6	8	3756
6	9	-4436
6	10	2644
6	11	2644
6	12	-4908
6	13	340
6	14	-4692
6	15	2988
6	16	1364
6	17	2900
6	18	-2732
6	19	-2604
6	20	-172
6	21	-5420
6	22	5204
6	23	-4948
6	24	980
6	25	-2004
6	26	-1196
6	27	4564
6	28	-3924
6	29	-2348
6	30	-1324
6	31	-940
7	8	-2220
7	9	-2220
7	10	-84
7	11	-84
7	12	-724
7	13	-1876
7	14	2132
7	15	-1452
7	16	-2900
7	17	-340
7	18	-2900
7	19	1068
7	20	-1364
7	21	-4308
7	22	-2644
7	23	-5804
7	24	-2516
7	25	3540
7	26	3756
7	27	6188
7	28	1364
7	29	812
7	30	-212
7	31	-596
8	9	-1364
8	10	-428
8	11	3668
8	12	212
8	13	1364
8	14	-1620
8	15	-2132
8	16	-1708
8	17	3924
8	18	-1708
8	19	2516
8	20	-3244
8	21	-4396
8	22	6228
8	23	-1876
8	24	6100
8	25	-3028
8	26	-172
8	27	1492
8	28	-852
8	29	-1324
8	30	-4396
8	31	4180
9	10	-8620
9	11	-4524
9	12	212
9	13	5460
9	14	-1620
9	15	-6228
9	16	2388
9	17	-172
9	18	6484
9	19	2516
9	20	-3244
9	21	3796
9	22	-1964
9	23	6316
9	24	2004
9	25	1068
9	26	-172
9	27	-2604
9	28	-852
9	29	2772
9	30	-300
9	31	4180
10	11	2220
10	12	-2516
10	13	-7764
10	14	3924
10	15	4436
10	16	-596
10	17	-2132
10	18	-4692
10	19	-724
10	20	5036
10	21	-2004
10	22	3756
10	23	-4012
10	24	-4308
10	25	1236
10	26	1964
10	27	300
10	28	3156
10	29	-980
10	30	2092
10	31	-6484
11	12	1580
11	13	428
11	14	-172
11	15	340
11	16	-4692
11	17	1964
11	18	-4692
11	19	-724
11	20	-3156
11	21	-2004
11	22	3756
11	23	84
11	24	3884
11	25	-6956
11	26	-2132
11	27	4396
11	28	3156
11	29	-5076
11	30	-2004
11	31	1708
12	13	-212
12	14	468
12	15	980
12	16	-1236
12	17	-2772
12	18	2860
12	19	-1364
12	20	-3796
12	21	1452
12	22	-5076
12	23	724
12	24	3244
12	25	-2220
12	26	-2772
12	27	-340
12	28	-300
12	29	-1620
12	30	-2644
12	31	5164
13	14	-2476
13	15	-1964
13	16	-2388
13	17	4268
13	18	1708
13	19	1580
13	20	-852
13	21	4396
13	22	-2132
13	23	5972
13	24	6188
13	25	-5164
13	26	172
13	27	-1492
13	28	-3244
13	29	-2772
13	30	-3796
13	31	4012
14	15	-2388
14	16	-5548
14	17	-4012
14	18	-1452
14	19	6868
14	20	5204
14	21	4052
14	22	-1708
14	23	1964
14	24	-1836
14	25	812
14	26	8276
14	27	-2348
14	28	7084
14	29	-1068
14	30	-44
14	31	-3756
15	16	3156
15	17	596
15	18	-940
15	19	-4908
15	20	1620
15	21	468
15	22	-1196
15	23	-2644
15	24	-1324
15	25	300
15	26	-3500
15	27	-1836
15	28	-1620
15	29	-556
15	30	468
15	31	-3244
16	17	-852
16	18	4780
16	19	-3540
16	20	-1876
16	21	-724
16	22	940
16	23	-1196
16	24	-3028
16	25	4052
16	26	-4948
16	27	-2516
16	28	-2220
16	29	4396
16	30	3372
16	31	-1108
17	18	-4948
17	19	-980
17	20	-3412
17	21	-2260
17	22	3500
17	23	340
17	24	3628
17	25	1492
17	26	-2388
17	27	44
17	28	-684
17	29	2860
17	30	-2260
17	31	1452
18	19	556
18	20	-1876
18	21	3372
18	22	-3156
18	23	2900
18	24	1068
18	25	-44
18	26	-852
18	27	-2516
18	28	-2220
18	29	300
18	30	-724
18	31	2988
19	20	2092
19	21	3244
19	22	812
19	23	3028
19	24	940
19	25	84
19	26	7212
19	27	-2644
19	28	6100
19	29	172
19	30	-852
19	31	-1236
20	21	4908
20	22	-1620
20	23	1364
20	24	-5588
20	25	-1580
20	26	4780
20	27	-5076
20	28	340
20	29	-2260
20	30	4908
20	31	-7764
21	22	-4564
21	23	8404
21	24	-340
21	25	-2732
21	26	1836
21	27	-8020
21	28	3284
21	29	-1108
21	30	1964
21	31	-2516
22	23	-1452
22	24	1324
22	25	-300
22	26	-596
22	27	1836
22	28	1620
22	29	556
22	30	-468
22	31	-852
23	24	2516
23	25	-3540
23	26	340
23	27	-6188
23	28	2732
23	29	-812
23	30	212
23	31	596
24	25	-4524
24	26	-468
24	27	1964
24	28	-2604
24	29	-3412
24	30	-8532
24	31	7468
25	26	1492
25	27	-940
25	28	1580
25	29	8532
25	30	1364
25	31	-2348
26	27	44
26	28	3412
26	29	-1236
26	30	-2260
26	31	-2644
27	28	-3116
27	29	-2900
27	30	-3924
27	31	3884
28	29	2260
28	30	3284
28	31	-4524
29	30	2988
29	31	-1492
30	31	-6612
