0	1	596
0	2	-940
0	3	-6484
0	4	-4524
0	5	1108
0	6	-8748
0	7	-2260
0	8	-2644
0	9	2220
0	10	-4564
0	11	-3756
0	12	1068
0	13	212
0	14	-212
0	15	-1492
0	16	-1620
0	17	-684
0	18	3796
0	19	4308
0	20	724
0	21	-3924
0	22	212
0	23	-4308
0	24	1324
0	25	-1580
0	26	-684
0	27	172
0	28	-1068
0	29	300
0	30	340
0	31	-1324
1	2	-1876
1	3	1108
1	4	-2388
1	5	172
1	6	-2260
1	7	980
1	8	-2732
1	9	-3500
1	10	-4908
1	11	940
1	12	-2348
1	13	-3028
1	14	-5164
1	15	212
1	16	340
1	17	-6228
1	18	-2516
1	19	1068
1	20	4652
1	21	-1452
1	22	-3028
1	23	3028
1	24	1492
1	25	-5332
1	26	-2132
1	27	-5548
1	28	2348
1	29	-1580
1	30	-3156
1	31	-5588
2	3	-4524
2	4	7340
2	5	-6484
2	6	3372
2	7	3540
2	8	3924
2	9	-940
2	10	1748
2	11	2476
2	12	212
2	13	-5588
2	14	1492
2	15	2772
2	16	2900
2	17	3500
2	18	3116
2	19	2604
2	20	-2004
2	21	1108
2	22	-5588
2	23	5588
2	24	-44
2	25	300
2	26	3500
2	27	-2988
2	28	-4308
2	29	-3116
2	30	-1620
2	31	44
3	4	84
3	5	1620
3	6	4052
3	7	1324
3	8	940
3	9	-2388
3	10	3116
3	11	852
3	12	556
3	13	724
3	14	-724
3	15	-2004
3	16	-2132
3	17	-172
3	18	-3884
3	19	-3372
3	20	1236
3	21	-340
3	22	724
3	23	-724
3	24	812
3	25	-1068
3	26	-172
3	27	-340
3	28	-556
3	29	-212
3	30	852
3	31	3284
4	5	-2900
4	6	6956
4	7	-44
4	8	340
4	9	-428
4	10	6356
4	11	6060
4	12	-3372
4	13	-6100
4	14	6100
4	15	3284
4	16	3412
4	17	7084
4	18	2604
4	19	-2004
4	20	-2516
4	21	1620
4	22	-2004
4	23	6100
4	24	468
4	25	-212
4	26	2988
4	27	1620
4	28	-4820
4	29	1492
4	30	1964
4	31	-468
5	6	-2772
5	7	1492
5	8	-2220
5	9	1108
5	10	-300
5	11	428
5	12	-1836
5	13	556
5	14	-556
5	15	724
5	16	852
5	17	-2644
5	18	-3028
5	19	556
5	20	4140
5	21	-940
5	22	556
5	23	-4652
5	24	-2092
5	25	2348
5	26	-2644
5	27	3156
5	28	1836
5	29	-1068
5	30	428
5	31	-2004
6	7	-172
6	8	212
6	9	-556
6	10	6228
6	11	2092
6	12	596
6	13	-1876
6	14	1876
6	15	-940
6	16	-812
6	17	3116
6	18	-1364
6	19	-5972
6	20	-2388
6	21	5588
6	22	2220
6	23	5972
6	24	340
6	25	-84
6	26	3116
6	27	1492
6	28	-596
6	29	1364
6	30	-2004
6	31	3756
7	8	5164
7	9	-2260
7	10	-852
7	11	724
7	12	684
7	13	-3500
7	14	-4692
7	15	2220
7	16	2092
7	17	-4396
7	18	-4012
7	19	4692
7	20	5204
7	21	-212
7	22	-7596
7	23	-596
7	24	-3156
7	25	2900
7	26	-300
7	27	-4308
7	28	-684
7	29	-8276
7	30	-3372
7	31	-940
8	9	1452
8	10	2860
8	11	1108
8	12	300
8	13	980
8	14	-980
8	15	1836
8	16	1708
8	17	84
8	18	468
8	19	980
8	20	1492
8	21	-596
8	22	-3116
8	23	-980
8	24	-3540
8	25	3284
8	26	4180
8	27	-596
8	28	-300
8	29	-4564
8	30	1108
8	31	-556
9	10	3628
9	11	340
9	12	-3028
9	13	4308
9	14	-212
9	15	-5588
9	16	2476
9	17	-684
9	18	7892
9	19	-3884
9	20	724
9	21	4268
9	22	4308
9	23	-4308
9	24	1324
9	25	2516
9	26	3412
9	27	4268
9	28	-1068
9	29	300
9	30	340
9	31	-1324
10	11	3028
10	12	-1620
10	13	-1196
10	14	5292
10	15	-84
10	16	-212
10	17	6100
10	18	2388
10	19	-5292
10	20	-684
10	21	1580
10	22	2900
10	23	1196
10	24	-1364
10	25	1108
10	26	6100
10	27	5676
10	28	-2476
10	29	1708
10	30	3028
10	31	1364
11	12	-6700
11	13	-2772
11	14	2772
11	15	4052
11	16	8276
11	17	2220
11	18	1836
11	19	-2772
11	20	812
11	21	-1708
11	22	-2772
11	23	2772
11	24	1236
11	25	-980
11	26	2220
11	27	2388
11	28	-1492
11	29	-1836
11	30	1196
11	31	-5332
12	13	1364
12	14	-1364
12	15	-2644
12	16	-6868
12	17	468
12	18	-3244
12	19	1364
12	20	-2220
12	21	-980
12	22	1364
12	23	-1364
12	24	172
12	25	-428
12	26	468
12	27	-980
12	28	84
12	29	-852
12	30	-2604
12	31	8020
13	14	-1452
13	15	-4268
13	16	-44
13	17	-1748
13	18	1964
13	19	-2644
13	20	-3156
13	21	2260
13	22	5548
13	23	-5548
13	24	1108
13	25	3244
13	26	-1748
13	27	2260
13	28	2732
13	29	2132
13	30	1324
13	31	2988
14	15	4268
14	16	44
14	17	9940
14	18	2132
14	19	-1452
14	20	-5036
14	21	-2260
14	22	2644
14	23	1452
14	24	-1108
14	25	852
14	26	1748
14	27	5932
14	28	-2732
14	29	6060
14	30	6868
14	31	1108
15	16	2860
15	17	3028
15	18	-4780
15	19	3924
15	20	340
15	21	-3540
15	22	-4268
15	23	4268
15	24	-6484
15	25	2132
15	26	-1068
15	27	556
15	28	2644
15	29	684
15	30	4052
15	31	-5804
16	17	-940
16	18	3540
16	19	-44
16	20	468
16	21	428
16	22	-4140
16	23	44
16	24	1580
16	25	2260
16	26	-940
16	27	428
16	28	-1324
16	29	-3540
16	30	84
16	31	-5676
17	18	2860
17	19	-1748
17	20	-6356
17	21	-2732
17	22	2348
17	23	1748
17	24	212
17	25	44
17	26	3244
17	27	5460
17	28	-4564
17	29	5332
17	30	6316
17	31	3884
18	19	-2132
18	20	-2644
18	21	1748
18	22	1964
18	23	-1964
18	24	4692
18	25	-340
18	26	2860
18	27	1748
18	28	-4948
18	29	1620
18	30	1836
18	31	-596
19	20	940
19	21	-1836
19	22	-6740
19	23	-1452
19	24	-2988
19	25	3244
19	26	-5844
19	27	-5932
19	28	-1364
19	29	-1964
19	30	1324
19	31	-1108
20	21	-1324
20	22	-3156
20	23	-940
20	24	-2476
20	25	-1364
20	26	1836
20	27	-1324
20	28	2220
20	29	-5548
20	30	-3284
20	31	-5716
21	22	2260
21	23	1836
21	24	-724
21	25	4564
21	26	-2732
21	27	-1876
21	28	980
21	29	2348
21	30	-1708
21	31	724
22	23	-1452
22	24	1108
22	25	-852
22	26	2348
22	27	6356
22	28	2732
22	29	6228
22	30	1324
22	31	2988
23	24	-1108
23	25	-3244
23	26	1748
23	27	-2260
23	28	1364
23	29	1964
23	30	-1324
23	31	-2988
24	25	-4780
24	26	212
24	27	-724
24	28	-4268
24	29	-596
24	30	-2860
24	31	3668
25	26	-4052
25	27	468
25	28	428
25	29	340
25	30	3116
25	31	684
26	27	5460
26	28	-468
26	29	-2860
26	30	-1876
26	31	-212
27	28	980
27	29	2348
27	30	2388
27	31	724
28	29	852
28	30	-1492
28	31	-3924
29	30	6356
29	31	596
30	31	-1236
