0	1	888
0	2	-1744
0	3	328
0	4	48
0	5	1072
0	6	1280
0	7	552
0	8	-888
0	9	-512
0	10	-272
0	11	-216
0	12	1560
0	13	-216
1	2	-496
1	3	-1000
1	4	-720
1	5	-400
1	6	-384
1	7	-440
1	8	776
1	9	624
1	10	160
1	11	104
1	12	904
1	13	-680
2	3	64
2	4	-440
2	5	-680
2	6	-104
2	7	-944
2	8	1280
2	9	904
2	10	1448
2	11	-176
2	12	-1168
2	13	608
3	4	-160
3	5	608
3	6	960
3	7	120
3	8	-568
3	9	-384
3	10	-400
3	11	1112
3	12	-104
3	13	1112
4	5	328
4	6	456
4	7	-1168
4	8	-64
4	9	-1672
4	10	104
4	11	-736
4	12	176
4	13	-736
5	6	776
5	7	832
5	8	-384
5	9	552
5	10	-552
5	11	288
5	12	272
5	13	-496
6	7	-48
6	8	-400
6	9	-552
6	10	-232
6	11	496
6	12	-272
6	13	496
7	8	-1128
7	9	960
7	10	-176
7	11	552
7	12	-328
7	13	552
8	9	160
8	10	624
8	11	-888
8	12	664
8	13	-104
9	10	328
9	11	1056
9	12	-832
9	13	272
10	11	-1056
10	12	48
10	13	512
11	12	-1576
11	13	-216
12	13	-8
