0	1	-612
0	2	1012
0	3	108
0	4	-444
0	5	-676
0	6	-228
0	7	-836
0	8	-444
0	9	-676
0	10	396
0	11	220
0	12	-892
0	13	1396
1	2	4
1	3	332
1	4	116
1	5	332
1	6	-788
1	7	-276
1	8	-668
1	9	1116
1	10	172
1	11	1228
1	12	452
1	13	52
2	3	276
2	4	-612
2	5	-508
2	6	-844
2	7	-220
2	8	-1396
2	9	276
2	10	228
2	11	388
2	12	-1060
2	13	780
3	4	164
3	5	172
3	6	-1060
3	7	-1012
3	8	164
3	9	172
3	10	892
3	11	60
3	12	612
3	13	-332
4	5	164
4	6	-172
4	7	676
4	8	284
4	9	948
4	10	1124
4	11	276
4	12	-948
4	13	668
5	6	-1060
5	7	556
5	8	164
5	9	172
5	10	108
5	11	60
5	12	612
5	13	-1116
6	7	220
6	8	612
6	9	-276
6	10	-228
6	11	-1172
6	12	276
6	13	4
7	8	-108
7	9	-228
7	10	-52
7	11	668
7	12	-1340
7	13	276
8	9	-620
8	10	-444
8	11	-508
8	12	620
8	13	-116
9	10	892
9	11	60
9	12	612
9	13	-332
10	11	220
10	12	-892
10	13	612
11	12	-844
11	13	340
12	13	-2020
