0	1	-1256
0	2	312
0	3	-32
0	4	-192
0	5	696
0	6	304
0	7	-200
0	8	864
0	9	192
0	10	424
0	11	-816
0	12	-976
0	13	80
1	2	984
1	3	864
1	4	-304
1	5	24
1	6	-368
1	7	696
1	8	192
1	9	304
1	10	1096
1	11	1648
1	12	480
1	13	192
2	3	80
2	4	-304
2	5	808
2	6	1200
2	7	696
2	8	192
2	9	304
2	10	312
2	11	80
2	12	-304
2	13	192
3	4	584
3	5	-1088
3	6	-696
3	7	592
3	8	1096
3	9	200
3	10	1536
3	11	424
3	12	-200
3	13	-472
4	5	-1040
4	6	-648
4	7	-368
4	8	1480
4	9	808
4	10	-976
4	11	-200
4	12	-808
4	13	-872
5	6	928
5	7	648
5	8	-416
5	9	-1312
5	10	696
5	11	-304
5	12	-256
5	13	368
6	7	256
6	8	-24
6	9	-136
6	10	-480
6	11	-1480
6	12	920
6	13	-24
7	8	-304
7	9	-1200
7	10	1368
7	11	-192
7	12	416
7	13	480
8	9	872
8	10	80
8	11	-472
8	12	-88
8	13	-584
9	10	-1376
9	11	200
9	12	24
9	13	-1480
10	11	752
10	12	-192
10	13	864
11	12	-200
11	13	312
12	13	696
