0	1	-12308
0	2	-3052
0	3	-7372
0	4	2708
0	5	-1972
0	6	-4268
0	7	-10268
0	8	1508
0	9	4252
0	10	6188
0	11	1388
0	12	-308
0	13	5708
0	14	-1012
0	15	3068
0	16	4012
0	17	4612
0	18	7508
0	19	5932
0	20	7132
0	21	4028
0	22	-1852
0	23	-1148
0	24	-3412
0	25	-9188
0	26	8348
0	27	7372
0	28	5812
0	29	-6908
1	2	308
1	3	6788
1	4	2468
1	5	4988
1	6	6772
1	7	4372
1	8	1268
1	9	-2708
1	10	2348
1	11	1148
1	12	3532
1	13	-1732
1	14	2348
1	15	-4372
1	16	-6548
1	17	-5948
1	18	-7132
1	19	-8228
1	20	3772
1	21	-3412
1	22	5108
1	23	-908
1	24	3548
1	25	-1748
1	26	-6292
1	27	-3188
1	28	-4748
1	29	7732
2	3	-2228
2	4	2092
2	5	3172
2	6	6668
2	7	-1732
2	8	-7508
2	9	5348
2	10	-1388
2	11	-188
2	12	-892
2	13	2692
2	14	-4988
2	15	-1868
2	16	-1612
2	17	4988
2	18	892
2	19	68
2	20	13268
2	21	772
2	22	10252
2	23	-3652
2	24	-2588
2	25	7988
2	26	-3548
2	27	-1372
2	28	-3412
2	29	-1492
3	4	-4388
3	5	-3308
3	6	2348
3	7	1148
3	8	412
3	9	-6172
3	10	-4268
3	11	4132
3	12	-5212
3	13	-7388
3	14	-668
3	15	-4748
3	16	-5932
3	17	668
3	18	-9188
3	19	2948
3	20	-1852
3	21	1492
3	22	172
3	23	-7972
3	24	1732
3	25	7268
3	26	4372
3	27	-2092
3	28	3068
3	29	12188
4	5	-9788
4	6	-5572
4	7	-6772
4	8	1132
4	9	-6892
4	10	52
4	11	-2348
4	12	1268
4	13	-3068
4	14	-3548
4	15	-4028
4	16	-6652
4	17	-52
4	18	-1268
4	19	2228
4	20	1028
4	21	-4988
4	22	892
4	23	5708
4	24	2452
4	25	-4252
4	26	-9308
4	27	788
4	28	5948
4	29	-2932
5	6	548
5	7	-652
5	8	-4988
5	9	2828
5	10	8332
5	11	-4868
5	12	10988
5	13	5212
5	14	-2468
5	15	-2948
5	16	10268
5	17	2468
5	18	-188
5	19	-2452
5	20	-52
5	21	-3908
5	22	5572
5	23	4628
5	24	3532
5	25	5468
5	26	2572
5	27	-292
5	28	-9532
5	29	-412
6	7	-5588
6	8	428
6	9	1732
6	10	5108
6	11	-3292
6	12	-2828
6	13	1028
6	14	-2092
6	15	5588
6	16	1492
6	17	2092
6	18	2828
6	19	-3788
6	20	4612
6	21	2948
6	22	-6532
6	23	-10868
6	24	2708
6	25	-908
6	26	-3532
6	27	4852
6	28	-11108
6	29	1372
7	8	2828
7	9	2932
7	10	-3292
7	11	-892
7	12	-5228
7	13	7028
7	14	3908
7	15	788
7	16	-908
7	17	-7508
7	18	-1972
7	19	-2588
7	20	-4988
7	21	-1852
7	22	3068
7	23	-2468
7	24	1508
7	25	7492
7	26	-1132
7	27	-11948
7	28	8092
7	29	2572
8	9	-892
8	10	4852
8	11	2452
8	12	-3532
8	13	5332
8	14	1252
8	15	-6428
8	16	2948
8	17	-4852
8	18	-3668
8	19	4628
8	20	-7372
8	21	-7388
8	22	-12308
8	23	-6292
8	24	3652
8	25	-1852
8	26	-4508
8	27	3188
8	28	4748
8	29	-532
9	10	10988
9	11	-4612
9	12	-1508
9	13	3308
9	14	-7012
9	15	7868
9	16	6412
9	17	-188
9	18	-5692
9	19	-9668
9	20	9532
9	21	8828
9	22	2948
9	23	-5948
9	24	4988
9	25	412
9	26	9548
9	27	-4628
9	28	1012
9	29	-908
10	11	-9428
10	12	1148
10	13	652
10	14	-3428
10	15	-3908
10	16	7628
10	17	3428
10	18	-4748
10	19	-5092
10	20	8108
10	21	-1268
10	22	-2588
10	23	-8812
10	24	9772
10	25	2828
10	26	5212
10	27	-2932
10	28	5828
10	29	-6652
11	12	3548
11	13	-1748
11	14	1372
11	15	-2708
11	16	-7972
11	17	-1372
11	18	3652
11	19	908
11	20	6908
11	21	-7268
11	22	-1388
11	23	-2812
11	24	-10628
11	25	-1972
11	26	2812
11	27	3068
11	28	-2572
11	29	6548
12	13	668
12	14	1148
12	15	1628
12	16	-1748
12	17	-1148
12	18	-1132
12	19	172
12	20	4972
12	21	-4612
12	22	308
12	23	3892
12	24	-1252
12	25	-4148
12	26	3308
12	27	-5588
12	28	-7148
12	29	1732
13	14	-2948
13	15	3772
13	16	3548
13	17	-4252
13	18	10132
13	19	-1972
13	20	428
13	21	-7988
13	22	-2108
13	23	1508
13	24	-4148
13	25	-1252
13	26	-5108
13	27	7388
13	28	1748
13	29	-3532
14	15	-308
14	16	-3172
14	17	-7372
14	18	2452
14	19	2108
14	20	-2692
14	21	-4868
14	22	-2588
14	23	5588
14	24	2572
14	25	2828
14	26	-1988
14	27	668
14	28	2228
14	29	7748
15	16	-6292
15	17	3908
15	18	1972
15	19	-1012
15	20	4988
15	21	5452
15	22	-3068
15	23	2468
15	24	2092
15	25	-7492
15	26	1132
15	27	1148
15	28	-892
15	29	1028
16	17	-428
16	18	1748
16	19	-6308
16	20	-5108
16	21	5468
16	22	-412
16	23	-2588
16	24	5228
16	25	172
16	26	6188
16	27	5932
16	28	-2828
16	29	-4748
17	18	1148
17	19	5092
17	20	2692
17	21	1268
17	22	2588
17	23	-1988
17	24	-2572
17	25	-6428
17	26	5588
17	27	-668
17	28	-2228
17	29	-7748
18	19	-172
18	20	2228
18	21	-2588
18	22	-7508
18	23	6908
18	24	-5948
18	25	-3052
18	26	-3308
18	27	5588
18	28	-52
18	29	-1732
19	20	-6788
19	21	-52
19	22	1268
19	23	2932
19	24	-7492
19	25	-1508
19	26	668
19	27	-2948
19	28	6292
19	29	-10028
20	21	2348
20	22	3668
20	23	-6668
20	24	-1492
20	25	-308
20	26	6668
20	27	-1748
20	28	292
20	29	1972
21	22	-428
21	23	-3772
21	24	1132
21	25	-6532
21	26	3772
21	27	-5092
21	28	68
21	29	-1612
22	23	1148
22	24	-7388
22	25	5588
22	26	6052
22	27	-3772
22	28	1388
22	29	-3892
23	24	-412
23	25	-4988
23	26	-3052
23	27	772
23	28	-788
23	29	-2708
24	25	7628
24	26	-3188
24	27	-1732
24	28	-172
24	29	12548
25	26	1388
25	27	-7268
25	28	5572
25	29	10852
26	27	-7972
26	28	4388
26	29	-892
27	28	-10268
27	29	-1388
28	29	-2948
