0	1	-3232
0	2	2152
0	3	-4552
0	4	7312
0	5	-5408
0	6	968
0	7	-1568
0	8	-3008
0	9	1312
0	10	-728
0	11	1672
0	12	5528
0	13	-8512
0	14	-9848
0	15	6248
0	16	-5872
0	17	7568
0	18	-8
0	19	-9008
0	20	-1328
0	21	2528
0	22	4088
0	23	-6488
0	24	2168
0	25	592
0	26	3112
0	27	832
0	28	-2048
0	29	-1912
1	2	-3112
1	3	-8888
1	4	-1072
1	5	-2752
1	6	-10808
1	7	7808
1	8	-8752
1	9	-2272
1	10	3368
1	11	-2632
1	12	-4568
1	13	-12128
1	14	-1912
1	15	5512
1	16	-3968
1	17	-6608
1	18	2648
1	19	-2752
1	20	3968
1	21	-5168
1	22	4072
1	23	1928
1	24	2392
1	25	2048
1	26	-4072
1	27	-1792
1	28	4688
1	29	2872
2	3	2768
2	4	-8
2	5	1672
2	6	-2512
2	7	-8888
2	8	472
2	9	-2408
2	10	-8048
2	11	5152
2	12	-5152
2	13	2408
2	14	832
2	15	-832
2	16	5048
2	17	4088
2	18	-3728
2	19	-5528
2	20	-1448
2	21	2648
2	22	4208
2	23	-3008
2	24	2288
2	25	472
2	26	-4208
2	27	712
2	28	8632
2	29	-1792
3	4	-5992
3	5	-4072
3	6	-2288
3	7	-712
3	8	7928
3	9	8
3	10	5648
3	11	10448
3	12	352
3	13	7192
3	14	7568
3	15	-3968
3	16	952
3	17	1912
3	18	4928
3	19	6728
3	20	-952
3	21	-248
3	22	-5408
3	23	608
3	24	112
3	25	-6472
3	26	-1792
3	27	-3112
3	28	-7432
3	29	-3008
4	5	-368
4	6	6728
4	7	-7328
4	8	-5168
4	9	-848
4	10	712
4	11	-4088
4	12	4088
4	13	4448
4	14	5992
4	15	1208
4	16	7088
4	17	2528
4	18	5032
4	19	-3968
4	20	112
4	21	1088
4	22	-8152
4	23	-8648
4	24	728
4	25	2032
4	26	4552
4	27	5872
4	28	-7808
4	29	7448
5	6	1448
5	7	-5648
5	8	-3488
5	9	-2768
5	10	-8408
5	11	-6008
5	12	6008
5	13	6368
5	14	-3128
5	15	-4072
5	16	5408
5	17	-6352
5	18	-488
5	19	-2288
5	20	-1808
5	21	-4192
5	22	968
5	23	232
5	24	2648
5	25	3712
5	26	2632
5	27	3952
5	28	-2528
5	29	-5032
6	7	-2392
6	8	6248
6	9	1928
6	10	-3232
6	11	1568
6	12	-1568
6	13	5272
6	14	5888
6	15	-2288
6	16	-968
6	17	3592
6	18	-352
6	19	1448
6	20	-2632
6	21	1432
6	22	-7328
6	23	2528
6	24	-5408
6	25	-4552
6	26	-7072
6	27	-1192
6	28	1688
6	29	2272
7	8	3952
7	9	1072
7	10	-968
7	11	-5768
7	12	-5032
7	13	-4672
7	14	-2888
7	15	10088
7	16	-2032
7	17	-6592
7	18	-248
7	19	1552
7	20	-5168
7	21	-832
7	22	728
7	23	-3128
7	24	-4792
7	25	352
7	26	-728
7	27	-3008
7	28	1312
7	29	-5272
8	9	6832
8	10	-2408
8	11	-8
8	12	-3592
8	13	368
8	14	-4328
8	15	728
8	16	-592
8	17	2048
8	18	-1688
8	19	112
8	20	-6608
8	21	4208
8	22	2168
8	23	-4568
8	24	248
8	25	-4688
8	26	1432
8	27	2752
8	28	-128
8	29	-3832
9	10	1912
9	11	712
9	12	-7912
9	13	-352
9	14	3592
9	15	7208
9	16	-1312
9	17	8528
9	18	-968
9	19	-2768
9	20	-5888
9	21	7088
9	22	5048
9	23	3352
9	24	6728
9	25	3232
9	26	-8648
9	27	-3728
9	28	592
9	29	-952
10	11	5872
10	12	-2272
10	13	-1912
10	14	1552
10	15	-5152
10	16	-2872
10	17	3368
10	18	592
10	19	5992
10	20	2872
10	21	1928
10	22	-112
10	23	4912
10	24	8768
10	25	-2408
10	26	112
10	27	-2168
10	28	-8648
10	29	8288
11	12	-4672
11	13	2888
11	14	352
11	15	-7552
11	16	-8872
11	17	968
11	18	-4208
11	19	8392
11	20	-9128
11	21	3128
11	22	1088
11	23	112
11	24	2768
11	25	-10808
11	26	-4688
11	27	-3368
11	28	4552
11	29	5888
12	13	-2888
12	14	-3952
12	15	-3248
12	16	-1928
12	17	-968
12	18	608
12	19	-4792
12	20	5528
12	21	472
12	22	-4688
12	23	3488
12	24	-6368
12	25	3608
12	26	8288
12	27	-3832
12	28	-952
12	29	-5888
13	14	10808
13	15	-10808
13	16	8512
13	17	2272
13	18	4568
13	19	9968
13	20	-4912
13	21	-3488
13	22	-5048
13	23	248
13	24	472
13	25	368
13	26	5048
13	27	-3472
13	28	-7792
13	29	952
14	15	-3232
14	16	6248
14	17	8888
14	18	-1328
14	19	4072
14	20	952
14	21	-3352
14	22	-16192
14	23	-608
14	24	-3712
14	25	-4328
14	26	-5408
14	27	-488
14	28	-6968
14	29	-592
15	16	952
15	17	1912
15	18	4928
15	19	-11272
15	20	2648
15	21	-248
15	22	1792
15	23	-2992
15	24	-3488
15	25	4328
15	26	-1792
15	27	488
15	28	6968
15	29	-3008
16	17	-368
16	18	3608
16	19	1808
16	20	4928
16	21	4672
16	22	-488
16	23	2888
16	24	1432
16	25	3008
16	26	488
16	27	9968
16	28	-1552
16	29	-5288
17	18	-952
17	19	848
17	20	3968
17	21	5632
17	22	-6728
17	23	1928
17	24	2392
17	25	2048
17	26	-472
17	27	1808
17	28	-2512
17	29	6472
18	19	3112
18	20	7192
18	21	4808
18	22	-832
18	23	2032
18	24	4448
18	25	-1688
18	26	4432
18	27	-1448
18	28	-4328
18	29	368
19	20	1792
19	21	6608
19	22	-2632
19	23	3832
19	24	9848
19	25	112
19	26	-968
19	27	-3248
19	28	-6128
19	29	5768
20	21	-4672
20	22	488
20	23	7912
20	24	2168
20	25	11392
20	26	-4088
20	27	-6368
20	28	-2048
20	29	5288
21	22	-1688
21	23	4088
21	24	7432
21	25	-6592
21	26	1688
21	27	7568
21	28	6848
21	29	712
22	23	2048
22	24	5872
22	25	9368
22	26	-3952
22	27	-1672
22	28	4808
22	29	-4448
23	24	128
23	25	6232
23	26	-9248
23	27	-7928
23	28	7192
23	29	3248
24	25	3848
24	26	4928
24	27	8
24	28	-7912
24	29	4672
25	26	-2168
25	27	-8048
25	28	-3728
25	29	6968
26	27	5272
26	28	-4808
26	29	848
27	28	-3488
27	29	-472
28	29	-1192
