0	1	-7548
0	2	-1908
0	3	372
0	4	2892
0	5	-4332
0	6	-4572
0	7	5172
0	8	12
0	9	-1188
0	10	-2748
0	11	-5172
0	12	-10188
0	13	3108
0	14	-588
0	15	-6348
0	16	-348
0	17	4188
0	18	-3252
0	19	-12
0	20	3468
0	21	-2292
0	22	1668
0	23	-1428
0	24	-372
0	25	4068
0	26	-11388
0	27	5628
0	28	-9372
0	29	-852
1	2	-588
1	3	1692
1	4	-10188
1	5	-2052
1	6	-2292
1	7	2892
1	8	1332
1	9	-3468
1	10	-1428
1	11	4308
1	12	5532
1	13	1788
1	14	-2868
1	15	5772
1	16	-6228
1	17	-4332
1	18	2628
1	19	2268
1	20	2148
1	21	7188
1	22	-6852
1	23	-7308
1	24	-5292
1	25	2748
1	26	732
1	27	-6492
1	28	10908
1	29	-2172
2	3	-7068
2	4	2652
2	5	3108
2	6	-7932
2	7	1332
2	8	-3828
2	9	-5028
2	10	612
2	11	-1332
2	12	-3228
2	13	-7452
2	14	-828
2	15	-6588
2	16	6612
2	17	828
2	18	588
2	19	228
2	20	7308
2	21	-2052
2	22	1908
2	23	1932
2	24	-132
2	25	708
2	26	-828
2	27	-1332
2	28	5268
2	29	10188
3	4	-5868
3	5	4428
3	6	7788
3	7	12
3	8	-5148
3	9	-6348
3	10	-708
3	11	-12
3	12	6252
3	13	-6132
3	14	1452
3	15	-708
3	16	-5508
3	17	5748
3	18	-5292
3	19	1548
3	20	-5772
3	21	6468
3	22	-3972
3	23	4212
3	24	8388
3	25	-5172
3	26	-5748
3	27	-3612
3	28	2988
3	29	-2892
4	5	-1692
4	6	-1932
4	7	2532
4	8	972
4	9	3372
4	10	9012
4	11	-6132
4	12	-2028
4	13	2148
4	14	-3228
4	15	-1788
4	16	612
4	17	6828
4	18	10188
4	19	-972
4	20	6108
4	21	-3252
4	22	7908
4	23	-7668
4	24	-4932
4	25	-4092
4	26	-3228
4	27	8268
4	28	-10332
4	29	8988
5	6	-3828
5	7	-372
5	8	4788
5	9	-4812
5	10	-3252
5	11	372
5	12	588
5	13	-11508
5	14	1788
5	15	348
5	16	1548
5	17	-5388
5	18	2052
5	19	6012
5	20	2532
5	21	-2508
5	22	4332
5	23	6228
5	24	6372
5	25	-8868
5	26	5388
5	27	372
5	28	972
5	29	-3948
6	7	-4212
6	8	-6252
6	9	9348
6	10	3708
6	11	4212
6	12	3948
6	13	3132
6	14	-5652
6	15	3708
6	16	4908
6	17	-5148
6	18	-1308
6	19	-8148
6	20	-4428
6	21	-2268
6	22	-9828
6	23	9588
6	24	3012
6	25	2172
6	26	-2052
6	27	-2988
6	28	1212
6	29	3492
7	8	-348
7	9	-8748
7	10	4092
7	11	-1212
7	12	252
7	13	3468
7	14	-948
7	15	-3108
7	16	-7908
7	17	948
7	18	708
7	19	3948
7	20	-3372
7	21	5268
7	22	-1572
7	23	-8988
7	24	-12
7	25	8028
7	26	-4548
7	27	-1212
7	28	-1812
7	29	-492
8	9	492
8	10	-11868
8	11	-3252
8	12	2292
8	13	1428
8	14	-6108
8	15	2532
8	16	1332
8	17	-1092
8	18	2268
8	19	1908
8	20	1788
8	21	-372
8	22	3588
8	23	-3348
8	24	-2052
8	25	-4812
8	26	1092
8	27	3948
8	28	6948
8	29	-2532
9	10	1332
9	11	5148
9	12	-6108
9	13	6228
9	14	-108
9	15	8532
9	16	7332
9	17	-3492
9	18	3468
9	19	-4092
9	20	-612
9	21	-2772
9	22	-2412
9	23	-948
9	24	-852
9	25	3588
9	26	-108
9	27	1548
9	28	948
9	29	2268
10	11	6708
10	12	3132
10	13	588
10	14	-8868
10	15	-228
10	16	-1428
10	17	-5532
10	18	5028
10	19	-2532
10	20	4548
10	21	-1212
10	22	2748
10	23	-2508
10	24	4308
10	25	5148
10	26	1932
10	27	-7692
10	28	-4692
10	29	11028
11	12	10548
11	13	-7068
11	14	-2652
11	15	17508
11	16	4308
11	17	-8148
11	18	6492
11	19	-7548
11	20	3372
11	21	1932
11	22	-5628
11	23	1788
11	24	-7188
11	25	9972
11	26	-2652
11	27	-2388
11	28	5412
11	29	7692
12	13	-2772
12	14	-5508
12	15	3132
12	16	-5268
12	17	1908
12	18	-1932
12	19	-2292
12	20	1188
12	21	6228
12	22	-7812
12	23	-2748
12	24	-2652
12	25	1788
12	26	1692
12	27	3348
12	28	-852
12	29	4068
13	14	2028
13	15	-3012
13	16	1788
13	17	1572
13	18	1812
13	19	-1428
13	20	-4908
13	21	852
13	22	-3108
13	23	-4332
13	24	-1068
13	25	1692
13	26	2028
13	27	132
13	28	-2868
13	29	-4188
14	15	1932
14	16	-2868
14	17	6708
14	18	2868
14	19	2508
14	20	-4812
14	21	228
14	22	4188
14	23	3252
14	24	-5052
14	25	-612
14	26	-3108
14	27	4548
14	28	-3252
14	29	-5532
15	16	2172
15	17	-5532
15	18	8628
15	19	-2532
15	20	-2652
15	21	5988
15	22	-4452
15	23	1092
15	24	-6492
15	25	5148
15	26	-5268
15	27	3108
15	28	2508
15	29	3828
16	17	-732
16	18	-972
16	19	-1332
16	20	5748
16	21	3588
16	22	-3252
16	23	7092
16	24	1908
16	25	-4452
16	26	732
16	27	708
16	28	3708
16	29	5028
17	18	-2868
17	19	1092
17	20	1212
17	21	6972
17	22	3012
17	23	348
17	24	-2148
17	25	-10188
17	26	-492
17	27	2652
17	28	-3948
17	29	1932
18	19	-5868
18	20	1452
18	21	-7188
18	22	3252
18	23	-7092
18	24	-9108
18	25	-2748
18	26	-732
18	27	-708
18	28	-108
18	29	5772
19	20	-1788
19	21	7572
19	22	12
19	23	-7452
19	24	2052
19	25	-2388
19	26	-1092
19	27	-3948
19	28	-6948
19	29	-11868
20	21	-3108
20	22	132
20	23	3228
20	24	-1428
20	25	-5868
20	26	-1212
20	27	3372
20	28	372
20	29	2652
21	22	-12108
21	23	-2532
21	24	-2868
21	25	-108
21	26	-3372
21	27	1932
21	28	2532
21	29	-2388
22	23	1428
22	24	372
22	25	-4068
22	26	7788
22	27	1572
22	28	-1428
22	29	852
23	24	6588
23	25	-6972
23	26	3252
23	27	1788
23	28	4788
23	29	2508
24	25	-9228
24	26	2148
24	27	-3588
24	28	-2988
24	29	-4308
25	26	-4212
25	27	-828
25	28	-228
25	29	5652
26	27	-2652
26	28	7548
26	29	-5532
27	28	-8988
27	29	-3108
28	29	4692
