0	1	-5516
0	2	-6964
0	3	-2996
0	4	-3476
0	5	2644
0	6	5276
0	7	2396
0	8	-2884
0	9	-2164
0	10	3364
0	11	-9124
0	12	6964
0	13	1676
0	14	-116
0	15	116
0	16	-964
0	17	-236
0	18	2636
0	19	-116
0	20	836
0	21	4196
0	22	-3004
0	23	10084
0	24	-1796
0	25	-1324
0	26	-356
0	27	3836
0	28	-3004
0	29	10564
1	2	124
1	3	-4564
1	4	3116
1	5	-3004
1	6	5884
1	7	5164
1	8	-356
1	9	2524
1	10	-3724
1	11	-4916
1	12	-124
1	13	-1316
1	14	-244
1	15	3844
1	16	4924
1	17	-7324
1	18	-9476
1	19	-244
1	20	-476
1	21	10564
1	22	3364
1	23	356
1	24	5036
1	25	5284
1	26	3596
1	27	7324
1	28	-3836
1	29	3476
2	3	2644
2	4	2164
2	5	-2516
2	6	3236
2	7	3956
2	8	-1324
2	9	-4204
2	10	-5396
2	11	-364
2	12	-1796
2	13	-3964
2	14	-1676
2	15	1676
2	16	-13804
2	17	-5396
2	18	4196
2	19	5524
2	20	-1204
2	21	-8644
2	22	5756
2	23	-2276
2	24	244
2	25	236
2	26	5284
2	27	-5404
2	28	-1444
2	29	1804
3	4	596
3	5	-1924
3	6	1204
3	7	4084
3	8	2164
3	9	5044
3	10	-6244
3	11	4804
3	12	-2644
3	13	1204
3	14	-2764
3	15	-4436
3	16	3844
3	17	4556
3	18	244
3	19	-6364
3	20	-5156
3	21	2284
3	22	-1316
3	23	1436
3	24	-4684
3	25	-2996
3	26	1076
3	27	-956
3	28	-8516
3	29	-2644
4	5	-1444
4	6	-6476
4	7	10804
4	8	-1916
4	9	8164
4	10	-2164
4	11	724
4	12	-5764
4	13	-6476
4	14	-5884
4	15	2284
4	16	-3836
4	17	-5764
4	18	-3836
4	19	4916
4	20	-5636
4	21	1804
4	22	9004
4	23	-16084
4	24	2996
4	25	124
4	26	8756
4	27	-1436
4	28	5404
4	29	-2164
5	6	-3956
5	7	2524
5	8	4204
5	9	-116
5	10	2516
5	11	-356
5	12	6116
5	13	-3956
5	14	2396
5	15	-5996
5	16	-1316
5	17	2516
5	18	5884
5	19	-4804
5	20	4084
5	21	7924
5	22	-2876
5	23	-604
5	24	476
5	25	2644
5	26	-8164
5	27	-2516
5	28	4324
5	29	-8284
6	7	1796
6	8	-7084
6	9	836
6	10	-3236
6	11	1076
6	12	7564
6	13	4676
6	14	484
6	15	3116
6	16	-1564
6	17	7564
6	18	2036
6	19	-3116
6	20	-6964
6	21	-7204
6	22	3596
6	23	17884
6	24	6004
6	25	1676
6	26	-6956
6	27	3236
6	28	-7204
6	29	3964
7	8	-2764
7	9	5156
7	10	-7556
7	11	-9004
7	12	3244
7	13	-1804
7	14	3364
7	15	7436
7	16	-8044
7	17	-3956
7	18	-844
7	19	3364
7	20	-2644
7	21	716
7	22	4316
7	23	-4436
7	24	1684
7	25	2396
7	26	13924
7	27	356
7	28	4316
7	29	3244
8	9	-3724
8	10	8524
8	11	7316
8	12	1324
8	13	-7084
8	14	1444
8	15	2156
8	16	-2524
8	17	-5876
8	18	-2524
8	19	-5756
8	20	2876
8	21	2636
8	22	-964
8	23	-6356
8	24	-3836
8	25	-6484
8	26	-2396
8	27	-8524
8	28	-964
8	29	4924
9	10	-6596
9	11	836
9	12	-6596
9	13	-2764
9	14	-13676
9	15	-7924
9	16	1796
9	17	4204
9	18	-5404
9	19	4324
9	20	-3604
9	21	3356
9	22	-244
9	23	3724
9	24	2644
9	25	-5764
9	26	-3116
9	27	-604
9	28	-3844
9	29	-2996
10	11	3964
10	12	-1804
10	13	3964
10	14	-5524
10	15	5524
10	16	3004
10	17	-1804
10	18	-596
10	19	-5524
10	20	-2396
10	21	1444
10	22	1444
10	23	-4924
10	24	-244
10	25	-236
10	26	-1684
10	27	-1796
10	28	-5756
10	29	1796
11	12	364
11	13	-6124
11	14	-3116
11	15	3116
11	16	2036
11	17	11164
11	18	-1564
11	19	-6716
11	20	-6964
11	21	-3604
11	22	3596
11	23	-3716
11	24	-1196
11	25	-5524
11	26	244
11	27	-7564
11	28	-3604
11	29	-10436
12	13	3964
12	14	5276
12	15	5524
12	16	-596
12	17	5396
12	18	6604
12	19	-5524
12	20	1204
12	21	-2156
12	22	8644
12	23	9476
12	24	3356
12	25	3364
12	26	1916
12	27	-1796
12	28	1444
12	29	-5404
13	14	4084
13	15	-7684
13	16	2036
13	17	364
13	18	5636
13	19	-3116
13	20	3836
13	21	-7204
13	22	-7204
13	23	7084
13	24	2404
13	25	-1924
13	26	-3356
13	27	14036
13	28	-3604
13	29	3964
14	15	-1556
14	16	-476
14	17	-5524
14	18	6724
14	19	-5644
14	20	4924
14	21	-5636
14	22	-5636
14	23	-1444
14	24	3236
14	25	7084
14	26	-1804
14	27	1924
14	28	8764
14	29	-1924
15	16	-3124
15	17	1924
15	18	-6724
15	19	5644
15	20	-4924
15	21	2036
15	22	12836
15	23	-2156
15	24	364
15	25	3716
15	26	12604
15	27	-1924
15	28	-5164
15	29	1924
16	17	10204
16	18	-4204
16	19	-476
16	20	4796
16	21	4556
16	22	956
16	23	2524
16	24	1444
16	25	2636
16	26	-716
16	27	4196
16	28	956
16	29	-4196
17	18	-596
17	19	1676
17	20	1204
17	21	-5756
17	22	5044
17	23	9476
17	24	-244
17	25	-3836
17	26	-1684
17	27	1804
17	28	1444
17	29	-9004
18	19	-476
18	20	-6004
18	21	-9844
18	22	4556
18	23	6124
18	24	5044
18	25	6236
18	26	-4316
18	27	-6604
18	28	956
18	29	-4196
19	20	1324
19	21	-2036
19	22	5164
19	23	-1444
19	24	-3964
19	25	3484
19	26	5396
19	27	1924
19	28	1564
19	29	5276
20	21	2756
20	22	-11644
20	23	724
20	24	-356
20	25	-6364
20	26	1084
20	27	5996
20	28	6356
20	29	4804
21	22	-4684
21	23	-2636
21	24	-3716
21	25	4196
21	26	1324
21	27	2156
21	28	-8284
21	29	1444
22	23	-2636
22	24	7084
22	25	7796
22	26	8524
22	27	-8644
22	28	-1084
22	29	-5756
23	24	236
23	25	-716
23	26	-8404
23	27	4924
23	28	-9836
23	29	2276
24	25	5404
24	26	-7324
24	27	244
24	28	3484
24	29	-244
25	26	-356
25	27	-6964
25	28	-3004
25	29	-3836
26	27	-1916
26	28	1324
26	29	1916
27	28	-1444
27	29	5404
28	29	-2156
