0	1	6612
0	2	14412
0	3	492
0	4	2532
0	5	-2028
0	6	-708
0	7	6708
0	8	-1788
0	9	-2868
0	10	9468
0	11	4428
0	12	-6492
0	13	-1668
0	14	-6012
0	15	-612
0	16	-1308
0	17	-1572
0	18	-708
0	19	-2868
0	20	-6612
0	21	-1068
0	22	-5412
0	23	348
0	24	-2772
0	25	2052
0	26	-3012
0	27	7092
0	28	-1428
0	29	252
1	2	828
1	3	-3252
1	4	-12492
1	5	2868
1	6	1548
1	7	-7548
1	8	2628
1	9	-7092
1	10	-10308
1	11	1932
1	12	-5148
1	13	-1092
1	14	1572
1	15	-228
1	16	-1452
1	17	4332
1	18	5148
1	19	-10692
1	20	-1428
1	21	-12492
1	22	-6228
1	23	9612
1	24	-1668
1	25	2388
1	26	5772
1	27	-2652
1	28	2268
1	29	4188
2	3	3348
2	4	1308
2	5	-1332
2	6	-6252
2	7	3852
2	8	-1572
2	9	3108
2	10	15492
2	11	-1068
2	12	-948
2	13	5508
2	14	-5028
2	15	3972
2	16	-2052
2	17	1332
2	18	-9852
2	19	-4092
2	20	-4428
2	21	-2292
2	22	1572
2	23	3012
2	24	-1068
2	25	-1812
2	26	-4428
2	27	7548
2	28	5268
2	29	3588
3	4	-2772
3	5	1788
3	6	468
3	7	4332
3	8	1548
3	9	2628
3	10	8772
3	11	3012
3	12	6732
3	13	-5772
3	14	6252
3	15	-2748
3	16	-2532
3	17	-1788
3	18	468
3	19	-4572
3	20	3252
3	21	-2772
3	22	-1548
3	23	-108
3	24	-7788
3	25	12108
3	26	3252
3	27	-3732
3	28	-2412
3	29	3108
4	5	-3852
4	6	-5172
4	7	-828
4	8	-4092
4	9	588
4	10	7212
4	11	-2148
4	12	-5628
4	13	-612
4	14	-2508
4	15	2892
4	16	-972
4	17	-3348
4	18	-5172
4	19	4188
4	20	1692
4	21	9588
4	22	11292
4	23	1932
4	24	1452
4	25	-4332
4	26	-1908
4	27	8628
4	28	-4452
4	29	4668
5	6	-4212
5	7	-5388
5	8	-3132
5	9	1548
5	10	-948
5	11	492
5	12	-6588
5	13	3948
5	14	14532
5	15	-1668
5	16	3588
5	17	2892
5	18	2988
5	19	-9252
5	20	7932
5	21	-3852
5	22	-4068
5	23	972
5	24	492
5	25	228
5	26	4332
5	27	-8412
5	28	3708
5	29	-1572
6	7	3132
6	8	2748
6	9	-3372
6	10	-10428
6	11	1812
6	12	1932
6	13	-4572
6	14	1452
6	15	6852
6	16	9468
6	17	7812
6	18	1668
6	19	228
6	20	-8748
6	21	-5172
6	22	-9948
6	23	-4908
6	24	-8988
6	25	-1092
6	26	9252
6	27	-9732
6	28	-12012
6	29	-2892
7	8	9252
7	9	972
7	10	2028
7	11	588
7	12	4068
7	13	2172
7	14	-2652
7	15	-852
7	16	-1068
7	17	-5412
7	18	-7668
7	19	4572
7	20	-10452
7	21	6372
7	22	1548
7	23	-7092
7	24	588
7	25	2292
7	26	348
7	27	132
7	28	-1188
7	29	492
8	9	-5892
8	10	-4308
8	11	-2868
8	12	8052
8	13	7308
8	14	-3228
8	15	-1428
8	16	-7452
8	17	6732
8	18	2748
8	19	1308
8	20	-2628
8	21	10308
8	22	3372
8	23	1212
8	24	4332
8	25	-12
8	26	972
8	27	-15852
8	28	3468
8	29	-5412
9	10	12612
9	11	-3948
9	12	3372
9	13	4788
9	14	-708
9	15	1092
9	16	4428
9	17	5652
9	18	-10572
9	19	-1212
9	20	-108
9	21	-3012
9	22	2292
9	23	132
9	24	-348
9	25	4668
9	26	-108
9	27	3228
9	28	948
9	29	-732
10	11	-3852
10	12	3228
10	13	-588
10	14	-7092
10	15	1908
10	16	-3828
10	17	948
10	18	-6828
10	19	1812
10	20	-4092
10	21	3612
10	22	4308
10	23	-732
10	24	-252
10	25	3132
10	26	-7692
10	27	8172
10	28	3252
10	29	1332
11	12	5388
11	13	852
11	14	-8532
11	15	-3132
11	16	-2388
11	17	-7692
11	18	-1788
11	19	6852
11	20	5268
11	21	5052
11	22	-732
11	23	-5772
11	24	-8892
11	25	-2628
11	26	-1932
11	27	2412
11	28	-2508
11	29	-828
12	13	972
12	14	-5052
12	15	348
12	16	-5868
12	17	-4212
12	18	1932
12	19	3372
12	20	-9252
12	21	5172
12	22	2748
12	23	-2292
12	24	-5412
12	25	1092
12	26	-9252
12	27	-4668
12	28	1212
12	29	-4308
13	14	-3108
13	15	-1308
13	16	-7572
13	17	3252
13	18	-4572
13	19	-2412
13	20	4692
13	21	2988
13	22	-3708
13	23	4932
13	24	11652
13	25	-132
13	26	1092
13	27	-5172
13	28	-252
13	29	-1932
14	15	-6372
14	16	4452
14	17	-132
14	18	1452
14	19	-15108
14	20	5628
14	21	-2508
14	22	-3972
14	23	8988
14	24	2268
14	25	4212
14	26	2028
14	27	-8748
14	28	4332
14	29	9612
15	16	6252
15	17	5268
15	18	3252
15	19	4692
15	20	-6972
15	21	-708
15	22	1428
15	23	-3612
15	24	-3132
15	25	-4788
15	26	228
15	27	252
15	28	-8268
15	29	612
16	17	3612
16	18	-1332
16	19	-2772
16	20	1452
16	21	-8172
16	22	-3348
16	23	-5508
16	24	-2388
16	25	-4092
16	26	5052
16	27	-1932
16	28	-4212
16	29	-2292
17	18	-2988
17	19	2052
17	20	-732
17	21	-3348
17	22	-3132
17	23	6228
17	24	-492
17	25	6972
17	26	10068
17	27	-5988
17	28	-108
17	29	-2028
18	19	228
18	20	5652
18	21	-1572
18	22	-6348
18	23	-4908
18	24	1812
18	25	-1092
18	26	2052
18	27	-6132
18	28	-4812
18	29	-10092
19	20	-108
19	21	7788
19	22	9492
19	23	-7068
19	24	-348
19	25	-2532
19	26	-3708
19	27	3228
19	28	948
19	29	-4332
20	21	1692
20	22	2628
20	23	1188
20	24	1668
20	25	1212
20	26	5028
20	27	-948
20	28	1332
20	29	-588
21	22	7692
21	23	-1668
21	24	5052
21	25	-4332
21	26	-9108
21	27	-2172
21	28	2748
21	29	1068
22	23	-4812
22	24	-732
22	25	-7188
22	26	-4572
22	27	5052
22	28	7332
22	29	9012
23	24	1428
23	25	8652
23	26	-2412
23	27	-708
23	28	5172
23	29	6852
24	25	972
24	26	-5532
24	27	-4788
24	28	4692
24	29	2772
25	26	4812
25	27	1908
25	28	-7572
25	29	1548
26	27	-948
26	28	-5868
26	29	-4188
27	28	-1812
27	29	3708
28	29	1428
