0	1	-1384
0	2	-1384
0	3	664
0	4	8696
0	5	2336
0	6	-8816
0	7	2456
0	8	-6416
0	9	-6304
0	10	1504
0	11	11456
0	12	-656
0	13	-7624
0	14	-4264
0	15	9776
0	16	-5936
0	17	-4976
0	18	1256
0	19	-2944
0	20	-544
0	21	2344
0	22	2704
0	23	1144
0	24	3416
0	25	-7736
0	26	13264
0	27	7024
0	28	-296
0	29	4016
1	2	-4376
1	3	-5704
1	4	-7256
1	5	-896
1	6	3776
1	7	2584
1	8	8576
1	9	4144
1	10	-2944
1	11	-2816
1	12	2816
1	13	1864
1	14	-1496
1	15	2464
1	16	896
1	17	-7264
1	18	184
1	19	-6416
1	20	-8816
1	21	-184
1	22	6656
1	23	-13384
1	24	-1976
1	25	9896
1	26	3296
1	27	-1264
1	28	-1144
1	29	-2576
2	3	5096
2	4	-56
2	5	-8096
2	6	176
2	7	13384
2	8	4976
2	9	544
2	10	-10144
2	11	7984
2	12	6416
2	13	-1736
2	14	-8696
2	15	2464
2	16	4496
2	17	3536
2	18	-7016
2	19	784
2	20	5584
2	21	3416
2	22	-544
2	23	4616
2	24	1624
2	25	2696
2	26	-304
2	27	5936
2	28	2456
2	29	1024
3	4	-2824
3	5	1616
3	6	-8096
3	7	1736
3	8	1504
3	9	176
3	10	-15776
3	11	-64
3	12	-3536
3	13	2456
3	14	2216
3	15	-5344
3	16	-1616
3	17	-656
3	18	536
3	19	7136
3	20	9536
3	21	6664
3	22	3424
3	23	1864
3	24	2696
3	25	7384
3	26	6784
3	27	544
3	28	-6776
3	29	-304
4	5	-7376
4	6	-4144
4	7	-3896
4	8	-13744
4	9	-9536
4	10	7136
4	11	5104
4	12	-1504
4	13	-4616
4	14	-776
4	15	3184
4	16	176
4	17	-784
4	18	904
4	19	-2096
4	20	-896
4	21	-4504
4	22	-1264
4	23	3896
4	24	-4856
4	25	-8824
4	26	-1024
4	27	5216
4	28	5336
4	29	-1856
5	6	-3304
5	7	-4736
5	8	5096
5	9	424
5	10	-2824
5	11	-6536
5	12	2936
5	13	1744
5	14	5584
5	15	2344
5	16	8216
5	17	3656
5	18	64
5	19	-6536
5	20	5464
5	21	3536
5	22	10376
5	23	-2464
5	24	5104
5	25	-4384
5	26	-184
5	27	-4744
5	28	-1024
5	29	4504
6	7	-3184
6	8	2824
6	9	2456
6	10	-56
6	11	-1384
6	12	-2216
6	13	1136
6	14	896
6	15	4136
6	16	3304
6	17	664
6	18	-7984
6	19	2216
6	20	-2584
6	21	-6416
6	22	-2456
6	23	-4016
6	24	1376
6	25	-5696
6	26	-6296
6	27	1864
6	28	5344
6	29	1976
7	8	1616
7	9	304
7	10	-6304
7	11	4144
7	12	6656
7	13	-5576
7	14	-1736
7	15	9424
7	16	1136
7	17	176
7	18	3544
7	19	-3056
7	20	-5456
7	21	7256
7	22	-304
7	23	1256
7	24	4984
7	25	6536
7	26	7136
7	27	9776
7	28	6296
7	29	784
8	9	7256
8	10	-8456
8	11	-3784
8	12	3784
8	13	2336
8	14	-1504
8	15	1736
8	16	-1496
8	17	-536
8	18	-6784
8	19	3416
8	20	-1384
8	21	-4016
8	22	-56
8	23	1984
8	24	2576
8	25	304
8	26	-296
8	27	-6536
8	28	-3056
8	29	-7624
9	10	-4264
9	11	-5096
9	12	1496
9	13	-4016
9	14	-176
9	15	-7016
9	16	-424
9	17	-8584
9	18	-5696
9	19	2104
9	20	3304
9	21	2096
9	22	-5464
9	23	-7504
9	24	-7856
9	25	8576
9	26	-1624
9	27	1016
9	28	4736
9	29	-4856
10	11	6296
10	12	-9896
10	13	-1984
10	14	-9424
10	15	-6184
10	16	2824
10	17	184
10	18	6896
10	19	-904
10	20	-2104
10	21	-6896
10	22	-10136
10	23	2704
10	24	-5344
10	25	-2576
10	26	-6776
10	27	-5816
10	28	-2336
10	29	-1144
11	12	-5944
11	13	3424
11	14	-17936
11	15	7624
11	16	6536
11	17	5576
11	18	-1856
11	19	-4856
11	20	-3656
11	21	1856
11	22	-5704
11	23	3056
11	24	3184
11	25	-2464
11	26	5336
11	27	776
11	28	-6304
11	29	-1016
12	13	176
12	14	3536
12	15	6776
12	16	664
12	17	-1976
12	18	1856
12	19	-9544
12	20	-3544
12	21	1744
12	22	5704
12	23	-3056
12	24	4016
12	25	-4736
12	26	1864
12	27	2824
12	28	-896
12	29	-2584
13	14	-6056
13	15	1504
13	16	9056
13	17	15296
13	18	-776
13	19	-7376
13	20	1024
13	21	-2824
13	22	4016
13	23	-8824
13	24	664
13	25	56
13	26	-2944
13	27	-3904
13	28	-7384
13	29	-7136
14	15	1744
14	16	-5584
14	17	-2944
14	18	3064
14	19	3664
14	20	1264
14	21	536
14	22	7376
14	23	1736
14	24	-2696
14	25	-184
14	26	4016
14	27	3056
14	28	10376
14	29	7504
15	16	1256
15	17	3896
15	18	3424
15	19	-6776
15	20	-12776
15	21	3776
15	22	7016
15	23	-2224
15	24	1264
15	25	-7744
15	26	7256
15	27	9896
15	28	6416
15	29	664
16	17	7144
16	18	-64
16	19	-7864
16	20	5336
16	21	64
16	22	424
16	23	-8336
16	24	2096
16	25	4384
16	26	-3416
16	27	1144
16	28	1024
16	29	-904
17	18	-8224
17	19	-8824
17	20	776
17	21	-2576
17	22	1384
17	23	-176
17	24	1136
17	25	-9056
17	26	-6056
17	27	-8696
17	28	-1616
17	29	1736
18	19	1744
18	20	-4256
18	21	6056
18	22	5696
18	23	56
18	24	2584
18	25	8936
18	26	5936
18	27	4976
18	28	1496
18	29	-1616
19	20	-56
19	21	-5344
19	22	-5704
19	23	10256
19	24	-416
19	25	4736
19	26	1736
19	27	4376
19	28	896
19	29	-1016
20	21	656
20	22	296
20	23	-1744
20	24	-2816
20	25	-64
20	26	536
20	27	-424
20	28	-304
20	29	184
21	22	1504
21	23	-56
21	24	4616
21	25	9064
21	26	4864
21	27	-1376
21	28	-5096
21	29	5216
22	23	-6896
22	24	656
22	25	-1376
22	26	5224
22	27	2584
22	28	6064
22	29	8456
23	24	5816
23	25	-2936
23	26	-3536
23	27	-6176
23	28	-2696
23	29	2816
24	25	296
24	26	4496
24	27	-64
24	28	-3544
24	29	-176
25	26	1984
25	27	2944
25	28	-776
25	29	896
26	27	9544
26	28	-1376
26	29	5096
27	28	10384
27	29	536
28	29	4256
