0	1	1012
0	2	-4132
0	3	492
0	4	2108
0	5	444
0	6	3612
0	7	700
0	8	-4500
0	9	-860
0	10	-5540
0	11	-2988
0	12	-700
0	13	-1172
0	14	-3404
0	15	-1276
0	16	-3148
0	17	-1844
0	18	908
0	19	10948
0	20	-700
0	21	1588
0	22	2420
0	23	-1380
0	24	596
0	25	-3196
1	2	548
1	3	1220
1	4	1380
1	5	-2988
1	6	1636
1	7	1428
1	8	-1068
1	9	-2836
1	10	-2108
1	11	-3716
1	12	6684
1	13	-5852
1	14	1276
1	15	-548
1	16	284
1	17	-2572
1	18	-3772
1	19	2108
1	20	-1428
1	21	-1844
1	22	-1012
1	23	-3356
1	24	-4084
1	25	-3924
2	3	-1636
2	4	-964
2	5	3404
2	6	-2052
2	7	-1844
2	8	652
2	9	2420
2	10	1692
2	11	1428
2	12	-860
2	13	28
2	14	-860
2	15	132
2	16	7412
2	17	284
2	18	-4756
2	19	-4396
2	20	-6268
2	21	-3148
2	22	1428
2	23	2940
2	24	-1740
2	25	-1068
3	4	4604
3	5	-5172
3	6	-1588
3	7	3612
3	8	1116
3	9	-652
3	10	76
3	11	-492
3	12	1796
3	13	4444
3	14	1796
3	15	-3772
3	16	-2940
3	17	652
3	18	1116
3	19	2628
3	20	4500
3	21	4084
3	22	-492
3	23	1532
3	24	-1900
3	25	2004
4	5	-132
4	6	1484
4	7	1692
4	8	-3924
4	9	548
4	10	2524
4	11	-2108
4	12	-1692
4	13	860
4	14	1012
4	15	-1740
4	16	-2572
4	17	-548
4	18	4188
4	19	2884
4	20	-1692
4	21	1428
4	22	-4812
4	23	1068
4	24	-3612
4	25	3508
5	6	-180
5	7	28
5	8	-180
5	9	-1116
5	10	860
5	11	-444
5	12	-28
5	13	1900
5	14	-28
5	15	4708
5	16	6580
5	17	1116
5	18	2524
5	19	-860
5	20	-5436
5	21	-2316
5	22	-3148
5	23	-596
5	24	132
5	25	2468
6	7	-4084
6	8	-3876
6	9	2468
6	10	-4916
6	11	1796
6	12	-1324
6	13	-548
6	14	-9436
6	15	-3356
6	16	-2524
6	17	236
6	18	-1172
6	19	4916
6	20	1380
6	21	-1740
6	22	4500
6	23	-756
6	24	3924
6	25	1588
7	8	1324
7	9	-8556
7	10	-2420
7	11	-700
7	12	4292
7	13	-756
7	14	6996
7	15	1844
7	16	-28
7	17	-2260
7	18	4028
7	19	-284
7	20	1588
7	21	1172
7	22	-6108
7	23	1740
7	24	-1692
7	25	4500
8	9	-2940
8	10	492
8	11	-908
8	12	4084
8	13	2156
8	14	4084
8	15	-652
8	16	180
8	17	5644
8	18	-1172
8	19	-5900
8	20	1380
8	21	-4444
8	22	1796
8	23	-756
8	24	-1484
8	25	-1116
9	10	1428
9	11	860
9	12	-7668
9	13	388
9	14	-4964
9	15	284
9	16	1116
9	17	2004
9	18	-2940
9	19	1276
9	20	444
9	21	2732
9	22	3564
9	23	180
9	24	-548
9	25	-2052
10	11	2836
10	12	-2988
10	13	1116
10	14	2420
10	15	1012
10	16	-860
10	17	3980
10	18	3196
10	19	-4860
10	20	-284
10	21	2004
10	22	-2572
10	23	3612
10	24	-2524
10	25	-76
11	12	-2004
11	13	-1532
11	14	-2004
11	15	-4132
11	16	444
11	17	-860
11	18	1796
11	19	-2836
11	20	3404
11	21	-1588
11	22	284
11	23	9492
11	24	2108
11	25	492
12	13	756
12	14	3820
12	15	-1844
12	16	2732
12	17	-444
12	18	-1324
12	19	-2420
12	20	1116
12	21	-3876
12	22	-2004
12	23	-4444
12	24	1692
12	25	-1796
13	14	-1948
13	15	-28
13	16	804
13	17	5020
13	18	-548
13	19	-1116
13	20	756
13	21	3044
13	22	1172
13	23	-2836
13	24	4548
13	25	3668
14	15	3564
14	16	2732
14	17	-444
14	18	4084
14	19	-5124
14	20	1116
14	21	1532
14	22	-7412
14	23	964
14	24	-3716
14	25	908
15	16	3404
15	17	2420
15	18	-652
15	19	-1012
15	20	-1844
15	21	5852
15	22	-4132
15	23	-2940
15	24	-964
15	25	1068
16	17	1588
16	18	-2524
16	19	-4548
16	20	-2676
16	21	-388
16	22	-2260
16	23	596
16	24	2572
16	25	236
17	18	-2468
17	19	-1276
17	20	2260
17	21	2676
17	22	1844
17	23	-180
17	24	3252
17	25	-652
18	19	-492
18	20	4084
18	21	964
18	22	-3612
18	23	1948
18	24	-1484
18	25	4292
19	20	284
19	21	3404
19	22	2572
19	23	-908
19	24	-180
19	25	-2628
20	21	4236
20	22	700
20	23	964
20	24	4396
20	25	908
21	22	-1588
21	23	548
21	24	1276
21	25	1324
22	23	-1324
22	24	2108
22	25	-4916
23	24	-1068
23	25	1172
24	25	1900
