0	1	1848
0	2	-2160
0	3	-128
0	4	232
0	5	1432
0	6	2472
0	7	1896
0	8	1896
0	9	-496
0	10	-7256
0	11	496
0	12	-3144
0	13	2472
0	14	-3824
0	15	-2472
0	16	2056
0	17	10632
0	18	5696
0	19	-5696
0	20	960
0	21	3096
0	22	-6680
0	23	-1952
0	24	4184
0	25	1480
1	2	-2728
1	3	2312
1	4	-2416
1	5	-1952
1	6	-288
1	7	-4080
1	8	1328
1	9	1016
1	10	-336
1	11	1688
1	12	-80
1	13	-288
1	14	-3768
1	15	288
1	16	-2576
1	17	704
1	18	1896
1	19	3512
1	20	2264
1	21	-912
1	22	-4656
1	23	2472
1	24	1744
1	25	4448
2	3	3408
2	4	-3304
2	5	-440
2	6	3304
2	7	6472
2	8	-4344
2	9	4080
2	10	-2680
2	11	4032
2	12	392
2	13	-2104
2	14	752
2	15	2104
2	16	184
2	17	-1016
2	18	1120
2	19	-3824
2	20	-2576
2	21	1224
2	22	2264
2	23	2624
2	24	-2056
2	25	3352
3	4	-1688
3	5	24
3	6	-1016
3	7	2056
3	8	-3352
3	9	1744
3	10	-2312
3	11	9072
3	12	-808
3	13	-1016
3	14	-336
3	15	1016
3	16	-600
3	17	1432
3	18	1168
3	19	1536
3	20	-2416
3	21	-4344
3	22	-2680
3	23	3200
3	24	2472
3	25	7880
4	5	2576
4	6	-1792
4	7	-1952
4	8	6160
4	9	1064
4	10	-288
4	11	-3768
4	12	704
4	13	912
4	14	440
4	15	-6320
4	16	-2208
4	17	-1328
4	18	1432
4	19	-4136
4	20	-2888
4	21	1536
4	22	-128
4	23	-392
4	24	336
4	25	-2368
5	6	-2576
5	7	3616
5	8	-1792
5	9	-4808
5	10	-752
5	11	-600
5	12	-7776
5	13	128
5	14	3928
5	15	-5536
5	16	-2160
5	17	288
5	18	-392
5	19	-2312
5	20	1848
5	21	2208
5	22	-1536
5	23	4760
5	24	-1376
5	25	-4080
6	7	1952
6	8	-752
6	9	-1064
6	10	-2416
6	11	1064
6	12	2000
6	13	-912
6	14	-3144
6	15	3616
6	16	2208
6	17	4032
6	18	-1432
6	19	-1272
6	20	2888
6	21	1168
6	22	128
6	23	-2312
6	24	5072
6	25	-336
7	8	-2992
7	9	24
7	10	-4032
7	11	2680
7	12	-6368
7	13	-752
7	14	-3304
7	15	-4656
7	16	1536
7	17	3040
7	18	2472
7	19	-5176
7	20	1480
7	21	-2832
7	22	912
7	23	1272
7	24	-3408
7	25	-704
8	9	2728
8	10	-1328
8	11	-2728
8	12	1744
8	13	4656
8	14	-3304
8	15	-4656
8	16	-1168
8	17	336
8	18	-232
8	19	-2472
8	20	-1224
8	21	-128
8	22	-1792
8	23	-1432
8	24	-704
8	25	-3408
9	10	-1016
9	11	2368
9	12	4136
9	13	4344
9	14	-2992
9	15	1064
9	16	-4184
9	17	-2056
9	18	2160
9	19	-2160
9	20	-3616
9	21	2264
9	22	600
9	23	-1120
9	24	-392
9	25	2312
10	11	-4392
10	12	2784
10	13	2992
10	14	3768
10	15	2416
10	16	-128
10	17	-6112
10	18	-4600
10	19	4600
10	20	-2264
10	21	912
10	22	7360
10	23	2936
10	24	960
10	25	-1744
11	12	-1432
11	13	-1640
11	14	-2416
11	15	1640
11	16	-1224
11	17	2056
11	18	544
11	19	2160
11	20	912
11	21	-2264
11	22	-3304
11	23	1120
11	24	3096
11	25	5800
12	13	-704
12	14	2056
12	15	6112
12	16	-288
12	17	-1584
12	18	-1224
12	19	1224
12	20	-2728
12	21	1376
12	22	3040
12	23	-2520
12	24	2160
12	25	2160
13	14	-440
13	15	912
13	16	-496
13	17	1328
13	18	-4136
13	19	-1272
13	20	-5224
13	21	3872
13	22	128
13	23	392
13	24	2368
13	25	-3040
14	15	3144
14	16	1848
14	17	-2680
14	18	-2624
14	19	-80
14	20	-4240
14	21	2888
14	22	1224
14	23	3664
14	24	-1016
14	25	-1016
15	16	3200
15	17	-1328
15	18	-3976
15	19	3976
15	20	-184
15	21	1536
15	22	-128
15	23	-3096
15	24	3040
15	25	3040
16	17	3616
16	18	1688
16	19	-4392
16	20	-232
16	21	-1120
16	22	-2160
16	23	-24
16	24	1952
16	25	1952
17	18	4552
17	19	-4552
17	20	-600
17	21	1952
17	22	-5120
17	23	-808
17	24	5328
17	25	2624
18	19	-6160
18	20	704
18	21	648
18	22	-3096
18	23	912
18	24	184
18	25	5592
19	20	2000
19	21	-3352
19	22	3096
19	23	-912
19	24	-184
19	25	-184
20	21	-4600
20	22	-856
20	23	-2368
20	24	-1640
20	25	-4344
21	22	-496
21	23	1016
21	24	5696
21	25	288
22	23	2056
22	24	-1376
22	25	-4080
23	24	856
23	25	856
24	25	4288
