0	1	-3496
0	2	6800
0	3	248
0	4	3472
0	5	-4200
0	6	-1728
0	7	248
0	8	2040
0	9	272
0	10	-896
0	11	-1728
0	12	2040
0	13	-4536
0	14	-1208
0	15	2040
0	16	2040
0	17	-872
0	18	3288
0	19	-1208
0	20	272
0	21	2872
0	22	-352
0	23	768
0	24	-3056
0	25	2768
1	2	-3704
1	3	-2144
1	4	6488
1	5	896
1	6	-1416
1	7	-2144
1	8	4432
1	9	2664
1	10	4824
1	11	1288
1	12	1728
1	13	-1520
1	14	-896
1	15	1728
1	16	-976
1	17	-1184
1	18	272
1	19	1808
1	20	-40
1	21	2560
1	22	-664
1	23	1080
1	24	-664
1	25	2456
2	3	40
2	4	3264
2	5	-1288
2	6	-1936
2	7	-2664
2	8	-456
2	9	-2224
2	10	-1104
2	11	-1936
2	12	-3160
2	13	-4744
2	14	-1416
2	15	-3160
2	16	2248
2	17	-664
2	18	792
2	19	-6824
2	20	-2224
2	21	3080
2	22	-144
2	23	-4848
2	24	2560
2	25	-2432
3	4	-584
3	5	2560
3	6	2328
3	7	1600
3	8	688
3	9	-1080
3	10	-2248
3	11	-3080
3	12	688
3	13	4928
3	14	-2560
3	15	688
3	16	-2016
3	17	480
3	18	1936
3	19	-2560
3	20	-1080
3	21	4224
3	22	-4408
3	23	-584
3	24	1000
3	25	4120
4	5	2040
4	6	-5264
4	7	-584
4	8	5576
4	9	-1600
4	10	3680
4	11	-2560
4	12	2872
4	13	-8072
4	14	-2040
4	15	168
4	16	168
4	17	-2744
4	18	-1288
4	19	664
4	20	1104
4	21	3704
4	22	480
4	23	-64
4	24	480
4	25	896
5	6	-872
5	7	-144
5	8	3264
5	9	-376
5	10	1000
5	11	-3576
5	12	-4848
5	13	1936
5	14	4016
5	15	-2144
5	16	560
5	17	-1936
5	18	-688
5	19	4016
5	20	-3080
5	21	2432
5	22	248
5	23	-3368
5	24	-2456
5	25	-168
6	7	5032
6	8	-40
6	9	-1808
6	10	1184
6	11	3056
6	12	-40
6	13	5656
6	14	-1832
6	15	-40
6	16	5368
6	17	-248
6	18	3912
6	19	-4536
6	20	896
6	21	792
6	22	2976
6	23	2848
6	24	2976
6	25	688
7	8	3392
7	9	-1080
7	10	456
7	11	-376
7	12	3392
7	13	-480
7	14	144
7	15	688
7	16	3392
7	17	-2224
7	18	1936
7	19	144
7	20	1624
7	21	-3888
7	22	3704
7	23	4824
7	24	3704
7	25	4120
8	9	1496
8	10	4536
8	11	-40
8	12	-272
8	13	-2640
8	14	2144
8	15	2432
8	16	-272
8	17	-2768
8	18	3888
8	19	2144
8	20	1496
8	21	1600
8	22	-584
8	23	168
8	24	-584
8	25	1704
9	10	-2640
9	11	3600
9	12	1496
9	13	1000
9	14	3080
9	15	-1208
9	16	-3912
9	17	1704
9	18	248
9	19	376
9	20	-2144
9	21	-2040
9	22	1184
9	23	1104
9	24	-4224
9	25	-1936
10	11	-1520
10	12	-872
10	13	-1624
10	14	-1000
10	15	1832
10	16	4536
10	17	1624
10	18	5784
10	19	1704
10	20	-2640
10	21	-40
10	22	4848
10	23	-1728
10	24	-560
10	25	-2848
11	12	-40
11	13	248
11	14	-1832
11	15	-2744
11	16	2664
11	17	2456
11	18	1208
11	19	-4536
11	20	896
11	21	-1912
11	22	272
11	23	2848
11	24	272
11	25	-2016
12	13	-2640
12	14	-3264
12	15	2432
12	16	-2976
12	17	-64
12	18	1184
12	19	-560
12	20	1496
12	21	-1104
12	22	-584
12	23	8280
12	24	-584
12	25	1704
13	14	768
13	15	2768
13	16	64
13	17	-144
13	18	1312
13	19	768
13	20	1000
13	21	896
13	22	376
13	23	40
13	24	-2328
13	25	792
14	15	2144
14	16	-560
14	17	-768
14	18	-2016
14	19	4096
14	20	-2328
14	21	2976
14	22	-248
14	23	-2040
14	24	-2952
14	25	168
15	16	-272
15	17	-2768
15	18	3888
15	19	4848
15	20	4200
15	21	1600
15	22	-584
15	23	5576
15	24	-5992
15	25	4408
16	17	-2768
16	18	3888
16	19	-3264
16	20	-3912
16	21	1600
16	22	7528
16	23	168
16	24	-584
16	25	1704
17	18	1392
17	19	-768
17	20	-1000
17	21	-896
17	22	-3080
17	23	-40
17	24	-376
17	25	-3496
18	19	-2016
18	20	-2456
18	21	352
18	22	872
18	23	4120
18	24	-4536
18	25	456
19	20	3080
19	21	-2432
19	22	-248
19	23	664
19	24	-5656
19	25	2872
20	21	-2040
20	22	-1520
20	23	3808
20	24	1184
20	25	768
21	22	-4120
21	23	-1704
21	24	-1416
21	25	3576
22	23	480
22	24	-896
22	25	-4016
23	24	-4928
23	25	3600
24	25	-1312
