0	1	-344
0	2	-1016
0	3	-2680
0	4	-3368
0	5	2360
0	6	568
0	7	-232
0	8	792
0	9	2792
0	10	-232
0	11	-2120
0	12	552
0	13	-4824
0	14	4248
0	15	-3912
0	16	-5368
0	17	3816
0	18	-3240
0	19	-3240
0	20	1448
0	21	-2360
0	22	-2360
0	23	2120
0	24	-1576
0	25	1240
0	26	5256
0	27	8
1	2	2024
1	3	4808
1	4	1240
1	5	-232
1	6	4696
1	7	1240
1	8	1336
1	9	-1784
1	10	-1896
1	11	-2024
1	12	6728
1	13	-440
1	14	-104
1	15	-232
1	16	1224
1	17	4584
1	18	2232
1	19	-904
1	20	-440
1	21	-2904
1	22	3368
1	23	-1112
1	24	-3688
1	25	4024
1	26	2024
1	27	-4152
2	3	1000
2	4	1912
2	5	2232
2	6	888
2	7	1912
2	8	664
2	9	-1112
2	10	-1224
2	11	6712
2	12	-2008
2	13	-2904
2	14	-2568
2	15	-904
2	16	6824
2	17	776
2	18	-4712
2	19	4696
2	20	3368
2	21	904
2	22	904
2	23	-3576
2	24	3256
2	25	216
2	26	5832
2	27	1448
3	4	1784
3	5	-2792
3	6	-1448
3	7	-1352
3	8	-1224
3	9	-4600
3	10	-1352
3	11	2136
3	12	5704
3	13	328
3	14	-3144
3	15	344
3	16	2024
3	17	1800
3	18	-2120
3	19	-2120
3	20	328
3	21	-3480
3	22	2792
3	23	1000
3	24	-2696
3	25	2360
3	26	1000
3	27	-2008
4	5	-120
4	6	1672
4	7	1128
4	8	1448
4	9	-5032
4	10	-5144
4	11	1224
4	12	344
4	13	-552
4	14	-216
4	15	-120
4	16	1336
4	17	-1576
4	18	-792
4	19	2344
4	20	-552
4	21	-3016
4	22	-3016
4	23	-1224
4	24	2472
4	25	-5272
4	26	-1224
4	27	-904
5	6	-2680
5	7	-120
5	8	-2456
5	9	2904
5	10	-3256
5	11	-2232
5	12	-5608
5	13	4696
5	14	1224
5	15	2248
5	16	-2344
5	17	-2568
5	18	2920
5	19	-216
5	20	4696
5	21	888
5	22	888
5	23	-904
5	24	1672
5	25	-2008
5	26	-4040
5	27	3032
6	7	1672
6	8	2024
6	9	1560
6	10	-1464
6	11	-4024
6	12	2456
6	13	-2920
6	14	3016
6	15	-2680
6	16	-1000
6	17	5048
6	18	1128
6	19	1128
6	20	216
6	21	-456
6	22	-456
6	23	-2248
6	24	-2808
6	25	2472
6	26	4024
6	27	-1896
7	8	1448
7	9	-1896
7	10	1128
7	11	1224
7	12	3480
7	13	-552
7	14	-3352
7	15	-120
7	16	1336
7	17	-4712
7	18	-792
7	19	-792
7	20	-6824
7	21	3256
7	22	-3016
7	23	-4360
7	24	2472
7	25	4136
7	26	1912
7	27	5368
8	9	-1800
8	10	1448
8	11	-664
8	12	2232
8	13	-3144
8	14	-344
8	15	-2456
8	16	-776
8	17	-1000
8	18	-1784
8	19	1352
8	20	-3144
8	21	-3816
8	22	2456
8	23	-2472
8	24	104
8	25	-440
8	26	3800
8	27	-1672
9	10	1240
9	11	-2024
9	12	-5816
9	13	-440
9	14	3032
9	15	2904
9	16	-1912
9	17	1448
9	18	2232
9	19	-904
9	20	2696
9	21	3368
9	22	232
9	23	2024
9	24	-552
9	25	888
9	26	-1112
9	27	-1016
10	11	1224
10	12	344
10	13	2584
10	14	-3352
10	15	-3256
10	16	1336
10	17	1560
10	18	2344
10	19	-3928
10	20	-3688
10	21	3256
10	22	120
10	23	-1224
10	24	-3800
10	25	4136
10	26	-1224
10	27	-904
11	12	-1128
11	13	-3368
11	14	-3704
11	15	904
11	16	5720
11	17	-776
11	18	-4696
11	19	1576
11	20	-232
11	21	2232
11	22	-904
11	23	440
11	24	3016
11	25	-216
11	26	3576
11	27	1688
12	13	-1336
12	14	-1000
12	15	-2472
12	16	-1016
12	17	2344
12	18	-8
12	19	-3144
12	20	-4472
12	21	-3800
12	22	2472
12	23	-2008
12	24	-4584
12	25	4920
12	26	4264
12	27	-120
13	14	-1896
13	15	1560
13	16	-120
13	17	-3032
13	18	7160
13	19	-2248
13	20	904
13	21	1576
13	22	1576
13	23	-2904
13	24	-2344
13	25	-456
13	26	-9176
13	27	776
14	15	1224
14	16	-3592
14	17	2904
14	18	3688
14	19	552
14	20	4376
14	21	-1224
14	22	-1224
14	23	568
14	24	-2008
14	25	-3928
14	26	568
14	27	-2696
15	16	792
15	17	-5704
15	18	2920
15	19	-216
15	20	1560
15	21	888
15	22	4024
15	23	-904
15	24	1672
15	25	-2008
15	26	-4040
15	27	-104
16	17	-888
16	18	-1672
16	19	4600
16	20	-120
16	21	2344
16	22	-792
16	23	-2584
16	24	3128
16	25	-328
16	26	552
16	27	-1560
17	18	1240
17	19	-1896
17	20	3240
17	21	-568
17	22	-568
17	23	3912
17	24	-6056
17	25	2584
17	26	3912
17	27	-4920
18	19	-2680
18	20	888
18	21	3352
18	22	216
18	23	-1576
18	24	-5272
18	25	-1336
18	26	-7848
18	27	-2568
19	20	888
19	21	216
19	22	216
19	23	-1576
19	24	7272
19	25	-4472
19	26	1560
19	27	568
20	21	-1560
20	22	1576
20	23	232
20	24	-2344
20	25	-3592
20	26	232
20	27	-2360
21	22	-4024
21	23	904
21	24	1464
21	25	2008
21	26	-2232
21	27	3240
22	23	-2232
22	24	-1672
22	25	2008
22	26	904
22	27	104
23	24	120
23	25	216
23	26	-440
23	27	-1688
24	25	-3480
24	26	120
24	27	4024
25	26	3352
25	27	1912
26	27	1448
