0	1	1148
0	2	308
0	3	-2492
0	4	644
0	5	2660
0	6	-1988
0	7	924
0	8	-5460
0	9	252
0	10	1988
0	11	5180
0	12	-4116
0	13	2100
0	14	924
0	15	252
0	16	4732
0	17	-3556
0	18	3332
0	19	4228
0	20	-2156
0	21	-196
0	22	-4060
0	23	1876
0	24	-2156
0	25	-308
0	26	3892
0	27	2380
1	2	2884
1	3	84
1	4	84
1	5	-4172
1	6	1708
1	7	-1652
1	8	-1764
1	9	812
1	10	-1708
1	11	-532
1	12	-420
1	13	1540
1	14	1484
1	15	812
1	16	-980
1	17	-6132
1	18	-3500
1	19	3668
1	20	420
1	21	3500
1	22	1652
1	23	-1820
1	24	3556
1	25	-2884
1	26	196
1	27	-3332
2	3	-1540
2	4	1596
2	5	-3556
2	6	2884
2	7	3108
2	8	84
2	9	-2492
2	10	-2884
2	11	-4284
2	12	1876
2	13	140
2	14	-28
2	15	644
2	16	-3836
2	17	1316
2	18	2044
2	19	1148
2	20	-1876
2	21	7364
2	22	3164
2	23	-2772
2	24	-1876
2	25	-1932
2	26	-1652
2	27	-4620
3	4	1260
3	5	2380
3	6	6356
3	7	308
3	8	3556
3	9	4116
3	10	-3220
3	11	-812
3	12	-924
3	13	-196
3	14	-2828
3	15	-2156
3	16	-3500
3	17	1652
3	18	-1428
3	19	-5460
3	20	924
3	21	-1708
3	22	-3444
3	23	28
3	24	4060
3	25	1540
3	26	-1988
3	27	-1148
4	5	2380
4	6	84
4	7	3444
4	8	3556
4	9	-2156
4	10	-6356
4	11	-812
4	12	-4060
4	13	-3332
4	14	308
4	15	-2156
4	16	-3500
4	17	-1484
4	18	-1428
4	19	-2324
4	20	4060
4	21	4564
4	22	-308
4	23	-6244
4	24	924
4	25	1540
4	26	1148
4	27	1988
5	6	2100
5	7	-812
5	8	-700
5	9	-140
5	10	-2100
5	11	4340
5	12	-2044
5	13	924
5	14	2324
5	15	-140
5	16	1652
5	17	532
5	18	-308
5	19	-1204
5	20	2044
5	21	-2828
5	22	-2324
5	23	-1988
5	24	-1092
5	25	3556
5	26	2268
5	27	868
6	7	1484
6	8	4508
6	9	812
6	10	-4844
6	11	-532
6	12	-420
6	13	1540
6	14	1484
6	15	-2324
6	16	-4116
6	17	140
6	18	-364
6	19	-2604
6	20	420
6	21	364
6	22	-1484
6	23	-1820
6	24	3556
6	25	252
6	26	196
6	27	-6468
7	8	-1988
7	9	-2548
7	10	-1484
7	11	-3892
7	12	-644
7	13	-4508
7	14	-1876
7	15	-2548
7	16	1932
7	17	3052
7	18	-140
7	19	756
7	20	644
7	21	140
7	22	-1260
7	23	-1596
7	24	3780
7	25	28
7	26	420
7	27	-420
8	9	476
8	10	-4508
8	11	-868
8	12	-756
8	13	-1260
8	14	-1988
8	15	-2660
8	16	-7588
8	17	-196
8	18	-28
8	19	-5404
8	20	756
8	21	3164
8	22	-1148
8	23	-1484
8	24	756
8	25	-84
8	26	532
8	27	-532
9	10	2324
9	11	-1428
9	12	-4452
9	13	2436
9	14	-5684
9	15	-6356
9	16	4396
9	17	2380
9	18	3668
9	19	1428
9	20	-1820
9	21	2604
9	22	-3724
9	23	5348
9	24	1316
9	25	2492
9	26	-2044
9	27	2044
10	11	532
10	12	3556
10	13	4732
10	14	-1484
10	15	2324
10	16	7252
10	17	-140
10	18	364
10	19	5740
10	20	-6692
10	21	-3500
10	22	1484
10	23	8092
10	24	-3556
10	25	2884
10	26	-3332
10	27	196
11	12	-2660
11	13	644
11	14	2380
11	15	1708
11	16	-84
11	17	-2100
11	18	1876
11	19	-364
11	20	-476
11	21	-5012
11	22	-2380
11	23	3556
11	24	-476
11	25	-1988
11	26	2436
11	27	3836
12	13	3668
12	14	-644
12	15	4956
12	16	28
12	17	1148
12	18	-1372
12	19	-476
12	20	-3724
12	21	-1764
12	22	3780
12	23	308
12	24	-588
12	25	1260
12	26	-3948
12	27	-5460
13	14	1764
13	15	2436
13	16	4228
13	17	-3164
13	18	3388
13	19	2492
13	20	-3668
13	21	-252
13	22	1372
13	23	1708
13	24	-3668
13	25	6132
13	26	-3444
13	27	-5964
14	15	3724
14	16	-1204
14	17	-3220
14	18	-3276
14	19	756
14	20	3780
14	21	-2996
14	22	5012
14	23	-4732
14	24	-2492
14	25	28
14	26	420
14	27	-3556
15	16	-1876
15	17	-3892
15	18	-2604
15	19	1428
15	20	1316
15	21	-3668
15	22	5684
15	23	-924
15	24	-4956
15	25	2492
15	26	-2044
15	27	-1092
16	17	588
16	18	2324
16	19	6356
16	20	-3164
16	21	-2324
16	22	-1932
16	23	4004
16	24	-28
16	25	3836
16	26	-252
16	27	252
17	18	4340
17	19	-4172
17	20	-1148
17	21	-1204
17	22	84
17	23	2884
17	24	1988
17	25	-1316
17	26	-4508
17	27	1372
18	19	-1876
18	20	-1764
18	21	980
18	22	-2996
18	23	3612
18	24	-1764
18	25	1092
18	26	-1540
18	27	1540
19	20	-2660
19	21	1876
19	22	2380
19	23	2716
19	24	-2660
19	25	1988
19	26	700
19	27	-700
20	21	-1372
20	22	2492
20	23	-6580
20	24	588
20	25	1876
20	26	812
20	27	2324
21	22	-140
21	23	-3612
21	24	-1372
21	25	-1092
21	26	1540
21	27	-1540
22	23	-1540
22	24	-3780
22	25	3108
22	26	-6692
22	27	-2716
23	24	-308
23	25	-364
23	26	-3220
23	27	3220
24	25	-4396
24	26	812
24	27	-812
25	26	-4620
25	27	-1652
26	27	2100
