0	1	944
0	2	944
0	3	736
0	4	-4376
0	5	-112
0	6	-720
0	7	1760
0	8	2920
0	9	-3632
0	10	-1864
0	11	616
0	12	-2488
0	13	-2088
0	14	3336
0	15	1464
0	16	-3440
0	17	-2488
0	18	4568
0	19	-720
0	20	2384
0	21	3528
0	22	-3008
0	23	-632
0	24	-3544
0	25	3840
1	2	2920
1	3	-2696
1	4	-944
1	5	616
1	6	-1448
1	7	2488
1	8	-512
1	9	1048
1	10	-2592
1	11	-1360
1	12	-512
1	13	1344
1	14	5312
1	15	-1968
1	16	2696
1	17	2192
1	18	-112
1	19	-4152
1	20	408
1	21	-3856
1	22	1672
1	23	96
1	24	-112
1	25	7272
2	3	-2696
2	4	1760
2	5	616
2	6	-4152
2	7	-216
2	8	-512
2	9	-4360
2	10	2816
2	11	1344
2	12	-512
2	13	4048
2	14	2608
2	15	736
2	16	2696
2	17	-512
2	18	-112
2	19	1256
2	20	408
2	21	-3856
2	22	-1032
2	23	96
2	24	-2816
2	25	1864
3	4	-3440
3	5	3528
3	6	3752
3	7	-8
3	8	-720
3	9	840
3	10	-96
3	11	1552
3	12	-720
3	13	-3856
3	14	-304
3	15	-2176
3	16	200
3	17	-3424
3	18	2800
3	19	1048
3	20	-2088
3	21	1760
3	22	-1240
3	23	304
3	24	96
3	25	-632
4	5	-2592
4	6	-1984
4	7	-1760
4	8	-216
4	9	928
4	10	1864
4	11	2088
4	12	2488
4	13	2088
4	14	-3336
4	15	1240
4	16	736
4	17	2488
4	18	-1864
4	19	720
4	20	320
4	21	-3528
4	22	3008
4	23	632
4	24	840
4	25	-3840
5	6	2280
5	7	2088
5	8	-1360
5	9	-216
5	10	3424
5	11	-4880
5	12	1344
5	13	528
5	14	928
5	15	96
5	16	1880
5	17	1344
5	18	1984
5	19	-424
5	20	4168
5	21	320
5	22	-840
5	23	-3632
5	24	1984
5	25	8
6	7	-1256
6	8	528
6	9	-616
6	10	-1552
6	11	304
6	12	528
6	13	-5104
6	14	-1760
6	15	-928
6	16	-1048
6	17	-2176
6	18	4256
6	19	-408
6	20	-632
6	21	3216
6	22	8
6	23	-3648
6	24	4256
6	25	-1880
7	8	-2192
7	9	1656
7	10	-112
7	11	-1344
7	12	3216
7	13	-1344
7	14	2800
7	15	4672
7	16	8
7	17	5920
7	18	112
7	19	-3960
7	20	2296
7	21	-1552
7	22	-1672
7	23	-96
7	24	2816
7	25	3544
8	9	-2384
8	10	-616
8	11	-632
8	12	-1240
8	13	-632
8	14	-824
8	15	-2696
8	16	-1984
8	17	-1240
8	18	6024
8	19	3232
8	20	3840
8	21	2280
8	22	944
8	23	824
8	24	-2088
8	25	-112
9	10	-1760
9	11	-2192
9	12	3024
9	13	512
9	14	736
9	15	-1136
9	16	1864
9	17	3024
9	18	-3648
9	19	-3320
9	20	-424
9	21	-1984
9	22	-200
9	23	1968
9	24	1760
9	25	1032
10	11	-1256
10	12	2088
10	13	4152
10	14	-2904
10	15	632
10	16	96
10	17	2088
10	18	-8
10	19	3856
10	20	3216
10	21	1656
10	22	-1136
10	23	-2504
10	24	-8
10	25	-3440
11	12	-632
11	13	-2904
11	14	-1048
11	15	824
11	16	-1552
11	17	-3336
11	18	1256
11	19	304
11	20	-4672
11	21	-408
11	22	-112
11	23	1048
11	24	-1448
11	25	-720
12	13	2072
12	14	-3528
12	15	2712
12	16	3424
12	17	4168
12	18	616
12	19	528
12	20	1136
12	21	-3128
12	22	-1760
12	23	-1880
12	24	6024
12	25	-2816
13	14	-1048
13	15	-1880
13	16	3856
13	17	2072
13	18	-4152
13	19	3008
13	20	736
13	21	-3112
13	22	-112
13	23	1048
13	24	-1448
13	25	-720
14	15	424
14	16	304
14	17	-824
14	18	200
14	19	-4464
14	20	720
14	21	-840
14	22	-1344
14	23	408
14	24	-2504
14	25	7584
15	16	-3232
15	17	2712
15	18	-632
15	19	-3632
15	20	2592
15	21	1032
15	22	-3216
15	23	-3128
15	24	2072
15	25	-1360
16	17	720
16	18	-2800
16	19	1656
16	20	-3320
16	21	-7168
16	22	1240
16	23	2400
16	24	2608
16	25	632
17	18	-2088
17	19	-2176
17	20	3840
17	21	-3128
17	22	944
17	23	824
17	24	3320
17	25	-112
18	19	1552
18	20	4896
18	21	3752
18	22	-1568
18	23	-2904
18	24	8
18	25	736
19	20	-632
19	21	512
19	22	8
19	23	1760
19	24	-1152
19	25	-4584
20	21	3232
20	22	-1048
20	23	-3424
20	24	-512
20	25	216
21	22	-2608
21	23	-4568
21	24	-1656
21	25	-928
22	23	1344
22	24	1136
22	25	408
23	24	-2904
23	25	528
24	25	-1968
