0	1	2992
0	2	-1120
0	3	-5176
0	4	-4600
0	5	-1376
0	6	3456
0	7	-2208
0	8	-336
0	9	-184
0	10	-1640
0	11	1064
0	12	-3616
0	13	-1952
0	14	-288
0	15	4656
0	16	-440
0	17	2680
0	18	232
0	19	-704
0	20	-1536
0	21	2000
0	22	-5224
0	23	808
0	24	-1016
0	25	-2160
1	2	-2520
1	3	1536
1	4	128
1	5	-392
1	6	1016
1	7	440
1	8	3976
1	9	-752
1	10	704
1	11	-2000
1	12	-2728
1	13	1016
1	14	2056
1	15	1688
1	16	1376
1	17	-1744
1	18	-1168
1	19	-232
1	20	600
1	21	2472
1	22	-1952
1	23	-5280
1	24	80
1	25	1224
2	3	-2368
2	4	704
2	5	1224
2	6	-1848
2	7	-5016
2	8	-3144
2	9	-2784
2	10	-1536
2	11	-1536
2	12	-808
2	13	-4552
2	14	2520
2	15	-856
2	16	-544
2	17	2576
2	18	336
2	19	2104
2	20	-1432
2	21	-3304
2	22	-2624
2	23	704
2	24	-912
2	25	648
3	4	2056
3	5	-128
3	6	-496
3	7	4448
3	8	3616
3	9	1272
3	10	2520
3	11	-184
3	12	544
3	13	2208
3	14	-1536
3	15	-4912
3	16	808
3	17	-1480
3	18	-3720
3	19	752
3	20	2624
3	21	-1952
3	22	1432
3	23	-3352
3	24	440
3	25	-704
4	5	-912
4	6	-3872
4	7	-80
4	8	752
4	9	-232
4	10	3928
4	11	-4184
4	12	496
4	13	4240
4	14	2576
4	15	-1536
4	16	3560
4	17	-2264
4	18	-648
4	19	2992
4	20	3824
4	21	-2416
4	22	2936
4	23	-5800
4	24	-2104
4	25	1744
5	6	-648
5	7	-600
5	8	-2472
5	9	288
5	10	-3664
5	11	1744
5	12	1016
5	13	-648
5	14	392
5	15	-2056
5	16	336
5	17	-2784
5	18	-2832
5	19	3512
5	20	-1064
5	21	808
5	22	-288
5	23	1792
5	24	3824
5	25	-440
6	7	1224
6	8	392
6	9	1792
6	10	-2368
6	11	336
6	12	-4344
6	13	24
6	14	-3720
6	15	2680
6	16	288
6	17	704
6	18	2208
6	19	-1432
6	20	-2264
6	21	3976
6	22	912
6	23	1536
6	24	960
6	25	-184
7	8	1064
7	9	4864
7	10	912
7	11	912
7	12	184
7	13	3928
7	14	-440
7	15	-1224
7	16	1168
7	17	752
7	18	-960
7	19	-24
7	20	3512
7	21	-24
7	22	3248
7	23	-80
7	24	288
7	25	1432
8	9	-1376
8	10	2784
8	11	-2624
8	12	-648
8	13	3096
8	14	-1272
8	15	-392
8	16	-704
8	17	-1120
8	18	-1792
8	19	-856
8	20	-24
8	21	1848
8	22	-1328
8	23	-4656
8	24	2160
8	25	600
9	10	-3304
9	11	4808
9	12	128
9	13	1792
9	14	752
9	15	912
9	16	3928
9	17	-1064
9	18	-1432
9	19	336
9	20	-496
9	21	-2368
9	22	1848
9	23	2472
9	24	24
9	25	1584
10	11	-4760
10	12	-1328
10	13	3040
10	14	-704
10	15	-3040
10	16	-24
10	17	392
10	18	-184
10	19	1584
10	20	3456
10	21	-1120
10	22	600
10	23	-4184
10	24	-4136
10	25	128
11	12	4080
11	13	-2368
11	14	-704
11	15	-336
11	16	-24
11	17	-2312
11	18	-184
11	19	-3824
11	20	-4656
11	21	-1120
11	22	600
11	23	6632
11	24	1272
11	25	-2576
12	13	1064
12	14	24
12	15	-1064
12	16	-752
12	17	-3040
12	18	544
12	19	-3096
12	20	-1224
12	21	-392
12	22	2576
12	23	3200
12	24	2000
12	25	-1848
13	14	-1016
13	15	-24
13	16	2992
13	17	-2000
13	18	-496
13	19	1272
13	20	3144
13	21	1272
13	22	3616
13	23	-3872
13	24	960
13	25	-184
14	15	1016
14	16	4032
14	17	-960
14	18	1168
14	19	232
14	20	-600
14	21	-2472
14	22	-752
14	23	-2832
14	24	-2784
14	25	4184
15	16	2416
15	17	-704
15	18	3200
15	19	-1272
15	20	-440
15	21	4136
15	22	-912
15	23	1168
15	24	-960
15	25	2888
16	17	-3720
16	18	808
16	19	1744
16	20	-128
16	21	-960
16	22	1480
16	23	-1848
16	24	-3352
16	25	3200
17	18	-1480
17	19	2160
17	20	2992
17	21	-3248
17	22	-4344
17	23	440
17	24	-232
17	25	-1792
18	19	-4656
18	20	-2784
18	21	3456
18	22	4136
18	23	2056
18	24	-2264
18	25	2000
19	20	4392
19	21	-2888
19	22	-3040
19	23	-2416
19	24	-496
19	25	1064
20	21	-1016
20	22	496
20	23	-4288
20	24	-1328
20	25	232
21	22	2368
21	23	288
21	24	2208
21	25	1064
22	23	232
22	24	-24
22	25	1120
23	24	600
23	25	-960
24	25	-1952
