0	1	-988
0	2	260
0	3	3276
0	4	-1508
0	5	7436
0	6	3380
0	7	-1092
0	8	988
0	9	-572
0	10	-1404
0	11	468
0	12	3276
0	13	3692
0	14	2132
0	15	2028
0	16	-1716
0	17	-2340
0	18	-4212
0	19	884
0	20	-2132
0	21	2756
0	22	-156
0	23	1508
0	24	2340
0	25	884
1	2	-1716
1	3	3588
1	4	52
1	5	-3484
1	6	572
1	7	2340
1	8	-2444
1	9	1820
1	10	-2548
1	11	-4628
1	12	-1820
1	13	2964
1	14	-3588
1	15	1924
1	16	3172
1	17	-1612
1	18	52
1	19	-2132
1	20	884
1	21	1404
1	22	1612
1	23	2444
1	24	1820
1	25	572
2	3	-572
2	4	-1196
2	5	676
2	6	2028
2	7	-1612
2	8	-988
2	9	572
2	10	1404
2	11	2236
2	12	2132
2	13	-3692
2	14	3276
2	15	3380
2	16	-3692
2	17	2340
2	18	-3900
2	19	1820
2	20	2132
2	21	2652
2	22	156
2	23	-1508
2	24	-2340
2	25	-884
3	4	364
3	5	1196
3	6	-156
3	7	-1924
3	8	156
3	9	1300
3	10	-572
3	11	-364
3	12	-1300
3	13	5564
3	14	1300
3	15	3900
3	16	1820
3	17	-1508
3	18	-2340
3	19	-988
3	20	4108
3	21	-1820
3	22	676
3	23	676
3	24	-2236
3	25	1716
4	5	-2964
4	6	1092
4	7	-2548
4	8	-4628
4	9	5044
4	10	2340
4	11	-1404
4	12	-5044
4	13	3484
4	14	-3068
4	15	-2964
4	16	2652
4	17	572
4	18	572
4	19	52
4	20	364
4	21	884
4	22	1092
4	23	260
4	24	-4108
4	25	2756
5	6	2964
5	7	-676
5	8	2652
5	9	-1196
5	10	468
5	11	468
5	12	3900
5	13	2652
5	14	4212
5	15	1612
5	16	-1924
5	17	-1300
5	18	-2964
5	19	884
5	20	-1508
5	21	1716
5	22	-780
5	23	-572
5	24	2132
5	25	884
6	7	676
6	8	-4108
6	9	2860
6	10	-3588
6	11	-3588
6	12	2548
6	13	1300
6	14	156
6	15	260
6	16	-572
6	17	52
6	18	-4316
6	19	-468
6	20	-156
6	21	5772
6	22	3276
6	23	780
6	24	780
6	25	-468
7	8	364
7	9	-3484
7	10	-2652
7	11	-1820
7	12	780
7	13	-2340
7	14	-3484
7	15	-676
7	16	-2340
7	17	3692
7	18	156
7	19	468
7	20	780
7	21	1300
7	22	-1196
7	23	2548
7	24	1716
7	25	-2236
8	9	-5564
8	10	2132
8	11	4212
8	12	156
8	13	-1716
8	14	5252
8	15	-52
8	16	-260
8	17	-2340
8	18	780
8	19	2548
8	20	156
8	21	-4732
8	22	-1820
8	23	-2236
8	24	1092
8	25	2548
9	10	572
9	11	-5044
9	12	-4108
9	13	5252
9	14	-1300
9	15	-1196
9	16	3588
9	17	1508
9	18	2340
9	19	-1716
9	20	1300
9	21	1820
9	22	4732
9	23	-676
9	24	-468
9	25	988
10	11	1612
10	12	-3276
10	13	-572
10	14	572
10	15	468
10	16	-156
10	17	-780
10	18	2340
10	19	2444
10	20	2132
10	21	-3796
10	22	-4004
10	23	-2756
10	24	-4212
10	25	5148
11	12	2340
11	13	-3900
11	14	3068
11	15	468
11	16	-3484
11	17	-156
11	18	-1404
11	19	2028
11	20	-364
11	21	-2548
11	22	-2340
11	23	-1716
11	24	-2132
11	25	-676
12	13	-2548
12	14	1300
12	15	3900
12	16	-3588
12	17	-1508
12	18	-2340
12	19	-3692
12	20	-1300
12	21	3588
12	22	676
12	23	676
12	24	3172
12	25	-3692
13	14	-156
13	15	-52
13	16	5148
13	17	-2340
13	18	780
13	19	-2860
13	20	156
13	21	676
13	22	3588
13	23	468
13	24	1092
13	25	2548
14	15	1508
14	16	884
14	17	-1196
14	18	-3068
14	19	988
14	20	1300
14	21	-884
14	22	2028
14	23	-3380
14	24	-468
14	25	988
15	16	-1924
15	17	-1300
15	18	-2964
15	19	-1820
15	20	3900
15	21	1716
15	22	-780
15	23	2132
15	24	-572
15	25	884
16	17	-3796
16	18	2652
16	19	-3276
16	20	-884
16	21	-1404
16	22	3796
16	23	-2444
16	24	884
16	25	2132
17	18	572
17	19	1508
17	20	3900
17	21	676
17	22	468
17	23	884
17	24	-2444
17	25	-3900
18	19	-2652
18	20	364
18	21	-4524
18	22	1092
18	23	-2444
18	24	1300
18	25	52
19	20	-988
19	21	-1508
19	22	-4420
19	23	364
19	24	-1924
19	25	2028
20	21	-1820
20	22	676
20	23	676
20	24	-4940
20	25	1716
21	22	2860
21	23	3900
21	24	2652
21	25	-1508
22	23	-1300
22	24	2444
22	25	-1716
23	24	1612
23	25	364
24	25	-1924
