0	1	2088
0	2	-320
0	3	-1760
0	4	-2800
0	5	1032
0	6	-1880
0	7	2920
0	8	-2192
0	9	-616
0	10	320
0	11	-1984
0	12	216
0	13	1552
0	14	8
0	15	3856
0	16	112
0	17	-216
0	18	1032
0	19	3320
0	20	840
0	21	-8
0	22	-2816
0	23	-1464
0	24	112
0	25	1864
1	2	-1032
1	3	408
1	4	-1256
1	5	-2384
1	6	528
1	7	-1568
1	8	-1864
1	9	-3440
1	10	-1672
1	11	3336
1	12	1136
1	13	2504
1	14	-1360
1	15	200
1	16	-1464
1	17	-1136
1	18	320
1	19	3440
1	20	3216
1	21	1360
1	22	-1240
1	23	112
1	24	3944
1	25	-512
2	3	-2176
2	4	-3216
2	5	1448
2	6	3944
2	7	2504
2	8	-1776
2	9	4376
2	10	2608
2	11	-4272
2	12	-200
2	13	-736
2	14	-408
2	15	736
2	16	-304
2	17	200
2	18	1448
2	19	1032
2	20	3128
2	21	-5000
2	22	304
2	23	1656
2	24	2400
2	25	2280
3	4	-2816
3	5	1880
3	6	-616
3	7	-424
3	8	-304
3	9	-5000
3	10	-528
3	11	2192
3	12	2280
3	13	1360
3	14	2488
3	15	-4064
3	16	-3024
3	17	-2280
3	18	-824
3	19	-3112
3	20	-1048
3	21	216
3	22	3024
3	23	-1032
3	24	-320
3	25	-1656
4	5	-1864
4	6	1048
4	7	-2088
4	8	1360
4	9	1448
4	10	-2192
4	11	1152
4	12	-4792
4	13	-5088
4	14	824
4	15	-3024
4	16	3424
4	17	2088
4	18	840
4	19	1256
4	20	-2712
4	21	1880
4	22	-720
4	23	-2072
4	24	-1984
4	25	8
5	6	-112
5	7	1152
5	8	-3128
5	9	-2384
5	10	1256
5	11	-5624
5	12	-1552
5	13	-2088
5	14	3648
5	15	-3320
5	16	1048
5	17	1552
5	18	96
5	19	-3024
5	20	-928
5	21	-6352
5	22	4360
5	23	-2400
5	24	-1656
5	25	928
6	7	1360
6	8	-3336
6	9	528
6	10	-1240
6	11	-3128
6	12	1360
6	13	-2296
6	14	3856
6	15	-3112
6	16	-4152
6	17	-1360
6	18	2592
6	19	2176
6	20	1984
6	21	-1152
6	22	1448
6	23	-2608
6	24	3960
6	25	3424
7	8	1672
7	9	-1568
7	10	200
7	11	-1240
7	12	304
7	13	632
7	14	3216
7	15	2072
7	16	-2296
7	17	-304
7	18	1152
7	19	1568
7	20	2384
7	21	-512
7	22	-408
7	23	-4464
7	24	408
7	25	3024
8	9	840
8	10	1776
8	11	4672
8	12	-1032
8	13	96
8	14	-3944
8	15	2608
8	16	1568
8	17	-1672
8	18	-424
8	19	-3544
8	20	-408
8	21	3944
8	22	-1568
8	23	2488
8	24	-1136
8	25	-2296
9	10	1032
9	11	-2072
9	12	-1568
9	13	-2904
9	14	-4064
9	15	2904
9	16	3944
9	17	1568
9	18	320
9	19	736
9	20	-2192
9	21	-1344
9	22	-3944
9	23	5520
9	24	-1464
9	25	-512
10	11	-3840
10	12	-2504
10	13	736
10	14	-2296
10	15	1968
10	16	304
10	17	-2904
10	18	1256
10	19	-1032
10	20	2280
10	21	-408
10	22	2400
10	23	1048
10	24	304
10	25	3128
11	12	1464
11	13	3008
11	14	-4152
11	15	-304
11	16	1360
11	17	-1464
11	18	-216
11	19	-632
11	20	-616
11	21	4152
11	22	-4064
11	23	2696
11	24	1360
11	25	-4792
12	13	6040
12	14	512
12	15	2072
12	16	-5000
12	17	-3008
12	18	-1552
12	19	-1136
12	20	-320
12	21	2192
12	22	-408
12	23	944
12	24	3112
12	25	320
13	14	-2280
13	15	4272
13	16	-2176
13	17	-3336
13	18	-2088
13	19	200
13	20	1256
13	21	2280
13	22	-528
13	23	824
13	24	3232
13	25	1448
14	15	-3128
14	16	-4792
14	17	2192
14	18	-1760
14	19	1360
14	20	-112
14	21	-720
14	22	4792
14	23	-7376
14	24	-2088
14	25	2816
15	16	-528
15	17	632
15	18	-3320
15	19	2504
15	20	1448
15	21	3128
15	22	-2176
15	23	1880
15	24	-528
15	25	1256
16	17	2296
16	18	1048
16	19	-1240
16	20	-2920
16	21	-3320
16	22	-3216
16	23	3544
16	24	-2192
16	25	-2488
17	18	-3856
17	19	1136
17	20	320
17	21	-2192
17	22	408
17	23	-944
17	24	-5816
17	25	-3024
18	19	-320
18	20	1776
18	21	-944
18	22	-3752
18	23	304
18	24	3752
18	25	928
19	20	2192
19	21	1344
19	22	-1464
19	23	-2816
19	24	1464
19	25	3216
20	21	112
20	22	216
20	23	-1136
20	24	2488
20	25	944
21	22	-2088
21	23	-736
21	24	-616
21	25	-112
22	23	-3544
22	24	-512
22	25	2488
23	24	840
23	25	-4272
24	25	2920
