0	1	-6900
0	2	13012
0	3	18300
0	4	-3588
0	5	-1764
0	6	-8268
0	7	1004
0	8	-2980
0	9	8116
0	10	5260
0	11	-1124
0	12	2220
0	13	-4468
0	14	-3588
0	15	-4772
0	16	15564
0	17	-3892
0	18	-4164
0	19	3252
0	20	4652
0	21	10548
0	22	12676
0	23	1276
0	24	-11340
0	25	-852
0	26	-7236
0	27	6748
0	28	-8756
0	29	-3708
0	30	3132
0	31	-3132
0	32	516
0	33	13284
0	34	11036
0	35	19668
0	36	-6780
0	37	-1580
1	2	1612
1	3	6596
1	4	2036
1	5	3860
1	6	3436
1	7	-16172
1	8	-8908
1	9	2188
1	10	-364
1	11	16356
1	12	-14956
1	13	-10092
1	14	2036
1	15	-4620
1	16	-7692
1	17	-9820
1	18	-4012
1	19	-2676
1	20	-972
1	21	-1156
1	22	-10580
1	23	1124
1	24	5836
1	25	-1004
1	26	15716
1	27	6596
1	28	8420
1	29	-3556
1	30	3284
1	31	-14836
1	32	-5412
1	33	7356
1	34	-17692
1	35	-9364
1	36	-6932
1	37	-7204
2	3	4012
2	4	-6324
2	5	12828
2	6	-5532
2	7	3740
2	8	11612
2	9	5380
2	10	2220
2	11	-4164
2	12	-6596
2	13	-7508
2	14	-548
2	15	-7812
2	16	1276
2	17	4924
2	18	-7204
2	19	-5260
2	20	1612
2	21	7812
2	22	-7388
2	23	15868
2	24	9028
2	25	-15140
2	26	-9972
2	27	-1764
2	28	11612
2	29	-6748
2	30	92
2	31	-5868
2	32	-2220
2	33	-1004
2	34	2220
2	35	-6172
2	36	2036
2	37	-4620
3	4	-1884
3	5	-3708
3	6	2188
3	7	-1308
3	8	-8268
3	9	3740
3	10	-5564
3	11	-4956
3	12	-2524
3	13	4164
3	14	-1884
3	15	-1308
3	16	-9484
3	17	4196
3	18	3860
3	19	2828
3	20	18148
3	21	-4468
3	22	10732
3	23	-972
3	24	92
3	25	-4620
3	26	-9788
3	27	-668
3	28	9060
3	29	3404
3	30	2340
3	31	-2340
3	32	-212
3	33	-1428
3	34	5988
3	35	21068
3	36	1308
3	37	-4500
4	5	-10700
4	6	3404
4	7	-11644
4	8	2068
4	9	8300
4	10	1428
4	11	13588
4	12	4468
4	13	-17724
4	14	2676
4	15	11460
4	16	852
4	17	-8572
4	18	5076
4	19	7388
4	20	13588
4	21	5868
4	22	-13588
4	23	-2188
4	24	-6900
4	25	-5836
4	26	548
4	27	15444
4	28	2068
4	29	10396
4	30	9332
4	31	-3556
4	32	-7204
4	33	-2644
4	34	7204
4	35	14076
4	36	5868
4	37	2492
5	6	-548
5	7	13284
5	8	244
5	9	700
5	10	3252
5	11	-7692
5	12	516
5	13	-4348
5	14	852
5	15	-21372
5	16	4804
5	17	-16172
5	18	-10428
5	19	-5988
5	20	-7692
5	21	-1732
5	22	1916
5	23	-4012
5	24	2828
5	25	3892
5	26	-1276
5	27	-9484
5	28	6020
5	29	668
5	30	-396
5	31	-5380
5	32	-9028
5	33	-4468
5	34	-14076
5	35	-5076
5	36	-13284
5	37	15868
6	7	11340
6	8	4012
6	9	9332
6	10	4044
6	11	9212
6	12	-10548
6	13	-5684
6	14	9180
6	15	-11764
6	16	5228
6	17	-2676
6	18	23500
6	19	10244
6	20	9212
6	21	-5564
6	22	2340
6	23	14044
6	24	1428
6	25	6140
6	26	5532
6	27	13740
6	28	4012
6	29	6628
6	30	1916
6	31	-7692
6	32	7508
6	33	-2828
6	34	4044
6	35	-2220
6	36	-5564
6	37	-8572
7	8	6292
7	9	5836
7	10	1764
7	11	-16172
7	12	-1276
7	13	3588
7	14	-92
7	15	-8268
7	16	13284
7	17	5380
7	18	-1884
7	19	6748
7	20	1156
7	21	-3284
7	22	10396
7	23	10548
7	24	-7844
7	25	8420
7	26	2036
7	27	4468
7	28	6292
7	29	4348
7	30	-6140
7	31	364
7	32	4012
7	33	-12100
7	34	13316
7	35	60
7	36	-14836
7	37	6476
8	9	-9636
8	10	7812
8	11	-3132
8	12	-700
8	13	-5564
8	14	-3708
8	15	6292
8	16	244
8	17	2372
8	18	-5868
8	19	6780
8	20	14196
8	21	5260
8	22	-14196
8	23	8756
8	24	9820
8	25	-6444
8	26	-11612
8	27	-8268
8	28	7236
8	29	-12100
8	30	9940
8	31	-15716
8	32	-2036
8	33	8300
8	34	7812
8	35	1916
8	36	5260
8	37	-2676
9	10	-9972
9	11	2188
9	12	4620
9	13	-244
9	14	14076
9	15	11612
9	16	6476
9	17	-2948
9	18	5228
9	19	-4316
9	20	-3588
9	21	5716
9	22	-7964
9	23	14988
9	24	-12828
9	25	-5988
9	26	396
9	27	21068
9	28	-3860
9	29	4772
9	30	-2068
9	31	-3708
9	32	9972
9	33	-8572
9	34	18908
9	35	2372
9	36	-5836
9	37	2644
10	11	-6140
10	12	-2796
10	13	-9484
10	14	7204
10	15	-4012
10	16	14804
10	17	1124
10	18	-14956
10	19	-3284
10	20	5412
10	21	-7540
10	22	6140
10	23	-11036
10	24	-548
10	25	4164
10	26	-2220
10	27	5988
10	28	-3740
10	29	-8724
10	30	3892
10	31	-15444
10	32	-244
10	33	18300
10	34	-11308
10	35	-4196
10	36	-7540
10	37	-18148
11	12	-9180
11	13	-15868
11	14	7812
11	15	-4620
11	16	-1916
11	17	-9820
11	18	1764
11	19	-8452
11	20	-972
11	21	-1156
11	22	-10580
11	23	12676
11	24	5836
11	25	4772
11	26	15716
11	27	820
11	28	8420
11	29	2220
11	30	14836
11	31	-3284
11	32	-11188
11	33	1580
11	34	-11916
11	35	-3588
11	36	4620
11	37	-7204
12	13	4804
12	14	-1308
12	15	10276
12	16	-11036
12	17	4164
12	18	-6444
12	19	-6020
12	20	-3404
12	21	12828
12	22	3404
12	23	-7996
12	24	-9060
12	25	-4348
12	26	-4956
12	27	3252
12	28	-6476
12	29	-212
12	30	-4924
12	31	4924
12	32	-8756
12	33	-1764
12	34	-2796
12	35	4620
12	36	18604
12	37	-3860
13	14	-396
13	15	9364
13	16	-4348
13	17	10852
13	18	9972
13	19	-5108
13	20	-21644
13	21	-3588
13	22	15868
13	23	-12860
13	24	-2372
13	25	8116
13	26	-15596
13	27	-7388
13	28	-5564
13	29	4652
13	30	-23164
13	31	11612
13	32	15260
13	33	4924
13	34	2068
13	35	-244
13	36	7964
13	37	12556
14	15	-5868
14	16	852
14	17	-2796
14	18	-6476
14	19	-9940
14	20	-9516
14	21	5868
14	22	-13588
14	23	-2188
14	24	4652
14	25	-11612
14	26	548
14	27	9668
14	28	-3708
14	29	4620
14	30	3556
14	31	-3556
14	32	-1428
14	33	-8420
14	34	1428
14	35	-9028
14	36	-5684
14	37	-3284
15	16	-9820
15	17	5380
15	18	3892
15	19	972
15	20	6932
15	21	-9060
15	22	-6932
15	23	-6780
15	24	-7844
15	25	-3132
15	26	7812
15	27	4468
15	28	516
15	29	-12980
15	30	-11916
15	31	364
15	32	21340
15	33	5228
15	34	13316
15	35	11612
15	36	8268
15	37	700
16	17	-4620
16	18	-4652
16	19	5564
16	20	-1916
16	21	-1732
16	22	1916
16	23	1764
16	24	-8724
16	25	15444
16	26	-1276
16	27	2068
16	28	-5532
16	29	6444
16	30	11156
16	31	-5380
16	32	2524
16	33	1308
16	34	9028
16	35	700
16	36	-19060
16	37	-1460
17	18	-1004
17	19	-15412
17	20	-4044
17	21	-5380
17	22	-1732
17	23	3892
17	24	-820
17	25	244
17	26	-10700
17	27	-1580
17	28	-3404
17	29	-7236
17	30	-2524
17	31	8300
17	32	4652
17	33	-2340
17	34	18452
17	35	2828
17	36	396
17	37	-15140
18	19	11916
18	20	7540
18	21	-3892
18	22	9788
18	23	4164
18	24	-2676
18	25	2036
18	26	7204
18	27	3860
18	28	-92
18	29	10732
18	30	-5532
18	31	11308
18	32	20732
18	33	4620
18	34	13924
18	35	5228
18	36	13436
18	37	1308
19	20	14652
19	21	-12524
19	22	8452
19	23	2524
19	24	-2188
19	25	4652
19	26	-516
19	27	-2948
19	28	1004
19	29	-92
19	30	-6932
19	31	1156
19	32	-2492
19	33	2068
19	34	2492
19	35	1460
19	36	-6748
19	37	15108
20	21	-6932
20	22	6748
20	23	1124
20	24	5836
20	25	-6780
20	26	9940
20	27	-4956
20	28	25748
20	29	2220
20	30	9060
20	31	-9060
20	32	11916
20	33	-4196
20	34	5412
20	35	7964
20	36	4620
20	37	-1428
21	22	-4620
21	23	1004
21	24	-9484
21	25	-8420
21	26	-13588
21	27	12860
21	28	-12068
21	29	12980
21	30	6140
21	31	-364
21	32	-4012
21	33	-5228
21	34	4012
21	35	-60
21	36	9060
21	37	-700
22	23	-18452
22	24	-11612
22	25	24108
22	26	-4164
22	27	-12372
22	28	3132
22	29	9332
22	30	-20612
22	31	9060
22	32	16964
22	33	-1580
22	34	-11188
22	35	-2188
22	36	1156
22	37	12980
23	24	-212
23	25	-4924
23	26	7236
23	27	4804
23	28	8756
23	29	-7844
23	30	14196
23	31	-8420
23	32	-12068
23	33	-7508
23	34	12068
23	35	-2340
23	36	-4772
23	37	-9972
24	25	-3860
24	26	-3252
24	27	-17236
24	28	9820
24	29	2644
24	30	7356
24	31	-13132
24	32	548
24	33	5108
24	34	-6324
24	35	-12828
24	36	13620
24	37	516
25	26	3588
25	27	-16172
25	28	-6444
25	29	7356
25	30	-5260
25	31	-516
25	32	7388
25	33	396
25	34	4164
25	35	-212
25	36	-14196
25	37	11004
26	27	1764
26	28	11492
26	29	972
26	30	-92
26	31	-5684
26	32	7996
26	33	1004
26	34	-7996
26	35	-5380
26	36	-7812
26	37	-6932
27	28	-14044
27	29	3404
27	30	2340
27	31	-2340
27	32	-212
27	33	4348
27	34	5988
27	35	3740
27	36	-4468
27	37	-16052
28	29	-548
28	30	4164
28	31	-15716
28	32	3740
28	33	-14804
28	34	-15292
28	35	-3860
28	36	5260
28	37	3100
29	30	-5076
29	31	-700
29	32	8724
29	33	-7388
29	34	2828
29	35	-1004
29	36	7204
29	37	7540
30	31	-19092
30	32	-15444
30	33	3100
30	34	3892
30	35	3708
30	36	6140
30	37	-20276
31	32	-1884
31	33	-8876
31	34	7660
31	35	2068
31	36	-364
31	37	14500
32	33	4804
32	34	17084
32	35	-1580
32	36	7540
32	37	6596
33	34	972
33	35	2980
33	36	6324
33	37	-9516
34	35	24684
34	36	-1764
34	37	4956
35	36	-60
35	37	2644
36	37	-6476
