0	1	-1036
0	2	10516
0	3	-8788
0	4	8332
0	5	-4684
0	6	1340
0	7	-2556
0	8	4532
0	9	-8180
0	10	2404
0	11	-2916
0	12	884
0	13	12284
0	14	7724
0	15	-3980
0	16	-9300
0	17	7268
0	18	-4228
0	19	12340
0	20	-13196
0	21	-3980
0	22	-12132
0	23	4684
0	24	484
0	25	3316
0	26	6868
0	27	-12340
0	28	884
0	29	4436
0	30	3068
0	31	-1092
0	32	9852
0	33	-6564
0	34	-6052
0	35	3068
0	36	-4532
0	37	3372
1	2	-428
1	3	9148
1	4	7724
1	5	-15628
1	6	732
1	7	-13500
1	8	3924
1	9	-13348
1	10	19124
1	11	2252
1	12	276
1	13	124
1	14	1340
1	15	-16140
1	16	-4132
1	17	-4892
1	18	-3620
1	19	1396
1	20	-1036
1	21	12740
1	22	28
1	23	-1700
1	24	-10460
1	25	-3068
1	26	1700
1	27	-1396
1	28	6052
1	29	-12284
1	30	15228
1	31	-13252
1	32	-8084
1	33	4380
1	34	-11220
1	35	15228
1	36	-3924
1	37	3980
2	3	-13956
2	4	-21156
2	5	7476
2	6	12284
2	7	-7724
2	8	9700
2	9	-7572
2	10	1796
2	11	2252
2	12	11828
2	13	17452
2	14	-15988
2	15	1188
2	16	-4132
2	17	6660
2	18	13708
2	19	-4380
2	20	-1036
2	21	6964
2	22	28
2	23	-7476
2	24	6868
2	25	2708
2	26	-4076
2	27	-7172
2	28	276
2	29	-6508
2	30	-7876
2	31	4076
2	32	-2308
2	33	-7172
2	34	-5444
2	35	-19428
2	36	-3924
2	37	9756
3	4	-7628
3	5	-276
3	6	-3068
3	7	1852
3	8	5900
3	9	-3772
3	10	15324
3	11	10004
3	12	8028
3	13	2100
3	14	9092
3	15	-2612
3	16	3620
3	17	2860
3	18	-11372
3	19	-580
3	20	-3012
3	21	-2612
3	22	9604
3	23	-5500
3	24	-12436
3	25	-6868
3	26	5500
3	27	6356
3	28	19580
3	29	3068
3	30	1700
3	31	-5500
3	32	-6108
3	33	580
3	34	15684
3	35	7476
3	36	-124
3	37	-3772
4	5	-23284
4	6	-8028
4	7	9244
4	8	-11220
4	9	3316
4	10	-9092
4	11	-3772
4	12	-13348
4	13	-7420
4	14	14468
4	15	-2708
4	16	-8940
4	17	3372
4	18	-6412
4	19	17452
4	20	8332
4	21	-2708
4	22	-10060
4	23	-5596
4	24	-11124
4	25	-4228
4	26	-180
4	27	-124
4	28	-1796
4	29	-3524
4	30	3620
4	31	-11372
4	32	-4988
4	33	-124
4	34	-10364
4	35	3620
4	36	5444
4	37	-2460
5	6	4380
5	7	180
5	8	1796
5	9	-11220
5	10	-332
5	11	124
5	12	3924
5	13	-2004
5	14	-12340
5	15	4836
5	16	16844
5	17	-1244
5	18	4284
5	19	-13804
5	20	-10460
5	21	-940
5	22	-3620
5	23	-3828
5	24	-2556
5	25	12132
5	26	-1948
5	27	8028
5	28	-19180
5	29	-4380
5	30	28
5	31	7724
5	32	12892
5	33	-3524
5	34	2460
5	35	-11524
5	36	9756
5	37	11884
6	7	-3524
6	8	13100
6	9	2100
6	10	-2100
6	11	8996
6	12	-580
6	13	-428
6	14	-13196
6	15	10060
6	16	-1948
6	17	-1188
6	18	-1852
6	19	10460
6	20	12892
6	21	-1492
6	22	6052
6	23	-4380
6	24	-788
6	25	-3012
6	26	-7172
6	27	1092
6	28	5196
6	29	-4740
6	30	8180
6	31	1396
6	32	-15324
6	33	-10460
6	34	-5804
6	35	-9148
6	36	-1548
6	37	7876
7	8	-11884
7	9	8236
7	10	-2460
7	11	-2004
7	12	13348
7	13	13196
7	14	2860
7	15	20036
7	16	3164
7	17	8180
7	18	-5140
7	19	11428
7	20	14772
7	21	-3068
7	22	-7268
7	23	5596
7	24	-428
7	25	10004
7	26	-5596
7	27	5900
7	28	1796
7	29	-2252
7	30	-3620
7	31	-180
7	32	-788
7	33	-11428
7	34	10364
7	35	-3620
7	36	17660
7	37	-3316
8	9	-484
8	10	484
8	11	-5748
8	12	-9548
8	13	-9396
8	14	-4836
8	15	-10460
8	16	17964
8	17	-4380
8	18	-10212
8	19	13652
8	20	-1244
8	21	6868
8	22	3468
8	23	-1796
8	24	2404
8	25	-428
8	26	-3980
8	27	-13652
8	28	2004
8	29	10004
8	30	-180
8	31	3980
8	32	4588
8	33	-13652
8	34	3164
8	35	-17508
8	36	7420
8	37	-6260
9	10	-2612
9	11	-2156
9	12	-4132
9	13	7268
9	14	8484
9	15	14108
9	16	-2764
9	17	2252
9	18	788
9	19	11580
9	20	14924
9	21	2556
9	22	-7116
9	23	-332
9	24	-276
9	25	-7476
9	26	332
9	27	-5804
9	28	7420
9	29	3676
9	30	-9244
9	31	5444
9	32	-6716
9	33	-11580
9	34	4740
9	35	-3468
9	36	484
9	37	-20492
10	11	-3620
10	12	-1644
10	13	10060
10	14	14620
10	15	3220
10	16	-3012
10	17	3524
10	18	-788
10	19	5748
10	20	2404
10	21	-8332
10	22	7116
10	23	11884
10	24	-11276
10	25	-9852
10	26	11220
10	27	-5748
10	28	4132
10	29	-9452
10	30	9244
10	31	332
10	32	-4836
10	33	11580
10	34	-10516
10	35	15020
10	36	-484
10	37	8940
11	12	-2100
11	13	3828
11	14	-8940
11	15	-3012
11	16	-9244
11	17	8844
11	18	16996
11	19	-5348
11	20	2860
11	21	-8788
11	22	-9756
11	23	-5900
11	24	732
11	25	-10308
11	26	11676
11	27	5348
11	28	15228
11	29	-3220
11	30	-7628
11	31	5652
11	32	-11068
11	33	-428
11	34	1492
11	35	-1852
11	36	-28
11	37	3620
12	13	11580
12	14	-12740
12	15	-1036
12	16	-1492
12	17	16596
12	18	-2308
12	19	-1548
12	20	6660
12	21	10516
12	22	5596
12	23	-9700
12	24	-7020
12	25	14772
12	26	-13404
12	27	7324
12	28	-124
12	29	580
12	30	-3828
12	31	-9700
12	32	8236
12	33	-4228
12	34	28396
12	35	1948
12	36	-2004
12	37	1644
13	14	-1036
13	15	4892
13	16	-1340
13	17	10972
13	18	-2460
13	19	9852
13	20	6508
13	21	4892
13	22	-332
13	23	2004
13	24	4380
13	25	3372
13	26	-2004
13	27	1700
13	28	28
13	29	428
13	30	1796
13	31	2004
13	32	-3164
13	33	-9852
13	34	-636
13	35	1796
13	36	-2156
13	37	1492
14	15	3676
14	16	3220
14	17	-1796
14	18	4532
14	19	5292
14	20	1948
14	21	-19428
14	22	884
14	23	12340
14	24	-180
14	25	-9396
14	26	10764
14	27	-5292
14	28	10364
14	29	7420
14	30	3012
14	31	788
14	32	1396
14	33	12036
14	34	-5196
14	35	20340
14	36	-940
14	37	-3068
15	16	-2404
15	17	4132
15	18	4380
15	19	5140
15	20	13348
15	21	-7724
15	22	-5044
15	23	-10612
15	24	11220
15	25	-3468
15	26	-940
15	27	636
15	28	4740
15	29	-4284
15	30	2860
15	31	6716
15	32	-10004
15	33	-5140
15	34	-11124
15	35	-14468
15	36	10460
15	37	2556
16	17	-2100
16	18	-940
16	19	5596
16	20	-3524
16	21	-2404
16	22	6964
16	23	-5292
16	24	5900
16	25	-9700
16	26	-17812
16	27	180
16	28	-7268
16	29	7724
16	30	-2460
16	31	12036
16	32	18420
16	33	-17148
16	34	12436
16	35	3316
16	36	5140
16	37	3012
17	18	4076
17	19	10612
17	20	7268
17	21	-13196
17	22	6204
17	23	-10308
17	24	-6412
17	25	2612
17	26	-1244
17	27	-4836
17	28	-732
17	29	1188
17	30	-8996
17	31	-4532
17	32	1852
17	33	-4836
17	34	5900
17	35	-3220
17	36	-1396
17	37	13804
18	19	-13348
18	20	-4228
18	21	-7172
18	22	-8940
18	23	1492
18	24	3676
18	25	-5652
18	26	4284
18	27	1796
18	28	3468
18	29	7628
18	30	-16844
18	31	1492
18	32	884
18	33	1796
18	34	-2860
18	35	-5292
18	36	-7116
18	37	788
19	20	6564
19	21	-636
19	22	-9700
19	23	-3524
19	24	-2860
19	25	-10668
19	26	-2252
19	27	-8996
19	28	4228
19	29	1092
19	30	5500
19	31	-9300
19	32	1644
19	33	-20548
19	34	-3620
19	35	-6052
19	36	-2100
19	37	-5748
20	21	-3980
20	22	16748
20	23	-6868
20	24	-11068
20	25	9092
20	26	-10460
20	27	16540
20	28	884
20	29	-1340
20	30	-8484
20	31	-1092
20	32	-19028
20	33	4988
20	34	-276
20	35	3068
20	36	12796
20	37	3372
21	22	732
21	23	-10612
21	24	-6108
21	25	8084
21	26	4836
21	27	6412
21	28	-12588
21	29	1492
21	30	14412
21	31	-4836
21	32	7324
21	33	-5140
21	34	428
21	35	-8692
21	36	-1092
21	37	-8996
22	23	-2156
22	24	-10004
22	25	8028
22	26	-3620
22	27	15476
22	28	-5956
22	29	5500
22	30	-1644
22	31	-2156
22	32	-8540
22	33	15476
22	34	788
22	35	9908
22	36	-3468
22	37	10212
23	24	14108
23	25	-580
23	26	7724
23	27	-8028
23	28	-3924
23	29	4380
23	30	-28
23	31	-1948
23	32	10212
23	33	9300
23	34	3316
23	35	17300
23	36	-3980
23	37	-11884
24	25	-10364
24	26	-2556
24	27	-8692
24	28	4532
24	29	6564
24	30	5196
24	31	14108
24	32	13500
24	33	-8692
24	34	7628
24	35	-6356
24	36	-2404
24	37	-17604
25	26	-5196
25	27	10668
25	28	-19884
25	29	3012
25	30	-1396
25	31	-6356
25	32	28
25	33	4892
25	34	1948
25	35	-7172
25	36	17756
25	37	4076
26	27	2252
26	28	3924
26	29	-10156
26	30	28
26	31	7724
26	32	-4436
26	33	13804
26	34	-14868
26	35	28
26	36	-1796
26	37	6108
27	28	-10004
27	29	-1092
27	30	-11276
27	31	-8028
27	32	-7420
27	33	3220
27	34	9396
27	35	6052
27	36	-3676
27	37	5748
28	29	580
28	30	1948
28	31	7628
28	32	-20644
28	33	-10004
28	34	-484
28	35	7724
28	36	-13556
28	37	-9908
29	30	-2404
29	31	10156
29	32	9548
29	33	-6868
29	34	11580
29	35	-2404
29	36	-10004
29	37	-13652
30	31	5748
30	32	-636
30	33	6052
30	34	-12892
30	35	7780
30	36	180
30	37	2308
31	32	-1340
31	33	-2252
31	34	-2460
31	35	-5804
31	36	13348
31	37	11220
32	33	-7420
32	34	20036
32	35	5140
32	36	1188
32	37	-6716
33	34	-7932
33	35	11828
33	36	7876
33	37	11524
34	35	4436
34	36	-3164
34	37	-18364
35	36	-17148
35	37	2308
36	37	6260
