0	1	-4432
0	2	6208
0	3	-4992
0	4	-3016
0	5	3320
0	6	-13960
0	7	8184
0	8	-12488
0	9	7168
0	10	-584
0	11	-3216
0	12	-8992
0	13	-936
0	14	-5904
0	15	2104
0	16	-10968
0	17	-2864
0	18	-22320
0	19	-4080
0	20	9400
0	21	176
0	22	-12136
0	23	3016
0	24	-1696
0	25	-176
0	26	16896
0	27	10616
0	28	-2608
0	29	11224
0	30	4384
0	31	1544
0	32	2560
0	33	-888
0	34	328
0	35	2456
0	36	7624
0	37	632
1	2	784
1	3	-7776
1	4	13352
1	5	-2104
1	6	12744
1	7	-18520
1	8	7928
1	9	8944
1	10	5144
1	11	10208
1	12	-12896
1	13	7928
1	14	-1088
1	15	-888
1	16	632
1	17	-15680
1	18	3776
1	19	14416
1	20	9144
1	21	-1392
1	22	10920
1	23	3976
1	24	14464
1	25	1392
1	26	10768
1	27	-9400
1	28	-7728
1	29	1544
1	30	2608
1	31	8792
1	32	-1344
1	33	5448
1	34	4232
1	35	2104
1	36	-8840
1	37	-1848
2	3	-2912
2	4	-4888
2	5	-6968
2	6	280
2	7	11272
2	8	-2712
2	9	2256
2	10	15784
2	11	5344
2	12	-11984
2	13	-8488
2	14	3776
2	15	5800
2	16	-10008
2	17	-10816
2	18	-8688
2	19	-3824
2	20	4280
2	21	-2304
2	22	-13096
2	23	-6664
2	24	-1952
2	25	-3472
2	26	-1696
2	27	-2712
2	28	-1040
2	29	-3320
2	30	9296
2	31	-3672
2	32	-6208
2	33	16088
2	34	-2456
2	35	6968
2	36	7576
2	37	8792
3	4	328
3	5	-24
3	6	-4840
3	7	-936
3	8	7272
3	9	-6816
3	10	2760
3	11	4992
3	12	4992
3	13	13048
3	14	14768
3	15	-7016
3	16	20344
3	17	480
3	18	4128
3	19	5040
3	20	11832
3	21	3520
3	22	8536
3	23	-328
3	24	-10816
3	25	8032
3	26	2912
3	27	13048
3	28	-176
3	29	7880
3	30	1040
3	31	-6664
3	32	4992
3	33	8232
3	34	-13656
3	35	24
3	36	-584
3	37	3976
4	5	9552
4	6	-8640
4	7	-8688
4	8	11072
4	9	936
4	10	-6816
4	11	8792
4	12	3016
4	13	16848
4	14	-584
4	15	-3216
4	16	1040
4	17	2456
4	18	17656
4	19	1240
4	20	-13248
4	21	5496
4	22	4736
4	23	9248
4	24	10312
4	25	6056
4	26	-888
4	27	-480
4	28	-7928
4	29	11680
4	30	-12488
4	31	6864
4	32	-2760
4	33	-7120
4	34	-128
4	35	-15328
4	36	12944
4	37	-11376
5	6	-2608
5	7	-20496
5	8	-5600
5	9	5144
5	10	1344
5	11	2456
5	12	14008
5	13	5952
5	14	888
5	15	-8640
5	16	-1344
5	17	3624
5	18	-5800
5	19	-936
5	20	7168
5	21	584
5	22	1344
5	23	2000
5	24	936
5	25	-12136
5	26	-4584
5	27	176
5	28	-3928
5	29	-432
5	30	-10920
5	31	-784
5	32	-9096
5	33	-15680
5	34	432
5	35	-1696
5	36	4688
5	37	128
6	7	-3520
6	8	-1088
6	9	7320
6	10	5344
6	11	8184
6	12	-9144
6	13	-6864
6	14	24
6	15	1952
6	16	6208
6	17	-8488
6	18	936
6	19	-9704
6	20	9248
6	21	-5448
6	22	-432
6	23	-8688
6	24	-1848
6	25	5448
6	26	-6056
6	27	-6864
6	28	3016
6	29	-480
6	30	-7320
6	31	1696
6	32	19736
6	33	5040
6	34	12032
6	35	2608
6	36	-3776
6	37	784
7	8	-4688
7	9	4232
7	10	-5344
7	11	-13960
7	12	-2408
7	13	-10464
7	14	-24
7	15	3824
7	16	-6208
7	17	2712
7	18	-936
7	19	-7624
7	20	-3472
7	21	-328
7	22	-16896
7	23	-2864
7	24	-9704
7	25	6104
7	26	280
7	27	6864
7	28	2760
7	29	480
7	30	-4232
7	31	-1696
7	32	14920
7	33	6512
7	34	5296
7	35	-2608
7	36	9552
7	37	4992
8	9	-4888
8	10	14416
8	11	936
8	12	6712
8	13	-1344
8	14	-3368
8	15	-4384
8	16	2912
8	17	-632
8	18	7272
8	19	584
8	20	-128
8	21	7880
8	22	20192
8	23	6256
8	24	5192
8	25	3672
8	26	-20392
8	27	10208
8	28	328
8	29	-13504
8	30	4888
8	31	736
8	32	-4840
8	33	14720
8	34	13504
8	35	-5952
8	36	11984
8	37	1648
9	10	-2408
9	11	-1392
9	12	-7168
9	13	6664
9	14	-1952
9	15	3928
9	16	8184
9	17	-4688
9	18	-1040
9	19	5648
9	20	11224
9	21	-13200
9	22	-8184
9	23	4840
9	24	11680
9	25	1648
9	26	3520
9	27	-4888
9	28	-6560
9	29	13048
9	30	-16896
9	31	-6056
9	32	10160
9	33	3064
9	34	10056
9	35	632
9	36	24
9	37	10360
10	11	12136
10	12	-10968
10	13	-8688
10	14	1848
10	15	-5648
10	16	10160
10	17	-6664
10	18	-14568
10	19	-7880
10	20	13200
10	21	7928
10	22	7168
10	23	-4736
10	24	7880
10	25	-2152
10	26	-15784
10	27	8640
10	28	6968
10	29	-2304
10	30	8184
10	31	-2256
10	32	-10968
10	33	24192
10	34	2304
10	35	-1344
10	36	9600
10	37	2608
11	12	-19888
11	13	6712
11	14	-5648
11	15	-7880
11	16	10968
11	17	-8688
11	18	-784
11	19	4080
11	20	-3624
11	21	5600
11	22	12136
11	23	-14568
11	24	7472
11	25	5952
11	26	-11120
11	27	-4840
11	28	2608
11	29	328
11	30	7168
11	31	-7320
11	32	-2560
11	33	12440
11	34	-11880
11	35	3320
11	36	9704
11	37	5144
12	13	-4840
12	14	5904
12	15	3672
12	16	-584
12	17	14416
12	18	4992
12	19	-7472
12	20	-9400
12	21	-5952
12	22	-5192
12	23	20088
12	24	-15632
12	25	-17152
12	26	432
12	27	6712
12	28	-3168
12	29	-5448
12	30	1392
12	31	10008
12	32	-8336
12	33	-16440
12	34	5448
12	35	9096
12	36	3928
12	37	-632
13	14	13960
13	15	1392
13	16	14464
13	17	10920
13	18	7272
13	19	17912
13	20	11424
13	21	-21000
13	22	14416
13	23	480
13	24	-584
13	25	-7880
13	26	2712
13	27	-12896
13	28	-5448
13	29	9600
13	30	-12440
13	31	736
13	32	936
13	33	-8384
13	34	-15376
13	35	5600
13	36	432
13	37	-4128
14	15	5448
14	16	21256
14	17	11120
14	18	-8336
14	19	-1648
14	20	12744
14	21	-20496
14	22	7624
14	23	-5192
14	24	-4128
14	25	-2608
14	26	2000
14	27	2408
14	28	6512
14	29	3016
14	30	1952
14	31	9752
14	32	128
14	33	-4232
14	34	-8792
14	35	-888
14	36	-1496
14	37	14616
15	16	-5904
15	17	-14920
15	18	4536
15	19	-2152
15	20	2608
15	21	-6408
15	22	128
15	23	-2560
15	24	-3624
15	25	6408
15	26	11528
15	27	1392
15	28	3064
15	29	6560
15	30	7624
15	31	21104
15	32	-2104
15	33	6208
15	34	10768
15	35	2864
15	36	15024
15	37	4688
16	17	6664
16	18	3016
16	19	2104
16	20	9904
16	21	-2152
16	22	10160
16	23	-1040
16	24	-2104
16	25	2152
16	26	-1544
16	27	-2864
16	28	10360
16	29	19632
16	30	-13960
16	31	8032
16	32	16744
16	33	10464
16	34	-13856
16	35	1344
16	36	-3824
16	37	14720
17	18	480
17	19	-4384
17	20	-7624
17	21	-11680
17	22	4888
17	23	14872
17	24	-7168
17	25	-11424
17	26	-6512
17	27	-632
17	28	3472
17	29	-24
17	30	4688
17	31	-4536
17	32	2864
17	33	-18520
17	34	24
17	35	-9400
17	36	1544
17	37	328
18	19	5040
18	20	-11272
18	21	9296
18	22	2760
18	23	17000
18	24	-5040
18	25	2256
18	26	-8640
18	27	-4280
18	28	-5952
18	29	2104
18	30	-10512
18	31	-888
18	32	4992
18	33	-3320
18	34	-2104
18	35	-11528
18	36	5192
18	37	-19128
19	20	16696
19	21	-12896
19	22	3672
19	23	4536
19	24	17152
19	25	-4432
19	26	-1952
19	27	-10968
19	28	-12640
19	29	6968
19	30	-11424
19	31	24
19	32	-13248
19	33	-2408
19	34	-1192
19	35	936
19	36	-5448
19	37	-6664
20	21	-16440
20	22	7424
20	23	-4080
20	24	6408
20	25	-888
20	26	1496
20	27	5648
20	28	-4232
20	29	10816
20	30	-11224
20	31	5296
20	32	2152
20	33	13504
20	34	6512
20	35	4384
20	36	-6560
20	37	11984
21	22	2152
21	23	280
21	24	1344
21	25	8640
21	26	2304
21	27	19432
21	28	6208
21	29	-3064
21	30	7424
21	31	-7272
21	32	5600
21	33	13400
21	34	3064
21	35	-6360
21	36	-1192
21	37	-13960
22	23	-4736
22	24	13656
22	25	-2152
22	26	-4232
22	27	2864
22	28	12744
22	29	-8080
22	30	13960
22	31	-8032
22	32	-5192
22	33	1088
22	34	2304
22	35	-1344
22	36	3824
22	37	2608
23	24	-10312
23	25	-11832
23	26	888
23	27	480
23	28	-20952
23	29	5648
23	30	936
23	31	-1088
23	32	-3016
23	33	-10208
23	34	5904
23	35	-2000
23	36	-1392
23	37	-11728
24	25	4432
24	26	1952
24	27	-6360
24	28	6864
24	29	-1192
24	30	-5904
24	31	-5800
24	32	-9856
24	33	-3368
24	34	18520
24	35	-18264
24	36	5448
24	37	888
25	26	9248
25	27	3672
25	28	-432
25	29	14616
25	30	-1648
25	31	1496
25	32	11728
25	33	15480
25	34	8488
25	35	-16744
25	36	6968
25	37	13960
26	27	-8840
26	28	-4736
26	29	9096
26	30	8032
26	31	3672
26	32	17760
26	33	-4536
26	34	-3320
26	35	4584
26	36	-13352
26	37	2760
27	28	6104
27	29	3824
27	30	10664
27	31	736
27	32	-10616
27	33	20496
27	34	13504
27	35	-5952
27	36	6208
27	37	-4128
28	29	-280
28	30	784
28	31	4840
28	32	2608
28	33	-4280
28	34	6056
28	35	9704
28	36	10312
28	37	11528
29	30	-18824
29	31	12896
29	32	6104
29	33	3776
29	34	2560
29	35	-5344
29	36	6816
29	37	8032
30	31	-5496
30	32	-10160
30	33	8488
30	34	1496
30	35	-632
30	36	5752
30	37	1192
31	32	4232
31	33	3216
31	34	4432
31	35	-4992
31	36	5952
31	37	10512
32	33	888
32	34	-328
32	35	-2456
32	36	-7624
32	37	5144
33	34	2000
33	35	-1648
33	36	-2256
33	37	8080
34	35	-11984
34	36	16288
34	37	3520
35	36	-16240
35	37	5648
36	37	5040
