0	1	3232
0	2	-4672
0	3	-10112
0	4	-6912
0	5	13408
0	6	-6208
0	7	1792
0	8	3648
0	9	-2752
0	10	1088
0	11	9312
0	12	-8768
0	13	-4352
0	14	7552
0	15	-6272
0	16	768
0	17	-3488
0	18	-8448
0	19	11168
0	20	2272
0	21	1472
0	22	992
0	23	2208
0	24	-4928
0	25	-12832
0	26	16032
0	27	6688
0	28	8032
0	29	-1408
0	30	-12352
0	31	-2432
0	32	-1152
0	33	8288
0	34	-4352
0	35	1632
0	36	-11232
0	37	11328
0	38	2848
0	39	4192
1	2	17152
1	3	-3008
1	4	6592
1	5	11872
1	6	6528
1	7	4928
1	8	8832
1	9	8832
1	10	-1408
1	11	-8992
1	12	-3712
1	13	4032
1	14	11968
1	15	-19648
1	16	5312
1	17	10208
1	18	8768
1	19	-5088
1	20	4448
1	21	5248
1	22	-7072
1	23	-8928
1	24	-1152
1	25	6112
1	26	9888
1	27	-608
1	28	-14112
1	29	-17472
1	30	-768
1	31	2112
1	32	7232
1	33	4192
1	34	4032
1	35	-7712
1	36	-8288
1	37	1152
1	38	-3168
1	39	-3872
2	3	-11232
2	4	4768
2	5	-512
2	6	-11488
2	7	2912
2	8	-10272
2	9	2528
2	10	-32
2	11	-8768
2	12	-1248
2	13	7328
2	14	2272
2	15	-992
2	16	6048
2	17	4032
2	18	-928
2	19	-21952
2	20	9792
2	21	15392
2	22	2112
2	23	7488
2	24	-3808
2	25	-7552
2	26	-8448
2	27	-20032
2	28	-10048
2	29	-6688
2	30	-7072
2	31	9248
2	32	10528
2	33	-5632
2	34	-5472
2	35	-3648
2	36	448
2	37	-2592
2	38	-4672
2	39	-7488
3	4	5728
3	5	-5952
3	6	6752
3	7	-10848
3	8	3488
3	9	9888
3	10	7328
3	11	-9728
3	12	4192
3	13	-17312
3	14	1312
3	15	-32
3	16	-12192
3	17	-9728
3	18	-14688
3	19	11008
3	20	2432
3	21	-11168
3	22	1152
3	23	-4352
3	24	8032
3	25	6208
3	26	9792
3	27	-12672
3	28	-11008
3	29	-1248
3	30	-6112
3	31	-15392
3	32	-1312
3	33	-4672
3	34	-4512
3	35	8192
3	36	1408
3	37	4768
3	38	-3712
3	39	10752
4	5	-9152
4	6	9952
4	7	5152
4	8	288
4	9	-6112
4	10	4128
4	11	-128
4	12	-11808
4	13	5088
4	14	-8288
4	15	-9632
4	16	-2592
4	17	-128
4	18	-5088
4	19	1408
4	20	-768
4	21	-1568
4	22	-2048
4	23	-13952
4	24	11232
4	25	3008
4	26	12992
4	27	3328
4	28	-7808
4	29	-4448
4	30	9888
4	31	608
4	32	-4512
4	33	-7872
4	34	5088
4	35	11392
4	36	-14592
4	37	-4832
4	38	12288
4	39	1152
5	6	-3968
5	7	16832
5	8	-4992
5	9	20608
5	10	-7552
5	11	11552
5	12	-6528
5	13	-6592
5	14	3392
5	15	-21312
5	16	-1472
5	17	-1248
5	18	12992
5	19	2528
5	20	-1888
5	21	16512
5	22	3232
5	23	-6432
5	24	-9088
5	25	-8672
5	26	-928
5	27	-1952
5	28	-2528
5	29	-5568
5	30	-8192
5	31	8128
5	32	3008
5	33	25248
5	34	6208
5	35	-2528
5	36	-672
5	37	2688
5	38	-12192
5	39	-12768
6	7	7968
6	8	5792
6	9	5792
6	10	-4448
6	11	-5952
6	12	-19872
6	13	992
6	14	-4192
6	15	-9888
6	16	-4128
6	17	6848
6	18	-13792
6	19	-1728
6	20	1088
6	21	-4512
6	22	2368
6	23	-11968
6	24	1888
6	25	-3328
6	26	6528
6	27	15552
6	28	-4672
6	29	-8032
6	30	8992
6	31	-928
6	32	4192
6	33	-11648
6	34	13792
6	35	-4672
6	36	1472
6	37	4512
6	38	192
6	39	-7232
7	8	7392
7	9	13792
7	10	-9248
7	11	-1152
7	12	-2272
7	13	-3808
7	14	-5792
7	15	-14688
7	16	-15328
7	17	5248
7	18	-2592
7	19	6272
7	20	-512
7	21	19488
7	22	768
7	23	-10368
7	24	-6112
7	25	-8128
7	26	4928
7	27	4352
7	28	-12672
7	29	-3232
7	30	10592
7	31	7072
7	32	5792
7	33	21952
7	34	8992
7	35	-12672
7	36	3072
7	37	6112
7	38	-11008
7	39	-2432
8	9	4448
8	10	1888
8	11	-10688
8	12	-3168
8	13	-9952
8	14	13152
8	15	-5472
8	16	1568
8	17	2112
8	18	-2848
8	19	5568
8	20	-4928
8	21	672
8	22	192
8	23	-9792
8	24	7072
8	25	13568
8	26	15232
8	27	13888
8	28	-5568
8	29	-2208
8	30	-5152
8	31	-8032
8	32	-6752
8	33	2688
8	34	-9952
8	35	832
8	36	-10432
8	37	18528
8	38	3648
8	39	3392
9	10	1888
9	11	8512
9	12	3232
9	13	-16352
9	14	13152
9	15	-11872
9	16	-4832
9	17	-4288
9	18	9952
9	19	5568
9	20	-11328
9	21	672
9	22	12992
9	23	-9792
9	24	-12128
9	25	-12032
9	26	2432
9	27	-11712
9	28	-18368
9	29	-8608
9	30	-11552
9	31	4768
9	32	6048
9	33	2688
9	34	2848
9	35	-5568
9	36	2368
9	37	-672
9	38	-9152
9	39	-9408
10	11	-1728
10	12	5792
10	13	288
10	14	9312
10	15	4768
10	16	-992
10	17	-1728
10	18	-288
10	19	3008
10	20	4032
10	21	-15968
10	22	9152
10	23	-18752
10	24	-3168
10	25	-8192
10	26	-1408
10	27	-7872
10	28	3392
10	29	6752
10	30	11488
10	31	-4192
10	32	-15712
10	33	-6272
10	34	-6112
10	35	3392
10	36	-192
10	37	-3232
10	38	1088
10	39	-448
11	12	-3392
11	13	3712
11	14	-6912
11	15	-7168
11	16	4992
11	17	-15072
11	18	15488
11	19	7392
11	20	-8032
11	21	-832
11	22	-6752
11	23	3552
11	24	-7232
11	25	-13408
11	26	3808
11	27	-928
11	28	5408
11	29	8448
11	30	-1088
11	31	20992
11	32	512
11	33	3872
11	34	-2688
11	35	5408
11	36	-15008
11	37	-5568
11	38	9312
11	39	-9952
12	13	-14368
12	14	4768
12	15	13152
12	16	-288
12	17	3008
12	18	7968
12	19	2112
12	20	-9152
12	21	-14752
12	22	4928
12	23	4672
12	24	-1952
12	25	13312
12	26	-10112
12	27	-6208
12	28	-2112
12	29	7328
12	30	6432
12	31	-16288
12	32	8032
12	33	-1408
12	34	-1568
12	35	-8512
12	36	18112
12	37	-4448
12	38	-2368
12	39	1728
13	14	-4448
13	15	-672
13	16	-32
13	17	-2688
13	18	11552
13	19	-2432
13	20	9472
13	21	15072
13	22	-11008
13	23	7808
13	24	-4128
13	25	-7232
13	26	-15168
13	27	5888
13	28	8832
13	29	5792
13	30	12448
13	31	3168
13	32	-8352
13	33	1088
13	34	-5152
13	35	-16768
13	36	-18432
13	37	-8672
13	38	2048
13	39	4992
14	15	3872
14	16	-3168
14	17	-512
14	18	10848
14	19	5632
14	20	-12672
14	21	-5472
14	22	1408
14	23	1792
14	24	-5472
14	25	-2368
14	26	11968
14	27	-2688
14	28	-5632
14	29	-8992
14	30	-9248
14	31	-19168
14	32	5152
14	33	-4288
14	34	-10848
14	35	-12032
14	36	2432
14	37	5472
14	38	7552
14	39	-1792
15	16	-8352
15	17	5632
15	18	-5728
15	19	-4352
15	20	4992
15	21	-8608
15	22	-2688
15	23	12288
15	24	4192
15	25	3648
15	26	-6848
15	27	-2432
15	28	-2048
15	29	1312
15	30	4128
15	31	-17952
15	32	-10272
15	33	-20032
15	34	-7072
15	35	-2048
15	36	11648
15	37	-4192
15	38	6528
15	39	512
16	17	-1408
16	18	12832
16	19	-10112
16	20	10752
16	21	-9248
16	22	3072
16	23	-6272
16	24	3552
16	25	10688
16	26	-7488
16	27	-1792
16	28	16512
16	29	13472
16	30	-1632
16	31	14688
16	32	-3232
16	33	-192
16	34	6368
16	35	16512
16	36	-512
16	37	-9952
16	38	13568
16	39	-12928
17	18	-3712
17	19	-18208
17	20	-1632
17	21	5568
17	22	-6752
17	23	3552
17	24	5568
17	25	12192
17	26	-15392
17	27	11872
17	28	-992
17	29	-17152
17	30	5312
17	31	-11008
17	32	-5888
17	33	-2528
17	34	10112
17	35	-13792
17	36	10592
17	37	-5568
17	38	2912
17	39	-3552
18	19	2432
18	20	-9472
18	21	-2272
18	22	-1792
18	23	-1408
18	24	-8672
18	25	7232
18	26	-10432
18	27	-5888
18	28	3968
18	29	608
18	30	352
18	31	9632
18	32	1952
18	33	5312
18	34	5152
18	35	-2432
18	36	-768
18	37	-16928
18	38	4352
18	39	-11392
19	20	-6048
19	21	-6848
19	22	-928
19	23	-2272
19	24	5952
19	25	-4512
19	26	20512
19	27	2208
19	28	-6688
19	29	9472
19	30	2368
19	31	-512
19	32	768
19	33	10208
19	34	-8832
19	35	6112
19	36	-9312
19	37	-5952
19	38	-1632
19	39	8672
20	21	6208
20	22	-18912
20	23	-9888
20	24	6208
20	25	-1248
20	26	-1952
20	27	-7968
20	28	6048
20	29	15488
20	30	11072
20	31	1152
20	32	-6528
20	33	9632
20	34	9472
20	35	-352
20	36	-2848
20	37	192
20	38	-4128
20	39	-2912
21	22	-11712
21	23	14912
21	24	608
21	25	-8448
21	26	-7552
21	27	-2368
21	28	-5952
21	29	-2912
21	30	-2528
21	31	6752
21	32	-928
21	33	21632
21	34	-4128
21	35	-12352
21	36	-10048
21	37	5792
21	38	-11328
21	39	-2112
22	23	-4768
22	24	-5312
22	25	-2528
22	26	-7072
22	27	-2848
22	28	928
22	29	-8832
22	30	-9408
22	31	-6528
22	32	-1408
22	33	-10848
22	34	-4608
22	35	13728
22	36	15072
22	37	5312
22	38	992
22	39	-1632
23	24	2112
23	25	-672
23	26	-8928
23	27	-6752
23	28	2272
23	29	-7168
23	30	-12992
23	31	-9472
23	32	4608
23	33	-5152
23	34	-11392
23	35	-10528
23	36	928
23	37	4288
23	38	2208
23	39	11232
24	25	17152
24	26	11648
24	27	10432
24	28	6848
24	29	3488
24	30	16672
24	31	-6048
24	32	5472
24	33	8832
24	34	-4128
24	35	13248
24	36	2752
24	37	5792
24	38	1472
24	39	4288
25	26	-288
25	27	3808
25	28	-1888
25	29	1472
25	30	3968
25	31	-11712
25	32	2368
25	33	-992
25	34	-832
25	35	4512
25	36	5088
25	37	-4352
25	38	6368
25	39	672
26	27	5792
26	28	-14112
26	29	1728
26	30	5632
26	31	2112
26	32	7232
26	33	4192
26	34	-2368
26	35	5088
26	36	-14688
26	37	13952
26	38	-3168
26	39	8928
27	28	10592
27	29	1152
27	30	10688
27	31	-4992
27	32	-3712
27	33	-672
27	34	-512
27	35	-8608
27	36	-7392
27	37	15168
27	38	6688
27	39	6752
28	29	16128
28	30	4032
28	31	512
28	32	-768
28	33	8992
28	34	8832
28	35	6688
28	36	9312
28	37	5952
28	38	8032
28	39	-2272
29	30	13792
29	31	10272
29	32	2592
29	33	12352
29	34	-608
29	35	-3072
29	36	-6528
29	37	-3488
29	38	-7808
29	39	-5632
30	31	1568
30	32	-3552
30	33	12288
30	34	12448
30	35	-8768
30	36	5568
30	37	-3872
30	38	-5952
30	39	192
31	32	6368
31	33	9408
31	34	3168
31	35	13312
31	36	-10112
31	37	-13152
31	38	-8832
31	39	-9728
32	33	4288
32	34	4448
32	35	-7168
32	36	10368
32	37	928
32	38	-13952
32	39	-4608
33	34	7488
33	35	-3808
33	36	608
33	37	3968
33	38	-17312
33	39	-1248
34	35	-3968
34	36	13568
34	37	-8672
34	38	-10752
34	39	-7808
35	36	2912
35	37	-6848
35	38	14432
35	39	-8672
36	37	-2752
36	38	-4832
36	39	-7328
37	38	-1472
37	39	14912
38	39	-2208
