0	1	1472
0	2	11552
0	3	7168
0	4	8928
0	5	-2528
0	6	-4032
0	7	6752
0	8	-5632
0	9	16352
0	10	12352
0	11	-768
0	12	-21248
0	13	3808
0	14	-4288
0	15	7808
0	16	-9312
0	17	9728
0	18	-9792
0	19	-9888
0	20	5728
0	21	16352
0	22	-5248
0	23	-9792
0	24	-2112
0	25	-5952
0	26	9312
0	27	3968
0	28	-14208
0	29	-1472
0	30	12448
0	31	-2272
0	32	-1632
0	33	4832
0	34	-3008
0	35	-9312
0	36	4288
0	37	-9312
0	38	-18432
0	39	-3488
1	2	-1312
1	3	-11008
1	4	32
1	5	6368
1	6	192
1	7	9888
1	8	1792
1	9	-6112
1	10	4288
1	11	-8192
1	12	-6912
1	13	5152
1	14	8128
1	15	1152
1	16	5472
1	17	-768
1	18	-448
1	19	-11872
1	20	9632
1	21	-12512
1	22	-10112
1	23	-448
1	24	4672
1	25	14912
1	26	7328
1	27	4992
1	28	11648
1	29	-2368
1	30	2912
1	31	-1568
1	32	-8608
1	33	-13792
1	34	6848
1	35	-7328
1	36	4672
1	37	5472
1	38	-11008
1	39	-5472
2	3	11872
2	4	3712
2	5	-3712
2	6	3872
2	7	-12992
2	8	-7328
2	9	15808
2	10	-5792
2	11	928
2	12	2208
2	13	-3968
2	14	4448
2	15	-7968
2	16	9152
2	17	9312
2	18	-3168
2	19	16448
2	20	-5888
2	21	-3392
2	22	5408
2	23	-3168
2	24	-4448
2	25	5792
2	26	-9152
2	27	2272
2	28	-4832
2	29	1312
2	30	192
2	31	2112
2	32	-4928
2	33	8128
2	34	-3232
2	35	9152
2	36	14752
2	37	-10048
2	38	11872
2	39	-9152
3	4	8608
3	5	-2208
3	6	2048
3	7	-5728
3	8	448
3	9	3872
3	10	-6528
3	11	5952
3	12	-1728
3	13	-15712
3	14	-3968
3	15	1088
3	16	3168
3	17	-3392
3	18	-10112
3	19	3232
3	20	-7392
3	21	16672
3	22	1472
3	23	-3712
3	24	-15232
3	25	-6272
3	26	-3168
3	27	10048
3	28	-13888
3	29	4608
3	30	12128
3	31	-2592
3	32	-14752
3	33	-1248
3	34	3712
3	35	-3232
3	36	3968
3	37	-16032
3	38	448
3	39	-3168
4	5	2432
4	6	-15392
4	7	24512
4	8	2208
4	9	-4288
4	10	10912
4	11	10592
4	12	2912
4	13	-13952
4	14	672
4	15	2848
4	16	11328
4	17	4768
4	18	4448
4	19	-4928
4	20	768
4	21	21312
4	22	-6688
4	23	4448
4	24	-19872
4	25	1888
4	26	1472
4	27	-992
4	28	3552
4	29	-6432
4	30	1088
4	31	5568
4	32	-192
4	33	3392
4	34	-4448
4	35	-1472
4	36	-672
4	37	-1472
4	38	8608
4	39	-17728
5	6	-3808
5	7	1088
5	8	-2208
5	9	10688
5	10	-10912
5	11	-4192
5	12	-2912
5	13	1152
5	14	-13472
5	15	-2848
5	16	14272
5	17	-4768
5	18	8352
5	19	-1472
5	20	18432
5	21	-2112
5	22	-12512
5	23	-4448
5	24	672
5	25	4512
5	26	4928
5	27	992
5	28	9248
5	29	-12768
5	30	5312
5	31	13632
5	32	192
5	33	9408
5	34	-8352
5	35	-17728
5	36	13472
5	37	1472
5	38	-8608
5	39	-1472
6	7	-13728
6	8	-10752
6	9	2272
6	10	-8128
6	11	4352
6	12	3072
6	13	-1312
6	14	832
6	15	-3712
6	16	11168
6	17	-8192
6	18	-8512
6	19	1632
6	20	-5792
6	21	2272
6	22	6272
6	23	10688
6	24	5568
6	25	8128
6	26	-4768
6	27	-7552
6	28	10112
6	29	12608
6	30	-11872
6	31	-992
6	32	-13152
6	33	-2848
6	34	-4288
6	35	11168
6	36	-13632
6	37	4768
6	38	8448
6	39	14432
7	8	7072
7	9	-11392
7	10	18208
7	11	5728
7	12	-5792
7	13	-8768
7	14	2848
7	15	32
7	16	-8448
7	17	4512
7	18	-1568
7	19	-10752
7	20	8512
7	21	7808
7	22	-2592
7	23	-1568
7	24	3552
7	25	7392
7	26	8448
7	27	-2528
7	28	6368
7	29	-3488
7	30	8192
7	31	10112
7	32	3072
7	33	-6272
7	34	-4832
7	35	4352
7	36	-2848
7	37	10752
7	38	-12128
7	39	-10752
8	9	-8928
8	10	-6528
8	11	12352
8	12	4672
8	13	3488
8	14	8832
8	15	1088
8	16	-9632
8	17	-3392
8	18	2688
8	19	3232
8	20	5408
8	21	3872
8	22	1472
8	23	2688
8	24	-2432
8	25	128
8	26	9632
8	27	-9152
8	28	-1088
8	29	-8192
8	30	5728
8	31	-2592
8	32	17248
8	33	-1248
8	34	10112
8	35	-3232
8	36	3968
8	37	9568
8	38	-5952
8	39	-3168
9	10	-4192
9	11	8928
9	12	-8992
9	13	832
9	14	-13152
9	15	-9568
9	16	1152
9	17	1312
9	18	-4768
9	19	-1152
9	20	-1088
9	21	-8192
9	22	-5792
9	23	-4768
9	24	352
9	25	-8608
9	26	-7552
9	27	7072
9	28	-9632
9	29	12512
9	30	-1408
9	31	512
9	32	6272
9	33	3328
9	34	-1632
9	35	-11648
9	36	19552
9	37	-11648
9	38	-2528
9	39	-1152
10	11	-6272
10	12	-24192
10	13	3232
10	14	-9152
10	15	5632
10	16	-9248
10	17	16512
10	18	-21568
10	19	2848
10	20	7712
10	21	2208
10	22	-1792
10	23	-8768
10	24	-3648
10	25	6592
10	26	2848
10	27	15872
10	28	768
10	29	-4288
10	30	-5408
10	31	2912
10	32	-4128
10	33	-5472
10	34	-4032
10	35	-2848
10	36	-22848
10	37	9952
10	38	-6528
10	39	-22752
11	12	1728
11	13	-16288
11	14	3968
11	15	-7488
11	16	-3168
11	17	3392
11	18	-2688
11	19	-3232
11	20	992
11	21	8928
11	22	4928
11	23	16512
11	24	-10368
11	25	-12928
11	26	-3232
11	27	2752
11	28	1088
11	29	14592
11	30	-5728
11	31	8992
11	32	14752
11	33	-5152
11	34	-3712
11	35	3232
11	36	8832
11	37	-3168
11	38	-448
11	39	-3232
12	13	-4768
12	14	5248
12	15	4032
12	16	8352
12	17	-10688
12	18	15232
12	19	-1952
12	20	-19488
12	21	-8992
12	22	6208
12	23	15232
12	24	-5248
12	25	-1408
12	26	-1952
12	27	-11328
12	28	2368
12	29	6912
12	30	-7008
12	31	1312
12	32	672
12	33	2528
12	34	3968
12	35	21152
12	36	1152
12	37	1952
12	38	17472
12	39	17248
13	14	-608
13	15	-8672
13	16	-6592
13	17	-6752
13	18	5728
13	19	6592
13	20	8448
13	21	-5568
13	22	4832
13	23	-7072
13	24	13408
13	25	3168
13	26	12992
13	27	-12512
13	28	-10528
13	29	7648
13	30	-4032
13	31	-5952
13	32	7488
13	33	14912
13	34	672
13	35	-6592
13	36	-5792
13	37	6208
13	38	-2912
13	39	6592
14	15	-4608
14	16	6112
14	17	-19328
14	18	19392
14	19	288
14	20	3872
14	21	-352
14	22	2048
14	23	12992
14	24	5312
14	25	9152
14	26	-6112
14	27	-7168
14	28	4608
14	29	-1728
14	30	-9248
14	31	-928
14	32	-1568
14	33	-8032
14	34	-192
14	35	12512
14	36	11712
14	37	-6688
14	38	2432
14	39	6688
15	16	-8992
15	17	-2752
15	18	-3072
15	19	-16608
15	20	-352
15	21	-3168
15	22	832
15	23	3328
15	24	-1792
15	25	-12032
15	26	2592
15	27	4288
15	28	4672
15	29	-20352
15	30	6368
15	31	10848
15	32	-14112
15	33	-1888
15	34	9472
15	35	3808
15	36	-14592
15	37	3808
15	38	-11712
15	39	8992
16	17	-13472
16	18	5408
16	19	13312
16	20	8128
16	21	1152
16	22	-1248
16	23	-992
16	24	-18912
16	25	15648
16	26	-18688
16	27	6368
16	28	15392
16	29	-5472
16	30	-23552
16	31	6528
16	32	-5632
16	33	2432
16	34	992
16	35	-512
16	36	6688
16	37	-6912
16	38	22368
16	39	-5888
17	18	-13952
17	19	672
17	20	-4832
17	21	7712
17	22	-7488
17	23	-7552
17	24	-6272
17	25	2688
17	26	7072
17	27	6208
17	28	-3648
17	29	768
17	30	8288
17	31	-6432
17	32	608
17	33	2592
17	34	-5248
17	35	-7072
17	36	-12672
17	37	5728
17	38	-3392
17	39	-18528
18	19	-5408
18	20	1248
18	21	1632
18	22	-13568
18	23	4928
18	24	12608
18	25	-10432
18	26	992
18	27	-19712
18	28	3072
18	29	448
18	30	1568
18	31	-6752
18	32	6688
18	33	15712
18	34	-11328
18	35	-992
18	36	12608
18	37	-7392
18	38	2688
18	39	13792
19	20	4672
19	21	-7552
19	22	20448
19	23	-11808
19	24	-288
19	25	9952
19	26	-13312
19	27	6432
19	28	3808
19	29	-928
19	30	-14848
19	31	6272
19	32	12032
19	33	10368
19	34	-7392
19	35	6912
19	36	-288
19	37	512
19	38	16032
19	39	-13312
20	21	-1088
20	22	-3488
20	23	-5152
20	24	2528
20	25	-1312
20	26	-1728
20	27	8608
20	28	13152
20	29	-16032
20	30	-2112
20	31	15168
20	32	3008
20	33	192
20	34	-1248
20	35	-11072
20	36	2528
20	37	-4672
20	38	-13792
20	39	-1728
21	22	-12192
21	23	1632
21	24	-18848
21	25	-2208
21	26	11648
21	27	-12128
21	28	-9632
21	29	-288
21	30	11392
21	31	-12288
21	32	-128
21	33	9728
21	34	-14432
21	35	-11648
21	36	-6048
21	37	-11648
21	38	3872
21	39	-7552
22	23	-7168
22	24	4352
22	25	1792
22	26	-5152
22	27	4672
22	28	5568
22	29	3712
22	30	-3808
22	31	17312
22	32	3872
22	33	-7072
22	34	7168
22	35	24352
22	36	-2048
22	37	5152
22	38	7872
22	39	1248
23	24	-6592
23	25	-4032
23	26	992
23	27	-6912
23	28	-3328
23	29	448
23	30	-11232
23	31	-352
23	32	-6112
23	33	-3488
23	34	1472
23	35	5408
23	36	-6592
23	37	5408
23	38	9088
23	39	13792
24	25	-2752
24	26	-288
24	27	-18432
24	28	8192
24	29	1728
24	30	9248
24	31	928
24	32	1568
24	33	1632
24	34	192
24	35	288
24	36	1088
24	37	13088
24	38	-15232
24	39	12512
25	26	-2848
25	27	-9472
25	28	12032
25	29	-8512
25	30	-13792
25	31	3488
25	32	-8672
25	33	-7328
25	34	-2368
25	35	2848
25	36	-2752
25	37	9248
25	38	12928
25	39	-15648
26	27	-6368
26	28	-8992
26	29	5472
26	30	23552
26	31	-6528
26	32	5632
26	33	-2432
26	34	-13792
26	35	512
26	36	-6688
26	37	6912
26	38	-22368
26	39	5888
27	28	-4288
27	29	1408
27	30	-3872
27	31	7008
27	32	-5152
27	33	-10848
27	34	6912
27	35	-32
27	36	768
27	37	-6432
27	38	-9152
27	39	-12768
28	29	-11648
28	30	-6368
28	31	14752
28	32	1312
28	33	-10912
28	34	-3072
28	35	8992
28	36	-4608
28	37	8992
28	38	5312
28	39	-2592
29	30	-2912
29	31	-4832
29	32	2208
29	33	-5408
29	34	-13248
29	35	7328
29	36	1728
29	37	-11872
29	38	-1792
29	39	11872
30	31	-10112
30	32	-3072
30	33	-6528
30	34	-1568
30	35	-4352
30	36	9248
30	37	-4352
30	38	-19872
30	39	4352
31	32	-4992
31	33	-4608
31	34	-6048
31	35	6528
31	36	928
31	37	128
31	38	-8992
31	39	-128
32	33	13952
32	34	-6688
32	35	768
32	36	14368
32	37	7168
32	38	-1952
32	39	-7168
33	34	-9312
33	35	-3968
33	36	-4768
33	37	8832
33	38	5152
33	39	-2432
34	35	-5408
34	36	192
34	37	13792
34	38	3712
34	39	-992
35	36	-6112
35	37	5888
35	38	9568
35	39	13312
36	37	-18912
36	38	-2432
36	39	-288
37	38	-3232
37	39	-5888
38	39	-9568
