0	1	940
0	2	-9900
0	3	-6100
0	4	3980
0	5	16620
0	6	-3820
0	7	-5260
0	8	-820
0	9	-9260
0	10	-17620
0	11	-1100
0	12	-2100
0	13	-17780
0	14	-19860
0	15	9780
0	16	7700
0	17	8460
0	18	-2740
0	19	-780
0	20	5100
0	21	12980
0	22	-2740
0	23	1940
0	24	7980
0	25	2700
0	26	-12620
0	27	4980
0	28	12180
0	29	-6100
0	30	5900
0	31	-6380
0	32	-8020
0	33	8660
0	34	4460
0	35	14260
0	36	-3340
0	37	7500
0	38	5900
0	39	6260
1	2	-2220
1	3	5420
1	4	-10100
1	5	-3860
1	6	-2540
1	7	2420
1	8	-8500
1	9	4820
1	10	300
1	11	-6220
1	12	3020
1	13	-12660
1	14	-1940
1	15	-1740
1	16	8980
1	17	-5620
1	18	-10420
1	19	-18700
1	20	10220
1	21	7860
1	22	-10420
1	23	3220
1	24	300
1	25	-4980
1	26	1460
1	27	-140
1	28	-5740
1	29	5420
1	30	-14580
1	31	-5100
1	32	3500
1	33	9940
1	34	-22420
1	35	-3660
1	36	-8460
1	37	12620
1	38	4620
1	39	-5260
2	3	11220
2	4	7540
2	5	14100
2	6	-14100
2	7	140
2	8	-460
2	9	-2260
2	10	-2860
2	11	-10420
2	12	-5580
2	13	-2700
2	14	5780
2	15	-2100
2	16	-6420
2	17	-9740
2	18	1460
2	19	-4340
2	20	-6380
2	21	-11700
2	22	7860
2	23	-660
2	24	3540
2	25	8820
2	26	-5300
2	27	-3700
2	28	1900
2	29	-7980
2	30	-13580
2	31	1260
2	32	13140
2	33	11820
2	34	-5740
2	35	-19380
2	36	-1780
2	37	-2380
2	38	-13580
2	39	14220
3	4	2060
3	5	8300
3	6	-21100
3	7	28660
3	8	-9140
3	9	5460
3	10	-6740
3	11	820
3	12	-10420
3	13	-500
3	14	-2580
3	15	-13900
3	16	-3180
3	17	140
3	18	-4660
3	19	1140
3	20	9580
3	21	2100
3	22	-4660
3	23	-2540
3	24	-340
3	25	7180
3	26	8500
3	27	500
3	28	-5100
3	29	11180
3	30	-2420
3	31	-4460
3	32	2860
3	33	4180
3	34	-10260
3	35	-3020
3	36	4980
3	37	-7220
3	38	-8820
3	39	1780
4	5	11980
4	6	820
4	7	-620
4	8	7340
4	9	-17420
4	10	-9460
4	11	-2860
4	12	-6740
4	13	3180
4	14	1100
4	15	1620
4	16	5940
4	17	-2580
4	18	5420
4	19	10260
4	20	-5940
4	21	-7980
4	22	5420
4	23	-6220
4	24	3340
4	25	10860
4	26	11220
4	27	3220
4	28	4020
4	29	2060
4	30	-11540
4	31	17460
4	32	6540
4	33	-5900
4	34	-180
4	35	6100
4	36	7700
4	37	-16340
4	38	-5140
4	39	4500
5	6	-11820
5	7	5940
5	8	780
5	9	1940
5	10	-22420
5	11	3700
5	12	-6900
5	13	-9780
5	14	-11860
5	15	14580
5	16	-300
5	17	3660
5	18	5260
5	19	4020
5	20	-6100
5	21	-1420
5	22	5260
5	23	-12460
5	24	9580
5	25	10700
5	26	-7820
5	27	9780
5	28	4180
5	29	-4500
5	30	1100
5	31	-7980
5	32	-20
5	33	7060
5	34	-340
5	35	-6540
5	36	14260
5	37	-3700
5	38	1100
5	39	17460
6	7	-12340
6	8	5620
6	9	4460
6	10	22420
6	11	-3700
6	12	6900
6	13	9780
6	14	5460
6	15	-1780
6	16	6700
6	17	9140
6	18	1140
6	19	-4020
6	20	-6700
6	21	-11380
6	22	1140
6	23	-340
6	24	-3180
6	25	8500
6	26	1420
6	27	3020
6	28	-4180
6	29	-8300
6	30	-1100
6	31	1580
6	32	-19180
6	33	5740
6	34	340
6	35	-6260
6	36	4940
6	37	-2700
6	38	5300
6	39	-17460
7	8	-2220
7	9	-500
7	10	-11020
7	11	16940
7	12	-7340
7	13	8340
7	14	-2380
7	15	-19540
7	16	14540
7	17	1300
7	18	12500
7	19	3820
7	20	4660
7	21	-3540
7	22	6100
7	23	-5300
7	24	8180
7	25	7060
7	26	-3540
7	27	-1940
7	28	-2740
7	29	9460
7	30	-2540
7	31	3020
7	32	4980
7	33	7180
7	34	-7500
7	35	-4820
7	36	19180
7	37	-4140
7	38	3860
7	39	3180
8	9	180
8	10	11340
8	11	8340
8	12	1260
8	13	-1620
8	14	-3700
8	15	20
8	16	-8460
8	17	-20180
8	18	13420
8	19	2260
8	20	2060
8	21	-9580
8	22	620
8	23	4980
8	24	4940
8	25	-6740
8	26	3220
8	27	-4780
8	28	-10380
8	29	-9140
8	30	2860
8	31	9460
8	32	1740
8	33	5300
8	34	-4980
8	35	-1900
8	36	6100
8	37	-1940
8	38	-3540
8	39	9300
9	10	10580
9	11	-4660
9	12	-4940
9	13	-2060
9	14	20
9	15	-9140
9	16	-7060
9	17	3700
9	18	2100
9	19	1420
9	20	660
9	21	6860
9	22	2100
9	23	-1300
9	24	-8620
9	25	-9740
9	26	460
9	27	14860
9	28	-24340
9	29	5460
9	30	6260
9	31	-18580
9	32	-11820
9	33	-1620
9	34	1300
9	35	-13620
9	36	3980
9	37	4660
9	38	-6540
9	39	-12020
10	11	-6860
10	12	3660
10	13	780
10	14	5100
10	15	-8780
10	16	-10860
10	17	-11380
10	18	-3380
10	19	-6540
10	20	-1940
10	21	-5580
10	22	-3380
10	23	8980
10	24	-18260
10	25	-4340
10	26	820
10	27	-7180
10	28	-12780
10	29	-340
10	30	-1140
10	31	7060
10	32	-2260
10	33	2900
10	34	-15380
10	35	-10700
10	36	-9100
10	37	6860
10	38	-7540
10	39	-12300
11	12	3220
11	13	6100
11	14	-4620
11	15	1900
11	16	-2420
11	17	-7340
11	18	-2540
11	19	-340
11	20	2420
11	21	-1300
11	22	-2540
11	23	-15860
11	24	18740
11	25	11220
11	26	-7700
11	27	300
11	28	12300
11	29	13620
11	30	8020
11	31	5260
11	32	2740
11	33	3020
11	34	-3340
11	35	3820
11	36	8620
11	37	20
11	38	8020
11	39	-980
12	13	-9300
12	14	1420
12	15	1300
12	16	12020
12	17	-8660
12	18	-13460
12	19	-2860
12	20	7180
12	21	4500
12	22	-7060
12	23	-12940
12	24	-2740
12	25	-8020
12	26	10900
12	27	-9900
12	28	3700
12	29	2380
12	30	1580
12	31	4340
12	32	460
12	33	180
12	34	6540
12	35	12180
12	36	-5420
12	37	9580
12	38	1580
12	39	-8620
13	14	4940
13	15	-8620
13	16	-4300
13	17	7660
13	18	15660
13	19	6420
13	20	-14900
13	21	-5420
13	22	-3540
13	23	2740
13	24	780
13	25	14700
13	26	-5420
13	27	-620
13	28	6580
13	29	-6900
13	30	-1300
13	31	820
13	32	10380
13	33	-9740
13	34	-2740
13	35	-10540
13	36	3860
13	37	-18900
13	38	-1300
13	39	7060
14	15	-140
14	16	4180
14	17	-7220
14	18	780
14	19	-4300
14	20	-4180
14	21	3060
14	22	780
14	23	11220
14	24	-7700
14	25	-12980
14	26	-3340
14	27	-17740
14	28	-10540
14	29	-2580
14	30	9420
14	31	2900
14	32	-10900
14	33	-1260
14	34	7980
14	35	4340
14	36	-460
14	37	-1780
14	38	3020
14	39	-3660
15	16	-500
15	17	3540
15	18	-4460
15	19	1580
15	20	6900
15	21	-5780
15	22	1940
15	23	-1140
15	24	-2380
15	25	-9900
15	26	620
15	27	-4180
15	28	1420
15	29	5300
15	30	6100
15	31	-5620
15	32	-5580
15	33	-7860
15	34	1140
15	35	5740
15	36	-8660
15	37	-1900
15	38	-300
15	39	7340
16	17	7860
16	18	6260
16	19	-2740
16	20	11220
16	21	2700
16	22	6260
16	23	940
16	24	-4460
16	25	820
16	26	-3700
16	27	-2100
16	28	-2900
16	29	9620
16	30	-8780
16	31	2860
16	32	-7660
16	33	7020
16	34	5460
16	35	1420
16	36	-180
16	37	2420
16	38	4020
16	39	-9780
17	18	9900
17	19	12180
17	20	-7860
17	21	-6060
17	22	-2900
17	23	2100
17	24	-4980
17	25	8940
17	26	340
17	27	11540
17	28	-460
17	29	6540
17	30	5740
17	31	180
17	32	-14580
17	33	-10380
17	34	17100
17	35	1620
17	36	9620
17	37	-18260
17	38	5740
17	39	-12780
18	19	4180
18	20	-12660
18	21	-7660
18	22	11500
18	23	13300
18	24	-3380
18	25	-2260
18	26	-7660
18	27	3540
18	28	-14860
18	29	-11060
18	30	940
18	31	4980
18	32	-6580
18	33	820
18	34	5900
18	35	-6380
18	36	8020
18	37	-3860
18	38	-5460
18	39	17620
19	20	-3660
19	21	-8020
19	22	-2220
19	23	-3380
19	24	-6540
19	25	-1260
19	26	4780
19	27	6380
19	28	-7220
19	29	13940
19	30	1940
19	31	11340
19	32	9460
19	33	-29300
19	34	16180
19	35	3500
19	36	14700
19	37	-18860
19	38	1940
19	39	-7700
20	21	3700
20	22	140
20	23	-940
20	24	-8340
20	25	-7220
20	26	10100
20	27	-10700
20	28	-3500
20	29	15980
20	30	-10420
20	31	-15660
20	32	-5140
20	33	5780
20	34	-5460
20	35	4980
20	36	-6220
20	37	3980
20	38	-16820
20	39	-9420
21	22	-1260
21	23	8460
21	24	820
21	25	-6700
21	26	-8980
21	27	-980
21	28	-1780
21	29	-4300
21	30	9300
21	31	-8820
21	32	-2380
21	33	1740
21	34	-2060
21	35	15340
21	36	-11860
21	37	14100
21	38	9300
21	39	4140
22	23	-5900
22	24	9420
22	25	-2260
22	26	5140
22	27	9940
22	28	-8460
22	29	-11060
22	30	-5460
22	31	-1420
22	32	-6580
22	33	7220
22	34	5900
22	35	-6380
22	36	8020
22	37	8940
22	38	940
22	39	4820
23	24	-10220
23	25	-11340
23	26	-10740
23	27	-9140
23	28	-9940
23	29	-8940
23	30	4660
23	31	-4180
23	32	-620
23	33	-20
23	34	-6700
23	35	-5620
23	36	-13620
23	37	-3340
23	38	4660
23	39	8780
24	25	14860
24	26	820
24	27	12020
24	28	12820
24	29	-6740
24	30	-1140
24	31	660
24	32	4140
24	33	9300
24	34	-2580
24	35	2100
24	36	10100
24	37	460
24	38	18060
24	39	13300
25	26	-6700
25	27	17300
25	28	18100
25	29	-5620
25	30	-19220
25	31	5940
25	32	5260
25	33	8180
25	34	-1460
25	35	-11820
25	36	8980
25	37	-11220
25	38	-20
25	39	-620
26	27	5420
26	28	-8180
26	29	8500
26	30	-9900
26	31	3980
26	32	-2380
26	33	-17460
26	34	4340
26	35	8940
26	36	7340
26	37	-5100
26	38	-3500
26	39	-8660
27	28	-6580
27	29	500
27	30	-5100
27	31	-820
27	32	-3980
27	33	-3060
27	34	9140
27	35	-8660
27	36	2540
27	37	-300
27	38	1300
27	39	-7060
28	29	-5100
28	30	-4300
28	31	-1620
28	32	16020
28	33	2540
28	34	-2860
28	35	-3060
28	36	1740
28	37	500
28	38	2100
28	39	4940
29	30	-2420
29	31	1940
29	32	2860
29	33	-15020
29	34	-3860
29	35	3380
29	36	-1420
29	37	-7220
29	38	-8820
29	39	-17420
30	31	-3660
30	32	-17140
30	33	4980
30	34	14540
30	35	16980
30	36	-7020
30	37	-1620
30	38	9580
30	39	2580
31	32	10260
31	33	-10900
31	34	4180
31	35	9100
31	36	7500
31	37	-5260
31	38	9140
31	39	-8500
32	33	-13100
32	34	-18580
32	35	-13900
32	36	500
32	37	-9140
32	38	2060
32	39	10100
33	34	-12780
33	35	-5940
33	36	-13940
33	37	9780
33	38	-7820
33	39	8460
34	35	18420
34	36	7220
34	37	-3060
34	38	1740
34	39	-8780
35	36	-6740
35	37	2580
35	38	10580
35	39	2860
36	37	-8620
36	38	12180
36	39	-5140
37	38	-1620
37	39	980
38	39	2580
