0	1	1532
0	2	-3620
0	3	1644
0	4	2092
0	5	-2204
0	6	3060
0	7	-932
0	8	-4180
0	9	-2836
0	10	-4292
0	11	3324
0	12	188
0	13	2652
0	14	-2876
0	15	3100
0	16	412
0	17	260
0	18	-1716
0	19	-2988
0	20	2724
0	21	820
0	22	-2724
0	23	-2092
0	24	1156
0	25	1044
0	26	-1940
0	27	1604
1	2	-484
1	3	-1492
1	4	-1044
1	5	4068
1	6	-76
1	7	-932
1	8	-1044
1	9	3436
1	10	-1156
1	11	188
1	12	-2948
1	13	-484
1	14	260
1	15	-3172
1	16	412
1	17	3396
1	18	1420
1	19	-2988
1	20	-412
1	21	820
1	22	-2724
1	23	1044
1	24	-1980
1	25	-2092
1	26	1196
1	27	-1532
2	3	-372
2	4	3212
2	5	-188
2	6	-4332
2	7	188
2	8	6348
2	9	1420
2	10	3100
2	11	-1828
2	12	-4964
2	13	636
2	14	2276
2	15	-2052
2	16	-1604
2	17	5412
2	18	-3732
2	19	5300
2	20	-4668
2	21	-3436
2	22	-1604
2	23	3060
2	24	36
2	25	-3212
2	26	-3956
2	27	484
3	4	-932
3	5	-5452
3	6	-188
3	7	-820
3	8	-932
3	9	-5860
3	10	-1044
3	11	-2836
3	12	300
3	13	2764
3	14	-2988
3	15	76
3	16	524
3	17	148
3	18	1532
3	19	36
3	20	2612
3	21	708
3	22	3660
3	23	4068
3	24	1044
3	25	4068
3	26	1308
3	27	1492
4	5	372
4	6	-3772
4	7	2764
4	8	2652
4	9	860
4	10	-596
4	11	3884
4	12	-5524
4	13	76
4	14	2836
4	15	524
4	16	-5300
4	17	2836
4	18	-7428
4	19	-412
4	20	-972
4	21	-2876
4	22	-5300
4	23	484
4	24	596
4	25	-5788
4	26	-4516
4	27	1044
5	6	-2388
5	7	260
5	8	3508
5	9	8436
5	10	484
5	11	2276
5	12	-3996
5	13	-6460
5	14	412
5	15	-636
5	16	-4220
5	17	412
5	18	1044
5	19	524
5	20	-2052
5	21	-3284
5	22	-4220
5	23	-372
5	24	-3620
5	25	-3508
5	26	1268
5	27	-932
6	7	-748
6	8	-3772
6	9	-1980
6	10	-3660
6	11	1268
6	12	4404
6	13	5076
6	14	-1716
6	15	1492
6	16	4180
6	17	-1716
6	18	3172
6	19	-1604
6	20	5228
6	21	860
6	22	1044
6	23	-2500
6	24	-2612
6	25	3772
6	26	260
6	27	76
7	8	-372
7	9	972
7	10	-3620
7	11	-2276
7	12	-2276
7	13	3324
7	14	5860
7	15	-2500
7	16	1084
7	17	-412
7	18	-1044
7	19	-524
7	20	2052
7	21	-2988
7	22	-2052
7	23	372
7	24	484
7	25	-5900
7	26	-4404
7	27	-2204
8	9	3996
8	10	2540
8	11	748
8	12	-5524
8	13	-3060
8	14	-300
8	15	524
8	16	-5300
8	17	2836
8	18	-1156
8	19	5860
8	20	-972
8	21	-6012
8	22	-2164
8	23	3620
8	24	-2540
8	25	-2652
8	26	-1380
8	27	1044
9	10	748
9	11	2092
9	12	-4180
9	13	-4852
9	14	1492
9	15	-1268
9	16	-3956
9	17	1492
9	18	188
9	19	1380
9	20	-2316
9	21	-4220
9	22	-3956
9	23	-860
9	24	-3884
9	25	-3996
9	26	-36
9	27	-300
10	11	-2500
10	12	636
10	13	-3172
10	14	-188
10	15	-2724
10	16	-2276
10	17	-188
10	18	-1268
10	19	2836
10	20	-3996
10	21	372
10	22	3996
10	23	596
10	24	708
10	25	596
10	26	1644
10	27	1156
11	12	-1156
11	13	-1828
11	14	-1532
11	15	4892
11	16	-4068
11	17	1604
11	18	-3060
11	19	-1644
11	20	932
11	21	-972
11	22	-4068
11	23	-3884
11	24	-636
11	25	-748
11	26	-148
11	27	2948
12	13	1308
12	14	-1532
12	15	1756
12	16	5340
12	17	-4668
12	18	3212
12	19	-1644
12	20	932
12	21	5300
12	22	5340
12	23	-3884
12	24	2500
12	25	5524
12	26	2988
12	27	-188
13	14	2276
13	15	-2052
13	16	4668
13	17	2276
13	18	-596
13	19	-972
13	20	4740
13	21	-300
13	22	1532
13	23	-76
13	24	36
13	25	-76
13	26	-3956
13	27	484
14	15	-4444
14	16	1380
14	17	1084
14	18	-2764
14	19	-1940
14	20	-1380
14	21	524
14	22	-1756
14	23	300
14	24	188
14	25	-5972
14	26	-2540
14	27	-3396
15	16	-1156
15	17	-1308
15	18	-148
15	19	1716
15	20	1156
15	21	-748
15	22	-1156
15	23	-3660
15	24	2724
15	25	2612
15	26	-372
15	27	3172
16	17	-1756
16	18	3436
16	19	-1868
16	20	708
16	21	5076
16	22	2428
16	23	-972
16	24	2276
16	25	2164
16	26	76
16	27	-3548
17	18	-2764
17	19	1196
17	20	-1380
17	21	-2612
17	22	-1756
17	23	300
17	24	188
17	25	-2836
17	26	-2540
17	27	2876
18	19	260
18	20	2836
18	21	932
18	22	3436
18	23	1156
18	24	-1868
18	25	4292
18	26	4220
18	27	-1420
19	20	-1268
19	21	-5636
19	22	1268
19	23	412
19	24	300
19	25	412
19	26	-2652
19	27	2988
20	21	-1940
20	22	708
20	23	972
20	24	-2276
20	25	972
20	26	-76
20	27	412
21	22	1940
21	23	-260
21	24	2764
21	25	2876
21	26	4292
21	27	-3956
22	23	-972
22	24	2276
22	25	5300
22	26	3212
22	27	2724
23	24	-3732
23	25	-484
23	26	1380
23	27	-4180
24	25	-596
24	26	-1644
24	27	1980
25	26	4516
25	27	2092
26	27	-1196
