0	1	-652
0	2	-5284
0	3	-652
0	4	-468
0	5	3492
0	6	-1100
0	7	-876
0	8	988
0	9	580
0	10	7260
0	11	-5284
0	12	2372
0	13	988
0	14	-804
0	15	5620
0	16	-428
0	17	7372
0	18	876
0	19	2332
0	20	2332
0	21	-1212
0	22	804
0	23	2484
0	24	-2932
0	25	1100
0	26	-1252
0	27	-5620
1	2	-2220
1	3	1884
1	4	-3900
1	5	876
1	6	-804
1	7	-1028
1	8	-2220
1	9	-5620
1	10	-2220
1	11	4052
1	12	-1140
1	13	916
1	14	-428
1	15	1884
1	16	-1476
1	17	-2332
1	18	-2108
1	19	-428
1	20	-428
1	21	-3828
1	22	428
1	23	-4388
1	24	1700
1	25	804
1	26	3156
1	27	1252
2	3	916
2	4	1100
2	5	-4348
2	6	468
2	7	3828
2	8	2556
2	9	2148
2	10	-3716
2	11	2556
2	12	-2332
2	13	-580
2	14	3900
2	15	-2220
2	16	1140
2	17	-3604
2	18	2444
2	19	-2372
2	20	-2372
2	21	3492
2	22	-764
2	23	916
2	24	-1364
2	25	-468
2	26	-2820
2	27	2220
3	4	-764
3	5	876
3	6	-3940
3	7	2108
3	8	916
3	9	-2484
3	10	916
3	11	916
3	12	-1140
3	13	916
3	14	-428
3	15	1884
3	16	-1476
3	17	804
3	18	-2108
3	19	-6700
3	20	2708
3	21	-3828
3	22	428
3	23	-1252
3	24	-1436
3	25	3940
3	26	20
3	27	1252
4	5	-2892
4	6	1924
4	7	2148
4	8	-2036
4	9	468
4	10	1100
4	11	1100
4	12	5396
4	13	4236
4	14	-692
4	15	-3900
4	16	5732
4	17	1212
4	18	4124
4	19	-692
4	20	2444
4	21	1812
4	22	3828
4	23	5508
4	24	-2820
4	25	1212
4	26	-4276
4	27	764
5	6	-4948
5	7	-2036
5	8	-1212
5	9	-356
5	10	1924
5	11	-4348
5	12	988
5	13	1924
5	14	580
5	15	4012
5	16	-2484
5	17	1812
5	18	-1100
5	19	580
5	20	580
5	21	-1700
5	22	-580
5	23	-2260
5	24	2708
5	25	-1324
5	26	4164
5	27	-876
6	7	2556
6	8	-2668
6	9	1100
6	10	468
6	11	3604
6	12	2444
6	13	468
6	14	-876
6	15	-3940
6	16	-1028
6	17	-2780
6	18	3716
6	19	2260
6	20	2260
6	21	6028
6	22	876
6	23	2332
6	24	1252
6	25	356
6	26	-428
6	27	804
7	8	-2444
7	9	-2260
7	10	692
7	11	692
7	12	-916
7	13	3828
7	14	5620
7	15	-1028
7	16	-1252
7	17	580
7	18	3940
7	19	-3788
7	20	2484
7	21	2668
7	22	652
7	23	5244
7	24	-1660
7	25	580
7	26	-3340
7	27	1028
8	9	2148
8	10	-580
8	11	-3716
8	12	-2332
8	13	-6852
8	14	764
8	15	916
8	16	1140
8	17	2668
8	18	-3828
8	19	764
8	20	-2372
8	21	356
8	22	2372
8	23	-2220
8	24	-1364
8	25	-468
8	26	316
8	27	-916
9	10	2148
9	11	-988
9	12	764
9	13	-988
9	14	-2332
9	15	652
9	16	428
9	17	-1100
9	18	2260
9	19	804
9	20	804
9	21	4348
9	22	-3940
9	23	652
9	24	-204
9	25	2036
9	26	-1884
9	27	-3788
10	11	-3716
10	12	3940
10	13	2556
10	14	-2372
10	15	4052
10	16	-1996
10	17	5804
10	18	2444
10	19	764
10	20	3900
10	21	356
10	22	-764
10	23	4052
10	24	-4500
10	25	2668
10	26	-2820
10	27	-4052
11	12	804
11	13	2556
11	14	-2372
11	15	-2220
11	16	1140
11	17	-6740
11	18	2444
11	19	-2372
11	20	764
11	21	356
11	22	-764
11	23	-2220
11	24	1772
11	25	2668
11	26	316
11	27	2220
12	13	3940
12	14	-3676
12	15	-1140
12	16	1772
12	17	692
12	18	4052
12	19	2596
12	20	2596
12	21	2556
12	22	3676
12	23	1996
12	24	-1548
12	25	692
12	26	-92
12	27	1140
13	14	764
13	15	916
13	16	1140
13	17	-468
13	18	5580
13	19	-2372
13	20	3900
13	21	356
13	22	-764
13	23	4052
13	24	-1364
13	25	2668
13	26	-2820
13	27	-916
14	15	-428
14	16	-204
14	17	876
14	18	652
14	19	-1028
14	20	-1028
14	21	2148
14	22	1028
14	23	2708
14	24	-20
14	25	-2260
14	26	-1476
14	27	428
15	16	-1476
15	17	3940
15	18	1028
15	19	-428
15	20	-428
15	21	-3828
15	22	-2708
15	23	-1252
15	24	-1436
15	25	804
15	26	20
15	27	-5020
16	17	1028
16	18	1252
16	19	-204
16	20	-204
16	21	-916
16	22	3340
16	23	1660
16	24	-1212
16	25	1028
16	26	-2892
16	27	-1660
17	18	-580
17	19	876
17	20	876
17	21	-2892
17	22	2260
17	23	3940
17	24	-4388
17	25	-356
17	26	-2708
17	27	-3940
18	19	652
18	20	652
18	21	3604
18	22	-652
18	23	4164
18	24	-1476
18	25	-580
18	26	-2932
18	27	-1028
19	20	-4164
19	21	2148
19	22	1028
19	23	-428
19	24	-20
19	25	-5396
19	26	1660
19	27	428
20	21	2148
20	22	1028
20	23	2708
20	24	-20
20	25	7148
20	26	-1476
20	27	-2708
21	22	988
21	23	2444
21	24	1140
21	25	244
21	26	-540
21	27	692
22	23	428
22	24	20
22	25	-876
22	26	1476
22	27	2708
23	24	-4572
23	25	804
23	26	-6252
23	27	-1884
24	25	-1252
24	26	5804
24	27	1436
25	26	-2708
25	27	-3940
26	27	3116
