0	1	5280
0	2	2160
0	3	5400
0	4	-5520
0	5	6360
0	6	6360
0	7	8520
0	8	-4560
0	9	6720
0	10	-3840
0	11	2400
0	12	4440
0	13	-2400
0	14	-1920
0	15	-1080
0	16	-3840
0	17	7440
0	18	-3720
0	19	2520
0	20	-1080
0	21	4800
0	22	7080
0	23	-3600
0	24	4920
0	25	-1440
0	26	600
0	27	1320
0	28	-240
0	29	-600
1	2	3120
1	3	840
1	4	-960
1	5	-3480
1	6	5400
1	7	360
1	8	1680
1	9	4080
1	10	-10080
1	11	-7440
1	12	-120
1	13	-1440
1	14	-2880
1	15	-3720
1	16	-6480
1	17	8400
1	18	-6360
1	19	1560
1	20	1560
1	21	3840
1	22	-4680
1	23	2640
1	24	-3240
1	25	-14880
1	26	1560
1	27	-3240
1	28	4320
1	29	3960
2	3	-3240
2	4	-7680
2	5	-6600
2	6	1320
2	7	-3720
2	8	-6000
2	9	4560
2	10	-9600
2	11	-6960
2	12	6600
2	13	-960
2	14	-3360
2	15	3960
2	16	-2400
2	17	-1920
2	18	-2280
2	19	1080
2	20	1080
2	21	3360
2	22	5640
2	23	-1440
2	24	-120
2	25	3600
2	26	-5160
2	27	-3720
2	28	-2400
2	29	840
3	4	8040
3	5	-240
3	6	1920
3	7	3360
3	8	-1560
3	9	3000
3	10	-4440
3	11	120
3	12	-6960
3	13	-2280
3	14	-600
3	16	-840
3	17	5880
3	18	2640
3	19	2160
3	20	-5040
3	21	3480
3	22	1200
3	23	1080
3	24	-3840
3	25	-3240
3	26	9120
3	27	3360
3	28	6360
3	29	-480
4	5	-7080
4	6	5400
4	7	3960
4	8	5280
4	9	-3120
4	10	720
4	11	-240
4	12	-7320
4	13	-1440
4	14	720
4	15	-120
4	16	-2880
4	17	-2400
4	18	8040
4	19	-5640
4	20	1560
4	21	-3360
4	22	-1080
4	23	-4560
4	24	-3240
4	25	-480
4	26	1560
4	27	7560
4	28	4320
4	29	360
5	6	-6480
5	7	2880
5	8	600
5	9	5160
5	10	5400
5	11	4440
5	12	6000
5	13	-3960
5	14	-360
5	15	960
5	16	-9000
5	17	2280
5	18	5520
5	19	480
5	20	-3120
5	21	-840
5	22	1440
5	23	1560
5	24	6480
5	25	-3000
5	26	-960
5	27	6480
5	28	-9000
5	29	1440
6	7	-1200
6	8	1080
6	9	-3240
6	10	-7080
6	11	1080
6	12	-720
6	13	5880
6	14	-1560
6	15	960
6	16	-3480
6	17	3240
6	19	4800
6	20	1200
6	21	-4680
6	22	240
6	23	-10680
6	24	-1200
6	25	-2280
6	26	6480
6	27	-1200
6	28	120
6	29	480
7	8	-4680
7	9	-8280
7	10	9480
7	11	-360
7	12	-6480
7	13	840
7	14	3480
7	15	-480
7	16	5880
7	17	-1800
7	18	-5040
7	19	-960
7	20	-960
7	21	3960
7	22	-5520
7	23	-5640
7	24	7440
7	25	7080
7	26	-2160
7	27	3840
7	28	5880
7	29	-960
8	9	3840
8	10	3600
8	11	-2640
8	12	-600
8	13	5760
8	14	5760
8	15	4440
8	17	-480
8	18	7080
8	19	-5880
8	20	-2280
8	21	-960
8	22	3960
8	23	-3360
8	24	-4680
8	25	1200
8	26	2760
8	27	13320
8	29	360
9	10	-12240
9	11	-2400
9	12	2040
9	13	-10800
9	14	-720
9	15	4920
9	16	-12240
9	17	2640
9	18	5880
9	19	120
9	20	-3480
9	21	9600
9	22	4680
9	23	4800
9	24	-8280
9	25	-6240
9	26	-600
9	27	2520
9	28	-5040
9	29	-1800
10	11	5040
10	12	1800
10	13	7440
10	14	6240
10	15	1560
10	16	9600
10	17	-720
10	18	-4680
10	19	3480
10	20	-120
10	21	-1440
10	22	-2760
10	23	-6240
10	24	5880
10	25	8400
10	26	-7560
10	27	2280
10	28	-1200
10	29	-5160
11	12	2760
11	13	2880
11	15	-3000
11	16	-5760
11	17	-1680
11	18	-2040
11	19	4440
11	20	-6360
11	21	3120
11	22	5400
11	23	1920
11	24	-3960
11	25	240
11	26	-1320
11	27	-360
11	28	-2160
11	29	1080
12	13	-3240
12	14	-6840
12	15	6240
12	16	-5400
12	17	4920
12	18	1680
12	19	-480
12	20	-480
12	21	-2760
12	22	2160
12	23	-1560
12	24	720
12	25	-600
12	26	-6240
12	27	4320
12	28	-9000
12	29	-1440
13	14	4800
13	15	-600
13	16	7440
13	17	720
13	18	-6840
13	19	5640
13	20	5640
13	21	720
13	22	3000
13	23	-4080
13	24	-2760
13	25	6240
13	26	4680
13	27	840
13	28	-3360
13	29	-120
14	15	-3720
14	16	6240
14	17	-1440
14	18	2520
14	19	2280
14	20	-4920
14	22	1320
14	23	-6000
14	24	7080
14	25	7440
14	26	1800
14	27	-3720
14	28	6240
14	29	-600
15	16	5160
15	17	-5160
15	18	8880
15	19	7920
15	20	4320
15	21	-600
15	22	1680
15	23	-1800
15	24	-480
15	25	3960
15	26	-4800
15	27	6720
15	28	-9240
15	29	-6000
16	17	-720
16	18	-4680
16	19	7080
16	20	7080
16	21	-5040
16	22	-9960
16	23	960
16	24	5880
16	25	12000
16	26	-3960
16	27	-4920
16	28	6000
16	29	-12360
17	18	-7800
17	19	6600
17	20	-4200
17	21	8880
17	22	-3240
17	23	480
17	24	-1800
17	25	-5520
17	26	3720
17	27	1800
17	28	-7920
17	29	-1080
18	19	-7440
18	20	-3840
18	21	-5160
18	22	7920
18	23	4440
18	24	2160
18	25	1320
18	26	3360
18	27	9360
18	28	-4680
18	29	2160
19	20	1440
19	21	2760
19	22	-3120
19	23	360
19	24	-960
19	25	-2520
19	26	-4560
19	27	-11760
19	28	-120
19	29	-6960
20	21	-8040
20	22	-10320
20	23	360
20	24	-4560
20	25	1080
20	26	-960
20	27	2640
20	28	-3720
20	29	240
21	22	5400
21	23	-1920
21	24	-6840
21	25	-240
21	26	4920
21	27	3960
21	28	-5040
21	29	2520
22	23	-600
22	24	1680
22	25	2040
22	26	3600
22	27	1680
22	28	-2760
22	29	8400
23	24	-5640
23	25	-1440
23	26	-3480
23	27	-2040
23	28	960
23	29	1320
24	25	3480
24	26	1440
24	27	-6960
24	28	2280
24	29	-960
25	26	-1560
25	27	7080
25	28	-2400
25	29	-6360
26	27	5040
26	28	-360
26	29	6480
27	28	-8520
27	29	2640
28	29	-1560
