0	1	-632
0	2	-928
0	3	2912
0	4	-3448
0	5	-6152
0	6	-5728
0	7	-7232
0	8	-4352
0	9	6752
0	10	-6152
0	11	1232
0	12	-4952
0	13	4768
0	14	-7288
0	15	-2248
0	16	3032
0	17	208
0	18	6208
0	19	-10952
0	20	5248
0	21	-3392
0	22	-752
0	23	-6632
0	24	-152
0	25	7168
0	26	11912
0	27	1168
0	28	5312
0	29	11248
1	2	-5848
1	3	-2008
1	4	6032
1	5	-1232
1	6	7352
1	7	1288
1	8	-3032
1	9	-5368
1	10	2368
1	11	3512
1	12	3568
1	13	2488
1	14	9392
1	15	7232
1	16	-1888
1	17	1528
1	18	-6872
1	19	1168
1	20	-632
1	21	-9272
1	22	-3032
1	23	5488
1	24	-6032
1	25	-5912
1	26	-208
1	27	-1112
1	28	-3208
1	29	5368
2	3	-3632
2	4	-872
2	5	3272
2	6	-5792
2	7	-2848
2	8	5072
2	9	-7472
2	10	3272
2	11	1648
2	12	5672
2	13	3152
2	14	-632
2	15	5128
2	16	3448
2	17	512
2	18	1712
2	19	-2728
2	20	-928
2	21	4112
2	22	8672
2	23	-3448
2	24	872
2	25	-2848
2	26	5368
2	27	10352
2	28	1168
2	29	-3328
3	4	2488
3	5	-88
3	6	-2432
3	7	4592
3	8	5312
3	9	-4112
3	10	-88
3	11	5008
3	12	-1288
3	13	6992
3	14	2728
3	15	-5912
3	16	-3992
3	17	-6448
3	18	-5248
3	19	1112
3	20	-688
3	21	-2848
3	22	5312
3	23	392
3	24	4712
3	25	992
3	26	5128
3	27	-208
3	28	-2672
3	29	4112
4	5	-2848
4	6	328
4	7	5432
4	8	-1048
4	9	-12152
4	10	-2848
4	11	568
4	12	6752
4	13	4232
4	14	9088
4	15	4048
4	16	2368
4	17	-12808
4	18	-11608
4	19	5552
4	20	7352
4	21	1592
4	22	6152
4	23	4832
4	24	5552
4	25	1832
4	26	-2912
4	27	632
4	28	-10712
4	29	-2248
5	6	2072
5	7	2968
5	8	5848
5	9	3752
5	10	-3152
5	11	-1768
5	12	-9152
5	13	-6632
5	14	512
5	15	-8848
5	16	-3568
5	17	-3992
5	18	5608
5	19	6448
5	20	-2552
5	21	-3992
5	22	-1352
5	23	-3632
5	24	-752
5	25	-7832
5	26	5312
5	27	568
5	28	2312
5	29	3448
6	7	3152
6	8	3872
6	9	4528
6	10	5672
6	11	2848
6	12	4472
6	13	5552
6	14	4168
6	15	-872
6	16	-2552
6	17	2912
6	18	4112
6	19	6872
6	20	-2128
6	21	-7888
6	22	3872
6	23	-8248
6	24	-328
6	25	-448
6	26	-7832
6	27	-1648
6	28	-4832
6	29	-8128
7	8	4768
7	9	1232
7	10	2968
7	11	-688
7	12	568
7	13	-512
7	14	5192
7	15	-4168
7	16	-2488
7	17	-5072
7	18	928
7	19	8968
7	20	-32
7	21	-1472
7	22	-2432
7	23	2488
7	24	-5432
7	25	-1712
7	26	-4408
7	27	-7712
7	28	3392
7	29	-8432
8	9	-1648
8	10	5848
8	11	-3568
8	12	3448
8	13	-4832
8	14	2312
8	15	-3448
8	16	-1768
8	17	-5792
8	18	-3392
8	19	-2552
8	20	-752
8	21	-5792
8	22	4048
8	23	-9032
8	24	4648
8	25	-2432
8	26	3512
8	27	2368
8	28	4112
8	29	1648
9	10	-7048
9	11	1168
9	12	-4648
9	13	32
9	14	-8312
9	15	-6152
9	16	-4232
9	17	8192
9	18	9392
9	19	-5848
9	20	-448
9	21	992
9	22	-5248
9	23	-10168
9	24	-2248
9	25	4832
9	26	-2312
9	27	-7168
9	28	688
9	29	4352
10	11	1832
10	12	1648
10	13	-6632
10	14	4112
10	15	1952
10	16	3632
10	17	-3992
10	18	-1592
10	19	6448
10	20	-2552
10	21	-392
10	22	-1352
10	23	-32
10	24	-752
10	25	-4232
10	26	-1888
10	27	4168
10	28	-1288
10	29	-10952
11	12	4232
11	13	8912
11	14	-2792
11	15	2968
11	16	-5912
11	17	2672
11	18	-3328
11	19	-568
11	20	4832
11	21	-4528
11	22	32
11	23	-1288
11	24	6632
11	25	2912
11	26	-392
11	27	-1888
11	28	-8192
11	29	2432
12	13	5368
12	14	2912
12	15	4352
12	16	-1168
12	17	-6392
12	18	-7592
12	19	-3152
12	20	5848
12	21	-6392
12	22	3448
12	23	-6032
12	24	7648
12	25	568
12	26	-3088
12	27	5368
12	28	-2488
12	29	-2552
13	14	3992
13	15	5432
13	16	-88
13	17	3328
13	18	2128
13	19	-4232
13	20	1168
13	21	-272
13	22	2368
13	23	3688
13	24	6568
13	25	-512
13	26	1592
13	27	688
13	28	-5008
13	29	-32
14	15	-6512
14	16	-8192
14	17	-9448
14	18	-11848
14	19	8912
14	20	-88
14	21	-2248
14	22	-1288
14	23	8192
14	24	1712
14	25	-2008
14	26	928
14	27	-6808
14	28	-6872
14	29	1112
15	16	8368
15	17	9992
15	18	3992
15	19	-4048
15	20	-5848
15	21	9992
15	22	3752
15	23	-1168
15	24	-448
15	25	-568
15	26	-4112
15	27	5432
15	28	-1112
15	29	-1048
16	17	4472
16	18	5672
16	19	-5968
16	20	3032
16	21	8072
16	22	1832
16	23	512
16	24	1232
16	25	4712
16	26	-2192
16	27	7112
16	28	8008
16	29	-2968
17	18	8368
17	19	-5192
17	20	-6992
17	21	9568
17	22	1408
17	23	-872
17	24	-5192
17	25	-1472
17	26	-8248
17	27	-3872
17	28	10352
17	29	-992
18	19	808
18	20	-4592
18	21	1168
18	22	208
18	23	-9272
18	24	-2792
18	25	-2672
18	26	3752
18	27	-1472
18	28	7952
18	29	-5792
19	20	-3752
19	21	-1592
19	22	1048
19	23	2368
19	24	-5552
19	25	-5432
19	26	-4288
19	27	-4232
19	28	-3688
19	29	-12152
20	21	-10592
20	22	-4352
20	23	4168
20	24	3448
20	25	7168
20	26	4712
20	27	-6032
20	28	1712
20	29	4048
21	22	1408
21	23	2728
21	24	2008
21	25	2128
21	26	-4648
21	27	-272
21	28	-448
21	29	-992
22	23	-12632
22	24	1048
22	25	1168
22	26	-7288
22	27	2368
22	28	-6688
22	29	-9152
23	24	-4832
23	25	-4712
23	26	-1408
23	27	-3512
23	28	-808
23	29	-632
24	25	-5432
24	26	2912
24	27	-632
24	28	-3688
24	29	5848
25	26	2792
25	27	-512
25	28	-3808
25	29	5968
26	27	5192
26	28	2728
26	29	13112
27	28	-1408
27	29	-3632
28	29	2912
