0	1	1240
0	2	-2240
0	3	-1480
0	4	4040
0	5	-6200
0	6	1960
0	7	-10040
0	8	-2920
0	9	7400
0	10	1600
0	11	3400
0	12	-3560
0	13	-1160
0	14	1880
0	15	3800
0	16	3760
0	17	-2000
0	18	6520
0	19	-2360
0	20	2840
0	21	-8240
0	22	-2680
0	23	320
0	24	-3880
0	25	760
0	26	-4720
0	27	-1160
0	28	-2720
0	29	1720
1	2	-2720
1	3	2600
1	4	920
1	5	4120
1	6	-2120
1	7	3880
1	8	4760
1	9	7880
1	10	4720
1	11	10120
1	12	3160
1	13	-1640
1	14	5960
1	15	4280
1	16	-3920
1	17	-6080
1	18	-1160
1	19	-2840
1	20	-3880
1	21	-1520
1	22	5000
1	23	800
1	24	3800
1	25	-3320
1	26	-7840
1	27	1960
1	28	400
1	29	-5960
2	3	-1120
2	4	8000
2	5	7840
2	6	-9200
2	7	4000
2	8	-2560
2	9	-10240
2	10	8440
2	11	-4160
2	12	-11120
2	13	-1520
2	14	5840
2	15	-3040
2	16	-3800
2	17	-5960
2	18	-4640
2	19	880
2	20	-4000
2	21	2200
2	22	1280
2	23	-2920
2	24	7280
2	25	-6800
2	26	6440
2	27	5680
2	28	4120
2	29	-2240
3	4	-7880
3	5	2840
3	6	-1720
3	7	-520
3	8	2680
3	9	-440
3	10	2240
3	11	4040
3	12	200
3	13	1400
3	14	8680
3	15	-7640
3	16	7280
3	17	5840
3	18	-6280
3	19	-4600
3	20	520
3	21	1280
3	22	2440
3	23	-4160
3	24	3640
3	25	6680
3	26	880
3	27	1400
3	28	6560
3	29	-1480
4	5	8360
4	6	3800
4	7	-5800
4	8	-6440
4	9	1240
4	10	7760
4	11	-1240
4	12	-5080
4	13	-3880
4	14	-7640
4	15	8440
4	16	-1600
4	17	-6640
4	18	2840
4	19	920
4	20	-1400
4	21	-4000
4	22	-6680
4	23	1120
4	24	5320
4	25	-13000
4	26	-1040
4	27	10520
4	28	8480
4	29	-3160
5	6	1240
5	7	40
5	8	5000
5	9	920
5	10	880
5	11	6280
5	12	-7880
5	13	1720
5	14	2600
5	15	920
5	16	-7760
5	17	880
5	18	-8600
5	19	-3080
5	20	3560
5	21	1840
5	22	-1960
5	23	-6160
5	24	4040
5	25	-10760
5	26	-400
5	27	1720
5	28	3760
5	29	4600
6	7	-13400
6	8	-6760
6	9	7160
6	10	-1760
6	11	-7160
6	12	3880
6	13	-920
6	14	-5560
6	15	3560
6	16	4000
6	17	5440
6	18	-440
6	19	-5720
6	20	2600
6	21	-800
6	22	680
6	23	3680
6	24	-520
6	25	-2600
6	26	-1360
6	27	-920
6	28	4720
6	29	1960
7	8	8840
7	9	-6040
7	10	640
7	11	-1160
7	12	-920
7	13	-2120
7	14	2840
7	15	1160
7	16	-4400
7	17	4240
7	18	1960
7	19	280
7	20	200
7	21	5200
7	22	1880
7	23	1280
7	24	4280
7	25	7000
7	26	-160
7	27	-9320
7	28	-3680
7	29	760
8	9	1000
8	10	-6400
8	11	6200
8	12	9560
8	13	3560
8	14	-4280
8	15	-6200
8	16	-12160
8	17	8000
8	18	-4120
8	19	1160
8	20	9160
8	21	7040
8	22	280
8	23	-2720
8	24	1480
8	25	1640
8	26	-4880
8	27	-3640
8	28	-5680
8	29	4280
9	10	-3280
9	11	5720
9	12	1880
9	13	10280
9	14	-7400
9	15	-2120
9	16	1760
9	17	3920
9	18	2600
9	19	-2920
9	20	13240
9	21	-4240
9	22	760
9	23	8560
9	24	-5240
9	25	1160
9	26	-8000
9	27	3080
9	28	-2560
9	29	3800
10	11	-3920
10	12	-7280
10	13	2320
10	14	5600
10	15	11120
10	16	40
10	17	-5720
10	18	-4400
10	19	-6080
10	20	-7840
10	21	-1160
10	22	4640
10	23	4040
10	24	-160
10	25	-2960
10	26	-4600
10	27	2320
10	28	760
10	29	-2000
11	12	1720
11	13	520
11	14	3800
11	15	2120
11	16	-8960
11	17	-7520
11	18	1000
11	19	2920
11	20	4760
11	21	-2960
11	22	-760
11	23	-1360
11	24	-1960
11	25	-1160
11	26	800
11	27	7720
11	28	-4640
11	29	3400
12	13	760
12	14	-7240
12	15	-1720
12	16	-1520
12	17	3520
12	18	-2360
12	19	-4040
12	20	920
12	21	880
12	22	2600
12	23	2000
12	24	-2200
12	25	2680
12	26	560
12	27	760
12	28	-800
12	29	-3560
13	14	-6040
13	15	-520
13	16	-2720
13	17	-1280
13	18	-7160
13	19	-1640
13	20	9320
13	21	-320
13	22	-3400
13	23	6800
13	24	-11800
13	25	1480
13	26	1760
13	27	-4040
13	28	-5600
13	29	6040
14	15	7000
14	16	-160
14	17	2000
14	18	-2920
14	19	2360
14	20	-6440
14	21	1040
14	22	2680
14	23	-11120
14	24	3880
14	25	2840
14	26	-2480
14	27	-2440
14	28	-880
14	29	-1720
15	16	-1840
15	17	320
15	18	2600
15	19	680
15	20	-1160
15	21	-4240
15	22	-6440
15	23	-2240
15	24	-1640
15	25	-6040
15	26	-4400
15	27	-4120
15	28	-2560
15	29	3800
16	17	3640
16	18	8560
16	19	-3920
16	20	-2800
16	21	-9800
16	22	2480
16	23	-1720
16	24	4880
16	25	6400
16	26	4040
16	27	-6320
16	28	6520
16	29	-7040
17	18	-800
17	19	4720
17	20	6560
17	21	2440
17	22	1040
17	23	440
17	24	3440
17	25	640
17	26	-4600
17	27	-8480
17	28	-2840
17	29	8800
18	19	2440
18	20	8840
18	21	-3440
18	22	-280
18	23	2720
18	24	2120
18	25	-1640
18	26	4880
18	27	40
18	28	-1520
18	29	2920
19	20	-280
19	21	-1520
19	22	1400
19	23	-2800
19	24	200
19	25	-6920
19	26	2960
19	27	1960
19	28	-3200
19	29	1240
20	21	2000
20	22	-5480
20	23	2320
20	24	-7880
20	25	-3400
20	26	160
20	27	2120
20	28	-3520
20	29	13640
21	22	7280
21	23	3080
21	24	-1120
21	25	-2000
21	26	-5560
21	27	3280
21	28	-5480
21	29	-1040
22	23	4240
22	24	1240
22	25	1880
22	26	-5120
22	27	200
22	28	-5440
22	29	-6280
23	24	-8960
23	25	-2320
23	26	2680
23	27	3200
23	28	-2440
23	29	7520
24	25	680
24	26	-320
24	27	-1000
24	28	11360
24	29	-3880
25	26	-160
25	27	-9320
25	28	-80
25	29	-6440
26	27	1760
26	28	6920
26	29	2480
27	28	1600
27	29	-1160
28	29	-6320
