0	1	4400
0	2	192
0	3	5680
0	4	-5408
0	5	2992
0	6	-2272
0	7	4000
0	8	2880
0	9	80
0	10	-8032
0	11	4784
0	12	-1264
0	13	304
0	14	-5120
0	15	5632
0	16	3504
0	17	-368
0	18	-1040
0	19	-928
0	20	-7536
0	21	-5008
0	22	3664
0	23	1536
0	24	-640
0	25	640
0	26	3328
0	27	192
1	2	-3168
1	3	2320
1	4	640
1	5	2768
1	6	-2496
1	7	3776
1	8	-480
1	9	-144
1	10	-1536
1	11	1424
1	12	-1488
1	13	9488
1	14	1376
1	15	5856
1	16	-2544
1	17	5680
1	18	1872
1	19	-4288
1	20	-1488
1	21	-1648
1	22	3440
1	23	-1824
1	24	-416
1	25	416
1	26	3104
1	27	3104
2	3	-640
2	4	-2096
2	5	-7360
2	6	1040
2	7	-2096
2	8	2160
2	9	-7584
2	10	-3280
2	11	3392
2	12	6304
2	13	-4672
2	14	3216
2	15	1872
2	16	864
2	17	-4000
2	18	2944
2	19	-304
2	20	32
2	21	-3168
2	22	-4896
2	23	368
2	24	-4400
2	25	-1872
2	26	-4560
2	27	1712
3	4	1824
3	5	2832
3	6	-4448
3	7	-1312
3	8	-192
3	9	-528
3	10	-928
3	11	4176
3	12	-2320
3	13	-752
3	14	2432
3	15	1088
3	16	3216
3	17	-80
3	18	592
3	19	-2656
3	20	-5456
3	21	-816
3	22	8432
3	23	-1984
3	24	-2048
3	25	-4224
3	26	2496
3	27	-640
4	5	-1760
4	6	3504
4	7	3504
4	8	-1648
4	9	1152
4	10	3664
4	11	2720
4	12	2496
4	13	-2208
4	14	752
4	15	-592
4	16	4672
4	17	-1536
4	18	-864
4	19	-7248
4	20	-3776
4	21	640
4	22	704
4	23	-304
4	24	2544
4	25	592
4	26	-2096
4	27	-2096
5	6	-4896
5	7	1376
5	8	-640
5	9	5296
5	10	-480
5	11	-2544
5	12	-5904
5	13	-1200
5	14	2880
5	15	1536
5	16	-2608
5	17	2608
5	18	3280
5	19	32
5	20	-2768
5	21	2768
5	22	1712
5	23	3840
5	24	-1600
5	25	4736
5	26	-1088
5	27	-4224
6	7	368
6	8	1488
6	9	-1984
6	10	6800
6	11	-3552
6	12	5632
6	13	928
6	14	-2384
6	15	2544
6	16	4672
6	17	-4672
6	18	2272
6	19	-976
6	20	-640
6	21	-5632
6	22	704
6	23	2832
6	24	2544
6	25	-2544
6	26	-5232
6	27	-2096
7	8	1488
7	9	1152
7	10	-2608
7	11	2720
7	12	-640
7	13	928
7	14	-2384
7	15	5680
7	16	4672
7	17	1600
7	18	2272
7	19	-7248
7	20	-3776
7	21	-2496
7	22	-2432
7	23	2832
7	24	2544
7	25	592
7	26	1040
7	27	-2096
8	9	-4000
8	10	-592
8	11	704
8	12	-2656
8	13	2048
8	14	2768
8	15	4560
8	16	-2720
8	17	-3552
8	18	256
8	19	144
8	20	-2656
8	21	-480
8	22	-4448
8	23	3952
8	24	4560
8	25	1712
8	26	-976
8	27	2160
9	10	-3392
9	11	-5904
9	12	-6128
9	13	-4560
9	14	-32
9	15	1760
9	16	-5520
9	17	8656
9	18	-3216
9	19	2944
9	20	144
9	21	-144
9	22	4624
9	23	480
9	24	1760
9	25	1376
9	26	-4448
9	27	-10720
10	11	-4960
10	12	-1600
10	13	3104
10	14	-1648
10	15	-3440
10	16	704
10	17	-704
10	18	1760
10	19	1872
10	20	4672
10	21	1600
10	22	192
10	23	1200
10	24	-304
10	25	-2832
10	26	-3280
10	27	2992
11	12	1712
11	13	144
11	14	-1600
11	15	192
11	16	5456
11	17	-2320
11	18	1488
11	19	-8032
11	20	-4560
11	21	1424
11	22	-3216
11	23	-4224
11	24	-2944
11	25	-192
11	26	3392
11	27	3392
12	13	-3216
12	14	-1376
12	15	416
12	16	5680
12	17	-5680
12	18	4400
12	19	-5120
12	20	-1648
12	21	-1488
12	22	-3440
12	23	1824
12	24	416
12	25	-416
12	26	32
12	27	32
13	14	192
13	15	-1152
13	16	-2160
13	17	-976
13	18	-304
13	19	-416
13	20	-80
13	21	80
13	22	1264
13	23	-2880
13	24	1984
13	25	-1984
13	26	7872
13	27	7872
14	15	-528
14	16	-5792
14	17	-480
14	18	1984
14	19	-1040
14	20	-1376
14	21	-1760
14	22	416
14	23	-1712
14	24	-3664
14	25	528
14	26	-3056
14	27	-3056
15	16	1824
15	17	1312
15	18	640
15	19	752
15	20	-2720
15	21	-3552
15	22	2208
15	23	9488
15	24	816
15	25	2320
15	26	-4400
15	27	-4400
16	17	-5968
16	18	-368
16	19	-3392
16	20	-3728
16	21	-2544
16	22	1200
16	23	2208
16	24	-1312
16	25	-1824
16	26	4000
16	27	864
17	18	-2768
17	19	256
17	20	6864
17	21	2544
17	22	5072
17	23	-5344
17	24	1312
17	25	1824
17	26	-4000
17	27	-4000
18	19	-8480
18	20	-1872
18	21	-1264
18	22	-6800
18	23	1600
18	24	-2496
18	25	-3776
18	26	-3328
18	27	-192
19	20	4288
19	21	1984
19	22	2496
19	23	4624
19	24	-2384
19	25	2384
19	26	-304
19	27	-304
20	21	1648
20	22	-304
20	23	-4448
20	24	3552
20	25	2720
20	26	-3104
20	27	32
21	22	-2832
21	23	1312
21	24	2720
21	25	3552
21	26	3104
21	27	3104
22	23	-3104
22	24	2208
22	25	-2208
22	26	1376
22	27	-1760
23	24	80
23	25	3056
23	26	-2768
23	27	-2768
24	25	5456
24	26	1872
24	27	-1264
25	26	-1872
25	27	-5008
26	27	7984
