0	1	-8016
0	2	-1296
0	3	3072
0	4	7104
0	5	-6320
0	6	1168
0	7	-2416
0	8	-2960
0	9	608
0	10	-2528
0	11	3424
0	12	-1616
0	13	-9344
0	14	-2400
0	15	48
0	16	-4544
0	17	-48
0	18	4640
0	19	-5984
0	20	-5104
0	21	1856
0	22	-1072
0	23	3744
0	24	3520
0	25	-4096
0	26	1072
0	27	-1296
1	2	2864
1	3	-4640
1	4	-5536
1	5	1616
1	6	-2736
1	7	848
1	8	4528
1	9	4096
1	10	960
1	11	-1856
1	12	48
1	13	1504
1	14	3968
1	15	7792
1	16	-3296
1	17	1616
1	18	-6208
1	19	1280
1	20	6672
1	21	5984
1	22	-3632
1	23	-2176
1	24	-1952
1	25	2528
1	26	496
1	27	-272
2	3	1184
2	4	288
2	5	2064
2	6	-3184
2	7	-2736
2	8	1840
2	9	-5760
2	10	-2624
2	11	1728
2	12	496
2	13	5088
2	14	1280
2	15	4208
2	16	2528
2	17	-4208
2	18	-384
2	19	-4544
2	20	-48
2	21	6432
2	22	2192
2	23	-2624
2	24	736
2	25	2080
2	26	7216
2	27	2416
3	4	2192
3	5	160
3	6	-1280
3	7	-3968
3	8	-64
3	9	2416
3	10	-720
3	11	-3312
3	12	1728
3	13	48
3	14	2512
3	15	2976
3	16	-1840
3	17	3296
3	18	-1616
3	19	-176
3	20	-4416
3	21	1392
3	22	7232
3	23	2416
3	24	-6768
3	25	-5424
3	26	-960
3	27	4320
4	5	-2080
4	6	960
4	7	-4864
4	8	832
4	9	1520
4	10	-1616
4	11	720
4	12	5760
4	13	-2192
4	14	272
4	15	-1056
4	16	400
4	17	1056
4	18	-2512
4	19	-2416
4	20	-2176
4	21	-848
4	22	3200
4	23	4656
4	24	4880
4	25	-6320
4	26	-64
4	27	288
5	6	-1744
5	7	4080
5	8	-48
5	9	832
5	10	-2304
5	11	-3072
5	12	1296
5	13	2976
5	14	-5760
5	15	272
5	16	5088
5	17	-3408
5	18	-4544
5	19	64
5	20	1392
5	21	1632
5	22	2288
5	23	-2304
5	24	608
5	25	2400
5	26	3984
5	27	-1072
6	7	1072
6	8	-1968
6	9	1184
6	10	1184
6	11	1056
6	12	2960
6	13	-1856
6	14	-5664
6	15	-1392
6	16	-3072
6	17	-1744
6	18	-2848
6	19	1056
6	20	-5648
6	21	2624
6	22	-6544
6	23	1184
6	24	1408
6	25	-384
6	26	272
6	27	3088
7	8	-2416
7	9	-1504
7	10	1632
7	11	608
7	12	-6896
7	13	-2304
7	14	-2976
7	15	-4080
7	16	512
7	17	-2192
7	18	-2400
7	19	3744
7	20	-2064
7	21	-960
7	22	-2960
7	23	-1504
7	24	-1280
7	25	64
7	26	-176
7	27	-2736
8	9	608
8	10	3744
8	11	-2848
8	12	-1616
8	13	64
8	14	736
8	15	6320
8	16	1728
8	17	-3184
8	18	-4768
8	19	3424
8	20	-1968
8	21	1856
8	22	-1072
8	23	-2528
8	24	384
8	25	2176
8	26	1072
8	27	1840
9	10	4880
9	11	496
9	12	5536
9	13	-5552
9	14	3184
9	15	2304
9	16	-5648
9	17	3968
9	18	-5424
9	19	-2640
9	20	1184
9	21	2064
9	22	288
9	23	4880
9	24	-4304
9	25	-6096
9	26	-288
9	27	512
10	11	3632
10	12	2400
10	13	-2416
10	14	3184
10	15	-832
10	16	-5648
10	17	832
10	18	-2288
10	19	3632
10	20	-5088
10	21	-4208
10	22	288
10	23	-1392
10	24	-1168
10	25	176
10	26	-3424
10	27	512
11	12	1632
11	13	-2960
11	14	848
11	15	-64
11	16	-1520
11	17	-3072
11	18	4528
11	19	400
11	20	1056
11	21	-1168
11	22	-1184
11	23	-5776
11	24	6544
11	25	2064
11	26	4320
11	27	4864
12	13	1408
12	14	2080
12	15	4976
12	16	-2752
12	17	-1840
12	18	160
12	19	-4640
12	20	-176
12	21	3200
12	22	720
12	23	5536
12	24	-960
12	25	832
12	26	2416
12	27	496
13	14	624
13	15	160
13	16	8112
13	17	-160
13	18	-1520
13	19	176
13	20	1280
13	21	-4528
13	22	8448
13	23	-2416
13	24	-2640
13	25	2288
13	26	-2176
13	27	-4320
14	15	-512
14	16	-1968
14	17	6784
14	18	944
14	19	848
14	20	3744
14	21	-720
14	22	4640
14	23	3184
14	24	-3312
14	25	-4656
14	26	-4640
14	27	4416
15	16	-5088
15	17	-6000
15	18	-1728
15	19	-3200
15	20	-1392
15	21	7776
15	22	-2288
15	23	-832
15	24	-3744
15	25	3872
15	26	5424
15	27	1072
16	17	-1184
16	18	-272
16	19	1616
16	20	3200
16	21	-3088
16	22	5440
16	23	-2512
16	24	3984
16	25	2192
16	26	832
16	27	-3744
17	18	-1408
17	19	3200
17	20	4528
17	21	-1504
17	22	5424
17	23	832
17	24	608
17	25	-3872
17	26	-11696
17	27	-1072
18	19	-1744
18	20	3424
18	21	-176
18	22	-608
18	23	-2288
18	24	1072
18	25	5552
18	26	608
18	27	-384
19	20	1056
19	21	-4304
19	22	-1184
19	23	-5776
19	24	3408
19	25	2064
19	26	-5088
19	27	4864
20	21	2624
20	22	-272
20	23	-5088
20	24	1408
20	25	2752
20	26	272
20	27	-48
21	22	-5888
21	23	-1072
21	24	-1296
21	25	3632
21	26	5888
21	27	3296
22	23	288
22	24	-2624
22	25	-4416
22	26	-5104
22	27	-4080
23	24	-4304
23	25	-9232
23	26	-288
23	27	-2624
24	25	3536
24	26	-512
24	27	736
25	26	1280
25	27	-1056
26	27	4080
