0	1	4736
0	2	864
0	3	928
0	4	7088
0	5	-304
0	6	-4000
0	7	-2768
0	8	-816
0	9	-2096
0	10	4512
0	11	1648
0	12	2992
0	13	-5232
0	14	-4336
0	15	2496
0	16	-4064
0	17	-1152
0	18	-2608
0	19	6912
0	20	368
0	21	4336
0	22	-6800
0	23	-1936
0	24	5680
0	25	2320
0	26	-4064
0	27	-2768
1	2	1872
1	3	-3216
1	4	-192
1	5	-1312
1	6	4400
1	7	2496
1	8	192
1	9	-6240
1	10	368
1	11	-480
1	12	864
1	13	-3104
1	14	928
1	15	-4784
1	16	-3056
1	17	-144
1	18	-1600
1	19	1648
1	20	-640
1	21	-4064
1	22	-1536
1	23	8480
1	24	3552
1	25	3328
1	26	80
1	27	2496
2	3	-592
2	4	-480
2	5	640
2	6	4336
2	7	-32
2	8	3616
2	9	-704
2	10	8368
2	11	1152
2	12	-192
2	13	-3840
2	14	1536
2	15	976
2	16	592
2	17	816
2	18	-4000
2	19	2160
2	20	-32
2	21	1600
2	22	-2272
2	23	-4672
2	24	-6016
2	25	3616
2	26	592
2	27	3104
3	4	2272
3	5	-5120
3	6	-2544
3	7	1824
3	8	-2272
3	9	-640
3	10	-3440
3	11	3328
3	12	7808
3	13	2496
3	14	3392
3	15	-2320
3	16	3888
3	17	3664
3	18	-4064
3	19	-816
3	20	1824
3	21	-256
3	22	928
3	23	-256
3	24	-2048
3	25	4000
3	26	-5520
3	27	-4448
4	5	-8368
4	6	480
4	7	-1424
4	8	-2160
4	9	-752
4	10	2720
4	11	3440
4	12	1648
4	13	2384
4	14	-6128
4	15	704
4	16	864
4	17	640
4	18	-816
4	19	-704
4	20	-1424
4	21	-144
4	22	816
4	23	-6416
4	24	1200
4	25	4112
4	26	7136
4	27	-7696
5	6	-3776
5	7	-5680
5	8	2096
5	9	1264
5	10	-1536
5	11	-4848
5	12	-368
5	13	-1872
5	14	2160
5	15	2720
5	16	-1152
5	17	1760
5	18	3440
5	19	416
5	20	592
5	21	4112
5	22	2832
5	23	976
5	24	2320
5	25	-4176
5	26	-4288
5	27	3728
6	7	32
6	8	-3616
6	9	-2432
6	10	4176
6	11	1984
6	12	3328
6	13	704
6	14	4736
6	15	-7248
6	16	2544
6	17	2320
6	18	864
6	19	-2160
6	20	3168
6	21	-1600
6	22	2272
6	23	1536
6	24	-6528
6	25	5792
6	26	5680
6	27	32
7	8	-1712
7	9	-4336
7	10	2272
7	11	3888
7	12	-1040
7	13	-1200
7	14	-304
7	15	-2880
7	16	-4960
7	17	1088
7	18	-368
7	19	-256
7	20	-1872
7	21	-2832
7	22	368
7	23	6576
7	24	-1488
7	25	1424
7	26	1312
7	27	1264
8	9	3888
8	10	416
8	11	-3440
8	12	-4784
8	13	-2384
8	14	-144
8	15	5568
8	16	2272
8	17	-10048
8	18	-2320
8	19	704
8	20	-4848
8	21	144
8	22	2320
8	23	144
8	24	1936
8	25	-4112
8	26	2272
8	27	4560
9	10	-192
9	11	80
9	12	-1712
9	13	2608
9	14	368
9	15	4064
9	16	640
9	17	416
9	18	8368
9	19	2208
9	20	-4336
9	21	-3504
9	22	4176
9	23	-3504
9	24	-2160
9	25	752
9	26	640
9	27	-1200
10	11	6016
10	12	1088
10	13	-3328
10	14	704
10	15	1264
10	16	-5968
10	17	80
10	18	-1376
10	19	5008
10	20	-4000
10	21	2432
10	22	-1760
10	23	-3840
10	24	-2496
10	25	6688
10	26	304
10	27	-864
11	12	2160
11	13	3216
11	14	5456
11	15	-4512
11	16	-3328
11	17	3168
11	18	1488
11	19	-4896
11	20	752
11	21	-5456
11	22	-4624
11	23	-2320
11	24	-528
11	25	5968
11	26	2944
11	27	-2384
12	13	4560
12	14	3664
12	15	-3168
12	16	1600
12	17	4960
12	18	144
12	19	32
12	20	2096
12	21	2608
12	22	2992
12	23	-528
12	24	-1872
12	25	7760
12	26	-4672
12	27	-4176
13	14	3504
13	15	-2208
13	16	6912
13	17	416
13	18	8368
13	19	-7200
13	20	1936
13	21	-368
13	22	4176
13	23	-6640
13	24	4112
13	25	3888
13	26	3776
13	27	-1200
14	15	-7584
14	16	2880
14	17	-480
14	18	1200
14	19	-1824
14	20	2832
14	21	-1264
14	22	1936
14	23	1872
14	24	-3056
14	25	6128
14	26	-256
14	27	-304
15	16	-816
15	17	-1040
15	18	640
15	19	3888
15	20	-2880
15	21	4448
15	22	-640
15	23	-4960
15	24	2656
15	25	-6976
15	26	-816
15	27	256
16	17	-528
16	18	928
16	19	-5456
16	20	4448
16	21	256
16	22	2208
16	23	-6016
16	24	-1088
16	25	-864
16	26	2384
16	27	1312
17	18	4288
17	19	-2096
17	20	1088
17	21	-2656
17	22	1984
17	23	480
17	24	-4000
17	25	2496
17	26	-3664
17	27	-2048
18	19	-3776
18	20	-368
18	21	-1200
18	22	6800
18	23	-1200
18	24	3728
18	25	816
18	26	4064
18	27	-368
19	20	-3392
19	21	1824
19	22	-2496
19	23	1824
19	24	-2656
19	25	3840
19	26	-5456
19	27	-256
20	21	304
20	22	-2768
20	23	304
20	24	-1488
20	25	1424
20	26	1312
20	27	-5008
21	22	1200
21	23	-5008
21	24	3056
21	25	-2992
21	26	-2880
21	27	304
22	23	4336
22	24	-592
22	25	2320
22	26	2208
22	27	-2768
23	24	-80
23	25	144
23	26	-2880
23	27	304
24	25	-4336
24	26	-1088
24	27	1648
25	26	-864
25	27	-4848
26	27	-1824
