0	1	-6932
0	2	-684
0	3	-4492
0	4	2028
0	5	6508
0	6	-2364
0	7	4580
0	8	12
0	9	-124
0	10	-2140
0	11	-4380
0	12	-1108
0	13	-5052
0	14	3460
0	15	1356
0	16	-6956
0	17	-2028
0	18	-1444
0	19	772
0	20	-3596
0	21	-8612
0	22	1692
0	23	100
0	24	7740
0	25	4468
0	26	4940
0	27	8724
1	2	-2900
1	3	4044
1	4	1556
1	5	-2924
1	6	5052
1	7	-5028
1	8	436
1	9	-324
1	10	1692
1	11	796
1	12	-1580
1	13	1468
1	14	-772
1	15	-908
1	16	3372
1	17	7852
1	18	-1244
1	19	5052
1	20	3148
1	21	5924
1	22	5028
1	23	2588
1	24	-1020
1	25	1356
1	26	-7628
1	27	-6036
2	3	884
2	4	-212
2	5	-2004
2	6	-3260
2	7	6820
2	8	4044
2	9	-1020
2	10	-3036
2	11	-5276
2	12	6060
2	13	3460
2	14	-3708
2	15	-884
2	16	-4716
2	17	-2924
2	18	5724
2	19	-6396
2	20	-4492
2	21	-1444
2	22	5724
2	23	5476
2	24	-10180
2	25	-2700
2	26	-3572
2	27	4692
3	4	3596
3	5	1804
3	6	5476
3	7	-6396
3	8	1580
3	9	-7964
3	10	-6844
3	11	3460
3	12	-2676
3	13	-348
3	14	-1244
3	15	-3348
3	16	884
3	17	5812
3	18	-3012
3	19	-796
3	20	4244
3	21	2364
3	22	3260
3	23	-1468
3	24	-100
3	25	2900
3	26	236
3	27	-2252
4	5	660
4	6	-1668
4	7	-2340
4	8	-2252
4	9	-772
4	10	-1892
4	11	348
4	12	2004
4	13	-5252
4	14	5052
4	15	-3596
4	16	-3348
4	17	1132
4	18	-3932
4	19	-1668
4	20	2700
4	21	100
4	22	-3932
4	23	2140
4	24	-572
4	25	908
4	26	-908
4	27	2924
5	6	-324
5	7	2140
5	8	2676
5	9	-5700
5	10	-548
5	11	4828
5	12	660
5	13	-772
5	14	124
5	15	1332
5	16	-5140
5	17	-3796
5	18	-2140
5	19	5948
5	20	4044
5	21	-4380
5	22	996
5	23	3484
5	24	4356
5	25	2252
5	26	4020
5	27	7404
6	7	-4268
6	8	8860
6	9	-5836
6	10	-4716
6	11	2452
6	12	-4804
6	13	-1356
6	14	884
6	15	796
6	16	3012
6	17	7940
6	18	-2004
6	19	-1804
6	20	3236
6	21	3372
6	22	4268
6	23	-2476
6	24	4044
6	25	5028
6	26	-1892
6	27	-124
7	8	-1220
7	9	4244
7	10	-908
7	11	-3148
7	12	7068
7	13	5588
7	14	-4716
7	15	3260
7	16	-2588
7	17	-10204
7	18	-2676
7	19	-1132
7	20	-2364
7	21	-3572
7	22	3596
7	23	1332
7	24	236
7	25	-3708
7	26	572
7	27	3684
8	9	-2788
8	10	-7044
8	11	-1668
8	12	884
8	13	2140
8	14	3036
8	15	1556
8	16	-2228
8	17	5388
8	18	4356
8	19	-3684
8	20	684
8	21	2116
8	22	4356
8	23	3260
8	24	-1692
8	25	8300
8	26	-5164
8	27	4044
9	10	660
9	11	-4716
9	12	5500
9	13	7156
9	14	-3148
9	15	4828
9	16	2116
9	17	-2364
9	18	-1108
9	19	436
9	20	-3932
9	21	-2004
9	22	-1108
9	23	-3372
9	24	-1332
9	25	996
9	26	-996
9	27	-4156
10	11	2676
10	12	-1892
10	13	-1132
10	14	1108
10	15	3708
10	16	3236
10	17	-1244
10	18	4044
10	19	4692
10	20	-2812
10	21	12
10	22	-2228
10	23	4020
10	24	-2452
10	25	-7292
10	26	4156
10	27	-3036
11	12	348
11	13	-236
11	14	2004
11	15	2812
11	16	4132
11	17	-3484
11	18	-3124
11	19	-684
11	20	4356
11	21	-884
11	22	12
11	23	-1356
11	24	2924
11	25	-124
11	26	3260
11	27	-2140
12	13	4156
12	14	1916
12	15	2676
12	16	-212
12	17	-5140
12	18	-796
12	19	-1668
12	20	2700
12	21	-3036
12	22	2340
12	23	5276
12	24	-3708
12	25	908
12	26	-908
12	27	-3348
13	14	-8076
13	15	3484
13	16	3460
13	17	-4156
13	18	684
13	19	-1356
13	20	-2588
13	21	2924
13	22	3820
13	23	-2028
13	24	-5812
13	25	2340
13	26	-2340
13	27	-5948
14	15	1244
14	16	-572
14	17	4356
14	18	1580
14	19	-2252
14	20	-348
14	21	-2452
14	22	-1556
14	23	6484
14	24	4492
14	25	4580
14	26	1692
14	27	-572
15	16	2252
15	17	460
15	18	-124
15	19	3932
15	20	-4244
15	21	-5500
15	22	6148
15	23	1468
15	24	3236
15	25	3372
15	26	2900
15	27	-884
16	17	3348
16	18	2588
16	19	-124
16	20	-1356
16	21	1692
16	22	2588
16	23	-3932
16	24	-772
16	25	436
16	26	2700
16	27	-10988
17	18	3932
17	19	1668
17	20	436
17	21	3036
17	22	3932
17	23	996
17	24	572
17	25	5364
17	26	-2228
17	27	-2924
18	19	-2004
18	20	-3908
18	21	3572
18	22	2676
18	23	4940
18	24	-9644
18	25	572
18	26	-3708
18	27	-548
19	20	3236
19	21	236
19	22	1132
19	23	3796
19	24	4044
19	25	-1244
19	26	1244
19	27	-124
20	21	7740
20	22	-3908
20	23	-572
20	24	2140
20	25	660
20	26	-3796
20	27	-1356
21	22	-2700
21	23	908
21	24	-5612
21	25	-324
21	26	-9084
21	27	-4580
22	23	4940
22	24	-236
22	25	3708
22	26	-572
22	27	-548
23	24	-4692
23	25	-1916
23	26	-1220
23	27	2340
24	25	3484
24	26	5924
24	27	2364
25	26	-2452
25	27	-2700
26	27	-436
