0	1	1020
0	2	2324
0	3	-564
0	4	52
0	5	932
0	6	-916
0	7	-1180
0	8	-1548
0	9	-1004
0	10	916
0	11	52
0	12	300
0	13	1620
0	14	-2516
0	15	404
0	16	-844
0	17	-404
0	18	-1724
0	19	828
0	20	3028
0	21	4172
1	2	-1020
1	3	-3028
1	4	-2412
1	5	-1532
1	6	492
1	7	2164
1	8	-1020
1	9	4276
1	10	1444
1	11	1460
1	12	828
1	13	212
1	14	-52
1	15	-3996
1	16	3556
1	17	124
1	18	740
1	19	-580
1	20	1620
1	21	828
2	3	4436
2	4	1884
2	5	-932
2	6	-1020
2	7	-2692
2	8	1548
2	9	-932
2	10	1020
2	11	-52
2	12	-2236
2	13	316
2	14	-5228
2	15	1532
2	16	-1092
2	17	-1532
2	18	-2148
2	19	3044
2	20	-1092
2	21	1636
3	4	1812
3	5	-1180
3	6	-1092
3	7	580
3	8	-1372
3	9	-1180
3	10	-2780
3	11	1812
3	12	476
3	13	-140
3	14	-404
3	15	228
3	16	1268
3	17	1708
3	18	-1548
3	19	4876
3	20	-668
3	21	476
4	5	1372
4	6	-476
4	7	-2676
4	8	1884
4	9	-564
4	10	476
4	11	492
4	12	-140
4	13	-756
4	14	916
4	15	2780
4	16	-1284
4	17	4964
4	18	-228
4	19	2324
4	20	-1284
4	21	-140
5	6	2340
5	7	140
5	8	1004
5	9	316
5	10	-404
5	11	-4436
5	12	-1020
5	13	2236
5	14	1972
5	15	-212
5	16	1708
5	17	212
5	18	2764
5	19	-492
5	20	-228
5	21	-1020
6	7	2164
6	8	916
6	9	-3468
6	10	-492
6	11	-2412
6	12	-1108
6	13	-1724
6	14	-52
6	15	-2060
6	16	3556
6	17	124
6	18	740
6	19	-580
6	20	1620
6	21	828
7	8	-2692
7	9	140
7	10	-2164
7	11	-740
7	12	3028
7	13	2412
7	14	212
7	15	-4260
7	16	3820
7	17	388
7	18	2940
7	19	-316
7	20	-52
7	21	1092
8	9	-2868
8	10	2956
8	11	-1988
8	12	-300
8	13	-1620
8	14	-1356
8	15	1532
8	16	-3028
8	17	-1532
8	18	1724
8	19	-4700
8	20	-4964
8	21	-4172
9	10	1532
9	11	1372
9	12	916
9	13	2236
9	14	1972
9	15	-2148
9	16	1708
9	17	212
9	18	-1108
9	19	1444
9	20	-228
9	21	916
10	11	2412
10	12	-2764
10	13	3660
10	14	-1884
10	15	-1812
10	16	-3556
10	17	-3996
10	18	-2676
10	19	-1356
10	20	-1620
10	21	-828
11	12	-140
11	13	-756
11	14	-1020
11	15	-3028
11	16	-1284
11	17	1092
11	18	-2164
11	19	2324
11	20	2588
11	21	1796
12	13	404
12	14	668
12	15	1444
12	16	-1004
12	17	2428
12	18	-124
12	19	-740
12	20	-1004
12	21	1724
13	14	-2588
13	15	828
13	16	-388
13	17	-2764
13	18	492
13	19	-124
13	20	-388
13	21	404
14	15	-1372
14	16	1812
14	17	3308
14	18	756
14	19	140
14	20	-124
14	21	-3204
15	16	-3572
15	17	740
15	18	-580
15	19	36
15	20	-1636
15	21	-492
16	17	1636
16	18	1020
16	19	2340
16	20	2076
16	21	932
17	18	580
17	19	1900
17	20	1636
17	21	492
18	19	-2588
18	20	-916
18	21	-3996
19	20	404
19	21	3132
20	21	2868
