0	1	-352
0	2	-1232
0	3	3520
0	4	792
0	5	88
0	6	1232
0	7	88
0	8	3432
0	9	2288
0	10	2024
0	11	-88
0	12	4752
0	13	-1056
0	14	-88
0	15	440
0	16	4400
0	17	2816
0	18	-1056
0	19	88
0	20	1056
0	21	-2288
1	2	88
1	3	264
1	4	-1760
1	5	-528
1	6	-1320
1	7	-528
1	8	-2992
1	9	-968
1	10	-1232
1	11	-2640
1	12	-440
1	13	-1672
1	14	528
1	15	1760
1	16	1848
1	17	3432
1	18	2200
1	19	-1232
1	20	440
1	21	-968
2	3	3080
2	4	-704
2	5	528
2	6	3608
2	7	-3344
2	9	-88
2	10	-352
2	11	-3520
2	12	440
2	13	1320
2	14	1408
2	15	-2992
2	16	968
2	17	-1496
2	18	1320
2	19	1584
2	20	1496
2	21	88
3	4	2992
3	5	1760
3	6	2552
3	7	-176
3	8	2288
3	9	1672
3	10	1936
3	11	-1936
3	12	1144
3	13	968
3	14	2112
3	15	-2464
3	16	5192
3	17	1144
3	18	-968
3	19	1936
3	20	792
3	21	264
4	5	616
4	6	-2112
4	7	2552
4	8	2024
4	9	1760
4	10	1496
4	11	440
4	12	-1584
4	13	1408
4	14	1320
4	15	-968
4	16	-880
4	17	352
4	18	-4400
4	19	-440
4	20	-2288
4	21	2112
5	6	2992
5	7	-88
5	8	1320
5	9	2464
5	10	2200
5	11	-264
5	12	-880
5	13	704
5	14	88
5	15	-3608
5	16	352
5	17	-880
5	18	-1232
5	19	264
5	20	-2992
5	21	-528
6	7	-4752
6	8	2464
6	9	-616
6	10	2992
6	11	-2992
6	12	-88
6	13	-2024
6	14	880
6	15	-4400
6	16	3432
6	17	-2024
6	18	1848
6	19	2992
6	20	-1848
6	21	2552
7	8	3256
7	9	2464
7	10	264
7	11	3608
7	12	1056
7	13	704
7	14	3960
7	15	4136
7	16	352
7	17	4928
7	18	-5104
7	19	-1672
7	20	880
7	21	-528
8	9	-880
8	10	4664
8	11	-792
8	12	3520
8	13	176
8	14	4488
8	15	-264
8	16	1760
8	17	3520
8	18	-1760
8	19	2728
8	20	352
8	21	880
9	10	-2640
9	11	2640
9	12	440
9	13	1672
9	14	-2464
9	15	-1760
9	16	88
9	17	440
9	18	-2200
9	19	-2640
9	20	-440
9	21	-2904
10	11	-1496
10	12	-1232
10	13	-528
10	14	3608
10	15	-88
10	16	1760
10	17	704
10	18	-528
10	19	3432
10	20	-704
10	21	2640
11	12	1232
11	13	-1408
11	14	-1672
11	15	88
11	16	-1760
11	17	-704
11	18	-3344
11	19	-3432
11	20	704
11	21	-2640
12	13	-1672
12	14	880
12	15	704
12	16	2552
12	17	1848
12	18	264
12	19	-1232
12	20	2024
12	21	-2376
13	14	-704
13	15	-2816
13	16	-2728
13	17	264
13	18	-440
13	19	3344
13	20	3608
13	21	-1672
14	15	1672
14	16	3520
14	17	2816
14	18	-2640
14	19	1672
14	20	1056
14	21	2464
15	16	704
15	17	2640
15	18	-880
15	19	-2024
15	20	-704
15	21	-176
16	17	2552
16	18	-792
16	19	1760
16	20	-616
16	21	1848
17	18	-1672
17	19	704
17	20	2024
17	21	-440
18	19	1408
18	20	1672
18	21	-1672
19	20	3168
19	21	2640
20	21	-3432
