0	1	-8228
0	2	172
0	3	8532
0	4	1804
0	5	3212
0	6	-5796
0	7	-8188
0	8	9596
0	9	-2148
0	10	-7620
0	11	-8076
0	12	740
0	13	5492
0	14	-8948
0	15	-6404
0	16	6100
0	17	5452
0	18	-5148
0	19	3364
0	20	-14116
0	21	-7012
0	22	1804
0	23	-5908
0	24	1804
0	25	132
0	26	-4276
0	27	-10468
0	28	5908
0	29	11532
0	30	-3324
0	31	2868
0	32	-12788
0	33	19780
0	34	-5492
0	35	5644
0	36	892
0	37	3020
1	2	-5908
1	3	-3324
1	4	-9444
1	5	8684
1	6	284
1	7	3060
1	8	3516
1	9	9708
1	10	-1540
1	11	9556
1	12	6820
1	13	5188
1	14	8076
1	15	11228
1	16	20
1	17	5756
1	18	6100
1	19	8836
1	20	2908
1	21	-6708
1	22	-9444
1	23	5340
1	24	-3668
1	25	11988
1	26	1804
1	27	780
1	28	-5340
1	29	-5492
1	30	2148
1	31	3172
1	32	-932
1	33	-3628
1	34	12140
1	35	11116
1	36	1196
1	37	-8228
2	3	11380
2	4	7164
2	5	-6404
2	6	3212
2	7	-12332
2	8	10316
2	9	-436
2	10	10812
2	11	-11836
2	12	-3324
2	13	-8684
2	14	-20
2	15	3820
2	16	2260
2	17	-2260
2	18	-3820
2	19	-780
2	20	-6404
2	21	4428
2	22	-10164
2	23	8492
2	24	7164
2	25	3060
2	26	-4084
2	27	1500
2	28	3060
2	29	3212
2	30	-5644
2	31	6100
2	32	4428
2	33	5908
2	34	2908
2	35	2716
2	36	8076
2	37	11724
3	4	-1804
3	5	2564
3	6	20
3	7	-9140
3	8	7732
3	9	-3628
3	10	1844
3	11	2300
3	12	-12292
3	13	-17044
3	14	8948
3	15	-5148
3	16	5452
3	17	324
3	18	5148
3	19	-3364
3	20	2564
3	21	7012
3	22	9748
3	23	132
3	24	9748
3	25	5644
3	26	-1500
3	27	-6860
3	28	5644
3	29	5796
3	30	-8228
3	31	8684
3	32	-4540
3	33	3324
3	34	-11836
3	35	132
3	36	4884
3	37	14308
4	5	4428
4	6	-1236
4	7	-12748
4	8	-6516
4	9	-9140
4	10	2716
4	11	8036
4	12	5300
4	13	6708
4	14	-7732
4	15	-19172
4	16	-10012
4	17	-1540
4	18	1844
4	19	4580
4	20	4428
4	21	9100
4	22	588
4	23	12636
4	24	-5188
4	25	-1084
4	26	-17044
4	27	2300
4	28	16244
4	29	-1236
4	30	9444
4	31	7428
4	32	-8228
4	33	3668
4	34	-932
4	35	6860
4	36	5452
4	37	1804
5	6	-11076
5	7	-3820
5	8	7276
5	9	-3172
5	10	-3476
5	11	8532
5	12	5492
5	13	-5948
5	14	-3060
5	15	-4692
5	16	-6556
5	17	-4996
5	18	-12636
5	19	1956
5	20	13660
5	21	-4084
5	22	-7124
5	23	11228
5	24	10204
5	25	324
5	26	-6820
5	27	-1540
5	28	6100
5	29	476
5	30	-2908
5	31	9140
5	32	-4084
5	33	-8684
5	34	5948
5	35	-324
5	36	5340
5	37	3212
6	7	628
6	8	12636
6	9	-5188
6	10	12444
6	11	-11116
6	12	3476
6	13	-3020
6	14	-5908
6	15	2108
6	16	9140
6	17	-9140
6	18	3668
6	19	-10924
6	20	476
6	21	1500
6	22	-1236
6	23	-8644
6	24	-1236
6	25	-2908
6	26	4236
6	27	9900
6	28	-2908
6	29	-14612
6	30	-284
6	31	-172
6	32	7276
6	33	11268
6	34	-2756
6	35	2908
6	36	3628
6	37	-20
7	8	-4428
7	9	-3020
7	10	2452
7	11	2908
7	12	-132
7	13	-324
7	14	-8988
7	15	12788
7	16	-932
7	17	932
7	18	-1236
7	19	-3972
7	20	-3820
7	21	-3932
7	22	4580
7	23	-6252
7	24	-6972
7	25	6252
7	26	4884
7	27	4084
7	28	-5300
7	29	628
7	30	2716
7	31	-19588
7	32	1844
7	33	-8836
7	34	6100
7	35	-476
7	36	5492
7	37	-13964
8	9	8988
8	10	2908
8	11	-13964
8	12	6100
8	13	-18108
8	14	-9444
8	15	13244
8	16	4388
8	17	1388
8	18	-7468
8	19	1348
8	20	1500
8	21	2300
8	22	-12292
8	23	10620
8	24	10812
8	25	6708
8	26	-436
8	27	-7924
8	28	-16396
8	29	-4692
8	30	-3516
8	31	15524
8	32	2300
8	33	8036
8	34	-10772
8	35	-932
8	36	5948
8	37	3820
9	10	-1236
9	11	4084
9	12	-4428
9	13	4884
9	14	7772
9	15	17308
9	16	-284
9	17	284
9	18	5796
9	19	14308
9	20	8380
9	21	-628
9	22	8188
9	23	10812
9	24	-3364
9	25	18068
9	26	-9444
9	27	-11076
9	28	-16588
9	29	-10964
9	30	-3932
9	31	9252
9	32	-6404
9	33	-9708
9	34	-4884
9	35	-740
9	36	-4276
9	37	-2148
10	11	-18716
10	12	-4124
10	13	-1196
10	14	1692
10	15	-5492
10	16	-17916
10	17	-10964
10	18	-284
10	19	8228
10	20	2300
10	21	5452
10	22	2716
10	23	-1044
10	24	-8836
10	25	12596
10	26	-14916
10	27	5948
10	28	1044
10	29	-4884
10	30	1540
10	31	3780
10	32	-6100
10	33	-4236
10	34	6972
10	35	-1044
10	36	1804
10	37	3932
11	12	1196
11	13	5036
11	14	7924
11	15	-172
11	16	11420
11	17	132
11	18	5948
11	19	2908
11	20	8532
11	21	-6556
11	22	8036
11	23	5188
11	24	2260
11	25	588
11	26	1956
11	27	-5148
11	28	6364
11	29	-5340
11	30	7772
11	31	-2452
11	32	-6556
11	33	-15332
11	34	740
11	35	-588
11	36	1348
11	37	-2300
12	13	1996
12	14	-6668
12	15	2868
12	16	-8948
12	17	-8380
12	18	-8644
12	19	5644
12	20	-6060
12	21	-3516
12	22	-12028
12	23	7924
12	24	-476
12	25	-13700
12	26	4996
12	27	3364
12	28	-2148
12	29	-8076
12	30	10508
12	31	-5188
12	32	8036
12	33	-1044
12	34	9556
12	35	7924
12	36	-7164
12	37	-10812
13	14	436
13	15	-2412
13	16	2716
13	17	3060
13	18	2412
13	19	5452
13	20	-172
13	21	-7580
13	22	932
13	23	-2604
13	24	-4844
13	25	8380
13	26	-10316
13	27	1956
13	28	14156
13	29	-3020
13	30	588
13	31	-11684
13	32	-1804
13	33	588
13	34	8228
13	35	3172
13	36	-3932
13	37	-11836
14	15	-5300
14	16	-5948
14	17	-5604
14	18	-476
14	19	8340
14	20	-3060
14	21	-4692
14	22	3820
14	23	284
14	24	-1956
14	25	5492
14	26	4124
14	27	-6708
14	28	-284
14	29	-5908
14	30	-13852
14	31	2756
14	32	-4692
14	33	-2300
14	34	11116
14	35	284
14	36	-1044
14	37	8380
15	16	9748
15	17	1804
15	18	-1500
15	19	7012
15	20	-4692
15	21	-4884
15	22	-1844
15	23	-2260
15	24	3932
15	25	8036
15	26	9404
15	27	-6820
15	28	-20844
15	29	-9444
15	30	324
15	31	-6556
15	32	6668
15	33	-5452
15	34	-3364
15	35	-8036
15	36	-8532
15	37	-12180
16	17	3668
16	18	1804
16	19	-12484
16	20	-780
16	21	-6972
16	22	-4236
16	23	-8988
16	24	13092
16	25	-8340
16	26	13396
16	27	-4428
16	28	3212
16	29	-2412
16	30	-11572
16	31	476
16	32	4580
16	33	5756
16	34	-8492
16	35	-3212
16	36	2452
16	37	324
17	18	15524
17	19	-4844
17	20	780
17	21	-4580
17	22	-7316
17	23	-2564
17	24	4236
17	25	2564
17	26	-1844
17	27	-1348
17	28	-8988
17	29	13964
17	30	5796
17	31	-476
17	32	-4580
17	33	11572
17	34	-3060
17	35	-2564
17	36	9100
17	37	-324
18	19	4540
18	20	4692
18	21	10660
18	22	7620
18	23	-9292
18	24	1844
18	25	3516
18	26	-9404
18	27	-10508
18	28	-8036
18	29	3668
18	30	11228
18	31	780
18	32	-892
18	33	-324
18	34	-8188
18	35	-3516
18	36	2756
18	37	-10924
19	20	-3820
19	21	7620
19	22	4580
19	23	5300
19	24	-1196
19	25	12028
19	26	-6668
19	27	-19020
19	28	-11076
19	29	-5148
19	30	2716
19	31	3516
19	32	-15484
19	33	-8836
19	34	6100
19	35	-476
19	36	-11836
19	37	-8188
20	21	7468
20	22	10204
20	23	17004
20	24	10204
20	25	6100
20	26	-12596
20	27	4236
20	28	324
20	29	-5300
20	30	-2908
20	31	14916
20	32	1692
20	33	-20236
20	34	-11380
20	35	-6100
20	36	5340
20	37	3212
21	22	3324
21	23	15676
21	24	3324
21	25	-4124
21	26	3020
21	27	-436
21	28	-4124
21	29	1500
21	30	932
21	31	4388
21	32	6060
21	33	-4844
21	34	-9748
21	35	4124
21	36	2412
21	37	-1236
22	23	-4692
22	24	-5188
22	25	10468
22	26	-5492
22	27	2300
22	28	-1084
22	29	4540
22	30	-2108
22	31	1652
22	32	-14004
22	33	-7884
22	34	-18260
22	35	1084
22	36	-6100
22	37	-3972
23	24	1084
23	25	2756
23	26	-4388
23	27	1804
23	28	2756
23	29	-2868
23	30	436
23	31	11572
23	32	-1652
23	33	-11116
23	34	2604
23	35	3020
23	36	7772
23	37	5644
24	25	-6860
24	26	284
24	27	-9252
24	28	-1084
24	29	-1236
24	30	-7884
24	31	1652
24	32	9100
24	33	-2108
24	34	-12484
24	35	-10468
24	36	11228
24	37	-3972
25	26	-18716
25	27	-1804
25	28	-2756
25	29	2868
25	30	-6212
25	31	5756
25	32	-9900
25	33	-6212
25	34	-2604
25	35	8532
25	36	-1996
25	37	132
26	27	8380
26	28	-7164
26	29	-1540
26	30	-1804
26	31	-10204
26	32	8796
26	33	3972
26	34	4540
26	35	1388
26	36	-6404
26	37	1500
27	28	9748
27	29	4124
27	30	-780
27	31	1236
27	32	11116
27	33	4996
27	34	3820
27	35	19132
27	36	-2564
27	37	6860
28	29	2868
28	30	-436
28	31	-5796
28	32	1652
28	33	-436
28	34	8948
28	35	2756
28	36	3780
28	37	132
29	30	-6060
29	31	-172
29	32	-10052
29	33	11268
29	34	-2756
29	35	8684
29	36	-2148
29	37	5756
30	31	-8948
30	32	932
30	33	-7924
30	34	-588
30	35	-11116
30	36	-1196
30	37	-9100
31	32	-1388
31	33	2604
31	34	-11420
31	35	5796
31	36	-5036
31	37	14420
32	33	-4844
32	34	-3972
32	35	-1652
32	36	-3364
32	37	-7012
33	34	-588
33	35	11988
33	36	4580
33	37	8228
34	35	2604
34	36	-1844
34	37	284
35	36	1996
35	37	5644
36	37	892
