0	1	3432
0	2	-3736
0	3	-10248
0	4	-6016
0	5	-4800
0	6	4952
0	7	3408
0	8	-2800
0	9	2800
0	10	-12704
0	11	-5560
0	12	-2040
0	13	-11464
0	14	7208
0	15	-4472
0	16	4496
0	17	9360
0	18	5688
0	19	2496
0	20	3584
0	21	-10096
0	22	-848
0	23	3432
0	24	-22408
0	25	-8576
0	26	-12680
0	27	-1432
0	28	-2824
0	29	-2216
0	30	824
0	31	1736
0	32	-6904
0	33	-240
0	34	-544
0	35	10880
0	36	1304
0	37	-1152
1	2	-848
1	3	-13136
1	4	-3128
1	5	-1912
1	6	-3712
1	7	-5256
1	8	5864
1	9	5688
1	10	13288
1	11	3104
1	12	848
1	13	2976
1	14	4320
1	15	-7360
1	16	1608
1	17	-5080
1	18	25904
1	19	-6168
1	20	696
1	21	-7208
1	22	7816
1	23	544
1	24	-2192
1	25	5864
1	26	1760
1	27	-10096
1	28	64
1	29	-10880
1	30	-7840
1	31	4624
1	32	-4016
1	33	-20456
1	34	2344
1	35	2216
1	36	4192
1	37	1736
2	3	12832
2	4	-8120
2	5	2216
2	6	14960
2	7	-5992
2	8	5384
2	9	6168
2	10	10120
2	11	8752
2	12	4624
2	13	2496
2	14	7536
2	15	7056
2	16	-1912
2	17	-1000
2	18	-2496
2	19	-16632
2	20	16328
2	21	6904
2	22	9816
2	23	-6624
2	24	1888
2	25	5384
2	26	-7840
2	27	-1760
2	28	6016
2	29	-6144
2	30	2368
2	31	18784
2	32	-7840
2	33	-2344
2	34	-13592
2	35	9032
2	36	-4496
2	37	-1432
3	4	-6776
3	5	11768
3	6	5712
3	7	-14680
3	8	-7816
3	9	7816
3	10	9640
3	11	5232
3	12	-1280
3	13	-10704
3	14	-10880
3	15	7840
3	16	11032
3	17	-7208
3	18	-848
3	19	1736
3	20	4344
3	21	7992
3	22	4168
3	23	4192
3	24	13008
3	25	9512
3	26	-368
3	27	-6448
3	28	-3584
3	29	2800
3	30	64
3	31	-4800
3	32	-368
3	33	16328
3	34	4472
3	35	-5688
3	36	-3712
3	37	3864
4	5	-12832
4	6	-4648
4	7	7840
4	8	3104
4	9	-3104
4	10	-10704
4	11	-520
4	12	-9208
4	13	216
4	14	-1736
4	15	-6776
4	16	-4192
4	17	2496
4	18	-216
4	19	-8576
4	20	-26384
4	21	4624
4	22	-5232
4	23	8424
4	24	-392
4	25	-2672
4	26	7208
4	27	13288
4	28	2520
4	29	7688
4	30	-6904
4	31	-7816
4	32	7208
4	33	5712
4	34	240
4	35	976
4	36	4776
4	37	-16480
5	6	2344
5	7	-10704
5	8	-7232
5	9	-4320
5	10	11184
5	11	9816
5	12	-2216
5	13	7208
5	14	8600
5	15	17544
5	16	8576
5	17	9488
5	18	4344
5	19	1760
5	20	-2064
5	21	11616
5	22	5104
5	23	-1912
5	24	6600
5	25	4320
5	26	8424
5	27	-14376
5	28	-4472
5	29	696
5	30	-2344
5	31	2520
5	32	-3128
5	33	-7056
5	34	10576
5	35	2192
5	36	5992
5	37	5408
6	7	4776
6	8	1608
6	9	4168
6	10	-5560
6	11	1584
6	12	8144
6	13	-7056
6	14	8576
6	15	-64
6	16	3128
6	17	2216
6	18	-4496
6	19	-7688
6	20	13768
6	21	5864
6	22	6296
6	23	-9488
6	24	-6448
6	25	1608
6	26	-14048
6	27	-2800
6	28	10096
6	29	-848
6	30	-3584
6	31	8880
6	32	3280
6	33	1128
6	34	6600
6	35	3736
6	36	-5840
6	37	216
7	8	6752
7	9	-976
7	10	-20128
7	11	-21496
7	12	216
7	13	3864
7	14	392
7	15	-3128
7	16	-17872
7	17	368
7	18	-3864
7	19	5104
7	20	368
7	21	-3280
7	22	-3104
7	23	-5256
7	24	-19848
7	25	976
7	26	-696
7	27	16936
7	28	-1128
7	29	-7512
7	30	6776
7	31	5864
7	32	5080
7	33	2064
7	34	2368
7	35	10400
7	36	8424
7	37	-2800
8	9	368
8	10	2192
8	11	-2216
8	12	-5384
8	13	-3256
8	14	4776
8	15	3736
8	16	-16176
8	17	6016
8	18	-2520
8	19	64
8	20	240
8	21	-13440
8	22	8272
8	23	5864
8	24	8904
8	25	5408
8	26	-10248
8	27	1000
8	28	6296
8	29	-4648
8	30	-7384
8	31	10856
8	32	-4472
8	33	-2672
8	34	2800
8	35	-4016
8	36	15288
8	37	2192
9	10	3584
9	11	-9336
9	12	5384
9	13	3256
9	14	1000
9	15	-3736
9	16	16176
9	17	-240
9	18	8296
9	19	-17392
9	20	5536
9	21	1888
9	22	3280
9	23	-88
9	24	-3128
9	25	6144
9	26	-1304
9	27	-1000
9	28	5256
9	29	4648
9	30	1608
9	31	6472
9	32	4472
9	33	2672
9	34	-2800
9	35	-1760
9	36	-3736
9	37	9360
10	11	17720
10	12	7208
10	13	5080
10	14	4952
10	15	9640
10	16	12224
10	17	-4192
10	18	6472
10	19	-1888
10	20	1584
10	21	3712
10	22	13008
10	23	7512
10	24	10248
10	25	7968
10	26	520
10	27	-10728
10	28	3432
10	29	-2952
10	30	-11768
10	31	4648
10	32	520
10	33	-4928
10	34	1152
10	35	64
10	36	3864
10	37	1760
11	12	2800
11	13	672
11	14	3584
11	15	5232
11	16	7816
11	17	2952
11	18	5104
11	19	2520
11	20	-2824
11	21	16632
11	22	88
11	23	3104
11	24	11616
11	25	-2216
11	26	-3888
11	27	-3584
11	28	2064
11	29	7232
11	30	-7360
11	31	-2496
11	32	-3888
11	33	-520
11	34	5560
11	35	7208
11	36	5232
11	37	-11160
12	13	-8272
12	14	15568
12	15	-7056
12	16	13464
12	17	1000
12	18	2496
12	19	-696
12	20	12552
12	21	-1128
12	22	-4040
12	23	848
12	24	-13440
12	25	-5384
12	26	2064
12	27	-4016
12	28	5536
12	29	368
12	30	-13920
12	31	10096
12	32	2064
12	33	-3432
12	34	2040
12	35	2520
12	36	-7056
12	37	1432
13	14	-9664
13	15	6624
13	16	-7512
13	17	-2648
13	18	368
13	19	-14376
13	20	8904
13	21	6776
13	22	-11944
13	23	-8576
13	24	6016
13	25	2520
13	26	4192
13	27	-1888
13	28	-13920
13	29	4016
13	30	12832
13	31	7968
13	32	-7360
13	33	216
13	34	-88
13	35	-1128
13	36	848
13	37	10856
14	15	672
14	16	9032
14	17	27272
14	18	-1888
14	19	-10248
14	20	-1608
14	21	520
14	22	10424
14	23	15872
14	24	-16048
14	25	-6776
14	26	-8448
14	27	-2368
14	28	12400
14	29	240
14	30	-14352
14	31	19392
14	32	8880
14	33	-19064
14	34	-7208
14	35	8424
14	36	672
14	37	-824
15	16	-520
15	17	10120
15	18	-6624
15	19	7512
15	20	-1432
15	21	2216
15	22	9944
15	23	-1584
15	24	7232
15	25	9512
15	26	-368
15	27	-6448
15	28	2192
15	29	2800
15	30	64
15	31	-4800
15	32	-368
15	33	4776
15	34	4472
15	35	88
15	36	2064
15	37	9640
16	17	1760
16	18	7512
16	19	-7232
16	20	-4016
16	21	5408
16	22	6752
16	23	13160
16	24	-1128
16	25	-4624
16	26	2824
16	27	-14808
16	28	4776
16	29	16936
16	30	-14680
16	31	-2216
16	32	2824
16	33	1584
16	34	1280
16	35	3280
16	36	-6296
16	37	672
17	18	-3128
17	19	-6320
17	20	-4928
17	21	-1280
17	22	1888
17	23	12248
17	24	-7816
17	25	-5536
17	26	-9640
17	27	1608
17	28	5688
17	29	6296
17	30	-2216
17	31	10248
17	32	7688
17	33	-9056
17	34	2192
17	35	2368
17	36	-1432
17	37	1584
18	19	-2952
18	20	-3128
18	21	-1000
18	22	392
18	23	2800
18	24	-240
18	25	9032
18	26	7360
18	27	-9664
18	28	-9184
18	29	-4016
18	30	-7056
18	31	-2192
18	32	-9968
18	33	-11768
18	34	5864
18	35	6904
18	36	-848
18	37	696
19	20	-6320
19	21	-4192
19	22	-2192
19	23	-392
19	24	2344
19	25	5840
19	26	-1608
19	27	-1304
19	28	-5992
19	29	-6600
19	30	-3864
19	31	-16328
19	32	4168
19	33	8752
19	34	9056
19	35	-2064
19	36	7512
19	37	-1888
20	21	-1280
20	22	-3888
20	23	-10856
20	24	-2040
20	25	240
20	26	-15416
20	27	-9944
20	28	-5864
20	29	-5256
20	30	9336
20	31	16024
20	32	-15416
20	33	2496
20	34	-3584
20	35	-3408
20	36	-7208
20	37	18912
21	22	-1760
21	23	-7208
21	24	7384
21	25	-1888
21	26	11336
21	27	-520
21	28	2040
21	29	8424
21	30	5688
21	31	824
21	32	-216
21	33	4624
21	34	-1456
21	35	240
21	36	7992
21	37	-7840
22	23	2040
22	24	4776
22	25	2496
22	26	-4952
22	27	-4648
22	28	20456
22	29	-9032
22	30	-12072
22	31	-1432
22	32	12376
22	33	-5232
22	34	-4928
22	35	11920
22	36	4168
22	37	-4320
23	24	-2192
23	25	-5688
23	26	-9792
23	27	-4320
23	28	-5712
23	29	12224
23	30	-13616
23	31	4624
23	32	1760
23	33	2648
23	34	-3432
23	35	2216
23	36	4192
23	37	1736
24	25	3128
24	26	4800
24	27	-7056
24	28	-2976
24	29	3408
24	30	672
24	31	-9968
24	32	-6752
24	33	5384
24	34	-696
24	35	-17848
24	36	-4320
24	37	4472
25	26	-4472
25	27	-4776
25	28	6296
25	29	1128
25	30	4168
25	31	-696
25	32	1304
25	33	-8448
25	34	-2976
25	35	1760
25	36	-2040
25	37	7968
26	27	-3104
26	28	-1152
26	29	-544
26	30	-3280
26	31	-8144
26	32	-2800
26	33	-4344
26	34	6904
26	35	-8120
26	36	5408
26	37	-5256
27	28	4928
27	29	-11792
27	30	14352
27	31	-2064
27	32	8448
27	33	1736
27	34	-4344
27	35	8904
27	36	-6448
27	37	-10728
28	29	-1280
28	30	-10096
28	31	544
28	32	16176
28	33	-9032
28	34	-2952
28	35	9944
28	36	-3584
28	37	-8120
29	30	848
29	31	-5840
29	32	-544
29	33	7688
29	34	-3560
29	35	-6776
29	36	2800
29	37	-2952
30	31	2672
30	32	-3280
30	33	-1128
30	34	-12376
30	35	-3736
30	36	-5712
30	37	5560
31	32	-8144
31	33	-13592
31	34	-7512
31	35	8728
31	36	976
31	37	4648
32	33	1432
32	34	1128
32	35	3432
32	36	-368
32	37	-5256
33	34	6016
33	35	-4800
33	36	4776
33	37	848
34	35	-5104
34	36	10248
34	37	1152
35	36	88
35	37	-11488
36	37	-7688
