0	1	-1.4577648e-01
0	2	-1.0433218e-01
0	3	2.1068270e-02
0	4	-3.1495508e-02
0	5	-3.7355872e-02
0	6	1.1318552e-01
0	7	-5.6446698e-02
0	8	3.1937389e-01
0	9	-1.2227109e-02
0	10	-1.4529749e-01
0	11	7.6105028e-02
0	12	-3.4013731e-01
0	13	5.5579109e-02
0	14	7.7948332e-02
0	15	-1.1989023e-01
0	16	-1.6697160e-02
0	17	-3.6116360e-02
0	18	1.6489955e-02
0	19	1.7766427e-01
0	20	-2.1684328e-01
0	21	-1.3539551e-01
0	22	-1.0227828e-01
0	23	-1.2638309e-02
0	24	2.1674497e-01
1	2	3.9393080e-02
1	3	2.5058863e-02
1	4	2.5938974e-01
1	5	1.0699785e-03
1	6	9.6037777e-04
1	7	1.9316482e-01
1	8	-4.8444857e-02
1	9	1.5330833e-01
1	10	-1.5365405e-01
1	11	-3.1687233e-01
1	12	7.6877942e-02
1	13	3.1361539e-02
1	14	-1.5974430e-01
1	15	8.5252937e-02
1	16	1.5453602e-01
1	17	-6.4412490e-02
1	18	-4.5230497e-02
1	19	-3.4586928e-01
1	20	3.8965206e-02
1	21	2.4575696e-01
1	22	-3.8143041e-01
1	23	-8.3737891e-02
1	24	-2.1474619e-01
2	3	4.6847166e-02
2	4	-9.5919270e-02
2	5	-1.3514892e-01
2	6	-2.5836934e-01
2	7	9.7442051e-02
2	8	-2.5716772e-01
2	9	4.3953761e-02
2	10	-7.3054408e-02
2	11	-1.8120686e-01
2	12	6.0458488e-02
2	13	-2.5647326e-01
2	14	-1.6829143e-01
2	15	7.1719523e-02
2	16	-1.4501213e-01
2	17	6.0602905e-02
2	18	-2.2337917e-01
2	19	-2.8980939e-02
2	20	2.9564766e-01
2	21	4.3276585e-02
2	22	1.3565520e-02
2	23	-2.4877469e-01
2	24	-6.3554124e-02
3	4	-5.4955368e-02
3	5	-1.0659592e-01
3	6	-1.2674275e-01
3	7	6.7302277e-03
3	8	2.5349639e-03
3	9	-3.1126642e-04
3	10	-4.0437975e-02
3	11	-1.3519387e-01
3	12	2.6169922e-04
3	13	-1.8928481e-02
3	14	-2.6727150e-02
3	15	-1.8674744e-02
3	16	-5.9373960e-02
3	17	-3.5620480e-02
3	18	-1.2592563e-02
3	19	2.1930911e-02
3	20	-1.5213711e-01
3	21	-1.8295889e-03
3	22	6.9106319e-02
3	23	-5.8570507e-03
3	24	-5.5917124e-02
4	5	2.9307280e-02
4	6	1.1757345e-01
4	7	8.8280110e-02
4	8	1.8632255e-01
4	9	2.3660059e-02
4	10	2.7949130e-02
4	11	-1.5820623e-01
4	12	-3.2241553e-02
4	13	5.9903105e-02
4	14	2.0540181e-01
4	15	1.2847431e-01
4	16	2.9015700e-02
4	17	-1.2844579e-01
4	18	-1.2995918e-01
4	19	-2.5876094e-01
4	20	-2.4459487e-01
4	21	1.4662529e-01
4	22	-3.8269620e-01
4	23	-2.1164528e-01
4	24	-6.0590103e-02
5	6	1.2100053e-01
5	7	-5.9439803e-02
5	8	-9.3366996e-03
5	9	-1.3823327e-02
5	10	-3.6049637e-02
5	11	1.2544571e-01
5	12	1.4004775e-01
5	13	1.1470412e-01
5	14	3.2052756e-02
5	15	6.2823730e-02
5	16	2.1875938e-01
5	17	8.6196606e-02
5	18	1.0859603e-01
5	19	8.6820683e-02
5	20	1.0984164e-02
5	21	2.6681523e-02
5	22	-4.6836386e-02
5	23	1.3329033e-01
5	24	3.9162528e-02
6	7	-6.5483085e-02
6	8	1.6763885e-01
6	9	-2.6316443e-02
6	10	4.5392075e-02
6	11	1.7772845e-01
6	12	-5.6596819e-02
6	13	1.7912197e-01
6	14	1.3071640e-01
6	15	-7.6987220e-02
6	16	1.9087756e-01
6	17	-1.0621021e-01
6	18	1.3327867e-01
6	19	-3.5385920e-02
6	20	-8.5352642e-02
6	21	1.0756689e-02
6	22	-1.4133977e-01
6	23	1.5709393e-01
6	24	6.2134986e-02
7	8	4.6577833e-02
7	9	1.3527528e-02
7	10	-4.3546316e-02
7	11	-2.4617505e-01
7	12	-3.5742611e-02
7	13	-5.5303541e-02
7	14	-2.4180864e-01
7	15	3.2424053e-02
7	16	3.6682615e-02
7	17	2.1229525e-02
7	18	-3.7823622e-02
7	19	-7.9743365e-02
7	20	1.5894099e-02
7	21	1.6957726e-01
7	22	-2.5431628e-01
7	23	-1.2205010e-01
7	24	-2.0873777e-01
8	9	-5.4521249e-02
8	10	7.4410310e-03
8	11	2.6217670e-04
8	12	-3.0806505e-01
8	13	1.4422286e-01
8	14	1.3374718e-01
8	15	-4.9486412e-02
8	16	-3.3625784e-02
8	17	-4.7672038e-02
8	18	6.4845779e-02
8	19	7.0381284e-02
8	20	-4.5051723e-01
8	21	-4.8451635e-02
8	22	-1.8451101e-01
8	23	-2.0094774e-02
8	24	7.5107628e-02
9	10	-1.0895219e-01
9	11	-6.7645320e-02
9	12	-3.1170133e-02
9	13	-1.5912538e-02
9	14	-5.7353478e-02
9	15	3.2885377e-02
9	16	-5.1822819e-02
9	17	4.8133820e-02
9	18	-2.9588339e-02
9	19	-1.2963907e-01
9	20	9.8322980e-02
9	21	-8.5046124e-03
9	22	-2.3697009e-02
9	23	-3.3673608e-02
9	24	2.7793527e-02
10	11	1.2228204e-01
10	12	4.6977685e-02
10	13	1.1525324e-02
10	14	1.4337237e-01
10	15	-2.9630824e-02
10	16	-7.6612666e-02
10	17	-8.2488751e-02
10	18	1.8980070e-02
10	19	-1.1319236e-02
10	20	-5.2637422e-02
10	21	-2.3242737e-02
10	22	1.3746610e-01
10	23	3.3242171e-02
10	24	-3.5199327e-02
11	12	-1.0200502e-03
11	13	9.5961962e-02
11	14	1.9387107e-01
11	15	-9.2686720e-02
11	16	2.5219773e-02
11	17	1.5303385e-02
11	18	1.3865692e-01
11	19	1.6507550e-01
11	20	7.6173934e-02
11	21	-1.9228531e-01
11	22	2.7544080e-01
11	23	2.2464443e-01
11	24	2.2722616e-01
12	13	2.3037565e-03
12	14	-3.5783307e-02
12	15	8.6352855e-02
12	16	2.1797104e-01
12	17	3.4235089e-03
12	18	3.0785950e-02
12	19	-2.0116440e-02
12	20	1.7116237e-01
12	21	1.3685071e-01
12	22	5.1584418e-02
12	23	1.0438062e-01
12	24	-1.4933043e-01
13	14	7.2410305e-02
13	15	-5.0889354e-02
13	16	1.7274490e-01
13	17	-4.9786447e-02
13	18	1.7482187e-01
13	19	5.2161030e-03
13	20	-1.8070070e-01
13	21	9.9244110e-03
13	22	-4.9060869e-02
13	23	2.0404894e-01
13	24	9.4169516e-03
14	15	3.7872908e-02
14	16	-1.1682104e-01
14	17	-1.2983976e-01
14	18	-7.9831956e-02
14	19	-2.5442229e-02
14	20	-2.6813315e-01
14	21	-1.3692195e-01
14	22	8.6980531e-02
14	23	-5.6182293e-02
14	24	2.1743361e-01
15	16	-5.4322896e-02
15	17	9.8026085e-02
15	18	-1.0497360e-01
15	19	-4.0784869e-02
15	20	-1.2151399e-02
15	21	3.4120812e-02
15	22	-4.9525357e-02
15	23	-1.4700040e-01
15	24	-7.8583841e-03
16	17	-1.0711513e-01
16	18	1.8427061e-01
16	19	2.9947764e-02
16	20	4.4759275e-02
16	21	2.2552263e-01
16	22	-2.9903373e-01
16	23	2.4421900e-01
16	24	-1.5673823e-01
17	18	1.9581164e-02
17	19	1.4128488e-01
17	20	9.1616896e-02
17	21	-9.0917063e-02
17	22	1.5636442e-01
17	23	-1.2196245e-02
17	24	6.9560027e-02
18	19	9.7698549e-02
18	20	-5.6240383e-02
18	21	-1.4059368e-02
18	22	8.5854644e-02
18	23	3.1121897e-01
18	24	-2.4663689e-02
19	20	-8.6385890e-02
19	21	-1.3123416e-01
19	22	2.0412713e-01
19	23	1.1098555e-01
19	24	1.1346866e-01
20	21	3.2863559e-02
20	22	9.5706092e-02
20	23	8.8714517e-03
20	24	-2.2251074e-02
21	22	-3.0782797e-01
21	23	-3.6525273e-02
21	24	-2.3425081e-01
22	23	1.8120164e-01
22	24	1.9044214e-01
23	24	-3.0047930e-03
