0	1	-1.5586305e-02
0	2	-2.0711851e-02
0	3	3.9081975e-02
0	4	1.5241636e-01
0	5	4.4303007e-02
0	6	1.0328161e-01
0	7	-7.5777908e-02
0	8	-1.0886771e-01
0	9	-1.1968422e-01
0	10	6.0917829e-02
0	11	-7.4580647e-02
0	12	-8.4005853e-02
0	13	-5.4968241e-02
0	14	2.2270050e-01
0	15	-3.3221990e-02
0	16	-2.5154431e-01
0	17	1.5480729e-01
0	18	-1.2417919e-01
0	19	-1.5153869e-02
0	20	6.1267471e-02
0	21	5.9707553e-02
0	22	-3.2110377e-02
0	23	1.2890154e-01
0	24	-8.0494803e-02
1	2	-1.9134438e-01
1	3	4.5991269e-02
1	4	-2.0527050e-01
1	5	-1.2492951e-01
1	6	-1.4220564e-01
1	7	1.0364872e-01
1	8	-4.1888080e-02
1	9	-3.3906564e-02
1	10	-1.2266859e-01
1	11	-4.8050304e-02
1	12	-2.3972291e-02
1	13	-7.3186462e-03
1	14	1.4401062e-01
1	15	-1.3853598e-01
1	16	6.5760656e-02
1	17	-1.9562304e-01
1	18	2.3751258e-03
1	19	2.4259180e-02
1	20	-1.9137282e-01
1	21	7.8829040e-02
1	22	7.6517488e-02
1	23	2.7906567e-02
1	24	6.0091106e-02
2	3	-1.1881294e-01
2	4	9.7505445e-02
2	5	7.6871458e-02
2	6	1.5492125e-01
2	7	1.6468821e-02
2	8	2.9380642e-02
2	9	-1.3602549e-01
2	10	1.1141738e-01
2	11	-2.1353358e-02
2	12	-9.7928253e-02
2	13	2.4090573e-02
2	14	-1.3521053e-01
2	15	4.2298592e-02
2	16	-9.9135826e-02
2	17	1.4090644e-01
2	18	-1.0383777e-01
2	19	1.0618630e-01
2	20	3.0522729e-02
2	21	-5.5237272e-02
2	22	-9.4856993e-02
2	23	-2.2590157e-01
2	24	-1.0603553e-01
3	4	-1.2077371e-01
3	5	-3.9222270e-02
3	6	-1.0466466e-01
3	7	-5.5070082e-02
3	8	7.1485483e-02
3	9	4.4913075e-02
3	10	4.8216883e-03
3	11	-8.4840875e-03
3	12	-5.3132675e-02
3	13	-1.2289024e-01
3	14	3.2921227e-02
3	15	-5.5265573e-02
3	16	3.3095230e-02
3	17	-1.0375321e-01
3	18	4.3288667e-02
3	19	-1.1077783e-01
3	20	1.0092768e-04
3	21	6.4415933e-02
3	22	5.1596927e-02
3	23	1.6475997e-01
3	24	1.0064180e-01
4	5	2.0708439e-01
4	6	2.5678639e-01
4	7	4.8034883e-02
4	8	-9.6497327e-02
4	9	-1.7133712e-02
4	10	3.2460372e-02
4	11	-5.9385760e-02
4	12	8.1822735e-02
4	13	1.6949802e-01
4	14	-3.8763353e-02
4	15	1.6736458e-01
4	16	-2.2471546e-01
4	17	3.0888793e-01
4	18	-1.1871186e-01
4	19	4.4773316e-02
4	20	2.2976895e-01
4	21	-1.6365223e-01
4	22	-7.4796459e-02
4	23	-2.9751203e-02
4	24	-2.2858497e-01
5	6	1.8350264e-01
5	7	1.0716263e-01
5	8	1.0381612e-01
5	9	2.1024749e-01
5	10	-2.8508892e-02
5	11	1.2558015e-01
5	12	-6.1520977e-02
5	13	1.5348027e-01
5	14	-1.3672412e-01
5	15	1.0042081e-01
5	16	1.5149569e-01
5	17	2.6334409e-01
5	18	-5.1967839e-02
5	19	4.7158916e-04
5	20	1.3193159e-01
5	21	-1.4327142e-02
5	22	-7.8873214e-02
5	23	7.8240394e-02
5	24	1.3255056e-01
6	7	2.3370057e-02
6	8	-4.2030383e-02
6	9	3.8351929e-02
6	10	4.3367855e-03
6	11	1.0538711e-01
6	12	-1.5130916e-02
6	13	8.2190028e-02
6	14	-5.6408451e-02
6	15	8.6848723e-02
6	16	-5.5549318e-02
6	17	3.6768257e-01
6	18	-6.2861187e-02
6	19	1.5308598e-01
6	20	1.0940897e-01
6	21	2.5119588e-02
6	22	-1.9291685e-01
6	23	-1.2910574e-02
6	24	-4.1119643e-02
7	8	1.3505346e-01
7	9	8.3870688e-02
7	10	-1.5523481e-01
7	11	-5.1428577e-02
7	12	2.2359767e-02
7	13	1.5087714e-01
7	14	-1.3913320e-01
7	15	6.5302888e-02
7	16	1.9679635e-01
7	17	-5.8613193e-02
7	18	-4.9552533e-03
7	19	5.2498705e-02
7	20	1.1785781e-02
7	21	-1.8401779e-01
7	22	-7.1508201e-03
7	23	-9.8038572e-02
7	24	-5.9455341e-02
8	9	2.0042062e-01
8	10	-6.1373948e-02
8	11	6.2057668e-02
8	12	-3.8987603e-02
8	13	-2.9017771e-02
8	14	-2.3560205e-01
8	15	6.6244474e-02
8	16	3.1131730e-01
8	17	-8.1163180e-02
8	18	1.0542271e-01
8	19	-7.2638942e-02
8	20	7.4395529e-02
8	21	-8.8980296e-02
8	22	-2.0841512e-02
8	23	5.1896883e-02
8	24	1.2530161e-01
9	10	-1.3431429e-01
9	11	2.6149435e-01
9	12	4.7174530e-02
9	13	7.8530101e-02
9	14	-3.5246293e-01
9	15	7.4555927e-02
9	16	3.9252614e-01
9	17	1.0647365e-01
9	18	1.6567152e-01
9	19	-2.3871675e-02
9	20	7.7000285e-02
9	21	7.9008959e-02
9	22	-5.3243581e-02
9	23	1.9654994e-01
9	24	3.2956622e-01
10	11	-4.7188147e-02
10	12	-4.9495075e-02
10	13	-6.7165235e-02
10	14	1.0751094e-01
10	15	-8.5291629e-03
10	16	-1.7353089e-01
10	17	2.9272433e-02
10	18	-6.2754715e-02
10	19	-5.0803355e-02
10	20	2.8776574e-02
10	21	1.4344394e-02
10	22	1.7281231e-02
10	23	-2.5713283e-02
10	24	-5.8997285e-02
11	12	-1.0906087e-02
11	13	1.9312946e-02
11	14	-1.6092504e-01
11	15	1.1043562e-02
11	16	2.5994058e-01
11	17	2.0690641e-01
11	18	1.0646866e-01
11	19	8.1103310e-02
11	20	-1.5225840e-02
11	21	1.9797260e-01
11	22	-1.3314309e-01
11	23	1.0478403e-01
11	24	2.9407652e-01
12	13	6.8557424e-02
12	14	-1.0749075e-01
12	15	8.6636596e-02
12	16	2.8218199e-03
12	17	-3.9737589e-02
12	18	8.4698239e-02
12	19	1.8897710e-02
12	20	5.4104948e-02
12	21	-1.1578071e-01
12	22	1.6907330e-02
12	23	-5.9979577e-02
12	24	-1.1108207e-01
13	14	-8.1807835e-02
13	15	8.1658462e-02
13	16	7.2092963e-02
13	17	8.9988732e-02
13	18	-4.9405178e-02
13	19	5.3943145e-02
13	20	2.4685856e-02
13	21	-1.0417095e-01
13	22	8.1732937e-03
13	23	-1.0858153e-01
13	24	-2.7361806e-02
14	15	-1.1893118e-01
14	16	-2.6764280e-01
14	17	-4.2355938e-02
14	18	-1.7639187e-01
14	19	-4.2041211e-02
14	20	-1.1421672e-01
14	21	4.1100651e-02
14	22	4.5228888e-02
14	23	-6.3017275e-03
14	24	-1.6333028e-01
15	16	5.9382212e-02
15	17	8.4533203e-02
15	18	2.9317380e-02
15	19	5.0794346e-04
15	20	1.4388943e-01
15	21	-1.6333186e-01
15	22	-4.9266935e-02
15	23	-5.3693368e-02
15	24	-9.5185111e-02
16	17	-6.1228785e-02
16	18	1.9758219e-01
16	19	-1.8884423e-03
16	20	-3.3036149e-02
16	21	1.1105403e-03
16	22	-6.0457116e-02
16	23	4.5007583e-02
16	24	3.3664375e-01
17	18	-7.2400967e-02
17	19	1.6439255e-01
17	20	1.3106663e-01
17	21	1.3532899e-01
17	22	-2.3938981e-01
17	23	7.4320238e-02
17	24	6.1861262e-02
18	19	-9.7209729e-03
18	20	9.2359618e-03
18	21	1.4587832e-02
18	22	-2.0442999e-02
18	23	5.4855485e-02
18	24	1.0494837e-01
19	20	-5.6003205e-02
19	21	5.7731684e-02
19	22	-1.3996923e-01
19	23	-1.1131344e-01
19	24	-3.5137616e-02
20	21	-1.4200285e-01
20	22	-4.5894364e-02
20	23	5.6721944e-02
20	24	-9.6545230e-02
21	22	-5.3938680e-02
21	23	1.9179002e-01
21	24	3.0849552e-01
22	23	4.0828276e-03
22	24	-1.5365811e-02
23	24	2.3910640e-01
