0	1	-1.7822477e-01
0	2	1.2412442e-01
0	3	9.8832387e-02
0	4	1.2970947e-01
0	5	8.3529676e-02
0	6	2.2582889e-01
0	7	1.1792592e-01
0	8	1.7948156e-01
0	9	-6.6402102e-02
0	10	-2.0146008e-01
0	11	2.3194912e-02
0	12	-1.4618727e-02
0	13	3.3094126e-02
0	14	1.1865936e-01
0	15	-8.6471755e-02
0	16	-5.0522323e-02
0	17	-9.9620757e-02
0	18	-1.9246653e-01
0	19	4.0390126e-02
0	20	-5.0048724e-02
0	21	-2.2252600e-01
0	22	-6.1060339e-02
0	23	1.0890209e-02
0	24	1.5091593e-02
1	2	-5.9078099e-02
1	3	-1.5117507e-01
1	4	-1.6258005e-01
1	5	-1.2040212e-01
1	6	-1.3693174e-01
1	7	-4.7484336e-02
1	8	-4.8565742e-02
1	9	1.0770733e-01
1	10	3.4744666e-03
1	11	-5.6635664e-03
1	12	-7.9451819e-02
1	13	-1.5686717e-01
1	14	3.0154970e-02
1	15	5.4728331e-02
1	16	-1.1272243e-02
1	17	9.0141618e-02
1	18	2.9805659e-01
1	19	6.5360393e-02
1	20	8.9929409e-02
1	21	1.7732114e-01
1	22	1.5630696e-01
1	23	1.8802076e-01
1	24	-1.4653034e-01
2	3	-7.8860333e-02
2	4	1.4879414e-01
2	5	1.9993548e-01
2	6	1.5488596e-01
2	7	3.3307611e-01
2	8	2.2353988e-01
2	9	6.5329772e-02
2	10	-6.8212586e-02
2	11	5.2499140e-02
2	12	7.1552871e-02
2	13	-1.6750960e-02
2	14	1.3101021e-01
2	15	-9.4514389e-04
2	16	-1.1535598e-01
2	17	-1.1291589e-04
2	18	-2.2677110e-01
2	19	6.0071154e-02
2	20	-7.4293250e-02
2	21	-2.2871158e-02
2	22	-2.3111419e-02
2	23	5.2260389e-02
2	24	-6.7946793e-02
3	4	1.3437466e-01
3	5	2.8581061e-02
3	6	2.1083883e-01
3	7	-1.1931596e-01
3	8	-3.9147942e-03
3	9	-4.4349915e-02
3	10	-2.0111764e-01
3	11	-7.9732966e-02
3	12	-1.4093307e-01
3	13	1.8376086e-02
3	14	7.9451009e-02
3	15	2.8313347e-02
3	16	6.9177749e-02
3	17	-8.4144151e-02
3	18	1.1994777e-02
3	19	6.8989030e-03
3	20	-4.7484843e-02
3	21	-1.7537406e-01
3	22	-2.2981766e-02
3	23	-5.2084288e-02
3	24	1.3058055e-01
4	5	1.5661714e-01
4	6	2.4280660e-01
4	7	1.9303333e-01
4	8	1.1277214e-01
4	9	6.9398863e-02
4	10	-1.4683961e-01
4	11	-5.6125297e-02
4	12	-5.5909215e-02
4	13	-2.9635315e-02
4	14	1.3159276e-01
4	15	9.2732083e-02
4	16	-8.9370091e-02
4	17	-1.1832640e-01
4	18	-1.1862266e-01
4	19	4.4599142e-02
4	20	-1.9511783e-01
4	21	-7.8296409e-02
4	22	-1.3799505e-02
4	23	-6.8569264e-02
4	24	3.5310015e-02
5	6	1.7990353e-01
5	7	2.3275024e-01
5	8	1.4681301e-01
5	9	-2.4414804e-02
5	10	3.1595855e-02
5	11	-1.9990947e-02
5	12	1.4289713e-01
5	13	4.0990322e-02
5	14	1.0956164e-01
5	15	4.4874366e-02
5	16	-7.9723522e-02
5	17	-5.0540614e-02
5	18	-1.5903122e-01
5	19	6.0491315e-02
5	20	-1.1062095e-01
5	21	-3.8965665e-02
5	22	7.9525415e-02
5	23	-8.2534385e-02
5	24	1.4489005e-01
6	7	1.4942973e-01
6	8	1.8497848e-01
6	9	-3.3603432e-02
6	10	-4.1051043e-01
6	11	-1.0384766e-01
6	12	-5.6389977e-02
6	13	-1.2382438e-01
6	14	1.7362741e-01
6	15	3.4463997e-02
6	16	2.9626085e-02
6	17	-3.4214978e-02
6	18	-1.5430125e-01
6	19	1.4359229e-01
6	20	-1.2523502e-01
6	21	-2.1072047e-01
6	22	-4.7535919e-02
6	23	8.1574888e-02
6	24	1.2476036e-01
7	8	2.0347139e-01
7	9	1.1296365e-01
7	10	-3.5065378e-02
7	11	6.3413607e-02
7	12	1.4411785e-01
7	13	-2.5676896e-02
7	14	1.2498753e-01
7	15	2.1176430e-02
7	16	-2.2150710e-01
7	17	-8.8983497e-02
7	18	-2.2225465e-01
7	19	1.0632921e-01
7	20	-2.1041208e-01
7	21	3.7069342e-02
7	22	4.1279794e-02
7	23	1.8121130e-02
7	24	-4.6028174e-02
8	9	1.3499768e-02
8	10	-1.0653902e-01
8	11	3.9694889e-02
8	12	-3.6145871e-02
8	13	3.5868569e-03
8	14	2.0994682e-01
8	15	-2.8186348e-02
8	16	-1.1354026e-01
8	17	-6.1681335e-02
8	18	-1.1588677e-01
8	19	4.6206946e-02
8	20	-4.2210649e-03
8	21	-1.2965215e-01
8	22	4.4764266e-02
8	23	5.3323345e-02
8	24	-8.6145433e-02
9	10	3.8567119e-03
9	11	7.0683542e-02
9	12	-1.6088036e-01
9	13	6.0512799e-03
9	14	1.2270354e-01
9	15	6.3636909e-02
9	16	-1.4425327e-01
9	17	-8.7155721e-02
9	18	1.2263160e-01
9	19	-6.3395547e-03
9	20	-6.1701788e-02
9	21	9.4234020e-02
9	22	8.7566401e-02
9	23	4.2330515e-02
9	24	-1.7996032e-01
10	11	9.1107972e-02
10	12	1.6454781e-01
10	13	2.5661530e-01
10	14	-9.2852246e-02
10	15	3.5293639e-02
10	16	-1.7274224e-01
10	17	-1.0616143e-01
10	18	1.1890726e-01
10	19	-1.8920960e-01
10	20	3.5026352e-02
10	21	2.1354215e-01
10	22	2.0382050e-01
10	23	-3.1645053e-01
10	24	-3.2642092e-02
11	12	-3.2697631e-02
11	13	2.4303697e-01
11	14	7.8810532e-02
11	15	-1.6590242e-01
11	16	-1.2765269e-01
11	17	-1.0831094e-01
11	18	-3.5634554e-02
11	19	-6.1594855e-02
11	20	7.9258270e-02
11	21	-4.6004997e-02
11	22	4.6686146e-02
11	23	2.7697518e-02
11	24	-1.1118318e-01
12	13	-1.6630742e-02
12	14	-2.2428160e-01
12	15	-3.6348401e-02
12	16	5.1024785e-02
12	17	1.1665624e-01
12	18	-2.5015361e-01
12	19	5.3302976e-02
12	20	-7.2157923e-02
12	21	9.3630687e-02
12	22	-7.2929270e-02
12	23	-7.6848957e-02
12	24	2.2233552e-01
13	14	8.2970721e-02
13	15	-1.7189532e-01
13	16	-1.4395464e-01
13	17	-2.1179683e-01
13	18	-3.9526894e-02
13	19	-1.4410126e-01
13	20	7.5092535e-02
13	21	-1.1030936e-01
13	22	9.7176139e-02
13	23	-1.5651252e-01
13	24	2.9547514e-03
14	15	7.3672865e-03
14	16	-2.0393706e-01
14	17	-2.1125643e-01
14	18	1.2284024e-01
14	19	2.9680193e-02
14	20	-1.5963254e-02
14	21	-1.3313707e-01
14	22	2.2158618e-01
14	23	3.5314670e-02
14	24	-1.2511718e-01
15	16	-4.4215089e-03
15	17	2.1548910e-02
15	18	1.1758953e-01
15	19	2.5344938e-02
15	20	-1.1443721e-01
15	21	1.2591104e-01
15	22	5.7639859e-02
15	23	-6.6396380e-02
15	24	6.6568544e-03
16	17	2.8441834e-01
16	18	-8.7456596e-02
16	19	1.0863445e-02
16	20	1.3088907e-01
16	21	-1.2932484e-02
16	22	-2.3963085e-01
16	23	9.9033106e-02
16	24	1.3836729e-01
17	18	-1.1679692e-01
17	19	3.1086351e-02
17	20	1.4153813e-01
17	21	1.0192888e-01
17	22	-2.3527274e-01
17	23	1.6032871e-01
17	24	4.0179642e-02
18	19	-1.4404269e-02
18	20	5.2400178e-02
18	21	1.1564606e-01
18	22	3.1393664e-01
18	23	9.1496652e-03
18	24	-1.2002091e-01
19	20	-7.6726886e-02
19	21	-3.9721298e-03
19	22	2.1780327e-02
19	23	1.0750165e-01
19	24	6.5371800e-02
20	21	-4.2370697e-02
20	22	-4.2349752e-02
20	23	1.0825479e-01
20	24	-8.0716139e-02
21	22	4.3201091e-02
21	23	-1.5784171e-02
21	24	-5.2334339e-02
22	23	-7.6252264e-02
22	24	-3.0154148e-02
23	24	-9.7682992e-02
