0	1	-5640
0	2	472
0	3	-10544
0	4	-880
0	5	6328
0	6	-208
0	7	-7544
0	8	-7408
0	9	-1840
0	10	1696
0	11	1832
0	12	5912
0	13	-2384
0	14	8776
0	15	-3872
0	16	2112
0	17	344
0	18	-2920
0	19	9592
0	20	2248
0	21	4288
0	22	2112
0	23	6456
0	24	-5648
0	25	-5920
0	26	2376
0	27	-5512
0	28	-6728
0	29	-1024
0	30	1160
0	31	-4696
0	32	-1288
0	33	-480
1	2	4832
1	3	11224
1	4	200
1	5	-7008
1	6	888
1	7	2240
1	8	6728
1	9	7144
1	10	-5640
1	11	-10400
1	12	-608
1	13	7688
1	14	-9456
1	15	-6056
1	16	-2792
1	17	-5648
1	18	2240
1	19	-1024
1	20	-2928
1	21	-344
1	22	-2792
1	23	-5776
1	24	-7544
1	25	1976
1	26	-1696
1	27	6192
1	28	1424
1	29	1704
1	30	7408
1	31	752
1	32	608
1	33	1160
2	3	-2520
2	4	4968
2	5	2928
2	6	-1432
2	7	-1696
2	8	-1560
2	9	1560
2	10	5096
2	11	-8640
2	12	-4560
2	13	5640
2	14	5376
2	15	1976
2	16	-10536
2	17	-12304
2	18	-1696
2	19	-3056
2	20	8096
2	21	888
2	22	-10536
2	23	-4016
2	24	-6872
2	25	-7144
2	26	1152
2	27	-6736
2	28	-880
2	29	-2248
2	30	2384
2	31	-5920
2	32	-64
2	33	2920
3	4	-2512
3	5	-4552
3	6	-3200
3	7	9320
3	8	4832
3	9	-4832
3	10	-1296
3	11	-5784
3	12	-1704
3	13	-752
3	14	-15976
3	15	-880
3	16	-4144
3	17	-1288
3	18	9320
3	19	-1288
3	20	616
3	21	-6592
3	22	480
3	23	-5784
3	24	5232
3	25	-4288
3	26	-616
3	27	5368
3	28	888
3	29	5232
3	30	-5096
3	31	1560
3	32	1704
3	33	-3472
4	5	-2520
4	6	5648
4	7	-7144
4	8	1968
4	9	2656
4	10	-880
4	11	3608
4	12	-5096
4	13	3200
4	14	4280
4	15	-1568
4	16	1696
4	17	-1160
4	18	-2520
4	19	3464
4	20	1560
4	21	4144
4	22	-2928
4	23	-1016
4	24	1840
4	25	2112
4	26	-1560
4	27	-2920
4	28	1288
4	29	-2784
4	30	2648
4	31	888
4	32	-4152
4	33	10544
5	6	-1016
5	7	-480
5	8	-616
5	9	616
5	10	10952
5	11	6192
5	12	-2512
5	13	-3464
5	14	6320
5	15	472
5	16	8360
5	17	-3744
5	18	-480
5	19	880
5	20	-1024
5	21	1560
5	22	-888
5	23	1568
5	24	-200
5	25	-4552
5	26	5648
5	27	-4960
5	28	-10544
5	29	4424
5	30	64
5	31	-1152
5	32	-2112
5	33	-5368
6	7	-5640
6	8	3744
6	9	-3744
6	10	-208
6	11	4552
6	12	-5240
6	13	4960
6	14	1432
6	15	2656
6	16	-608
6	17	-2376
6	18	-10264
6	19	2248
6	20	-472
6	21	1568
6	22	-608
6	23	-4696
6	24	1696
6	25	6048
6	26	472
6	27	-2792
6	28	-4824
6	29	-12176
6	30	7688
6	31	-6600
6	32	5240
6	33	6864
7	8	8632
7	9	-8632
7	10	6328
7	11	-3056
7	12	2112
7	13	-8088
7	14	-12176
7	15	-4152
7	16	-5512
7	17	-3744
7	18	-480
7	19	-3744
7	20	-5648
7	21	-7688
7	22	-5512
7	23	-3056
7	24	-4824
7	25	4696
7	26	-3600
7	27	-336
7	28	-1296
7	29	9048
7	30	-4560
7	31	-1152
7	32	7136
7	33	-5368
8	9	5376
8	10	1840
8	11	-2920
8	12	-7000
8	13	-3328
8	14	-12312
8	15	-4288
8	16	-1024
8	17	-8504
8	18	-9864
8	19	-3880
8	20	-1160
8	21	-7824
8	22	-5648
8	23	-2920
8	24	-64
8	25	9456
8	26	-3464
8	27	-200
8	28	3192
8	29	-64
8	30	9176
8	31	-1016
8	32	-2248
8	33	-608
9	10	-1840
9	11	-6328
9	12	-2248
9	13	3328
9	14	3064
9	15	-336
9	16	5648
9	17	-744
9	18	-4008
9	19	-5368
9	20	-3464
9	21	3200
9	22	1024
9	23	2920
9	24	64
9	25	-208
9	26	3464
9	27	4824
9	28	6056
9	29	-4560
9	30	13944
9	31	10264
9	32	-7000
9	33	-4016
10	11	-2792
10	12	5912
10	13	-7008
10	14	4152
10	15	752
10	16	-2512
10	17	-4280
10	18	-2920
10	19	344
10	20	2248
10	21	-4960
10	22	-11760
10	23	-7416
10	24	-1024
10	25	-5920
10	26	7000
10	27	-10136
10	28	-2104
10	29	-1024
10	30	1160
10	31	-72
10	32	3336
10	33	-5104
11	12	1424
11	13	-2248
11	14	8640
11	15	616
11	16	11224
11	17	9456
11	18	-3056
11	19	9456
11	20	-2512
11	21	4152
11	22	1976
11	23	1968
11	24	3736
11	25	8088
11	26	-11360
11	27	-752
11	28	-6864
11	29	3736
11	30	-8224
11	31	64
11	32	-1424
11	33	4280
12	13	-2792
12	14	4560
12	15	-3464
12	16	2520
12	17	5376
12	18	2112
12	19	5376
12	20	-1968
12	21	72
12	22	-2104
12	23	-3200
12	24	-6056
12	25	-1704
12	26	-2656
12	27	-5920
12	28	-1696
12	29	3192
12	30	-3056
12	31	4144
12	32	8368
12	33	-888
13	14	-1016
13	15	-4416
13	16	6192
13	17	-4824
13	18	1160
13	19	-4824
13	20	-2920
13	21	12992
13	22	6192
13	23	2376
13	24	-9728
13	25	-5376
13	26	-1704
13	27	8904
13	28	1976
13	29	-5104
13	30	9864
13	31	472
13	32	2792
13	33	9312
14	15	7272
14	16	1288
14	17	3056
14	18	-2928
14	19	7680
14	20	1152
14	21	8360
14	22	-3336
14	23	-608
14	24	2248
14	25	-2104
14	26	-1152
14	27	-7136
14	28	-3744
14	29	-2376
14	30	-2384
14	31	1296
14	32	-4560
14	33	1704
15	16	-4560
15	17	-2792
15	18	5096
15	19	-2792
15	20	-72
15	21	-2112
15	22	64
15	23	616
15	24	12720
15	25	-880
15	26	72
15	27	-10536
15	28	-4968
15	29	-1152
15	30	-8232
15	31	-6728
15	32	-5784
15	33	2928
16	17	5096
16	18	3736
16	19	472
16	20	-10680
16	21	10400
16	22	7952
16	23	6600
16	24	-4416
16	25	480
16	26	1432
16	27	4696
16	28	-1704
16	29	4832
16	30	4280
16	31	8504
16	32	-2520
16	33	4288
17	18	5504
17	19	2240
17	20	336
17	21	-1704
17	22	5096
17	23	4832
17	24	7688
17	25	3336
17	26	-336
17	27	7552
17	28	4688
17	29	-1560
17	30	-7824
17	31	2112
17	32	-752
17	33	-2104
18	19	-3744
18	20	-1024
18	21	1560
18	22	3736
18	23	1568
18	24	4424
18	25	-9176
18	26	5648
18	27	4288
18	28	3328
18	29	9048
18	30	-13808
18	31	-1152
18	32	-6736
18	33	3880
19	20	336
19	21	2920
19	22	-4152
19	23	-4416
19	24	-1560
19	25	3336
19	26	-4960
19	27	-6320
19	28	-4560
19	29	7688
19	30	-3200
19	31	2112
19	32	-5376
19	33	-2104
20	21	-12856
20	22	-6056
20	23	-2512
20	24	4968
20	25	-4008
20	26	1568
20	27	-4416
20	28	2784
20	29	-8904
20	30	-5104
20	31	-5232
20	32	1968
20	33	-200
21	22	5776
21	23	4152
21	24	-6864
21	25	-6592
21	26	-1016
21	27	6872
21	28	744
21	29	2384
21	30	6728
21	31	6056
21	32	-4696
21	33	6464
22	23	11224
22	24	4832
22	25	480
22	26	-3192
22	27	9320
22	28	-6328
22	29	208
22	30	-344
22	31	-744
22	32	2104
22	33	-336
23	24	-888
23	25	-1160
23	26	-2112
23	27	3872
23	28	-2240
23	29	-888
23	30	1024
23	31	-4560
23	32	-1424
23	33	4280
24	25	608
24	26	-344
24	27	1016
24	28	616
24	29	-3744
24	30	-9992
24	31	-2792
24	32	-7816
24	33	-3200
25	26	-9864
25	27	-3880
25	28	-3736
25	29	5232
25	30	-472
25	31	-3064
25	32	1704
25	33	1152
26	27	-208
26	28	6464
26	29	-4968
26	30	5104
26	31	5232
26	32	-1968
26	33	-4424
27	28	9728
27	29	-3608
27	30	3744
27	31	6592
27	32	-3328
27	33	-3064
28	29	-4008
28	30	3872
28	31	8912
28	32	-7552
28	33	72
29	30	-9992
29	31	1832
29	32	-7816
29	33	-3200
30	31	7552
30	32	3056
30	33	-1288
31	32	480
31	33	-6872
32	33	888
