0	1	3420
0	2	-4372
0	3	-6140
0	4	1788
0	5	3964
0	6	4604
0	7	-5284
0	8	2468
0	9	-428
0	10	1748
0	11	-6820
0	12	1788
0	13	292
0	14	-9228
0	15	-7636
0	16	-7596
0	17	13036
0	18	-1068
0	19	5732
0	20	-1108
0	21	-1652
0	22	-7052
0	23	8996
0	24	6956
0	25	932
0	26	-9364
0	27	-11308
0	28	3556
0	29	10044
0	30	1204
0	31	252
0	32	-7092
0	33	-7636
1	2	1788
1	3	-1068
1	4	5420
1	5	-6004
1	6	6684
1	7	-1380
1	8	116
1	9	-2156
1	10	292
1	11	4236
1	12	-3828
1	13	-2332
1	14	-2060
1	15	-4196
1	16	10180
1	17	-1748
1	18	-972
1	19	-7772
1	20	3148
1	21	3692
1	22	-4236
1	23	-1788
1	24	252
1	25	1108
1	26	-1924
1	27	-9772
1	28	-5596
1	29	-3380
1	30	5460
1	31	-2836
1	32	-4740
1	33	428
2	3	-4508
2	4	-4468
2	5	-6916
2	6	-7636
2	7	-2292
2	8	836
2	9	-3420
2	10	-1244
2	11	4060
2	12	156
2	13	-1340
2	14	7636
2	15	-1380
2	16	-4604
2	17	-3828
2	18	1924
2	19	-9772
2	20	524
2	21	-20
2	22	564
2	23	7364
2	24	5324
2	25	-2060
2	26	7500
2	27	-428
2	28	6548
2	29	2428
2	30	2836
2	31	-2740
2	32	3788
2	33	7868
3	4	6548
3	5	8724
3	6	4468
3	7	8724
3	8	-2020
3	9	-564
3	10	1612
3	11	-2332
3	12	-7324
3	13	428
3	14	156
3	15	1476
3	16	6412
3	17	-972
3	18	3692
3	19	1244
3	20	3380
3	21	-6412
3	22	2332
3	23	-13988
3	24	-6780
3	25	796
3	26	20
3	27	-2196
3	28	-932
3	29	-3964
3	30	1068
3	31	-4508
3	32	6644
3	33	-7772
4	5	252
4	6	428
4	7	9500
4	8	1748
4	9	5460
4	10	12532
4	11	2604
4	12	-2196
4	13	-700
4	14	-428
4	15	-1204
4	16	7188
4	17	1244
4	18	5284
4	19	3108
4	20	-3108
4	21	6684
4	22	2020
4	23	-156
4	24	-2740
4	25	8724
4	26	-4916
4	27	-2156
4	28	-3964
4	29	-5012
4	30	3828
4	31	4780
4	32	2876
4	33	-1204
5	6	7228
5	7	2700
5	8	-5052
5	9	-1612
5	10	836
5	11	-4468
5	12	252
5	13	-2876
5	14	-7228
5	15	972
5	16	-4236
5	17	3420
5	18	3108
5	19	5556
5	20	-5556
5	21	-388
5	22	-156
5	23	-2332
5	24	-4916
5	25	6276
5	26	-7092
5	27	20
5	28	3108
5	29	1788
5	30	-7868
5	31	2332
5	32	5052
5	33	-17524
6	7	2604
6	8	-8140
6	9	-12940
6	10	-6140
6	11	-5460
6	12	-4196
6	13	-1068
6	14	-5964
6	15	-1652
6	16	4916
6	17	5148
6	18	-2428
6	19	-252
6	20	-4372
6	21	4332
6	22	-3788
6	23	-6236
6	24	-3652
6	25	2292
6	26	-1476
6	27	-5324
6	28	2196
6	29	-2468
6	30	2564
6	31	-3012
6	32	-1108
6	33	-10900
7	8	-9676
7	9	-1612
7	10	5460
7	11	156
7	12	-4372
7	13	-2876
7	14	-2604
7	15	5596
7	16	9636
7	17	-5828
7	18	3108
7	19	932
7	20	-5556
7	21	4236
7	22	4468
7	23	-6956
7	24	-9540
7	25	6276
7	26	2156
7	27	20
7	28	-1516
7	29	1788
7	30	1380
7	31	2332
7	32	428
7	33	-3652
8	9	6140
8	10	-660
8	11	3284
8	12	-7500
8	13	7868
8	14	3516
8	15	-524
8	16	-2740
8	17	1924
8	18	-4644
8	19	2428
8	20	11444
8	21	-1884
8	22	-3284
8	23	3788
8	24	1204
8	25	-4468
8	26	-972
8	27	-1476
8	28	-20
8	29	-8956
8	30	-116
8	31	10084
8	32	-5692
8	33	8724
9	10	11948
9	11	-5868
9	12	836
9	13	-660
9	14	-932
9	15	2564
9	16	700
9	17	116
9	18	-6644
9	19	9404
9	20	-4780
9	21	-5324
9	22	1244
9	23	3420
9	24	6004
9	25	-2740
9	26	-10316
9	27	-1108
9	28	-6644
9	29	1748
9	30	-7092
9	31	1204
9	32	3108
9	33	2564
10	11	-3692
10	12	3284
10	13	6412
10	14	-7732
10	15	4740
10	16	3148
10	17	-6956
10	18	5052
10	19	2604
10	20	-7228
10	21	6100
10	22	3692
10	23	1244
10	24	8452
10	25	4060
10	26	-3244
10	27	1068
10	28	-4196
10	29	-700
10	30	4332
10	31	-1244
10	32	5284
10	33	116
11	12	2604
11	13	1108
11	14	10084
11	15	796
11	16	2468
11	17	-6276
11	18	4372
11	19	-7324
11	20	7324
11	21	6780
11	22	-1612
11	23	564
11	24	-10724
11	25	4740
11	26	9948
11	27	1748
11	28	4372
11	29	-9268
11	30	5012
11	31	4060
11	32	1340
11	33	5420
12	13	-5324
12	14	4196
12	15	3420
12	16	-6684
12	17	1244
12	18	5284
12	19	3108
12	20	-3108
12	21	2060
12	22	-2604
12	23	4468
12	24	1884
12	25	-524
12	26	-292
12	27	-2156
12	28	660
12	29	4236
12	30	3828
12	31	-4468
12	32	2876
12	33	3420
13	14	-8180
13	15	-2700
13	16	-5188
13	17	-252
13	18	-2468
13	19	-4644
13	20	20
13	21	-4060
13	22	3516
13	23	-7908
13	24	3380
13	25	-11268
13	26	1204
13	27	5596
13	28	2156
13	29	-6508
13	30	11580
13	31	3284
13	32	-3244
13	33	1924
14	15	1652
14	16	-292
14	17	-524
14	18	-2196
14	19	252
14	20	4372
14	21	292
14	22	-5460
14	23	1612
14	24	-972
14	25	2332
14	26	10724
14	27	700
14	28	2428
14	29	-2156
14	30	2060
14	31	3012
14	32	5732
14	33	6276
15	16	3284
15	17	-7092
15	18	5188
15	19	-1884
15	20	-2740
15	21	5964
15	22	-5420
15	23	1380
15	24	-5284
15	25	-700
15	26	10764
15	27	932
15	28	564
15	29	-5460
15	30	-428
15	31	-6004
15	32	524
15	33	4604
16	17	-12764
16	18	796
16	19	-1380
16	20	1380
16	21	6548
16	22	2156
16	23	-4644
16	24	-7228
16	25	8588
16	26	-156
16	27	-2292
16	28	-8452
16	29	-5148
16	30	-932
16	31	20
16	32	2740
16	33	3284
17	18	-1612
17	19	5188
17	20	-5188
17	21	-10356
17	22	-7596
17	23	3828
17	24	1788
17	25	-7772
17	26	-9908
17	27	-6140
17	28	3012
17	29	5964
17	30	1748
17	31	796
17	32	-6548
17	33	-7092
18	19	-7908
18	20	-1340
18	21	3828
18	22	252
18	23	2700
18	24	-4508
18	25	5868
18	26	2564
18	27	4236
18	28	-1108
18	29	-3244
18	30	5596
18	31	-2700
18	32	20
18	33	564
19	20	836
19	21	1380
19	22	-1924
19	23	524
19	24	2564
19	25	3420
19	26	-8860
19	27	-2836
19	28	-7908
19	29	3556
19	30	-6100
19	31	4100
19	32	-2428
19	33	-6508
20	21	3244
20	22	1924
20	23	-5148
20	24	-2564
20	25	1204
20	26	8860
20	27	-1788
20	28	-1340
20	29	-8180
20	30	1476
20	31	524
20	32	-6820
20	33	6508
21	22	2468
21	23	4644
21	24	-2020
21	25	14532
21	26	9404
21	27	2292
21	28	-796
21	29	-8724
21	30	932
21	31	-20
21	32	1884
21	33	1340
22	23	-5188
22	24	-3148
22	25	4508
22	26	-700
22	27	7500
22	28	252
22	29	-4604
22	30	-388
22	31	564
22	32	7908
22	33	3828
23	24	3924
23	25	6684
23	26	-2876
23	27	-4196
23	28	7324
23	29	6820
23	30	-7460
23	31	-1884
23	32	5460
23	33	6004
24	25	-4604
24	26	-836
24	27	3012
24	28	-4508
24	29	9404
24	30	-252
24	31	-3924
24	32	-1204
24	33	-660
25	26	2196
25	27	252
25	28	1244
25	29	-1516
25	30	-5732
25	31	2564
25	32	9092
25	33	-5324
26	27	5188
26	28	7188
26	29	-6916
26	30	6548
26	31	-6372
26	32	972
26	33	6140
27	28	-5012
27	29	-4508
27	30	-4100
27	31	4196
27	32	1476
27	33	932
28	29	1380
28	30	972
28	31	-2700
28	32	9268
28	33	564
29	30	-5868
29	31	-2196
29	32	-292
29	33	-5460
30	31	-1788
30	32	-4508
30	33	4196
31	32	-5460
31	33	-1380
32	33	524
