0	1	-1804
0	2	3636
0	3	-2684
0	4	13636
0	5	-2212
0	6	-308
0	7	780
0	8	-372
0	9	10916
0	10	-8468
0	11	13772
0	12	6564
0	13	444
0	14	-308
0	15	4044
0	16	1260
0	17	-5268
0	18	1532
0	19	-13772
0	20	3636
0	21	508
0	22	9284
0	23	8260
0	24	-1868
0	25	-1532
0	26	-6084
0	27	1396
0	28	236
0	29	3636
0	30	3092
0	31	2004
0	32	11388
0	33	4724
1	2	4588
1	3	5612
1	4	3436
1	5	3364
1	6	644
1	7	1732
1	8	-1324
1	9	5340
1	10	6356
1	11	-1052
1	12	988
1	13	-508
1	14	644
1	15	-4252
1	16	4932
1	17	-1596
1	18	580
1	19	5676
1	20	-9284
1	21	6084
1	22	3708
1	23	-36
1	24	1804
1	25	8668
1	26	11460
1	27	444
1	28	5812
1	29	-36
1	30	-5204
1	31	-6292
1	32	-1532
1	33	-3572
2	3	4796
2	4	7244
2	5	4180
2	6	-3164
2	7	-6700
2	8	-2140
2	9	4524
2	10	-6700
2	11	7380
2	12	4796
2	13	7924
2	14	6084
2	15	5812
2	16	4116
2	17	2212
2	18	-4860
2	19	-2756
2	20	-13092
2	21	-2348
2	22	2892
2	23	10028
2	24	-3636
2	25	9484
2	26	1396
2	27	-4996
2	28	2004
2	29	-3844
2	30	4860
2	31	8396
2	32	-5340
2	33	-7380
3	4	1052
3	5	1396
3	6	-508
3	7	-1596
3	8	1188
3	9	-852
3	10	3028
3	11	-8332
3	12	3500
3	13	9620
3	14	-5132
3	15	-236
3	16	-5068
3	17	1460
3	18	-716
3	19	8332
3	20	172
3	21	-1324
3	22	5404
3	23	-9076
3	24	-1940
3	25	5340
3	26	-2348
3	27	-580
3	28	-1052
3	29	4796
3	30	5340
3	31	1804
3	32	6292
3	33	-916
4	5	3844
4	6	1940
4	7	-8396
4	8	3364
4	9	5948
4	10	-3772
4	11	3092
4	12	1052
4	13	2548
4	14	1940
4	15	6836
4	16	-2892
4	17	-988
4	18	-3164
4	19	-7716
4	20	-2004
4	21	1124
4	22	2956
4	23	2620
4	24	-4388
4	25	-6084
4	26	-172
4	27	6220
4	28	6020
4	29	2620
4	30	7788
4	31	-372
4	32	4116
4	33	1532
5	6	236
5	7	-3300
5	8	-10164
5	9	-3500
5	10	-3300
5	11	-644
5	12	-3228
5	13	-100
5	14	9484
5	15	4588
5	16	5340
5	17	8060
5	18	988
5	19	644
5	20	-9692
5	21	1052
5	22	-508
5	23	-5068
5	24	-7036
5	25	-988
5	26	-2004
5	27	852
5	28	5404
5	29	-9692
5	30	-988
5	31	-2076
5	32	-11188
5	33	-8604
6	7	-1396
6	8	-2820
6	9	3844
6	10	-6020
6	11	-2548
6	12	-508
6	13	-11252
6	14	-7108
6	15	6492
6	16	3436
6	17	-7716
6	18	3708
6	19	2548
6	20	1460
6	21	-6292
6	22	2212
6	23	-7788
6	24	308
6	25	916
6	26	9964
6	27	3572
6	28	7308
6	29	1460
6	30	5540
6	31	-9420
6	32	-4660
6	33	2548
7	8	716
7	9	2756
7	10	4316
7	11	988
7	12	-6220
7	13	1532
7	14	-6020
7	15	-1668
7	16	2348
7	17	5068
7	18	2620
7	19	-5612
7	20	2548
7	21	4044
7	22	5748
7	23	7172
7	24	8468
7	25	6628
7	26	-372
7	27	-2140
7	28	-852
7	29	-2076
7	30	-7244
7	31	-8332
7	32	5676
7	33	-988
8	9	1460
8	10	5340
8	11	-6020
8	12	-8060
8	13	2684
8	14	-2820
8	15	-2548
8	16	-7380
8	17	-852
8	18	-12276
8	19	1396
8	20	2484
8	21	-3636
8	22	-6156
8	23	7108
8	24	372
8	25	-1596
8	26	4588
8	27	1732
8	28	-7988
8	29	7108
8	30	-1596
8	31	-5132
8	32	13228
8	33	1396
9	10	2756
9	11	5812
9	12	3772
9	13	644
9	14	-5404
9	15	4116
9	16	4452
9	17	-2892
9	18	-5068
9	19	-5812
9	20	-100
9	21	3028
9	22	10300
9	23	4524
9	24	2956
9	25	5068
9	26	2548
9	27	-308
9	28	3300
9	29	4524
9	30	444
9	31	1532
9	32	1396
9	33	8060
10	11	-8260
10	12	-1596
10	13	6156
10	14	-1396
10	15	-1668
10	16	-6900
10	17	5068
10	18	-2004
10	19	-988
10	20	2548
10	21	8668
10	22	1124
10	23	-2076
10	24	3844
10	25	2004
10	26	-372
10	27	2484
10	28	-852
10	29	-2076
10	30	-7244
10	31	916
10	32	1052
10	33	-988
11	12	10164
11	13	-2212
11	14	2076
11	15	2348
11	16	6220
11	17	-5748
11	18	-3300
11	19	-7580
11	20	-1868
11	21	1260
11	22	2820
11	23	12004
11	24	4724
11	25	3300
11	26	-308
11	27	-7788
11	28	6156
11	29	-1868
11	30	-1324
11	31	-236
11	32	-372
11	33	-2956
12	13	4996
12	14	-5132
12	15	4388
12	16	-444
12	17	-7788
12	18	-716
12	19	-916
12	20	4796
12	21	3300
12	22	780
12	23	172
12	24	2684
12	25	716
12	26	-2348
12	27	-5204
12	28	8196
12	29	172
12	30	716
12	31	1804
12	32	1668
12	33	3708
13	14	2620
13	15	2892
13	16	-8196
13	17	7580
13	18	-3844
13	19	-2412
13	20	3300
13	21	1804
13	22	-2348
13	23	3300
13	24	-5068
13	25	3844
13	26	-10100
13	27	916
13	28	-2548
13	29	-5948
13	30	-780
13	31	4932
13	32	4796
13	33	-2412
14	15	-7380
14	16	8060
14	17	6156
14	18	3708
14	19	-2076
14	20	-3164
14	21	-6292
14	22	-2412
14	23	1460
14	24	-13564
14	25	916
14	26	716
14	27	-5676
14	28	-1940
14	29	-7788
14	30	-3708
14	31	9076
14	32	-4660
14	33	-15948
15	16	-5540
15	17	1804
15	18	-644
15	19	-6972
15	20	-3436
15	21	2684
15	22	-2140
15	23	1188
15	24	5204
15	25	644
15	26	-3636
15	27	3844
15	28	7036
15	29	-8060
15	30	5268
15	31	-5068
15	32	-4932
15	33	2276
16	17	-7108
16	18	-36
16	19	-1596
16	20	-508
16	21	-6628
16	22	6084
16	23	4116
16	24	-1260
16	25	9284
16	26	12204
16	27	-9148
16	28	2892
16	29	-508
16	30	36
16	31	1124
16	32	-8260
16	33	-6220
17	18	1868
17	19	-3500
17	20	-7036
17	21	716
17	22	-1260
17	23	2212
17	24	-3980
17	25	-6492
17	26	-9012
17	27	-2620
17	28	988
17	29	-7036
17	30	-1868
17	31	3844
17	32	-916
17	33	-3500
18	19	-1324
18	20	-236
18	21	2892
18	22	5812
18	23	-9484
18	24	-1532
18	25	308
18	26	-6564
18	27	4452
18	28	-1460
18	29	-236
18	30	308
18	31	6020
18	32	-3364
18	33	-1324
19	20	-2756
19	21	-1260
19	22	-7444
19	23	-12004
19	24	-100
19	25	1324
19	26	4932
19	27	-1460
19	28	-1532
19	29	6492
19	30	-3300
19	31	-4388
19	32	-4252
19	33	-1668
20	21	-6972
20	22	-1732
20	23	-3844
20	24	-3636
20	25	-4388
20	26	-3228
20	27	-372
20	28	-2620
20	29	780
20	30	236
20	31	-852
20	32	8532
20	33	6492
21	22	6020
21	23	-2348
21	24	13364
21	25	-2892
21	26	-4724
21	27	2756
21	28	3500
21	29	2276
21	30	-7516
21	31	644
21	32	780
21	33	3364
22	23	-1732
22	24	4588
22	25	3436
22	26	-444
22	27	-3300
22	28	1668
22	29	7516
22	30	3436
22	31	9148
22	32	4388
22	33	1804
23	24	988
23	25	4860
23	26	1396
23	27	-4996
23	28	-2620
23	29	-3844
23	30	-4388
23	31	-852
23	32	3908
23	33	-2756
24	25	1532
24	26	6084
24	27	-6020
24	28	9012
24	29	5612
24	30	1532
24	31	-6628
24	32	2484
24	33	4524
25	26	6564
25	27	172
25	28	-3164
25	29	-4388
25	30	-308
25	31	-1396
25	32	-5884
25	33	-7924
26	27	-6428
26	28	9420
26	29	1396
26	30	1940
26	31	-10844
26	32	-1732
26	33	-4316
27	28	-6220
27	29	-372
27	30	4796
27	31	-3364
27	32	-3500
27	33	7788
28	29	-2620
28	30	6084
28	31	-8876
28	32	-4116
28	33	-1532
29	30	4860
29	31	3772
29	32	8532
29	33	6492
30	31	3228
30	32	-1260
30	33	5948
31	32	-2348
31	33	236
32	33	4996
