0	1	4280
0	2	7408
0	3	3472
0	4	-608
0	5	200
0	6	-5376
0	7	-1432
0	8	-4016
0	9	3880
0	10	-6600
0	11	1696
0	12	1024
0	13	-744
0	14	4008
0	15	-12712
0	16	3328
0	17	336
0	18	3600
0	19	-4832
0	20	5504
0	21	-1432
0	22	3064
0	23	2240
0	24	7280
0	25	9456
0	26	-7816
0	27	5912
0	28	-200
0	29	3336
0	30	-1968
0	31	4008
0	32	2376
0	33	8224
1	2	3336
1	3	-344
1	4	-5512
1	5	1296
1	6	-7000
1	7	2928
1	8	888
1	9	13120
1	10	3472
1	11	-200
1	12	6728
1	13	-5376
1	14	-11760
1	15	-2656
1	16	2792
1	17	5784
1	18	-2104
1	19	1704
1	20	-4008
1	21	-6320
1	22	4688
1	23	3880
1	24	472
1	25	7544
1	26	-2928
1	27	9456
1	28	3328
1	29	-208
1	30	5096
1	31	6736
1	32	-5504
1	33	-2104
2	3	-6464
2	4	-7008
2	5	-6456
2	6	-5504
2	7	-9448
2	8	2384
2	9	-2248
2	10	4968
2	11	10544
2	12	9856
2	13	2376
2	14	-1016
2	15	-4152
2	16	8912
2	17	-6592
2	18	-608
2	19	3200
2	20	-2512
2	21	-14072
2	22	3192
2	23	-3872
2	24	8224
2	25	6048
2	26	-9048
2	27	10952
2	28	-2792
2	29	2920
2	30	-1024
2	31	-1016
2	32	-8632
2	33	-608
3	4	-608
3	5	9448
3	6	-752
3	7	7816
3	8	-8640
3	9	-744
3	10	-1976
3	11	-7552
3	12	-3600
3	13	-9992
3	14	4008
3	15	-8088
3	16	-1296
3	17	-4288
3	18	8224
3	19	-208
3	20	5504
3	21	7816
3	22	-1560
3	23	-2384
3	24	-1968
3	25	208
3	26	6056
3	27	-3336
3	28	-200
3	29	-5912
3	30	7280
3	31	-5240
3	32	7000
3	33	-1024
4	5	-344
4	6	7952
4	7	2648
4	8	64
4	9	-4824
4	10	2104
4	11	1152
4	12	-3056
4	13	-4824
4	14	8088
4	15	1704
4	16	-1840
4	17	-208
4	18	3056
4	19	-752
4	20	336
4	21	7272
4	22	3608
4	23	-2928
4	24	-1424
4	25	752
4	26	1976
4	27	744
4	28	-4280
4	29	3880
4	30	3200
4	31	-1160
4	32	1832
4	33	3056
5	6	6328
5	7	2384
5	8	4968
5	9	-208
5	10	-1696
5	11	-5368
5	12	2648
5	13	4416
5	14	-3056
5	15	2512
5	16	-11624
5	17	-4008
5	18	11224
5	19	-8088
5	20	72
5	21	2384
5	22	608
5	23	-5912
5	24	-3608
5	25	-1160
5	26	-2384
5	27	-336
5	28	3872
5	29	336
5	30	5640
5	31	6192
5	32	7824
5	33	1976
6	7	-1288
6	8	1296
6	9	-5784
6	10	-744
6	11	-9040
6	12	-2928
6	13	3464
6	14	2520
6	15	10808
6	16	-10672
6	17	1568
6	18	-6320
6	19	2112
6	20	-3600
6	21	7960
6	22	-344
6	23	-4960
6	24	64
6	25	-6736
6	26	1288
6	27	616
6	28	-10952
6	29	8632
6	30	64
6	31	-2104
6	32	4152
6	33	-1696
7	8	-7272
7	9	2784
7	10	4560
7	11	-3736
7	12	-3608
7	13	-1840
7	14	-1424
7	15	-3744
7	16	-744
7	17	2248
7	18	-1016
7	19	2792
7	20	6328
7	21	8640
7	22	3600
7	23	-8904
7	24	-5240
7	25	-2792
7	26	608
7	27	-7952
7	28	2240
7	29	3328
7	30	-616
7	31	-6048
7	32	-4416
7	33	3608
8	9	-4424
8	10	2520
8	11	3472
8	12	16928
8	13	9448
8	14	-3464
8	15	7544
8	16	-2784
8	17	-4416
8	18	1568
8	19	752
8	20	4288
8	21	-7272
8	22	1016
8	23	2928
8	24	6048
8	25	-752
8	26	-6600
8	27	-744
8	28	4280
8	29	-3880
8	30	6048
8	31	1160
8	32	2792
8	33	-3056
9	10	2240
9	11	-3336
9	12	1432
9	13	-4960
9	14	-5648
9	15	1568
9	16	-1704
9	17	4552
9	18	-1432
9	19	-616
9	20	-8776
9	21	-1840
9	22	-1152
9	23	6456
9	24	-10808
9	25	616
9	26	-2784
9	27	880
9	28	4832
9	29	-880
9	30	-1560
9	31	12848
9	32	-2656
9	33	3192
10	11	1432
10	12	5096
10	13	2240
10	14	-5504
10	15	336
10	16	-200
10	17	-1832
10	18	-472
10	19	12584
10	20	-7000
10	21	4560
10	22	12304
10	23	-3736
10	24	-1160
10	25	1288
10	26	4688
10	27	1840
10	28	-2928
10	29	2784
10	30	3464
10	31	-5504
10	32	-3872
10	33	-5096
11	12	4144
11	13	1288
11	14	72
11	15	-616
11	16	14624
11	17	-10128
11	18	480
11	19	-4960
11	20	3200
11	21	-8360
11	22	2104
11	23	-2784
11	24	2512
11	25	336
11	26	-5512
11	27	2792
11	28	9992
11	29	-2792
11	30	-2112
11	31	72
11	32	-7544
11	33	-4144
12	13	1432
12	14	-2792
12	15	3336
12	16	1152
12	17	-6464
12	18	1424
12	19	2240
12	20	3328
12	21	-12856
12	22	616
12	23	64
12	24	4832
12	25	2384
12	26	-10264
12	27	3736
12	28	1976
12	29	-3736
12	30	4832
12	31	1832
12	32	-4424
12	33	-3200
13	14	-1024
13	15	1568
13	16	-6328
13	17	-72
13	18	-6056
13	19	4008
13	20	5096
13	21	2784
13	22	3472
13	23	-2792
13	24	7688
13	25	616
13	26	-2784
13	27	880
13	28	208
13	29	3744
13	30	-6184
13	31	-1024
13	32	-2656
13	33	3192
14	15	-2928
14	16	-1560
14	17	-7816
14	18	-1832
14	19	1976
14	20	10136
14	21	3200
14	22	-9456
14	23	-5096
14	24	4824
14	25	-1976
14	26	1424
14	27	-4144
14	28	-1568
14	29	-5104
14	30	-4424
14	31	-2240
14	32	-608
14	33	-1832
15	16	-3608
15	17	2648
15	18	-3336
15	19	-2520
15	20	-6056
15	21	-3744
15	22	-8496
15	23	-72
15	24	-8904
15	25	-6728
15	26	-880
15	27	-1024
15	28	2112
15	29	5648
15	30	344
15	31	6320
15	32	64
15	33	-3336
16	17	-7136
16	18	-1152
16	19	2656
16	20	1568
16	21	-5368
16	22	-888
16	23	4832
16	24	4144
16	25	1968
16	26	744
16	27	1160
16	28	7000
16	29	-1160
16	30	4144
16	31	-6184
16	32	-4552
16	33	-1152
17	18	-7408
17	19	-3600
17	20	-4688
17	21	2248
17	22	5368
17	23	3200
17	24	-3472
17	25	3600
17	26	-2248
17	27	4152
17	28	-5240
17	29	9720
17	30	-3472
17	31	6056
17	32	3064
17	33	6464
18	19	-6864
18	20	-3328
18	21	-1016
18	22	-616
18	23	-64
18	24	-4832
18	25	2240
18	26	1016
18	27	-3736
18	28	2648
18	29	-888
18	30	9040
18	31	2792
18	32	9048
18	33	3200
19	20	480
19	21	7416
19	22	200
19	23	3744
19	24	9856
19	25	3056
19	26	11080
19	27	72
19	28	-10408
19	29	-72
19	30	5232
19	31	-11896
19	32	-5640
19	33	-6864
20	21	1704
20	22	-3336
20	23	-1968
20	24	10944
20	25	4144
20	26	-1704
20	27	-1016
20	28	4552
20	29	-8232
20	30	-2928
20	31	-8360
20	32	-2104
20	33	-3328
21	22	3600
21	23	344
21	24	-616
21	25	-2792
21	26	14480
21	27	-7952
21	28	-7008
21	29	3328
21	30	-616
21	31	-6048
21	32	4832
21	33	-1016
22	23	-1976
22	24	2248
22	25	4424
22	26	-3600
22	27	6320
22	28	-608
22	29	2928
22	30	2248
22	31	-4832
22	32	2784
22	33	4008
23	24	3056
23	25	10128
23	26	8904
23	27	6872
23	28	1288
23	29	-6872
23	30	3056
23	31	-472
23	32	5784
23	33	-64
24	25	8640
24	26	616
24	27	6728
24	28	-5640
24	29	-2104
24	30	1840
24	31	-9048
24	32	-1432
24	33	-4832
25	26	2792
25	27	18424
25	28	-3464
25	29	72
25	30	-608
25	31	-1976
25	32	-3608
25	33	2240
26	27	-1296
26	28	-6864
26	29	-3328
26	30	616
26	31	-7824
26	32	-208
26	33	-8232
27	28	-4288
27	29	1424
27	30	-2520
27	31	480
27	32	-7136
27	33	888
28	29	-9584
28	30	3608
28	31	3056
28	32	6048
28	33	2648
29	30	-2104
29	31	4144
29	32	-2112
29	33	8360
30	31	-4424
30	32	12440
30	33	-208
31	32	-608
31	33	2792
32	33	4424
