0	1	-4084
0	2	-10644
0	3	1844
0	4	-1676
0	5	-8556
0	6	2316
0	7	-6636
0	8	-4396
0	9	4404
0	10	-4236
0	11	-5684
0	12	11124
0	13	15276
0	14	5676
0	15	-4556
0	16	-1044
0	17	14316
0	18	1524
0	19	-5524
0	20	16404
0	21	-12724
0	22	-3276
0	23	-7276
0	24	-1044
0	25	-12244
0	26	5676
0	27	-1364
0	28	19596
0	29	4884
0	30	-3924
0	31	3116
0	32	716
0	33	-18324
0	34	3284
0	35	4884
0	36	-8404
0	37	1684
0	38	-10164
0	39	-10964
1	2	6796
1	3	3604
1	4	6484
1	5	-396
1	6	-12244
1	7	-4876
1	8	3764
1	9	12564
1	10	10324
1	11	-1044
1	12	84
1	13	-5684
1	14	-8884
1	15	-9196
1	16	-2804
1	17	6156
1	18	3284
1	19	18316
1	20	-7436
1	21	4716
1	22	4884
1	23	7284
1	24	-2804
1	25	-1204
1	26	-8884
1	27	-9524
1	28	-1364
1	29	244
1	30	13516
1	31	7756
1	32	-7444
1	33	5516
1	34	-14156
1	35	13044
1	36	-10164
1	37	3444
1	38	7276
1	39	-12724
2	3	16564
2	4	19444
2	5	12564
2	6	396
2	7	-4716
2	8	3924
2	9	19124
2	10	4084
2	11	-1204
2	12	6644
2	13	556
2	14	-15444
2	15	3764
2	16	-15764
2	17	-404
2	18	-22156
2	19	-1044
2	20	-876
2	21	-1844
2	22	-14156
2	23	-11756
2	24	-9364
2	25	11436
2	26	3756
2	27	-9684
2	28	-7924
2	29	-5996
2	30	-5844
2	31	-5204
2	32	5196
2	33	-7444
2	34	5204
2	35	-12396
2	36	8876
2	37	3604
2	38	26316
2	39	-84
3	4	14956
3	5	-3764
3	6	16404
3	7	13516
3	8	-14324
3	9	2476
3	10	-1684
3	11	-13996
3	12	-4244
3	13	-2956
3	14	-6156
3	15	-1364
3	16	564
3	17	10804
3	18	-13844
3	19	11444
3	20	9676
3	21	-556
3	22	-9044
3	23	-11444
3	24	564
3	25	5364
3	26	-6156
3	27	-5516
3	28	-876
3	29	-4404
3	30	-15756
3	31	-3596
3	32	-1196
3	33	-1356
3	34	3596
3	35	-4404
3	36	7924
3	37	-7604
3	38	3284
3	39	-2316
4	5	-244
4	6	6484
4	7	4236
4	8	-10804
4	9	25196
4	10	1836
4	11	-11116
4	12	-7124
4	13	6324
4	14	-3276
4	15	2156
4	16	3444
4	17	7284
4	18	8876
4	19	1524
4	20	6796
4	21	8724
4	22	7276
4	23	-7924
4	24	-9356
4	25	21044
4	26	-3276
4	27	-9036
4	28	2004
4	29	-13684
4	30	-76
4	31	5684
4	32	1684
4	33	7924
4	34	716
4	35	-7284
4	36	-1996
4	37	2316
4	38	12564
4	39	6964
5	6	-19596
5	7	-1684
5	8	2476
5	9	6476
5	10	8716
5	11	7604
5	12	-244
5	13	5844
5	14	-3756
5	15	-10164
5	16	2964
5	17	-5996
5	18	-16244
5	19	-18156
5	20	-24724
5	21	-4556
5	22	-5044
5	23	-13844
5	24	2964
5	25	1364
5	26	-22956
5	27	9684
5	28	-11276
5	29	-404
5	30	-13356
5	31	-1196
5	32	1204
5	33	7444
5	34	-18004
5	35	-6804
5	36	16724
5	37	2796
5	38	-716
5	39	12884
6	7	7924
6	8	3764
6	9	6164
6	10	-2476
6	11	-1044
6	12	-6316
6	13	-12084
6	14	-8884
6	15	10004
6	16	-9204
6	17	6156
6	18	3284
6	19	5516
6	20	18164
6	21	17516
6	22	11284
6	23	884
6	24	3596
6	25	11596
6	26	3916
6	27	-3124
6	28	11436
6	29	13044
6	30	-5684
6	31	1356
6	32	-1044
6	33	11916
6	34	17844
6	35	244
6	36	-10164
6	37	-15756
6	38	7276
6	39	76
7	8	-5844
7	9	-8244
7	10	19596
7	11	-9676
7	12	-8564
7	13	-5036
7	14	-1836
7	15	-12084
7	16	-1516
7	17	-10476
7	18	1036
7	19	9364
7	20	5356
7	21	3764
7	22	12236
7	23	-9364
7	24	17684
7	25	3284
7	26	-8236
7	27	18004
7	28	-15756
7	29	-15124
7	30	1364
7	31	-5676
7	32	3124
7	33	9364
7	34	-7124
7	35	4076
7	36	18644
7	37	876
7	38	1204
7	39	21204
8	9	2316
8	10	4556
8	11	11764
8	12	8396
8	13	3604
8	14	404
8	15	-1524
8	16	-5676
8	17	-1836
8	18	-1204
8	19	-13996
8	20	-3284
8	21	12404
8	22	-2804
8	23	7596
8	24	724
8	25	-7276
8	26	404
8	27	7444
8	28	-7116
8	29	1836
8	30	3604
8	31	15764
8	32	-1036
8	33	5204
8	34	-9364
8	35	8236
8	36	1684
8	37	11436
8	38	16244
8	39	-2156
9	10	8556
9	11	1364
9	12	-6804
9	13	-396
9	14	-16396
9	15	-3924
9	16	9524
9	17	6964
9	18	-3604
9	19	-5196
9	20	716
9	21	8404
9	22	7596
9	23	-14004
9	24	-3276
9	25	7924
9	26	-3596
9	27	-2956
9	28	8084
9	29	-564
9	30	-396
9	31	5364
9	32	7764
9	33	-11596
9	34	7436
9	35	-564
9	36	-2316
9	37	-10164
9	38	18644
9	39	-6156
10	11	-876
10	12	1836
10	13	3764
10	14	6964
10	15	-14484
10	16	884
10	17	4724
10	18	-20564
10	19	5364
10	20	-3444
10	21	-236
10	22	3436
10	23	-11764
10	24	13684
10	25	-716
10	26	-5836
10	27	14004
10	28	-19756
10	29	-4724
10	30	10164
10	31	9524
10	32	-876
10	33	-7436
10	34	-9524
10	35	20876
10	36	14644
10	37	11276
10	38	3604
10	39	4404
11	12	14484
11	13	-7284
11	14	2316
11	15	-1196
11	16	-4404
11	17	-1844
11	18	-1516
11	19	-21684
11	20	-5836
11	21	-3284
11	22	84
11	23	2484
11	24	1996
11	25	3596
11	26	-4084
11	27	1676
11	28	3436
11	29	14644
11	30	-7284
11	31	-6644
11	32	-9044
11	33	3916
11	34	244
11	35	-4556
11	36	-11764
11	37	5044
11	38	18476
11	39	11276
12	13	-76
12	14	9524
12	15	2156
12	16	-2956
12	17	-5516
12	18	-3924
12	19	1524
12	20	6796
12	21	-10476
12	22	876
12	23	11276
12	24	3444
12	25	-4556
12	26	15924
12	27	3764
12	28	8404
12	29	-884
12	30	-76
12	31	-716
12	32	14484
12	33	-11276
12	34	-5684
12	35	-13684
12	36	-14796
12	37	2316
12	38	-6636
12	39	6964
13	14	4076
13	15	-2956
13	16	10156
13	17	-6484
13	18	-9676
13	19	-724
13	20	-13996
13	21	-7924
13	22	-8076
13	23	-5676
13	24	3756
13	25	-7444
13	26	-8724
13	27	9836
13	28	-1204
13	29	84
13	30	-18324
13	31	7916
13	32	-13684
13	33	-724
13	34	4884
13	35	6484
13	36	9196
13	37	22484
13	38	-11764
13	39	-6164
14	15	-6156
14	16	-12244
14	17	15916
14	18	6324
14	19	-10324
14	20	2004
14	21	-17524
14	22	-4876
14	23	-2476
14	24	6956
14	25	-4244
14	26	7276
14	27	236
14	28	1996
14	29	-3116
14	30	4076
14	31	4716
14	32	-4084
14	33	-10324
14	34	-11116
14	35	-3116
14	36	-6804
14	37	19284
14	38	-14964
14	39	-2964
15	16	-5836
15	17	-8396
15	18	-1044
15	19	-1356
15	20	3276
15	21	18644
15	22	-2644
15	23	1356
15	24	-5836
15	25	11764
15	26	13044
15	27	-5516
15	28	-7276
15	29	21196
15	30	-2956
15	31	-3596
15	32	11604
15	33	5044
15	34	3596
15	35	-17204
15	36	1524
15	37	5196
15	38	9684
15	39	4084
16	17	-16404
16	18	6644
16	19	8556
16	20	-16876
16	21	1356
16	22	1844
16	23	10644
16	24	236
16	25	-4564
16	26	-5844
16	27	12716
16	28	-4724
16	29	-2796
16	30	-9044
16	31	10796
16	32	1996
16	33	2156
16	34	8404
16	35	16404
16	36	-724
16	37	-12396
16	38	-8884
16	39	9516
17	18	-2316
17	19	-8084
17	20	18964
17	21	-8884
17	22	-716
17	23	-11116
17	24	-10004
17	25	-2004
17	26	-3284
17	27	-16724
17	28	10636
17	29	-5356
17	30	6316
17	31	6956
17	32	-1844
17	33	-14484
17	34	-6956
17	35	7444
17	36	-4564
17	37	4244
17	38	76
17	39	-13524
18	19	4724
18	20	3596
18	21	5524
18	22	16876
18	23	20876
18	24	-6156
18	25	-1356
18	26	6324
18	27	-5836
18	28	18004
18	29	-10484
18	30	9524
18	31	2484
18	32	-7916
18	33	23924
18	34	-2484
18	35	2316
18	36	-17996
18	37	-7284
18	38	-3436
18	39	10164
19	20	-5996
19	21	-3124
19	22	-76
19	23	8724
19	24	-4244
19	25	-9044
19	26	-3924
19	27	-10964
19	28	3596
19	29	-4716
19	30	12076
19	31	-84
19	32	-2484
19	33	4076
19	34	6484
19	35	14484
19	36	1196
19	37	-14316
19	38	-13364
19	39	-14164
20	21	7604
20	22	1996
20	23	-404
20	24	2324
20	25	724
20	26	14804
20	27	-10156
20	28	13684
20	29	-6164
20	30	5204
20	31	4564
20	32	13364
20	33	-12396
20	34	1836
20	35	-6164
20	36	-3116
20	37	-2964
20	38	5044
20	39	-556
21	22	19924
21	23	3124
21	24	-5044
21	25	15756
21	26	-4724
21	27	1036
21	28	-3604
21	29	8884
21	30	4876
21	31	5516
21	32	3116
21	33	16076
21	34	884
21	35	2484
21	36	396
21	37	-7116
21	38	17836
21	39	4236
22	23	6476
22	24	-4556
22	25	6644
22	26	1524
22	27	21364
22	28	6804
22	29	-5684
22	30	11124
22	31	-15116
22	32	6484
22	33	12724
22	34	-4084
22	35	-5684
22	36	-9996
22	37	-8884
22	38	-1836
22	39	18164
23	24	-2156
23	25	2644
23	26	10324
23	27	-1836
23	28	15604
23	29	-8084
23	30	19924
23	31	6484
23	32	-10316
23	33	21524
23	34	6316
23	35	4716
23	36	-13996
23	37	1516
23	38	-12236
23	39	1364
24	25	1836
24	26	-12244
24	27	-84
24	28	-4724
24	29	3604
24	30	-9044
24	31	10796
24	32	1996
24	33	-4244
24	34	-10796
24	35	3604
24	36	5676
24	37	404
24	38	-15284
24	39	3116
25	26	-10644
25	27	-11284
25	28	-3124
25	29	2004
25	30	5356
25	31	-404
25	32	-9204
25	33	3756
25	34	404
25	35	-17196
25	36	-5524
25	37	5204
25	38	5516
25	39	11116
26	27	13036
26	28	1996
26	29	3284
26	30	4076
26	31	-8084
26	32	15116
26	33	-3924
26	34	20884
26	35	-9516
26	36	-13204
26	37	6484
26	38	10636
26	39	3436
27	28	-17844
27	29	3924
27	30	-9364
27	31	-8724
27	32	1676
27	33	8236
27	34	2324
27	35	-2476
27	36	11756
27	37	13524
27	38	3596
27	39	28396
28	29	2164
28	30	5196
28	31	-564
28	32	-9364
28	33	-2804
28	34	13364
28	35	-4236
28	36	-12084
28	37	-13836
28	38	-13844
28	39	-14644
29	30	-19116
29	31	5844
29	32	-4556
29	33	-4716
29	34	6956
29	35	5356
29	36	-1836
29	37	2156
29	38	6324
29	39	724
30	31	-4884
30	32	-884
30	33	-724
30	34	-7916
30	35	6484
30	36	-3604
30	37	3284
30	38	-5364
30	39	-12564
31	32	-244
31	33	-84
31	34	-2156
31	35	25044
31	36	-2964
31	37	9044
31	38	-4724
31	39	-5524
32	33	-15284
32	34	-6156
32	35	-10956
32	36	-5364
32	37	-14156
32	38	-724
32	39	4876
33	34	84
33	35	1684
33	36	-5204
33	37	4884
33	38	5836
33	39	17836
34	35	556
34	36	-9836
34	37	-2644
34	38	11124
34	39	-7276
35	36	4564
35	37	2156
35	38	-76
35	39	-5676
36	37	7764
36	38	2956
36	39	8556
37	38	9524
37	39	10324
38	39	13196
