0	1	3924
0	2	-7276
0	3	-1356
0	4	4884
0	5	7596
0	6	-6796
0	7	-5524
0	8	-6004
0	9	6324
0	10	-9676
0	11	14964
0	12	-2964
0	13	10004
0	14	8236
0	15	5996
0	16	-10956
0	17	-2476
0	18	-11596
0	19	-4556
0	20	8084
0	21	-3284
0	22	-1684
0	23	-884
0	24	16876
0	25	3124
0	26	4404
0	27	-10316
0	28	-244
0	29	-6156
0	30	-6804
0	31	1836
0	32	9356
0	33	21516
0	34	4564
0	35	716
0	36	-4244
0	37	-7276
0	38	4724
0	39	-3124
1	2	9844
1	3	9364
1	4	9204
1	5	-3124
1	6	3924
1	7	-3444
1	8	8876
1	9	10644
1	10	7444
1	11	6484
1	12	11916
1	13	1524
1	14	10316
1	15	8076
1	16	12564
1	17	-17356
1	18	-876
1	19	-236
1	20	12404
1	21	11596
1	22	396
1	23	7596
1	24	6156
1	25	-11756
1	26	2324
1	27	-12396
1	28	-4564
1	29	-8236
1	30	1676
1	31	-8884
1	32	11436
1	33	17196
1	34	-10316
1	35	2796
1	36	-8564
1	37	-2956
1	38	2644
1	39	5356
2	3	4564
2	4	4404
2	5	8076
2	6	5524
2	7	7756
2	8	7276
2	9	-556
2	10	9044
2	11	-4716
2	12	3916
2	13	3124
2	14	-4084
2	15	76
2	16	1364
2	17	-22156
2	18	-5676
2	19	7764
2	20	-11596
2	21	-2804
2	22	17996
2	23	5996
2	24	-8244
2	25	-3756
2	26	3924
2	27	8404
2	28	236
2	29	-6636
2	30	6476
2	31	-4084
2	32	3436
2	33	2796
2	34	-15116
2	35	1196
2	36	2636
2	37	11444
2	38	10644
2	39	3756
3	4	3924
3	5	8556
3	6	-1356
3	7	8236
3	8	-5044
3	9	-13836
3	10	14964
3	11	-5196
3	12	-2004
3	13	2644
3	14	-10004
3	15	-5844
3	16	884
3	17	2964
3	18	-6156
3	19	7284
3	20	-12076
3	21	10476
3	22	5676
3	23	19276
3	24	-7764
3	25	-10636
3	26	3444
3	27	-4876
3	28	-5684
3	29	-716
3	30	556
3	31	-3604
3	32	23116
3	33	9676
3	34	-2796
3	35	-4724
3	36	3116
3	37	4564
3	38	3764
3	39	4236
4	5	21516
4	6	-1516
4	7	-4404
4	8	-11284
4	9	-13996
4	10	2004
4	11	-18156
4	12	4556
4	13	15284
4	14	-3444
4	15	19916
4	16	724
4	17	-9996
4	18	84
4	19	-5676
4	20	6964
4	21	4236
4	22	-13364
4	23	13036
4	24	-7604
4	25	-10796
4	26	-15916
4	27	-11436
4	28	876
4	29	11924
4	30	-5684
4	31	-3444
4	32	4076
4	33	9836
4	34	3444
4	35	1836
4	36	-22324
4	37	-1996
4	38	-15596
4	39	-2004
5	6	1196
5	7	-14476
5	8	-7596
5	9	-5524
5	10	-2324
5	11	-14164
5	12	-4236
5	13	3596
5	14	-15436
5	15	12404
5	16	5356
5	17	-9524
5	18	12396
5	19	5356
5	20	5516
5	21	-3916
5	22	-5516
5	23	-6316
5	24	14324
5	25	-2324
5	26	2796
5	27	-8084
5	28	18644
5	29	19756
5	30	-6796
5	31	-9036
5	32	9044
5	33	3284
5	34	-3764
5	35	-7916
5	36	-9356
5	37	-11124
5	38	-16724
5	39	8724
6	7	-11924
6	8	396
6	9	12724
6	10	9524
6	11	-10636
6	12	9836
6	13	3604
6	14	-4564
6	15	12396
6	16	1844
6	17	-8876
6	18	-11596
6	19	1844
6	20	-4716
6	21	3116
6	22	-1684
6	23	-7284
6	24	4076
6	25	-22476
6	26	10804
6	27	-3916
6	28	-13044
6	29	6644
6	30	-404
6	31	-17364
6	32	2956
6	33	8716
6	34	-21036
6	35	-5684
6	36	2156
6	37	-7276
6	38	-14476
6	39	3276
7	8	5524
7	9	556
7	10	-2644
7	11	17516
7	12	8884
7	13	3276
7	14	4084
7	15	-12876
7	16	-14164
7	17	-3444
7	18	-724
7	19	11436
7	20	-1204
7	21	9204
7	22	7604
7	23	6804
7	24	-17356
7	25	-2644
7	26	8876
7	27	10796
7	28	-6636
7	29	236
7	30	-76
7	31	10484
7	32	2964
7	33	-9196
7	34	2316
7	35	5204
7	36	3764
7	37	14156
7	38	14956
7	39	-3756
8	9	19276
8	10	3276
8	11	4236
8	12	15764
8	13	-16404
8	14	10964
8	15	-12396
8	16	10956
8	17	15276
8	18	-1204
8	19	10956
8	20	4716
8	21	3284
8	22	-4716
8	23	-18316
8	24	-4076
8	25	9676
8	26	1996
8	27	3916
8	28	244
8	29	-244
8	30	19604
8	31	-1836
8	32	9844
8	33	-2316
8	34	-4564
8	35	12084
8	36	-2156
8	37	876
8	38	14476
8	39	3124
9	10	9844
9	11	2484
9	12	15916
9	13	-2476
9	14	1516
9	15	-724
9	16	-10636
9	17	-2156
9	18	-11276
9	19	2164
9	20	21204
9	21	2796
9	22	-8404
9	23	-14004
9	24	10156
9	25	-9356
9	26	4724
9	27	2804
9	28	5836
9	29	-5836
9	30	-7124
9	31	-4884
9	32	2636
9	33	1996
9	34	4884
9	35	6796
9	36	1836
9	37	-13356
9	38	-1356
9	39	15756
10	11	-19916
10	12	6316
10	13	7124
10	14	-1684
10	15	8876
10	16	11764
10	17	1044
10	18	-8076
10	19	-7436
10	20	5204
10	21	12396
10	22	1196
10	23	14796
10	24	6956
10	25	-12556
10	26	-4876
10	27	12404
10	28	-3764
10	29	-15436
10	30	8876
10	31	-8084
10	32	12236
10	33	-1204
10	34	8084
10	35	-2804
10	36	17836
10	37	2644
10	38	-4556
10	39	-244
11	12	876
11	13	-6636
11	14	-724
11	15	-2964
11	16	-14796
11	17	-6316
11	18	-2636
11	19	4404
11	20	4244
11	21	-5844
11	22	2156
11	23	2956
11	24	1516
11	25	5684
11	26	564
11	27	-1356
11	28	-9204
11	29	-3596
11	30	-2964
11	31	12076
11	32	-12404
11	33	-6644
11	34	-12076
11	35	4556
11	36	-404
11	37	-4716
11	38	13684
11	39	716
12	13	-6964
12	14	-4876
12	15	3764
12	16	-5204
12	17	-884
12	18	-10964
12	19	20396
12	20	1356
12	21	13044
12	22	-1356
12	23	-2156
12	24	5684
12	25	-6484
12	26	-7764
12	27	6956
12	28	-15596
12	29	2796
12	30	-2636
12	31	-11276
12	32	6804
12	33	-11756
12	34	-7924
12	35	2644
12	36	-11596
12	37	10316
12	38	-1684
12	39	84
13	14	-2164
13	15	1996
13	16	-6956
13	17	-11276
13	18	-13996
13	19	-556
13	20	-13516
13	21	5516
13	22	716
13	23	7916
13	24	-6324
13	25	-12076
13	26	-4396
13	27	-12716
13	28	2156
13	29	-2156
13	30	-10804
13	31	-2164
13	32	5356
13	33	17516
13	34	-4236
13	35	9516
13	36	-8244
13	37	3124
13	38	-4076
13	39	-7124
14	15	-1036
14	16	12396
14	17	-2484
14	18	6636
14	19	-404
14	20	18956
14	21	-17356
14	22	-6156
14	23	-556
14	24	884
14	25	11116
14	26	16236
14	27	-7444
14	28	5204
14	29	1196
14	30	24564
14	31	9524
14	32	8404
14	33	9044
14	34	3276
14	35	-2156
14	36	2804
14	37	2316
14	38	9516
14	39	-11116
15	16	-2644
15	17	-17524
15	18	4396
15	19	-9044
15	20	16716
15	21	-2316
15	22	-10316
15	23	1684
15	24	3124
15	25	-16724
15	26	-5204
15	27	-9684
15	28	1044
15	29	5356
15	30	-5196
15	31	-1036
15	32	-2156
15	33	-7916
15	34	1036
15	35	-19116
15	36	-7756
15	37	-6324
15	38	-11924
15	39	3924
16	17	6164
16	18	22644
16	19	4084
16	20	3924
16	21	7276
16	22	2476
16	23	-3124
16	24	14636
16	25	5364
16	26	6644
16	27	-8076
16	28	3916
16	29	-10316
16	30	16556
16	31	-6804
16	32	7116
16	33	6476
16	34	-5996
16	35	-1524
16	36	12716
16	37	1364
16	38	-5836
16	39	-11764
17	18	-876
17	19	-236
17	20	-13196
17	21	5196
17	22	396
17	23	-11604
17	24	-6644
17	25	13844
17	26	-4076
17	27	404
17	28	8236
17	29	-8236
17	30	14476
17	31	16716
17	32	5036
17	33	-8404
17	34	21684
17	35	15596
17	36	-2164
17	37	9844
17	38	15444
17	39	-1044
18	19	9844
18	20	9684
18	21	7916
18	22	3116
18	23	3916
18	24	8876
18	25	4724
18	26	12404
18	27	-2316
18	28	4556
18	29	8244
18	30	4396
18	31	6636
18	32	-5044
18	33	-12084
18	34	-236
18	35	-7284
18	36	6956
18	37	724
18	38	-12876
18	39	-4724
19	20	-8876
19	21	876
19	22	15276
19	23	3276
19	24	1836
19	25	-1036
19	26	13044
19	27	-8076
19	28	-2484
19	29	15284
19	30	3756
19	31	5996
19	32	13516
19	33	76
19	34	-18796
19	35	11276
19	36	-84
19	37	20564
19	38	6964
19	39	-5364
20	21	-5364
20	22	-29364
20	23	-2964
20	24	14796
20	25	-1196
20	26	84
20	27	-8236
20	28	4076
20	29	8724
20	30	-2484
20	31	6156
20	32	876
20	33	236
20	34	6644
20	35	-7764
20	36	76
20	37	-11596
20	38	-18796
20	39	13996
21	22	-1036
21	23	4564
21	24	6004
21	25	-19604
21	26	-1684
21	27	236
21	28	-21676
21	29	-10324
21	30	-15116
21	31	-10956
21	32	7124
21	33	1364
21	34	4556
21	35	2964
21	36	-4876
21	37	9996
21	38	-8404
21	39	6804
22	23	2964
22	24	4404
22	25	7596
22	26	12716
22	27	21036
22	28	2324
22	29	-2324
22	30	2484
22	31	-6156
22	32	5524
22	33	-236
22	34	-6644
22	35	14164
22	36	19124
22	37	17996
22	38	18796
22	39	-13996
23	24	-2796
23	25	-10804
23	26	-5684
23	27	-3764
23	28	-17676
23	29	-7924
23	30	-4716
23	31	5844
23	32	-1676
23	33	-1036
23	34	6956
23	35	-5836
23	36	5524
23	37	5996
23	38	-12404
23	39	-8396
24	25	-5844
24	26	5676
24	27	7596
24	28	-3436
24	29	3436
24	30	-9676
24	31	-11916
24	32	-236
24	33	404
24	34	5516
24	35	-10796
24	36	13364
24	37	-8244
24	38	-13844
24	39	5844
25	26	-4876
25	27	6004
25	28	15436
25	29	-9036
25	30	15276
25	31	11116
25	32	-6964
25	33	-7604
25	34	-4716
25	35	16396
25	36	11436
25	37	9044
25	38	14644
25	39	-19444
26	27	-5516
26	28	7756
26	29	5044
26	30	1196
26	31	3436
26	32	17356
26	33	10316
26	34	-3436
26	35	-4084
26	36	16556
26	37	3924
26	38	3124
26	39	-1524
27	28	-9524
27	29	3124
27	30	3116
27	31	-7444
27	32	-6324
27	33	-19764
27	34	7444
27	35	4236
27	36	24876
27	37	2004
27	38	7604
27	39	396
28	29	-884
28	30	7444
28	31	11604
28	32	4084
28	33	-1676
28	34	13996
28	35	-76
28	36	-7916
28	37	-6164
28	38	13836
28	39	3764
29	30	-1044
29	31	-5204
29	32	8716
29	33	-4724
29	34	-7596
29	35	76
29	36	-11284
29	37	-236
29	38	-13836
29	39	15436
30	31	5364
30	32	4244
30	33	-1516
30	34	-5364
30	35	6484
30	36	-1356
30	37	76
30	38	26476
30	39	-8876
31	32	-4396
31	33	-10156
31	34	9676
31	35	4244
31	36	2804
31	37	21516
31	38	15916
31	39	8084
32	33	7924
32	34	-2004
32	35	9524
32	36	1684
32	37	16236
32	38	4236
32	39	564
33	34	-9044
33	35	3764
33	36	-4076
33	37	-10004
33	38	-2804
33	39	-5196
34	35	-10644
34	36	-2804
34	37	-2316
34	38	3284
34	39	11116
35	36	3924
35	37	13996
35	38	14796
35	39	-9996
36	37	9036
36	38	-2964
36	39	-11436
37	38	10644
37	39	-2644
38	39	-1844
