0	1	5664
0	2	-1696
0	3	-5024
0	4	-1184
0	5	5664
0	6	-2304
0	7	-704
0	8	-9344
0	9	7936
0	10	11456
0	11	1696
0	12	256
0	13	-13024
0	14	3264
0	15	20224
0	16	-6784
0	17	64
0	18	10496
0	19	6496
0	20	-6816
0	21	18976
0	22	-11744
0	23	-2464
0	24	-5824
0	25	1184
0	26	-9376
0	27	-13536
0	28	5344
0	29	-15424
0	30	8256
0	31	384
0	32	5664
0	33	12704
0	34	5824
0	35	10464
0	36	7776
0	37	1056
0	38	-4064
0	39	-6464
1	2	-1344
1	3	8064
1	4	-8576
1	5	-2304
1	6	24544
1	7	-9056
1	8	-13216
1	9	7904
1	10	-8416
1	11	7744
1	12	-3616
1	13	-3136
1	14	12896
1	15	-10464
1	16	-2976
1	17	16096
1	18	5344
1	19	9344
1	20	-15424
1	21	-9536
1	22	8384
1	23	-7296
1	24	8864
1	25	8576
1	26	-64
1	27	-15104
1	28	10816
1	29	5664
1	30	20384
1	31	-3424
1	32	-2304
1	33	-2944
1	34	16736
1	35	18496
1	36	20864
1	37	14784
1	38	704
1	39	3104
2	3	-5696
2	4	3264
2	5	-1344
2	6	-14816
2	7	9184
2	8	24224
2	9	6944
2	10	16224
2	11	13184
2	12	-4576
2	13	15104
2	14	1056
2	15	3296
2	16	-10336
2	17	-2144
2	18	10784
2	19	1984
2	20	11136
2	21	-10496
2	22	-18176
2	23	-1856
2	24	7904
2	25	3136
2	26	-11904
2	27	-14144
2	28	11776
2	29	11104
2	30	6624
2	31	-2464
2	32	-7744
2	33	10816
2	34	-7904
2	35	256
2	36	7104
2	37	-11776
2	38	-6656
2	39	-4256
3	4	2816
3	5	-4736
3	6	1696
3	7	-9504
3	8	1056
3	9	-864
3	10	9056
3	11	-704
3	12	-14944
3	13	-2624
3	14	5664
3	15	-9376
3	16	-9184
3	17	8864
3	18	-11104
3	19	-2304
3	20	1984
3	21	3776
3	22	11456
3	23	7936
3	24	-1824
3	25	-9216
3	26	5824
3	27	-11136
3	28	-5056
3	29	-11424
3	30	-19744
3	31	-10016
3	32	-4736
3	33	21504
3	34	-4576
3	35	64
3	36	18176
3	37	5056
3	38	-19264
3	39	-15264
4	5	4224
4	6	5536
4	7	736
4	8	4896
4	9	2976
4	10	-6304
4	11	3136
4	12	14496
4	13	-11584
4	14	21024
4	15	12384
4	16	13856
4	17	11424
4	18	-20064
4	19	-11264
4	20	17344
4	21	1216
4	22	2496
4	23	-1024
4	24	2016
4	25	-6656
4	26	-10816
4	27	-14976
4	28	3904
4	29	-7584
4	30	3296
4	31	11744
4	32	-2176
4	33	4864
4	34	-2016
4	35	2624
4	36	15616
4	37	-3904
4	38	-9024
4	39	-5024
5	6	-1056
5	7	10144
5	8	-416
5	9	7904
5	10	-8416
5	11	7744
5	12	-10016
5	13	3264
5	14	-6304
5	15	2336
5	16	9824
5	17	-3104
5	18	5344
5	19	-3456
5	20	10176
5	21	9664
5	22	1984
5	23	-7296
5	24	8864
5	25	-10624
5	26	-19264
5	27	4096
5	28	4416
5	29	-736
5	30	7584
5	31	9376
5	32	10496
5	33	9856
5	34	3936
5	35	5696
5	36	1664
5	37	21184
5	38	7104
5	39	-9696
6	7	-13184
6	8	-9024
6	9	1856
6	10	-7424
6	11	-4384
6	12	13376
6	13	-12704
6	14	9344
6	15	13504
6	16	-64
6	17	18944
6	18	-14784
6	19	19616
6	20	-736
6	21	96
6	22	7776
6	23	-14944
6	24	7296
6	25	864
6	26	3104
6	27	5344
6	28	-1376
6	29	-8704
6	30	14976
6	31	6464
6	32	-7456
6	33	-6816
6	34	5504
6	35	-2656
6	36	1696
6	37	14176
6	38	-3744
6	39	6656
7	8	-1024
7	9	3456
7	10	576
7	11	3616
7	12	-4224
7	13	1696
7	14	-5056
7	15	-13696
7	16	-4864
7	17	4544
7	18	-6784
7	19	-4384
7	20	-15136
7	21	-11104
7	22	-3424
7	23	-13344
7	24	-3904
7	25	12064
7	26	-11296
7	27	3744
7	28	-2976
7	29	-704
7	30	10176
7	31	-1536
7	32	-2656
7	33	-2016
7	34	-2496
7	35	2144
7	36	3296
7	37	-3424
7	38	-14944
7	39	-4544
8	9	7616
8	10	11136
8	11	-5024
8	12	-6464
8	13	-544
8	14	-9216
8	15	-5056
8	16	5696
8	17	6784
8	18	3776
8	19	-6624
8	20	19104
8	21	-6944
8	22	-5664
8	23	-2784
8	24	256
8	25	1504
8	26	-9056
8	27	-6816
8	28	-736
8	29	3456
8	30	-4864
8	31	13504
8	32	5984
8	33	13024
8	34	-19456
8	35	-8416
8	36	1056
8	37	-12064
8	38	2016
8	39	-6784
9	10	2816
9	11	-6944
9	12	4416
9	13	-2464
9	14	-7296
9	15	-9536
9	16	3776
9	17	2304
9	18	-10944
9	19	-8544
9	20	8224
9	21	-8864
9	22	-13984
9	23	-4704
9	24	-1664
9	25	-2976
9	26	-736
9	27	-17696
9	28	-5216
9	29	-4864
9	30	6016
9	31	2624
9	32	1504
9	33	2144
9	34	8064
9	35	6304
9	36	5536
9	37	-1184
9	38	-6304
9	39	-8704
10	11	-3424
10	12	-11264
10	13	-5344
10	14	-4416
10	15	6144
10	16	-11904
10	17	-7616
10	18	-1024
10	19	-5024
10	20	11104
10	21	1056
10	22	-10464
10	23	18016
10	24	-17344
10	25	6304
10	26	-17056
10	27	-2016
10	28	-8736
10	29	5056
10	30	-16064
10	31	-13696
10	32	4384
10	33	17824
10	34	-14656
10	35	2784
10	36	-3744
10	37	-4064
10	38	-15584
10	39	-11584
11	12	4576
11	13	16896
11	14	-1056
11	15	9504
11	16	16736
11	17	8544
11	18	8416
11	19	-1984
11	20	1664
11	21	-2304
11	22	-7424
11	23	1856
11	24	-7904
11	25	-3136
11	26	-7296
11	27	-11456
11	28	20224
11	29	-4704
11	30	6176
11	31	2464
11	32	7744
11	33	1984
11	34	14304
11	35	-256
11	36	-704
11	37	-1024
11	38	256
11	39	4256
12	13	2656
12	14	6784
12	15	17344
12	16	2496
12	17	16384
12	18	-5824
12	19	9376
12	20	-3296
12	21	-22944
12	22	-8864
12	23	-5984
12	24	9856
12	25	4704
12	26	13344
12	27	-10016
12	28	2464
12	29	256
12	30	11136
12	31	10304
12	32	2784
12	33	-15776
12	34	2944
12	35	-5216
12	36	-2144
12	37	-8864
12	38	-1184
12	39	-3584
13	14	864
13	15	-1376
13	16	-4384
13	17	-8736
13	18	12896
13	19	-3904
13	20	3584
13	21	-17024
13	22	-2944
13	23	12736
13	24	2976
13	25	5184
13	26	1024
13	27	-9536
13	28	-3456
13	29	-224
13	30	10656
13	31	-2016
13	32	9664
13	33	-2496
13	34	3424
13	35	1664
13	36	-15424
13	37	-9344
13	38	4736
13	39	2336
14	15	4736
14	16	-5376
14	17	5696
14	18	-3456
14	19	-5856
14	20	-224
14	21	13664
14	22	25184
14	23	9504
14	24	64
14	25	-1824
14	26	-4064
14	27	-12704
14	28	416
14	29	3264
14	30	11584
14	31	-1024
14	32	12896
14	33	5856
14	34	-64
14	35	-4704
14	36	5664
14	37	5984
14	38	-8096
14	39	-12096
15	16	-1216
15	17	7936
15	18	7104
15	19	11104
15	20	14816
15	21	5024
15	22	-9056
15	23	864
15	24	4224
15	25	-5984
15	26	-1824
15	27	2336
15	28	9056
15	29	-11776
15	30	2944
15	31	-5184
15	32	-4064
15	33	1696
15	34	-4224
15	35	-8864
15	36	-2976
15	37	3744
15	38	2464
15	39	-1536
16	17	-2176
16	18	-6464
16	19	-10464
16	20	16544
16	21	2016
16	22	3296
16	23	-6624
16	24	-9984
16	25	-7456
16	26	-11616
16	27	3424
16	28	3104
16	29	-6784
16	30	-8704
16	31	10944
16	32	9824
16	33	-8736
16	34	9984
16	35	-4576
16	36	-2784
16	37	-3104
16	38	4576
16	39	2176
17	18	-6656
17	19	10144
17	20	-9824
17	21	-15136
17	22	-3616
17	23	-12896
17	24	3264
17	25	1376
17	26	-7264
17	27	-15904
17	28	10016
17	29	-6336
17	30	14784
17	31	-4224
17	32	3296
17	33	-3744
17	34	-3264
17	35	4896
17	36	21664
17	37	2784
17	38	-11296
17	39	-8896
18	19	-5984
18	20	-736
18	21	96
18	22	7776
18	23	4256
18	24	13696
18	25	7264
18	26	3104
18	27	-1056
18	28	11424
18	29	10496
18	30	-4224
18	31	-6336
18	32	5344
18	33	12384
18	34	-7296
18	35	-9056
18	36	-4704
18	37	-5024
18	38	15456
18	39	-6144
19	20	-15936
19	21	2496
19	22	-15424
19	23	-18944
19	24	16096
19	25	-1536
19	26	7104
19	27	2944
19	28	15424
19	29	-6304
19	30	4576
19	31	4064
19	32	-9856
19	33	-9216
19	34	3104
19	35	7744
19	36	-2304
19	37	10176
19	38	-1344
19	39	9056
20	21	3584
20	22	2304
20	23	18624
20	24	-3616
20	25	-17344
20	26	-13184
20	27	3776
20	28	-2304
20	29	-416
20	30	-17696
20	31	2656
20	32	3776
20	33	9536
20	34	-9184
20	35	-13824
20	36	-10816
20	37	-4096
20	38	7424
20	39	-2976
21	22	9856
21	23	6336
21	24	-16224
21	25	-20416
21	26	-5376
21	27	9664
21	28	2944
21	29	-6624
21	30	-8544
21	31	4384
21	32	9664
21	33	10304
21	34	3424
21	35	-11136
21	36	-9024
21	37	9856
21	38	-1664
21	39	-4064
22	23	7616
22	24	4256
22	25	-2496
22	26	-256
22	27	8384
22	28	-4736
22	29	1056
22	30	-7264
22	31	-3296
22	32	8384
22	33	15424
22	34	-4256
22	35	-12416
22	36	-7744
22	37	4736
22	38	-384
22	39	-2784
23	24	-18464
23	25	-18176
23	26	-3136
23	27	5504
23	28	-1216
23	29	3936
23	30	-10784
23	31	-6176
23	32	11904
23	33	6144
23	34	-736
23	35	3904
23	36	-17664
23	37	1216
23	38	2496
23	39	96
24	25	10784
24	26	13024
24	27	-3936
24	28	8544
24	29	6976
24	30	5056
24	31	3584
24	32	-16736
24	33	9504
24	34	-3776
24	35	864
24	36	4576
24	37	4256
24	38	11936
24	39	-3264
25	26	4416
25	27	-17024
25	28	-16704
25	29	7584
25	30	15904
25	31	1056
25	32	2176
25	33	1536
25	34	-4384
25	35	3776
25	36	3584
25	37	-8896
25	38	9024
25	39	-1376
26	27	-64
26	28	256
26	29	3424
26	30	-7456
26	31	-1184
26	32	-12864
26	33	-13504
26	34	-224
26	35	-11264
26	36	-6976
26	37	-256
26	38	11264
26	39	864
27	28	-1984
27	29	-736
27	30	-11616
27	31	2976
27	32	-15104
27	33	-9344
27	34	-2464
27	35	-13504
27	36	-17536
27	37	14784
27	38	7104
27	39	15904
28	29	-1056
28	30	7264
28	31	-3104
28	32	-8384
28	33	3776
28	34	-2144
28	35	12416
28	36	1344
28	37	8064
28	38	6784
28	39	15584
29	30	1856
29	31	-12416
29	32	5664
29	33	-12896
29	34	5824
29	35	-2336
29	36	1376
29	37	-11744
29	38	8736
29	39	-12864
30	31	8704
30	32	1184
30	33	-10976
30	34	14144
30	35	18784
30	36	5856
30	37	5536
30	38	6816
30	39	10816
31	32	2976
31	33	2336
31	34	2816
31	35	-1824
31	36	-3616
31	37	9504
31	38	14624
31	39	10624
32	33	3456
32	34	-2464
32	35	-7104
32	36	-11136
32	37	1984
32	38	7104
32	39	-16096
33	34	-9504
33	35	-7744
33	36	2304
33	37	2624
33	38	-5056
33	39	-9056
34	35	-864
34	36	8224
34	37	-4256
34	38	864
34	39	3264
35	36	6464
35	37	6784
35	38	-896
35	39	14304
36	37	5056
36	38	-12864
36	39	-15264
37	38	12416
37	39	3616
38	39	17696
