0	1	-2140
0	2	3484
0	3	2524
0	4	1564
0	5	-2180
0	6	2084
0	7	-1412
0	8	-1412
0	9	-3100
0	10	2236
0	11	1852
0	12	68
0	13	1892
0	14	604
0	15	3716
0	16	1372
0	17	-260
0	18	1124
0	19	-932
0	20	604
0	21	68
0	22	-1084
0	23	-892
1	2	412
1	3	-548
1	4	796
1	5	1660
1	6	548
1	7	2428
1	8	124
1	9	-28
1	10	-836
1	11	1084
1	12	-1468
1	13	356
1	14	2140
1	15	-124
1	16	604
1	17	1276
1	18	-412
1	19	-1700
1	20	-4772
1	21	3140
1	22	-316
1	23	-2428
2	3	-796
2	4	2468
2	5	-3004
2	6	796
2	7	836
2	8	-1468
2	9	-3236
2	10	1796
2	11	2180
2	12	-1796
2	13	3292
2	14	1124
2	15	1468
2	16	356
2	17	-316
2	18	1756
2	19	-1948
2	20	-1180
2	21	2812
2	22	-644
2	23	-3140
3	4	1124
3	5	260
3	6	2140
3	7	-2812
3	8	-508
3	9	412
3	10	452
3	11	-1468
3	12	1852
3	13	28
3	14	2084
3	15	2812
3	16	3620
3	17	644
3	18	-1508
3	19	-988
3	20	-220
3	21	-452
3	22	-1604
3	23	508
4	5	-1084
4	6	-1124
4	7	-1852
4	8	452
4	9	-548
4	10	1412
4	11	-508
4	12	-1412
4	13	3676
4	14	740
4	15	1852
4	16	2276
4	17	-700
4	18	-164
4	19	-2332
4	20	-1564
4	21	892
4	22	-260
4	23	-452
5	6	-260
5	7	1892
5	8	1892
5	9	316
5	10	548
5	11	-1372
5	12	1756
5	13	-68
5	14	-2428
5	15	412
5	16	-892
5	17	740
5	18	700
5	19	1412
5	20	-124
5	21	-548
5	22	604
5	23	412
6	7	508
6	8	-1796
6	9	-2716
6	10	1852
6	11	1468
6	12	2756
6	13	-28
6	14	2524
6	15	1796
6	16	988
6	17	1660
6	18	1508
6	19	-1316
6	20	220
6	21	2756
6	22	-3004
6	23	-2812
7	8	1124
7	9	-1220
7	10	-220
7	11	164
7	12	220
7	13	700
7	14	-892
7	15	-1124
7	16	-1660
7	17	-28
7	18	1468
7	19	644
7	20	-892
7	21	2524
7	22	1372
7	23	-3428
8	9	1084
8	10	-220
8	11	-2140
8	12	220
8	13	700
8	14	-892
8	15	1180
8	16	644
8	17	-2332
8	18	-836
8	19	-1660
8	20	1412
8	21	-2084
8	22	3676
8	23	1180
9	10	-4484
9	11	-2564
9	12	-124
9	13	-2908
9	14	796
9	15	-3388
9	16	1564
9	17	-68
9	18	-3676
9	19	1564
9	20	-1508
9	21	-2428
9	22	1028
9	23	3524
10	11	1124
10	12	1564
10	13	4348
10	14	-2236
10	15	2524
10	16	-700
10	17	-1372
10	18	2812
10	19	-700
10	20	2372
10	21	1564
10	22	-1892
10	23	-2084
11	12	-1124
11	13	-644
11	14	452
11	15	-164
11	16	-2620
11	17	1316
11	18	2428
11	19	-316
11	20	-1852
11	21	1180
11	22	-2276
11	23	-164
12	13	260
12	14	-68
12	15	-220
12	16	700
12	17	1372
12	18	1796
12	19	700
12	20	2236
12	21	740
12	22	-2716
12	23	-220
13	14	-1892
13	15	1604
13	16	1180
13	17	-2756
13	18	1316
13	19	-1124
13	20	412
13	21	2564
13	22	-892
13	23	-3004
14	15	892
14	16	3236
14	17	2564
14	18	-1124
14	19	-3676
14	20	-2908
14	21	2236
14	22	-1220
14	23	-1412
15	16	1660
15	17	28
15	18	836
15	19	-2948
15	20	892
15	21	-220
15	22	932
15	23	-1180
16	17	-508
16	18	-2660
16	19	-2140
16	20	-1372
16	21	700
16	22	-452
16	23	-644
17	18	2620
17	19	-508
17	20	-2044
17	21	1372
17	22	-2084
17	23	28
18	19	-356
18	20	1180
18	21	1796
18	22	-1660
18	23	-1468
19	20	932
19	21	-1604
19	22	-452
19	23	1660
20	21	-2372
20	22	1084
20	23	892
21	22	-2716
21	23	-4828
22	23	932
