0	1	-612
0	2	-516
0	3	-2268
0	4	-516
0	5	-1212
0	6	-1884
0	7	-612
0	8	924
0	9	-2844
0	10	828
0	11	3324
0	12	828
0	13	1116
0	14	-708
0	15	-2052
0	16	420
0	17	-828
0	18	-132
0	19	1764
0	20	420
0	21	2172
0	22	-3204
0	23	516
1	2	-1020
1	3	-3108
1	4	-1020
1	5	2748
1	6	-1188
1	7	1380
1	8	-2460
1	9	-2532
1	10	-2364
1	11	-252
1	12	-60
1	13	1956
1	14	-3132
1	15	-4092
1	16	-1188
1	17	60
1	18	900
1	19	-228
1	20	1116
1	21	-1404
1	22	1668
1	23	1020
2	3	1596
2	4	1188
2	5	540
2	6	1212
2	7	-1020
2	8	-252
2	9	2172
2	10	-156
2	11	1956
2	12	-156
2	13	-2748
2	14	1380
2	15	420
2	16	1212
2	17	2460
2	18	804
2	19	-132
2	20	1212
2	21	804
2	22	1572
2	23	-1188
3	4	1596
3	5	-1020
3	6	612
3	7	-804
3	8	732
3	9	1956
3	10	636
3	11	-1476
3	12	-1668
3	13	-3684
3	14	3708
3	15	4668
3	16	612
3	17	-636
3	18	-324
3	19	-348
3	20	612
3	21	-324
3	22	1212
3	23	-1596
4	5	-1764
4	6	1212
4	7	-1020
4	8	2052
4	9	-132
4	10	2148
4	11	1956
4	12	-2460
4	13	-444
4	14	3684
4	15	2724
4	16	3516
4	17	2460
4	18	804
4	19	-132
4	20	3516
4	21	-1500
4	22	-732
4	23	3420
5	6	-636
5	7	444
5	8	-2628
5	9	-1596
5	10	-420
5	11	-228
5	12	1884
5	13	-132
5	14	-1956
5	15	-996
5	16	-636
5	17	420
5	18	-1380
5	19	-1596
5	20	-636
5	21	-1380
5	22	2460
5	23	-540
6	7	1116
6	8	-1956
6	9	2340
6	10	252
6	11	444
6	12	2556
6	13	-1764
6	14	1020
6	15	1980
6	16	996
6	17	2052
6	18	-708
6	19	2340
6	20	-1308
6	21	1596
6	22	3132
6	23	-1212
7	8	-156
7	9	-2532
7	10	-2364
7	11	-2556
7	12	-60
7	13	-348
7	14	1476
7	15	516
7	16	1116
7	17	2364
7	18	-3708
7	19	4380
7	20	-1188
7	21	3204
7	22	1668
7	23	-1284
8	9	-996
8	10	708
8	11	516
8	12	-3900
8	13	420
8	14	2244
8	15	1284
8	16	348
8	17	1596
8	18	-636
8	19	-996
8	20	348
8	21	-636
8	22	-4476
8	23	2556
9	10	1212
9	11	-900
9	12	1212
9	13	-804
9	14	-324
9	15	636
9	16	36
9	17	-1212
9	18	2556
9	19	-924
9	20	36
9	21	252
9	22	1788
9	23	-2172
10	11	612
10	12	804
10	13	516
10	14	36
10	15	1380
10	16	2556
10	17	-804
10	18	-540
10	19	-1092
10	20	2556
10	21	-540
10	22	228
10	23	156
11	12	612
11	13	324
11	14	-156
11	15	-1116
11	16	444
11	17	1692
11	18	1572
11	19	-900
11	20	444
11	21	-732
11	22	-2268
11	23	2652
12	13	516
12	14	-2268
12	15	-924
12	16	252
12	17	-804
12	18	-540
12	19	1212
12	20	-2052
12	21	1764
12	22	2532
12	23	-2148
13	14	-2556
13	15	-3516
13	16	540
13	17	-516
13	18	1476
13	19	-804
13	20	540
13	21	-828
13	22	-2364
13	23	2748
14	15	5220
14	16	3324
14	17	2268
14	18	-1308
14	19	1980
14	20	1020
14	21	996
14	22	-540
14	23	924
15	16	1980
15	17	924
15	18	-2268
15	19	636
15	20	-324
15	21	36
15	22	804
15	23	-420
16	17	2052
16	18	-708
16	19	2340
16	20	3300
16	21	1596
16	22	828
16	23	1092
17	18	-1764
17	19	1092
17	20	-252
17	21	540
17	22	-228
17	23	2148
18	19	-2052
18	20	1596
18	21	-1884
18	22	-1116
18	23	1500
19	20	36
19	21	4860
19	22	1788
19	23	-2172
20	21	-708
20	22	828
20	23	1092
21	22	1188
21	23	-3108
22	23	-3876
