0	1	-1416
0	2	1528
0	3	3208
0	4	-1496
0	5	-3176
0	6	408
0	7	1608
0	8	296
0	9	-3064
0	10	-2872
0	11	-1864
0	12	264
0	13	-1496
0	14	3208
0	15	-1720
0	16	-1272
0	17	1496
0	18	296
0	19	-1160
0	20	1752
0	21	-408
0	22	-1640
0	23	4520
0	24	1640
0	25	-1752
0	26	-184
0	27	-3320
1	2	1192
1	3	-264
1	4	1304
1	5	-376
1	6	72
1	7	-1192
1	8	3096
1	9	2872
1	10	3736
1	11	1608
1	12	600
1	13	-1832
1	14	-3400
1	15	-2056
1	16	1528
1	17	-1304
1	18	-40
1	19	1640
1	20	1416
1	21	-72
1	22	-1304
1	23	-1416
1	24	1304
1	25	1720
1	26	152
1	27	152
2	3	152
2	4	-1416
2	5	264
2	6	-3320
2	7	-1832
2	8	-72
2	9	152
2	10	-488
2	11	1640
2	12	-3624
2	13	-1416
2	14	152
2	15	1944
2	16	1496
2	17	1416
2	18	-72
2	19	-1752
2	20	1608
2	21	3320
2	22	-1720
2	23	1528
2	24	1720
2	25	1528
2	26	-40
2	27	-40
3	4	40
3	5	-1416
3	6	1272
3	7	2984
3	8	1384
3	9	-1528
3	10	-1944
3	11	184
3	12	1192
3	13	-3096
3	14	1608
3	15	-2872
3	16	-3320
3	17	-40
3	18	-1752
3	19	-296
3	20	-72
3	21	-1272
3	22	-3176
3	23	3208
3	24	3176
3	25	-3064
3	26	-1496
3	27	-1496
4	5	152
4	6	-296
4	7	-1720
4	8	-184
4	9	3176
4	10	-376
4	11	1752
4	12	-376
4	13	-1528
4	14	-3096
4	15	-1304
4	16	-1752
4	17	-1608
4	18	-3320
4	19	1272
4	20	1496
4	21	296
4	22	-1608
4	23	-1496
4	24	-1528
4	25	1640
4	26	72
4	27	72
5	6	-1752
5	7	-264
5	8	-1640
5	9	1720
5	10	1080
5	11	3208
5	12	-2056
5	13	152
5	14	-1416
5	15	3512
5	16	-72
5	17	-152
5	18	-1640
5	19	-184
5	20	-3096
5	21	1752
5	22	-152
5	23	-3176
5	24	152
5	25	-40
5	26	-1608
5	27	4664
6	7	3320
6	8	1048
6	9	-1864
6	10	1528
6	11	-2616
6	12	4664
6	13	-296
6	14	1272
6	15	-3208
6	16	-520
6	17	296
6	18	1048
6	19	2504
6	20	-408
6	21	-4072
6	22	296
6	23	408
6	24	-296
6	25	-2728
6	26	-1160
6	27	-1160
7	8	72
7	9	-3288
7	10	488
7	11	-1640
7	12	3624
7	13	-1720
7	14	2984
7	15	-1944
7	16	-1496
7	17	1720
7	18	72
7	19	1752
7	20	-1608
7	21	-3320
7	22	-1416
7	23	1608
7	24	1416
7	25	-4664
7	26	-3096
7	27	40
8	9	1384
8	10	1416
8	11	408
8	12	1416
8	13	-184
8	14	-1752
8	15	-3096
8	16	-408
8	17	-2952
8	18	1160
8	19	-520
8	20	-296
8	21	-1048
8	22	184
8	23	296
8	24	2952
8	25	296
8	26	1864
8	27	-1272
9	10	1192
9	11	3320
9	12	-1944
9	13	40
9	14	-4664
9	15	264
9	16	-184
9	17	-3176
9	18	-1752
9	19	-296
9	20	-72
9	21	1864
9	22	-40
9	23	-3064
9	24	40
9	25	3208
9	26	1640
9	27	1640
10	11	152
10	12	2280
10	13	-376
10	14	-1944
10	15	-600
10	16	2984
10	17	376
10	18	1416
10	19	3096
10	20	-264
10	21	-1528
10	22	376
10	23	-2872
10	24	-376
10	25	264
10	26	-1304
10	27	1832
11	12	-2984
11	13	-1384
11	14	-2952
11	15	1528
11	16	-1160
11	17	-1752
11	18	-2728
11	19	-1048
11	20	-1272
11	21	2616
11	22	-1752
11	23	-1864
11	24	1752
11	25	1272
11	26	-296
11	27	2840
12	13	-376
12	14	1192
12	15	-3736
12	16	-152
12	17	376
12	18	1416
12	19	3096
12	20	-264
12	21	-4664
12	22	376
12	23	264
12	24	-376
12	25	-2872
12	26	-1304
12	27	-1304
13	14	40
13	15	1832
13	16	1384
13	17	-1608
13	18	2952
13	19	-1864
13	20	-1640
13	21	296
13	22	4664
13	23	-1496
13	24	-1528
13	25	1640
13	26	3208
13	27	72
14	15	264
14	16	-184
14	17	3096
14	18	1384
14	19	-296
14	20	-72
14	21	-1272
14	22	-40
14	23	3208
14	24	40
14	25	-3064
14	26	-1496
14	27	-1496
15	16	1608
15	17	1304
15	18	40
15	19	-1640
15	20	-1416
15	21	3208
15	22	1304
15	23	-1720
15	24	-1304
15	25	1416
15	26	-152
15	27	2984
16	17	1752
16	18	2728
16	19	1048
16	20	1272
16	21	520
16	22	1752
16	23	-1272
16	24	-1752
16	25	1864
16	26	296
16	27	296
17	18	184
17	19	1864
17	20	1640
17	21	-296
17	22	-1528
17	23	1496
17	24	-1608
17	25	-1640
17	26	-3208
17	27	-72
18	19	-520
18	20	-296
18	21	-1048
18	22	3320
18	23	296
18	24	-184
18	25	296
18	26	1864
18	27	-1272
19	20	1160
19	21	-2504
19	22	-1272
19	23	-1160
19	24	-1864
19	25	-1160
19	26	-2728
19	27	408
20	21	408
20	22	-1496
20	23	1752
20	24	-1640
20	25	1752
20	26	184
20	27	-2952
21	22	-296
21	23	-408
21	24	296
21	25	2728
21	26	1160
21	27	1160
22	23	-1640
22	24	-1608
22	25	1496
22	26	3064
22	27	-72
23	24	1640
23	25	-1752
23	26	-184
23	27	-3320
24	25	-1496
24	26	72
24	27	72
25	26	2952
25	27	-184
26	27	-1752
