0	1	-3304
0	2	-1400
0	3	-392
0	4	-4648
0	5	1736
0	6	-280
0	7	1960
0	8	-56
0	9	392
0	10	1064
0	11	1400
0	12	-1960
0	13	-2744
0	14	-280
0	15	2968
0	16	-1400
0	17	-280
0	18	280
0	19	-1624
0	20	-1288
0	21	1064
0	22	1736
0	23	280
0	24	392
0	25	-1624
0	26	-1288
0	27	1960
1	2	-56
1	3	1400
1	4	3416
1	5	-56
1	6	1512
1	7	-2968
1	8	1736
1	9	-1400
1	10	-280
1	11	-392
1	12	2968
1	13	1736
1	14	1512
1	15	-4648
1	16	3080
1	17	1512
1	18	-1512
1	19	2856
1	20	3192
1	21	-280
1	22	-56
1	23	-1064
1	24	1736
1	25	2856
1	26	56
1	27	168
2	3	168
2	4	1288
2	5	-1512
2	6	56
2	7	1400
2	8	-168
2	9	-3304
2	10	-1288
2	11	-1176
2	12	1736
2	13	2968
2	14	56
2	15	-56
2	16	1624
2	17	56
2	18	3080
2	19	-1288
2	20	-1624
2	21	-1288
2	22	-1512
2	23	-504
2	24	-3304
2	25	1848
2	26	-1624
2	27	-1736
3	4	56
3	5	-2968
3	6	-1848
3	7	-2744
3	8	1512
3	9	-1176
3	10	-504
3	11	-168
3	12	-392
3	13	1960
3	14	-1848
3	15	-1736
3	16	3304
3	17	-1848
3	18	-1288
3	19	3080
3	20	280
3	21	-504
3	22	-2968
3	23	-1288
3	24	-1176
3	25	-56
3	26	280
3	27	392
4	5	-1848
4	6	168
4	7	-1624
4	8	392
4	9	-56
4	10	-1624
4	11	-2184
4	12	1624
4	13	3080
4	14	168
4	15	-2856
4	16	1288
4	17	168
4	18	-168
4	19	1064
4	20	1400
4	21	-1624
4	22	-1848
4	23	728
4	24	-56
4	25	1064
4	26	1400
4	27	-1624
5	6	3192
5	7	1400
5	8	-168
5	9	-168
5	10	1848
5	11	1960
5	12	1736
5	13	-3304
5	14	3192
5	15	-56
5	16	-1512
5	17	3192
5	18	-56
5	19	-1288
5	20	1512
5	21	1848
5	22	4760
5	23	-504
5	24	2968
5	25	1848
5	26	-1624
5	27	1400
6	7	280
6	8	1624
6	9	-1288
6	10	-392
6	11	-280
6	12	2856
6	13	-1288
6	14	1400
6	15	-1624
6	16	56
6	17	4536
6	18	1736
6	19	-168
6	20	3304
6	21	2744
6	22	3192
6	23	-1176
6	24	1848
6	25	2968
6	26	168
6	27	280
7	8	56
7	9	-392
7	10	-1064
7	11	-1400
7	12	-1176
7	13	-392
7	14	280
7	15	3304
7	16	-1736
7	17	280
7	18	2856
7	19	-4648
7	20	-1848
7	21	-1064
7	22	1400
7	23	2856
7	24	-392
7	25	-1512
7	26	-1848
7	27	1176
8	9	-1512
8	10	-3304
8	11	-3640
8	12	-56
8	13	1624
8	14	-1512
8	15	-1400
8	16	2968
8	17	1624
8	18	1512
8	19	-392
8	20	3080
8	21	-168
8	22	-168
8	23	2184
8	24	1624
8	25	-392
8	26	-56
8	27	3192
9	10	504
9	11	168
9	12	-2744
9	13	-1960
9	14	-1288
9	15	1736
9	16	-3304
9	17	-1288
9	18	-1848
9	19	56
9	20	-280
9	21	504
9	22	-168
9	23	1288
9	24	1176
9	25	-3080
9	26	2856
9	27	-392
10	11	4648
10	12	1064
10	13	-2632
10	14	2744
10	15	-280
10	16	-1288
10	17	-392
10	18	-2744
10	19	1624
10	20	-1176
10	21	952
10	22	1848
10	23	-2968
10	24	504
10	25	1624
10	26	-1176
10	27	-1064
11	12	1400
11	13	-2968
11	14	2856
11	15	-392
11	16	-1176
11	17	-280
11	18	-2856
11	19	2184
11	20	-1288
11	21	1512
11	22	1960
11	23	-3976
11	24	168
11	25	2184
11	26	-1288
11	27	-1400
12	13	392
12	14	2856
12	15	-3304
12	16	1736
12	17	2856
12	18	280
12	19	1512
12	20	1848
12	21	1064
12	22	1736
12	23	-2856
12	24	392
12	25	4648
12	26	-1288
12	27	-1176
13	14	-1288
13	15	-1400
13	16	2968
13	17	-1288
13	18	1288
13	19	56
13	20	-280
13	21	-2632
13	22	-3304
13	23	1288
13	24	-1960
13	25	56
13	26	-280
13	27	-392
14	15	-1624
14	16	56
14	17	1400
14	18	-1400
14	19	-168
14	20	168
14	21	-392
14	22	3192
14	23	-1176
14	24	1848
14	25	2968
14	26	-2968
14	27	280
15	16	-3192
15	17	-1624
15	18	1624
15	19	-3416
15	20	-3080
15	21	-280
15	22	-56
15	23	2072
15	24	-1400
15	25	-3416
15	26	56
15	27	168
16	17	56
16	18	-56
16	19	1848
16	20	1512
16	21	-1288
16	22	-1512
16	23	-504
16	24	-168
16	25	1848
16	26	-1624
16	27	1400
17	18	1736
17	19	-168
17	20	3304
17	21	2744
17	22	3192
17	23	-1176
17	24	1848
17	25	2968
17	26	168
17	27	280
18	19	-2968
18	20	-168
18	21	392
18	22	-56
18	23	1176
18	24	-1848
18	25	168
18	26	-168
18	27	-280
19	20	1736
19	21	1624
19	22	-1288
19	23	-3864
19	24	56
19	25	2072
19	26	1736
19	27	-1512
20	21	1960
20	22	1512
20	23	-392
20	24	2856
20	25	1736
20	26	1400
20	27	1288
21	22	1848
21	23	-2968
21	24	504
21	25	1624
21	26	1960
21	27	-1064
22	23	-504
22	24	2968
22	25	1848
22	26	-1624
22	27	1400
23	24	1288
23	25	-3864
23	26	-392
23	27	2856
24	25	56
24	26	-280
24	27	2744
25	26	-1400
25	27	-1512
26	27	-1848
