0	1	416
0	2	1712
0	3	-864
0	4	1872
0	5	704
0	6	-144
0	7	-816
0	8	-1936
0	9	-1760
0	10	2272
0	11	3328
0	12	-3280
0	13	-592
0	14	-1984
0	15	704
0	16	1088
0	17	-928
0	18	-640
0	19	1872
0	20	528
0	21	-1040
0	22	2048
0	23	368
0	24	-864
0	25	-704
0	26	-256
0	27	1040
1	2	1488
1	3	2048
1	4	-1040
1	5	480
1	6	-3056
1	7	2544
1	8	-1712
1	9	-1984
1	10	-1088
1	11	416
1	12	80
1	13	2768
1	14	-2208
1	15	480
1	16	-1824
1	17	-704
1	18	2272
1	19	-1040
1	20	752
1	21	2320
1	22	-1312
1	23	3280
1	24	2048
1	25	-480
1	26	-32
1	27	-2320
2	3	2096
2	4	3168
2	5	3664
2	6	-4224
2	7	-416
2	8	-2432
2	9	-144
2	10	-1040
2	11	1712
2	12	-1088
2	13	-640
2	14	-3056
2	15	-2608
2	16	-2320
2	17	-304
2	18	-1264
2	19	3168
2	20	-1760
2	21	2944
2	22	-816
2	23	864
2	24	2096
2	25	2608
2	26	-976
2	27	-2944
3	4	592
3	5	3104
3	6	-3664
3	7	144
3	8	1264
3	9	-704
3	10	-1600
3	11	-864
3	12	2608
3	13	3056
3	14	-480
3	15	-32
3	16	-1760
3	17	256
3	18	1312
3	19	592
3	20	-1200
3	21	3504
3	22	-4512
3	23	304
3	24	4672
3	25	32
3	26	-416
3	27	-3504
4	5	2160
4	6	-1600
4	7	-2272
4	8	-256
4	9	-304
4	10	592
4	11	1872
4	12	-1600
4	13	-2048
4	14	-528
4	15	-976
4	16	-368
4	17	752
4	18	-2320
4	19	3552
4	20	-928
4	21	640
4	22	368
4	23	-1312
4	24	592
4	25	976
4	26	-1712
4	27	-640
5	6	-2096
5	7	-1424
5	8	-304
5	9	864
5	10	-32
5	11	704
5	12	1040
5	13	1488
5	14	-2048
5	15	-1600
5	16	-192
5	17	-1312
5	18	-256
5	19	2160
5	20	-2768
5	21	1936
5	22	-2944
5	23	-1264
5	24	3104
5	25	1600
5	26	1152
5	27	-1936
6	7	-1152
6	8	864
6	9	1712
6	10	2608
6	11	-144
6	12	-480
6	13	-928
6	14	1488
6	15	1040
6	16	3888
6	17	-1264
6	18	-304
6	19	-1600
6	20	192
6	21	-4512
6	22	2384
6	23	-2432
6	24	-3664
6	25	-1040
6	26	2544
6	27	4512
7	8	-2944
7	9	-752
7	10	-2992
7	11	-816
7	12	-1152
7	13	1536
7	14	-976
7	15	-1424
7	16	-3056
7	17	-1936
7	18	368
7	19	-2272
7	20	-480
7	21	1088
7	22	-80
7	23	1376
7	24	144
7	25	-1712
7	26	1872
7	27	-1088
8	9	368
8	10	1264
8	11	-1936
8	12	4000
8	13	416
8	14	3280
8	15	2832
8	16	2096
8	17	3216
8	18	1488
8	19	-256
8	20	1536
8	21	-32
8	22	-2096
8	23	-640
8	24	1264
8	25	304
8	26	-2384
8	27	32
9	10	-704
9	11	-1760
9	12	1712
9	13	-976
9	14	416
9	15	-2272
9	16	480
9	17	-640
9	18	-928
9	19	-304
9	20	-2096
9	21	-528
9	22	-480
9	23	-1936
9	24	-704
9	25	2272
9	26	1824
9	27	528
10	11	2272
10	12	-528
10	13	-80
10	14	-480
10	15	3104
10	16	4512
10	17	256
10	18	1312
10	19	592
10	20	1936
10	21	-2768
10	22	1760
10	23	304
10	24	-1600
10	25	32
10	26	-416
10	27	2768
11	12	-3280
11	13	-592
11	14	-1984
11	15	704
11	16	1088
11	17	-928
11	18	-640
11	19	1872
11	20	528
11	21	-1040
11	22	2048
11	23	368
11	24	-864
11	25	-704
11	26	-256
11	27	1040
12	13	2208
12	14	1488
12	15	1040
12	16	752
12	17	1872
12	18	2832
12	19	-1600
12	20	192
12	21	1760
12	22	-3888
12	23	704
12	24	2608
12	25	2096
12	26	-592
12	27	-1760
13	14	-1200
13	15	1488
13	16	304
13	17	-1712
13	18	3280
13	19	-2048
13	20	-256
13	21	1312
13	22	-3440
13	23	1152
13	24	3056
13	25	-1488
13	26	2096
13	27	-1312
14	15	1088
14	16	256
14	17	2272
14	18	-704
14	19	-528
14	20	816
14	21	-752
14	22	-256
14	23	-1712
14	24	-480
14	25	-1088
14	26	-1536
14	27	752
15	16	2944
15	17	1824
15	18	2880
15	19	-976
15	20	3504
15	21	-1200
15	22	192
15	23	1872
15	24	-32
15	25	-1536
15	26	-1984
15	27	1200
16	17	-32
16	18	1600
16	19	-368
16	20	1424
16	21	-3280
16	22	1152
16	23	-528
16	24	-1760
16	25	192
16	26	640
16	27	3280
17	18	480
17	19	752
17	20	2544
17	21	976
17	22	32
17	23	1488
17	24	256
17	25	1312
17	26	-4512
17	27	-976
18	19	-2320
18	20	2160
18	21	592
18	22	-1600
18	23	3216
18	24	1312
18	25	256
18	26	-192
18	27	-592
19	20	-928
19	21	640
19	22	368
19	23	-1312
19	24	592
19	25	976
19	26	-1712
19	27	-640
20	21	-704
20	22	1712
20	23	3168
20	24	-1200
20	25	-368
20	26	-3056
20	27	704
21	22	-2992
21	23	1600
21	24	3504
21	25	1200
21	26	-1488
21	27	-4000
22	23	528
22	24	-4512
22	25	-192
22	26	-640
22	27	2992
23	24	304
23	25	1264
23	26	-2320
23	27	-1600
24	25	32
24	26	-416
24	27	-3504
25	26	-1152
25	27	-1200
26	27	1488
