0	1	40
0	2	-968
0	3	488
0	4	600
0	5	968
0	6	40
0	7	-40
0	8	1944
0	9	-152
0	10	376
0	11	856
0	12	968
0	13	-488
0	14	-1304
0	15	3176
0	16	488
0	17	968
0	18	-488
0	19	-1304
0	20	1944
0	21	1304
0	22	-1384
0	23	-1496
0	24	1832
0	25	40
0	26	2760
0	27	-488
1	2	-40
1	3	-1496
1	4	-1608
1	5	3176
1	6	-1048
1	7	-2088
1	8	184
1	9	1160
1	10	1752
1	11	3288
1	12	40
1	13	1496
1	14	-2840
1	15	2088
1	16	-1496
1	17	3176
1	18	1496
1	19	3432
1	20	184
1	21	-3432
1	22	-3880
1	23	-632
1	24	-2840
1	25	-1048
1	26	-1752
1	27	-1640
2	3	2648
2	4	-600
2	5	-968
2	6	-40
2	7	40
2	8	1192
2	9	3288
2	10	2760
2	11	-856
2	12	-968
2	13	-2648
2	14	-1832
2	15	-40
2	16	-488
2	17	-968
2	18	488
2	19	-1832
2	20	-1944
2	21	-1304
2	22	1384
2	23	4632
2	24	-1832
2	25	-3176
2	26	376
2	27	-2648
3	4	1080
3	5	488
3	6	1640
3	7	1496
3	8	2872
3	9	1608
3	10	1304
3	11	-2536
3	12	488
3	13	-4328
3	14	-152
3	15	-1496
3	16	1192
3	17	488
3	18	1944
3	19	-3288
3	20	-264
3	21	152
3	22	2840
3	23	2952
3	24	-152
3	25	-1496
3	26	1832
3	27	-1192
4	5	600
4	6	-1608
4	7	1608
4	8	2760
4	9	-1416
4	10	-1944
4	11	-2424
4	12	600
4	13	-1080
4	14	-264
4	15	-1608
4	16	1080
4	17	600
4	18	-1080
4	19	-264
4	20	2760
4	21	264
4	22	2952
4	23	-72
4	24	-264
4	25	-1608
4	26	1944
4	27	-1080
5	6	40
5	7	-40
5	8	1944
5	9	-152
5	10	376
5	11	856
5	12	968
5	13	-488
5	14	-1304
5	15	40
5	16	488
5	17	4104
5	18	2648
5	19	1832
5	20	1944
5	21	-1832
5	22	-1384
5	23	-1496
5	24	-1304
5	25	40
5	26	-376
5	27	-488
6	7	-2088
6	8	184
6	9	-1976
6	10	-1384
6	11	152
6	12	3176
6	13	-1640
6	14	3432
6	15	-1048
6	16	-1496
6	17	40
6	18	1496
6	19	-2840
6	20	-2952
6	21	-296
6	22	-744
6	23	-632
6	24	296
6	25	2088
6	26	1384
6	27	1496
7	8	-184
7	9	1976
7	10	1384
7	11	-3288
7	12	-3176
7	13	-1496
7	14	-296
7	15	-2088
7	16	4632
7	17	-40
7	18	1640
7	19	-296
7	20	2952
7	21	3432
7	22	3880
7	23	632
7	24	2840
7	25	1048
7	26	-1384
7	27	1640
8	9	-72
8	10	-152
8	11	-1080
8	12	1944
8	13	-2872
8	14	-1608
8	15	184
8	16	-264
8	17	1944
8	18	264
8	19	-1608
8	20	1416
8	21	-1528
8	22	1160
8	23	1272
8	24	-1608
8	25	-2952
8	26	3288
8	27	-2872
9	10	4632
9	11	-264
9	12	-3288
9	13	-1608
9	14	-3320
9	15	1160
9	16	1608
9	17	-152
9	18	1528
9	19	-184
9	20	-72
9	21	184
9	22	632
9	23	3656
9	24	-184
9	25	-1976
9	26	-1496
9	27	-1608
10	11	488
10	12	-2760
10	13	-1304
10	14	-3176
10	15	1752
10	16	1304
10	17	376
10	18	1832
10	19	-40
10	20	-152
10	21	40
10	22	-408
10	23	2840
10	24	-40
10	25	-1384
10	26	-1416
10	27	-1304
11	12	856
11	13	2536
11	14	-1192
11	15	3288
11	16	-2536
11	17	856
11	18	-600
11	19	1944
11	20	-1080
11	21	-1944
11	22	-4632
11	23	-1608
11	24	-1192
11	25	152
11	26	-488
11	27	-600
12	13	-488
12	14	1832
12	15	40
12	16	-2648
12	17	968
12	18	-488
12	19	-1304
12	20	-1192
12	21	-1832
12	22	-1384
12	23	-1496
12	24	-1304
12	25	40
12	26	2760
12	27	-488
13	14	152
13	15	1496
13	16	-1192
13	17	-488
13	18	-1944
13	19	3288
13	20	264
13	21	-152
13	22	-2840
13	23	-2952
13	24	152
13	25	1496
13	26	-1832
13	27	1192
14	15	-2840
14	16	-152
14	17	-1304
14	18	152
14	19	-1496
14	20	-1608
14	21	1496
14	22	1048
14	23	-1976
14	24	1640
14	25	3432
14	26	40
14	27	3288
15	16	-1496
15	17	40
15	18	-1640
15	19	296
15	20	184
15	21	-296
15	22	-3880
15	23	-632
15	24	296
15	25	-1048
15	26	1384
15	27	-1640
16	17	488
16	18	1944
16	19	-152
16	20	2872
16	21	3288
16	22	2840
16	23	-184
16	24	2984
16	25	1640
16	26	-1304
16	27	1944
17	18	2648
17	19	1832
17	20	1944
17	21	-1832
17	22	-1384
17	23	-1496
17	24	-1304
17	25	40
17	26	-376
17	27	-488
18	19	152
18	20	264
18	21	-152
18	22	296
18	23	184
18	24	152
18	25	1496
18	26	-1832
18	27	1192
19	20	1528
19	21	-1640
19	22	-2088
19	23	-1976
19	24	-1496
19	25	296
19	26	-3096
19	27	152
20	21	1608
20	22	1160
20	23	-1864
20	24	1528
20	25	184
20	26	152
20	27	264
21	22	2088
21	23	-1160
21	24	4632
21	25	2840
21	26	-40
21	27	2984
22	23	2424
22	24	1048
22	25	-744
22	26	408
22	27	296
23	24	-1976
23	25	-3768
23	26	296
23	27	-2952
24	25	3432
24	26	40
24	27	3288
25	26	-1752
25	27	4632
26	27	-1832
