0	1	276
0	2	564
0	3	60
0	4	-388
0	5	-732
0	6	172
0	7	276
0	8	-500
0	9	668
0	10	508
0	11	564
0	12	556
0	13	1124
1	2	564
1	3	844
1	4	396
1	5	52
1	6	172
1	7	276
1	8	-500
1	9	-116
1	10	-276
1	11	564
1	12	556
1	13	340
2	3	668
2	4	-452
2	5	4
2	6	556
2	7	564
2	8	-1124
2	9	172
2	10	220
2	11	948
2	12	284
2	13	388
3	4	52
3	5	284
3	6	276
3	7	844
3	8	-620
3	9	-332
3	10	-60
3	11	668
3	12	564
3	13	108
4	5	-164
4	6	-844
4	7	-388
4	8	612
4	9	4
4	10	-396
4	11	-452
4	12	116
4	13	-228
5	6	396
5	7	52
5	8	-276
5	9	-1124
5	10	-52
5	11	4
5	12	-452
5	13	-1004
6	7	172
6	8	-732
6	9	-220
6	10	-172
6	11	556
6	12	-108
6	13	-4
7	8	-500
7	9	-116
7	10	508
7	11	564
7	12	556
7	13	340
8	9	-108
8	10	-284
8	11	-1124
8	12	4
8	13	-116
9	10	116
9	11	172
9	12	164
9	13	732
10	11	220
10	12	228
10	13	444
11	12	284
11	13	388
12	13	844
