0	1	-36
0	2	244
0	3	692
0	4	148
0	5	524
0	6	372
0	7	-188
0	8	-412
0	9	148
0	10	92
0	11	764
0	12	92
0	13	356
1	2	596
1	3	-636
1	4	580
1	5	-468
1	6	356
1	7	-652
1	8	356
1	9	-204
1	10	-148
1	11	-36
1	12	636
1	13	484
2	3	-132
2	4	860
2	5	36
2	6	636
2	7	-372
2	8	636
2	9	76
2	10	-652
2	11	244
2	12	132
2	13	204
3	4	-260
3	5	372
3	6	300
3	7	76
3	8	-1268
3	9	524
3	10	580
3	11	692
3	12	-204
3	13	-244
4	5	356
4	6	540
4	7	-804
4	8	540
4	9	316
4	10	-524
4	11	148
4	12	260
4	13	188
5	6	132
5	7	-92
5	8	132
5	9	356
5	10	-372
5	11	524
5	12	-372
5	13	-76
6	7	-580
6	8	-20
6	9	-244
6	10	-300
6	11	372
6	12	484
6	13	-36
7	8	204
7	9	-20
7	10	-76
7	11	-188
7	12	-860
7	13	-260
8	9	-244
8	10	-1084
8	11	-412
8	12	-300
8	13	-36
9	10	260
9	11	148
9	12	-524
9	13	188
10	11	92
10	12	204
10	13	244
11	12	92
11	13	356
12	13	244
