0	1	-668
0	2	-172
0	3	-60
0	4	-116
0	5	-276
0	6	116
0	7	-220
0	8	172
0	9	-556
0	10	564
0	11	844
0	12	-172
0	13	-452
1	2	-332
1	3	340
1	4	-388
1	5	-4
1	6	388
1	7	-60
1	8	-452
1	9	276
1	10	-844
1	11	-340
1	12	452
1	13	732
2	3	-396
2	4	332
2	5	60
2	6	-332
2	7	116
2	8	508
2	9	564
2	10	116
2	11	-388
2	12	276
2	13	-788
3	4	-1124
3	5	-52
3	6	1124
3	7	-780
3	8	-388
3	9	452
3	10	4
3	11	284
3	12	388
3	13	892
4	5	4
4	6	-1172
4	7	844
4	8	452
4	9	-276
4	10	60
4	11	-444
4	12	-452
4	13	-732
5	6	-4
5	7	332
5	8	-60
5	9	-116
5	10	-452
5	11	-732
5	12	60
5	13	340
6	7	-844
6	8	-452
6	9	276
6	10	-60
6	11	444
6	12	452
6	13	732
7	8	668
7	9	-172
7	10	-508
7	11	-788
7	12	116
7	13	-388
8	9	220
8	10	-116
8	11	-396
8	12	508
8	13	-780
9	10	-172
9	11	-452
9	12	564
9	13	60
10	11	780
10	12	-668
10	13	-388
11	12	-388
11	13	-108
12	13	-4
