0	1	-336
0	2	-2576
0	3	1568
0	4	1680
0	5	-224
0	6	1232
0	7	4032
0	8	-6496
0	9	784
0	10	2240
0	11	-1120
0	12	-1568
0	13	1680
0	14	1904
0	15	-1904
0	16	-7392
0	17	-2240
0	18	-1792
0	19	-4480
0	20	-3360
0	21	5936
0	22	896
0	23	3360
0	24	2240
0	25	4032
0	26	1344
0	27	4816
1	2	-224
1	3	1232
1	4	1120
1	5	-2576
1	6	-7840
1	7	2576
1	8	560
1	9	2688
1	10	-2576
1	11	-2352
1	12	-1904
1	13	1120
1	14	1568
1	15	1568
1	16	1456
1	17	-560
1	18	4592
1	19	-2128
1	20	3696
1	21	6272
1	22	-4368
1	23	3248
1	24	-5712
1	25	1904
1	26	-4144
1	27	-1344
2	3	-1456
2	4	4928
2	5	2800
2	6	1344
2	7	-11760
2	8	-336
2	9	672
2	10	-10192
2	11	5264
2	12	1680
2	13	-4480
2	14	-1344
2	15	1344
2	16	8176
2	17	-2352
2	18	-1680
2	19	8176
2	20	-336
2	21	-3360
2	22	1008
2	23	-6160
2	24	-784
2	25	-2128
2	26	-5040
2	27	1568
3	4	-784
3	5	-672
3	6	2800
3	7	7616
3	8	-672
3	9	4592
3	10	1792
3	11	2016
3	12	2464
3	13	-784
3	14	3472
3	15	-336
3	16	224
3	17	-1792
3	18	2688
3	19	-4032
3	20	8736
3	21	1232
3	22	-6272
3	23	-1120
3	24	1792
3	26	4032
3	27	-5712
4	5	5712
4	6	-448
4	7	-1680
4	8	-3696
4	9	-1568
4	10	-4592
4	11	-1232
4	12	-3920
4	13	-4032
4	14	448
4	15	2688
4	16	336
4	17	-4816
4	18	-560
4	19	2128
4	20	-3696
4	21	1120
4	22	-112
4	23	-1008
4	24	-4592
4	25	-6384
4	26	-2128
4	27	672
5	6	2128
5	7	3136
5	8	-4256
5	9	3024
5	10	-6272
5	11	-224
5	12	-672
5	13	2576
5	14	-2128
5	15	5264
5	16	-2016
5	18	2240
5	19	-448
5	20	-4256
5	21	560
5	22	-7616
5	23	-3808
5	24	6272
5	25	1792
5	26	3584
5	27	-5488
6	7	-2128
6	8	2128
6	9	4256
6	10	2128
6	11	5488
6	12	-3472
6	13	-448
6	14	3136
6	15	-3136
6	16	-112
6	17	4144
6	18	-112
6	19	-560
6	20	2128
6	21	-1568
6	22	336
6	23	-7728
6	24	2128
6	25	3472
6	26	6832
6	27	-2912
7	9	1008
7	10	5152
7	11	-4480
7	12	-1792
7	13	4592
7	14	5264
7	15	4144
7	16	-10304
7	17	1120
7	18	4256
7	19	-10976
7	21	2576
7	22	-5600
7	23	3584
7	24	5152
7	25	3808
7	26	4704
7	27	-7504
8	9	-112
8	10	3136
8	11	2912
8	12	-672
8	13	-560
8	14	4144
8	15	-4144
8	16	1120
8	18	5376
8	19	5824
8	20	-1120
8	21	-2576
8	22	1792
8	23	2464
8	24	3136
8	25	-1344
8	26	448
8	27	-2352
9	10	2128
9	11	1904
9	12	-1680
9	13	1568
9	14	-4256
9	15	-2016
9	16	-1008
9	17	1008
9	18	4368
9	19	-7728
9	20	3024
9	21	5824
9	22	-2352
9	23	336
9	24	5264
9	25	784
9	26	1456
9	27	-4480
10	11	-1792
10	12	-4480
10	13	4816
10	14	4144
10	15	-7280
10	16	-5376
10	17	5152
10	18	5152
10	19	-1568
10	21	560
10	22	2464
10	23	5824
10	24	1120
10	25	-672
10	26	1568
10	27	4368
11	12	-4256
11	13	-1232
11	14	3920
11	15	-784
11	16	6944
11	17	1792
11	18	-896
11	19	1792
11	20	6048
11	21	-2352
11	22	5824
11	23	-3808
11	24	-4928
11	25	-448
11	26	-4928
11	27	-2128
12	13	-3920
12	14	-5936
12	15	2800
12	16	224
12	17	-4928
12	18	-6720
12	19	-896
12	20	5600
12	21	-1904
12	22	-3136
12	23	2016
12	24	4928
12	26	4032
12	27	-2576
13	14	3584
13	15	-3584
13	16	336
13	17	7728
13	18	5712
13	19	-4144
13	20	-560
13	21	-2016
13	22	-112
13	23	2128
13	24	1680
13	25	3024
13	26	-2128
13	27	-2464
14	15	3136
14	16	112
14	17	-1008
14	18	3248
14	19	560
14	20	-2128
14	21	1568
14	22	-336
14	23	1456
14	24	-5264
14	25	2800
14	26	-560
14	27	-224
15	16	-112
15	17	-5264
15	18	-6384
15	19	-3696
15	20	-1008
15	21	1568
15	22	-2800
15	23	1680
15	24	-1008
15	25	336
15	26	560
15	27	-6048
16	17	-896
16	19	6720
16	20	7392
16	21	-1680
16	22	-448
16	23	-4704
16	24	-5376
16	25	-3584
16	26	-6720
16	27	-112
17	18	4256
17	19	-1568
17	20	3136
17	21	-3696
17	22	3808
17	23	-5824
17	24	-1120
17	25	6944
17	26	1568
17	27	-1232
18	19	2464
18	20	-896
18	21	1456
18	22	-6048
18	23	1792
18	24	2016
18	25	3360
18	26	672
18	27	336
19	20	-3584
19	21	-5264
19	22	-224
19	23	-896
19	24	-1568
19	25	-3360
19	26	-2016
19	27	7056
20	21	560
20	22	-4480
20	23	-3808
20	24	-3136
20	25	1792
20	26	448
20	27	-5488
21	22	-7504
21	23	3248
21	24	560
21	25	5040
21	26	2128
21	27	1792
22	23	1344
22	24	-6944
22	25	-5600
22	26	-6048
22	27	3024
23	24	-448
23	25	-1792
23	26	896
23	27	1232
24	25	2464
24	26	4704
24	27	-1904
25	26	9632
25	27	-3248
26	27	-7056
