0	1	-6896
0	2	-4096
0	3	2736
0	4	6784
0	5	5536
0	6	848
0	7	4192
0	8	3184
0	9	1952
0	10	2192
0	11	6448
0	12	-3520
0	13	624
0	14	-1632
0	15	48
0	16	4320
0	17	-1520
0	18	3648
0	19	5200
0	20	3984
0	21	3072
0	22	-8128
0	23	-2752
0	24	-7104
0	25	-1744
0	26	496
0	27	-3184
1	2	-1296
1	3	2400
1	4	-8560
1	5	-7344
1	6	4320
1	7	720
1	8	-288
1	9	-1520
1	10	-608
1	11	-5760
1	12	6224
1	13	4096
1	14	1168
1	15	-3424
1	16	-1616
1	17	-1856
1	18	-2288
1	19	-4544
1	20	1184
1	21	-3536
1	22	4080
1	23	-3088
1	24	2640
1	25	4192
1	26	160
1	27	-2848
2	3	-4208
2	4	-1952
2	5	4864
2	6	-1616
2	7	384
2	8	-3760
2	9	-1856
2	10	6000
2	11	-2288
2	12	-2848
2	13	-4976
2	14	-2304
2	15	-3760
2	16	4992
2	17	-5328
2	18	1184
2	19	-1744
2	20	1520
2	21	-736
2	22	3744
2	23	2848
2	24	2976
2	25	3856
2	26	2960
2	27	3760
3	4	624
3	5	2288
3	6	-2176
3	7	944
3	8	-6336
3	9	1840
3	10	2304
3	11	288
3	12	2864
3	13	736
3	14	1392
3	15	-64
3	16	4432
3	17	-1632
3	18	-2512
3	19	5088
3	20	4096
3	21	-3312
3	22	-1968
3	23	-6000
3	24	-720
3	25	-1856
3	26	384
3	27	-3072
4	5	4096
4	6	-1072
4	7	2304
4	8	6448
4	9	4544
4	10	720
4	11	9008
4	12	-2976
4	13	-3984
4	14	-1280
4	15	176
4	16	-1408
4	17	4880
4	18	-3872
4	19	4432
4	20	-4208
4	21	288
4	22	-7328
4	23	-3296
4	24	-2528
4	25	-4304
4	26	-272
4	27	-176
5	6	-4976
5	7	-2528
5	8	-400
5	9	-1632
5	10	8912
5	11	624
5	12	-6208
5	13	1072
5	14	-2080
5	15	-400
5	16	1632
5	17	-5104
5	18	960
5	19	-1520
5	20	7568
5	21	5760
5	22	832
5	23	-3200
5	24	-3520
5	25	-2192
5	26	48
5	27	-2736
6	7	5776
6	8	6784
6	9	-4528
6	10	-5888
6	11	-736
6	12	9232
6	13	-1184
6	14	2192
6	15	6784
6	16	-1744
6	17	2080
6	18	2064
6	19	1632
6	20	-1408
6	21	624
6	22	-3856
6	23	-2960
6	24	272
6	25	-832
6	26	64
6	27	-6784
7	8	4528
7	9	3296
7	10	-2288
7	11	1968
7	12	4544
7	13	-6992
7	14	-288
7	15	-1744
7	16	2976
7	17	-176
7	18	5440
7	19	3408
7	20	-496
7	21	-1856
7	22	-6784
7	23	-1408
7	24	960
7	25	-3536
7	26	-1296
7	27	-1392
8	9	-3984
8	10	-1280
8	11	2976
8	12	-720
8	13	288
8	14	-4432
8	15	3520
8	16	-2288
8	17	1952
8	18	3312
8	19	-736
8	20	-2624
8	21	3408
8	22	-4656
8	23	720
8	24	-1168
8	25	-1408
8	26	832
8	27	-3520
9	10	-48
9	11	4208
9	12	512
9	13	-1616
9	14	3744
9	15	-3984
9	16	-1056
9	17	3856
9	18	-1728
9	19	4304
9	20	-1392
9	21	-7232
9	22	-2752
9	23	-512
9	24	3200
9	25	-5776
9	26	-3536
9	27	848
10	11	-2080
10	12	-4656
10	13	608
10	14	-9008
10	15	-4416
10	16	48
10	17	-5984
10	18	720
10	19	-3296
10	20	3520
10	21	5104
10	22	624
10	23	-1616
10	24	-4208
10	25	512
10	26	4544
10	27	-4992
11	12	-2640
11	13	-3648
11	14	1520
11	15	-160
11	16	2064
11	17	1408
11	18	-400
11	19	7232
11	20	-3872
11	21	-3184
11	22	-1392
11	23	-3632
11	24	-2192
11	25	-1504
11	26	-608
11	27	-2976
12	13	3184
12	14	4096
12	15	-720
12	16	-6784
12	17	848
12	18	160
12	19	400
12	20	-3312
12	21	-608
12	22	-1952
12	23	-1056
12	24	-1632
12	25	4208
12	26	-1168
12	27	-2416
13	14	1968
13	15	-2848
13	16	-4656
13	17	-1280
13	18	2288
13	19	-1728
13	20	1952
13	21	3536
13	22	2192
13	23	3088
13	24	-5776
13	25	5216
13	26	-3296
13	27	-3424
14	15	4976
14	16	-608
14	17	272
14	18	1856
14	19	-2416
14	20	2192
14	21	1728
14	22	-64
14	23	-4096
14	24	-2624
14	25	-6224
14	26	-10256
14	27	-1840
15	16	848
15	17	1952
15	18	176
15	19	-736
15	20	3648
15	21	272
15	22	-1520
15	23	-2416
15	24	-1168
15	25	-7680
15	26	-2304
15	27	-3520
16	17	2416
16	18	1728
16	19	8240
16	20	4528
16	21	-2176
16	22	-6656
16	23	3648
16	24	3072
16	25	-3632
16	26	400
16	27	2288
17	18	-4528
17	19	7104
17	20	-4192
17	21	-1296
17	22	-9360
17	23	5424
17	24	3536
17	25	-6112
17	26	-3872
17	27	1184
18	19	1296
18	20	5200
18	21	3424
18	22	-1056
18	23	2976
18	24	-5664
18	25	1968
18	26	-272
18	27	-3312
19	20	-1504
19	21	-7120
19	22	-5776
19	23	2736
19	24	3088
19	25	-2528
19	26	2848
19	27	736
20	21	624
20	22	-720
20	23	-2960
20	24	-6000
20	25	-832
20	26	64
20	27	-3648
21	22	-4768
21	23	608
21	24	-7328
21	25	-1520
21	26	-2416
21	27	-3408
22	23	-4320
22	24	3872
22	25	6096
22	26	2064
22	27	1520
23	24	1632
23	25	2064
23	26	-1968
23	27	5552
24	25	-2512
24	26	4656
24	27	7440
25	26	8448
25	27	4544
26	27	5440
