0	1	-1308
0	2	-4220
0	3	5188
0	4	-3956
0	5	-76
0	6	-820
0	7	2388
0	8	-4292
0	9	-5412
0	10	-5564
0	11	3100
0	12	-2988
0	13	-2092
0	14	-3172
0	15	-6236
0	16	4516
0	17	3100
0	18	4740
0	19	-4516
0	20	-3620
0	21	6868
0	22	-2876
0	23	972
0	24	-76
0	25	-260
0	26	1644
0	27	860
1	2	6572
1	3	-2836
1	4	1604
1	5	2428
1	6	-4668
1	7	-36
1	8	-4332
1	9	-76
1	10	1644
1	11	3956
1	12	-932
1	13	-4964
1	14	7092
1	15	-3956
1	16	972
1	17	820
1	18	-2388
1	19	2164
1	20	-1868
1	21	-1380
1	22	-1044
1	23	6084
1	24	2428
1	25	-2092
1	26	5412
1	27	-76
2	3	76
2	4	1828
2	5	-4068
2	6	-1308
2	7	2876
2	8	-972
2	9	148
2	10	-1716
2	11	1044
2	12	-1156
2	13	1084
2	14	7316
2	15	2092
2	16	7020
2	17	-2092
2	18	-8884
2	19	2388
2	20	-1644
2	21	-7876
2	22	-1268
2	23	9444
2	24	-932
2	25	-1868
2	26	5636
2	27	-6124
3	4	-1308
3	5	-932
3	6	1828
3	7	-260
3	8	2164
3	9	-2988
3	10	-7988
3	11	4180
3	12	-1156
3	13	4220
3	14	4180
3	15	-1044
3	16	3884
3	17	-5228
3	18	-2612
3	19	2388
3	20	4628
3	21	1532
3	22	1868
3	23	3172
3	24	-932
3	25	-5004
3	26	-636
3	27	148
4	5	5972
4	6	-596
4	7	5300
4	8	-7204
4	9	4220
4	10	3620
4	11	3324
4	12	-3212
4	13	820
4	14	3324
4	15	6084
4	16	-1980
4	17	-6084
4	18	1380
4	19	-1156
4	20	-260
4	21	-2764
4	22	-6236
4	23	4332
4	24	2836
4	25	-36
4	26	1868
4	27	-2052
5	6	-300
5	7	1868
5	8	-6236
5	9	-1980
5	10	3548
5	11	2052
5	12	972
5	13	-3060
5	14	-1084
5	15	-2052
5	16	-3396
5	17	-1084
5	18	2652
5	19	3396
5	20	2500
5	21	6796
5	22	860
5	23	-2092
5	24	-1940
5	25	5412
5	26	6644
5	27	7428
6	7	-4108
6	8	2204
6	9	-5188
6	10	484
6	11	-2948
6	12	3060
6	13	820
6	14	188
6	15	2948
6	16	7428
6	17	188
6	18	4516
6	19	-1156
6	20	-260
6	21	372
6	22	36
6	23	1196
6	24	-6572
6	25	-3172
6	26	-1268
6	27	1084
7	8	-3772
7	9	3620
7	10	1084
7	11	4516
7	12	1644
7	13	-2388
7	14	1380
7	15	-1380
7	16	-2724
7	17	4516
7	18	3324
7	19	-412
7	20	-1308
7	21	-1940
7	22	-1604
7	23	372
7	24	-1268
7	25	1604
7	26	-300
7	27	484
8	9	3884
8	10	3956
8	11	-3284
8	12	9668
8	13	-1980
8	14	-148
8	15	-2988
8	16	-1644
8	17	-148
8	18	1716
8	19	-4628
8	20	5676
8	21	708
8	22	3508
8	23	-5412
8	24	-6236
8	25	-3508
8	26	-4740
8	27	-2388
9	10	1940
9	11	1868
9	12	4516
9	13	-860
9	14	-1268
9	15	1268
9	16	-13068
9	17	-4404
9	18	2836
9	19	524
9	20	-4852
9	21	-4444
9	22	1492
9	23	-6532
9	24	4292
9	25	1644
9	26	-5860
9	27	-3508
10	11	2836
10	12	3324
10	13	-3844
10	14	-3436
10	15	-2836
10	16	-4180
10	17	2836
10	18	5004
10	19	1044
10	20	3284
10	21	2876
10	22	76
10	23	-1308
10	24	-5860
10	25	-76
10	26	-1980
10	27	-1196
11	12	2276
11	13	3172
11	14	972
11	15	-7244
11	16	-2764
11	17	972
11	18	596
11	19	-372
11	20	-2612
11	21	-412
11	22	-748
11	23	1980
11	24	2052
11	25	748
11	26	-3620
11	27	-1268
12	13	-3284
12	14	-860
12	15	-5412
12	16	-3620
12	17	2276
12	18	5564
12	19	-5788
12	20	2724
12	21	3436
12	22	636
12	23	-5004
12	24	-5300
12	25	5636
12	26	-5676
12	27	4516
13	14	3172
13	15	3100
13	16	-1380
13	17	-3100
13	18	-7876
13	19	4516
13	20	484
13	21	-3732
13	22	2876
13	23	-972
13	24	3212
13	25	260
13	26	-1644
13	27	-860
14	15	2164
14	16	3508
14	17	-2164
14	18	-5676
14	19	-372
14	20	-2612
14	21	-6684
14	22	2388
14	23	5116
14	24	5188
14	25	-2388
14	26	2652
14	27	1868
15	16	2764
15	17	-7244
15	18	-6868
15	19	6644
15	20	2612
15	21	-2724
15	22	-2388
15	23	1156
15	24	4220
15	25	-748
15	26	3620
15	27	-1868
16	17	3508
16	18	-1940
16	19	-1420
16	20	820
16	21	2204
16	22	-6868
16	23	11908
16	24	-3396
16	25	-2540
16	26	4964
16	27	-3660
17	18	6868
17	19	-3508
17	20	-2612
17	21	2724
17	22	-748
17	23	-1156
17	24	-4220
17	25	748
17	26	-3620
17	27	1868
18	19	-7468
18	20	-2092
18	21	5116
18	22	-3956
18	23	-3548
18	24	-3620
18	25	820
18	26	-7356
18	27	2836
19	20	5452
19	21	932
19	22	3732
19	23	636
19	24	260
19	25	-596
19	26	4444
19	27	524
20	21	6308
20	22	-300
20	23	-1604
20	24	-6908
20	25	-2836
20	26	2204
20	27	1420
21	22	-6084
21	23	-1420
21	24	-5748
21	25	2948
21	26	4180
21	27	1828
22	23	-8028
22	24	-2276
22	25	-524
22	26	-2428
22	27	7764
23	24	1044
23	25	-1380
23	26	3660
23	27	-6532
24	25	5412
24	26	-2764
24	27	1156
25	26	-3844
25	27	7916
26	27	-2724
