0	1	2940
0	2	-804
0	3	-20940
0	4	-6108
0	5	-1356
0	6	1788
0	7	-3660
0	8	-924
0	9	7836
0	10	60
0	11	1644
0	12	-6996
0	13	-2508
0	14	-7284
0	15	5100
0	16	-15492
0	17	-7116
0	18	60
0	19	9564
0	20	-6564
0	21	-372
0	22	-7572
0	23	8436
0	24	-8124
0	25	-492
0	26	-6828
0	27	1788
0	28	5100
0	29	-2220
0	30	-516
0	31	5676
0	32	6564
0	33	-13764
0	34	7692
0	35	-5532
1	2	3828
1	3	2364
1	4	-7284
1	5	-12036
1	6	-3948
1	7	5820
1	8	-12468
1	9	-4812
1	10	-7404
1	11	-3804
1	12	-5532
1	13	-10884
1	14	-5244
1	15	3108
1	16	-7404
1	17	-6276
1	18	2964
1	19	-6540
1	20	-5964
1	21	13764
1	22	228
1	23	14460
1	24	5100
1	25	2652
1	26	-1380
1	27	1236
1	28	-12444
1	29	-5988
1	30	-1644
1	31	-7836
1	32	16332
1	33	-3948
1	34	-4668
1	35	-7860
2	3	3804
2	4	-660
2	5	-228
2	6	-5388
2	7	7260
2	8	-660
2	9	-11436
2	10	1524
2	11	-5244
2	12	3396
2	13	924
2	14	14052
2	15	6852
2	16	-8844
2	17	-4836
2	18	1524
2	19	-2796
2	20	-2220
2	21	1956
2	22	3972
2	23	-10020
2	24	-14196
2	25	4092
2	26	10428
2	27	-10572
2	28	-3516
2	29	-4548
2	30	2100
2	31	-14460
2	32	2220
2	33	-5388
2	34	-6108
2	35	9132
3	4	-348
3	5	-780
3	6	-3972
3	7	-3084
3	8	-10716
3	9	-3108
3	10	4668
3	11	-4116
3	12	-2388
3	13	-1932
3	14	2508
3	15	9708
3	16	20220
3	17	-1356
3	18	-10884
3	19	-6564
3	20	3228
3	21	9420
3	22	7404
3	23	-11724
3	24	8004
3	25	-5100
3	26	14484
3	27	-3972
3	28	-660
3	29	-6828
3	30	-6276
3	31	-15636
3	32	-3228
3	33	6396
3	34	-8436
3	35	5412
4	5	-1500
4	6	1932
4	7	1380
4	8	9300
4	9	13164
4	10	204
4	11	-3396
4	12	-6852
4	13	-2652
4	14	-1956
4	15	60
4	16	10572
4	17	13476
4	18	5388
4	19	-660
4	20	3948
4	21	10140
4	22	8124
4	23	-7260
4	24	-3084
4	25	25284
4	26	-1788
4	27	1932
4	28	-5124
4	29	-17916
4	30	4812
4	31	636
4	32	-9132
4	33	-3252
4	34	7836
4	35	-492
5	6	2364
5	7	-4236
5	8	3684
5	9	3228
5	10	636
5	11	-2964
5	12	-1236
5	13	-3084
5	14	3660
5	15	5676
5	16	636
5	17	-12876
5	18	5820
5	19	-10596
5	20	4380
5	21	-4980
5	22	-6996
5	23	-2508
5	24	-8700
5	25	-6252
5	26	-7404
5	27	2364
5	28	5676
5	29	2388
5	30	60
5	31	-4116
5	32	-14748
5	33	2364
5	34	-7284
5	35	4260
6	7	-5700
6	8	-3252
6	9	1524
6	10	-1068
6	11	-7836
6	12	-4380
6	13	-6852
6	14	-4092
6	15	4260
6	16	-6252
6	17	-7428
6	18	4116
6	19	-10572
6	20	372
6	21	-11004
6	22	-3804
6	23	2940
6	24	-6420
6	25	1500
6	26	-2532
6	27	2388
6	28	-924
6	29	8412
6	30	-5676
6	31	-1500
6	32	-372
6	33	7572
6	34	1668
6	35	11724
7	8	-8988
7	9	348
7	10	8124
7	11	-660
7	12	-9300
7	13	-15756
7	14	780
7	15	-12756
7	16	8124
7	17	372
7	18	-2244
7	19	7260
7	20	6684
7	21	2508
7	22	5676
7	23	372
7	24	4548
7	25	1812
7	26	5844
7	27	4668
7	28	-12756
7	29	84
7	30	-2820
7	31	-1812
7	32	-6684
7	33	-5700
7	34	-4980
7	35	-8412
8	9	13164
8	10	5388
8	11	6972
8	12	3516
8	13	7716
8	14	-1956
8	15	-5124
8	16	-10164
8	17	3108
8	18	-4980
8	19	4524
8	20	3948
8	21	-10596
8	22	-7428
8	23	-7260
8	24	-13452
8	25	14916
8	26	-1788
8	27	-3252
8	28	5244
8	29	-7548
8	30	9996
8	31	11004
8	32	-19500
8	33	-3252
8	34	13020
8	35	4692
9	10	13620
9	11	1668
9	12	-10428
9	13	-5988
9	14	-4956
9	15	-1788
9	16	-7116
9	17	3804
9	18	3252
9	19	4116
9	20	4692
9	21	3684
9	22	-9852
9	23	-1380
9	24	4812
9	25	17916
9	26	-1668
9	27	1524
9	28	8580
9	29	-6276
9	30	-1356
9	31	2820
9	32	-9876
9	33	-8844
9	34	16356
9	35	7404
10	11	9444
10	12	-7836
10	13	1788
10	14	2820
10	15	5988
10	16	5844
10	17	-3972
10	18	-4524
10	19	1524
10	20	7284
10	21	-4092
10	22	-12444
10	23	1212
10	24	2220
10	25	-228
10	26	11292
10	27	-11436
10	28	16356
10	29	6684
10	30	-14316
10	31	-4956
10	32	-7284
10	33	-1068
10	34	-1788
10	35	4812
11	12	-4236
11	13	8556
11	14	1236
11	15	-780
11	16	4260
11	17	2796
11	18	-924
11	19	5124
11	20	-4668
11	21	-492
11	22	-14028
11	23	7980
11	24	-1380
11	25	-3828
11	26	2508
11	27	2532
11	28	4404
11	29	8268
11	30	-5532
11	31	3828
11	32	-5700
11	33	-7836
11	34	-3372
11	35	-3972
12	13	20652
12	14	4692
12	15	-2508
12	16	-2652
12	17	9708
12	18	-2652
12	19	-6972
12	20	3972
12	21	-2220
12	22	-204
12	23	-660
12	24	5532
12	25	-12468
12	26	-948
12	27	-9564
12	28	2676
12	29	4812
12	30	8292
12	31	2100
12	32	6396
12	33	-4380
12	34	5268
12	35	-2244
13	14	4812
13	15	1644
13	16	-3396
13	17	11892
13	18	1788
13	19	6108
13	20	5532
13	21	1356
13	22	-5844
13	23	6708
13	24	516
13	25	-7404
13	26	-3372
13	27	8700
13	28	6828
13	29	6420
13	30	1212
13	31	7404
13	32	4836
13	33	3516
13	34	-948
13	35	3108
14	15	2964
14	16	-2364
14	17	9420
14	18	2820
14	19	3684
14	20	9444
14	21	-7116
14	22	10452
14	23	-948
14	24	5244
14	25	2796
14	26	9132
14	27	-9276
14	28	8148
14	29	4524
14	30	-12156
14	31	-2796
14	32	-4260
14	33	1092
14	34	-4812
14	35	23388
15	16	-4380
15	17	-4116
15	18	-9564
15	19	-8700
15	20	-13308
15	21	11604
15	22	-12300
15	23	1068
15	24	-3108
15	25	-10740
15	26	5964
15	27	-6108
15	28	11316
15	29	1356
15	30	-8988
15	31	-20364
15	32	-2244
15	33	4260
15	34	-1644
15	35	4668
16	17	6396
16	18	-9708
16	19	-3660
16	20	12468
16	21	6276
16	22	13476
16	23	-9156
16	24	12588
16	25	-228
16	26	6108
16	27	-1068
16	28	-9564
16	29	-3684
16	30	-14316
16	31	228
16	32	-7284
16	33	-1068
16	34	-1788
16	35	-10740
17	18	6396
17	19	15900
17	20	4956
17	21	11148
17	22	9132
17	23	-8268
17	24	16644
17	25	8724
17	26	7572
17	27	8124
17	28	-4116
17	29	1812
17	30	636
17	31	1644
17	32	-4956
17	33	-2244
17	34	8844
17	35	-1500
18	19	-3660
18	20	2100
18	21	-4092
18	22	-7260
18	23	1212
18	24	7404
18	25	10140
18	26	-4260
18	27	4116
18	28	-4380
18	29	-3684
18	30	6420
18	31	228
18	32	8268
18	33	9300
18	34	-12156
18	35	-372
19	20	-2220
19	21	12324
19	22	3972
19	23	-10020
19	24	1356
19	25	-1092
19	26	10428
19	27	10164
19	28	1668
19	29	636
19	30	-3084
19	31	1092
19	32	-2964
19	33	-5388
19	34	-6108
19	35	3948
20	21	-13020
20	22	9732
20	23	4956
20	24	16332
20	25	13884
20	26	-5700
20	27	-4812
20	28	-8124
20	29	60
20	30	-7692
20	31	17220
20	32	-13908
20	33	372
20	34	-348
20	35	8556
21	22	-1644
21	23	-4404
21	24	1788
21	25	-660
21	26	10860
21	27	9732
21	28	-9132
21	29	-4116
21	30	-3516
21	31	-14892
21	32	2652
21	33	-11004
21	34	-6540
21	35	-11172
22	23	-1236
22	24	4956
22	25	7692
22	26	-1524
22	27	6564
22	28	-12300
22	29	-6132
22	30	-1500
22	31	-2508
22	32	5820
22	33	-3804
22	34	5844
22	35	2364
23	24	1092
23	25	-6828
23	26	-18348
23	27	8124
23	28	1068
23	29	12180
23	30	-4548
23	31	6828
23	32	10596
23	33	2940
23	34	-1524
23	35	-6684
24	25	2532
24	26	6564
24	27	-1236
24	28	-3108
24	29	804
24	30	-3540
24	31	2652
24	32	-780
24	33	3948
24	34	-516
24	35	-2508
25	26	-1356
25	27	-3684
25	28	-10740
25	29	-17484
25	30	9564
25	31	10572
25	32	-8700
25	33	-3684
25	34	12588
25	35	5124
26	27	-2532
26	28	780
26	29	-8268
26	30	-4836
26	31	-9012
26	32	-9852
26	33	-7716
26	34	-6996
26	35	3972
27	28	-16476
27	29	3228
27	30	-492
27	31	3684
27	32	-5556
27	33	2388
27	34	-3516
27	35	-3828
28	29	6540
28	30	-3804
28	31	372
28	32	8124
28	33	4260
28	34	-1644
28	35	9852
29	30	-9444
29	31	1932
29	32	-60
29	33	3228
29	34	-1236
29	35	3396
30	31	5988
30	32	-2676
30	33	-492
30	34	3972
30	35	-11316
31	32	-1668
31	33	-6684
31	34	8148
31	35	-5124
32	33	-372
32	34	-4836
32	35	-8556
33	34	-13884
33	35	11724
34	35	-3108
