0	1	-2032
0	2	-704
0	3	3872
0	4	4592
0	5	-4192
0	6	12832
0	7	-4480
0	8	128
0	9	-8224
0	10	-2608
0	11	-5024
0	12	1424
0	13	-11104
0	14	-1024
0	15	-6496
0	16	13120
0	17	4160
0	18	6032
0	19	-5024
0	20	-1856
0	21	-16
0	22	-7648
0	23	3008
0	24	9520
0	25	-1712
0	26	-7072
0	27	-2320
0	28	14672
0	29	5024
0	30	-2896
0	31	3904
0	32	6752
0	33	-736
0	34	128
0	35	4768
1	2	5920
1	3	-7936
1	4	-2032
1	5	4736
1	6	3904
1	7	-736
1	8	-1312
1	9	-4480
1	10	-4048
1	11	-8768
1	12	5168
1	13	13376
1	14	-2464
1	15	-2752
1	16	9376
1	17	-7648
1	18	-10960
1	19	6784
1	20	4768
1	21	8912
1	22	6464
1	23	-3616
1	24	592
1	25	4912
1	26	7040
1	27	-3760
1	28	-2320
1	29	8768
1	30	848
1	31	5344
1	32	128
1	33	8192
1	34	-6496
1	35	6208
2	3	-5168
2	4	4480
2	5	8080
2	6	-1168
2	7	3184
2	8	-6608
2	9	-8624
2	10	6496
2	11	-9232
2	12	-2720
2	13	-5744
2	14	-10640
2	15	5200
2	16	-6640
2	17	4912
2	18	-2144
2	19	-4048
2	20	3152
2	21	-11648
2	22	-9200
2	23	880
2	24	2144
2	25	3008
2	26	16144
2	27	-14528
2	28	4768
2	29	9232
2	30	6784
2	31	-12976
2	32	7504
2	33	4624
2	34	3760
2	35	-3472
3	4	-1312
3	5	272
3	6	8368
3	7	5168
3	8	-5776
3	9	-3760
3	10	7040
3	11	6064
3	12	704
3	13	-1456
3	14	13808
3	15	8336
3	16	13840
3	17	-17296
3	18	-5056
3	19	880
3	20	4048
3	21	-11104
3	22	7184
3	23	12656
3	24	-128
3	25	4192
3	26	2576
3	27	2144
3	28	-6784
3	29	14672
3	30	-13984
3	31	-560
3	32	-4336
3	33	-11824
3	34	-5776
3	35	-10064
4	5	992
4	6	2464
4	7	704
4	8	-5056
4	9	2144
4	10	12944
4	11	5344
4	12	6608
4	13	-5920
4	14	-11392
4	15	-6496
4	16	2752
4	17	4160
4	18	6032
4	19	5344
4	20	8512
4	21	-10384
4	22	-18016
4	23	-7360
4	24	-6032
4	25	3472
4	26	3296
4	27	-2320
4	28	-6064
4	29	-5344
4	30	2288
4	31	-11648
4	32	6752
4	33	-736
4	34	5312
4	35	-416
5	6	-4304
5	7	-2896
5	8	-13840
5	9	-1456
5	10	-1024
5	11	3760
5	12	3008
5	13	11216
5	14	560
5	15	-4912
5	16	1168
5	17	-9808
5	18	2432
5	19	3760
5	20	-3440
5	21	1568
5	22	-880
5	23	-5776
5	24	-2432
5	25	7072
5	26	-304
5	27	-736
5	28	11072
5	29	-3760
5	30	-1312
5	31	-2864
5	32	-12400
5	33	-4336
5	34	17264
5	35	13552
6	7	11536
6	8	-3440
6	9	10096
6	10	4480
6	11	-2032
6	12	-4736
6	13	-7760
6	14	13264
6	15	-7184
6	16	16112
6	17	-2288
6	18	-4160
6	19	13520
6	20	-5200
6	21	1888
6	22	9520
6	23	14416
6	24	-6208
6	25	-10528
6	26	-6608
6	27	-6176
6	28	-2432
6	29	2032
6	30	-10784
6	31	-16144
6	32	304
6	33	2608
6	34	-13808
6	35	-6640
7	8	-8944
7	9	8624
7	10	-6496
7	11	4048
7	12	7904
7	13	5744
7	14	-4912
7	15	5168
7	16	1456
7	17	5456
7	18	-8224
7	19	9232
7	20	7216
7	21	-3904
7	22	-6352
7	23	4304
7	24	-2144
7	25	-3008
7	26	4592
7	27	4160
7	28	-4768
7	29	-4048
7	30	3584
7	31	-18128
7	32	-7504
7	33	-9808
7	34	-14128
7	35	-6896
8	9	-2320
8	10	13664
8	11	-10928
8	12	-13408
8	13	-10384
8	14	-304
8	15	-592
8	16	-8336
8	17	4880
8	18	-3616
8	19	-560
8	20	-2576
8	21	704
8	22	-1744
8	23	-1456
8	24	-6752
8	25	-7616
8	26	-1168
8	27	3584
8	28	-10528
8	29	-9808
8	30	-7360
8	31	13552
8	32	7472
8	33	-16
8	34	-14704
8	35	-6320
9	10	128
9	11	7792
9	12	-6208
9	13	2000
9	14	6896
9	15	-3760
9	16	-5168
9	17	1712
9	18	-1600
9	19	7792
9	20	-9776
9	21	-7648
9	22	-10096
9	23	-4624
9	24	-3584
9	25	736
9	26	848
9	27	-4768
9	28	1856
9	29	-12976
9	30	-5344
9	31	-4016
9	32	4304
9	33	7184
9	34	-2320
9	35	2032
10	11	-13376
10	12	-5776
10	13	-13120
10	14	-3040
10	15	1856
10	16	-416
10	17	-8224
10	18	-1168
10	19	12544
10	20	-5024
10	21	-12400
10	22	-4480
10	23	6176
10	24	-4016
10	25	304
10	26	-3904
10	27	-9520
10	28	-8080
10	29	-7360
10	30	-10096
10	31	-4448
10	32	4736
10	33	-13120
10	34	3296
10	35	-19136
11	12	13696
11	13	15856
11	14	10960
11	15	-9488
11	16	8048
11	17	5776
11	18	3904
11	19	-4912
11	20	2288
11	21	-416
11	22	-3152
11	23	6928
11	24	1280
11	25	2144
11	26	6640
11	27	7072
11	28	-4736
11	29	-5456
11	30	2464
11	31	-3472
11	32	-2000
11	33	304
11	34	-560
11	35	6032
12	13	11648
12	14	992
12	15	704
12	16	11104
12	17	992
12	18	-2320
12	19	8512
12	20	6496
12	21	-3184
12	22	-448
12	23	5024
12	24	12688
12	25	1456
12	26	128
12	27	10064
12	28	-9232
12	29	1856
12	30	-880
12	31	1888
12	32	-1600
12	33	-9088
12	34	-3040
12	35	-7616
13	14	-1168
13	15	-1456
13	16	13264
13	17	-6352
13	18	704
13	19	304
13	20	-1712
13	21	5024
13	22	7760
13	23	-7504
13	24	4480
13	25	3616
13	26	8336
13	27	2720
13	28	-1024
13	29	-5488
13	30	2144
13	31	4048
13	32	-8944
13	33	-880
13	34	-16
13	35	10096
14	15	-12112
14	16	8368
14	17	-11824
14	18	5600
14	19	592
14	20	-1424
14	21	-448
14	22	2288
14	23	12944
14	24	-416
14	25	-1280
14	26	2864
14	27	-2752
14	28	-11680
14	29	4592
14	30	-3328
14	31	-848
14	32	6320
14	33	-1168
14	34	-5488
14	35	5200
15	16	-12080
15	17	8624
15	18	-5056
15	19	6064
15	20	9232
15	21	-11104
15	22	7184
15	23	-2896
15	24	-128
15	25	14560
15	26	7760
15	27	-8224
15	28	8768
15	29	4304
15	30	-3616
15	31	9808
15	32	-9520
15	33	-1456
15	34	-592
15	35	-4880
16	17	-22736
16	18	1312
16	19	-2320
16	20	-10672
16	21	7360
16	22	9808
16	23	9520
16	24	9056
16	25	-5632
16	26	4048
16	27	-704
16	28	-7328
16	29	12688
16	30	-5312
16	31	-6064
16	32	592
16	33	-7472
16	34	-8336
16	35	-1744
17	18	-4768
17	19	592
17	20	14128
17	21	-448
17	22	-13264
17	23	-2608
17	24	4768
17	25	-1280
17	26	2864
17	27	2432
17	28	9056
17	29	-16144
17	30	12224
17	31	-848
17	32	-4048
17	33	14384
17	34	-5488
17	35	5200
18	19	-16832
18	20	1888
18	21	-8944
18	22	-11392
18	23	-5920
18	24	-7472
18	25	12400
18	26	4736
18	27	-16432
18	28	5744
18	29	-9088
18	30	3728
18	31	-2720
18	32	-2176
18	33	-9664
18	34	22304
18	35	3328
19	20	-2896
19	21	-416
19	22	7216
19	23	6928
19	24	-3904
19	25	-3040
19	26	-14096
19	27	1888
19	28	448
19	29	-272
19	30	-2720
19	31	-8656
19	32	-7184
19	33	-4880
19	34	-5744
19	35	-4336
20	21	2752
20	22	-10352
20	23	4912
20	24	-1888
20	25	14528
20	26	9808
20	27	5056
20	28	-1568
20	29	-2288
20	30	5632
20	31	-1456
20	32	-4016
20	33	3472
20	34	-7760
20	35	-2320
21	22	13664
21	23	3584
21	24	-1424
21	25	-7472
21	26	-11680
21	27	18992
21	28	-304
21	29	5600
21	30	-2320
21	31	3328
21	32	-3040
21	33	-160
21	34	-9664
21	35	9376
22	23	1136
22	24	-4160
22	25	-5024
22	26	-14128
22	27	6176
22	28	-2752
22	29	13520
22	30	-9952
22	31	5776
22	32	-10672
22	33	2576
22	34	-1744
22	35	-3728
23	24	5920
23	25	-10496
23	26	-3472
23	27	6464
23	28	-7648
23	29	3440
23	30	-4480
23	31	-4880
23	32	5168
23	33	-7504
23	34	-17008
23	35	-14384
24	25	-12400
24	26	5632
24	27	6064
24	28	9808
24	29	3904
24	30	-3728
24	31	2720
24	32	7360
24	33	9664
24	34	-6752
24	35	1856
25	26	15136
25	27	-10352
25	28	3760
25	29	3040
25	30	5776
25	31	3584
25	32	-14240
25	33	-1568
25	34	18304
25	35	2720
26	27	-8800
26	28	-7360
26	29	3728
26	30	6176
26	31	16
26	32	272
26	33	8336
26	34	-6352
26	35	880
27	28	-12976
27	29	-1888
27	30	-4624
27	31	5632
27	32	-5344
27	33	-7648
27	34	-17152
27	35	-3872
28	29	-448
28	30	2000
28	31	-992
28	32	-9088
28	33	9344
28	34	15392
28	35	15424
29	30	-7648
29	31	-1712
29	32	2000
29	33	4880
29	34	-4624
29	35	-848
30	31	-9344
30	32	-5920
30	33	2144
30	34	8192
30	35	12256
31	32	6928
31	33	4048
31	34	-2000
31	35	2288
32	33	6608
32	34	-8080
32	35	2608
33	34	-5200
33	35	10096
34	35	9232
