0	1	-1784
0	2	-56
0	3	584
0	4	776
0	5	504
0	6	424
0	7	1064
0	8	-1816
0	9	2744
0	10	-456
0	11	1544
0	12	-856
0	13	-24
0	14	1784
0	15	136
0	16	1176
0	17	1384
0	18	2056
0	19	-584
1	2	-4376
1	3	-536
1	4	1896
1	5	2584
1	6	904
1	7	-56
1	8	264
1	9	1624
1	10	24
1	11	424
1	12	1224
1	13	-2104
1	14	664
1	15	-1944
1	16	-904
1	17	-1336
1	18	-24
1	19	536
2	3	-824
2	4	-536
2	5	-744
2	6	-664
2	7	-1304
2	8	1576
2	9	-1384
2	10	216
2	11	-1784
2	12	-984
2	13	1864
2	14	-424
2	15	1704
2	16	2264
2	17	-24
2	18	-216
2	19	-776
3	4	104
3	5	-1384
3	6	296
3	7	-344
3	8	-664
3	9	-424
3	10	-424
3	11	776
3	12	-24
3	13	-696
3	14	-2664
3	15	744
3	16	-3496
3	17	-664
3	18	2024
3	19	-136
4	5	3224
4	6	-56
4	7	584
4	8	-696
4	9	2264
4	10	-936
4	11	1064
4	12	1864
4	13	-1144
4	14	-296
4	15	-984
4	16	56
4	17	-2296
4	18	936
4	19	-1704
5	6	376
5	7	-264
5	8	1016
5	9	2856
5	10	-344
5	11	856
5	12	56
5	13	824
5	14	616
5	15	664
5	16	1224
5	17	-584
5	18	1944
5	19	-1816
6	7	-184
6	8	1096
6	9	-264
6	10	-264
6	11	936
6	12	-3064
6	13	-856
6	14	696
6	15	2184
6	16	-456
6	17	-504
6	18	264
6	19	1304
7	8	-1144
7	9	-904
7	10	-2504
7	11	1896
7	12	-504
7	13	-216
7	14	56
7	15	1224
7	16	184
7	17	-1144
7	18	-696
7	19	-2856
8	9	376
8	10	376
8	11	-24
8	12	-824
8	13	104
8	14	-264
8	15	1544
8	16	2104
8	17	-1464
8	18	1224
8	19	2264
9	10	616
9	11	216
9	12	1016
9	13	-136
9	14	3176
9	15	-1896
9	16	1864
9	17	-1224
9	18	2584
9	19	424
10	11	-1384
10	12	-584
10	13	1464
10	14	-24
10	15	-1896
10	16	264
10	17	376
10	18	-616
10	19	3624
11	12	616
11	13	-1336
11	14	-2024
11	15	1704
11	16	-936
11	17	-24
11	18	1384
11	19	824
12	13	-536
12	14	-1224
12	15	-2296
12	16	-136
12	17	-824
12	18	-1016
12	19	24
13	14	504
13	15	1416
13	16	856
13	17	104
13	18	-1464
13	19	-904
14	15	-1256
14	16	2504
14	17	-264
14	18	24
14	19	-536
15	16	-584
15	17	-56
15	18	296
15	19	-744
16	17	504
16	18	-264
16	19	296
17	18	-376
17	19	664
18	19	-424
