0	1	1200
0	2	-400
0	3	240
0	4	-160
0	5	-1520
0	6	-240
0	7	-1360
0	8	-320
0	9	-2320
0	10	560
0	11	2960
0	12	-240
0	13	1760
0	14	1680
0	15	-1680
0	16	-1600
0	17	-1760
0	18	-80
0	19	480
1	2	-240
1	3	-1200
1	5	240
1	6	-80
1	7	80
1	8	-160
1	9	720
1	10	720
1	11	-400
1	12	-1680
1	13	1600
1	14	-1680
1	15	80
1	16	1440
1	18	1360
1	19	320
2	3	-1200
2	4	-1600
2	5	-1360
2	6	1520
2	7	80
2	8	-1760
2	9	-880
2	10	720
2	11	1200
2	12	-1680
2	13	-1600
2	14	-80
2	15	-1520
2	16	-1760
2	17	-1600
2	18	-240
2	19	-1280
3	4	-960
3	5	880
3	6	2160
3	7	1040
3	8	-1120
3	9	-1520
3	10	-1840
3	11	560
3	12	-2640
3	13	-640
3	14	880
3	15	720
3	16	-800
3	17	-960
3	18	720
3	19	-320
4	5	2080
4	6	-1440
4	7	-1760
4	8	80
4	9	480
4	10	-640
4	11	960
4	12	160
4	13	-240
4	14	-1920
4	15	-1280
4	16	2800
4	17	240
4	18	-480
4	19	1680
5	6	400
5	7	-400
5	8	-1280
5	9	240
5	10	-400
5	11	720
5	12	400
5	13	1120
5	14	-2160
5	15	560
5	16	2560
5	17	480
5	18	2480
5	19	1440
6	7	-80
6	8	-4800
6	9	-1040
6	10	-2320
6	11	1040
6	12	-3120
6	13	1440
6	14	-240
6	15	1840
6	16	-1920
6	17	160
6	18	-400
6	19	160
7	9	-560
7	10	2320
7	11	-1040
7	12	-1680
7	13	-1440
7	14	1840
7	15	1360
7	16	-1280
7	17	1440
7	18	400
7	19	-3360
8	9	2240
8	10	800
8	11	-2080
8	12	3200
8	13	-1680
8	14	-160
8	15	-1440
8	16	1360
8	17	80
8	18	-320
8	19	240
9	10	-1840
9	11	-3280
9	12	2160
9	13	1120
9	14	-2000
9	15	400
9	16	-320
9	17	2080
9	18	-240
9	19	800
10	11	240
10	12	880
10	13	-960
10	14	2160
10	15	-560
10	16	480
10	17	-640
10	18	2000
10	19	-2240
11	12	-560
11	13	640
11	14	720
11	15	-720
11	16	-800
11	17	-640
11	18	880
11	19	320
12	13	1440
12	14	1360
12	15	240
12	16	-320
12	17	1760
12	18	1200
12	19	160
13	14	320
13	15	2880
13	16	-1200
13	17	1360
13	18	480
13	19	1520
14	15	1200
14	16	-2720
14	17	-320
14	18	560
14	19	-3200
15	16	-480
15	17	1920
15	18	-560
16	17	-400
16	18	640
16	19	1680
17	18	1120
17	19	80
18	19	-1440
