0	1	3000
0	2	-872
0	3	-2040
0	4	-4568
0	5	-24
0	6	3944
0	7	584
0	8	360
0	9	-1096
0	10	-472
0	11	-472
0	12	-2664
0	13	696
0	14	-1432
0	15	24
0	16	1320
0	17	248
0	18	808
0	19	-472
0	20	-3224
0	21	920
0	22	-248
0	23	1208
0	24	-920
0	25	360
0	26	2776
0	27	3832
1	2	200
1	3	-424
1	4	-2376
1	5	696
1	6	1656
1	7	1880
1	8	2104
1	9	424
1	10	-1992
1	11	1144
1	12	-1144
1	13	1768
1	14	760
1	15	-696
1	16	2488
1	17	-920
1	18	1656
1	19	-1992
1	20	-584
1	21	-1592
1	22	-2216
1	23	2600
1	24	1592
1	25	-1032
1	26	1032
1	27	1768
2	3	-1704
2	4	1368
2	5	312
2	6	472
2	7	248
2	8	24
2	9	1704
2	10	3000
2	11	-136
2	12	136
2	13	360
2	14	-1768
2	15	-312
2	16	-1480
2	17	-3224
2	18	472
2	19	3000
2	20	-424
2	21	584
2	22	88
2	23	1544
2	24	-584
2	25	24
2	26	-24
2	27	360
3	4	1992
3	5	2600
3	6	-3384
3	7	-24
3	8	200
3	9	1656
3	10	-3224
3	11	-88
3	12	3224
3	13	-136
3	14	1992
3	15	-2600
3	16	1256
3	17	312
3	18	2888
3	19	-3224
3	20	648
3	21	-360
3	22	-312
3	23	-1768
3	24	360
3	25	-2936
3	26	-3336
3	27	-3272
4	5	872
4	6	-3224
4	7	-312
4	8	-536
4	9	1144
4	10	424
4	11	424
4	12	2712
4	13	-200
4	14	808
4	15	-872
4	16	-920
4	17	-648
4	18	-88
4	19	424
4	20	2152
4	21	24
4	22	648
4	23	-1032
4	24	-24
4	25	-536
4	26	-2600
4	27	-3336
5	6	-1368
5	7	1992
5	8	-920
5	9	536
5	10	-2104
5	11	1032
5	12	2104
5	13	1880
5	14	872
5	15	-3720
5	16	2376
5	17	-808
5	18	1768
5	19	-2104
5	20	-472
5	21	1656
5	22	808
5	23	-648
5	24	-1656
5	25	-920
5	26	-2216
5	27	-1256
6	7	-1208
6	8	1704
6	9	-2888
6	10	1320
6	11	1320
6	12	-1320
6	13	2040
6	14	-3224
6	15	1368
6	16	-24
6	17	1592
6	18	-984
6	19	1320
6	20	-1880
6	21	2264
6	22	1544
6	23	3000
6	24	-2264
6	25	1704
6	26	4568
6	27	2040
7	8	-1656
7	9	24
7	10	-1592
7	11	1544
7	12	-1544
7	13	1816
7	14	2824
7	15	-1992
7	16	3336
7	17	-1768
7	18	-1208
7	19	-1592
7	20	1032
7	21	-1096
7	22	-1368
7	23	88
7	24	1096
7	25	1480
7	26	-1480
7	27	1816
8	9	-200
8	10	-1368
8	11	1768
8	12	1368
8	13	1592
8	14	-536
8	15	920
8	16	424
8	17	1144
8	18	1704
8	19	-1368
8	20	808
8	21	-1320
8	22	-1144
8	23	3448
8	24	1320
8	25	-1880
8	26	1880
8	27	-1544
9	10	88
9	11	-3048
9	12	-88
9	13	-3000
9	14	1144
9	15	-536
9	16	-1256
9	17	-3448
9	18	3384
9	19	88
9	20	-648
9	21	-2776
9	22	-2824
9	23	-1368
9	24	2776
9	25	-3336
9	26	-2936
9	27	136
10	11	-1656
10	12	-1480
10	13	-1704
10	14	-2712
10	15	2104
10	16	-3448
10	17	-1256
10	18	-1816
10	19	4616
10	20	-920
10	21	1208
10	22	1256
10	23	-200
10	24	-1208
10	25	1768
10	26	1368
10	27	1432
11	12	1656
11	13	4568
11	14	424
11	15	-1032
11	16	2824
11	17	1880
11	18	-1816
11	19	-1656
11	20	2216
11	21	1208
11	22	1256
11	23	2936
11	24	-1208
11	25	1768
11	26	1368
11	27	-1704
12	13	1704
12	14	-424
12	15	-2104
12	16	312
12	17	1256
12	18	1816
12	19	-1480
12	20	920
12	21	1928
12	22	1880
12	23	200
12	24	-1928
12	25	-1768
12	26	-1368
12	27	-4568
13	14	-200
13	15	-1880
13	16	3224
13	17	1480
13	18	-1096
13	19	-1704
13	20	1144
13	21	2152
13	22	1656
13	23	3112
13	24	-2152
13	25	1592
13	26	1544
13	27	-1208
14	15	-872
14	16	2216
14	17	-648
14	18	-88
14	19	-2712
14	20	2152
14	21	-3112
14	22	-2488
14	23	-1032
14	24	3112
14	25	-536
14	26	-2600
14	27	-200
15	16	-2376
15	17	808
15	18	-1768
15	19	2104
15	20	472
15	21	-1656
15	22	-808
15	23	648
15	24	1656
15	25	920
15	26	2216
15	27	1256
16	17	536
16	18	-24
16	19	-3448
16	20	872
16	21	-136
16	22	-536
16	23	1144
16	24	136
16	25	424
16	26	-424
16	27	88
17	18	-1544
17	19	-1256
17	20	696
17	21	1704
17	22	2104
17	23	424
17	24	-1704
17	25	1144
17	26	1992
17	27	-1656
18	19	-1816
18	20	-1880
18	21	-872
18	22	-1592
18	23	-136
18	24	872
18	25	-4568
18	26	-1704
18	27	-1096
19	20	-920
19	21	1208
19	22	1256
19	23	-200
19	24	-1208
19	25	1768
19	26	1368
19	27	1432
20	21	-1768
20	22	-696
20	23	760
20	24	1768
20	25	808
20	26	-808
20	27	-1992
21	22	4568
21	23	-248
21	24	-5512
21	25	1816
21	26	1320
21	27	-984
22	23	-424
22	24	-4568
22	25	1992
22	26	1144
22	27	-1480
23	24	248
23	25	312
23	26	2824
23	27	-24
24	25	-1816
24	26	-1320
24	27	984
25	26	1880
25	27	1592
26	27	1544
