0	1	564
0	2	-780
0	3	-652
0	4	-652
0	5	-308
0	6	692
0	7	-588
0	8	948
0	9	396
0	10	-2036
0	11	1012
0	12	244
0	13	-52
0	14	692
0	15	204
1	2	-2036
1	3	-116
1	4	-116
1	5	1076
1	6	-436
1	7	-180
1	8	332
1	9	-652
1	10	-1292
1	11	1292
1	12	12
1	13	820
1	14	588
1	15	2612
2	3	-1844
2	4	1228
2	5	-268
2	6	-116
2	7	-884
2	8	-372
2	9	2100
2	10	1460
2	11	-436
2	12	-692
2	13	-1548
2	14	908
2	15	-1804
3	4	-948
3	5	-140
3	6	-244
3	7	1036
3	8	524
3	9	-1868
3	10	564
3	11	-564
3	12	204
3	13	1652
3	14	-1268
3	15	372
4	5	884
4	6	-244
4	7	12
4	8	-500
4	9	180
4	10	564
4	11	-1588
4	12	-820
4	13	-396
4	14	-244
4	15	-652
5	6	180
5	7	1972
5	8	436
5	9	-1140
5	10	524
5	11	-524
5	12	-1292
5	13	460
5	14	180
5	15	-308
6	7	-308
6	8	-820
6	9	500
6	10	-140
6	11	-884
6	12	-116
6	13	-76
6	14	460
6	15	-332
7	8	460
7	9	-1804
7	10	628
7	11	-1652
7	12	140
7	13	1716
7	14	-308
7	15	-588
8	9	756
8	10	116
8	11	908
8	12	-372
8	13	180
8	14	-820
8	15	-76
9	10	204
9	11	820
9	12	-972
9	13	-1908
9	14	1524
9	15	-628
10	11	-844
10	12	436
10	13	-244
10	14	-140
10	15	-1012
11	12	-436
11	13	-780
11	14	140
11	15	1012
12	13	1524
12	14	-116
12	15	1268
13	14	-76
13	15	972
14	15	692
