0	1	1892
0	2	-412
0	3	-1444
0	4	-2076
0	5	612
0	6	676
0	7	-1564
0	8	612
0	9	1252
0	10	-100
0	11	-1308
0	12	156
0	13	-804
0	14	740
0	15	740
1	2	-740
1	3	-1500
1	4	-2148
1	5	1308
1	6	220
1	7	-1636
1	8	1308
1	9	-356
1	10	1252
1	11	-868
1	12	-28
1	13	-92
1	14	1180
1	15	156
2	3	1316
2	4	1180
2	5	-484
2	6	-1572
2	7	668
2	8	-484
2	9	-100
2	10	-28
2	11	412
2	12	740
2	13	-348
2	14	-612
2	15	412
3	4	1700
3	5	-732
3	6	-668
3	7	2212
3	8	-1756
3	9	-1116
3	10	-804
3	11	1444
3	12	476
3	13	540
3	14	420
3	15	420
4	5	-1892
4	6	-932
4	7	1308
4	8	-1892
4	9	-484
4	10	-668
4	11	1052
4	12	100
4	13	1060
4	14	-996
4	15	1052
5	6	476
5	7	-1380
5	8	1564
5	9	-1124
5	10	996
5	11	-1636
5	12	-1308
5	13	676
5	14	412
5	15	412
6	7	-420
6	8	-548
6	9	-164
6	10	36
6	11	348
6	12	-220
6	13	740
6	14	348
6	15	-676
7	8	-1380
7	9	-996
7	10	-1180
7	11	1564
7	12	1636
7	13	548
7	14	540
7	15	-484
8	9	-100
8	10	996
8	11	-1636
8	12	-284
8	13	-348
8	14	412
8	15	-612
9	10	612
9	11	-228
9	12	356
9	13	-2780
9	14	-1252
9	15	-228
10	11	-924
10	12	-228
10	13	-1188
10	14	100
10	15	100
11	12	868
11	13	-220
11	14	-740
11	15	-1764
12	13	-932
12	14	868
12	15	-156
13	14	804
13	15	804
14	15	284
