0	1	1488
0	2	-784
0	3	848
0	4	-2064
0	5	-816
0	6	-656
0	7	-1136
0	8	880
0	9	944
0	10	1488
0	11	-1840
0	12	-1232
0	13	1712
0	14	-1552
0	15	528
1	2	-560
1	3	-528
1	4	-2352
1	5	-1936
1	6	336
1	7	432
1	8	848
1	9	784
1	10	880
1	11	-912
1	12	-112
1	13	16
1	14	208
1	15	-1232
2	3	848
2	4	-1040
2	5	208
2	6	-656
2	7	912
2	8	-144
2	9	944
2	10	-560
2	11	1232
2	12	816
2	13	-336
2	14	-528
2	15	-496
3	4	-944
3	5	752
3	6	-304
3	7	1072
3	8	208
3	9	1168
3	10	-528
3	11	-272
3	12	272
3	13	1424
3	14	592
3	15	432
4	5	1488
4	6	1136
4	7	144
4	8	-1424
4	9	-1360
4	10	-304
4	11	464
4	12	-464
4	13	-592
4	14	1264
4	15	784
5	6	1104
5	7	688
5	8	-1456
5	9	-496
5	10	-912
5	11	-656
5	12	656
5	13	784
5	14	-48
5	15	48
6	7	784
6	8	-1040
6	9	-976
6	10	336
6	11	-944
6	12	-80
6	13	-1232
6	14	624
6	15	-624
7	8	272
7	9	1232
7	10	-1616
7	11	688
7	12	336
7	13	-560
7	14	1680
7	15	-656
8	9	-464
8	10	-1200
8	11	592
8	12	-1616
8	13	304
8	14	-912
8	15	-112
9	10	784
9	11	-496
9	12	-528
9	13	368
9	14	176
9	15	-176
10	11	-1936
10	12	-1136
10	13	16
10	14	208
10	15	-208
11	12	656
11	13	-240
11	14	-48
11	15	-976
12	13	-784
12	14	1072
12	15	-48
13	14	-1104
13	15	80
14	15	272
