0	1	5648
0	2	-18288
0	3	2512
0	4	1024
0	5	23328
0	6	-12440
0	7	-2928
0	8	3744
0	9	-1016
0	10	-4152
0	11	-2792
0	12	5240
0	13	-2240
0	14	-11360
0	15	-7688
0	16	1560
0	17	-1152
0	18	200
0	19	2792
0	20	5504
0	21	1840
0	22	-5920
0	23	-8912
0	24	4968
0	25	-4424
0	26	6184
0	27	-2240
0	28	-2240
0	29	-5640
0	30	-2928
0	31	-2240
0	32	1560
0	33	1976
1	2	-5512
1	3	7416
1	4	7544
1	5	-5512
1	6	7136
1	7	12856
1	8	200
1	9	336
1	10	-9040
1	11	8096
1	12	-1296
1	13	-7688
1	14	-6456
1	15	-5504
1	16	-880
1	17	472
1	18	480
1	19	1152
1	20	-200
1	21	2104
1	22	-2648
1	23	-4280
1	24	-1024
1	25	9728
1	26	8368
1	27	-3064
1	28	-12312
1	29	336
1	30	-1016
1	31	1560
1	32	-5504
1	33	-11904
2	3	-7272
2	4	3736
2	5	-18568
2	6	3328
2	7	-6456
2	8	-8232
2	9	1152
2	10	-608
2	11	-1968
2	12	-9728
2	13	-6872
2	14	6600
2	15	2928
2	16	2928
2	17	-12584
2	18	4288
2	19	1968
2	20	-10264
2	21	-1704
2	22	15032
2	23	-5096
2	24	-4832
2	25	-4960
2	26	-1696
2	27	-6872
2	28	7000
2	29	5776
2	30	2792
2	31	-2248
2	32	2928
2	33	-1840
3	4	2792
3	5	1976
3	6	12448
3	7	-72
3	8	888
3	9	5376
3	10	-10544
3	11	9312
3	12	2384
3	13	4152
3	14	5368
3	15	-9456
3	16	-4832
3	17	616
3	18	-1568
3	19	-4688
3	20	3736
3	21	-1016
3	22	-12312
3	23	-10680
3	24	-2512
3	25	7680
3	26	-9456
3	27	-472
3	28	-5096
3	29	752
3	30	-4696
3	31	-5096
3	32	-4832
3	33	-14752
4	5	-5512
4	6	11760
4	7	8232
4	8	200
4	9	-8912
4	10	208
4	11	-1152
4	12	-5920
4	13	-3064
4	14	-11080
4	15	-5504
4	16	-880
4	17	-13400
4	18	480
4	19	-8096
4	20	-4824
4	21	-2520
4	22	11224
4	23	344
4	24	-5648
4	25	5104
4	26	3744
4	27	1560
4	28	-7688
4	29	14208
4	30	-1016
4	31	-12312
4	32	-5504
4	33	-2656
5	6	-5920
5	7	-1832
5	8	5640
5	9	-8096
5	10	8640
5	11	-1968
5	12	13392
5	13	-2248
5	14	-2648
5	15	2928
5	16	-1696
5	17	5912
5	18	-14208
5	19	1968
5	20	8232
5	21	2920
5	22	-8088
5	23	4152
5	24	-4832
5	25	-9584
5	26	2928
5	27	-2248
5	28	-11496
5	29	-3472
5	30	-11080
5	31	2376
5	32	2928
5	33	2784
6	7	4016
6	8	-4832
6	9	-72
6	10	-8632
6	11	13128
6	12	-1704
6	13	-12720
6	14	17072
6	15	-5096
6	16	4152
6	17	4688
6	18	-3736
6	19	-3880
6	20	208
6	21	6320
6	22	2384
6	23	10000
6	24	-15304
6	25	5512
6	26	-9720
6	27	-3472
6	28	-12720
6	29	18424
6	30	-5232
6	31	1152
6	32	-5096
6	33	-12312
7	8	1704
7	9	-3056
7	10	-6736
7	11	-10000
7	12	7824
7	13	344
7	14	-4696
7	15	-1024
7	16	-14896
7	17	-3192
7	18	-2384
7	19	-8496
7	20	-1704
7	21	-9448
7	22	-8504
7	23	7000
7	24	-6320
7	25	-2384
7	26	8224
7	27	-8904
7	28	-4280
7	29	-7680
7	30	-5512
7	31	4968
7	32	-14896
7	33	-4688
8	9	-7008
8	10	7552
8	11	1568
8	12	5232
8	13	8088
8	14	-3736
8	15	6464
8	16	-12032
8	17	2376
8	18	3200
8	19	-15440
8	20	2520
8	21	8632
8	22	-4552
8	23	7688
8	24	14752
8	25	7824
8	26	6464
8	27	-5784
8	28	-1160
8	29	-2384
8	30	-2920
8	31	-1160
8	32	6464
8	33	-5376
9	10	-15704
9	11	15304
9	12	-3880
9	13	-5648
9	14	5376
9	15	-7544
9	16	6328
9	17	-2112
9	18	12312
9	19	-1432
9	20	7008
9	21	4144
9	22	-4688
9	23	-1696
9	24	1016
9	25	-6184
9	26	-2920
9	27	-1024
9	28	8224
9	29	-2248
9	30	1568
9	31	-1024
9	32	1704
9	33	-616
10	11	-6600
10	12	13672
10	13	10816
10	14	-5920
10	15	11624
10	16	2376
10	17	-11216
10	18	-8232
10	19	-2648
10	20	-16800
10	21	5648
10	22	-5104
10	23	5776
10	24	-472
10	25	-3608
10	26	7000
10	27	15440
10	28	-7680
10	29	-1832
10	30	-6736
10	31	1568
10	32	16248
10	33	5784
11	12	-1560
11	13	-9040
11	14	9312
11	15	3736
11	16	8360
11	17	5920
11	18	-2248
11	19	5240
11	20	7680
11	21	13536
11	22	880
11	23	-2112
11	24	-1832
11	25	-2248
11	26	-5512
11	27	4832
11	28	-9040
11	29	10680
11	30	-752
11	31	208
11	32	3736
11	33	-4824
12	13	-7280
12	14	2384
12	15	12584
12	16	-5912
12	17	880
12	18	-4552
12	19	-3064
12	20	-5232
12	21	11760
12	22	-12304
12	23	9184
12	24	-616
12	25	72
12	26	12584
12	27	6592
12	28	-7280
12	29	-8504
12	30	-10672
12	31	1968
12	32	7960
12	33	7000
13	14	-9720
13	15	480
13	16	-8768
13	17	-888
13	18	-2784
13	19	-9456
13	20	-3464
13	21	-13128
13	22	3336
13	23	1704
13	24	2240
13	25	-2784
13	26	-4144
13	27	4824
13	28	9448
13	29	-10272
13	30	344
13	31	-4424
13	32	480
13	33	608
14	15	-4832
14	16	-208
14	17	5240
14	18	3056
14	19	4560
14	20	-888
14	21	12856
14	22	-3064
14	23	7816
14	24	2112
14	25	3056
14	26	-9456
14	27	-5096
14	28	-5096
14	29	5376
14	30	-4696
14	31	8776
14	32	-208
14	33	-5504
15	16	-1160
15	17	6192
15	18	-11768
15	19	5512
15	20	-11088
15	21	4560
15	22	-4016
15	23	-2384
15	24	3064
15	25	-7144
15	26	8088
15	27	5104
15	28	-8768
15	29	6328
15	30	3600
15	31	-13392
15	32	3464
15	33	72
16	17	10816
16	18	-7144
16	19	10136
16	20	-1840
16	21	-64
16	22	-4016
16	23	-7008
16	24	-1560
16	25	2104
16	26	-1160
16	27	5104
16	28	480
16	29	15576
16	30	17472
16	31	480
16	32	-5784
16	33	72
17	18	-1696
17	19	-5920
17	20	11496
17	21	-344
17	22	-4824
17	23	7416
17	24	5776
17	25	2928
17	26	-3056
17	27	-888
17	28	3736
17	29	2512
17	30	10680
17	31	3736
17	32	-7680
17	33	-5104
18	19	-7000
18	20	1424
18	21	10544
18	22	-752
18	23	-3744
18	24	13672
18	25	5368
18	26	-2520
18	27	-2784
18	28	11088
18	29	-6184
18	30	2240
18	31	1840
18	32	2104
18	33	-3192
19	20	1568
19	21	336
19	22	3744
19	23	-16384
19	24	-7416
19	25	2248
19	26	-3736
19	27	-208
19	28	-9456
19	29	3192
19	30	10000
19	31	4416
19	32	-8360
19	33	9448
20	21	616
20	22	4552
20	23	1560
20	24	-880
20	25	6048
20	26	-6464
20	27	-3464
20	28	10408
20	29	-6864
20	30	-6328
20	31	10408
20	32	-6464
20	33	752
21	22	-1832
21	23	5784
21	24	2784
21	25	5920
21	26	4560
21	27	-3880
21	28	-8504
21	29	4144
21	30	-9448
21	31	5368
21	32	9184
21	33	-3472
22	23	8632
22	24	-12576
22	25	-752
22	26	-8640
22	27	-1288
22	28	7960
22	29	4560
22	30	744
22	31	-1288
22	32	9856
22	33	16800
23	24	-336
23	25	-3744
23	26	6864
23	27	-2920
23	28	1704
23	29	2928
23	30	-6872
23	31	10952
23	32	6864
23	33	5920
24	25	13672
24	26	3064
24	27	2240
24	28	6864
24	29	1016
24	30	12176
24	31	-2384
24	32	3064
24	33	-6600
25	26	-7144
25	27	1840
25	28	-7408
25	29	7688
25	30	6864
25	31	1840
25	32	-7144
25	33	-3192
26	27	480
26	28	480
26	29	-2920
26	30	-1024
26	31	5104
26	32	-5784
26	33	-4552
27	28	200
27	29	-1024
27	30	4968
27	31	-13672
27	32	9728
27	33	9856
28	29	-10272
28	30	4968
28	31	200
28	32	9728
28	33	5232
29	30	15440
29	31	-5648
29	32	-2920
29	33	-9864
30	31	-4280
30	32	-10272
30	33	4560
31	32	-4144
31	33	608
32	33	13944
