0	1	7084
0	2	-4228
0	3	4068
0	4	-8148
0	5	2324
0	6	5316
0	7	-12
0	8	-5836
0	9	-1756
0	10	-4364
0	11	2300
0	12	1780
0	13	-11548
0	14	-2980
0	15	4092
0	16	13476
0	17	3388
0	18	8828
0	19	2868
0	20	3932
0	21	1348
0	22	284
0	23	2460
0	24	13044
0	25	4364
0	26	5156
0	27	-10324
0	28	-2732
0	29	-4340
0	30	4092
0	31	5700
0	32	-3660
0	33	-284
1	2	-11708
1	3	5836
1	4	-14540
1	5	5180
1	6	8172
1	7	1756
1	8	-7604
1	9	-3524
1	10	-7220
1	11	4068
1	12	9260
1	13	556
1	14	-9372
1	15	-6924
1	16	7084
1	17	532
1	18	-3276
1	19	-3524
1	20	1076
1	21	3116
1	22	-1484
1	23	-13180
1	24	5564
1	25	2596
1	26	2300
1	27	1780
1	28	3660
1	29	-15356
1	30	-6924
1	31	-1780
1	32	8444
1	33	6108
2	3	556
2	4	12772
2	5	6924
2	6	8556
2	7	-4612
2	8	-3412
2	9	11004
2	10	-260
2	11	2324
2	12	-1780
2	13	-6948
2	14	-1644
2	15	532
2	16	-8852
2	17	1236
2	18	-8828
2	19	-2868
2	20	692
2	21	-10596
2	22	-284
2	23	-2460
2	24	-3796
2	25	-4364
2	26	4092
2	27	5700
2	28	-6516
2	29	13588
2	30	9780
2	31	3548
2	32	-5588
2	33	284
3	4	-2052
3	5	15220
3	6	7604
3	7	964
3	8	4884
3	9	-3820
3	10	5316
3	11	-5972
3	12	-2732
3	13	1348
3	14	-2596
3	15	8828
3	16	4068
3	17	6812
3	18	-3252
3	19	-3820
3	20	-7604
3	21	-396
3	22	3388
3	23	-3412
3	24	1780
3	25	-5316
3	26	5044
3	27	4748
3	28	3684
3	29	-1236
3	30	4204
3	31	-4748
3	32	2708
3	33	5860
4	5	-804
4	6	-2436
4	7	-1508
4	8	-4340
4	9	13612
4	10	8012
4	11	804
4	12	-5972
4	13	-14676
4	14	7764
4	15	10212
4	16	-3524
4	17	-2732
4	18	-1916
4	19	-4884
4	20	7060
4	21	-4772
4	22	6404
4	23	3956
4	24	-2324
4	25	-12636
4	26	3660
4	27	5044
4	28	-4228
4	29	6404
4	30	-3660
4	31	4204
4	32	2460
4	33	-1780
5	6	-1212
5	7	-2732
5	8	-7740
5	9	964
5	10	2164
5	11	-420
5	12	-4748
5	13	-8828
5	14	-9508
5	15	-2436
5	16	2324
5	17	5292
5	18	-3140
5	19	-3660
5	20	-8036
5	21	3252
5	22	3004
5	23	9804
5	24	5700
5	25	2460
5	26	2436
5	27	-2980
5	28	3796
5	29	3004
5	30	6812
5	31	7604
5	32	-940
5	33	-3004
6	7	-1100
6	8	-9372
6	9	-668
6	10	3796
6	11	1212
6	12	2868
6	13	8036
6	14	-6516
6	15	556
6	16	-3932
6	17	6924
6	18	-1508
6	19	-668
6	20	12092
6	21	-4364
6	22	-3252
6	23	-5700
6	24	2708
6	25	-3796
6	26	-9804
6	27	4636
6	28	-8444
6	29	-7876
6	30	-4068
6	31	-13884
6	32	-11820
6	33	3252
7	8	804
7	9	5972
7	10	-4476
7	11	-1892
7	12	11684
7	13	6516
7	14	2572
7	15	124
7	16	9236
7	17	6268
7	18	828
7	19	5972
7	20	-8148
7	21	-940
7	22	-692
7	23	6380
7	24	-3388
7	25	-9396
7	26	-124
7	27	-13204
7	28	3140
7	29	-692
7	30	-4500
7	31	-9916
7	32	7876
7	33	9940
8	9	-2572
8	10	-3548
8	11	-6132
8	12	10212
8	13	6132
8	14	828
8	15	-10596
8	16	3412
8	17	4204
8	18	-8852
8	19	-7196
8	20	-9124
8	21	2164
8	22	-532
8	23	-2980
8	24	-9260
8	25	-5700
8	26	1348
8	27	-1892
8	28	11956
8	29	-5156
8	30	3276
8	31	6516
8	32	148
8	33	-4092
9	10	-3004
9	11	12908
9	12	-4204
9	13	-3660
9	14	284
9	15	-6516
9	16	-6380
9	17	4748
9	18	-3684
9	19	-3116
9	20	668
9	21	-6540
9	22	-5700
9	23	1100
9	24	532
9	25	-15492
9	26	-2732
9	27	-2436
9	28	-1372
9	29	-1076
9	30	7356
9	31	-6812
9	32	4228
9	33	1076
10	11	2460
10	12	-6540
10	13	6788
10	14	12092
10	15	5020
10	16	4884
10	17	-7876
10	18	5180
10	19	6244
10	20	10076
10	21	-1212
10	22	8828
10	23	15900
10	24	964
10	25	-9124
10	26	-396
10	27	10188
10	28	-1756
10	29	4204
10	30	-8852
10	31	-5564
10	32	-1100
10	33	5044
11	12	4748
11	13	-5044
11	14	14132
11	15	2436
11	16	-6948
11	17	-668
11	18	7764
11	19	3660
11	20	-1212
11	21	-12500
11	22	-3004
11	23	-556
11	24	-1076
11	25	-11708
11	26	-2436
11	27	2980
11	28	828
11	29	1620
11	30	2436
11	31	-2980
11	32	940
11	33	-1620
12	13	-124
12	14	3820
12	15	-2980
12	16	1780
12	17	10460
12	18	-2596
12	19	-4204
12	20	-2868
12	21	-5452
12	22	2460
12	23	12
12	24	-3004
12	25	-7332
12	26	7604
12	27	-8148
12	28	8964
12	29	-11412
12	30	6268
12	31	-1100
12	32	-6108
12	33	2164
13	14	-4884
13	15	-7060
13	16	-6924
13	17	-3956
13	18	10732
13	19	10212
13	20	-3412
13	21	12500
13	22	-6244
13	23	556
13	24	-3548
13	25	-2164
13	26	2436
13	27	10892
13	28	3796
13	29	-1620
13	30	-7060
13	31	-24764
13	32	-5564
13	33	1620
14	15	10756
14	16	-2980
14	17	5972
14	18	2164
14	19	-4340
14	20	-2732
14	21	-9940
14	22	6948
14	23	4500
14	24	-2868
14	25	-12092
14	26	3116
14	27	964
14	28	-9396
14	29	11572
14	30	-7740
14	31	3660
14	32	-6244
14	33	2300
15	16	-532
15	17	-10348
15	18	8964
15	19	2732
15	20	-5180
15	21	-7764
15	22	4772
15	23	2324
15	24	8556
15	25	-9644
15	26	9916
15	27	-1212
15	28	-2596
15	29	4772
15	30	-5292
15	31	-3412
15	32	-3796
15	33	9100
16	17	3388
16	18	-420
16	19	-1756
16	20	-692
16	21	5972
16	22	284
16	23	-2164
16	24	3796
16	25	-260
16	26	532
16	27	-10324
16	28	-2732
16	29	-18212
16	30	-5156
16	31	5700
16	32	5588
16	33	-9532
17	18	-7196
17	19	-9124
17	20	-2300
17	21	-8964
17	22	7332
17	23	532
17	24	-6788
17	25	3252
17	26	1100
17	27	-5180
17	28	-4884
17	29	-6540
17	30	8148
17	31	556
17	32	-7220
17	33	1916
18	19	19436
18	20	6132
18	21	8716
18	22	8148
18	23	10596
18	24	1644
18	25	4068
18	26	4908
18	27	260
18	28	-1076
18	29	-1100
18	30	-4908
18	31	-4884
18	32	2844
18	33	-3524
19	20	5292
19	21	2708
19	22	-5700
19	23	5724
19	24	5156
19	25	-1620
19	26	1892
19	27	6812
19	28	3252
19	29	8172
19	30	-1892
19	31	-11436
19	32	4228
19	33	10324
20	21	-260
20	22	-1372
20	23	5700
20	24	-2708
20	25	3796
20	26	-17940
20	27	13860
20	28	-804
20	29	-1372
20	30	-556
20	31	4636
20	32	7196
20	33	5996
21	22	-8580
21	23	-1508
21	24	-4748
21	25	10460
21	26	-1484
21	27	2028
21	28	-2844
21	29	-3956
21	30	-7764
21	31	-6652
21	32	4612
21	33	-9916
22	23	7764
22	24	-6132
22	25	420
22	26	13724
22	27	-9644
22	28	5836
22	29	964
22	30	148
22	31	396
22	32	-7604
22	33	3660
23	24	940
23	25	2596
23	26	2300
23	27	-7468
23	28	3660
23	29	3140
23	30	-6924
23	31	2844
23	32	3820
23	33	6108
24	25	-964
24	26	692
24	27	4476
24	28	-668
24	29	-1508
24	30	-692
24	31	148
24	32	-6812
24	33	-3116
25	26	-4228
25	27	-5564
25	28	-2868
25	29	420
25	30	-396
25	31	10188
25	32	5724
25	33	-5044
26	27	-8036
26	28	-2028
26	29	-148
26	30	-3956
26	31	-5836
26	32	-5452
26	33	148
27	28	-2052
27	29	8852
27	30	-1212
27	31	-2868
27	32	284
27	33	5020
28	29	1212
28	30	11276
28	31	-2572
28	32	5156
28	33	8036
29	30	148
29	31	5020
29	32	1644
29	33	12908
30	31	5836
30	32	-8420
30	33	-148
31	32	8964
31	33	-5020
32	33	7604
