0	1	2028
0	2	8556
0	3	-148
0	4	1916
0	5	4204
0	6	3660
0	7	-5860
0	8	2436
0	9	-3524
0	10	-9508
0	11	-6244
0	12	2324
0	13	-9396
0	14	148
0	15	-1484
0	16	4636
0	17	-1620
0	18	4908
0	19	-396
0	20	-2436
0	21	-3548
0	22	10460
0	23	-8172
0	24	-2868
0	25	6380
0	26	-2300
0	27	2572
0	28	-6380
0	29	-1212
0	30	-4228
0	31	4340
0	32	8284
0	33	3276
1	2	-940
1	3	3140
1	4	8964
1	5	3412
1	6	3956
1	7	-9644
1	8	5180
1	9	5156
1	10	15764
1	11	-10620
1	12	-692
1	13	-1484
1	14	1484
1	15	3116
1	16	6244
1	17	-10620
1	18	-3276
1	19	2028
1	20	-556
1	21	-16580
1	22	-7468
1	23	-11956
1	24	-3388
1	25	1236
1	26	-692
1	27	-4204
1	28	3388
1	29	-6404
1	30	-2028
1	31	-1348
1	32	8580
1	33	-10892
2	3	-8012
2	4	-3004
2	5	-3116
2	6	-11820
2	7	-2300
2	8	-5972
2	9	2436
2	10	-10076
2	11	5156
2	12	1212
2	13	-17260
2	14	-1236
2	15	-4228
2	16	-1100
2	17	-8716
2	18	-5996
2	19	8556
2	20	-3276
2	21	12
2	22	4500
2	23	12
2	24	-5292
2	25	-9916
2	26	-3412
2	27	3140
2	28	-3956
2	29	124
2	30	5316
2	31	-7876
2	32	6676
2	33	4884
3	4	2164
3	5	964
3	6	6132
3	7	-2844
3	8	7356
3	9	-1644
3	10	8964
3	11	-8172
3	12	-7492
3	13	5316
3	14	3932
3	15	940
3	16	8692
3	17	1076
3	18	-828
3	19	-148
3	20	-2732
3	21	-14404
3	22	-668
3	23	-9780
3	24	-15084
3	25	8036
3	26	6380
3	27	-6652
3	28	5836
3	29	-13204
3	30	148
3	31	-8420
3	32	-3116
3	33	-3820
4	5	1892
4	6	5972
4	7	5700
4	8	4748
4	9	3412
4	10	11300
4	11	692
4	12	-4612
4	13	2164
4	14	2460
4	15	-3796
4	16	2324
4	17	-13180
4	18	2596
4	19	6540
4	20	-124
4	21	-1236
4	22	-1100
4	23	-1236
4	24	-5180
4	25	4068
4	26	4636
4	27	14132
4	28	5180
4	29	-3524
4	30	2708
4	31	11276
4	32	5972
4	33	5588
5	6	-2844
5	7	-2572
5	8	7628
5	9	-1916
5	10	4068
5	11	5428
5	12	10732
5	13	964
5	14	12908
5	15	-13204
5	16	-10076
5	17	5428
5	18	-1100
5	19	-420
5	20	6244
5	21	4364
5	22	-5020
5	23	-9508
5	24	-5564
5	25	17556
5	26	-3140
5	27	-1756
5	28	10188
5	29	396
5	30	-4204
5	31	1100
5	32	1780
5	33	9780
6	7	-6652
6	8	8172
6	9	-2460
6	10	3524
6	11	260
6	12	940
6	13	-3116
6	14	12364
6	15	-4500
6	16	3252
6	17	260
6	18	7604
6	19	3660
6	20	5700
6	21	-13588
6	22	148
6	23	284
6	24	-396
6	25	4228
6	26	-8308
6	27	3412
6	28	14268
6	29	-4772
6	30	5588
6	31	-2980
6	32	6948
6	33	-4636
7	8	-5428
7	9	6516
7	10	7876
7	11	9236
7	12	5292
7	13	15652
7	14	-11028
7	15	-4772
7	16	-10892
7	17	-12
7	18	-1916
7	19	8012
7	20	5428
7	21	5180
7	22	-4204
7	23	5180
7	24	9124
7	25	-124
7	26	5292
7	27	3684
7	28	-4500
7	29	-420
7	30	-3388
7	31	1916
7	32	-6652
7	33	18212
8	9	940
8	10	6924
8	11	-5588
8	12	-284
8	13	-6516
8	14	11140
8	15	-1100
8	16	2028
8	17	-964
8	18	-7492
8	19	7060
8	20	-4772
8	21	-7740
8	22	-12500
8	23	1508
8	24	828
8	25	828
8	26	-9532
8	27	-4612
8	28	13044
8	29	7876
8	30	-2436
8	31	7492
8	32	-1076
8	33	3388
9	10	5860
9	11	4500
9	12	-10052
9	13	-1644
9	14	-7604
9	15	13884
9	16	-3116
9	17	-4748
9	18	-2844
9	19	1100
9	20	-19436
9	21	4204
9	22	8964
9	23	-420
9	24	-8988
9	25	14132
9	26	3820
9	27	1076
9	28	8988
9	29	4908
9	30	3524
9	31	-1780
9	32	11412
9	33	4772
10	11	-6108
10	12	-2164
10	13	8964
10	14	284
10	15	-1348
10	16	-4476
10	17	-10732
10	18	-4204
10	19	4364
10	20	-2300
10	21	940
10	22	-12796
10	23	940
10	24	-3004
10	25	-3004
10	26	7084
10	27	-6812
10	28	-1620
10	29	-5700
10	30	260
10	31	-420
10	32	-5724
10	33	-5836
11	12	5724
11	13	-3548
11	14	-1076
11	15	-2708
11	16	-5836
11	17	6404
11	18	-5564
11	19	3004
11	20	-3660
11	21	11548
11	22	11684
11	23	-2324
11	24	-1644
11	25	2980
11	26	-8148
11	27	17668
11	28	1644
11	29	-2436
11	30	1620
11	31	-8308
11	32	260
11	33	6676
12	13	-2868
12	14	16740
12	15	-3388
12	16	-6516
12	17	1100
12	18	7628
12	19	6948
12	20	4908
12	21	2980
12	22	-1508
12	23	-1644
12	24	3660
12	25	12908
12	26	-8828
12	27	4476
12	28	5588
12	29	-12364
12	30	11548
12	31	1620
12	32	5564
12	33	1372
13	14	-9940
13	15	-3684
13	16	-5180
13	17	1076
13	18	8420
13	19	-148
13	20	1892
13	21	-532
13	22	-9916
13	23	-5156
13	24	8036
13	25	-1212
13	26	6380
13	27	-6652
13	28	-3412
13	29	5292
13	30	-9100
13	31	828
13	32	-7740
13	33	5428
14	15	-940
14	16	556
14	17	-1076
14	18	828
14	19	9396
14	20	2732
14	21	532
14	22	-8580
14	23	-4092
14	24	-3412
14	25	10460
14	26	-11004
14	27	2028
14	28	3412
14	29	-9916
14	30	9100
14	31	-828
14	32	12364
14	33	-5428
15	16	3548
15	17	6540
15	18	3820
15	19	-10732
15	20	-12772
15	21	6788
15	22	11548
15	23	-2460
15	24	7468
15	25	-1780
15	26	-3388
15	27	-964
15	28	-2844
15	29	-2300
15	30	10732
15	31	804
15	32	9372
15	33	-7060
16	17	-5836
16	18	-3932
16	19	-4612
16	20	-2028
16	21	-3956
16	22	10052
16	23	668
16	24	-7900
16	25	5972
16	26	7356
16	27	11412
16	28	-5972
16	29	-804
16	30	-4636
16	31	-692
16	32	-1372
16	33	-10188
17	18	-940
17	19	-10868
17	20	964
17	21	6924
17	22	2436
17	23	6924
17	24	7604
17	25	-1644
17	26	1100
17	27	-5452
17	28	-2980
17	29	-2436
17	30	1620
17	31	10188
17	32	-8988
17	33	6676
18	19	-4340
18	20	2868
18	21	-4228
18	22	5156
18	23	396
18	24	-3548
18	25	5700
18	26	3004
18	27	11140
18	28	-1076
18	29	-532
18	30	8964
18	31	3660
18	32	12228
18	33	-5292
19	20	-7060
19	21	-8172
19	22	-3412
19	23	-3548
19	24	6380
19	25	1756
19	26	-6924
19	27	2572
19	28	2868
19	29	-5836
19	30	396
19	31	-4908
19	32	3660
19	33	3276
20	21	-6132
20	22	-15244
20	23	12364
20	24	-828
20	25	-828
20	26	-4340
20	27	-12
20	28	-3796
20	29	-3252
20	30	-2188
20	31	-2868
20	32	-8172
20	33	-3388
21	22	7356
21	23	2868
21	24	2188
21	25	2188
21	26	2980
21	27	1372
21	28	-6812
21	29	6516
21	30	3548
21	31	4228
21	32	-4340
21	33	2028
22	23	-11140
22	24	-2572
22	25	11300
22	26	3116
22	27	5860
22	28	-2052
22	29	-2596
22	30	-1212
22	31	-5156
22	32	4772
22	33	-2460
23	24	2188
23	25	-7060
23	26	7604
23	27	5996
23	28	-6812
23	29	6516
23	30	8172
23	31	4228
23	32	-8964
23	33	2028
24	25	-16988
24	26	-964
24	27	-3932
24	28	-1508
24	29	11820
24	30	2868
24	31	3548
24	32	-5020
24	33	11956
25	26	3660
25	27	5316
25	28	12364
25	29	-11300
25	30	-1756
25	31	-1076
25	32	8852
25	33	-1916
26	27	9100
26	28	-3660
26	29	-3116
26	30	-2324
26	31	1620
26	32	-8308
26	33	-3252
27	28	-692
27	29	-1236
27	30	11300
27	31	2732
27	32	3412
27	33	-1100
28	29	-2572
28	30	6380
28	31	-3548
28	32	9644
28	33	6540
29	30	5836
29	31	532
29	32	-9396
29	33	7084
30	31	-8964
30	32	5588
30	33	-3276
31	32	-7604
31	33	9916
32	33	4612
