0	1	7604
0	2	-5020
0	3	9780
0	4	-2868
0	5	2868
0	6	-668
0	7	-5700
0	8	1892
0	9	-11980
0	10	804
0	11	10212
0	12	8964
0	13	7196
0	14	-1236
0	15	-1484
0	16	-7876
0	17	-3548
0	18	5428
0	19	2708
0	20	-556
0	21	-3820
0	22	-3252
0	23	-3004
0	24	-10348
0	25	11820
0	26	-1644
0	27	-1212
0	28	2732
0	29	-1508
0	30	4884
0	31	-964
0	32	1620
0	33	6244
1	2	-1372
1	3	-3388
1	4	9260
1	5	4612
1	6	-1100
1	7	-692
1	8	-124
1	9	-124
1	10	10212
1	11	-7356
1	12	6676
1	13	-5428
1	14	-1620
1	15	-284
1	16	1484
1	17	-8556
1	18	-3660
1	19	-940
1	20	-2300
1	21	-3660
1	22	1484
1	23	-13724
1	24	-6380
1	25	-804
1	26	3412
1	27	4068
1	28	124
1	29	3276
1	30	-7740
1	31	7356
1	32	148
1	33	-13724
2	3	-3820
2	4	2028
2	5	-11276
2	6	3684
2	7	-10596
2	8	11412
2	9	6788
2	10	1076
2	11	-3932
2	12	-9260
2	13	-1780
2	14	-10212
2	15	-1756
2	16	1100
2	17	-3276
2	18	-8172
2	19	-1644
2	20	8964
2	21	10324
2	22	-8148
2	23	1892
2	24	8420
2	25	2844
2	26	3252
2	27	12388
2	28	7084
2	29	-5860
2	30	-4092
2	31	8556
2	32	-2732
2	33	6516
3	4	2460
3	5	2164
3	6	-3548
3	7	-3140
3	8	-16172
3	9	-6924
3	10	3412
3	11	-556
3	12	4500
3	13	1644
3	14	-8420
3	15	-7356
3	16	-964
3	17	7764
3	18	-1212
3	19	6132
3	20	4772
3	21	-5836
3	22	3660
3	23	-2028
3	24	-13180
3	25	-2980
3	26	-3388
3	27	6244
3	28	6924
3	29	10348
3	30	3956
3	31	-8692
3	32	-2028
3	33	-2028
4	5	8012
4	6	2300
4	7	11956
4	8	-3524
4	9	-8148
4	10	-2436
4	11	668
4	12	12524
4	13	5044
4	14	-5020
4	15	7740
4	16	4884
4	17	-7332
4	18	6812
4	19	-4340
4	20	12796
4	21	-2436
4	22	4884
4	23	-3252
4	24	-532
4	25	420
4	26	12
4	27	12092
4	28	3524
4	29	-124
4	30	2732
4	31	8580
4	32	-12500
4	33	1372
5	6	2324
5	7	1916
5	8	-14972
5	9	-5724
5	10	-2188
5	11	-5292
5	12	1348
5	13	13452
5	14	396
5	15	-3116
5	16	-14132
5	17	-11164
5	18	11684
5	19	-284
5	20	5700
5	21	-6812
5	22	-260
5	23	3252
5	24	532
5	25	13452
5	26	-12
5	27	-2844
5	28	-3524
5	29	-4500
5	30	1892
5	31	-13204
5	32	-5996
5	33	3252
6	7	7628
6	8	7060
6	9	-2188
6	10	-7900
6	11	5044
6	12	-13612
6	13	16988
6	14	-692
6	15	2596
6	16	828
6	17	-3004
6	18	1348
6	19	3252
6	20	9236
6	21	10596
6	22	-3796
6	23	6788
6	24	4068
6	25	3116
6	26	8148
6	27	2868
6	28	-2436
6	29	-964
6	30	5428
6	31	8828
6	32	-7084
6	33	11412
7	8	-1780
7	9	-6404
7	10	1756
7	11	9260
7	12	-3956
7	13	8148
7	14	-284
7	15	-2436
7	16	-4204
7	17	2028
7	18	-2868
7	19	-964
7	20	-4228
7	21	-2868
7	22	5044
7	23	7196
7	24	9100
7	25	-1100
7	26	8556
7	27	-6788
7	28	1780
7	29	-556
7	30	5836
7	31	9236
7	32	-2052
7	33	2572
8	9	-3660
8	10	-2572
8	11	14676
8	12	-1484
8	13	-4340
8	14	-532
8	15	-5996
8	16	5020
8	17	-2844
8	18	-7196
8	19	9396
8	20	-10460
8	21	2052
8	22	-8852
8	23	5860
8	24	-668
8	25	284
8	26	9124
8	27	2980
8	28	3660
8	29	-9508
8	30	-2028
8	31	3820
8	32	10484
8	33	1236
9	10	-7196
9	11	-13068
9	12	-1484
9	13	-13588
9	14	-532
9	15	3252
9	16	9644
9	17	1780
9	18	-16444
9	19	-9100
9	20	3412
9	21	6676
9	22	-4228
9	23	5860
9	24	-668
9	25	-4340
9	26	4500
9	27	-1644
9	28	-5588
9	29	-260
9	30	-11276
9	31	-5428
9	32	1236
9	33	-3388
10	11	4340
10	12	4228
10	13	-3252
10	14	-8692
10	15	6788
10	16	-692
10	17	-6380
10	18	-10732
10	19	1236
10	20	-4748
10	21	7764
10	22	3932
10	23	-2300
10	24	420
10	25	1372
10	26	-3660
10	27	1892
10	28	2572
10	29	-8420
10	30	-940
10	31	4908
10	32	6948
10	33	-6924
11	12	12500
11	13	-3140
11	14	2300
11	15	-5020
11	16	-2164
11	17	-12
11	18	-284
11	19	10868
11	20	-1644
11	21	-4908
11	22	-2164
11	23	9780
11	24	-2188
11	25	1484
11	26	1892
11	27	-4748
11	28	8444
11	29	-7220
11	30	13044
11	31	2572
11	32	9780
11	33	5156
12	13	-16036
12	14	-2980
12	15	5700
12	16	7468
12	17	-668
12	18	-396
12	19	2324
12	20	-3660
12	21	-9644
12	22	-1780
12	23	-10460
12	24	-7740
12	25	-11412
12	26	2052
12	27	10052
12	28	-7764
12	29	1916
12	30	148
12	31	-7876
12	32	8036
12	33	-1212
13	14	8036
13	15	3932
13	16	-8172
13	17	-8148
13	18	15244
13	19	-532
13	20	-1892
13	21	10620
13	22	14948
13	23	5180
13	24	3276
13	25	8852
13	26	-10052
13	27	-5588
13	28	-9532
13	29	-10188
13	30	1916
13	31	7764
13	32	-13316
13	33	14428
14	15	4748
14	16	1892
14	17	14156
14	18	9804
14	19	3276
14	20	-7332
14	21	-8692
14	22	11140
14	23	-260
14	24	7084
14	25	-10460
14	26	-6244
14	27	-9396
14	28	-8716
14	29	-1756
14	30	-8148
14	31	-6924
14	32	-4884
14	33	-4884
15	16	12
15	17	11684
15	18	-7084
15	19	-5180
15	20	804
15	21	11412
15	22	4636
15	23	-6268
15	24	9508
15	25	-5316
15	26	-9532
15	27	2052
15	28	-12500
15	29	-9396
15	30	-3004
15	31	14268
15	32	-1644
15	33	2980
16	17	4204
16	18	-692
16	19	10460
16	20	-6676
16	21	3932
16	22	2868
16	23	4748
16	24	2028
16	25	-17420
16	26	1484
16	27	9532
16	28	-5020
16	29	6244
16	30	-10484
16	31	-2460
16	32	4748
16	33	-4500
17	18	-11004
17	19	10212
17	20	-5020
17	21	-6380
17	22	-420
17	23	2052
17	24	9396
17	25	-17396
17	26	692
17	27	2164
17	28	-1780
17	29	5180
17	30	-1212
17	31	-4612
17	32	-2572
17	33	-7196
18	19	1236
18	20	-4748
18	21	-6108
18	22	8556
18	23	-2300
18	24	-4204
18	25	1372
18	26	-8284
18	27	-2732
18	28	-2052
18	29	10076
18	30	-940
18	31	-4340
18	32	-6924
18	33	6948
19	20	-6652
19	21	-8012
19	22	1212
19	23	5044
19	24	-1484
19	25	-14404
19	26	3684
19	27	8420
19	28	4476
19	29	-1076
19	30	-2844
19	31	-10868
19	32	5044
19	33	5044
20	21	-124
20	22	-2052
20	23	-940
20	24	-2844
20	25	11980
20	26	-2300
20	27	5156
20	28	5836
20	29	-2436
20	30	9668
20	31	1644
20	32	-10188
20	33	3684
21	22	3932
21	23	2324
21	24	5044
21	25	5996
21	26	964
21	27	1892
21	28	2572
21	29	-3796
21	30	-10188
21	31	14156
21	32	-11548
21	33	6948
22	23	4748
22	24	-7220
22	25	-8172
22	26	-12388
22	27	-8964
22	28	-9644
22	29	-7628
22	30	3388
22	31	2164
22	32	124
22	33	124
23	24	4228
23	25	-4068
23	26	148
23	27	-1916
23	28	3388
23	29	-13860
23	30	7492
23	31	-532
23	32	10756
23	33	-3116
24	25	-5972
24	26	-6380
24	27	-12
24	28	668
24	29	-6516
24	30	-3660
24	31	6812
24	32	-396
24	33	4228
25	26	3820
25	27	-10212
25	28	8964
25	29	-5564
25	30	6540
25	31	-1484
25	32	-8692
25	33	9804
26	27	8692
26	28	124
26	29	3276
26	30	-3116
26	31	-6516
26	32	-4476
26	33	-4476
27	28	1644
27	29	8828
27	30	-3276
27	31	4748
27	32	-1916
27	33	-1916
28	29	14132
28	30	-2596
28	31	5428
28	32	-1236
28	33	3388
29	30	-7876
29	31	-2028
29	32	-4612
29	33	-4612
30	31	828
30	32	2868
30	33	-1756
31	32	-532
31	33	4092
32	33	-7740
