0	1	-640
0	2	448
0	3	1376
0	4	-928
0	5	-640
0	6	2368
0	7	3520
0	8	-704
0	9	736
0	10	1504
0	11	448
0	12	224
0	13	224
0	14	-1280
0	15	512
0	16	704
0	17	736
0	18	-1280
0	19	-512
0	20	1376
0	21	320
0	22	-640
0	23	-448
1	2	3328
1	3	3104
1	4	800
1	5	1088
1	6	-1664
1	7	1792
1	8	-128
1	9	-992
1	10	-224
1	11	1024
1	12	-352
1	13	-352
1	14	1600
1	15	2240
1	16	-4480
1	17	-3296
1	18	-704
1	19	2368
1	20	-1504
1	21	-256
1	22	-3520
1	23	1280
2	3	3616
2	4	1312
2	5	-1280
2	6	-448
2	7	3008
2	8	2624
2	9	-1120
2	10	-1888
2	11	3776
2	12	2464
2	13	160
2	14	-1408
2	15	2176
2	16	-2624
2	17	-1120
2	18	-1408
2	19	128
2	20	-3296
2	21	64
2	22	-1280
2	23	3136
3	4	512
3	5	-1504
3	6	928
3	7	4384
3	8	160
3	9	1600
3	10	64
3	11	1312
3	12	1664
3	13	1664
3	14	-416
3	15	1952
3	16	-2464
3	17	-704
3	18	-2720
3	19	2656
3	20	-1792
3	21	-544
3	22	-1504
3	23	3296
4	5	-1504
4	6	928
4	7	-224
4	8	2464
4	9	-3008
4	10	64
4	11	-992
4	12	1664
4	13	1664
4	14	-416
4	15	-2656
4	16	-2464
4	17	-704
4	18	-416
4	19	2656
4	20	512
4	21	-544
4	22	-1504
4	23	992
5	6	640
5	7	-512
5	8	-2432
5	9	-992
5	10	2080
5	11	1024
5	12	-352
5	13	-2656
5	14	1600
5	15	-64
5	16	-2176
5	17	-3296
5	18	1600
5	19	64
5	20	800
5	21	2048
5	22	1088
5	23	-3328
6	7	1088
6	8	704
6	9	-736
6	10	800
6	11	-448
6	12	-224
6	13	2080
6	14	-1024
6	15	-2816
6	16	-704
6	17	1568
6	18	-3328
6	19	512
6	20	928
6	21	4288
6	22	640
6	23	-1856
7	8	-448
7	9	2720
7	10	1952
7	11	3008
7	12	3232
7	13	928
7	14	-2176
7	15	2944
7	16	-1856
7	17	-1888
7	18	-2176
7	19	1664
7	20	-224
7	21	-1472
7	22	-512
7	23	1600
8	9	-2272
8	10	-736
8	11	320
8	12	1312
8	13	3616
8	14	-256
8	15	1024
8	16	-1472
8	17	32
8	18	-256
8	19	-1024
8	20	160
8	21	1216
8	22	-128
8	23	-320
9	10	128
9	11	1184
9	12	448
9	13	448
9	14	-1696
9	15	2464
9	16	2272
9	17	896
9	18	-1696
9	19	-160
9	20	-704
9	21	-1952
9	22	1312
9	23	1120
10	11	-1888
10	12	1216
10	13	1216
10	14	2144
10	15	928
10	16	-1568
10	17	-2176
10	18	2144
10	19	1376
10	20	4672
10	21	-1184
10	22	2080
10	23	-2720
11	12	2464
11	13	-2144
11	14	-3712
11	15	2176
11	16	-320
11	17	-1120
11	18	-1408
11	19	-2176
11	20	-3296
11	21	64
11	22	1024
11	23	832
12	13	512
12	14	-1568
12	15	800
12	16	-1312
12	17	-1856
12	18	736
12	19	1504
12	20	-640
12	21	-1696
12	22	1952
12	23	2144
13	14	736
13	15	800
13	16	-1312
13	17	448
13	18	-1568
13	19	1504
13	20	1664
13	21	608
13	22	-352
13	23	-160
14	15	448
14	16	-2048
14	17	-1696
14	18	2624
14	19	1856
14	20	1888
14	21	640
14	22	-704
14	23	-896
15	16	-1024
15	17	-2144
15	18	448
15	19	-1088
15	20	-352
15	21	-1408
15	22	-64
15	23	128
16	17	4576
16	18	256
16	19	-3584
16	20	-160
16	21	-1216
16	22	2432
16	23	320
17	18	-1696
17	19	-2464
17	20	-704
17	21	352
17	22	1312
17	23	1120
18	19	-448
18	20	1888
18	21	-1664
18	22	1600
18	23	-896
19	20	352
19	21	-896
19	22	-2240
19	23	2176
20	21	-544
20	22	800
20	23	-3616
21	22	-256
21	23	-2368
22	23	-1024
