0	1	388
0	2	-292
0	3	2972
0	4	1252
0	5	1724
0	6	572
0	7	-196
0	8	-3556
0	9	-1532
0	10	388
0	11	2788
0	12	-196
0	13	-956
0	14	1724
0	15	1732
0	16	1540
0	17	668
0	18	-572
0	19	-676
0	20	-476
0	21	-292
0	22	1252
0	23	1636
1	2	1060
1	3	100
1	4	-2020
1	5	-956
1	6	2500
1	7	964
1	8	2020
1	9	764
1	10	1148
1	11	3356
1	12	-1340
1	13	-2116
1	14	1348
1	15	-2500
1	16	-4
1	17	-2204
1	18	2108
1	19	-860
1	20	-292
1	21	1060
1	22	-4324
1	23	2204
2	3	-4
2	4	-380
2	5	1052
2	6	-100
2	7	1436
2	8	380
2	9	-860
2	10	3364
2	11	1156
2	12	-3172
2	13	-284
2	14	1052
2	15	100
2	16	-2396
2	17	-2308
2	18	-2204
2	19	-1348
2	20	196
2	21	-3268
2	22	-380
2	23	4
3	4	964
3	5	-292
3	6	860
3	7	-2212
3	8	-964
3	9	484
3	10	100
3	11	2500
3	12	92
3	13	-3548
3	14	-292
3	15	1444
3	16	1252
3	17	-1348
3	18	1444
3	19	-2692
3	20	1540
3	21	2300
3	22	-1340
3	23	-956
4	5	-92
4	6	-1244
4	7	-2780
4	8	580
4	9	-4708
4	10	-2020
4	11	-2116
4	12	-2780
4	13	-676
4	14	2212
4	15	1244
4	16	3740
4	17	964
4	18	-1060
4	19	4
4	20	1148
4	21	-380
4	22	1724
4	23	-3268
5	6	-2692
5	7	-1156
5	8	-4516
5	9	-572
5	10	3652
5	11	-860
5	12	1148
5	13	4
5	14	764
5	15	388
5	16	196
5	17	-292
5	18	-4220
5	19	2972
5	20	484
5	21	-3556
5	22	2212
5	23	292
6	7	-4
6	8	1244
6	9	580
6	10	196
6	11	2596
6	12	-2308
6	13	1156
6	14	1916
6	15	-3068
6	16	-956
6	17	-1444
6	18	3844
6	19	-484
6	20	-668
6	21	2204
6	22	-1244
6	23	1444
7	8	476
7	9	1348
7	10	-1340
7	11	1060
7	12	1532
7	13	1924
7	14	-1156
7	15	2308
7	16	-2492
7	17	92
7	18	4
7	19	-1252
7	20	-2204
7	21	-868
7	22	-476
7	23	4516
8	9	100
8	10	-2588
8	11	-188
8	12	-1828
8	13	-1628
8	14	92
8	15	-1244
8	16	868
8	17	-964
8	18	3364
8	19	-2308
8	20	1156
8	21	2684
8	22	-4028
8	23	-1340
9	10	764
9	11	668
9	12	3652
9	13	-196
9	14	-2876
9	15	-580
9	16	-2692
9	17	-1820
9	18	1724
9	19	-476
9	20	-676
9	21	1444
9	22	-2404
9	23	1820
10	11	1052
10	12	-1340
10	13	188
10	14	1348
10	15	-2500
10	16	-2308
10	17	-2204
10	18	-2500
10	19	1444
10	20	-292
10	21	-3548
10	22	284
10	23	-100
11	12	-1244
11	13	-2212
11	14	1444
11	15	-292
11	16	-100
11	17	196
11	18	2012
11	19	-3068
11	20	-388
11	21	1156
11	22	-2116
11	23	2108
12	13	-380
12	14	-3460
12	15	2308
12	16	-188
12	17	92
12	18	4
12	19	1052
12	20	100
12	21	1436
12	22	-476
12	23	2212
13	14	4
13	15	-1156
13	16	-3268
13	17	1060
13	18	-1156
13	19	2404
13	20	-3556
13	21	-2588
13	22	3932
13	23	1244
14	15	-1916
14	16	2500
14	17	-292
14	18	388
14	19	668
14	20	484
14	21	-1252
14	22	-92
14	23	292
15	16	956
15	17	1444
15	18	-1540
15	19	-1820
15	20	668
15	21	100
15	22	1244
15	23	860
16	17	1252
16	18	956
16	19	292
16	20	3164
16	21	2212
16	22	-868
16	23	-1252
17	18	-860
17	19	-388
17	20	-764
17	21	-4
17	22	3268
17	23	-956
18	19	-1820
18	20	668
18	21	4708
18	22	-3364
18	23	860
19	20	580
19	21	-1348
19	22	2308
19	23	388
20	21	2500
20	22	-1156
20	23	-1540
21	22	-2684
21	23	4
22	23	-964
