0	1	-3520
0	2	224
0	3	-64
0	4	-1472
0	5	2432
0	6	928
0	7	224
0	8	800
0	9	544
0	10	1184
0	11	608
0	12	32
0	13	1184
0	14	1408
0	15	32
0	16	2720
0	17	64
0	18	1280
0	19	2336
0	20	1408
0	21	-2272
0	22	-128
0	23	1568
1	2	1888
1	3	-128
1	4	1664
1	5	-2624
1	6	1568
1	7	1888
1	8	-992
1	9	-352
1	10	928
1	11	-800
1	12	-224
1	13	-1376
1	14	1088
1	15	2080
1	16	-608
1	17	128
1	18	-1472
1	19	-224
1	20	1088
1	21	-224
1	22	2624
1	23	544
2	3	736
2	4	800
2	5	544
2	6	-1600
2	7	448
2	8	-128
2	9	-1216
2	10	-512
2	11	64
2	12	-1664
2	13	-512
2	14	4832
2	15	640
2	16	2560
2	17	-736
2	18	-608
2	19	640
2	20	2528
2	21	-1664
2	22	1760
2	23	-896
3	4	2816
3	5	-1472
3	6	416
3	7	3040
3	8	-2144
3	9	3104
3	10	-224
3	11	-1952
3	12	928
3	13	-2528
3	14	-64
3	15	928
3	16	544
3	17	-1024
3	18	-2624
3	19	928
3	20	-64
3	21	928
3	22	-832
3	23	1696
4	5	704
4	6	352
4	7	800
4	8	-928
4	9	-32
4	10	1760
4	11	1184
4	12	608
4	13	-544
4	14	832
4	15	-1696
4	16	-1312
4	17	-512
4	18	-2752
4	19	608
4	20	832
4	21	2912
4	22	1600
4	23	-160
5	6	-1696
5	7	-1760
5	8	2272
5	9	-1312
5	10	-416
5	11	2464
5	12	-1568
5	13	1888
5	14	2432
5	15	-3872
5	16	352
5	17	-832
5	18	-512
5	19	736
5	20	128
5	21	736
5	22	-640
5	23	-800
6	7	3008
6	8	1280
6	9	64
6	10	1664
6	11	1088
6	12	2816
6	13	-640
6	14	-1376
6	15	2816
6	16	-1408
6	17	1888
6	18	-544
6	19	512
6	20	928
6	21	-1792
6	22	1696
6	23	2048
7	8	-128
7	9	3392
7	10	-512
7	11	-2240
7	12	640
7	13	-2816
7	14	224
7	15	2944
7	16	256
7	17	-736
7	18	-2912
7	19	640
7	20	224
7	21	-1664
7	22	-544
7	23	3712
8	9	-2944
8	10	-1088
8	11	4096
8	12	64
8	13	1216
8	14	800
8	15	64
8	16	-2624
8	17	-160
8	18	-1184
8	19	-2240
8	20	800
8	21	-2240
8	22	32
8	23	-1472
9	10	-256
9	11	-5440
9	12	-1408
9	13	-2560
9	14	-1760
9	15	896
9	16	1280
9	17	-3104
9	18	-2464
9	19	896
9	20	-1760
9	21	896
9	22	-3296
9	23	4736
10	11	1408
10	12	1984
10	13	832
10	14	-1120
10	15	-320
10	16	-704
10	17	224
10	18	736
10	19	-320
10	20	3488
10	21	1984
10	22	2720
10	23	448
11	12	2560
11	13	1408
11	14	608
11	15	-2048
11	16	-2432
11	17	1952
11	18	1312
11	19	-2048
11	20	2912
11	21	256
11	22	2144
11	23	-3584
12	13	-320
12	14	-2272
12	15	832
12	16	-1856
12	17	3680
12	18	1888
12	19	-1472
12	20	2336
12	21	832
12	22	1568
12	23	-704
13	14	1184
13	15	-320
13	16	-704
13	17	2528
13	18	736
13	19	1984
13	20	-1120
13	21	-320
13	22	2720
13	23	-1856
14	15	32
14	16	2720
14	17	64
14	18	-1024
14	19	2336
14	20	1408
14	21	-2272
14	22	2176
14	23	-736
15	16	448
15	17	1376
15	18	-416
15	19	832
15	20	32
15	21	-3776
15	22	1568
15	23	1600
16	17	-544
16	18	1504
16	19	2752
16	20	416
16	21	-1856
16	22	-352
16	23	1216
17	18	2624
17	19	1376
17	20	64
17	21	-928
17	22	3136
17	23	-1696
18	19	-416
18	20	1280
18	21	-416
18	22	512
18	23	-1952
19	20	-2272
19	21	-1472
19	22	1568
19	23	1600
20	21	32
20	22	2176
20	23	-736
21	22	-736
21	23	-704
22	23	-1504
