0	1	-1380
0	2	3300
0	3	-3012
0	4	-3708
0	5	-708
0	6	-636
0	7	-348
0	8	1860
0	9	828
0	10	-1860
0	11	-3228
0	12	-2460
0	13	-900
0	14	4164
0	15	-3036
0	16	-636
0	17	-3492
0	18	252
0	19	900
0	20	-1404
0	21	132
0	22	1860
0	23	324
1	2	516
1	3	-228
1	4	-1884
1	5	-228
1	6	1188
1	7	-828
1	8	1380
1	9	1308
1	10	924
1	11	900
1	12	1668
1	13	-420
1	14	-924
1	15	3396
1	16	-1116
1	17	-708
1	18	-1572
1	19	420
1	20	420
1	21	-348
1	22	-924
1	23	-156
2	3	-2460
2	4	-2340
2	5	-156
2	6	1500
2	7	-1092
2	8	1308
2	9	-1692
2	10	996
2	11	-2820
2	12	-1284
2	13	36
2	14	1308
2	15	-708
2	16	1500
2	17	-1980
2	18	-1116
2	19	-2340
2	20	-36
2	21	732
2	22	-996
2	23	-1764
3	4	4356
3	5	2748
3	6	516
3	7	3108
3	8	708
3	9	-324
3	10	-708
3	11	2532
3	12	-1308
3	13	2556
3	14	-1596
3	15	420
3	16	-1788
3	17	2268
3	18	-900
3	19	2052
3	20	2052
3	21	-1020
3	22	708
3	23	-828
4	5	2052
4	6	1596
4	7	3612
4	8	-900
4	9	516
4	10	900
4	11	1884
4	12	1116
4	13	2244
4	14	-3204
4	15	-612
4	16	-708
4	17	2532
4	18	1092
4	19	60
4	20	60
4	21	828
4	22	-900
4	23	636
5	6	516
5	7	804
5	8	3012
5	9	-324
5	10	-3012
5	11	228
5	12	-1308
5	13	2556
5	14	708
5	15	420
5	16	-1788
5	17	2268
5	18	-3204
5	19	2052
5	20	-252
5	21	1284
5	22	-1596
5	23	-828
6	7	540
6	8	-1668
6	9	1284
6	10	1668
6	11	1116
6	12	348
6	13	-1596
6	14	-1668
6	15	-1380
6	16	828
6	17	-1308
6	18	-444
6	19	-708
6	20	1596
6	21	-2244
6	22	-1668
6	23	-2436
7	8	348
7	9	1572
7	10	-348
7	11	828
7	12	-2244
7	13	996
7	14	-1956
7	15	-1668
7	16	540
7	17	1284
7	18	-156
7	19	1308
7	20	1308
7	21	-228
7	22	348
7	23	-420
8	9	-828
8	10	-2748
8	11	-1380
8	12	-2148
8	13	3204
8	14	2748
8	15	732
8	16	-1668
8	17	1188
8	18	-2556
8	19	1404
8	20	-900
8	21	2172
8	22	444
8	23	-324
9	10	-1476
9	11	996
9	12	1764
9	13	-2820
9	14	-828
9	15	-1116
9	16	-1020
9	17	-804
9	18	636
9	19	2820
9	20	-1788
9	21	-252
9	22	-828
9	23	2244
10	11	-924
10	12	2148
10	13	-900
10	14	-2748
10	15	1572
10	16	1668
10	17	-1188
10	18	2556
10	19	-3708
10	20	900
10	21	132
10	22	-444
10	23	324
11	12	636
11	13	420
11	14	-1380
11	15	-1092
11	16	-1188
11	17	708
11	18	-732
11	19	1884
11	20	1884
11	21	-4260
11	22	924
11	23	-2148
12	13	-1116
12	14	-2148
12	15	2748
12	16	-1956
12	17	-828
12	18	2340
12	19	-1188
12	20	-3492
12	21	1884
12	22	-2148
12	23	3996
13	14	900
13	15	612
13	16	-1596
13	17	2076
13	18	-1092
13	19	-60
13	20	-60
13	21	1476
13	22	900
13	23	-636
14	15	-1572
14	16	-1668
14	17	-1116
14	18	-252
14	19	1404
14	20	-900
14	21	-132
14	22	2748
14	23	-324
15	16	-1380
15	17	900
15	18	-540
15	19	-612
15	20	-612
15	21	2460
15	22	-1572
15	23	2268
16	17	996
16	18	-444
16	19	-3012
16	20	1596
16	21	60
16	22	-1668
16	23	-2436
17	18	-1380
17	19	228
17	20	228
17	21	1764
17	22	-1116
17	23	-348
18	19	-1212
18	20	-1212
18	21	324
18	22	2052
18	23	2820
19	20	60
19	21	-1476
19	22	1404
19	23	636
20	21	-3780
20	22	1404
20	23	-3972
21	22	-2436
21	23	3708
22	23	-324
