0	1	-336
0	2	816
0	3	3504
0	4	-2640
0	5	432
0	6	-5136
0	7	-1392
0	8	-1680
0	9	1488
0	10	-2448
0	11	-2160
0	12	-624
0	13	144
0	14	-144
0	15	816
0	16	-624
0	17	-528
0	18	2160
0	19	2064
0	20	-144
0	21	-2064
0	22	-48
0	23	2160
1	2	-1104
1	3	816
1	4	1584
1	5	48
1	6	1392
1	7	-1008
1	8	1008
1	9	1872
1	10	2544
1	11	-240
1	12	-1008
1	13	-1776
1	14	-2832
1	15	432
1	16	-240
1	17	3696
1	18	1776
1	19	-624
1	20	2544
1	21	624
1	22	-1968
1	23	1776
2	3	-2640
2	4	-4176
2	5	3504
2	6	-2064
2	7	-2160
2	8	-2448
2	9	720
2	10	-912
2	11	-1392
2	12	144
2	13	-2928
2	14	624
2	15	1584
2	16	-1392
2	17	-2064
2	18	-1680
2	19	-1776
2	20	-912
2	21	-528
2	22	-3120
2	23	2928
3	4	-144
3	5	-912
3	6	-2256
3	7	-432
3	8	-144
3	9	1296
3	10	-1680
3	11	-624
3	12	144
3	13	336
3	14	-336
3	15	-1296
3	16	1104
3	17	48
3	18	1968
3	19	2064
3	20	624
3	21	240
3	22	528
3	23	-336
4	5	-1680
4	6	3888
4	7	336
4	8	624
4	9	-240
4	10	3696
4	11	3216
4	12	1680
4	13	3408
4	14	-3408
4	15	-2064
4	16	1872
4	17	3888
4	18	1200
4	19	-1008
4	20	1392
4	21	1008
4	22	1296
4	23	-3408
5	6	-1488
5	7	1104
5	8	-912
5	9	528
5	10	-144
5	11	144
5	12	912
5	13	-432
5	14	432
5	15	-528
5	16	336
5	17	-1488
5	18	-1872
5	19	528
5	20	-2448
5	21	-528
5	22	-240
5	23	2736
6	7	144
6	8	432
6	9	-432
6	10	3504
6	11	1104
6	12	-432
6	13	912
6	14	-912
6	15	432
6	16	-624
6	17	1776
6	18	-912
6	19	-3120
6	20	1200
6	21	3120
6	22	-1200
6	23	-3216
7	8	2256
7	9	-1488
7	10	-816
7	11	816
7	12	48
7	13	1776
7	14	2832
7	15	-816
7	16	1008
7	17	-2160
7	18	-1776
7	19	2736
7	20	-3120
7	21	-432
7	22	3888
7	23	528
8	9	528
8	10	1200
8	11	1104
8	12	336
8	13	-816
8	14	816
8	15	-528
8	16	720
8	17	432
8	18	816
8	19	720
8	20	-1104
8	21	-720
8	22	1296
8	23	816
9	10	2064
9	11	240
9	12	1776
9	13	-2256
9	14	-48
9	15	3216
9	16	1584
9	17	-432
9	18	4560
9	19	-2448
9	20	-240
9	21	2448
9	22	-2448
9	23	2256
10	11	1872
10	12	1104
10	13	720
10	14	-3024
10	15	240
10	16	-48
10	17	3504
10	18	1584
10	19	-3120
10	20	432
10	21	816
10	22	-1776
10	23	-720
11	12	3504
11	13	1584
11	14	-1584
11	15	-2544
11	16	4656
11	17	1104
11	18	720
11	19	-1488
11	20	-432
11	21	-816
11	22	1776
11	23	-1584
12	13	816
12	14	-816
12	15	-1776
12	16	3888
12	17	-432
12	18	1488
12	19	-720
12	20	-1200
12	21	720
12	22	1008
12	23	-816
13	14	-1008
13	15	-2352
13	16	240
13	17	912
13	18	-1008
13	19	1200
13	20	-1584
13	21	-1200
13	22	3120
13	23	-3312
14	15	2352
14	16	-240
14	17	-5520
14	18	-1296
14	19	1104
14	20	-3024
14	21	1200
14	22	1488
14	23	1008
15	16	-1584
15	17	-1872
15	18	2352
15	19	-2160
15	20	240
15	21	2160
15	22	-2160
15	23	2352
16	17	-624
16	18	2064
16	19	-336
16	20	-48
16	21	336
16	22	2352
16	23	-240
17	18	1392
17	19	-816
17	20	3504
17	21	-1488
17	22	-1200
17	23	-912
18	19	-1200
18	20	1584
18	21	1200
18	22	-816
18	23	1008
19	20	-816
19	21	-1200
19	22	3696
19	23	1104
20	21	816
20	22	-1776
20	23	-720
21	22	-1392
21	23	-1104
22	23	-816
