0	1	-2844
0	2	-1092
0	3	900
0	4	636
0	5	36
0	6	-2652
0	7	3228
0	8	-1956
0	9	-2748
0	10	-1956
0	11	-4572
0	12	-708
0	13	-348
0	14	132
0	15	-1476
0	16	1020
0	17	-348
0	18	1572
0	19	1956
0	20	-1212
0	21	1572
0	22	636
0	23	1668
1	2	60
1	3	-252
1	4	-516
1	5	-1116
1	6	804
1	7	-2532
1	8	1500
1	9	3012
1	10	3804
1	11	1188
1	12	2748
1	13	804
1	14	-1020
1	15	1980
1	16	-2436
1	17	-1500
1	18	420
1	19	-1500
1	20	2244
1	21	420
1	22	-516
1	23	-1788
2	3	-1380
2	4	-2460
2	5	-2820
2	6	-2436
2	7	-444
2	8	-2172
2	9	-36
2	10	132
2	11	1788
2	12	1188
2	13	-132
2	14	1692
2	15	-2652
2	16	-540
2	17	-132
2	18	252
2	19	-2436
2	20	732
2	21	2556
2	22	-4764
2	23	-2148
3	4	348
3	5	324
3	6	-60
3	7	-1668
3	8	60
3	9	-156
3	10	2364
3	11	-1980
3	12	1308
3	13	-60
3	14	420
3	15	540
3	16	-1572
3	17	-60
3	18	1860
3	19	-2364
3	20	-924
3	21	-444
3	22	2652
3	23	-348
4	5	-1092
4	6	1596
4	7	132
4	8	3012
4	9	1692
4	10	-1596
4	11	-1092
4	12	-2844
4	13	1596
4	14	1116
4	15	228
4	16	36
4	17	-3012
4	18	-324
4	19	-708
4	20	156
4	21	-324
4	22	420
4	23	1884
5	6	1380
5	7	1500
5	8	-1380
5	9	-1020
5	10	924
5	11	1764
5	12	-132
5	13	-924
5	14	-2748
5	15	1404
5	16	1596
5	17	1380
5	18	-1308
5	19	3684
5	20	-1788
5	21	-3612
5	22	3516
5	23	1092
6	7	-420
6	8	3612
6	9	900
6	10	1308
6	11	1380
6	12	252
6	13	996
6	14	-828
6	15	-516
6	16	-324
6	17	-1308
6	18	612
6	19	996
6	20	2436
6	21	-3996
6	22	1596
6	23	-1596
7	8	-1884
7	9	-324
7	10	-1884
7	11	-3108
7	12	-828
7	13	-2724
7	14	-900
7	15	-2364
7	16	-252
7	17	-420
7	18	2268
7	19	4188
7	20	-1860
7	21	-36
7	22	132
7	23	2172
8	9	1404
8	10	996
8	11	924
8	12	-252
8	13	3612
8	14	828
8	15	516
8	16	324
8	17	-996
8	18	-612
8	19	-996
8	20	2172
8	21	-612
8	22	708
8	23	-708
9	10	1404
9	11	1284
9	12	348
9	13	-1404
9	14	-924
9	15	1884
9	16	-2532
9	17	-1404
9	18	516
9	19	-1404
9	20	36
9	21	516
9	22	-612
9	23	612
10	11	924
10	12	4356
10	13	1308
10	14	-1476
10	15	516
10	16	-1980
10	17	-996
10	18	1692
10	19	-996
10	20	2172
10	21	-612
10	22	708
10	23	-3012
11	12	-132
11	13	1380
11	14	-444
11	15	1404
11	16	1596
11	17	1380
11	18	-3612
11	19	-924
11	20	516
11	21	-1308
11	22	-1092
11	23	-1212
12	13	252
12	14	-2532
12	15	-732
12	16	-924
12	17	252
12	18	2940
12	19	252
12	20	3420
12	21	636
12	22	-540
12	23	-4068
13	14	1476
13	15	-516
13	16	1980
13	17	-1308
13	18	-1692
13	19	-1308
13	20	2436
13	21	612
13	22	-708
13	23	-1596
14	15	-996
14	16	-804
14	17	-828
14	18	-1212
14	19	-3132
14	20	-1692
14	21	1092
14	22	-1188
14	23	1188
15	16	-156
15	17	1788
15	18	-2436
15	19	-516
15	20	-1956
15	21	-132
15	22	2532
15	23	2076
16	17	1980
16	18	-2244
16	19	1980
16	20	540
16	21	60
16	22	36
16	23	-36
17	18	-1692
17	19	996
17	20	-2172
17	21	612
17	22	1596
17	23	708
18	19	612
18	20	2052
18	21	228
18	22	-324
18	23	-1980
19	20	132
19	21	-1692
19	22	1596
19	23	708
20	21	-252
20	22	-2148
20	23	-4764
21	22	-2628
21	23	324
22	23	1884
