0	1	180
0	2	-348
0	3	324
0	4	540
0	5	-492
0	6	-300
0	7	300
0	8	36
0	9	36
0	10	-348
0	11	372
1	2	180
1	3	276
1	4	588
1	5	36
1	6	228
1	7	348
1	8	-12
1	9	-588
1	10	-396
1	11	-252
2	3	-828
2	4	-612
2	5	84
2	6	-300
2	7	300
2	8	-540
2	9	36
2	10	228
2	11	-204
3	4	444
3	5	-396
3	6	-204
3	7	-372
3	8	132
3	9	132
3	10	-252
3	11	-108
4	5	108
4	6	492
4	7	84
4	8	732
4	9	-420
4	10	-612
4	11	-180
5	6	708
5	7	444
5	8	468
5	9	-108
5	10	-492
5	11	-348
6	7	252
6	8	660
6	9	-492
6	10	-300
6	11	-156
7	8	-84
7	9	-84
7	10	-276
7	11	156
8	9	-156
8	10	-540
8	11	-396
9	10	36
9	11	-396
10	11	372
