0	1	220
0	2	308
0	3	-76
0	4	-76
0	5	-116
0	6	164
0	7	460
0	8	220
0	9	-460
0	10	-164
0	11	364
1	2	1036
1	3	844
1	4	-884
1	5	-76
1	6	604
1	7	-652
1	8	164
1	9	-500
1	10	-28
1	11	596
2	3	836
2	4	-316
2	5	124
2	6	500
2	7	-452
2	8	460
2	9	-700
2	10	76
2	11	604
3	4	-700
3	5	-68
3	6	116
3	7	-644
3	8	268
3	9	-508
3	10	-116
3	11	412
4	5	508
4	6	116
4	7	508
4	8	268
4	9	68
4	10	460
4	11	-164
5	6	268
5	7	260
5	8	-76
5	9	316
5	10	-268
5	11	356
6	7	-308
6	8	28
6	9	-268
6	10	220
6	11	748
7	8	-76
7	9	316
7	10	-268
7	11	-220
8	9	-500
8	10	-28
8	11	20
9	10	-308
9	11	-356
10	11	-172
