0	1	500
0	2	-500
0	3	-164
0	4	-652
0	5	164
0	6	308
0	7	-116
0	8	268
0	9	172
0	10	20
0	11	308
1	2	-892
1	3	-76
1	4	-260
1	5	76
1	6	-68
1	7	452
1	8	644
1	9	164
1	10	220
1	11	-68
2	3	76
2	4	260
2	5	-76
2	6	68
2	7	-452
2	8	-644
2	9	-164
2	10	-220
2	11	68
3	4	500
3	5	740
3	6	-268
3	7	460
3	8	-308
3	9	-404
3	10	-556
3	11	308
4	5	76
4	6	-644
4	7	452
4	8	-508
4	9	164
4	10	-356
4	11	-68
5	6	-308
5	7	116
5	8	-268
5	9	-172
5	10	-596
5	11	268
6	7	-316
6	8	452
6	9	-28
6	10	412
6	11	124
7	8	316
7	9	-356
7	10	-28
7	11	260
8	9	28
8	10	740
8	11	-124
9	10	260
9	11	-28
10	11	-164
