0	1	-136
0	2	-568
0	3	-520
0	4	824
0	5	-952
0	6	696
0	7	-504
0	8	56
0	9	136
0	10	568
0	11	712
0	12	648
0	13	-1032
0	14	824
0	15	568
1	2	-264
1	3	328
1	4	-1016
1	5	120
1	6	136
1	7	696
1	8	-248
1	9	1080
1	10	-760
1	11	504
1	12	-456
1	13	-184
1	14	8
1	15	1288
2	3	1400
2	4	-1352
2	5	200
2	6	568
2	7	-376
2	8	952
2	9	264
2	10	-584
2	11	-184
2	12	-1272
2	13	-136
2	14	696
2	15	-584
3	4	-632
3	5	760
3	6	-504
3	7	-712
3	8	136
3	9	-328
3	10	-376
3	11	120
3	12	-840
3	13	-824
3	14	392
3	15	-376
4	5	56
4	6	-824
4	7	-392
4	8	-1208
4	9	-1032
4	10	1352
4	11	-584
4	12	1528
4	13	-120
4	14	72
4	15	-696
5	6	-1096
5	7	-760
5	8	-712
5	9	-120
5	10	824
5	11	-568
5	12	392
5	13	248
5	14	56
5	15	-200
6	7	504
6	8	968
6	9	888
6	10	-568
6	11	312
6	12	-648
6	13	8
6	14	200
6	15	456
7	8	-136
7	9	328
7	10	-648
7	11	-120
7	12	-184
7	13	824
7	14	-392
7	15	376
8	9	248
8	10	-952
8	11	696
8	12	-1288
8	13	-376
8	14	-184
8	15	72
9	10	-264
9	11	-504
9	12	-568
9	13	184
9	14	-8
9	15	760
10	11	-840
10	12	1272
10	13	136
10	14	328
10	15	-440
11	12	8
11	13	-392
11	14	440
11	15	1208
12	13	696
12	14	504
12	15	248
13	14	-120
13	15	136
14	15	328
