0	1	508
0	2	228
0	3	116
0	4	452
0	5	172
0	6	-844
0	7	508
0	8	164
0	9	444
0	10	-452
0	11	-780
0	12	444
0	13	-388
1	2	556
1	3	-116
1	4	332
1	5	-172
1	6	-724
1	7	1060
1	8	-164
1	9	1124
1	10	452
1	11	-788
1	12	1124
1	13	388
2	3	164
2	4	-172
2	5	108
2	6	-220
2	7	556
2	8	-444
2	9	844
2	10	172
2	11	-508
2	12	844
2	13	-116
3	4	-60
3	5	-564
3	6	452
3	7	-116
3	8	228
3	9	-52
3	10	-724
3	11	388
3	12	-52
3	13	-788
4	5	-116
4	6	-780
4	7	332
4	8	564
4	9	284
4	10	-388
4	11	-732
4	12	284
4	13	-340
5	6	-276
5	7	-172
5	8	-500
5	9	4
5	10	116
5	11	-452
5	12	4
5	13	-60
6	7	-724
6	8	-172
6	9	-676
6	10	-4
6	11	1124
6	12	-676
6	13	-52
7	8	-164
7	9	1124
7	10	452
7	11	-788
7	12	1124
7	13	388
8	9	-452
8	10	-564
8	11	116
8	12	-452
8	13	-276
9	10	500
9	11	-948
9	12	1396
9	13	228
10	11	-52
10	12	500
10	13	1124
11	12	-948
11	13	108
12	13	228
