0	1	-5640
0	2	2520
0	3	4288
0	4	208
0	5	1968
0	6	3744
0	7	-1288
0	8	-4560
0	9	-3472
0	10	-1560
0	11	-5504
0	12	3336
0	13	-1152
0	14	5648
0	15	11624
0	16	4688
0	17	2248
0	18	4560
0	19	1976
0	20	-616
0	21	-6056
0	22	-6872
0	23	-3464
0	24	7000
0	25	-1704
0	26	4424
0	27	616
0	28	2920
0	29	-3744
0	30	-1840
0	31	-5912
0	32	200
0	33	-8504
1	2	3600
1	3	1832
1	4	-3336
1	5	-3464
1	6	-2248
1	7	-1840
1	8	12312
1	9	-2648
1	10	-1568
1	11	2376
1	12	-1840
1	13	-6600
1	14	-4152
1	15	-3872
1	16	3064
1	17	-752
1	18	-7688
1	19	4144
1	20	12992
1	21	-4688
1	22	5376
1	23	-4288
1	24	-3872
1	25	-9040
1	26	1696
1	27	-3744
1	28	-9040
1	29	11496
1	30	-4280
1	31	7408
1	32	2928
1	33	2384
2	3	-1704
2	4	-6872
2	5	72
2	6	3464
2	7	3872
2	8	-2648
2	9	-8360
2	10	4144
2	11	-1160
2	12	-5376
2	13	-888
2	14	1560
2	15	4288
2	16	1976
2	17	4960
2	18	2648
2	19	-4016
2	20	7280
2	21	-1152
2	22	-336
2	23	-3200
2	24	4288
2	25	-880
2	26	2784
2	27	1968
2	28	-5504
2	29	5784
2	30	-744
2	31	-10000
2	32	6464
2	33	1296
3	4	608
3	5	1840
3	6	1696
3	7	-2520
3	8	3744
3	9	-1968
3	10	11624
3	11	-7552
3	12	6728
3	13	-7280
3	14	-208
3	15	6056
3	16	-880
3	17	-6056
3	18	-3744
3	19	8088
3	20	-200
3	21	5240
3	22	-7816
3	23	-344
3	24	1432
3	25	5512
3	26	-8232
3	27	-4424
3	28	-3736
3	29	2928
3	30	1024
3	31	6728
3	32	-1016
3	33	-1560
4	5	7008
4	6	-3472
4	7	6184
4	8	-336
4	9	7824
4	10	1832
4	11	-8096
4	12	1560
4	13	1424
4	14	-752
4	15	-2648
4	16	-336
4	17	-6600
4	18	-4288
4	19	2920
4	20	-4280
4	21	-3464
4	22	-2648
4	23	-888
4	24	-2648
4	25	1432
4	26	472
4	27	4280
4	28	6056
4	29	-1152
4	30	-3056
4	31	1560
4	32	4152
4	33	-1016
5	6	1296
5	7	888
5	8	-6736
5	9	-1024
5	10	616
5	11	-3328
5	12	-8360
5	13	1024
5	14	3200
5	15	-4424
5	16	-6736
5	17	-4824
5	18	2112
5	19	-472
5	20	-2792
5	21	5640
5	22	-4424
5	23	-1288
5	24	200
5	25	744
5	26	-7272
5	27	2792
5	28	744
5	29	-1296
5	30	-4016
5	31	888
5	32	-1976
5	33	-1432
6	7	2648
6	8	-6048
6	9	2112
6	10	-6328
6	11	2240
6	12	-1976
6	13	7136
6	14	336
6	15	5512
6	16	-6048
6	17	-10136
6	18	1424
6	19	-616
6	20	-744
6	21	4696
6	22	888
6	23	-4424
6	24	888
6	25	4968
6	26	1560
6	27	5368
6	28	344
6	29	2384
6	30	480
6	31	-1976
6	32	3064
6	33	-2104
7	8	-1832
7	9	6328
7	10	3328
7	11	-1976
7	12	3056
7	13	7544
7	14	-3880
7	15	5104
7	16	-1832
7	17	-5104
7	18	-2792
7	19	4416
7	20	-1152
7	21	4288
7	22	480
7	23	5232
7	24	-4144
7	25	-64
7	26	1968
7	27	5776
7	28	9184
7	29	6600
7	30	72
7	31	-10816
7	32	7280
7	33	2112
8	9	-2928
8	10	2520
8	11	3200
8	12	2792
8	13	-6320
8	14	-8768
8	15	-1704
8	16	5232
8	17	1704
8	18	-5232
8	19	10680
8	20	9176
8	21	-5512
8	22	2920
8	23	-4008
8	24	2920
8	25	-10408
8	26	-744
8	27	-4552
8	28	-5784
8	29	6048
8	30	-5920
8	31	7416
8	32	744
8	33	1288
9	10	-3192
9	11	2112
9	12	10952
9	13	11088
9	14	-608
9	15	-616
9	16	-2928
9	17	-13256
9	18	2928
9	19	344
9	20	-8232
9	21	200
9	22	8632
9	23	4152
9	24	-14488
9	25	4552
9	26	2792
9	27	8232
9	28	9176
9	29	2512
9	30	4416
9	31	-2920
9	32	6456
9	33	2376
10	11	-6328
10	12	3328
10	13	-6056
10	14	1016
10	15	4832
10	16	2520
10	17	-208
10	18	-2520
10	19	4688
10	20	-1424
10	21	4016
10	22	-4416
10	23	880
10	24	208
10	25	4288
10	26	-7008
10	27	-3200
10	28	-336
10	29	1704
10	30	-200
10	31	-1296
10	32	2384
10	33	1840
11	12	-1976
11	13	2512
11	14	336
11	15	-3736
11	16	3200
11	17	-888
11	18	6048
11	19	-616
11	20	-744
11	21	72
11	22	14760
11	23	200
11	24	-3736
11	25	-4280
11	26	1560
11	27	5368
11	28	344
11	29	-2240
11	30	5104
11	31	-1976
11	32	3064
11	33	2520
12	13	2920
12	14	-3880
12	15	5104
12	16	2792
12	17	-5104
12	18	1832
12	19	4416
12	20	-5776
12	21	-336
12	22	480
12	23	5232
12	24	-4144
12	25	4560
12	26	1968
12	27	1152
12	28	4560
12	29	1976
12	30	4696
12	31	-1568
12	32	2656
12	33	2112
13	14	-4016
13	15	616
13	16	-1696
13	17	-5240
13	18	1696
13	19	-4968
13	20	-5640
13	21	4424
13	22	5240
13	23	5096
13	24	-4008
13	25	72
13	26	1832
13	27	10264
13	28	9320
13	29	2112
13	30	208
13	31	-6328
13	32	-1832
13	33	2248
14	15	2792
14	16	5104
14	17	1832
14	18	-480
14	19	2104
14	20	-3464
14	21	-7272
14	22	2792
14	23	-6328
14	24	-6456
14	25	6872
14	26	8904
14	27	-5784
14	28	6872
14	29	-336
14	30	-2240
14	31	-3880
14	32	4968
14	33	-4824
15	16	2920
15	17	-608
15	18	1704
15	19	3744
15	20	2240
15	21	-3200
15	22	-4016
15	23	-1696
15	24	608
15	25	-3472
15	26	1568
15	27	2384
15	28	5776
15	29	-888
15	30	1016
15	31	-8768
15	32	3056
15	33	-5648
16	17	6328
16	18	-5232
16	19	1432
16	20	-72
16	21	-10136
16	22	7544
16	23	-4008
16	24	2920
16	25	-5784
16	26	8504
16	27	72
16	28	3464
16	29	1424
16	30	-5920
16	31	-1832
16	32	744
16	33	-3336
17	18	-1704
17	19	-3744
17	20	7008
17	21	-6048
17	22	-5232
17	23	1696
17	24	8640
17	25	-5776
17	26	3056
17	27	-7008
17	28	-1152
17	29	-3736
17	30	-1016
17	31	-480
17	32	-7680
17	33	1024
18	19	-6056
18	20	-4552
18	21	888
18	22	1704
18	23	-616
18	24	1704
18	25	1160
18	26	-3880
18	27	4552
18	28	-3464
18	29	-10672
18	30	5920
18	31	-7416
18	32	3880
18	33	-1288
19	20	2112
19	21	-1696
19	22	-880
19	23	-2656
19	24	-880
19	25	-1424
19	26	3328
19	27	-6736
19	28	3200
19	29	9864
19	30	-5912
19	31	-208
19	32	5920
19	33	-3872
20	21	-6192
20	22	-2384
20	23	-3328
20	24	2240
20	25	-11088
20	26	-64
20	27	-3872
20	28	-6464
20	29	5368
20	30	-1976
20	31	3472
20	32	64
20	33	608
21	22	-3200
21	23	11360
21	24	1424
21	25	6592
21	26	-13120
21	27	1568
21	28	-2656
21	29	-72
21	30	6456
21	31	-336
21	32	-5376
21	33	-208
22	23	-1696
22	24	-8640
22	25	-3472
22	26	6192
22	27	7008
22	28	1152
22	29	3736
22	30	1016
22	31	-4144
22	32	7680
22	33	-1024
23	24	-1696
23	25	2384
23	26	-5104
23	27	3328
23	28	2384
23	29	-200
23	30	11768
23	31	-4016
23	32	-4144
23	33	-64
24	25	-3472
24	26	-3056
24	27	-2240
24	28	-8096
24	29	-5512
24	30	-3608
24	31	480
24	32	-6192
24	33	-5648
25	26	1024
25	27	-2784
25	28	1696
25	29	-344
25	30	6184
25	31	-64
25	32	3600
25	33	4144
26	27	64
26	28	5648
26	29	7688
26	30	-3464
26	31	-7280
26	32	8368
26	33	-1424
27	28	1840
27	29	-744
27	30	6600
27	31	-8096
27	32	4560
27	33	-608
28	29	-344
28	30	-3064
28	31	-4688
28	32	-1024
28	33	4144
29	30	-5104
29	31	-2648
29	32	6184
29	33	2104
30	31	-4552
30	32	3464
30	33	-616
31	32	-11216
31	33	6736
32	33	-3200
