0	1	-4296
0	2	3752
0	3	3456
0	4	2800
0	5	-4976
0	6	-8376
0	7	-624
0	8	-3072
0	9	2664
0	10	2776
0	11	4680
0	12	-2120
0	13	5792
0	14	2096
0	15	-6472
0	16	-328
0	17	-1576
0	18	-1280
0	19	-2776
0	20	-2504
0	21	56
0	22	4024
0	23	1688
0	24	1168
0	25	5112
0	26	2776
0	27	6448
0	28	-6176
0	29	-3752
0	30	-3616
0	31	3864
0	32	488
0	33	-5904
1	2	-1824
1	3	-9464
1	4	-7400
1	5	9848
1	6	6448
1	7	4952
1	8	-6744
1	9	6336
1	10	-896
1	11	-8240
1	12	-10416
1	13	216
1	14	-10824
1	15	3728
1	16	-10528
1	17	-624
1	18	7016
1	19	-8352
1	20	1168
1	21	1008
1	22	3072
1	23	-1984
1	24	216
1	25	-464
1	26	3728
1	27	2776
1	28	2120
1	29	-2800
1	30	1960
1	31	-4432
1	32	-464
1	33	2392
2	3	-4952
2	4	3320
2	5	8104
2	6	2256
2	7	3752
2	8	6200
2	9	-1168
2	10	4976
2	11	-10800
2	12	-4000
2	13	328
2	14	1032
2	15	-4272
2	16	1824
2	17	80
2	18	-6472
2	19	4272
2	20	-5248
2	21	-1552
2	22	-2528
2	23	6064
2	24	328
2	25	5632
2	26	-8896
2	27	5928
2	28	-6200
2	29	2256
2	30	2120
2	31	-5360
2	32	-3616
2	33	-6472
3	4	-1280
3	5	-14768
3	6	328
3	7	-10416
3	8	1008
3	9	3208
3	10	6856
3	11	4136
3	12	11208
3	13	6336
3	14	6176
3	15	-2392
3	16	4840
3	17	11752
3	18	-736
3	19	-2232
3	20	7288
3	21	-488
3	22	-56
3	23	1144
3	24	6336
3	25	5656
3	26	2232
3	27	-3344
3	28	-1008
3	29	4952
3	30	-8784
3	31	3320
3	32	5656
3	33	-736
4	5	-2096
4	6	-7944
4	7	-1824
4	8	624
4	9	-4840
4	10	4024
4	11	2120
4	12	4296
4	13	-3344
4	14	4704
4	15	4024
4	16	7400
4	17	3752
4	18	-896
4	19	5224
4	20	328
4	21	2120
4	22	3048
4	23	488
4	24	-3344
4	25	-7288
4	26	-9848
4	27	4976
4	28	4000
4	29	5928
4	30	5792
4	31	2936
4	32	1960
4	33	-10144
5	6	5768
5	7	4272
5	8	1824
5	9	-2232
5	10	-1576
5	11	-8920
5	12	-11096
5	13	-3728
5	14	-6880
5	15	-1576
5	16	-5224
5	17	-5928
5	18	3072
5	19	1576
5	20	-2776
5	21	-4296
5	22	-872
5	23	1960
5	24	-3728
5	25	-4408
5	26	-1576
5	27	2096
5	28	-1824
5	29	-3480
5	30	5904
5	31	-5112
5	32	-4408
5	33	-1552
6	7	-3752
6	8	-1576
6	9	-3456
6	10	-352
6	11	-7696
6	12	-5248
6	13	-4952
6	14	-10280
6	15	4272
6	16	2800
6	17	-80
6	18	-2776
6	19	-4272
6	20	624
6	21	1552
6	22	-2096
6	23	3184
6	24	-328
6	25	-1008
6	26	-352
6	27	-5928
6	28	6200
6	29	6992
6	30	-6744
6	31	-3888
6	32	3616
6	33	6472
7	8	1552
7	9	-1960
7	10	-6472
7	11	56
7	12	-6744
7	13	1168
7	14	-2528
7	15	2776
7	16	-4952
7	17	-1576
7	18	3344
7	19	1848
7	20	-2504
7	21	56
7	22	-5224
7	23	-2936
7	24	1168
7	25	488
7	26	2776
7	27	1824
7	28	-6176
7	29	-3752
7	30	5632
7	31	-10008
7	32	488
7	33	3344
8	9	-4136
8	10	328
8	11	2232
8	12	56
8	13	8240
8	14	4272
8	15	-4296
8	16	2120
8	17	5224
8	18	1168
8	19	8920
8	20	-4680
8	21	-2392
8	22	-12024
8	23	-760
8	24	8240
8	25	-1688
8	26	-4296
8	27	-5248
8	28	896
8	29	7672
8	30	3184
8	31	-3208
8	32	2936
8	33	1168
9	10	3888
9	11	-2640
9	12	4160
9	13	6040
9	14	4568
9	15	-5360
9	16	-10960
9	17	3616
9	18	3864
9	19	736
9	20	-4160
9	21	-2640
9	22	3184
9	23	-4272
9	24	1416
9	25	11344
9	26	3888
9	27	9464
9	28	-5112
9	29	-8080
9	30	5656
9	31	2800
9	32	-2528
9	33	-760
10	11	-5792
10	12	10528
10	13	7016
10	14	872
10	15	1552
10	16	-3728
10	17	1824
10	18	-56
10	19	-1552
10	20	3344
10	21	-1168
10	22	5248
10	23	-8784
10	24	-2232
10	25	1712
10	26	-12320
10	27	5224
10	28	-328
10	29	4272
10	30	-4840
10	31	2640
10	32	1712
10	33	-9304
11	12	3184
11	13	5112
11	14	2776
11	15	-1168
11	16	-1008
11	17	-896
11	18	2664
11	19	5792
11	20	-3184
11	21	736
11	22	-1280
11	23	-2256
11	24	5112
11	25	-4816
11	26	8080
11	27	-2120
11	28	2392
11	29	-3072
11	30	1688
11	31	4544
11	32	9056
11	33	2664
12	13	2664
12	14	9848
12	15	1280
12	16	1168
12	17	1552
12	18	-4408
12	19	3344
12	20	3616
12	21	-1440
12	22	896
12	23	-9056
12	24	-1960
12	25	1984
12	26	-7968
12	27	328
12	28	-56
12	29	-624
12	30	-488
12	31	6992
12	32	1984
12	33	-4408
13	14	3072
13	15	-6856
13	16	-9464
13	17	6744
13	18	5360
13	19	2232
13	20	-2664
13	21	-4136
13	22	-4568
13	23	-5768
13	24	7536
13	25	3592
13	26	2392
13	27	3344
13	28	-3616
13	29	-328
13	30	-464
13	31	1304
13	32	8216
13	33	736
14	15	-3752
14	16	1576
14	17	1144
14	18	624
14	19	3752
14	20	-600
14	21	-11096
14	22	-7944
14	23	-216
14	24	3072
14	25	2392
14	26	872
14	27	4544
14	28	-4272
14	29	-5656
14	30	3728
14	31	6584
14	32	-2232
14	33	624
15	16	5520
15	17	-2800
15	18	4568
15	19	-6176
15	20	3344
15	21	3456
15	22	624
15	23	-4160
15	24	2392
15	25	-7536
15	26	-3072
15	27	600
15	28	8920
15	29	4272
15	30	-4840
15	31	-6608
15	32	1712
15	33	-56
16	17	624
16	18	-7016
16	19	-896
16	20	3456
16	21	3616
16	22	-3072
16	23	6608
16	24	-216
16	25	-4160
16	26	-3728
16	27	-7400
16	28	2504
16	29	7424
16	30	-6584
16	31	-192
16	32	-4160
16	33	-2392
17	18	4296
17	19	2800
17	20	3072
17	21	3728
17	22	352
17	23	5360
17	24	6744
17	25	6064
17	26	1824
17	27	872
17	28	-600
17	29	9168
17	30	56
17	31	-6336
17	32	6064
17	33	-328
18	19	56
18	20	-216
18	21	-6584
18	22	-2120
18	23	-3592
18	24	5360
18	25	-3208
18	26	9192
18	27	5520
18	28	-1168
18	29	-2776
18	30	1712
18	31	-5768
18	32	1416
18	33	3184
19	20	-12592
19	21	1168
19	22	-624
19	23	-464
19	24	-2392
19	25	2912
19	26	-1552
19	27	4024
19	28	-4296
19	29	352
19	30	9464
19	31	-2640
19	32	-1712
19	33	56
20	21	-3184
20	22	-896
20	23	-192
20	24	1960
20	25	-6608
20	26	-1280
20	27	-9576
20	28	56
20	29	624
20	30	-4136
20	31	2256
20	32	2640
20	33	-4840
21	22	12592
21	23	2368
21	24	-4136
21	25	4432
21	26	-5792
21	27	-2120
21	28	7016
21	29	10800
21	30	-2936
21	31	-4704
21	32	-192
21	33	-1960
22	23	1712
22	24	-9192
22	25	5360
22	26	-4000
22	27	6200
22	28	2776
22	29	2528
22	30	-2232
22	31	-464
22	32	-3888
22	33	-6744
23	24	3480
23	25	2800
23	26	5088
23	27	-488
23	28	760
23	29	3184
23	30	-1304
23	31	-3072
23	32	-1824
23	33	1032
24	25	-1032
24	26	7016
24	27	-1280
24	28	1008
24	29	-328
24	30	-464
24	31	-3320
24	32	8216
24	33	736
25	26	1712
25	27	7288
25	28	-7560
25	29	-1008
25	30	-1144
25	31	-4000
25	32	-4976
25	33	1416
26	27	600
26	28	-4952
26	29	-9600
26	30	-216
26	31	-1984
26	32	1712
26	33	9192
27	28	-4000
27	29	-5928
27	30	3456
27	31	-2936
27	32	-1960
27	33	-3728
28	29	10824
28	30	-3184
28	31	3208
28	32	6312
28	33	3456
29	30	-6744
29	31	-3888
29	32	3616
29	33	1848
30	31	872
30	32	-1144
30	33	-2912
31	32	624
31	33	-1144
32	33	1416
