0	1	-716
0	2	6220
0	3	2140
0	4	-1940
0	5	-1868
0	6	5404
0	7	-7172
0	8	-9012
0	9	780
0	10	6020
0	11	2140
0	12	-5476
0	13	5476
0	14	2548
0	15	2484
0	16	-8124
0	17	-1532
0	18	-6356
0	19	-5068
0	20	-580
0	21	2684
0	22	1396
0	23	-5132
0	24	4796
0	25	-2004
0	26	2348
0	27	-1260
0	28	916
0	29	1324
0	30	2892
0	31	1460
0	32	7036
0	33	-3772
1	2	1532
1	3	5612
1	4	444
1	5	-1260
1	6	-6900
1	7	4044
1	8	7516
1	9	-2276
1	10	100
1	11	-3636
1	12	-644
1	13	644
1	14	-4044
1	15	-988
1	16	9620
1	17	36
1	18	7852
1	19	-5676
1	20	-916
1	21	-8804
1	22	100
1	23	2004
1	24	-3300
1	25	-5748
1	26	8396
1	27	4388
1	28	6836
1	29	1804
1	30	-1396
1	31	6292
1	32	716
1	33	644
2	3	3300
2	4	-6492
2	5	-3572
2	6	36
2	7	-7516
2	8	-4044
2	9	-4588
2	10	7036
2	11	7924
2	12	-7580
2	13	2956
2	14	2892
2	15	1324
2	16	-6564
2	17	-11524
2	18	916
2	19	1260
2	20	-3228
2	21	7380
2	22	7036
2	23	4316
2	24	3636
2	25	-3436
2	26	1460
2	27	2076
2	28	-4724
2	29	4116
2	30	916
2	31	-644
2	32	7652
2	33	-1668
3	4	-2412
3	5	-3028
3	6	-508
3	7	-2348
3	8	36
3	9	-9756
3	10	12204
3	11	-1868
3	12	1124
3	13	-1124
3	14	-2276
3	15	1868
3	16	3228
3	17	1804
3	18	1460
3	19	-8532
3	20	5476
3	21	-2412
3	22	-6292
3	23	236
3	24	4180
3	25	-7516
3	26	2004
3	27	1532
3	28	-644
3	29	-1052
3	30	1460
3	31	3436
3	32	-2140
3	33	-1124
4	5	2140
4	6	-1052
4	7	2820
4	8	4116
4	9	3572
4	10	-5748
4	11	-7036
4	12	5204
4	13	4044
4	14	6428
4	15	7036
4	16	3772
4	17	5884
4	18	6628
4	19	172
4	20	-4316
4	21	-2956
4	22	-5748
4	23	-3844
4	24	100
4	25	2276
4	26	2548
4	27	5612
4	28	-1188
4	29	-1596
4	30	2004
4	31	-1732
4	32	-2684
4	33	4044
5	6	236
5	7	2620
5	8	-308
5	9	4860
5	10	-2684
5	11	-3028
5	12	-1396
5	13	6020
5	14	2004
5	15	7652
5	16	1668
5	17	2548
5	18	-1188
5	19	3636
5	20	-1124
5	21	2140
5	22	-7308
5	23	36
5	24	-3908
5	25	-1460
5	26	-6356
5	27	2820
5	28	4996
5	29	780
5	30	-1188
5	31	-3708
5	32	-2756
5	33	-3228
6	7	-3708
6	8	-7852
6	9	-3772
6	10	1596
6	11	4116
6	12	-2140
6	13	2140
6	14	3708
6	15	508
6	16	-2756
6	17	-6084
6	18	-4524
6	19	2076
6	20	2212
6	21	3572
6	22	1596
6	23	-5748
6	24	12068
6	25	-4252
6	26	644
6	27	2892
6	28	-8532
6	29	-4316
6	30	100
6	31	4796
6	32	-5404
6	33	-7108
7	8	4996
7	9	5540
7	10	-12612
7	11	-2348
7	12	3908
7	13	716
7	14	-11188
7	15	2348
7	16	10236
7	17	-1396
7	18	2756
7	19	4316
7	20	4180
7	21	-1804
7	22	1260
7	23	-9892
7	24	-4588
7	25	2484
7	26	2212
7	27	-1124
7	28	10300
7	29	-7788
7	30	-11116
7	31	1596
7	32	-6700
7	33	-3908
8	9	-3228
8	10	-3572
8	11	-9212
8	12	-1596
8	13	1596
8	14	-4996
8	15	-4660
8	16	5948
8	17	3708
8	18	8804
8	19	2620
8	20	2756
8	21	-5132
8	22	-3572
8	23	2956
8	24	-2348
8	25	-4796
8	26	4724
8	27	8060
8	28	1260
8	29	852
8	30	-444
8	31	716
8	32	-4860
8	33	6220
9	10	-7652
9	11	8740
9	12	-2140
9	13	-2484
9	14	-916
9	15	5132
9	16	-2756
9	17	3164
9	18	100
9	19	2076
9	20	-2412
9	21	3572
9	22	6220
9	23	-1124
9	24	-15676
9	25	9620
9	26	644
9	27	-1732
9	28	9964
9	29	-4316
9	30	100
9	31	-9076
9	32	-780
9	33	6764
10	11	2956
10	12	-36
10	13	-4588
10	14	3364
10	15	-2956
10	16	-4316
10	17	3908
10	18	-2548
10	19	-8876
10	20	4860
10	21	-1124
10	22	-4044
10	23	7924
10	24	3980
10	25	-7444
10	26	1532
10	27	-444
10	28	-2892
10	29	2140
10	30	6700
10	31	-2348
10	32	3228
10	33	4660
11	12	-3500
11	13	-5748
11	14	2348
11	15	1868
11	16	-1396
11	17	-7444
11	18	-3164
11	19	716
11	20	-3772
11	21	6836
11	22	12204
11	23	4860
11	24	-5068
11	25	1732
11	26	2004
11	27	-3092
11	28	-644
11	29	3572
11	30	-3164
11	31	-5812
11	32	-2140
11	33	3500
12	13	-8740
12	14	716
12	15	-1124
12	16	4860
12	17	9420
12	18	3092
12	19	-916
12	20	3844
12	21	-8668
12	22	-4660
12	23	1868
12	24	1188
12	25	7988
12	26	-988
12	27	-9348
12	28	2348
12	29	-2684
12	30	-1532
12	31	-2820
12	32	852
12	33	508
13	14	-716
13	15	10372
13	16	-236
13	17	-4796
13	18	-3092
13	19	5540
13	20	780
13	21	8668
13	22	-4588
13	23	-6492
13	24	8060
13	25	-3364
13	26	-3636
13	27	9348
13	28	-2348
13	29	2684
13	30	-3092
13	31	2820
13	32	-852
13	33	-5132
14	15	2276
14	16	-5612
14	17	1396
14	18	6492
14	19	308
14	20	-8804
14	21	1804
14	22	-1260
14	23	5268
14	24	-36
14	25	-2484
14	26	2412
14	27	-3500
14	28	-5676
14	29	7788
14	30	6492
14	31	-6220
14	32	-2548
14	33	-716
15	16	1396
15	17	-1804
15	18	-1460
15	19	3908
15	20	-852
15	21	7036
15	22	-2956
15	23	-4860
15	24	444
15	25	2892
15	26	-6628
15	27	3092
15	28	644
15	29	1052
15	30	-1460
15	31	-3436
15	32	-2484
15	33	-3500
16	17	-444
16	18	1804
16	19	-3980
16	20	508
16	21	-5476
16	22	-4316
16	23	-1596
16	24	-916
16	25	-3092
16	26	1260
16	27	4452
16	28	2004
16	29	-2212
16	30	-7444
16	31	7172
16	32	-5748
16	33	-236
17	18	2412
17	19	-4860
17	20	4524
17	21	-7988
17	22	-9964
17	23	5812
17	24	-4116
17	25	2684
17	26	2956
17	27	-4044
17	28	7652
17	29	2620
17	30	2412
17	31	-6764
17	32	-3092
17	33	9076
18	19	3500
18	20	-1260
18	21	-2620
18	22	-2548
18	23	4796
18	24	-3772
18	25	-1324
18	26	12276
18	27	2684
18	28	236
18	29	644
18	30	-1052
18	31	-3844
18	32	-7516
18	33	1532
19	20	3436
19	21	4796
19	22	4996
19	23	-2348
19	24	1596
19	25	3772
19	26	-5204
19	27	-508
19	28	-2684
19	29	1532
19	30	-1124
19	31	-7852
19	32	-4180
19	33	-3708
20	21	308
20	22	-4388
20	23	-2484
20	24	6084
20	25	-988
20	26	-716
20	27	-372
20	28	2076
20	29	-7580
20	30	-1260
20	31	-3092
20	32	-4044
20	33	780
21	22	-1124
21	23	780
21	24	4724
21	25	2276
21	26	-2076
21	27	5612
21	28	-5812
21	29	-1596
21	30	-7244
21	31	-1732
21	32	-2684
21	33	-580
22	23	-1324
22	24	-5268
22	25	1804
22	26	1532
22	27	-5068
22	28	1732
22	29	2140
22	30	2076
22	31	-2348
22	32	3228
22	33	36
23	24	-2548
23	25	-100
23	26	4252
23	27	1460
23	28	-988
23	29	8668
23	30	172
23	31	-5068
23	32	508
23	33	12004
24	25	-4044
24	26	308
24	27	5404
24	28	-10916
24	29	-1260
24	30	-3772
24	31	8124
24	32	-172
24	33	-5812
25	26	-6492
25	27	-6292
25	28	508
25	29	-3708
25	30	-1324
25	31	-3572
25	32	6628
25	33	1260
26	27	3228
26	28	5404
26	29	1188
26	30	-6220
26	31	1324
26	32	-6972
26	33	5612
27	28	-6492
27	29	-2276
27	30	-1940
27	31	6836
27	32	-3364
27	33	4724
28	29	172
28	30	-4388
28	31	-4588
28	32	-916
28	33	2276
29	30	644
29	31	-4996
29	32	-1324
29	33	2684
30	31	-3844
30	32	6356
30	33	1532
31	32	3164
31	33	-6428
32	33	-852
