0	1	8452
0	2	-10732
0	3	60
0	4	-1124
0	5	2644
0	6	13012
0	7	2524
0	8	-6140
0	9	4500
0	10	364
0	11	972
0	12	2188
0	13	-2980
0	14	-5988
0	15	4772
0	16	-5716
0	17	3100
0	18	-5716
0	19	3404
0	20	-6596
0	21	8300
0	22	8452
0	23	5564
0	24	-8876
0	25	-1124
0	26	3588
0	27	-852
0	28	-3860
0	29	3132
0	30	-9180
0	31	12828
0	32	-8452
0	33	1580
0	34	4044
0	35	668
0	36	6932
0	37	-1612
1	2	2068
1	3	8604
1	4	4012
1	5	6020
1	6	-4348
1	7	364
1	8	3252
1	9	4164
1	10	2524
1	11	1916
1	12	700
1	13	92
1	14	8876
1	15	3892
1	16	-2948
1	17	-212
1	18	2828
1	19	5260
1	20	-7844
1	21	364
1	22	212
1	23	3100
1	24	212
1	25	4012
1	26	-700
1	27	-2036
1	28	6748
1	29	-244
1	30	6292
1	31	1612
1	32	-5988
1	33	7084
1	34	4620
1	35	2220
1	36	-9820
1	37	4500
2	3	6444
2	4	-1732
2	5	3252
2	6	-10700
2	7	-3860
2	8	-972
2	9	-13436
2	10	6748
2	11	1580
2	12	8572
2	13	-2372
2	14	16508
2	15	-396
2	16	-5108
2	17	-7844
2	18	-5108
2	19	-13316
2	20	4348
2	21	-3860
2	22	-9484
2	23	4956
2	24	13620
2	25	-1732
2	26	8756
2	27	-244
2	28	1308
2	29	-3252
2	30	1764
2	31	-9668
2	32	3708
2	33	2188
2	34	3436
2	35	-4500
2	36	548
2	37	10548
3	4	4804
3	5	14044
3	6	-9940
3	7	14228
3	8	-212
3	9	-1124
3	10	212
3	11	6596
3	12	-3740
3	13	-3132
3	14	5716
3	15	10396
3	16	5684
3	17	-2828
3	18	-5868
3	19	-8300
3	20	-668
3	21	-3100
3	22	-8724
3	23	11492
3	24	8604
3	25	4804
3	26	9516
3	27	4772
3	28	-3708
3	29	3284
3	30	2524
3	31	-10428
3	32	2948
3	33	7204
3	34	9972
3	35	516
3	36	-4468
3	37	-1764
4	5	-3556
4	6	-548
4	7	4164
4	8	-4500
4	9	2188
4	10	4500
4	11	-7660
4	12	-3100
4	13	7844
4	14	-4652
4	15	92
4	16	4804
4	17	-4012
4	18	4804
4	19	1460
4	20	7508
4	21	-1612
4	22	4012
4	23	6900
4	24	-1764
4	25	-9516
4	26	-2676
4	27	11492
4	28	-1004
4	29	-2220
4	30	10092
4	31	-2188
4	32	7540
4	33	3284
4	34	2644
4	35	-1580
4	36	-11796
4	37	700
5	6	-972
5	7	11644
5	8	2980
5	9	7844
5	10	8572
5	11	3404
5	12	4620
5	13	5228
5	14	14684
5	15	1428
5	16	-9060
5	17	-244
5	18	-3284
5	19	-11492
5	20	2524
5	21	92
5	22	-11308
5	23	3132
5	24	6020
5	25	2220
5	26	6932
5	27	1580
5	28	5260
5	29	700
5	30	-5836
5	31	-2068
5	32	11308
5	33	-1764
5	34	-4164
5	35	-2676
5	36	4500
5	37	-4956
6	7	1580
6	8	-1308
6	9	5380
6	10	1308
6	11	-10852
6	12	5260
6	13	4652
6	14	-7236
6	15	-8876
6	16	-4164
6	17	4348
6	18	1612
6	19	4044
6	20	-852
6	21	13132
6	22	1428
6	23	-1460
6	24	-4348
6	25	-6324
6	26	-5260
6	27	8300
6	28	2188
6	29	-4804
6	30	-4044
6	31	6172
6	32	4348
6	33	92
6	34	-5716
6	35	-4772
6	36	2948
6	37	3284
7	8	3404
7	9	4316
7	10	8148
7	11	1764
7	12	-11004
7	13	5716
7	14	-2524
7	15	-2036
7	16	2676
7	17	-6140
7	18	-3100
7	19	-668
7	20	3860
7	21	516
7	22	-5412
7	23	3252
7	24	364
7	25	-7388
7	26	5228
7	27	3588
7	28	-10428
7	29	-92
7	30	668
7	31	-10092
7	32	11188
7	33	6932
7	34	-1004
7	35	2068
7	36	-3892
7	37	-12980
8	9	1428
8	10	5260
8	11	4652
8	12	-2340
8	13	2828
8	14	364
8	15	-4924
8	16	-212
8	17	-3252
8	18	11340
8	19	2220
8	20	-4804
8	21	-2372
8	22	-2524
8	23	364
8	24	3252
8	25	7052
8	26	-3436
8	27	-5076
8	28	9788
8	29	-8756
8	30	-2220
8	31	-7204
8	32	2524
8	33	9820
8	34	-3892
8	35	4956
8	36	-6780
8	37	-4316
9	10	4348
9	11	-7812
9	12	-3252
9	13	7692
9	14	-4500
9	15	-60
9	16	4652
9	17	13164
9	18	4652
9	19	7084
9	20	-9668
9	21	-1460
9	22	-1612
9	23	-10276
9	24	-1612
9	25	7964
9	26	3252
9	27	5564
9	28	-852
9	29	-2068
9	30	4468
9	31	3436
9	32	1612
9	33	-8420
9	34	2796
9	35	4044
9	36	-92
9	37	-5228
10	11	-4652
10	12	2340
10	13	14500
10	14	5412
10	15	-6628
10	16	-5564
10	17	-8300
10	18	5988
10	19	-7996
10	20	4804
10	21	-3404
10	22	-9028
10	23	-364
10	24	8300
10	25	-7052
10	26	9212
10	27	-700
10	28	-4012
10	29	-14348
10	30	2220
10	31	-4348
10	32	3252
10	33	-4044
10	34	-1884
10	35	820
10	36	6780
10	37	-1460
11	12	-8604
11	13	-2220
11	14	10580
11	15	5532
11	16	-10732
11	17	-7692
11	18	820
11	19	-1612
11	20	4196
11	21	-4012
11	22	1916
11	23	4804
11	24	1916
11	25	3892
11	26	2828
11	27	-5868
11	28	1156
11	29	2372
11	30	-4164
11	31	-3740
11	32	-1916
11	33	8116
11	34	-2492
11	35	7204
11	36	396
11	37	-6628
12	13	-1004
12	14	3588
12	15	-4804
12	16	-3740
12	17	5076
12	18	-3740
12	19	-11948
12	20	2980
12	21	12100
12	22	-5076
12	23	9364
12	24	6476
12	25	2676
12	26	1612
12	27	1124
12	28	11492
12	29	-4620
12	30	-5380
12	31	9028
12	32	-700
12	33	-2220
12	34	-3708
12	35	-14684
12	36	4956
12	37	17692
13	14	2980
13	15	-15748
13	16	-8908
13	17	-5868
13	18	14196
13	19	-5564
13	20	8148
13	21	-5836
13	22	-5684
13	23	-2796
13	24	5868
13	25	-9484
13	26	1004
13	27	7508
13	28	-668
13	29	-11004
13	30	5564
13	31	-1916
13	32	5684
13	33	-7388
13	34	-10092
13	35	3252
13	36	4348
13	37	-4804
14	15	1004
14	16	-17388
14	17	-8876
14	18	-60
14	19	-9180
14	20	6596
14	21	-2524
14	22	-8452
14	23	212
14	24	8876
14	25	1124
14	26	2188
14	27	852
14	28	9636
14	29	-3132
14	30	3404
14	31	-7052
14	32	8452
14	33	4196
14	34	-4044
14	35	-668
14	36	-1156
14	37	7388
15	16	4620
15	17	1884
15	18	-6932
15	19	2188
15	20	-5380
15	21	-2036
15	22	3892
15	23	1004
15	24	-1884
15	25	11644
15	26	4804
15	27	-7844
15	28	-2644
15	29	4348
15	30	-2188
15	31	60
15	32	-9668
15	33	364
15	34	11036
15	35	5228
15	36	2372
15	37	2948
16	17	8724
16	18	-5868
16	19	9028
16	20	-6444
16	21	2676
16	22	-2948
16	23	-60
16	24	-2948
16	25	4804
16	26	-2036
16	27	-1004
16	28	-3708
16	29	3284
16	30	8300
16	31	1124
16	32	-2828
16	33	1428
16	34	15748
16	35	-5260
16	36	-10244
16	37	-1764
17	18	-8604
17	19	12068
17	20	-21036
17	21	5412
17	22	5564
17	23	-3100
17	24	-212
17	25	13316
17	26	6476
17	27	7812
17	28	-972
17	29	11796
17	30	-6292
17	31	4164
17	32	-5564
17	33	-7084
17	34	6932
17	35	-7996
17	36	-1732
17	37	1276
18	19	-2524
18	20	5108
18	21	-8876
18	22	-2948
18	23	-5836
18	24	2828
18	25	-972
18	26	-7812
18	27	-1004
18	28	7844
18	29	-14044
18	30	8300
18	31	1124
18	32	-2828
18	33	-4348
18	34	-7356
18	35	12068
18	36	1308
18	37	-1764
19	20	-15564
19	21	5108
19	22	11036
19	23	-9180
19	24	-6292
19	25	1460
19	26	-5380
19	27	-3436
19	28	-1276
19	29	5716
19	30	-820
19	31	-1308
19	32	-5260
19	33	4772
19	34	852
19	35	-1916
19	36	-13588
19	37	-4196
20	21	3860
20	22	-7844
20	23	6596
20	24	-2068
20	25	-15596
20	26	-8756
20	27	244
20	28	4468
20	29	-8300
20	30	9788
20	31	3892
20	32	13620
20	33	3588
20	34	-9212
20	35	-1276
20	36	-548
20	37	1004
21	22	364
21	23	9028
21	24	-5412
21	25	-1612
21	26	-6324
21	27	3588
21	28	6900
21	29	-92
21	30	668
21	31	7236
21	32	5412
21	33	12708
21	34	-1004
21	35	-15260
21	36	-9668
21	37	10124
22	23	3100
22	24	-17116
22	25	4012
22	26	-6476
22	27	3740
22	28	-4804
22	29	11308
22	30	-5260
22	31	1612
22	32	-5988
22	33	7084
22	34	-1156
22	35	2220
22	36	-4044
22	37	-1276
23	24	-2676
23	25	1124
23	26	2188
23	27	6628
23	28	3860
23	29	2644
23	30	-2372
23	31	-1276
23	32	2676
23	33	15748
23	34	1732
23	35	-6444
23	36	-6932
23	37	7388
24	25	-1764
24	26	16628
24	27	-2036
24	28	972
24	29	-11796
24	30	-5260
24	31	-9940
24	32	-212
24	33	-10244
24	34	-1156
24	35	-3556
24	36	7508
24	37	4500
25	26	3100
25	27	-60
25	28	4772
25	29	3556
25	30	-1460
25	31	-2188
25	32	-9788
25	33	3284
25	34	8420
25	35	4196
25	36	-244
25	37	6476
26	27	-1124
26	28	-11492
26	29	-1156
26	30	-11948
26	31	-9028
26	32	-5076
26	33	-9332
26	34	3708
26	35	3132
26	36	12372
26	37	-364
27	28	-2796
27	29	4196
27	30	9212
27	31	-5564
27	32	13588
27	33	6292
27	34	5108
27	35	-6172
27	36	-9332
27	37	3100
28	29	-5260
28	30	1276
28	31	6628
28	32	4804
28	33	6324
28	34	-6172
28	35	-4316
28	36	-9060
28	37	9516
29	30	-5716
29	31	2068
29	32	244
29	33	1764
29	34	4164
29	35	-3100
29	36	-4500
29	37	-6596
30	31	1308
30	32	5260
30	33	6780
30	34	10700
30	35	1916
30	36	-15292
30	37	4196
31	32	-7388
31	33	-8908
31	34	2980
31	35	-4044
31	36	5868
31	37	-548
32	33	10244
32	34	-4620
32	35	-7996
32	36	-13284
32	37	-4500
33	34	2676
33	35	-3740
33	36	-23316
33	37	5532
34	35	-2188
34	36	-5412
34	37	92
35	36	6476
35	37	-6932
36	37	-2796
