0	1	704
0	2	8704
0	3	-10656
0	4	-12896
0	5	-416
0	6	-9024
0	7	2624
0	8	13376
0	9	2464
0	10	-4224
0	11	31264
0	12	5664
0	13	5984
0	14	-7616
0	15	3584
0	16	8704
0	17	3296
0	18	-3776
0	19	-2304
0	20	-736
0	21	-3584
0	22	-17504
0	23	-11136
0	24	9216
0	25	1024
0	26	3904
0	27	-704
0	28	8064
0	29	-3776
0	30	4544
0	31	416
0	32	1216
0	33	10944
0	34	-2496
0	35	1536
0	36	-16416
0	37	-416
0	38	9024
0	39	-9184
1	2	13056
1	3	6816
1	4	2656
1	5	2976
1	6	64
1	7	6336
1	8	-3136
1	9	-19104
1	10	1664
1	11	9696
1	12	-9504
1	13	-3424
1	14	-9024
1	15	-7424
1	16	-25344
1	17	6944
1	18	12736
1	19	-13056
1	20	-3104
1	21	-11776
1	22	-4256
1	23	-5504
1	24	-5376
1	25	1536
1	26	-7744
1	27	-8256
1	28	-5504
1	29	-19264
1	30	-21184
1	31	-9376
1	32	2624
1	33	-1984
1	34	-1344
1	35	-4096
1	36	-6624
1	37	2976
1	38	-64
1	39	13024
2	3	5216
2	4	-11744
2	5	14176
2	6	1664
2	7	-1664
2	8	-1536
2	9	-14304
2	10	3264
2	11	20896
2	12	-11104
2	13	7776
2	14	-4224
2	15	3776
2	16	-1344
2	17	-4256
2	18	11136
2	19	1344
2	20	-4704
2	21	-3776
2	22	-9056
2	23	-13504
2	24	15424
2	25	-6464
2	26	-9344
2	27	-13056
2	28	5696
2	29	-14464
2	30	-16384
2	31	-20576
2	32	10624
2	33	-16384
2	34	-9344
2	35	-15296
2	36	-14624
2	37	-17824
2	38	4736
2	39	1824
3	4	-11584
3	5	1536
3	6	7904
3	7	17696
3	8	11104
3	9	-1344
3	10	-3296
3	11	8256
3	12	8256
3	13	-4864
3	14	8736
3	15	3936
3	16	-7584
3	17	14784
3	18	-1504
3	19	7584
3	20	-4544
3	21	2464
3	22	3584
3	23	-6944
3	24	-3936
3	25	96
3	26	-9184
3	27	5984
3	28	-26144
3	29	11296
3	30	-3424
3	31	-14336
3	32	10464
3	33	-3424
3	34	-9184
3	35	-2656
3	36	-8064
3	37	7936
3	38	-1504
3	39	8064
4	5	-2624
4	6	-7136
4	7	-12064
4	8	-3936
4	9	-5504
4	10	-5536
4	11	-8704
4	12	-2304
4	13	10176
4	14	-1824
4	15	-224
4	16	1056
4	17	12544
4	18	7136
4	19	5344
4	20	-8704
4	21	224
4	22	7744
4	23	1696
4	24	-12576
4	25	8736
4	26	5856
4	27	22944
4	28	14496
4	29	-18464
4	30	-7584
4	31	9024
4	32	-23776
4	33	-20384
4	34	12256
4	35	-4896
4	36	576
4	37	-2624
4	38	-12064
4	39	5824
5	6	11744
5	7	-11744
5	8	2144
5	9	-11584
5	10	544
5	11	4416
5	12	10816
5	13	4096
5	14	-1504
5	15	12896
5	16	-11424
5	17	-13376
5	18	7456
5	19	11424
5	20	4416
5	21	12704
5	22	1024
5	23	-17184
5	24	6304
5	25	2656
5	26	-6624
5	27	-2976
5	28	8416
5	29	-11744
5	30	-13664
5	31	-4096
5	32	1504
5	33	-864
5	34	-13024
5	35	-11616
5	36	896
5	37	-15104
5	38	7456
5	39	5504
6	7	1984
6	8	1216
6	9	1824
6	10	9216
6	11	-1376
6	12	-7776
6	13	-13856
6	14	-1856
6	15	9344
6	16	-4736
6	17	-2464
6	18	1984
6	19	17536
6	20	5024
6	21	-15744
6	22	8736
6	23	-5376
6	24	-2944
6	25	13184
6	26	9664
6	27	-64
6	28	-5376
6	29	14784
6	30	-8896
6	31	1056
6	32	1856
6	33	10304
6	34	3264
6	35	-4224
6	36	8544
6	37	-7456
6	38	14784
6	39	-8544
7	8	5184
7	9	17376
7	10	3584
7	11	7776
7	12	-5024
7	13	-5344
7	14	-4544
7	15	9856
7	16	-8064
7	17	-3936
7	18	-14784
7	19	14464
7	20	-11424
7	21	-16256
7	22	4064
7	23	5376
7	24	2944
7	25	-13184
7	26	3136
7	27	-12736
7	28	-13824
7	29	-8384
7	30	2496
7	31	-1056
7	32	10944
7	33	8896
7	34	-3264
7	35	4224
7	36	-8544
7	37	1056
7	38	-1984
7	39	-4256
8	9	5024
8	10	-6784
8	11	21024
8	12	1824
8	13	2144
8	14	7744
8	15	12544
8	16	4864
8	17	7136
8	18	5184
8	19	7936
8	20	-10976
8	21	256
8	22	-7264
8	23	-14976
8	24	256
8	25	9984
8	26	25664
8	27	3136
8	28	10624
8	29	-14016
8	30	7104
8	31	-14944
8	32	-1344
8	33	-5696
8	34	-12736
8	35	-1024
8	36	-7456
8	37	2144
8	38	-1216
8	39	1056
9	10	-15776
9	11	1536
9	12	-4864
9	13	-5184
9	14	-17184
9	15	3616
9	16	4896
9	17	8704
9	18	-21024
9	19	14304
9	20	-11264
9	21	-3616
9	22	-2496
9	23	5536
9	24	15584
9	25	-224
9	26	16096
9	27	6304
9	28	5536
9	29	4576
9	30	15456
9	31	5184
9	32	-2016
9	33	9056
9	34	-3104
9	35	4064
9	36	-8384
9	37	-5184
9	38	17376
9	39	-10816
10	11	6624
10	12	224
10	13	13344
10	14	18944
10	15	4544
10	16	3264
10	17	-16864
10	18	3584
10	19	-3264
10	20	-6176
10	21	-4544
10	22	-12064
10	23	15424
10	24	14656
10	25	-4416
10	26	-14336
10	27	-14464
10	28	-10176
10	29	3584
10	30	-896
10	31	12256
10	32	6656
10	33	-896
10	34	11264
10	35	-12224
10	36	-2656
10	37	-12256
10	38	3584
10	39	-3744
11	12	-1664
11	13	4416
11	14	-7584
11	15	416
11	16	1696
11	17	11904
11	18	1376
11	19	4704
11	20	-20864
11	21	-6816
11	22	-12096
11	23	-4064
11	24	18784
11	25	-3424
11	26	96
11	27	3104
11	28	8736
11	29	-11424
11	30	-544
11	31	-4416
11	32	-11616
11	33	-544
11	34	6496
11	35	-11936
11	36	-17984
11	37	-8384
11	38	1376
11	39	5184
12	13	4416
12	14	-7584
12	15	-5984
12	16	8096
12	17	11904
12	18	-11424
12	19	-14496
12	20	-1664
12	21	12384
12	22	7104
12	23	2336
12	24	5984
12	25	-9824
12	26	-6304
12	27	22304
12	28	2336
12	29	14176
12	30	5856
12	31	-4416
12	32	1184
12	33	5856
12	34	96
12	35	864
12	36	7616
12	37	4416
12	38	-17824
12	39	-7616
13	14	4896
13	15	-6304
13	16	14176
13	17	-576
13	18	7456
13	19	5024
13	20	-1984
13	21	12704
13	22	-5376
13	23	-10784
13	24	6304
13	25	-16544
13	26	-224
13	27	-2976
13	28	2016
13	29	-11744
13	30	-13664
13	31	-4096
13	32	-4896
13	33	-20064
13	34	-224
13	35	1184
13	36	7296
13	37	-8704
13	38	-5344
13	39	-7296
14	15	7296
14	16	-10624
14	17	-7776
14	18	14656
14	19	-8576
14	20	-1184
14	21	11904
14	22	-6176
14	23	9216
14	24	5504
14	25	3456
14	26	-5824
14	27	-3776
14	28	-16384
14	29	14656
14	30	-6464
14	31	7904
14	32	704
14	33	-64
14	34	-5824
14	35	384
14	36	1696
14	37	4896
14	38	-4544
14	39	4704
15	16	-9024
15	17	-22176
15	18	-15744
15	19	21824
15	20	-18784
15	21	-2496
15	22	-7776
15	23	-1984
15	24	3904
15	25	-7744
15	26	8576
15	27	-11776
15	28	-1984
15	29	3456
15	30	1536
15	31	-96
15	32	11904
15	33	-4864
15	34	2176
15	35	-1216
15	36	-3104
15	37	-6304
15	38	3456
15	39	9504
16	17	2144
16	18	-1664
16	19	1344
16	20	8096
16	21	9024
16	22	-9056
16	23	-13504
16	24	2624
16	25	-64
16	26	9856
16	27	-256
16	28	12096
16	29	-8064
16	30	9216
16	31	-1376
16	32	-2176
16	33	-3584
16	34	-15744
16	35	-2496
16	36	10976
16	37	-11424
16	38	-8064
16	39	-10976
17	18	2464
17	19	-14944
17	20	-7296
17	21	2976
17	22	8256
17	23	1504
17	24	-3424
17	25	7264
17	26	3744
17	27	18656
17	28	20704
17	29	8864
17	30	-2016
17	31	6976
17	32	-11424
17	33	4384
17	34	-2656
17	35	-11104
17	36	-3776
17	37	-6976
17	38	-3936
17	39	-2624
18	19	-4736
18	20	7776
18	21	2944
18	22	4064
18	23	-26624
18	24	-3456
18	25	18816
18	26	3136
18	27	64
18	28	5376
18	29	-14784
18	30	-10304
18	31	-1056
18	32	-1856
18	33	-3904
18	34	-3264
18	35	-2176
18	36	4256
18	37	1056
18	38	-8384
18	39	21344
19	20	-8096
19	21	-9024
19	22	2656
19	23	-12096
19	24	-9024
19	25	64
19	26	2944
19	27	-6144
19	28	704
19	29	-11136
19	30	3584
19	31	1376
19	32	-4224
19	33	-9216
19	34	2944
19	35	-10304
19	36	1824
19	37	-1376
19	38	1664
19	39	-8224
20	21	5984
20	22	-5696
20	23	-16864
20	24	-13216
20	25	15776
20	26	-12704
20	27	3104
20	28	-4064
20	29	14176
20	30	-19744
20	31	1984
20	32	7584
20	33	12256
20	34	-12704
20	35	20064
20	36	1216
20	37	23616
20	38	1376
20	39	-1216
21	22	-17824
21	23	-10816
21	24	8896
21	25	7744
21	26	-8576
21	27	11776
21	28	8384
21	29	9344
21	30	4864
21	31	-6304
21	32	-11904
21	33	-1536
21	34	-8576
21	35	7616
21	36	3104
21	37	-6496
21	38	-9856
21	39	-3104
22	23	3104
22	24	-17824
22	25	-10336
22	26	11744
22	27	4256
22	28	-9696
22	29	10464
22	30	-416
22	31	-1024
22	32	-6624
22	33	-6816
22	34	5344
22	35	-6304
22	36	23424
22	37	7424
22	38	-8736
22	39	-4224
23	24	1984
23	25	-12224
23	26	-8704
23	27	5504
23	28	-6464
23	29	11776
23	30	16256
23	31	10784
23	32	9984
23	33	-2944
23	34	29696
23	35	-9536
23	36	-7584
23	37	-4384
23	38	-1024
23	39	-5216
24	25	1344
24	26	-2176
24	27	-7424
24	28	1984
24	29	2944
24	30	4864
24	31	96
24	32	-5504
24	33	-1536
24	34	-2176
24	35	1216
24	36	-9696
24	37	-12896
24	38	9344
24	39	-3104
25	26	-1664
25	27	4864
25	28	13376
25	29	-384
25	30	4096
25	31	-2656
25	32	2944
25	33	-2304
25	34	-8064
25	35	15424
25	36	-19744
25	37	9056
25	38	6016
25	39	-5856
26	27	7744
26	28	10496
26	29	-9664
26	30	7616
26	31	-6176
26	32	-6976
26	33	-11584
26	34	1856
26	35	5504
26	36	9376
26	37	-13024
26	38	9536
26	39	3424
27	28	5504
27	29	12864
27	30	-4416
27	31	-3424
27	32	-15424
27	33	-4416
27	34	20544
27	35	4096
27	36	-6176
27	37	9824
27	38	-6336
27	39	-224
28	29	-13824
28	30	-2944
28	31	17184
28	32	-9216
28	33	3456
28	34	-2304
28	35	-9536
28	36	-1184
28	37	-23584
28	38	-7424
28	39	-5216
29	30	2496
29	31	11744
29	32	-1856
29	33	15296
29	34	9536
29	35	10624
29	36	4256
29	37	13856
29	38	4416
29	39	-10656
30	31	864
30	32	64
30	33	-5824
30	34	14016
30	35	-256
30	36	-10464
30	37	-864
30	38	2496
30	39	-2336
31	32	-7904
31	33	20064
31	34	13024
31	35	-7584
31	36	11904
31	37	-4096
31	38	-1056
31	39	-5504
32	33	-6336
32	34	-576
32	35	-384
32	36	-8096
32	37	1504
32	38	4544
32	39	-4704
33	34	-11584
33	35	6144
33	36	8736
33	37	5536
33	38	2496
33	39	4064
34	35	-896
34	36	-3424
34	37	6176
34	38	-9664
34	39	3424
35	36	-2016
35	37	33184
35	38	4224
35	39	8416
36	37	896
36	38	-14944
36	39	-4096
37	38	-11744
37	39	5504
38	39	-4256
