0	1	3060
0	2	5100
0	3	500
0	4	14220
0	5	12980
0	6	-21140
0	7	-10060
0	8	-4620
0	9	-4140
0	10	-20
0	11	11220
0	12	17140
0	13	-1300
0	14	-2420
0	15	8340
0	16	8980
0	17	2740
0	18	-1580
0	19	140
0	20	8020
0	21	5260
0	22	2540
0	23	1100
0	24	4020
0	25	340
0	26	7060
0	27	1460
0	28	7820
0	29	4340
0	30	-10700
0	31	8660
0	32	7660
0	33	-7500
0	34	-3540
0	35	-7980
0	36	-5940
0	37	-13780
0	38	5940
0	39	-4620
1	2	4660
1	3	8940
1	4	-4460
1	5	9260
1	6	5300
1	7	6700
1	8	7660
1	9	13580
1	10	-3020
1	11	-1780
1	12	-7700
1	13	11060
1	14	5780
1	15	1100
1	16	-5940
1	17	300
1	18	4620
1	19	-9580
1	20	-4980
1	21	17300
1	22	820
1	23	15060
1	24	5420
1	25	-3700
1	26	2380
1	27	-17620
1	28	1940
1	29	-1300
1	30	7340
1	31	7180
1	32	8500
1	33	4140
1	34	6900
1	35	-14580
1	36	2900
1	37	4340
1	38	-2900
1	39	1260
2	3	8500
2	4	-180
2	5	1780
2	6	9260
2	7	10740
2	8	-3020
2	9	10260
2	10	-8020
2	11	12820
2	12	5940
2	13	-2900
2	14	-16820
2	15	3540
2	16	16980
2	17	-14860
2	18	19220
2	19	4940
2	20	9620
2	21	10060
2	22	7340
2	23	-500
2	24	-7180
2	25	-10860
2	26	-4140
2	27	-16140
2	28	-19380
2	29	18740
2	30	3700
2	31	10260
2	32	-340
2	33	-12300
2	34	1260
2	35	20
2	36	11660
2	37	3820
2	38	-5260
2	39	3380
3	4	5780
3	5	-980
3	6	2740
3	7	9260
3	8	-8980
3	9	9740
3	10	13620
3	11	7180
3	12	7660
3	13	2100
3	14	3220
3	15	-2740
3	16	3020
3	17	-3540
3	18	13580
3	19	660
3	20	-2420
3	21	21140
3	22	11060
3	23	6100
3	24	-17620
3	25	-7540
3	26	4940
3	27	-2260
3	28	-13420
3	29	7660
3	30	-15700
3	31	16140
3	32	-6860
3	33	-12500
3	34	4340
3	35	780
3	36	340
3	37	14580
3	38	6060
3	39	3820
4	5	24660
4	6	-20020
4	7	8020
4	8	-5740
4	9	13940
4	10	7500
4	11	10100
4	12	3220
4	13	6220
4	14	-7700
4	15	820
4	16	1460
4	17	-4780
4	18	-2700
4	19	1260
4	20	500
4	21	-20
4	22	-9140
4	23	-16980
4	24	-3500
4	25	-7180
4	26	-460
4	27	6740
4	28	15340
4	29	3220
4	30	-11820
4	31	1140
4	32	8780
4	33	-2220
4	34	-15220
4	35	-2700
4	36	-11220
4	37	140
4	38	11220
4	39	-12140
5	6	8820
5	7	15980
5	8	-2260
5	9	16460
5	10	6900
5	11	1100
5	12	-11220
5	13	14580
5	14	9300
5	15	10380
5	16	9740
5	17	9580
5	18	1100
5	19	-6060
5	20	-8500
5	21	1620
5	22	-2060
5	23	-620
5	24	-4500
5	25	18380
5	26	-1140
5	27	4460
5	28	11860
5	29	1580
5	30	3820
5	31	-2740
5	32	12020
5	33	620
5	34	-15180
5	35	-18100
5	36	6420
5	37	7860
5	38	6380
5	39	-21460
6	7	4980
6	8	10420
6	9	10900
6	10	-15060
6	11	660
6	12	-6220
6	13	9260
6	14	8140
6	15	4180
6	16	-1580
6	17	11380
6	18	13460
6	19	-2100
6	20	-15340
6	21	3020
6	22	300
6	23	18060
6	24	-140
6	25	2580
6	26	2900
6	27	10100
6	28	-820
6	29	180
6	30	10740
6	31	-1900
6	32	5420
6	33	7540
6	34	-5780
6	35	660
6	36	4620
6	37	22380
6	38	-11020
6	39	-2380
7	8	-17620
7	9	20300
7	10	3060
7	11	-14260
7	12	-7380
7	13	10740
7	14	18260
7	15	-11380
7	16	19980
7	17	620
7	18	11340
7	19	-9900
7	20	-17460
7	21	4180
7	22	6900
7	23	-4460
7	24	-660
7	25	-16180
7	26	-10100
7	27	-10900
7	28	1620
7	29	-980
7	30	7660
7	31	13900
7	32	-4620
7	33	4460
7	34	180
7	35	-20660
7	36	2580
7	37	4020
7	38	3820
7	39	1580
8	9	2060
8	10	2100
8	11	5900
8	12	-20
8	13	9780
8	14	-1900
8	15	-4020
8	16	-17460
8	17	7980
8	18	-13300
8	19	-4460
8	20	-10100
8	21	22420
8	22	18740
8	23	980
8	24	6700
8	25	16780
8	26	10060
8	27	2860
8	28	-12140
8	29	-19220
8	30	21420
8	31	8460
8	32	7220
8	33	18220
8	34	12020
8	35	18700
8	36	14420
8	37	9460
8	38	-1620
8	39	-10260
9	10	2580
9	11	-13780
9	12	-500
9	13	-2540
9	14	11380
9	15	1900
9	16	7660
9	17	1100
9	18	24620
9	19	15220
9	20	-10580
9	21	22900
9	22	20
9	23	-4940
9	24	-6580
9	25	-2900
9	26	-9620
9	27	2380
9	28	13940
9	29	-500
9	30	8140
9	31	1580
9	32	1300
9	33	11340
9	34	6100
9	35	-7380
9	36	2100
9	37	9940
9	38	-2100
9	39	-10740
10	11	5140
10	12	-14540
10	13	-8020
10	14	3660
10	15	-4140
10	16	9300
10	17	9460
10	18	-1260
10	19	-180
10	20	1940
10	21	4940
10	22	2220
10	23	-5620
10	24	4340
10	25	660
10	26	7380
10	27	1780
10	28	-18100
10	29	-8140
10	30	2420
10	31	8980
10	32	-11860
10	33	-7180
10	34	8940
10	35	-7660
10	36	6540
10	37	5100
10	38	-140
10	39	-4300
11	12	3340
11	13	6420
11	14	1140
11	15	12140
11	16	-7700
11	17	-7860
11	18	-3540
11	19	-7820
11	20	-340
11	21	-140
11	22	2580
11	23	16820
11	24	-9140
11	25	940
11	26	7020
11	27	6220
11	28	-15500
11	29	16140
11	30	-820
11	31	-7380
11	32	10260
11	33	-16820
11	34	-16940
11	35	9260
11	36	-8140
11	37	-6700
11	38	-4660
11	39	-13300
12	13	-13260
12	14	660
12	15	-180
12	16	-20020
12	17	-20180
12	18	3340
12	19	10900
12	20	-6260
12	21	5780
12	22	27700
12	23	3540
12	24	-2260
12	25	-17780
12	26	13900
12	27	6700
12	28	-3180
12	29	3820
12	30	-6740
12	31	12300
12	32	-15820
12	33	-9940
12	34	-4620
12	35	3340
12	36	-15020
12	37	-7180
12	38	-4180
12	39	-20
13	14	-4020
13	15	-9260
13	16	4180
13	17	17140
13	18	-6380
13	19	-14260
13	20	-15980
13	21	3660
13	22	940
13	23	-500
13	24	-7180
13	25	14740
13	26	8660
13	27	-3340
13	28	6220
13	29	-460
13	30	16500
13	31	3860
13	32	6060
13	33	500
13	34	-5140
13	35	-12780
13	36	5260
13	37	-2580
13	38	1140
13	39	3380
14	15	17460
14	16	-7500
14	17	11860
14	18	1140
14	19	-2580
14	20	-14860
14	21	2540
14	22	6220
14	23	11180
14	24	340
14	25	-9740
14	26	-3020
14	27	10580
14	28	5100
14	29	7060
14	30	11220
14	31	4980
14	32	-1460
14	33	14420
14	34	140
14	35	-18060
14	36	-8660
14	37	2700
14	38	-4140
14	39	-21100
15	16	-4820
15	17	7820
15	18	-7060
15	19	2100
15	20	2540
15	21	-3020
15	22	-300
15	23	7540
15	24	-12660
15	25	3820
15	26	3500
15	27	15500
15	28	820
15	29	12620
15	30	-10740
15	31	-17300
15	32	7380
15	33	-7540
15	34	-13420
15	35	5740
15	36	-4620
15	37	3220
15	38	-14580
15	39	-16820
16	17	7180
16	18	5100
16	19	2740
16	20	8300
16	21	4020
16	22	-12460
16	23	-11020
16	24	-500
16	25	-3220
16	26	-3540
16	27	-17140
16	28	1460
16	29	5580
16	30	-11380
16	31	1260
16	32	1620
16	33	-8180
16	34	6420
16	35	-14100
16	36	2420
16	37	-2540
16	38	3980
16	39	8140
17	18	-1460
17	19	2900
17	20	-11060
17	21	10580
17	22	-12300
17	23	-4460
17	24	-660
17	25	15820
17	26	2700
17	27	8300
17	28	1620
17	29	-13780
17	30	1260
17	31	1100
17	32	1780
17	33	17260
17	34	6580
17	35	-14260
17	36	2580
17	37	16820
17	38	-8980
17	39	1580
18	19	11380
18	20	-340
18	21	6260
18	22	-10220
18	23	4020
18	24	-9140
18	25	-5460
18	26	-12180
18	27	-180
18	28	10100
18	29	3340
18	30	-7220
18	31	5420
18	32	-2540
18	33	2380
18	34	15060
18	35	-9940
18	36	-1740
18	37	6100
18	38	1740
18	39	-500
19	20	20980
19	21	11500
19	22	-4020
19	23	-5460
19	24	-2220
19	25	-5900
19	26	7220
19	27	8020
19	28	-5140
19	29	10900
19	30	-4140
19	31	-3980
19	32	-5300
19	33	5460
19	34	15500
19	35	-1420
19	36	-6100
19	37	-7540
19	38	6100
19	39	-10860
20	21	-9740
20	22	-7020
20	23	-5580
20	24	460
20	25	-2260
20	26	-8980
20	27	-3380
20	28	500
20	29	6540
20	30	-23220
20	31	-4180
20	32	660
20	33	-820
20	34	5460
20	35	12460
20	36	7860
20	37	-16300
20	38	4940
20	39	-3700
21	22	20300
21	23	-340
21	24	-13740
21	25	8180
21	26	8500
21	27	-9900
21	28	-6420
21	29	-7020
21	30	3540
21	31	10100
21	32	-12980
21	33	340
21	34	7820
21	35	6260
21	36	-980
21	37	3980
21	38	7380
21	39	-3180
22	23	3340
22	24	-4620
22	25	-1900
22	26	17620
22	27	-780
22	28	-15540
22	29	-4300
22	30	19060
22	31	12820
22	32	-15700
22	33	-16140
22	34	-1300
22	35	15380
22	36	2700
22	37	-5140
22	38	-2700
22	39	-6860
23	24	-3180
23	25	5940
23	26	12660
23	27	19860
23	28	-4180
23	29	16340
23	30	7700
23	31	-4940
23	32	-4340
23	33	-1900
23	34	-9140
23	35	-2380
23	36	1260
23	37	12620
23	38	-14060
23	39	-5420
24	25	-17460
24	26	1420
24	27	-5780
24	28	2900
24	29	-8660
24	30	6380
24	31	12620
24	32	22260
24	33	15980
24	34	14260
24	35	-15540
24	36	-2540
24	37	-1100
24	38	2540
24	39	300
25	26	-1300
25	27	10700
25	28	-780
25	29	-4980
25	30	3660
25	31	-15700
25	32	5780
25	33	6860
25	34	-2220
25	35	7340
25	36	32180
25	37	1620
25	38	-180
25	39	-8820
26	27	16780
26	28	-13260
26	29	1100
26	30	9740
26	31	9580
26	32	-13100
26	33	-25460
26	34	10900
26	35	-5780
26	36	500
26	37	1940
26	38	-6900
26	39	-2740
27	28	340
27	29	-6100
27	30	-3860
27	31	-16820
27	32	-12300
27	33	5740
27	34	-7500
27	35	-180
27	36	7700
27	37	9140
27	38	-7700
27	39	-22740
28	29	-3180
28	30	-5420
28	31	-5260
28	32	2380
28	33	4180
28	34	-15220
28	35	-2700
28	36	-24020
28	37	-12660
28	38	-1580
28	39	-5740
29	30	6060
29	31	-500
29	32	9780
29	33	-16340
29	34	-4620
29	35	-9460
29	36	-2220
29	37	-780
29	38	-4180
29	39	6380
30	31	8140
30	32	1140
30	33	-1300
30	34	5940
30	35	-7220
30	36	1940
30	37	-3020
30	38	-1940
30	39	-4180
31	32	7700
31	33	-7860
31	34	25300
31	35	-13780
31	36	-4300
31	37	-2860
31	38	-2100
31	39	8460
32	33	4340
32	34	16620
32	35	-2540
32	36	1420
32	37	-20
32	38	11380
32	39	820
33	34	2740
33	35	-4020
33	36	17940
33	37	19380
33	38	7660
33	39	-13780
34	35	-16940
34	36	15820
34	37	-4820
34	38	16180
34	39	12020
35	36	-1740
35	37	6100
35	38	-4660
35	39	-500
36	37	11980
36	38	-620
36	39	1620
37	38	-5580
37	39	3060
38	39	-8020
