0	1	2724
0	2	6244
0	3	-5924
0	4	14396
0	5	644
0	6	-8476
0	7	-2404
0	8	8476
0	9	4644
0	10	-6876
0	11	-16156
0	12	-4324
0	13	-15836
0	14	-5116
0	15	4484
0	16	-6716
0	17	3036
0	18	-4164
0	19	1924
0	20	7996
0	21	-10564
0	22	17436
0	23	-3524
0	24	-164
0	25	10396
0	26	-10236
0	27	-164
0	28	-6876
0	29	4956
0	30	4316
0	31	-13444
0	32	17124
0	33	7196
0	34	3364
0	35	2076
0	36	10564
0	37	-9436
0	38	4484
0	39	-9444
1	2	-1916
1	3	8636
1	4	16156
1	5	-1116
1	6	8964
1	7	12156
1	8	3836
1	9	9284
1	10	-2236
1	11	-17916
1	12	10236
1	13	1604
1	14	-6876
1	15	2724
1	16	10724
1	17	-1604
1	18	-8804
1	19	164
1	20	-9444
1	21	-2404
1	22	6396
1	23	4636
1	24	1596
1	25	5756
1	26	7204
1	27	1596
1	28	4164
1	29	-6084
1	30	6076
1	31	1116
1	32	-10236
1	33	-16644
1	34	-11196
1	35	10236
1	36	-16796
1	37	-4796
1	38	2724
1	39	-14084
2	3	-7684
2	4	6236
2	5	-10396
2	6	-6716
2	7	2236
2	8	6716
2	9	-19196
2	10	1284
2	11	-14396
2	12	316
2	13	11524
2	14	3044
2	15	-6556
2	16	-4956
2	17	-5124
2	18	-25124
2	19	-9116
2	20	-6564
2	21	476
2	22	15676
2	23	-5284
2	24	-1924
2	25	-16964
2	26	-8476
2	27	-8324
2	28	-17916
2	29	22396
2	30	-10244
2	31	3996
2	32	-6716
2	33	11836
2	34	5124
2	35	6716
2	36	5924
2	37	-1276
2	38	-6556
2	39	-17604
3	4	-156
3	5	-8484
3	6	-5764
3	7	-2556
3	8	-636
3	9	13116
3	10	-964
3	11	8316
3	12	18564
3	13	7996
3	14	10076
3	15	476
3	16	11676
3	17	4804
3	18	5604
3	19	9436
3	20	-156
3	21	5604
3	22	-15996
3	23	-1436
3	24	8004
3	25	10244
3	26	21596
3	27	-4796
3	28	5436
3	29	-22716
3	30	-2876
3	31	2084
3	32	-5764
3	33	-5756
3	34	-4804
3	35	-13436
3	36	-18404
3	37	-4804
3	38	476
3	39	-8316
4	5	5436
4	6	8156
4	7	9124
4	8	17444
4	9	-11364
4	10	-6244
4	11	-16164
4	12	4644
4	13	-3684
4	14	-8004
4	15	7996
4	16	6396
4	17	-9116
4	18	-27516
4	19	-2244
4	20	-14076
4	21	-14716
4	22	8484
4	23	-8956
4	24	13284
4	25	2724
4	26	-2884
4	27	-5916
4	28	-6244
4	29	-11036
4	30	8804
4	31	-18236
4	32	1756
4	33	-476
4	34	-10084
4	35	17444
4	36	14716
4	37	2716
4	38	1596
4	39	-9436
5	6	6884
5	7	7836
5	8	-484
5	9	804
5	10	-10716
5	11	12004
5	12	5916
5	13	-13276
5	14	-8956
5	15	7044
5	16	-4156
5	17	-5924
5	18	-324
5	19	-14716
5	20	-964
5	21	12476
5	22	2076
5	23	6716
5	24	-2724
5	25	7836
5	26	-1276
5	27	3676
5	28	2084
5	29	-4004
5	30	8156
5	31	-16004
5	32	-12316
5	33	-8164
5	34	5924
5	35	25116
5	36	25924
5	37	-13276
5	38	644
5	39	-12004
6	7	4156
6	8	-4164
6	9	4484
6	10	-636
6	11	-9916
6	12	15036
6	13	3204
6	14	1124
6	15	-8476
6	16	-6876
6	17	22396
6	18	8796
6	19	-4636
6	20	-11044
6	21	8796
6	22	4796
6	23	3036
6	24	-6404
6	25	10556
6	26	21604
6	27	19196
6	28	-636
6	29	5116
6	30	-8324
6	31	12316
6	32	-8636
6	33	-31044
6	34	16004
6	35	8636
6	36	10404
6	37	3204
6	38	-2076
6	39	9916
7	8	2244
7	9	3836
7	10	-10244
7	11	-964
7	12	-10556
7	13	-1284
7	14	-5604
7	15	-8804
7	16	-10404
7	17	1284
7	18	-10716
7	19	-6244
7	20	-10076
7	21	-4316
7	22	-6716
7	23	-11356
7	24	-21116
7	25	324
7	26	5916
7	27	-1916
7	28	-3844
7	29	-7036
7	30	4
7	31	-1436
7	32	-15044
7	33	-2876
7	34	-1284
7	35	8644
7	36	10716
7	37	-7684
7	38	3996
7	39	-11836
8	9	8316
8	10	-12164
8	11	-2884
8	12	-2236
8	13	-9604
8	14	-7524
8	15	-4324
8	16	13276
8	17	-3196
8	18	-21596
8	19	-1764
8	20	-8156
8	21	4004
8	22	-4796
8	23	-3036
8	24	6404
8	25	8644
8	26	-15204
8	27	-19196
8	28	13436
8	29	-5116
8	30	-10876
8	31	484
8	32	-4164
8	33	-956
8	34	-3204
8	35	4164
8	36	15196
8	37	3196
8	38	-4324
8	39	-16316
9	10	-19516
9	11	9604
9	12	8316
9	13	3524
9	14	-11356
9	15	11044
9	16	6244
9	17	2876
9	18	2076
9	19	-4316
9	20	-4964
9	21	8476
9	22	4476
9	23	9116
9	24	-324
9	25	10236
9	26	15524
9	27	-6724
9	28	-316
9	29	-14404
9	30	10556
9	31	18396
9	32	-8316
9	33	-24964
9	34	-2876
9	35	1916
9	36	-8476
9	37	-9276
9	38	-1756
9	39	-3204
10	11	-8316
10	12	13436
10	13	-7996
10	14	2724
10	15	-476
10	16	-5276
10	17	7996
10	18	13596
10	19	-3036
10	20	6556
10	21	-18404
10	22	3196
10	23	-4964
10	24	-8004
10	25	2556
10	26	10404
10	27	-8004
10	28	-5436
10	29	9916
10	30	9276
10	31	-8484
10	32	-7036
10	33	18556
10	34	4804
10	35	636
10	36	-7196
10	37	17604
10	38	-476
10	39	1916
11	12	3516
11	13	8324
11	14	-156
11	15	3044
11	16	-8156
11	17	-1924
11	18	3676
11	19	13284
11	20	3036
11	21	-9124
11	22	-6724
11	23	10716
11	24	1276
11	25	5436
11	26	-5276
11	27	1276
11	28	-1916
11	29	-19204
11	30	12156
11	31	-5604
11	32	-16316
11	33	8636
11	34	1924
11	35	-9284
11	36	-3676
11	37	-10876
11	38	-3356
11	39	4796
12	13	9596
12	14	-7524
12	15	8476
12	16	476
12	17	3204
12	18	-8796
12	19	-1764
12	20	-14556
12	21	10404
12	22	1604
12	23	3364
12	24	-6396
12	25	8644
12	26	16796
12	27	4
12	28	-12164
12	29	-11516
12	30	8324
12	31	-5916
12	32	-16964
12	33	-13756
12	34	9596
12	35	4164
12	36	-16804
12	37	-3204
12	38	-4324
12	39	-9916
13	14	-12636
13	15	-3036
13	16	-1436
13	17	-8644
13	18	3356
13	19	7204
13	20	-16484
13	21	9756
13	22	5756
13	23	-8804
13	24	956
13	25	-14084
13	26	1444
13	27	7356
13	28	-7996
13	29	-324
13	30	-964
13	31	476
13	32	-15996
13	33	-4484
13	34	-10556
13	35	-16004
13	36	-22556
13	37	-16956
13	38	3364
13	39	4476
14	15	-5116
14	16	-9916
14	17	-6564
14	18	11836
14	19	11524
14	20	17596
14	21	11836
14	22	-4964
14	23	12476
14	24	3036
14	25	796
14	26	5764
14	27	15836
14	28	9124
14	29	8156
14	30	-5284
14	31	8956
14	32	13924
14	33	3996
14	34	6564
14	35	-7524
14	36	7364
14	37	12964
14	38	-17916
14	39	156
15	16	-316
15	17	-16164
15	18	-4164
15	19	8324
15	20	-4804
15	21	-4164
15	22	11036
15	23	9276
15	24	12636
15	25	-8804
15	26	-10236
15	27	12636
15	28	-6876
15	29	-1444
15	30	17116
15	31	5756
15	32	-14876
15	33	-5604
15	34	3364
15	35	2076
15	36	-8636
15	37	-15836
15	38	-1916
15	39	-15844
16	17	1436
16	18	-12164
16	19	-2876
16	20	6396
16	21	7036
16	22	-3364
16	23	-5124
16	24	17436
16	25	2396
16	26	-2236
16	27	-20964
16	28	13924
16	29	-9444
16	30	2716
16	31	-2244
16	32	5924
16	33	-7204
16	34	-1436
16	35	6876
16	36	-7036
16	37	-1436
16	38	-13116
16	39	8156
17	18	3044
17	19	-804
17	20	10084
17	21	-3356
17	22	-12156
17	23	-3996
17	24	-7356
17	25	1284
17	26	11356
17	27	5444
17	28	1596
17	29	324
17	30	-11836
17	31	5924
17	32	3196
17	33	-1916
17	34	16956
17	35	-9596
17	36	9756
17	37	10556
17	38	3036
17	39	14724
18	19	11196
18	20	10884
18	21	10244
18	22	-11356
18	23	9604
18	24	-12956
18	25	8484
18	26	10556
18	27	12644
18	28	13596
18	29	7524
18	30	1764
18	31	6724
18	32	2396
18	33	-7516
18	34	3356
18	35	-15196
18	36	-10244
18	37	3356
18	38	8636
18	39	15524
19	20	-2244
19	21	-1604
19	22	-18404
19	23	5436
19	24	2396
19	25	12956
19	26	4
19	27	15196
19	28	-3036
19	29	-5284
19	30	-5924
19	31	1916
19	32	-11036
19	33	3356
19	34	-11996
19	35	-14564
19	36	-23996
19	37	804
19	38	1924
19	39	12316
20	21	-1916
20	22	-4316
20	23	-2556
20	24	6884
20	25	-10076
20	26	-2884
20	27	484
20	28	156
20	29	14564
20	30	2404
20	31	964
20	32	14556
20	33	12324
20	34	15516
20	35	-14556
20	36	14716
20	37	15516
20	38	-4804
20	39	3364
21	22	-11356
21	23	-3196
21	24	-6556
21	25	8484
21	26	10556
21	27	12644
21	28	19996
21	29	7524
21	30	-23836
21	31	324
21	32	2396
21	33	-13916
21	34	3356
21	35	-8796
21	36	-3844
21	37	-3044
21	38	-16964
21	39	-3676
22	23	7204
22	24	3844
22	25	-13116
22	26	156
22	27	3844
22	28	-16004
22	29	5124
22	30	12164
22	31	-2076
22	32	4796
22	33	-3516
22	34	5756
22	35	14404
22	36	4956
22	37	-13444
22	38	-14564
22	39	-18876
23	24	-7196
23	25	-4956
23	26	-1604
23	27	12004
23	28	1436
23	29	-12316
23	30	13924
23	31	18884
23	32	-3364
23	33	-1756
23	34	10396
23	35	3364
23	36	3196
23	37	10396
23	38	-3524
23	39	-10716
24	25	-1916
24	26	-4644
24	27	2244
24	28	17596
24	29	-2876
24	30	4164
24	31	2724
24	32	12796
24	33	1284
24	34	956
24	35	4
24	36	-6244
24	37	13756
24	38	-6564
24	39	5124
25	26	12316
25	27	-1916
25	28	21756
25	29	-7036
25	30	-6396
25	31	-14236
25	32	-8644
25	33	-2876
25	34	-1284
25	35	2244
25	36	-2084
25	37	-1284
25	38	-2404
25	39	964
26	27	1756
26	28	-8796
26	29	476
26	30	6236
26	31	14076
26	32	2404
26	33	-16484
26	34	-4956
26	35	-2404
26	36	-10556
26	37	14244
26	38	-10236
26	39	-1124
27	28	4796
27	29	9924
27	30	-15036
27	31	2724
27	32	-4
27	33	1284
27	34	20156
27	35	-12796
27	36	156
27	37	-5444
27	38	6236
27	39	-1276
28	29	-2884
28	30	-9924
28	31	-2084
28	32	12164
28	33	-644
28	34	4804
28	35	-5764
28	36	-796
28	37	11204
28	38	-6876
28	39	1916
29	30	-7356
29	31	10404
29	32	5116
29	33	-3836
29	34	12476
29	35	1284
29	36	5276
29	37	6076
29	38	4956
29	39	4
30	31	-1756
30	32	-1924
30	33	-9596
30	34	-964
30	35	14724
30	36	-1764
30	37	-964
30	38	-2084
30	39	644
31	32	-6884
31	33	-17436
31	34	6876
31	35	-12316
31	36	-6724
31	37	13276
31	38	5756
31	39	-796
32	33	7356
32	34	-3196
32	35	-4164
32	36	4004
32	37	16004
32	38	-14876
32	39	16316
33	34	-4484
33	35	-20156
33	36	7516
33	37	8316
33	38	796
33	39	-8636
34	35	3196
34	36	15844
34	37	2244
34	38	3364
34	39	-1924
35	36	15196
35	37	-3204
35	38	-4324
35	39	-3516
36	37	3044
36	38	-2236
36	39	-9124
37	38	-9436
37	39	4476
38	39	9756
