0	1	-3616
0	2	10784
0	3	5056
0	4	-2464
0	5	13664
0	6	-15584
0	7	7296
0	8	16384
0	9	13984
0	10	-6976
0	11	-23456
0	12	-6336
0	13	-10944
0	14	2016
0	15	24704
0	16	1856
0	17	-10176
0	18	1056
0	19	6624
0	20	-4096
0	21	-2656
0	22	-5184
0	23	-2944
0	24	-3136
0	25	6816
0	26	-1824
0	27	1984
0	28	2464
0	29	-2656
0	30	8224
0	31	-12896
0	32	13856
0	33	-736
0	34	1056
0	35	-224
0	36	-4704
0	37	-17344
0	38	-11424
0	39	-1664
1	2	-544
1	3	10304
1	4	-14176
1	5	9376
1	6	-7456
1	7	-11136
1	8	6656
1	9	2656
1	10	4416
1	11	1696
1	12	3776
1	13	704
1	14	544
1	15	4736
1	16	13504
1	17	1216
1	18	7904
1	19	-9184
1	20	-4864
1	21	-12704
1	22	14144
1	23	-896
1	24	576
1	25	2144
1	26	-8416
1	27	-4544
1	28	1376
1	29	-12704
1	30	-4384
1	31	-2464
1	32	14304
1	33	-1824
1	34	1504
1	35	9184
1	36	864
1	37	7104
1	38	-5216
1	39	10624
2	3	24704
2	4	6624
2	5	1376
2	6	6944
2	7	-9536
2	8	17856
2	9	-5344
2	10	-3584
2	11	-12704
2	12	-17024
2	13	15104
2	14	-10656
2	15	-3264
2	16	-4096
2	17	-13184
2	18	-3296
2	19	21216
2	20	-6464
2	21	11296
2	22	-3456
2	23	704
2	24	-13824
2	25	-2656
2	26	12384
2	27	-6144
2	28	-6624
2	29	4896
2	30	-5984
2	31	8736
2	32	9504
2	33	-3424
2	34	-3296
2	35	4384
2	36	-10336
2	37	2304
2	38	-16416
2	39	-576
3	4	2816
3	5	1984
3	6	15296
3	7	6176
3	8	-8096
3	9	8704
3	10	-5856
3	11	-9536
3	12	1184
3	13	7136
3	14	-5504
3	15	224
3	16	7136
3	17	-15456
3	18	6336
3	19	20544
3	20	3424
3	21	-1536
3	22	96
3	23	2336
3	24	-8416
3	25	5696
3	26	-9344
3	27	3104
3	28	16384
3	29	4864
3	30	9344
3	31	7424
3	32	-64
3	33	384
3	34	-6464
3	35	-1344
3	36	6976
3	37	-5664
3	38	-18944
3	39	-9184
4	5	-16096
4	6	-11424
4	7	5056
4	8	-576
4	9	16224
4	10	-17536
4	11	10784
4	12	-10496
4	13	-384
4	14	-224
4	15	-17856
4	16	-384
4	17	-1536
4	18	-20384
4	19	8864
4	20	4544
4	21	12384
4	22	-7424
4	23	-5184
4	24	5504
4	25	10976
4	26	8736
4	27	4224
4	28	-8096
4	29	-416
4	30	4064
4	31	8544
4	32	-13984
4	33	1504
4	34	-13984
4	35	3936
4	36	-13344
4	37	-6784
4	38	-864
4	39	2496
5	6	-2976
5	7	-256
5	8	-4224
5	9	-1824
5	10	-6464
5	11	-2784
5	12	-13504
5	13	-26816
5	14	-14176
5	15	256
5	16	-7616
5	17	-9664
5	18	12384
5	19	-864
5	20	-2944
5	21	14816
5	22	5824
5	23	3584
5	24	-10304
5	25	-6176
5	26	-10336
5	27	3776
5	28	-3104
5	29	-4384
5	30	16736
5	31	-13344
5	32	18784
5	33	96
5	34	-6816
5	35	13664
5	36	11744
5	37	5184
5	38	18464
5	39	15104
6	7	-8064
6	8	-256
6	9	-15456
6	10	14784
6	11	11104
6	12	2624
6	13	5696
6	14	-544
6	15	-4736
6	16	-7104
6	17	-7616
6	18	17696
6	19	9184
6	20	-1536
6	21	-6496
6	22	-7744
6	23	896
6	24	-576
6	25	4256
6	26	-10784
6	27	-1856
6	28	5024
6	29	25504
6	30	4384
6	31	-3936
6	32	-1504
6	33	-4576
6	34	-7904
6	35	-9184
6	36	5536
6	37	-704
6	38	-1184
6	39	2176
7	8	-23136
7	9	12864
7	10	-14496
7	11	-11776
7	12	5344
7	13	-9824
7	14	9536
7	15	10784
7	16	15776
7	17	1504
7	18	-17024
7	19	11904
7	20	7584
7	21	9024
7	22	-10464
7	23	-8224
7	24	-4256
7	25	7936
7	26	-7104
7	27	13664
7	28	7744
7	29	-16576
7	30	19904
7	31	-14016
7	32	-23424
7	33	4544
7	34	8576
7	35	896
7	36	2816
7	37	-3424
7	38	-10304
7	39	-26144
8	9	-17344
8	10	16416
8	11	896
8	12	-9824
8	13	7904
8	14	1344
8	15	23136
8	16	-4896
8	17	-5984
8	18	8704
8	19	2816
8	20	-5664
8	21	-704
8	22	-10656
8	23	12704
8	24	-224
8	25	9344
8	26	5184
8	27	-5344
8	28	-5824
8	29	-704
8	30	-17984
8	31	-3264
8	32	15104
8	33	-2624
8	34	8704
8	35	16384
8	36	-11136
8	37	1504
8	38	-4416
8	39	5024
9	10	-13184
9	11	-3104
9	12	-1024
9	13	-7296
9	14	5344
9	15	6336
9	16	5504
9	17	-9984
9	18	-6496
9	19	5216
9	20	3136
9	21	-11104
9	22	-6656
9	23	-8896
9	24	-10624
9	25	6944
9	26	-10016
9	27	9856
9	28	2976
9	29	-4704
9	30	10016
9	31	18336
9	32	-96
9	33	-13024
9	34	-96
9	35	1184
9	36	5664
9	37	5504
9	38	-416
9	39	-3776
10	11	11456
10	12	736
10	13	3744
10	14	-2816
10	15	1696
10	16	-15456
10	17	-14624
10	18	10944
10	19	-5824
10	20	4896
10	21	-9344
10	22	-2016
10	23	-4256
10	24	10336
10	25	24384
10	26	-5376
10	27	-7584
10	28	-8064
10	29	3456
10	30	-20224
10	31	-11904
10	32	4544
10	33	1536
10	34	-1856
10	35	5824
10	36	10304
10	37	16544
10	38	-2176
10	39	864
11	12	10816
11	13	12864
11	14	-96
11	15	-7424
11	16	-6336
11	17	1856
11	18	13664
11	19	-21344
11	20	2176
11	21	736
11	22	704
11	23	11264
11	24	-5184
11	25	20704
11	26	-9056
11	27	2496
11	28	-10784
11	29	736
11	30	2656
11	31	10976
11	32	-18336
11	33	-1184
11	34	-11936
11	35	2144
11	36	6624
11	37	12864
11	38	13344
11	39	9984
12	13	10784
12	14	4224
12	15	13856
12	16	4384
12	17	-2464
12	18	5184
12	19	-12864
12	20	4256
12	21	-22784
12	22	11424
12	23	9184
12	24	-3104
12	25	-576
12	26	-11136
12	27	-8224
12	28	4096
12	29	-9984
12	30	17536
12	31	256
12	32	-1216
12	33	896
12	34	17984
12	35	-25536
12	36	10944
12	37	-2016
12	38	-7936
12	39	-11296
13	14	-2304
13	15	3424
13	16	10336
13	17	6944
13	18	9536
13	19	-1856
13	20	224
13	21	-11136
13	22	9696
13	23	-864
13	24	7584
13	25	8896
13	26	19456
13	27	-96
13	28	-6016
13	29	8064
13	30	-6656
13	31	10624
13	32	-9664
13	33	3584
13	34	-9664
13	35	-10944
13	36	-2624
13	37	-8864
13	38	-15744
13	39	-12384
14	15	9664
14	16	10496
14	17	6784
14	18	-3104
14	19	-2016
14	20	64
14	21	-4896
14	22	-15744
14	23	5696
14	24	13824
14	25	9056
14	26	-12384
14	27	-6656
14	28	13024
14	29	7904
14	30	-416
14	31	4064
14	32	3296
14	33	-2976
14	34	3296
14	35	-23584
14	36	-8864
14	37	-2304
14	38	3616
14	39	-5824
15	16	9824
15	17	-1504
15	18	4224
15	19	896
15	20	-13984
15	21	-9024
15	22	-8736
15	23	14624
15	24	-8544
15	25	17664
15	26	-12096
15	27	-864
15	28	11456
15	29	-9024
15	30	5696
15	31	-5184
15	32	10624
15	33	-4544
15	34	17024
15	35	-896
15	36	3584
15	37	-2976
15	38	-2496
15	39	-18656
16	17	6944
16	18	-3264
16	19	4544
16	20	224
16	21	8064
16	22	3296
16	23	-864
16	24	13984
16	25	-3904
16	26	-6144
16	27	-96
16	28	6784
16	29	-11136
16	30	12544
16	31	-14976
16	32	-3264
16	33	9984
16	34	9536
16	35	-10944
16	36	-2624
16	37	-21664
16	38	-9344
16	39	-12384
17	18	-5056
17	19	-28224
17	20	-17504
17	21	19456
17	22	1184
17	23	11744
17	24	736
17	25	-10816
17	26	17024
17	27	2016
17	28	1536
17	29	256
17	30	-23424
17	31	4096
17	32	-17856
17	33	-1664
17	34	1344
17	35	-10176
17	36	-18496
17	37	-5856
17	38	13824
17	39	-2336
18	19	-13856
18	20	1024
18	21	-16736
18	22	2496
18	23	-1664
18	24	-4416
18	25	1696
18	26	-6944
18	27	7104
18	28	1184
18	29	8864
18	30	6944
18	31	5024
18	32	2336
18	33	-14816
18	34	-16864
18	35	-5344
18	36	2976
18	37	-3264
18	38	-10144
18	39	18816
19	20	10496
19	21	-3744
19	22	-1216
19	23	-3456
19	24	-3264
19	25	-416
19	26	-4576
19	27	-8384
19	28	3936
19	29	2656
19	30	10976
19	31	-12704
19	32	11744
19	33	13536
19	34	-1056
19	35	6624
19	36	-8096
19	37	-1856
19	38	-7776
19	39	-11136
20	21	-12224
20	22	13664
20	23	-1376
20	24	1056
20	25	1664
20	26	10304
20	27	15136
20	28	1856
20	29	576
20	30	8896
20	31	-1984
20	32	-11776
20	33	-1344
20	34	7424
20	35	8704
20	36	384
20	37	-6176
20	38	704
20	39	3744
21	22	-10496
21	23	6464
21	24	-384
21	25	-3296
21	26	-1056
21	27	896
21	28	-18784
21	29	-7264
21	30	-5344
21	31	-16224
21	32	-16736
21	33	3616
21	34	8864
21	35	10144
21	36	-10976
21	37	1664
21	38	8544
21	39	-1216
22	23	4896
22	24	1824
22	25	-10944
22	26	-384
22	27	544
22	28	-5376
22	29	8704
22	30	-6016
22	31	-14336
22	32	2496
22	33	10624
22	34	2496
22	35	-17984
22	36	3136
22	37	-15904
22	38	-3584
22	39	6176
23	24	-6816
23	25	-8704
23	26	-4544
23	27	-8096
23	28	11584
23	29	-6336
23	30	-8256
23	31	9024
23	32	4736
23	33	1984
23	34	11136
23	35	3456
23	36	-7424
23	37	-864
23	38	11456
23	39	-17184
24	25	9024
24	26	11264
24	27	-5024
24	28	-11904
24	29	-384
24	30	1536
24	31	-15744
24	32	8384
24	33	10496
24	34	-17216
24	35	-15936
24	36	1344
24	37	-18016
24	38	-4736
24	39	4704
25	26	-7584
25	27	1344
25	28	1824
25	29	-3296
25	30	7584
25	31	-7136
25	32	-4704
25	33	11424
25	34	-17504
25	35	416
25	36	8736
25	37	2496
25	38	2016
25	39	5376
26	27	3584
26	28	-2336
26	29	-1056
26	30	-15776
26	31	14304
26	32	-6944
26	33	864
26	34	-13344
26	35	4576
26	36	-12704
26	37	-6144
26	38	-224
26	39	3136
27	28	-4224
27	29	896
27	30	2816
27	31	4736
27	32	-18496
27	33	-13824
27	34	704
27	35	14784
27	36	12864
27	37	-96
27	38	384
27	39	3424
28	29	-5984
28	30	2336
28	31	10656
28	32	7584
28	33	4896
28	34	-5216
28	35	-3936
28	36	6944
28	37	-12416
28	38	864
28	39	-8896
29	30	-11744
29	31	9376
29	32	2464
29	33	3616
29	34	-10336
29	35	-15456
29	36	1824
29	37	-4736
29	38	14944
29	39	5184
30	31	-7904
30	32	6944
30	33	5536
30	34	-5856
30	35	-4576
30	36	12704
30	37	-256
30	38	-6176
30	39	3264
31	32	-1376
31	33	-18144
31	34	-7776
31	35	6304
31	36	10784
31	37	17024
31	38	4704
31	39	-5056
32	33	10784
32	34	2336
32	35	-5344
32	36	9376
32	37	3136
32	38	2656
32	39	6016
33	34	-8416
33	35	-7136
33	36	10144
33	37	-2816
33	38	10464
33	39	704
34	35	1056
34	36	-3424
34	37	3136
34	38	-10144
34	39	-19584
35	36	1696
35	37	21056
35	38	7776
35	39	-1664
36	37	3776
36	38	9696
36	39	-12544
37	38	9856
37	39	6816
38	39	12736
