0	1	13292
0	2	20012
0	3	-492
0	4	-11692
0	5	-308
0	6	-8308
0	7	3212
0	8	4788
0	9	7188
0	10	5588
0	11	-13428
0	12	1132
0	13	-1588
0	14	492
0	15	-788
0	16	-14068
0	17	5268
0	18	8492
0	19	10548
0	20	3188
0	21	-4492
0	22	9612
0	23	13428
0	24	-21452
0	25	3212
0	26	1772
0	27	-20972
0	28	2092
0	29	2412
0	30	4652
0	31	1452
0	32	8012
0	33	-4972
0	34	8148
0	35	332
0	36	-4972
0	37	1292
0	38	-4492
0	39	-3028
1	2	7348
1	3	-14068
1	4	16332
1	5	2068
1	6	10068
1	7	4948
1	8	12652
1	9	16652
1	10	-948
1	11	2388
1	12	-12172
1	13	-9452
1	14	-11532
1	15	15348
1	16	-9772
1	17	5772
1	18	6068
1	19	6892
1	20	-4948
1	21	2732
1	22	17748
1	23	-2388
1	24	-25108
1	25	-7852
1	26	12788
1	27	-6388
1	28	-6732
1	29	-652
1	30	-2892
1	31	-6092
1	32	6548
1	33	3212
1	34	22092
1	35	-17772
1	36	3212
1	37	-5932
1	38	-3668
1	39	-8012
2	3	5452
2	4	3852
2	5	-4652
2	6	3348
2	7	-14572
2	8	12972
2	9	29772
2	10	12172
2	11	2068
2	12	308
2	13	9428
2	14	-5452
2	15	2228
2	16	-3692
2	17	-308
2	18	5748
2	19	-11988
2	20	-4628
2	21	3052
2	22	-1772
2	23	10732
2	24	-11988
2	25	-1772
2	26	-332
2	27	-12468
2	28	-652
2	29	5428
2	30	-9612
2	31	-12812
2	32	6228
2	33	-9268
2	34	3212
2	35	7508
2	36	-2868
2	37	148
2	38	-3348
2	39	-8332
3	4	-3532
3	5	4332
3	6	9132
3	7	-4948
3	8	12948
3	9	-10252
3	10	-5452
3	11	-8788
3	12	12172
3	13	3052
3	14	11532
3	15	3852
3	16	-3028
3	17	-5772
3	18	6732
3	19	-6892
3	20	11348
3	21	-9132
3	22	-17748
3	23	2388
3	24	5908
3	25	1452
3	26	12
3	27	-6412
3	28	6732
3	29	-5748
3	30	9292
3	31	-308
3	32	-12948
3	33	-9612
3	34	-15692
3	35	-1428
3	36	3188
3	37	5932
3	38	-15532
3	39	-11188
4	5	-3668
4	6	13932
4	7	-6548
4	8	1748
4	9	4148
4	10	2548
4	11	15212
4	12	-2228
4	13	-11348
4	14	-15668
4	15	8652
4	16	14572
4	17	-10572
4	18	5132
4	19	1108
4	20	148
4	21	-1132
4	22	-148
4	23	-2412
4	24	-11692
4	25	-12948
4	26	-7988
4	27	1588
4	28	11532
4	29	-948
4	30	1292
4	31	17292
4	32	-1748
4	33	11188
4	34	11508
4	35	3372
4	36	4788
4	37	4332
4	38	-7532
4	39	-6388
5	6	4468
5	7	5748
5	8	31052
5	9	-3348
5	10	-8148
5	11	9588
5	12	14228
5	13	16948
5	14	8468
5	15	-3052
5	16	10228
5	17	17772
5	18	6868
5	19	12492
5	20	13452
5	21	-4468
5	22	5748
5	23	3212
5	24	-13108
5	25	5748
5	26	-12012
5	27	5612
5	28	-5932
5	29	-12652
5	30	4308
5	31	-5292
5	32	-11852
5	33	15212
5	34	8492
5	35	-4172
5	36	2412
5	37	-11532
5	38	1932
5	39	5588
6	7	-11852
6	8	10252
6	9	14252
6	10	3052
6	11	11188
6	12	-3372
6	13	5748
6	14	-2732
6	15	11348
6	16	11828
6	17	9772
6	18	-4332
6	19	10892
6	20	5452
6	21	6732
6	22	-11852
6	23	-11188
6	24	-8308
6	25	-11852
6	26	2388
6	27	-8788
6	28	14868
6	29	-11052
6	30	-6892
6	31	-10092
6	32	-3852
6	33	7212
6	34	6892
6	35	10228
6	36	-5588
6	37	-3532
6	38	-6068
6	39	-12012
7	8	2572
7	9	-12628
7	10	-11028
7	11	-13132
7	12	-8492
7	13	-12172
7	14	-1452
7	15	6228
7	16	-6092
7	17	2092
7	18	-3052
7	19	9612
7	20	10572
7	21	-948
7	22	-4172
7	23	332
7	24	-3188
7	25	-4172
7	26	3668
7	27	-3668
7	28	3348
7	29	3028
7	30	13588
7	31	-8812
7	32	3828
7	33	5932
7	34	-788
7	35	-1292
7	36	-13268
7	37	-8652
7	38	5452
7	39	-17132
8	9	7828
8	10	-6572
8	11	5132
8	12	13292
8	13	16972
8	14	6252
8	15	-14228
8	16	-1908
8	17	18708
8	18	14252
8	19	4788
8	20	23028
8	21	-16652
8	22	-3828
8	23	14068
8	24	-27212
8	25	8972
8	26	1132
8	27	5268
8	28	14252
8	29	1772
8	30	4012
8	31	-5588
8	32	-11828
8	33	2068
8	34	8788
8	35	6092
8	36	8468
8	37	652
8	38	-10252
8	39	-16468
9	10	8628
9	11	2732
9	12	-1908
9	13	1772
9	14	-8948
9	15	2572
9	16	2092
9	17	8308
9	18	5452
9	19	-5612
9	20	-19372
9	21	4948
9	22	172
9	23	3668
9	24	-12012
9	25	-6228
9	26	-1268
9	27	-11532
9	28	-948
9	29	-628
9	30	-11188
9	31	-1588
9	32	4972
9	33	-14732
9	34	-1612
9	35	3692
9	36	-1932
9	37	-8148
9	38	-1452
9	39	-6068
10	11	10732
10	12	-6708
10	13	3372
10	14	5452
10	15	-2228
10	16	10092
10	17	308
10	18	652
10	19	-7212
10	20	4628
10	21	3348
10	22	8172
10	23	-17132
10	24	-812
10	25	14572
10	26	-6068
10	27	-332
10	28	-5748
10	29	972
10	30	-3188
10	31	6412
10	32	-12628
10	33	-9932
10	34	-9612
10	35	-1108
10	36	2868
10	37	-148
10	38	-9452
10	39	-4468
11	12	14548
11	13	17268
11	14	-4012
11	15	-9132
11	16	10548
11	17	11052
11	18	-5612
11	19	-628
11	20	332
11	21	20812
11	22	-6732
11	23	-9908
11	24	-13428
11	25	6068
11	26	-5292
11	27	5292
11	28	788
11	29	-12332
11	30	-8172
11	31	14228
11	32	1268
11	33	34092
11	34	8172
11	35	-3852
11	36	8492
11	37	14388
11	38	20812
11	39	5908
12	13	2708
12	14	628
12	15	-4492
12	16	-10412
12	17	12
12	18	5428
12	19	1132
12	20	-4308
12	21	-3028
12	22	-8492
12	23	4652
12	24	7532
12	25	10708
12	26	-19852
12	27	7052
12	28	11828
12	29	-14092
12	30	-3532
12	31	-6732
12	32	-492
12	33	-2548
12	34	3532
12	35	-5612
12	36	-8948
12	37	6228
12	38	16172
12	39	10548
13	14	-3052
13	15	-1772
13	16	-7692
13	17	10092
13	18	8148
13	19	4812
13	20	-628
13	21	7052
13	22	-5772
13	23	1932
13	24	-14388
13	25	628
13	26	2068
13	27	17132
13	28	8148
13	29	14228
13	30	-812
13	31	-4012
13	32	-16972
13	33	13932
13	34	812
13	35	9908
13	36	20332
13	37	8948
13	38	13452
13	39	-5932
14	15	-16652
14	16	9428
14	17	-7028
14	18	-332
14	19	492
14	20	7852
14	21	-10068
14	22	4948
14	23	16812
14	24	13292
14	25	17748
14	26	-12
14	27	6412
14	28	-332
14	29	-26252
14	30	3508
14	31	6708
14	32	-6252
14	33	-3188
14	34	-3508
14	35	-4972
14	36	3212
14	37	-12332
14	38	-10068
14	39	-1612
15	16	-14892
15	17	-8308
15	18	13748
15	19	5612
15	20	-6228
15	21	7852
15	22	-172
15	23	-3668
15	24	5612
15	25	-19372
15	26	1268
15	27	-14068
15	28	-11852
15	29	628
15	30	-8012
15	31	-11212
15	32	7828
15	33	-4468
15	34	-4788
15	35	-10092
15	36	-10868
15	37	-17452
15	38	7852
15	39	-13132
16	17	10412
16	18	-17772
16	19	-1268
16	20	12492
16	21	972
16	22	6708
16	23	-16948
16	24	5132
16	25	6708
16	26	-4652
16	27	-1748
16	28	1428
16	29	-5292
16	30	-1132
16	31	2068
16	32	-10892
16	33	7852
16	34	-11668
16	35	3188
16	36	1452
16	37	-16972
16	38	-5428
16	39	148
17	18	-11828
17	19	-1132
17	20	10708
17	21	-3372
17	22	-4308
17	23	-11052
17	24	-20332
17	25	14892
17	26	652
17	27	-13452
17	28	972
17	29	7692
17	30	3532
17	31	332
17	32	6892
17	33	2548
17	34	9268
17	35	5612
17	36	8948
17	37	-6228
17	38	9428
17	39	-4148
18	19	2092
18	20	3052
18	21	-2068
18	22	3348
18	23	24812
18	24	-10708
18	25	-3052
18	26	11188
18	27	1612
18	28	-1932
18	29	-2252
18	30	-10892
18	31	-1292
18	32	-1452
18	33	-7988
18	34	4492
18	35	-12972
18	36	-1588
18	37	-7532
18	38	-8468
18	39	-9612
19	20	-9612
19	21	1908
19	22	-3188
19	23	628
19	24	-21452
19	25	-3188
19	26	8172
19	27	4628
19	28	27692
19	29	-23188
19	30	4652
19	31	7852
19	32	1612
19	33	7828
19	34	8148
19	35	6732
19	36	-4972
19	37	-11508
19	38	-4492
19	39	-15828
20	21	948
20	22	-8628
20	23	-332
20	24	-3212
20	25	10572
20	26	9132
20	27	-2732
20	28	-3348
20	29	9772
20	30	12012
20	31	2412
20	32	-3828
20	33	-5932
20	34	788
20	35	1292
20	36	468
20	37	2252
20	38	-11852
20	39	-8468
21	22	-13748
21	23	-8012
21	24	1908
21	25	-948
21	26	10412
21	27	-4012
21	28	-8468
21	29	4652
21	30	492
21	31	-2708
21	32	10252
21	33	11988
21	34	5908
21	35	-10228
21	36	-7212
21	37	9932
21	38	6068
21	39	12012
22	23	6732
22	24	3212
22	25	2228
22	26	-15532
22	27	-3668
22	28	-15852
22	29	3028
22	30	-18412
22	31	-2412
22	32	-15372
22	33	-468
22	34	-788
22	35	-1292
22	36	-6868
22	37	-15052
22	38	11852
22	39	2068
23	24	-5772
23	25	332
23	26	11692
23	27	-11692
23	28	-788
23	29	-6868
23	30	-11028
23	31	4972
23	32	-1268
23	33	-8492
23	34	11028
23	35	10252
23	36	-2092
23	37	4812
23	38	-1612
23	39	492
24	25	3212
24	26	-11028
24	27	4628
24	28	-10708
24	29	-3988
24	30	4652
24	31	-4948
24	32	1612
24	33	-17772
24	34	-11052
24	35	-6068
24	36	-4972
24	37	-11508
24	38	1908
24	39	16172
25	26	-9132
25	27	15532
25	28	3348
25	29	-3372
25	30	7188
25	31	10388
25	32	-15372
25	33	-6868
25	34	-13588
25	35	-7692
25	36	12332
25	37	-8652
25	38	5452
25	39	8468
26	27	-5108
26	28	-1612
26	29	-1932
26	30	-4172
26	31	-972
26	32	18068
26	33	-8308
26	34	23372
26	35	-12652
26	36	-1908
26	37	5588
26	38	-15188
26	39	-15692
27	28	14412
27	29	8332
27	30	16972
27	31	-5428
27	32	-24468
27	33	1908
27	34	-4172
27	35	-148
27	36	21108
27	37	7212
27	38	8788
27	39	9292
28	29	-2252
28	30	8308
28	31	5108
28	32	-14252
28	33	-1588
28	34	4492
28	35	19028
28	36	4812
28	37	-1132
28	38	-8468
28	39	-22412
29	30	7988
29	31	-14412
29	32	-14572
29	33	-7668
29	34	-7988
29	35	18708
29	36	17932
29	37	17748
29	38	4652
29	39	-3532
30	31	8948
30	32	2388
30	33	-5428
30	34	652
30	35	-2732
30	36	26572
30	37	2708
30	38	-12308
30	39	7028
31	32	5588
31	33	4172
31	34	3852
31	35	468
31	36	10572
31	37	5908
31	38	-9108
31	39	-2572
32	33	4332
32	34	23212
32	35	-18892
32	36	-14868
32	37	-7052
32	38	-2548
32	39	3668
33	34	5428
33	35	-3348
33	36	-1292
33	37	10412
33	38	18388
33	39	6092
34	35	-3668
34	36	-972
34	37	10092
34	38	-6892
34	39	-628
35	36	9452
35	37	19828
35	38	8972
35	39	-7852
36	37	10412
36	38	-7212
36	39	6092
37	38	3532
37	39	10388
38	39	12012
