0	1	-8416
0	2	4544
0	3	4224
0	4	1824
0	5	1696
0	6	224
0	7	5024
0	8	-2624
0	9	1824
0	10	-8864
0	11	-9696
0	12	-2464
0	13	-5664
0	14	3776
0	15	1344
0	16	1056
0	17	-4256
0	18	4384
0	19	-6176
0	20	-2336
0	21	-10176
0	22	5024
0	23	-4256
0	24	-3616
0	25	3456
0	26	-704
0	27	3904
0	28	7104
0	29	-8256
0	30	-1824
0	31	-6816
0	32	9856
0	33	-2464
0	34	1984
0	35	2144
0	36	1376
0	37	5504
0	38	-896
0	39	-4896
1	2	-2016
1	3	4064
1	4	1664
1	5	1856
1	6	-6336
1	7	-7936
1	8	-2464
1	9	-4736
1	10	4096
1	11	-3456
1	12	-2304
1	13	7296
1	14	3936
1	15	1184
1	16	1216
1	17	1984
1	18	-2176
1	19	64
1	20	-2496
1	21	2464
1	22	-1536
1	23	8384
1	24	2624
1	25	-2784
1	26	-6944
1	27	-2656
1	28	544
1	29	10784
1	30	4736
1	31	-576
1	32	-2784
1	33	4096
1	34	1824
1	35	-4416
1	36	-4864
1	37	-1056
1	38	-1056
1	39	1344
2	3	-2176
2	4	1824
2	5	1696
2	6	-6176
2	7	-1376
2	8	-2624
2	9	1824
2	10	3936
2	11	-3296
2	12	3936
2	13	7136
2	14	3776
2	15	1344
2	16	-5344
2	17	-4256
2	18	4384
2	19	-6176
2	20	-8736
2	21	2624
2	22	-1376
2	23	2144
2	24	2784
2	25	-2944
2	26	-704
2	27	3904
2	28	7104
2	29	-1856
2	30	-8224
2	31	-416
2	32	3456
2	33	3936
2	34	-4416
2	35	-4256
2	36	-5024
2	37	5504
2	38	-896
2	39	-4896
3	4	1504
3	5	8416
3	6	-96
3	7	-1696
3	8	-2304
3	9	-4896
3	10	-2144
3	11	-10016
3	12	-2144
3	13	-5344
3	14	4096
3	15	1024
3	16	1376
3	17	1824
3	18	10464
3	19	-12896
3	20	-2656
3	21	-4096
3	22	11104
3	23	1824
3	24	-3936
3	25	-2624
3	26	-6784
3	27	-2816
3	28	384
3	29	-2176
3	30	-1504
3	31	-7136
3	32	3776
3	33	-2144
3	34	1664
3	35	-4576
3	36	-11104
3	37	-7616
3	38	-7616
3	39	1184
4	5	-1984
4	6	10304
4	7	-10496
4	8	-6304
4	9	-896
4	10	-6144
4	11	384
4	12	6656
4	13	3456
4	14	6496
4	15	5024
4	16	10176
4	17	-6976
4	18	1664
4	19	-8896
4	20	-5056
4	21	-96
4	22	8704
4	23	-576
4	24	-6336
4	25	-6624
4	26	-4384
4	27	-5216
4	28	4384
4	29	-4576
4	30	7296
4	31	-3136
4	32	6176
4	33	-12544
4	34	-736
4	35	5824
4	36	-2304
4	37	-3616
4	38	-3616
4	39	-1216
5	6	-384
5	7	1216
5	8	-10016
5	9	-8384
5	10	-3776
5	11	-3264
5	12	-3776
5	13	-576
5	14	-3616
5	15	-1504
5	16	-896
5	17	4096
5	18	1856
5	19	-6784
5	20	8576
5	21	-2784
5	22	1216
5	23	4096
5	24	9856
5	25	-3296
5	26	864
5	27	-4064
5	28	-864
5	29	-4704
5	30	1984
5	31	-6144
5	32	3104
5	33	2624
5	34	4256
5	35	-8704
5	36	-7616
5	37	736
5	38	736
5	39	-8064
6	7	-5696
6	8	1696
6	9	-8896
6	10	-4544
6	11	5184
6	12	8256
6	13	-1344
6	14	1696
6	15	3424
6	16	5376
6	17	-8576
6	18	64
6	19	-4096
6	20	6144
6	21	-1696
6	22	7104
6	23	-2176
6	24	-7936
6	25	-5024
6	26	3616
6	27	-6816
6	28	-3616
6	29	-6176
6	30	2496
6	31	-4736
6	32	-5024
6	33	-17344
6	34	4064
6	35	10624
6	36	-704
6	37	-5216
6	38	-5216
6	39	3584
7	8	3296
7	9	2304
7	10	-2944
7	11	3584
7	12	-2944
7	13	-6144
7	14	-9504
7	15	1824
7	16	576
7	17	2624
7	18	-1536
7	19	704
7	20	4544
7	21	-3296
7	22	-7296
7	23	-10176
7	24	3264
7	25	15776
7	26	5216
7	27	10784
7	28	1184
7	29	-1376
7	30	-2304
7	31	64
7	32	2976
7	33	3456
7	34	2464
7	35	2624
7	36	7296
7	37	-416
7	38	5984
7	39	1984
8	9	96
8	10	6944
8	11	5216
8	12	6944
8	13	3744
8	14	704
8	15	6976
8	16	-2976
8	17	-224
8	18	3936
8	19	1696
8	20	-8544
8	21	-704
8	22	-3104
8	23	-224
8	24	-7264
8	25	7424
8	26	-1216
8	27	4416
8	28	1216
8	29	3776
8	30	-6496
8	31	-4064
8	32	-11776
8	33	544
8	34	6336
8	35	6176
8	36	3104
8	37	-3584
8	38	2816
8	39	13216
9	10	256
9	11	384
9	12	-6144
9	13	-2944
9	14	96
9	15	-1376
9	16	3776
9	17	5824
9	18	1664
9	19	3904
9	20	-5056
9	21	-96
9	22	2304
9	23	-6976
9	24	64
9	25	-224
9	26	2016
9	27	1184
9	28	-2016
9	29	-4576
9	30	896
9	31	9664
9	32	6176
9	33	6656
9	34	-7136
9	35	-576
9	36	4096
9	37	2784
9	38	2784
9	39	-1216
10	11	5376
10	12	6784
10	13	3584
10	14	544
10	15	736
10	16	-9536
10	17	6336
10	18	-2304
10	19	1856
10	20	-1984
10	21	5856
10	22	-2944
10	23	-64
10	24	-704
10	25	-5536
10	26	5024
10	27	4576
10	28	-5024
10	29	3936
10	30	-6656
10	31	8896
10	32	-5536
10	33	6784
10	34	96
10	35	-64
10	36	-3456
10	37	2976
10	38	-3424
10	39	6976
11	12	11776
11	13	2176
11	14	-7584
11	15	6304
11	16	2496
11	17	7104
11	18	-9856
11	19	5184
11	20	2624
11	21	7584
11	22	-9216
11	23	-5696
11	24	1344
11	25	4896
11	26	7136
11	27	2464
11	28	-736
11	29	-3296
11	30	6016
11	31	4544
11	32	-1504
11	33	-1024
11	34	6944
11	35	7104
11	36	9216
11	37	-2336
11	38	10464
11	39	6464
12	13	3584
12	14	544
12	15	7136
12	16	-3136
12	17	-64
12	18	-2304
12	19	-4544
12	20	-8384
12	21	5856
12	22	-2944
12	23	-64
12	24	-7104
12	25	864
12	26	-1376
12	27	4576
12	28	7776
12	29	-2464
12	30	-256
12	31	-3904
12	32	864
12	33	-6016
12	34	6496
12	35	6336
12	36	2944
12	37	-3424
12	38	2976
12	39	6976
13	14	-2656
13	15	3936
13	16	64
13	17	-3264
13	18	896
13	19	-1344
13	20	-5184
13	21	-3744
13	22	-6144
13	23	9536
13	24	8896
13	25	-2336
13	26	-4576
13	27	1376
13	28	4576
13	29	7136
13	30	2944
13	31	-7104
13	32	-8736
13	33	3584
13	34	3296
13	35	-3264
13	36	-256
13	37	6176
13	38	6176
13	39	-2624
14	15	6976
14	16	3424
14	17	-6624
14	18	3936
14	19	-4704
14	20	-8544
14	21	5696
14	22	9696
14	23	-224
14	24	-13664
14	25	-5376
14	26	-1216
14	27	-8384
14	28	1216
14	29	-2624
14	30	-6496
14	31	2336
14	32	1024
14	33	-5856
14	34	-64
14	35	6176
14	36	-9696
14	37	-3584
14	38	-9984
14	39	6816
15	16	10656
15	17	-1056
15	18	1184
15	19	-9376
15	20	-5536
15	21	-576
15	22	1824
15	23	-7456
15	24	-6816
15	25	6656
15	26	2496
15	27	704
15	28	3904
15	29	-5056
15	30	1376
15	31	-3616
15	32	256
15	33	-5664
15	34	11584
15	35	11744
15	36	-1824
15	37	-4096
15	38	2304
15	39	11104
16	17	-2944
16	18	1216
16	19	-7424
16	20	1536
16	21	-3424
16	22	6976
16	23	-9344
16	24	-3584
16	25	3744
16	26	1504
16	27	-4704
16	28	-1504
16	29	-5344
16	30	9024
16	31	-384
16	32	3744
16	33	-9536
16	34	3616
16	35	9856
16	36	-576
16	37	-6304
16	38	96
16	39	4096
17	18	-4416
17	19	4224
17	20	1664
17	21	224
17	22	-3776
17	23	-256
17	24	6784
17	25	-544
17	26	1696
17	27	1504
17	28	-1696
17	29	-4256
17	30	6976
17	31	3584
17	32	5856
17	33	12736
17	34	5984
17	35	-6656
17	36	3776
17	37	3104
17	38	9504
17	39	-896
18	19	-12736
18	20	-8896
18	21	-3936
18	22	11264
18	23	1984
18	24	-3776
18	25	-2784
18	26	-6944
18	27	-2656
18	28	544
18	29	-2016
18	30	-8064
18	31	-6976
18	32	-2784
18	33	-2304
18	34	-4576
18	35	-4416
18	36	-11264
18	37	-7456
18	38	-7456
18	39	1344
19	20	6144
19	21	4704
19	22	-12096
19	23	4224
19	24	4864
19	25	1376
19	26	3616
19	27	-416
19	28	-3616
19	29	6624
19	30	2496
19	31	8064
19	32	-5024
19	33	8256
19	34	-2336
19	35	-2176
19	36	12096
19	37	7584
19	38	7584
19	39	-2816
20	21	-4256
20	22	-1856
20	23	-4736
20	24	8704
20	25	-2464
20	26	12576
20	27	-2976
20	28	-12576
20	29	-2336
20	30	5056
20	31	5504
20	32	-2464
20	33	-1984
20	34	1504
20	35	1664
20	36	1856
20	37	5024
20	38	-1376
20	39	-5376
21	22	-3296
21	23	224
21	24	-5536
21	25	-1024
21	26	1216
21	27	-4416
21	28	-1216
21	29	2624
21	30	-6304
21	31	10464
21	32	-1024
21	33	-544
21	34	-6336
21	35	224
21	36	-3104
21	37	-9216
21	38	-2816
21	39	5984
22	23	-3776
22	24	-9536
22	25	-9824
22	26	-1184
22	27	-8416
22	28	-5216
22	29	-7776
22	30	-2304
22	31	64
22	32	2976
22	33	-9344
22	34	-3936
22	35	2624
22	36	-11904
22	37	-6816
22	38	-13216
22	39	1984
23	24	6784
23	25	-6944
23	26	-11104
23	27	-4896
23	28	4704
23	29	8544
23	30	576
23	31	-9216
23	32	-6944
23	33	6336
23	34	-416
23	35	-13056
23	36	-2624
23	37	3104
23	38	3104
23	39	-7296
24	25	-1184
24	26	1056
24	27	2144
24	28	-1056
24	29	2784
24	30	6336
24	31	-2176
24	32	-1184
24	33	12096
24	34	224
24	35	-12416
24	36	3136
24	37	10144
24	38	10144
24	39	-13056
25	26	-896
25	27	10496
25	28	7296
25	29	3456
25	30	224
25	31	-4384
25	32	1344
25	33	864
25	34	6016
25	35	5856
25	36	9824
25	37	-3904
25	38	8896
25	39	6496
26	27	-64
26	28	-9664
26	29	-7104
26	30	-2016
26	31	10656
26	32	-896
26	33	-1376
26	34	1856
26	35	8096
26	36	1184
26	37	4736
26	38	-1664
26	39	2336
27	28	6464
27	29	3904
27	30	-1184
27	31	-1056
27	32	4096
27	33	4576
27	34	1344
27	35	1504
27	36	8416
27	37	4864
27	38	4864
27	39	864
28	29	704
28	30	2016
28	31	-10656
28	32	7296
28	33	1376
28	34	4544
28	35	-1696
28	36	5216
28	37	1664
28	38	8064
28	39	-2336
29	30	-1824
29	31	-416
29	32	-9344
29	33	3936
29	34	-4416
29	35	-4256
29	36	1376
29	37	-896
29	38	-896
29	39	1504
30	31	-3264
30	32	6624
30	33	-256
30	34	7136
30	35	576
30	36	8704
30	37	3616
30	38	10016
30	39	-5184
31	32	2016
31	33	2496
31	34	-9376
31	35	3584
31	36	-64
31	37	544
31	38	-5856
31	39	2944
32	33	864
32	34	-384
32	35	-544
32	36	3424
32	37	2496
32	38	2496
32	39	-6304
33	34	96
33	35	-12864
33	36	2944
33	37	9376
33	38	9376
33	39	-5824
34	35	5984
34	36	3936
34	37	2944
34	38	9344
34	39	5344
35	36	3776
35	37	-3296
35	38	-3296
35	39	11904
36	37	6816
36	38	13216
36	39	-1984
37	38	6464
37	39	-10336
38	39	-3936
