0	1	3112
0	2	-2472
0	3	9352
0	4	552
0	5	7608
0	6	5208
0	7	-2152
0	8	72
0	9	-4728
0	10	-2472
0	11	10328
0	12	-6808
0	13	-3608
0	14	-888
0	15	-4888
0	16	2632
0	17	4392
0	18	-88
0	19	1688
0	20	-552
0	21	1528
0	22	-12872
0	23	-888
0	24	6968
0	25	9352
0	26	-15272
0	27	2952
0	28	-552
0	29	-4568
0	30	-1048
0	31	1368
0	32	4872
0	33	-6968
0	34	-4728
0	35	13048
0	36	-5032
0	37	-1832
0	38	10168
0	39	-1848
1	2	6488
1	3	6792
1	4	-8408
1	5	3768
1	6	1368
1	7	408
1	8	3912
1	9	-888
1	10	6488
1	11	88
1	12	-9368
1	13	232
1	14	-9848
1	15	-1048
1	16	6472
1	17	8232
1	18	10152
1	19	-2152
1	20	2008
1	21	10488
1	22	2488
1	23	-3448
1	24	3128
1	25	392
1	26	88
1	27	392
1	28	-10792
1	29	-728
1	30	9192
1	31	3928
1	32	2312
1	33	-3128
1	34	-7288
1	35	2808
1	36	3928
1	37	-5672
1	38	-6472
1	39	-4408
2	3	248
2	4	-10152
2	5	1992
2	6	4392
2	7	5352
2	8	-3272
2	9	1528
2	10	5672
2	11	-7128
2	12	3608
2	13	408
2	14	-2312
2	15	1688
2	16	568
2	17	-1192
2	18	3288
2	19	1512
2	20	10152
2	21	-4728
2	22	3272
2	23	10488
2	24	2632
2	25	6648
2	26	5672
2	27	248
2	28	-9048
2	29	1368
2	30	-2152
2	31	-4568
2	32	4728
2	33	3768
2	34	-4872
2	35	-3448
2	36	1832
2	37	-7768
2	38	-6968
2	39	-1352
3	4	-2168
3	5	3928
3	6	7928
3	7	6968
3	8	3752
3	9	-1048
3	10	248
3	11	6648
3	12	-3128
3	13	-6328
3	14	-10008
3	15	-7608
3	16	6312
3	17	1672
3	18	3592
3	19	-1992
3	20	2168
3	21	4248
3	22	-3752
3	23	-3608
3	24	-3112
3	25	6632
3	26	-6152
3	27	6632
3	28	2168
3	29	-888
3	30	2632
3	31	4088
3	32	8552
3	33	3112
3	34	-1048
3	35	9368
3	36	4088
3	37	888
3	38	6488
3	39	1832
4	5	6328
4	6	-8872
4	7	2968
4	8	1352
4	9	-9848
4	10	-3752
4	11	2648
4	12	872
4	13	4072
4	14	392
4	15	-10008
4	16	3912
4	17	-728
4	18	1192
4	19	6808
4	20	-14632
4	21	248
4	22	-7752
4	23	-6008
4	24	-712
4	25	-8568
4	26	-3752
4	27	4232
4	28	4568
4	29	-9688
4	30	232
4	31	88
4	32	-248
4	33	712
4	34	-3448
4	35	-1032
4	36	-6312
4	37	9688
4	38	8888
4	39	5832
5	6	712
5	7	1672
5	8	-5992
5	9	-7592
5	10	-4408
5	11	-4408
5	12	-5512
5	13	10488
5	14	-5032
5	15	-13832
5	16	4248
5	17	2488
5	18	13368
5	19	-2168
5	20	72
5	21	-2008
5	22	-6808
5	23	-5032
5	24	5352
5	25	3928
5	26	-10808
5	27	3928
5	28	-6328
5	29	-14152
5	30	7928
5	31	-1848
5	32	2008
5	33	1048
5	34	-7592
5	35	12072
5	36	-1848
5	37	1352
5	38	8552
5	39	2328
6	7	-2328
6	8	-1992
6	9	9208
6	10	4392
6	11	4392
6	12	-7912
6	13	-4712
6	14	-1032
6	15	2968
6	16	8248
6	17	88
6	18	-1832
6	19	-12568
6	20	8872
6	21	392
6	22	-4408
6	23	-1032
6	24	-5048
6	25	7928
6	26	-2008
6	27	-4872
6	28	2472
6	29	-3752
6	30	-872
6	31	-5848
6	32	6008
6	33	-1352
6	34	2808
6	35	8072
6	36	-5848
6	37	-2648
6	38	-1848
6	39	-72
7	8	-2952
7	9	1848
7	10	5352
7	11	-7448
7	12	3928
7	13	728
7	14	-1992
7	15	-4392
7	16	7288
7	17	-7272
7	18	3608
7	19	7592
7	20	3432
7	21	-5048
7	22	2952
7	23	4408
7	24	2312
7	25	568
7	26	5352
7	27	6968
7	28	3432
7	29	1688
7	30	4568
7	31	1512
7	32	5048
7	33	10488
7	34	-4552
7	35	-3768
7	36	1512
7	37	4712
7	38	-888
7	39	5368
8	9	-3928
8	10	-3272
8	11	9528
8	12	392
8	13	-9208
8	14	-88
8	15	2312
8	16	-2968
8	17	11592
8	18	712
8	19	888
8	20	-1352
8	21	7128
8	22	-7272
8	23	-88
8	24	-232
8	25	-9048
8	26	3128
8	27	-2648
8	28	-1352
8	29	2632
8	30	-6648
8	31	6968
8	32	-728
8	33	-12568
8	34	2472
8	35	-6952
8	36	6968
8	37	-9032
8	38	2968
8	39	-7448
9	10	7928
9	11	-4872
9	12	-4408
9	13	-1208
9	14	7912
9	15	10312
9	16	5032
9	17	392
9	18	-4088
9	19	-7112
9	20	9848
9	21	-872
9	22	3928
9	23	1512
9	24	-1832
9	25	5352
9	26	7928
9	27	-7448
9	28	3448
9	29	4232
9	30	1352
9	31	-1032
9	32	-5528
9	33	1832
9	34	4072
9	35	-2152
9	36	-1032
9	37	2168
9	38	-11432
9	39	-5848
10	11	-728
10	12	-2792
10	13	-5992
10	14	-2312
10	15	8088
10	16	13368
10	17	-1192
10	18	-3112
10	19	1512
10	20	-2648
10	21	1672
10	22	3272
10	23	4088
10	24	-3768
10	25	248
10	26	5672
10	27	248
10	28	3752
10	29	1368
10	30	4248
10	31	-4568
10	32	-1672
10	33	3768
10	34	-4872
10	35	-3448
10	36	-4568
10	37	5032
10	38	-13368
10	39	-1352
11	12	-2792
11	13	-12392
11	14	-2312
11	15	1688
11	16	568
11	17	5208
11	18	-9512
11	19	1512
11	20	-9048
11	21	8072
11	22	-9528
11	23	-2312
11	24	-3768
11	25	248
11	26	-7128
11	27	248
11	28	3752
11	29	1368
11	30	-8552
11	31	1832
11	32	4728
11	33	-9032
11	34	1528
11	35	2952
11	36	-4568
11	37	-1368
11	38	5832
11	39	-1352
12	13	-3288
12	14	-568
12	15	1832
12	16	-9848
12	17	-8088
12	18	-6168
12	19	7768
12	20	-872
12	21	-11592
12	22	6008
12	23	12232
12	24	-6152
12	25	-3128
12	26	3608
12	27	3272
12	28	5528
12	29	8552
12	30	-7128
12	31	1048
12	32	-1208
12	33	6152
12	34	1992
12	35	-6472
12	36	7448
12	37	-2152
12	38	3448
12	39	4872
13	14	2632
13	15	-7768
13	16	-248
13	17	1512
13	18	9832
13	19	-1832
13	20	2328
13	21	-1992
13	22	2808
13	23	-3768
13	24	3448
13	25	72
13	26	408
13	27	-6328
13	28	-10472
13	29	-7448
13	30	8872
13	31	4248
13	32	-4408
13	33	2952
13	34	-7608
13	35	3128
13	36	-2152
13	37	1048
13	38	248
13	39	1672
14	15	7752
14	16	-3928
14	17	4232
14	18	-6648
14	19	1848
14	20	6008
14	21	-4712
14	22	-6312
14	23	5352
14	24	7128
14	25	2792
14	26	4088
14	27	-10008
14	28	-392
14	29	1672
14	30	-7608
14	31	1528
14	32	-8088
14	33	-7128
14	34	1512
14	35	-5992
14	36	-4872
14	37	-1672
14	38	-2472
14	39	-8408
15	16	-1528
15	17	232
15	18	-10648
15	19	-552
15	20	3608
15	21	-712
15	22	4088
15	23	7752
15	24	-1672
15	25	-1208
15	26	8088
15	27	-7608
15	28	3608
15	29	10472
15	30	-5208
15	31	-872
15	32	-5688
15	33	-4728
15	34	3912
15	35	-8392
15	36	-872
15	37	-4072
15	38	-11272
15	39	-6008
16	17	1352
16	18	3272
16	19	-1672
16	20	-3912
16	21	4568
16	22	-3432
16	23	-3928
16	24	-2792
16	25	-88
16	26	568
16	27	-88
16	28	2488
16	29	-7608
16	30	8712
16	31	-1992
16	32	1832
16	33	2792
16	34	-7768
16	35	3288
16	36	-8392
16	37	7608
16	38	-5992
16	39	1512
17	18	5032
17	19	-3432
17	20	728
17	21	9208
17	22	-11592
17	23	-2168
17	24	1848
17	25	1672
17	26	-1192
17	27	-11128
17	28	-12072
17	29	-5848
17	30	-2328
17	31	9048
17	32	-9208
17	33	-14648
17	34	-6008
17	35	1528
17	36	2648
17	37	-6952
17	38	-1352
17	39	-15928
18	19	-5352
18	20	5208
18	21	888
18	22	-712
18	23	-6648
18	24	6328
18	25	-2808
18	26	-3112
18	27	3592
18	28	-7592
18	29	-10328
18	30	12392
18	31	728
18	32	-888
18	33	72
18	34	-4088
18	35	6008
18	36	7128
18	37	-2472
18	38	3128
18	39	-1208
19	20	-6808
19	21	-2488
19	22	-888
19	23	8248
19	24	4872
19	25	-1992
19	26	1512
19	27	4408
19	28	-408
19	29	5528
19	30	-4392
19	31	4072
19	32	2488
19	33	1528
19	34	-7112
19	35	-7608
19	36	-2328
19	37	872
19	38	1672
19	39	2808
20	21	-6648
20	22	1352
20	23	6008
20	24	7112
20	25	8568
20	26	3752
20	27	-4232
20	28	-4568
20	29	3288
20	30	-232
20	31	-88
20	32	248
20	33	-712
20	34	3448
20	35	1032
20	36	6312
20	37	-9688
20	38	-2488
20	39	-5832
21	22	-728
21	23	-11112
21	24	-1368
21	25	-2152
21	26	1672
21	27	-2152
21	28	-6648
21	29	-1032
21	30	1848
21	31	4232
21	32	2328
21	33	-5032
21	34	-872
21	35	-1048
21	36	-2168
21	37	1032
21	38	-4568
21	39	-3752
22	23	88
22	24	-6168
22	25	-3752
22	26	9672
22	27	2648
22	28	1352
22	29	10168
22	30	6648
22	31	-568
22	32	728
22	33	12568
22	34	3928
22	35	-5848
22	36	5832
22	37	2632
22	38	-9368
22	39	7448
23	24	728
23	25	2792
23	26	4088
23	27	-3608
23	28	-392
23	29	8072
23	30	-7608
23	31	1528
23	32	-1688
23	33	-728
23	34	-4888
23	35	-5992
23	36	1528
23	37	-8072
23	38	-2472
23	39	-2008
24	25	3288
24	26	-3768
24	27	3288
24	28	-5688
24	29	-1992
24	30	888
24	31	-1208
24	32	1368
24	33	-5992
24	34	-1832
24	35	-88
24	36	-1208
24	37	-4408
24	38	2792
24	39	-4712
25	26	-6152
25	27	232
25	28	-4232
25	29	-888
25	30	-3768
25	31	-2312
25	32	2152
25	33	3112
25	34	-1048
25	35	9368
25	36	-2312
25	37	888
25	38	88
25	39	-4568
26	27	-6152
26	28	-2648
26	29	7768
26	30	-2152
26	31	1832
26	32	-1672
26	33	3768
26	34	1528
26	35	-16248
26	36	1832
26	37	-1368
26	38	-13368
26	39	-1352
27	28	8568
27	29	-888
27	30	2632
27	31	-8712
27	32	8552
27	33	9512
27	34	5352
27	35	2968
27	36	4088
27	37	7288
27	38	6488
27	39	8232
28	29	3288
28	30	-232
28	31	-6488
28	32	248
28	33	5688
28	34	9848
28	35	1032
28	36	-88
28	37	9512
28	38	3912
28	39	6968
29	30	-4888
29	31	5208
29	32	1032
29	33	1992
29	34	4232
29	35	-8712
29	36	5208
29	37	-4392
29	38	-5192
29	39	712
30	31	1688
30	32	-1848
30	33	5512
30	34	-5048
30	35	6968
30	36	1688
30	37	4888
30	38	-2312
30	39	4232
31	32	-4232
31	33	-5192
31	34	-7432
31	35	-888
31	36	4392
31	37	-5208
31	38	1992
31	39	-3912
32	33	5032
32	34	872
32	35	1048
32	36	-4232
32	37	-1032
32	38	4568
32	39	10152
33	34	1832
33	35	88
33	36	1208
33	37	10808
33	38	-2792
33	39	11112
34	35	-2152
34	36	5368
34	37	2168
34	38	1368
34	39	552
35	36	-888
35	37	2312
35	38	9512
35	39	1368
36	37	-5208
36	38	1992
36	39	-3912
37	38	-1208
37	39	5688
38	39	4888
