0	1	-6600
0	2	8600
0	3	-7240
0	4	-3560
0	5	-2920
0	6	-6680
0	7	10200
0	8	6280
0	9	-7000
0	10	-2760
0	11	-6200
0	12	-6680
0	13	-3400
0	14	-9960
0	15	-5400
0	16	3000
0	17	-2280
0	18	-2760
0	19	7320
0	20	-2760
0	21	-280
0	22	-3240
0	23	6200
0	24	-40
0	25	-920
0	26	3160
0	27	-9160
0	28	-12600
0	29	360
0	30	-6600
0	31	-10120
0	32	-4200
0	33	5720
0	34	-440
0	35	200
0	36	2440
0	37	3640
0	38	2680
0	39	9560
1	2	4200
1	3	7240
1	4	3560
1	5	2920
1	6	6680
1	7	-3800
1	8	120
1	9	600
1	10	-3640
1	11	6200
1	12	6680
1	13	-3000
1	14	-2840
1	15	5400
1	16	-3000
1	17	-4120
1	18	-3640
1	19	-7320
1	20	2760
1	21	280
1	22	-3160
1	23	-6200
1	24	6440
1	25	7320
1	26	-3160
1	27	2760
1	28	6200
1	29	-360
1	30	200
1	31	3720
1	32	4200
1	33	680
1	34	-5960
1	35	-6600
1	36	-8840
1	37	-3640
1	38	-2680
1	39	3240
2	3	4840
2	4	1160
2	5	520
2	6	2680
2	7	200
2	8	8920
2	9	3000
2	10	-6040
2	11	-4200
2	12	-3720
2	13	1000
2	14	-5240
2	15	-11400
2	16	1000
2	17	-6520
2	18	360
2	19	-3320
2	20	360
2	21	2680
2	22	-11960
2	23	10600
2	24	4040
2	25	3320
2	26	840
2	27	-6040
2	28	-10600
2	29	8440
2	30	-2200
2	31	-5080
2	32	1800
2	33	4680
2	34	2840
2	35	-10600
2	36	6360
2	37	-6040
2	38	1320
2	39	840
3	4	4200
3	5	-2840
3	6	-6760
3	7	-3160
3	8	-520
3	9	12760
3	10	-3000
3	11	11960
3	12	6040
3	13	4040
3	14	4200
3	15	-1640
3	16	-2360
3	17	-9880
3	18	-3000
3	19	-13080
3	20	3400
3	21	-6760
3	22	-8920
3	23	840
3	24	680
3	25	6680
3	26	-2520
3	27	3400
3	28	5560
3	29	-1000
3	30	7240
3	31	4360
3	32	4840
3	33	1320
3	34	6200
3	35	-840
3	36	-3080
3	37	-3000
3	38	-2040
3	39	3880
4	5	-6520
4	6	3320
4	7	-6840
4	8	3160
4	9	3640
4	10	-6680
4	11	2840
4	12	9720
4	13	360
4	14	520
4	15	-4360
4	16	360
4	17	-760
4	18	6120
4	19	-10360
4	20	-280
4	21	3320
4	22	200
4	23	-2840
4	24	9800
4	25	-2440
4	26	200
4	27	6120
4	28	-3560
4	29	-3720
4	30	3560
4	31	-5720
4	32	1160
4	33	-8760
4	34	3480
4	35	-3560
4	36	600
4	37	-280
4	38	-5720
4	39	6600
5	6	3960
5	7	5320
5	8	-2600
5	9	-8520
5	10	-920
5	11	-2920
5	12	-2440
5	13	-280
5	14	-120
5	15	9080
5	16	-280
5	17	5000
5	18	-920
5	19	1800
5	20	5480
5	21	10360
5	22	-6840
5	23	-3480
5	24	-3640
5	25	-1800
5	26	-440
5	27	-920
5	28	9880
5	29	9720
5	30	2920
5	31	6440
5	32	-5880
5	33	-3000
5	34	-2280
5	35	-2920
5	36	-5160
5	37	-920
5	38	6440
5	39	-6840
6	7	-8520
6	8	-600
6	9	-1080
6	10	-2280
6	11	-6680
6	12	-760
6	13	-2920
6	14	3320
6	15	520
6	16	3480
6	17	4600
6	18	4120
6	19	1400
6	20	-2280
6	21	5640
6	22	3640
6	23	280
6	24	6840
6	25	-1400
6	26	-2760
6	27	4120
6	28	-280
6	29	6280
6	30	280
6	31	3160
6	32	2680
6	33	-6600
6	34	-920
6	35	-6680
6	36	1960
6	37	-2280
6	38	-3240
6	39	-9160
7	8	4120
7	9	-8200
7	10	-1240
7	11	3800
7	12	-2120
7	13	5800
7	14	-6840
7	15	3000
7	16	5800
7	17	-1720
7	18	-1240
7	19	7880
7	20	5160
7	21	4280
7	22	-7160
7	23	2600
7	24	-10360
7	25	-1480
7	26	-760
7	27	-7640
7	28	-2600
7	29	-2760
7	30	-3800
7	31	-280
7	32	-6200
7	33	3080
7	34	-1960
7	35	10200
7	36	-4840
7	37	5160
7	38	-280
7	39	5640
8	9	-920
8	10	-8840
8	11	-6520
8	12	-7000
8	13	3320
8	14	3160
8	15	-5720
8	16	-3080
8	17	-8360
8	18	-2440
8	19	1240
8	20	3960
8	21	5800
8	22	-9320
8	23	12920
8	24	-6120
8	25	-7640
8	26	3480
8	27	3960
8	28	-12920
8	29	40
8	30	-6280
8	31	-3400
8	32	-3880
8	33	-360
8	34	-7160
8	35	-120
8	36	8520
8	37	-8840
8	38	3000
8	39	3480
9	10	4440
9	11	5800
9	12	-1080
9	13	3800
9	14	3640
9	15	-6200
9	16	3800
9	17	-1480
9	18	4440
9	19	-4680
9	20	-1960
9	21	-7480
9	22	-2440
9	23	7000
9	24	760
9	25	4680
9	26	-8840
9	27	4440
9	28	-600
9	29	-440
9	30	600
9	31	3480
9	32	3000
9	33	120
9	34	5160
9	35	-600
9	36	1640
9	37	-1960
9	38	-9320
9	39	-2440
10	11	3640
10	12	-2280
10	13	5960
10	14	-6680
10	15	-3560
10	16	5960
10	17	11240
10	18	5320
10	19	8040
10	20	-7480
10	21	-2280
10	22	5800
10	23	-3640
10	24	-3800
10	25	4760
10	26	-7000
10	27	-7480
10	28	3640
10	29	-2920
10	30	-3640
10	31	6280
10	32	-6040
10	33	3240
10	34	-2120
10	35	3640
10	36	-5000
10	37	-1080
10	38	-6520
10	39	-7000
11	12	12520
11	13	9400
11	14	-3560
11	15	1000
11	16	3000
11	17	-2280
11	18	3640
11	19	-5480
11	20	3640
11	21	-6680
11	22	-3240
11	23	-6600
11	24	-40
11	25	5480
11	26	-3240
11	27	-2760
11	28	6600
11	29	-6040
11	30	6200
11	31	2680
11	32	2200
11	33	-680
11	34	5960
11	35	6600
11	36	-10360
11	37	3640
11	38	-10120
11	39	3160
12	13	3480
12	14	-3080
12	15	520
12	16	-2920
12	17	-1800
12	18	4120
12	19	-11400
12	20	4120
12	21	-760
12	22	3640
12	23	-12520
12	24	6840
12	25	5000
12	26	3640
12	27	-2280
12	28	6120
12	29	-6520
12	30	6680
12	31	-3240
12	32	9080
12	33	-200
12	34	5480
12	35	-280
12	36	-4440
12	37	4120
12	38	-3240
12	39	3640
13	14	360
13	15	-10600
13	16	6600
13	17	-920
13	18	5960
13	19	2280
13	20	-440
13	21	3480
13	22	-6360
13	23	3400
13	24	-9560
13	25	-2280
13	26	40
13	27	-6840
13	28	-3400
13	29	-3560
13	30	3400
13	31	6920
13	32	-5400
13	33	-2520
13	34	3640
13	35	9400
13	36	760
13	37	-6840
13	38	-5880
13	39	-6360
14	15	2040
14	16	-6040
14	17	-7160
14	18	-6680
14	19	-3960
14	20	-280
14	21	-3080
14	22	200
14	23	3560
14	24	-3000
14	25	-8840
14	26	6600
14	27	12520
14	28	2840
14	29	2680
14	30	9960
14	31	7080
14	32	1160
14	33	-8760
14	34	3480
14	35	2840
14	36	7000
14	37	-6680
14	38	7080
14	39	-6200
15	16	-4200
15	17	3320
15	18	-3560
15	19	120
15	20	9240
15	21	520
15	22	2360
15	23	-7400
15	24	-840
15	25	-120
15	26	-4040
15	27	9240
15	28	13800
15	29	1160
15	30	-1000
15	31	1880
15	32	1400
15	33	-1480
15	34	-6040
15	35	1000
15	36	-9560
15	37	9240
15	38	1880
15	39	2360
16	17	5480
16	18	5960
16	19	8680
16	20	-6840
16	21	3480
16	22	40
16	23	3400
16	24	-3160
16	25	4120
16	26	-12760
16	27	-6840
16	28	-3400
16	29	-3560
16	30	-3000
16	31	6920
16	32	-5400
16	33	-2520
16	34	3640
16	35	9400
16	36	-5640
16	37	5960
16	38	-12280
16	39	40
17	18	11240
17	19	7560
17	20	-1560
17	21	4600
17	22	5320
17	23	-4120
17	24	2120
17	25	-1160
17	26	-7480
17	27	-1560
17	28	4120
17	29	3960
17	30	-4120
17	31	-600
17	32	-6520
17	33	-3640
17	34	-1640
17	35	-2280
17	36	-4520
17	37	4840
17	38	-7000
17	39	-7480
18	19	1640
18	20	5320
18	21	4120
18	22	-600
18	23	2760
18	24	2600
18	25	-1640
18	26	-7000
18	27	-1080
18	28	-2760
18	29	3480
18	30	-3640
18	31	-6520
18	32	360
18	33	-3160
18	34	4280
18	35	-2760
18	36	1400
18	37	5320
18	38	-12920
18	39	-7000
19	20	-4760
19	21	1400
19	22	2120
19	23	5480
19	24	-7480
19	25	-4360
19	26	-4280
19	27	-4760
19	28	-5480
19	29	760
19	30	-7320
19	31	2600
19	32	-9720
19	33	-440
19	34	-4840
19	35	7320
19	36	-1320
19	37	1640
19	38	-3800
19	39	-4280
20	21	4120
20	22	-7000
20	23	2760
20	24	-3800
20	25	-1640
20	26	-600
20	27	5320
20	28	3640
20	29	3480
20	30	-3640
20	31	-6520
20	32	6760
20	33	3240
20	34	-2120
20	35	-2760
20	36	1400
20	37	5320
20	38	-120
20	39	-600
21	22	-2760
21	23	280
21	24	-5960
21	25	-1400
21	26	-2760
21	27	-2280
21	28	-280
21	29	-120
21	30	-6120
21	31	3160
21	32	-3720
21	33	-200
21	34	-7320
21	35	-280
21	36	1960
21	37	-2280
21	38	3160
21	39	-2760
22	23	-9560
22	24	3080
22	25	4280
22	26	-120
22	27	-600
22	28	3160
22	29	-9800
22	30	-3160
22	31	360
22	32	7240
22	33	3720
22	34	-2600
22	35	3160
22	36	920
22	37	5800
22	38	360
22	39	-120
23	24	-6360
23	25	-5480
23	26	-3160
23	27	2760
23	28	-13000
23	29	6040
23	30	-6200
23	31	-2680
23	32	-2200
23	33	680
23	34	440
23	35	-200
23	36	10360
23	37	-3640
23	38	-2680
23	39	-3160
24	25	1080
24	26	3080
24	27	2600
24	28	-40
24	29	6200
24	30	6440
24	31	-9240
24	32	4040
24	33	-5880
24	34	7000
24	35	-12840
24	36	-2280
24	37	2600
24	38	-2840
24	39	3080
25	26	-8520
25	27	-8040
25	28	5480
25	29	-7160
25	30	-5480
25	31	3800
25	32	9720
25	33	13240
25	34	-1560
25	35	-920
25	36	-5080
25	37	4760
25	38	-2600
25	39	4280
26	27	-600
26	28	-3240
26	29	3000
26	30	9640
26	31	-6040
26	32	840
26	33	-2680
26	34	3800
26	35	-3240
26	36	7320
26	37	-7000
26	38	13160
26	39	-120
27	28	3640
27	29	3480
27	30	2760
27	31	-120
27	32	360
27	33	-9560
27	34	-2120
27	35	-2760
27	36	1400
27	37	-1080
27	38	-120
27	39	-600
28	29	360
28	30	6200
28	31	9080
28	32	2200
28	33	-680
28	34	-440
28	35	200
28	36	-10360
28	37	3640
28	38	2680
28	39	-3240
29	30	6040
29	31	-3880
29	32	-4360
29	33	-7240
29	34	6120
29	35	-12440
29	36	2600
29	37	-2920
29	38	2520
29	39	-9800
30	31	3720
30	32	-2200
30	33	-12120
30	34	13240
30	35	-200
30	36	-2440
30	37	-3640
30	38	3720
30	39	-3160
31	32	-5080
31	33	-2200
31	34	-3080
31	35	9080
31	36	-5960
31	37	-6520
31	38	840
31	39	-6040
32	33	11080
32	34	2840
32	35	-4200
32	36	6360
32	37	6760
32	38	1320
32	39	840
33	34	-6440
33	35	-680
33	36	3480
33	37	3240
33	38	4200
33	39	3720
34	35	-440
34	36	1800
34	37	4280
34	38	-3080
34	39	-2600
35	36	-3960
35	37	3640
35	38	-3720
35	39	3160
36	37	-5000
36	38	6840
36	39	-5480
37	38	-6520
37	39	5800
38	39	360
