0	1	-1312
0	2	4928
0	3	2432
0	4	-5632
0	5	2272
0	6	4928
0	7	-1952
0	8	1728
0	9	3072
0	10	2752
0	11	-6112
0	12	-1088
0	13	-928
0	14	-3808
0	15	928
0	16	-1312
0	17	-1408
0	18	-32
0	19	608
0	20	-9152
0	21	7328
0	22	5152
0	23	-928
0	24	-8672
0	25	5472
0	26	4928
0	27	-2752
0	28	12192
0	29	-11488
0	30	-1248
0	31	-5408
0	32	1248
0	33	-4992
0	34	3648
0	35	2048
0	36	-1312
0	37	-4832
0	38	-3232
0	39	-4288
1	2	-5312
1	3	12672
1	4	-3072
1	5	-288
1	6	1088
1	7	-5792
1	8	4288
1	9	512
1	10	-6208
1	11	-3552
1	12	-10048
1	13	-3488
1	14	32
1	15	-2912
1	16	7648
1	17	-3968
1	18	-3872
1	19	-3232
1	20	-192
1	21	-9312
1	22	-3808
1	23	-3488
1	24	-6112
1	25	-3488
1	26	-5312
1	27	-6592
1	28	-9568
1	29	5152
1	30	2592
1	31	-7968
1	32	3808
1	33	-2432
1	34	-6592
1	35	-1792
1	36	1248
1	37	-2272
1	38	-7072
1	39	-6848
2	3	32
2	4	3168
2	5	6272
2	6	928
2	7	448
2	8	-2272
2	9	7072
2	10	352
2	11	9088
2	12	2912
2	13	9472
2	14	-6208
2	15	-9472
2	16	7488
2	17	-3808
2	18	-4032
2	19	3008
2	20	-352
2	21	-3072
2	22	-3648
2	23	3072
2	24	128
2	25	9472
2	26	7328
2	27	6048
2	28	3392
2	29	-1088
2	30	2752
2	31	4992
2	32	-2752
2	33	3808
2	34	-6752
2	35	-1952
2	36	7488
2	37	-2432
2	38	-7232
2	39	-6688
3	4	-8608
3	5	-7232
3	6	6432
3	7	-5888
3	8	-3168
3	9	-1632
3	10	-7712
3	11	-1728
3	12	-10272
3	13	2368
3	14	-7552
3	15	-8768
3	16	6272
3	17	-3552
3	18	-1408
3	19	-2048
3	20	7712
3	21	-2368
3	22	2688
3	23	-4032
3	24	-11968
3	25	2368
3	26	-6368
3	27	-5088
3	28	-4352
3	29	128
3	30	-3712
3	31	-5952
3	32	10112
3	33	-9248
3	34	-5088
3	35	-9888
3	36	6272
3	37	-3008
3	38	-4608
3	39	-7072
4	5	10432
4	6	-3232
4	7	-3712
4	8	6368
4	9	-1568
4	10	4512
4	11	4928
4	12	672
4	13	7232
4	14	-2048
4	15	5568
4	16	3328
4	17	352
4	18	-8192
4	19	5248
4	20	-4512
4	21	-7232
4	22	512
4	23	832
4	24	8768
4	25	-5568
4	26	9568
4	27	1888
4	28	-5248
4	29	3072
4	30	13312
4	31	2752
4	32	-13312
4	33	6048
4	34	1888
4	35	288
4	36	3328
4	37	-192
4	38	-4992
4	39	3872
5	6	-6528
5	7	352
5	8	9472
5	9	-1472
5	10	5248
5	11	4512
5	12	2688
5	13	2528
5	14	-992
5	15	3872
5	16	6112
5	17	3008
5	18	-1568
5	19	4192
5	20	-11648
5	21	-8928
5	22	-3552
5	23	-3872
5	24	7072
5	25	2528
5	26	12672
5	27	1152
5	28	-4192
5	29	288
5	30	9248
5	31	7008
5	32	-9248
5	33	3392
5	34	1152
5	35	2752
5	36	-288
5	37	-3168
5	38	-4768
5	39	-512
6	7	448
6	8	4128
6	9	7072
6	10	352
6	11	2688
6	12	2912
6	13	3072
6	14	192
6	15	-3072
6	16	1088
6	17	2592
6	18	-4032
6	19	9408
6	20	-352
6	21	-3072
6	22	2752
6	23	9472
6	24	-6272
6	25	-3328
6	26	928
6	27	-6752
6	28	-3008
6	29	-1088
6	30	-10048
6	31	-1408
6	32	3648
6	33	-2592
6	34	-352
6	35	-1952
6	36	7488
6	37	-2432
6	38	-7232
6	39	6112
7	8	-2752
7	9	1152
7	10	7232
7	11	2208
7	12	3392
7	13	3552
7	14	13472
7	15	-3552
7	16	-5792
7	17	15872
7	18	1888
7	19	2528
7	20	-832
7	21	-3552
7	22	-3168
7	23	-2848
7	24	6048
7	25	-2848
7	26	-5952
7	27	5568
7	28	3872
7	29	-7008
7	30	-3168
7	31	5472
7	32	-3232
7	33	9728
7	34	-832
7	35	10368
7	36	7008
7	37	3488
7	38	5088
7	39	6592
8	9	-2528
8	10	-2848
8	11	-512
8	12	6112
8	13	-128
8	14	3392
8	15	6528
8	16	-2112
8	17	-608
8	18	-7232
8	19	6208
8	20	-9952
8	21	-6272
8	22	-448
8	23	-128
8	24	9728
8	25	-128
8	26	10528
8	27	-9952
8	28	-6208
8	29	8512
8	30	-448
8	31	8192
8	32	448
8	33	-5792
8	34	2848
8	35	1248
8	36	-2112
8	37	768
8	38	-4032
8	39	2912
9	10	4448
9	11	5312
9	12	1888
9	13	-4672
9	14	4608
9	15	-1728
9	16	6912
9	17	-4192
9	18	-768
9	19	-1408
9	20	-4448
9	21	-1728
9	22	-4352
9	23	14528
9	24	-4928
9	25	1728
9	26	672
9	27	1952
9	28	1408
9	29	-512
9	30	-4352
9	31	-6592
9	32	-2048
9	33	10592
9	34	-4448
9	35	9952
9	36	512
9	37	-2368
9	38	-10368
9	39	-1312
10	11	-1408
10	12	2208
10	13	2048
10	14	4928
10	15	4352
10	16	6592
10	17	8928
10	18	-1088
10	19	-1728
10	20	-4768
10	21	-2048
10	22	2368
10	23	2048
10	24	1152
10	25	-4352
10	26	6752
10	27	1632
10	28	1728
10	29	-12992
10	30	2368
10	31	-6272
10	32	-8768
10	33	10272
10	34	1632
10	35	9632
10	36	6592
10	37	3712
10	38	-4288
10	39	11808
11	12	1152
11	13	1312
11	14	-1568
11	15	-7712
11	16	2848
11	17	832
11	18	4128
11	19	4768
11	20	1408
11	21	-7712
11	22	992
11	23	7712
11	24	1888
11	25	1312
11	26	2688
11	27	1408
11	28	-4768
11	29	3552
11	30	992
11	31	9632
11	32	-992
11	33	5568
11	34	-4992
11	35	-192
11	36	2848
11	37	-672
11	38	-5472
11	39	-2048
12	13	-512
12	14	2368
12	15	512
12	16	-3648
12	17	-32
12	18	1472
12	19	7232
12	20	-2208
12	21	512
12	22	-6592
12	23	5888
12	24	10112
12	25	-512
12	26	9312
12	27	-2208
12	28	-832
12	29	3648
12	30	-6592
12	31	10368
12	32	192
12	33	32
12	34	-2208
12	35	-608
12	36	-3648
12	37	6272
12	38	4672
12	39	9248
13	14	-4192
13	15	-5728
13	16	2912
13	17	6208
13	18	-11168
13	19	7392
13	20	4352
13	21	-5728
13	22	-352
13	23	-7072
13	24	3872
13	25	-672
13	26	3072
13	27	4352
13	28	-992
13	29	-2912
13	30	6048
13	31	3808
13	32	-6048
13	33	192
13	34	-2048
13	35	-6848
13	36	15712
13	37	32
13	38	-1568
13	39	2688
14	15	4192
14	16	-6368
14	17	9088
14	18	-1248
14	19	-1888
14	20	-4928
14	21	-2208
14	22	-3872
14	23	2208
14	24	7392
14	25	-4192
14	26	-6208
14	27	1472
14	28	1888
14	29	-32
14	30	-3872
14	31	288
14	32	-2528
14	33	10112
14	34	1472
14	35	15872
14	36	32
14	37	3552
14	38	1952
14	39	5568
15	16	-2912
15	17	192
15	18	-1632
15	19	-992
15	20	-10752
15	21	5728
15	22	352
15	23	672
15	24	2528
15	25	672
15	26	3328
15	27	2048
15	28	992
15	29	2912
15	30	352
15	31	-3808
15	32	-6752
15	33	-192
15	34	14848
15	35	6848
15	36	-9312
15	37	-6432
15	38	1568
15	39	3712
16	17	-3968
16	18	-3872
16	19	-3232
16	20	-192
16	21	-9312
16	22	-3808
16	23	2912
16	24	-6112
16	25	2912
16	26	7488
16	27	-192
16	28	-9568
16	29	-1248
16	30	2592
16	31	-7968
16	32	-2592
16	33	3968
16	34	-6592
16	35	-1792
16	36	7648
16	37	-2272
16	38	-13472
16	39	-448
17	18	1152
17	19	6912
17	20	-2528
17	21	-6208
17	22	128
17	23	-6592
17	24	3392
17	25	-6592
17	26	-3808
17	27	3872
17	28	-512
17	29	-8832
17	30	128
17	31	4288
17	32	-6528
17	33	6112
17	34	3872
17	35	5472
17	36	8832
17	37	-448
17	38	4352
17	39	9568
18	19	-1952
18	20	1088
18	21	4768
18	22	1312
18	23	1632
18	24	-4832
18	25	1632
18	26	-4032
18	27	1088
18	28	1952
18	29	-2528
18	30	-5088
18	31	3552
18	32	5088
18	33	-1152
18	34	1088
18	35	-512
18	36	-10272
18	37	-992
18	38	7008
18	39	-1728
19	20	-4672
19	21	-7392
19	22	-5728
19	23	992
19	24	2208
19	25	-5408
19	26	3008
19	27	1728
19	28	-5088
19	29	3232
19	30	672
19	31	9312
19	32	-7072
19	33	-512
19	34	1728
19	35	-6272
19	36	3168
19	37	-6752
19	38	1248
19	39	4032
20	21	2048
20	22	4032
20	23	-2048
20	24	-1152
20	25	-2048
20	26	-6752
20	27	-1632
20	28	-1728
20	29	192
20	30	-2368
20	31	-128
20	32	8768
20	33	-3872
20	34	-8032
20	35	-9632
20	36	6208
20	37	9088
20	38	4288
20	39	992
21	22	6752
21	23	672
21	24	-3872
21	25	7072
21	26	-3072
21	27	2048
21	28	13792
21	29	-3488
21	30	-6048
21	31	-3808
21	32	6048
21	33	-6592
21	34	8448
21	35	448
21	36	-9312
21	37	-32
21	38	7968
21	39	-2688
22	23	-352
22	24	-2848
22	25	-352
22	26	2752
22	27	-8768
22	28	5728
22	29	-8992
22	30	-32
22	31	-2272
22	32	6432
22	33	-6528
22	34	4032
22	35	-768
22	36	2592
22	37	6112
22	38	-1888
22	39	3008
23	24	-2528
23	25	-672
23	26	3072
23	27	-2048
23	28	-992
23	29	3488
23	30	-6752
23	31	-2592
23	32	352
23	33	6592
23	34	-2048
23	35	5952
23	36	-3488
23	37	32
23	38	-7968
23	39	2688
24	25	-2528
24	26	6528
24	27	-1152
24	28	-2208
24	29	6112
24	30	3552
24	31	12192
24	32	-3552
24	33	3008
24	34	-1152
24	35	3648
24	36	288
24	37	9568
24	38	4768
24	39	6912
25	26	3072
25	27	4352
25	28	5408
25	29	3488
25	30	-6752
25	31	3808
25	32	6752
25	33	-6208
25	34	4352
25	35	-448
25	36	-3488
25	37	-6368
25	38	-1568
25	39	-10112
26	27	-6752
26	28	-3008
26	29	-1088
26	30	2752
26	31	4992
26	32	-2752
26	33	-2592
26	34	-352
26	35	-1952
26	36	1088
26	37	3968
26	38	-7232
26	39	6112
27	28	4672
27	29	192
27	30	4032
27	31	-128
27	32	-10432
27	33	8928
27	34	4768
27	35	3168
27	36	-192
27	37	-10112
27	38	4288
27	39	-5408
28	29	-9632
28	30	-672
28	31	-2912
28	32	672
28	33	512
28	34	4672
28	35	6272
28	36	-3168
28	37	352
28	38	5152
28	39	-4032
29	30	-2592
29	31	7968
29	32	2592
29	33	-3968
29	34	192
29	35	-4608
29	36	-7648
29	37	-4128
29	38	672
29	39	-5952
30	31	-2272
30	32	-12768
30	33	6272
30	34	-2368
30	35	-768
30	36	2592
30	37	-288
30	38	-1888
30	39	-3392
31	32	2272
31	33	-4288
31	34	-128
31	35	-4928
31	36	-1568
31	37	1952
31	38	6752
31	39	768
32	33	-12672
32	34	-4032
32	35	-5632
32	36	-2592
32	37	6688
32	38	1888
32	39	-3008
33	34	-3872
33	35	13728
33	36	3968
33	37	448
33	38	-4352
33	39	3232
34	35	3168
34	36	-6592
34	37	-10112
34	38	4288
34	39	992
35	36	-1792
35	37	1088
35	38	-3712
35	39	2592
36	37	4128
36	38	-7072
36	39	5952
37	38	2208
37	39	9472
38	39	1472
