0	1	2564
0	2	2876
0	3	7516
0	4	324
0	5	-2084
0	6	1596
0	7	4804
0	8	10876
0	9	7996
0	10	5604
0	11	7676
0	12	4636
0	13	6076
0	14	5116
0	15	3364
0	16	-2876
0	17	-316
0	18	-4316
0	19	-164
0	20	2884
0	21	6564
0	22	-1276
0	23	12644
0	24	3044
0	25	7044
0	26	6404
0	27	-3364
0	28	3676
0	29	644
0	30	5924
0	31	1756
0	32	10076
0	33	9284
0	34	-1276
0	35	-3524
0	36	-5276
0	37	-6724
0	38	12644
0	39	-6244
1	2	1124
1	3	2884
1	4	2076
1	5	-6716
1	6	-10396
1	7	-2404
1	8	5924
1	9	2404
1	10	3196
1	11	9124
1	12	5764
1	13	4324
1	14	-1116
1	15	-13764
1	16	-1124
1	17	2716
1	18	316
1	19	-8636
1	20	-484
1	21	-4164
1	22	3676
1	23	8956
1	24	5756
1	25	-4644
1	26	2396
1	27	964
1	28	324
1	29	-4644
1	30	-3524
1	31	8644
1	32	6724
1	33	5916
1	34	3676
1	35	7524
1	36	7676
1	37	-2076
1	38	2556
1	39	3844
2	3	-3844
2	4	-7516
2	5	-644
2	6	-3364
2	7	3364
2	8	-484
2	9	-3364
2	10	10564
2	11	2716
2	12	-324
2	13	7516
2	14	156
2	15	-4476
2	16	-4316
2	17	4644
2	18	644
2	19	1276
2	20	-4956
2	21	-7676
2	22	3684
2	23	4804
2	24	8004
2	25	-7196
2	26	-1436
2	27	4476
2	28	-1284
2	29	-796
2	30	4484
2	31	-3204
2	32	5116
2	33	1444
2	34	10084
2	35	-2084
2	36	6084
2	37	1116
2	38	4804
2	39	1596
3	4	644
3	5	-8804
3	6	-5124
3	7	-1276
3	8	4156
3	9	1276
3	10	-6876
3	11	7356
3	12	-2084
3	13	5756
3	14	-1604
3	15	-2716
3	16	-2556
3	17	4
3	18	8804
3	19	-6884
3	20	3204
3	21	6884
3	22	5444
3	23	6564
3	24	-3036
3	25	7364
3	26	6724
3	27	-3684
3	28	9756
3	29	964
3	30	-156
3	31	7836
3	32	9756
3	33	3204
3	34	-13756
3	35	-3844
3	36	1444
3	37	-7044
3	38	164
3	39	-6564
4	5	-2556
4	6	164
4	7	-6564
4	8	3684
4	9	12964
4	10	-964
4	11	-5916
4	12	3524
4	13	-10716
4	14	3044
4	15	1276
4	16	7516
4	17	-7844
4	18	-3844
4	19	-4476
4	20	-4644
4	21	-1924
4	22	-6884
4	23	-1604
4	24	-4804
4	25	10396
4	26	-8164
4	27	-7676
4	28	-8316
4	29	3996
4	30	-1284
4	31	6404
4	32	-1916
4	33	-4644
4	34	-484
4	35	-1116
4	36	-9284
4	37	-4316
4	38	-1604
4	39	1604
5	6	10876
5	7	-4476
5	8	-5444
5	9	-1924
5	10	2724
5	11	-2244
5	12	7516
5	13	-3844
5	14	-4804
5	15	6884
5	16	7044
5	17	3204
5	18	-7196
5	19	9116
5	20	6404
5	21	3684
5	22	-4156
5	23	-3036
5	24	164
5	25	-2236
5	26	-2876
5	27	-6884
5	28	156
5	29	4164
5	30	9444
5	31	-1764
5	32	-6244
5	33	-6396
5	34	2244
5	35	-644
5	36	-1756
5	37	2556
5	38	-3036
5	39	-3364
6	7	4644
6	8	-1764
6	9	1756
6	10	5444
6	11	1436
6	12	4796
6	13	-164
6	14	-1124
6	15	16004
6	16	-3036
6	17	-476
6	18	1924
6	19	-4
6	20	2724
6	21	6404
6	22	-1436
6	23	-316
6	24	2884
6	25	6884
6	26	-6556
6	27	3196
6	28	3836
6	29	6884
6	30	-636
6	31	-10884
6	32	-2564
6	33	-3676
6	34	-1436
6	35	-3364
6	36	-11836
6	37	-6564
6	38	-316
6	39	316
7	8	-4636
7	9	-1756
7	10	956
7	11	-1436
7	12	1604
7	13	6564
7	14	1124
7	15	3196
7	16	-9764
7	17	476
7	18	4476
7	19	4
7	20	-2724
7	21	-4
7	22	7836
7	23	6716
7	24	3516
7	25	-484
7	26	156
7	27	9604
7	28	8964
7	29	-6884
7	30	-5764
7	31	-14716
7	32	8964
7	33	3676
7	34	1436
7	35	3364
7	36	-964
7	37	-6236
7	38	6716
7	39	6084
8	9	4636
8	10	8964
8	11	4316
8	12	1276
8	13	2716
8	14	1756
8	15	324
8	16	484
8	17	3044
8	18	-7356
8	19	-3524
8	20	-156
8	21	9924
8	22	2084
8	23	3204
8	24	4
8	25	4004
8	26	3364
8	27	-324
8	28	316
8	29	4004
8	30	-3516
8	31	4796
8	32	316
8	33	12644
8	34	-4316
8	35	5916
8	36	-8316
8	37	2716
8	38	9604
8	39	-9604
9	10	-956
9	11	-4964
9	12	11196
9	13	-6564
9	14	5276
9	15	3204
9	16	3364
9	17	-476
9	18	-4476
9	19	-6404
9	20	2724
9	21	4
9	22	-1436
9	23	-316
9	24	-3516
9	25	6884
9	26	-6556
9	27	-3204
9	28	-2564
9	29	484
9	30	5764
9	31	8316
9	32	-2564
9	33	2724
9	34	4964
9	35	-3364
9	36	-11836
9	37	-6564
9	38	6084
9	39	316
10	11	5764
10	12	2404
10	13	7364
10	14	-4476
10	15	2396
10	16	-4164
10	17	-324
10	18	-2724
10	19	804
10	20	-3524
10	21	-804
10	22	636
10	23	5916
10	24	9116
10	25	-1284
10	26	-7044
10	27	4004
10	28	-3036
10	29	5116
10	30	-164
10	31	-7516
10	32	3364
10	33	2876
10	34	7036
10	35	4164
10	36	-1764
10	37	964
10	38	5916
10	39	484
11	12	-1924
11	13	12316
11	14	-1444
11	15	-2876
11	16	-9116
11	17	-156
11	18	8644
11	19	-6724
11	20	3044
11	21	324
11	22	-1116
11	23	12804
11	24	9604
11	25	804
11	26	6564
11	27	2876
11	28	3516
11	29	804
11	30	-316
11	31	1596
11	32	9916
11	33	3044
11	34	-1116
11	35	-3684
11	36	7684
11	37	-6884
11	38	4
11	39	-4
12	13	-3524
12	14	1916
12	15	164
12	16	6724
12	17	9284
12	18	-7516
12	19	-3364
12	20	6084
12	21	3364
12	22	8324
12	23	3044
12	24	6244
12	25	-2556
12	26	-3196
12	27	-164
12	28	6876
12	29	3844
12	30	2724
12	31	4956
12	32	476
12	33	6084
12	34	1924
12	35	6076
12	36	-8476
12	37	-3524
12	38	9444
12	39	3356
13	14	-9444
13	15	-1276
13	16	-13916
13	17	1444
13	18	10244
13	19	-1924
13	20	4644
13	21	1924
13	22	6884
13	23	8004
13	24	4804
13	25	-3996
13	26	1764
13	27	7676
13	28	8316
13	29	-3996
13	30	1284
13	31	-6404
13	32	8316
13	33	4644
13	34	484
13	35	1116
13	36	9284
13	37	-2084
13	38	1604
13	39	-1604
14	15	-316
14	16	6244
14	17	2404
14	18	-7996
14	19	-2884
14	20	-7196
14	21	-3516
14	22	-4956
14	23	2564
14	24	5764
14	25	3364
14	26	9124
14	27	316
14	28	-5444
14	29	3364
14	30	-4156
14	31	5436
14	32	956
14	33	5604
14	34	1444
14	35	-6244
14	36	-8956
14	37	-3044
14	38	8964
14	39	3836
15	16	-1924
15	17	-4484
15	18	-484
15	19	4964
15	20	5116
15	21	7836
15	22	-3524
15	23	-4644
15	24	-1444
15	25	7356
15	26	-4804
15	27	1764
15	28	1124
15	29	7356
15	30	2076
15	31	-9756
15	32	-5276
15	33	-1284
15	34	-3524
15	35	-4476
15	36	-12324
15	37	-1276
15	38	1756
15	39	-1756
16	17	1756
16	18	-13444
16	19	5124
16	20	-1444
16	21	1276
16	22	-3684
16	23	-4804
16	24	-1604
16	25	796
16	26	1436
16	27	-10876
16	28	-5116
16	29	7196
16	30	1916
16	31	9604
16	32	-5116
16	33	-1444
16	34	-3684
16	35	2084
16	36	-6084
16	37	5284
16	38	1596
16	39	-1596
17	18	-3204
17	19	-5116
17	20	2396
17	21	5116
17	22	12956
17	23	-964
17	24	2236
17	25	-8164
17	26	5276
17	27	4484
17	28	10244
17	29	-1764
17	30	-644
17	31	5764
17	32	-2556
17	33	8796
17	34	156
17	35	4644
17	36	-2244
17	37	1444
17	38	5436
17	39	-5436
18	19	-9116
18	20	-4
18	21	-3684
18	22	4156
18	23	3036
18	24	-164
18	25	2236
18	26	-3524
18	27	6884
18	28	6244
18	29	-4164
18	30	-3044
18	31	-4636
18	32	6244
18	33	-6404
18	34	-2244
18	35	-5756
18	36	8156
18	37	-8956
18	38	-9764
18	39	3364
19	20	4484
19	21	1764
19	22	-6076
19	23	-4956
19	24	-1756
19	25	-4156
19	26	1604
19	27	-4964
19	28	-4324
19	29	2244
19	30	7524
19	31	-6244
19	32	-4324
19	33	-1916
19	34	324
19	35	1276
19	36	2724
19	37	10876
19	38	1444
19	39	-1444
20	21	8316
20	22	3356
20	23	-4164
20	24	-964
20	25	-4964
20	26	2076
20	27	1284
20	28	7044
20	29	1436
20	30	8956
20	31	2564
20	32	-5756
20	33	5596
20	34	-3044
20	35	1444
20	36	956
20	37	4644
20	38	2236
20	39	-2236
21	22	6076
21	23	-1444
21	24	-4644
21	25	4156
21	26	4796
21	27	-1436
21	28	10724
21	29	4156
21	30	-1124
21	31	-156
21	32	-2076
21	33	8316
21	34	-13124
21	35	5124
21	36	-9124
21	37	1924
21	38	4956
21	39	-11356
22	23	-4
22	24	3196
22	25	-7204
22	26	-164
22	27	9924
22	28	15684
22	29	-804
22	30	-6084
22	31	-1596
22	32	2884
22	33	9756
22	34	-5284
22	35	10084
22	36	-1284
22	37	484
22	38	6396
22	39	4
23	24	8476
23	25	4476
23	26	5116
23	27	-1756
23	28	4004
23	29	-1924
23	30	-804
23	31	-476
23	32	16804
23	33	2236
23	34	-4
23	35	-1596
23	36	3996
23	37	-11196
23	38	5276
23	39	1124
24	25	-5124
24	26	1916
24	27	7844
24	28	804
24	29	7676
24	30	-4004
24	31	-3676
24	32	7204
24	33	5436
24	34	3196
24	35	1604
24	36	796
24	37	-1596
24	38	8476
24	39	10724
25	26	-2084
25	27	-7356
25	28	-1596
25	29	3676
25	30	-1604
25	31	324
25	32	4804
25	33	-4964
25	34	-7204
25	35	-7196
25	36	-9604
25	37	-10396
25	38	-1924
25	39	-4476
26	27	-1596
26	28	4164
26	29	-2084
26	30	-964
26	31	6084
26	32	4164
26	33	8476
26	34	-6564
26	35	-1436
26	36	3836
26	37	1764
26	38	5116
26	39	-5116
27	28	5276
27	29	-956
27	30	-8476
27	31	-9444
27	32	-1124
27	33	7684
27	34	3524
27	35	4476
27	36	-476
27	37	1276
27	38	4644
27	39	8156
28	29	-1596
28	30	-2716
28	31	-2404
28	32	5916
28	33	7044
28	34	-9916
28	35	5116
28	36	-1116
28	37	-4484
28	38	4004
28	39	-4004
29	30	-1604
29	31	324
29	32	-1596
29	33	1436
29	34	-7204
29	35	-796
29	36	-9604
29	37	2404
29	38	4476
29	39	1924
30	31	5604
30	32	-2716
30	33	-3844
30	34	6716
30	35	-8316
30	36	4316
30	37	1284
30	38	-804
30	39	-5596
31	32	-2404
31	33	2564
31	34	-1596
31	35	-3204
31	36	804
31	37	-4
31	38	-476
31	39	-5924
32	33	644
32	34	-3516
32	35	-1284
32	36	5284
32	37	-10884
32	38	4004
32	39	2396
33	34	-3044
33	35	7844
33	36	-5444
33	37	4644
33	38	15036
33	39	-2236
34	35	-2716
34	36	5116
34	37	484
34	38	-4
34	39	6404
35	36	-316
35	37	7516
35	38	4804
35	39	1596
36	37	2884
36	38	-8804
36	39	2404
37	38	1604
37	39	-1604
38	39	1124
