0	1	-176
0	2	3024
0	3	9264
0	4	624
0	5	-1264
0	6	5936
0	7	-2384
0	8	7824
0	9	3504
0	10	-7344
0	11	2864
0	12	144
0	13	-9136
0	14	6256
0	15	2736
0	16	-4464
0	17	304
0	18	-1584
0	19	4016
0	20	-5904
0	21	2384
0	22	-4784
0	23	-7536
0	24	14736
0	25	4624
0	26	496
0	27	5424
0	28	7056
0	29	9616
0	30	-2576
0	31	784
0	32	-13616
0	33	624
0	34	-5296
0	35	3376
0	36	5456
0	37	-2704
0	38	1776
0	39	7184
1	2	-5136
1	3	1104
1	4	-1136
1	5	6896
1	6	-5104
1	7	5776
1	8	-336
1	9	-4656
1	10	816
1	11	1104
1	12	-1616
1	13	1904
1	14	-4784
1	15	10896
1	16	10096
1	17	-7856
1	18	176
1	19	-624
1	20	-4144
1	21	13424
1	22	-3024
1	23	3504
1	24	3696
1	25	-3536
1	26	-4144
1	27	-2736
1	28	-3984
1	29	-1424
1	30	-4336
1	31	-7376
1	32	3824
1	33	5264
1	34	-656
1	35	-1264
1	36	-5584
1	37	-944
1	38	9936
1	39	5424
2	3	10704
2	4	2064
2	5	10096
2	6	10896
2	7	-3824
2	8	2864
2	9	-1456
2	10	-8784
2	11	-8496
2	12	1584
2	13	-1296
2	14	4816
2	15	-5104
2	16	-5904
2	17	1744
2	18	3376
2	19	-3824
2	20	-944
2	21	-2576
2	22	176
2	23	304
2	24	6896
2	25	-336
2	26	5456
2	27	6864
2	28	-784
2	29	1776
2	30	5264
2	31	2224
2	32	624
2	33	2064
2	34	-10256
2	35	8336
2	36	10416
2	37	-4144
2	38	336
2	39	2224
3	4	1904
3	5	3856
3	6	4656
3	7	-3664
3	8	9104
3	9	4784
3	10	-2224
3	11	-2256
3	12	1424
3	13	-7856
3	14	-1424
3	15	1456
3	16	-5744
3	17	1584
3	18	3536
3	19	2736
3	20	-784
3	21	3664
3	22	336
3	23	144
3	24	13456
3	25	-496
3	26	5616
3	27	6704
3	28	-624
3	29	8336
3	30	-1296
3	31	-4336
3	32	-5936
3	33	8304
3	34	-10416
3	35	2096
3	36	10576
3	37	-3984
3	38	6896
3	39	2064
4	5	-304
4	6	496
4	7	-7824
4	8	6864
4	9	8944
4	10	16
4	11	1904
4	12	-7216
4	13	-3696
4	14	816
4	15	3696
4	16	2896
4	17	12144
4	18	-624
4	19	-1424
4	20	-4944
4	21	1424
4	22	2576
4	23	-2096
4	24	2896
4	25	10064
4	26	7856
4	27	4464
4	28	8016
4	29	10576
4	30	2864
4	31	-6576
4	32	-1776
4	33	-336
4	34	-12656
4	35	-2064
4	36	16
4	37	4656
4	38	9136
4	39	-176
5	6	6544
5	7	2064
5	8	-1104
5	9	-9584
5	10	-12176
5	11	-8944
5	12	176
5	13	3056
5	14	6224
5	15	-3056
5	16	4144
5	17	-6384
5	18	1264
5	19	-10736
5	20	-7216
5	21	4336
5	22	-1936
5	23	1456
5	24	4144
5	25	-4304
5	26	-816
5	27	1296
5	28	-976
5	29	-3536
5	30	2896
5	31	-464
5	32	7536
5	33	6096
5	34	-7184
5	35	9104
5	36	624
5	37	2384
5	38	4304
5	39	12336
6	7	-5136
6	8	6096
6	9	-2384
6	10	-6576
6	11	-1744
6	12	-5424
6	13	-8944
6	14	5424
6	15	-10256
6	16	-9456
6	17	-5584
6	18	464
6	19	-5136
6	20	-8016
6	21	-1264
6	22	-9136
6	23	-4144
6	24	9744
6	25	9296
6	26	4784
6	27	8496
6	28	-1776
6	29	-4336
6	30	-2704
6	31	336
6	32	-4464
6	33	-5904
6	34	-6384
6	35	14704
6	36	6224
6	37	-4816
6	38	-2896
6	39	6736
7	8	-2224
7	9	-10704
7	10	-4656
7	11	2736
7	12	5456
7	13	8336
7	14	944
7	15	4464
7	16	5264
7	17	-7504
7	18	-10416
7	19	-9616
7	20	6704
7	21	3216
7	22	-816
7	23	336
7	24	-7536
7	25	-5424
7	26	304
7	27	-12624
7	28	-6256
7	29	-2416
7	30	-4624
7	31	4816
7	32	16
7	33	4976
7	34	4496
7	35	-2576
7	36	-4656
7	37	3504
7	38	-7376
7	39	-1584
8	9	3344
8	10	-784
8	11	9104
8	12	-16
8	13	-15696
8	14	-6384
8	15	-3504
8	16	-10704
8	17	144
8	18	-1424
8	19	-2224
8	20	656
8	21	2224
8	22	-4624
8	23	-1296
8	24	8496
8	25	4464
8	26	13456
8	27	-1136
8	28	816
8	29	9776
8	30	-2736
8	31	-12176
8	32	-7376
8	33	464
8	34	-5456
8	35	3536
8	36	-784
8	37	3856
8	38	8336
8	39	624
9	10	9936
9	11	4784
9	12	-4336
9	13	-7216
9	14	-2064
9	15	816
9	16	-6384
9	17	8624
9	18	9296
9	19	8496
9	20	-1424
9	21	-2096
9	22	6096
9	23	784
9	24	6416
9	25	6544
9	26	4976
9	27	7344
9	28	5136
9	29	7696
9	30	-656
9	31	-3696
9	32	-5296
9	33	2544
9	34	-3376
9	35	-4944
9	36	9936
9	37	-4624
9	38	6256
9	39	-3696
10	11	10576
10	12	-5904
10	13	-3024
10	14	-13296
10	15	3024
10	16	-2576
10	17	336
10	18	7344
10	19	8144
10	20	5264
10	21	-1744
10	22	-2256
10	23	1776
10	24	-2576
10	25	2416
10	26	-1136
10	27	1616
10	28	-1296
10	29	-3856
10	30	-3184
10	31	-6544
10	32	1456
10	33	16
10	34	5936
10	35	-4016
10	36	304
10	37	-4336
10	38	3984
10	39	-6544
11	12	-4976
11	13	-7856
11	14	-7824
11	15	1456
11	16	-5744
11	17	-4816
11	18	-2864
11	19	-3664
11	20	5616
11	21	-2736
11	22	-12464
11	23	-6256
11	24	656
11	25	5904
11	26	5616
11	27	-6096
11	28	5776
11	29	1936
11	30	-7696
11	31	-4336
11	32	-5936
11	33	1904
11	34	2384
11	35	2096
11	36	-2224
11	37	2416
11	38	496
11	39	2064
12	13	2224
12	14	1296
12	15	-2224
12	16	-3024
12	17	-1136
12	18	-144
12	19	5456
12	20	8336
12	21	944
12	22	9456
12	23	10224
12	24	-3024
12	25	-16016
12	26	1936
12	27	-8816
12	28	-4304
12	29	4656
12	30	2384
12	31	5744
12	32	4144
12	33	-816
12	34	6064
12	35	-7984
12	36	496
12	37	-1264
12	38	-3184
12	39	-7056
13	14	4176
13	15	7056
13	16	12656
13	17	2384
13	18	-3664
13	19	-4464
13	20	4816
13	21	-1936
13	22	5936
13	23	944
13	24	-12944
13	25	-6096
13	26	-7984
13	27	-5296
13	28	-1424
13	29	-5264
13	30	5904
13	31	9264
13	32	7664
13	33	2704
13	34	3184
13	35	-5104
13	36	-3024
13	37	1616
13	38	-6704
13	39	-3536
14	15	-4176
14	16	3024
14	17	1136
14	18	-6256
14	19	-5456
14	20	-8336
14	21	-944
14	22	3344
14	23	-3824
14	24	3024
14	25	3216
14	26	-1936
14	27	2416
14	28	4304
14	29	1744
14	30	-2384
14	31	13456
14	32	-4144
14	33	816
14	34	-6064
14	35	1584
14	36	5904
14	37	1264
14	38	-9616
14	39	7056
15	16	12944
15	17	4016
15	18	-2736
15	19	4464
15	20	1584
15	21	8336
15	22	464
15	23	-944
15	24	144
15	25	-304
15	26	-4816
15	27	-1104
15	28	1424
15	29	5264
15	30	496
15	31	-2864
15	32	-1264
15	33	3696
15	34	-3184
15	35	-7696
15	36	-3376
15	37	-1616
15	38	6704
15	39	-2864
16	17	3216
16	18	-8336
16	19	-1136
16	20	-4016
16	21	7536
16	22	1264
16	23	-1744
16	24	-5456
16	25	-1104
16	26	-10416
16	27	-1904
16	28	2224
16	29	-336
16	30	-304
16	31	2736
16	32	4336
16	33	2896
16	34	-3984
16	35	-6896
16	36	-8976
16	37	5584
16	38	1104
16	39	2736
17	18	-304
17	19	5296
17	20	1776
17	21	-5296
17	22	9296
17	23	-2416
17	24	-3184
17	25	3344
17	26	1776
17	27	4144
17	28	8336
17	29	10896
17	30	8944
17	31	-496
17	32	-2096
17	33	-656
17	34	-6576
17	35	-8144
17	36	336
17	37	4976
17	38	3056
17	39	-6896
18	19	8784
18	20	-496
18	21	-2384
18	22	4784
18	23	7536
18	24	4464
18	25	-4624
18	26	-496
18	27	7376
18	28	-656
18	29	-3216
18	30	8976
18	31	-7184
18	32	7216
18	33	-624
18	34	5296
18	35	3024
18	36	7344
18	37	-10096
18	38	11024
18	39	-784
19	20	304
19	21	3216
19	22	5584
19	23	6736
19	24	5264
19	25	-5424
19	26	-6096
19	27	6576
19	28	144
19	29	3984
19	30	1776
19	31	-1584
19	32	16
19	33	-7824
19	34	4496
19	35	-8976
19	36	1744
19	37	-9296
19	38	5424
19	39	-7984
20	21	-6704
20	22	2704
20	23	3216
20	24	-10416
20	25	-8944
20	26	3824
20	27	-9744
20	28	-2736
20	29	1104
20	30	4656
20	31	1296
20	32	2896
20	33	1456
20	34	7376
20	35	-5456
20	36	-1136
20	37	624
20	38	-3856
20	39	-11504
21	22	816
21	23	6064
21	24	7536
21	25	-976
21	26	-304
21	27	-176
21	28	-6544
21	29	2416
21	30	-8176
21	31	-4816
21	32	-16
21	33	1424
21	34	-4496
21	35	-3824
21	36	-1744
21	37	-3504
21	38	7376
21	39	1584
22	23	10736
22	24	-5136
22	25	-7824
22	26	2704
22	27	-2224
22	28	-3856
22	29	6384
22	30	5776
22	31	2416
22	32	4016
22	33	2576
22	34	2096
22	35	-12976
22	36	4144
22	37	-496
22	38	1424
22	39	-10384
23	24	-1744
23	25	-10896
23	26	3216
23	27	-3696
23	28	-9424
23	29	-464
23	30	1104
23	31	-1936
23	32	9264
23	33	-2096
23	34	4784
23	35	-6704
23	36	1776
23	37	-6384
23	38	4496
23	39	-8336
24	25	5296
24	26	2384
24	27	10896
24	28	2224
24	29	6064
24	30	-6704
24	31	-3664
24	32	-8464
24	33	2896
24	34	-10384
24	35	5904
24	36	10224
24	37	-7216
24	38	7504
24	39	9136
25	26	3856
25	27	8464
25	28	4016
25	29	176
25	30	-5936
25	31	-2576
25	32	-10576
25	33	-2736
25	34	-8656
25	35	6736
25	36	2416
25	37	656
25	38	-1264
25	39	3824
26	27	-3344
26	28	-2736
26	29	7504
26	30	-1744
26	31	-5104
26	32	-3504
26	33	1456
26	34	-5424
26	35	944
26	36	5264
26	37	624
26	38	2544
26	39	-5104
27	28	3216
27	29	-624
27	30	1264
27	31	-1776
27	32	-3376
27	33	-1936
27	34	-7856
27	35	5936
27	36	8016
27	37	-6544
27	38	4336
27	39	4624
28	29	7344
28	30	4816
28	31	1456
28	32	-3344
28	33	1616
28	34	-5264
28	35	784
28	36	-1296
28	37	6864
28	38	2384
28	39	7856
29	30	976
29	31	-2384
29	32	-7184
29	33	4176
29	34	-9104
29	35	-8176
29	36	2544
29	37	4304
29	38	6224
29	39	-2384
30	31	-3376
30	32	7824
30	33	-3536
30	34	3344
30	35	1136
30	36	-3184
30	37	1456
30	38	5936
30	39	-3376
31	32	-1616
31	33	-176
31	34	304
31	35	-2224
31	36	6256
31	37	-1904
31	38	-16624
31	39	-16
32	33	-1776
32	34	5104
32	35	-624
32	36	-4944
32	37	-304
32	38	4176
32	39	-1616
33	34	-6256
33	35	-2064
33	36	6416
33	37	4656
33	38	2736
33	39	6224
34	35	-2544
34	36	-6864
34	37	-2224
34	38	-4144
34	39	-6096
35	36	2384
35	37	-2256
35	38	-336
35	39	10576
36	37	-10736
36	38	-2416
36	39	-144
37	38	-656
37	39	4496
38	39	2576
