0	1	-2788
0	2	68
0	3	2652
0	4	4228
0	5	-1668
0	6	-6172
0	7	-8388
0	8	5372
0	9	3932
0	10	-6012
0	11	10788
0	12	12572
0	13	2148
0	14	4388
0	15	1692
0	16	1028
0	17	-4868
0	18	-12548
0	19	5348
0	20	732
0	21	15132
0	22	-4868
0	23	-5988
0	24	-3452
0	25	-1668
0	26	-892
0	27	9348
0	28	7452
0	29	892
0	30	68
0	31	-868
0	32	-8252
0	33	-9508
0	34	-7588
0	35	-6628
0	36	5372
0	37	868
0	38	-2332
0	39	3452
1	2	2948
1	3	-228
1	4	708
1	5	-4548
1	6	3108
1	7	7932
1	8	2492
1	9	1052
1	10	3268
1	11	868
1	12	-3108
1	13	-7772
1	14	-5532
1	15	-7588
1	16	3908
1	17	-1348
1	18	3772
1	19	-4572
1	20	10652
1	21	-6948
1	22	-7748
1	23	-8868
1	24	-572
1	25	-4548
1	26	1988
1	27	-572
1	28	-8228
1	29	-1988
1	30	9348
1	31	-3748
1	32	1028
1	33	6812
1	34	-4068
1	35	9692
1	36	-3908
1	37	-9052
1	38	-5852
1	39	572
2	3	-8892
2	4	2012
2	5	-10972
2	6	-388
2	7	2148
2	8	-5212
2	9	9028
2	10	-6948
2	11	-4548
2	12	6788
2	13	-8708
2	14	-4548
2	15	4868
2	16	5212
2	17	5028
2	18	-92
2	19	-5508
2	20	-572
2	21	-2172
2	22	-1372
2	23	-252
2	24	-3108
2	25	-4572
2	26	-5668
2	27	9692
2	28	-7292
2	29	5668
2	30	-228
2	31	1028
2	32	-4708
2	33	-3132
2	34	7748
2	35	6788
2	36	-5212
2	37	-1028
2	38	2172
2	39	-9692
3	4	-4732
3	5	892
3	6	-2332
3	7	572
3	8	1532
3	9	-6308
3	10	4228
3	11	1828
3	12	-4068
3	13	12388
3	14	1828
3	15	-2148
3	16	-1532
3	17	4092
3	18	2812
3	19	9188
3	20	-3108
3	21	4892
3	22	-2308
3	23	-3428
3	24	6788
3	25	892
3	26	2948
3	27	-6012
3	28	-2788
3	29	-2948
3	30	-2492
3	31	-4708
3	32	1988
3	33	-548
3	34	-11428
3	35	-4068
3	36	14332
3	37	-1692
3	38	-11292
3	39	-388
4	5	5988
4	6	1852
4	7	-92
4	8	5348
4	9	13188
4	10	-4708
4	11	-2308
4	12	10948
4	13	-68
4	14	-2308
4	15	-3772
4	16	-5348
4	17	-10012
4	18	4068
4	19	3132
4	20	3588
4	21	1988
4	22	-3612
4	23	3908
4	24	-7268
4	25	-6812
4	26	-3428
4	27	5532
4	28	3268
4	29	3428
4	30	8412
4	31	-1212
4	32	-2468
4	33	1028
4	34	-892
4	35	-1852
4	36	-7452
4	37	1212
4	38	4412
4	39	-5532
5	6	-4412
5	7	9052
5	8	10012
5	9	2172
5	10	8548
5	11	-252
5	12	-1988
5	13	3908
5	14	-6652
5	15	-6468
5	16	-3612
5	17	-6628
5	18	4892
5	19	7108
5	20	5372
5	21	-5828
5	22	-228
5	23	5052
5	24	4708
5	25	-3428
5	26	7268
5	27	-8092
5	28	12092
5	29	-7268
5	30	1828
5	31	-2628
5	32	12708
5	33	1532
5	34	-2948
5	35	-8388
5	36	-2788
5	37	2628
5	38	5828
5	39	8092
6	7	-4092
6	8	7748
6	9	-3612
6	10	-708
6	11	1692
6	12	548
6	13	-8868
6	14	1692
6	15	-1372
6	16	-7748
6	17	-1212
6	18	68
6	19	-5668
6	20	-6812
6	21	-2012
6	22	5188
6	23	6308
6	24	-3268
6	25	-4412
6	26	572
6	27	-9668
6	28	-732
6	29	-572
6	30	-6788
6	31	-5212
6	32	1532
6	33	16228
6	34	1508
6	35	548
6	36	-5052
6	37	5212
6	38	2012
6	39	-3132
7	8	3292
7	9	1852
7	10	8868
7	11	-6332
7	12	-8708
7	13	-2172
7	14	-19132
7	15	-388
7	16	9508
7	17	5852
7	18	10972
7	19	1028
7	20	11452
7	21	-12548
7	22	-6948
7	23	-1668
7	24	5028
7	25	-10148
7	26	7588
7	27	-7772
7	28	-1028
7	29	-7588
7	30	2148
7	31	-9348
7	32	13028
7	33	1212
7	34	-3268
7	35	4092
7	36	-3108
7	37	-3452
7	38	-252
7	39	1372
8	9	2812
8	10	7908
8	11	11908
8	12	5052
8	13	-9532
8	14	-7292
8	15	-5828
8	16	-4252
8	17	-5988
8	18	-868
8	19	68
8	20	-388
8	21	1212
8	22	-5988
8	23	-708
8	24	4068
8	25	-9188
8	26	6628
8	27	-8732
8	28	12732
8	29	-6628
8	30	-5212
8	31	-8388
8	32	5668
8	33	8572
8	34	-8708
8	35	-7748
8	36	-2148
8	37	8388
8	38	-1212
8	39	2332
9	10	-3452
9	11	-5852
9	12	10012
9	13	-1692
9	14	-5852
9	15	-868
9	16	-2812
9	17	-7428
9	18	4092
9	19	1508
9	20	4572
9	21	-228
9	22	-7428
9	23	4252
9	24	-892
9	25	-4228
9	26	-4732
9	27	11908
9	28	-1508
9	29	4732
9	30	9028
9	31	2972
9	32	-5692
9	33	-5668
9	34	2652
9	35	-2788
9	36	-9988
9	37	-2972
9	38	228
9	39	-11908
10	11	1532
10	12	-5692
10	13	-2628
10	14	-4868
10	15	-1212
10	16	-1508
10	17	5348
10	18	6628
10	19	6972
10	20	-252
10	21	-8252
10	22	-1052
10	23	-6332
10	24	15772
10	25	2148
10	26	412
10	27	-9828
10	28	5828
10	29	-412
10	30	-548
10	31	-5052
10	32	7772
10	33	3588
10	34	-4732
10	35	-5692
10	36	1508
10	37	-1348
10	38	-4548
10	39	3428
11	12	4708
11	13	-6628
11	14	3932
11	15	-3612
11	16	892
11	17	-3452
11	18	-8572
11	19	-3428
11	20	-2652
11	21	8548
11	22	-3452
11	23	-8732
11	24	-1028
11	25	-252
11	26	2812
11	27	-1028
11	28	9828
11	29	-2812
11	30	-4548
11	31	-1052
11	32	-2628
11	33	1188
11	34	-7132
11	35	-1692
11	36	5508
11	37	7452
11	38	-2148
11	39	7428
12	13	-3932
12	14	4708
12	15	1372
12	16	-5052
12	17	-5188
12	18	-6468
12	19	5668
12	20	-5988
12	21	8412
12	22	1212
12	23	92
12	24	-3132
12	25	-1988
12	26	-6972
12	27	9668
12	28	7132
12	29	6972
12	30	388
12	31	-1188
12	32	-7932
12	33	-3428
12	34	-1508
12	35	-6948
12	36	-1348
12	37	1188
12	38	4388
12	39	-3268
13	14	6172
13	15	548
13	16	-3268
13	17	708
13	18	1988
13	19	11612
13	20	1508
13	21	6308
13	22	708
13	23	1828
13	24	1212
13	25	3908
13	26	-1348
13	27	1212
13	28	-5212
13	29	1348
13	30	4092
13	31	3108
13	32	-388
13	33	-7452
13	34	-2972
13	35	-3932
13	36	9668
13	37	-3108
13	38	-6308
13	39	-1212
14	15	-3612
14	16	-11908
14	17	-3452
14	18	-8572
14	19	2972
14	20	-9052
14	21	8548
14	22	9348
14	23	-2332
14	24	-1028
14	25	12548
14	26	-9988
14	27	5372
14	28	-2972
14	29	9988
14	30	1852
14	31	11748
14	32	-9028
14	33	1188
14	34	5668
14	35	-1692
14	36	5508
14	37	1052
14	38	-2148
14	39	1028
15	16	5828
15	17	9532
15	18	-4548
15	19	3748
15	20	-4068
15	21	3932
15	22	3132
15	23	2012
15	24	1348
15	25	-68
15	26	-2492
15	27	1348
15	28	2652
15	29	2492
15	30	-7932
15	31	-5668
15	32	-3452
15	33	-7908
15	34	412
15	35	-5028
15	36	572
15	37	-732
15	38	2468
15	39	-1348
16	17	5988
16	18	868
16	19	-6468
16	20	6788
16	21	-1212
16	22	-6812
16	23	-5692
16	24	-4068
16	25	-3612
16	26	6172
16	27	2332
16	28	68
16	29	-6172
16	30	-1188
16	31	-4412
16	32	732
16	33	-8572
16	34	-4092
16	35	7748
16	36	2148
16	37	-1988
16	38	1212
16	39	4068
17	18	1692
17	19	3908
17	20	-4228
17	21	-2628
17	22	2972
17	23	-4548
17	24	7908
17	25	-228
17	26	-2332
17	27	-4892
17	28	-3908
17	29	2332
17	30	-7772
17	31	-5828
17	32	3108
17	33	-1668
17	34	252
17	35	1212
17	36	6812
17	37	-572
17	38	-3772
17	39	-1508
18	19	-1212
18	20	892
18	21	-10308
18	22	-4708
18	23	572
18	24	2788
18	25	-1508
18	26	-1052
18	27	-3612
18	28	-5188
18	29	1052
18	30	6308
18	31	-708
18	32	4388
18	33	3452
18	34	-1028
18	35	6332
18	36	-868
18	37	708
18	38	-2492
18	39	-9188
19	20	-1692
19	21	3108
19	22	3908
19	23	-1372
19	24	10812
19	25	708
19	26	-4548
19	27	-1988
19	28	4388
19	29	4548
19	30	892
19	31	-6492
19	32	2812
19	33	-4252
19	34	-6172
19	35	-13532
19	36	6468
19	37	-6308
19	38	-3108
19	39	1988
20	21	-3428
20	22	-10628
20	23	-5348
20	24	-4092
20	25	-7428
20	26	4868
20	27	2308
20	28	-4708
20	29	-4868
20	30	12228
20	31	-228
20	32	3908
20	33	-2468
20	34	-548
20	35	6812
20	36	-6788
20	37	-6172
20	38	-2972
20	39	4092
21	22	-2628
21	23	-3748
21	24	-5692
21	25	572
21	26	-3132
21	27	7108
21	28	3292
21	29	3132
21	30	-2172
21	31	1372
21	32	-10492
21	33	-7268
21	34	-5348
21	35	-4388
21	36	7612
21	37	5028
21	38	-4572
21	39	-708
22	23	8252
22	24	1508
22	25	6172
22	26	-2332
22	27	-4892
22	28	2492
22	29	2332
22	30	-7772
22	31	572
22	32	3108
22	33	4732
22	34	6652
22	35	-5188
22	36	412
22	37	-572
22	38	9028
22	39	4892
23	24	-3772
23	25	-1348
23	26	5188
23	27	-3772
23	28	1372
23	29	-5188
23	30	-6652
23	31	-548
23	32	4228
23	33	3612
23	34	5532
23	35	-6308
23	36	-7108
23	37	548
23	38	10148
23	39	-2628
24	25	4708
24	26	-2148
24	27	-5988
24	28	1988
24	29	2148
24	30	-3108
24	31	-2492
24	32	5212
24	33	-252
24	34	-2172
24	35	-9532
24	36	4068
24	37	-3908
24	38	-7108
24	39	-412
25	26	-5532
25	27	4708
25	28	-708
25	29	5532
25	30	1828
25	31	10172
25	32	-6492
25	33	-4868
25	34	3452
25	35	-1988
25	36	3612
25	37	-3772
25	38	-572
25	39	1692
26	27	-8548
26	28	4548
26	29	-14492
26	30	-5668
26	31	-6332
26	32	9052
26	33	2308
26	34	-6012
26	35	-572
26	36	228
26	37	-68
26	38	3132
26	39	8548
27	28	-4412
27	29	8548
27	30	9692
27	31	10308
27	32	-13988
27	33	-13052
27	34	4228
27	35	3268
27	36	-2332
27	37	-3908
27	38	-708
27	39	-6812
28	29	-4548
28	30	-7292
28	31	-6308
28	32	3588
28	33	-2148
28	34	-6628
28	35	-12068
28	36	-68
28	37	6308
28	38	9508
28	39	10812
29	30	5668
29	31	6332
29	32	-9052
29	33	-2308
29	34	6012
29	35	572
29	36	-228
29	37	68
29	38	-3132
29	39	-8548
30	31	7428
30	32	-4708
30	33	-3132
30	34	1348
30	35	6788
30	36	-5212
30	37	-7428
30	38	-4228
30	39	-3292
31	32	-7292
31	33	-4068
31	34	10652
31	35	5212
31	36	-1988
31	37	1828
31	38	-1372
31	39	-3908
32	33	7748
32	34	-572
32	35	-1532
32	36	-732
32	37	892
32	38	4092
32	39	7588
33	34	2012
33	35	2972
33	36	-4228
33	37	4068
33	38	868
33	39	252
34	35	4892
34	36	-8708
34	37	2148
34	38	5348
34	39	-4228
35	36	-1348
35	37	1188
35	38	-2012
35	39	-3268
36	37	1988
36	38	-7612
36	39	2332
37	38	1372
37	39	-2492
38	39	7108
