0	1	-2048
0	2	3576
0	3	7376
0	4	-1448
0	5	6760
0	6	6912
0	7	-2512
0	8	6152
0	9	-5544
0	10	-232
0	11	-1448
0	12	-80
0	13	-11624
0	14	-11624
0	15	-6768
0	16	-3728
0	17	-1752
0	18	528
0	19	1136
0	20	-2504
0	21	-4032
0	22	5088
0	23	-6912
0	24	-5848
0	25	2512
0	26	3720
0	27	-72
0	28	6000
0	29	12088
0	30	-5240
0	31	-3272
0	32	3872
0	33	8440
0	34	-840
0	35	992
0	36	-536
0	37	6304
1	2	5704
1	3	-13600
1	4	13752
1	5	-1144
1	6	4784
1	7	-4640
1	8	15576
1	9	2360
1	10	-2360
1	11	-3576
1	12	-2208
1	13	7832
1	14	13608
1	15	8432
1	16	11472
1	17	1896
1	18	4176
1	19	-6768
1	20	5400
1	21	5392
1	22	2960
1	23	992
1	24	7832
1	25	-6912
1	26	1592
1	27	-15272
1	28	-1904
1	29	14216
1	30	8440
1	31	376
1	32	13296
1	33	4792
1	34	8584
1	35	-8432
1	36	-8440
1	37	4176
2	3	3576
2	4	8128
2	5	4784
2	6	4936
2	7	-10264
2	8	-7376
2	9	7984
2	10	-13760
2	11	8128
2	12	21048
2	13	-9648
2	14	1904
2	15	2808
2	16	5848
2	17	-9504
2	18	-1448
2	19	-6616
2	20	-6304
2	21	5544
2	22	3112
2	23	840
2	24	1904
2	25	-12840
2	26	1744
2	27	1904
2	28	15576
2	29	8288
2	30	-3264
2	31	-16800
2	32	13448
2	33	16192
2	34	8736
2	35	-2808
2	36	9040
2	37	10104
3	4	-13000
3	5	6760
3	6	1136
3	7	-8288
3	8	-11176
3	9	-5544
3	10	-11784
3	11	-7224
3	12	-80
3	13	-5848
3	14	-72
3	15	4784
3	16	2048
3	17	4024
3	18	6304
3	19	12688
3	20	-2504
3	21	-4032
3	22	5088
3	23	-6912
3	24	-17400
3	25	-3264
3	26	3720
3	27	-72
3	28	11776
3	29	-5240
3	30	-5240
3	31	-9048
3	32	-7680
3	33	-3112
3	34	-840
3	35	12544
3	36	11016
3	37	-5248
4	5	-1136
4	6	-7064
4	7	-3416
4	8	5248
4	9	5696
4	10	80
4	11	1296
4	12	-72
4	13	224
4	14	6000
4	15	840
4	16	3576
4	17	-4176
4	18	-6456
4	19	-1288
4	20	8432
4	21	-7672
4	22	6312
4	23	1288
4	24	11776
4	25	-2360
4	26	7680
4	27	6000
4	28	5400
4	29	5392
4	30	5392
4	31	-2656
4	32	7528
4	33	14816
4	34	6464
4	35	-12392
4	36	384
4	37	10872
5	6	7832
5	7	-5848
5	8	-2960
5	9	2352
5	10	-8128
5	11	-1136
5	12	-8280
5	13	-8896
5	14	-8896
5	15	-7368
5	16	-4632
5	17	4944
5	18	-8888
5	19	7832
5	20	-6464
5	21	1448
5	22	-7672
5	23	3720
5	24	-3120
5	25	5848
5	26	5248
5	27	2656
5	28	-2808
5	29	7824
5	30	7824
5	31	688
5	32	5096
5	33	-80
5	34	9808
5	35	7368
5	36	15280
5	37	-8888
6	7	-224
6	8	-3112
6	9	8280
6	10	3272
6	11	-12840
6	12	-2656
6	13	-2968
6	14	8584
6	15	-7520
6	16	-4784
6	17	-6760
6	18	-9040
6	19	-3872
6	20	-536
6	21	-4480
6	22	3728
6	23	3872
6	24	-2968
6	25	11776
6	26	16648
6	27	-14520
6	28	8592
6	29	19528
6	30	-9352
6	31	6312
6	32	4944
6	33	5848
6	34	21208
6	35	7520
6	36	3576
6	37	-3264
7	8	536
7	9	-6920
7	10	6920
7	11	2360
7	12	6768
7	13	16488
7	14	-6616
7	15	-9648
7	16	-1136
7	17	-14664
7	18	-5392
7	19	-224
7	20	1592
7	21	-832
7	22	-4176
7	23	224
7	24	-6616
7	25	8128
7	26	-2808
7	27	-840
7	28	-10864
7	29	-1448
7	30	-1448
7	31	-7368
7	32	-2960
7	33	-3576
7	34	-4024
7	35	-1904
7	36	-4328
7	37	-5392
8	9	-4032
8	10	9808
8	11	-528
8	12	-1896
8	13	7824
8	14	7824
8	15	-984
8	16	7528
8	17	-224
8	18	-8280
8	19	-3112
8	20	4480
8	21	2056
8	22	-1288
8	23	-2664
8	24	7824
8	25	5240
8	26	80
8	27	-3728
8	28	-7976
8	29	7216
8	30	-4336
8	31	-4480
8	32	-72
8	33	-688
8	34	-1136
8	35	-4792
8	36	-7216
8	37	3272
9	10	1136
9	11	5696
9	12	7064
9	13	-7216
9	14	-1440
9	15	-5400
9	16	-2360
9	17	5392
9	18	1896
9	19	-9048
9	20	-15424
9	21	8888
9	22	680
9	23	-8280
9	24	4336
9	25	1144
9	26	5088
9	27	-1440
9	28	1592
9	29	4944
9	30	4944
9	31	-1904
9	32	11016
9	33	1296
9	34	528
9	35	-376
9	36	-10720
9	37	-3880
10	11	-11472
10	12	-1288
10	13	12992
10	14	7216
10	15	-376
10	16	8136
10	17	384
10	18	-7672
10	19	3272
10	20	3872
10	21	8440
10	22	-6456
10	23	8280
10	24	7216
10	25	-1144
10	26	688
10	27	7216
10	28	-13144
10	29	832
10	30	832
10	31	-3872
10	32	536
10	33	-1296
10	34	-6304
10	35	-5400
10	36	-12384
10	37	3880
11	12	17256
11	13	-11328
11	14	-5552
11	15	-4936
11	16	-2200
11	17	-4176
11	18	10872
11	19	-7064
11	20	-8896
11	21	9656
11	22	-5240
11	23	-4488
11	24	6000
11	25	-2360
11	26	-3872
11	27	6000
11	28	-376
11	29	-6160
11	30	11168
11	31	-2656
11	32	-4024
11	33	3264
11	34	-5088
11	35	10712
11	36	-5392
11	37	-6456
12	13	-4184
12	14	1592
12	15	-6304
12	16	7984
12	17	-11320
12	18	-2048
12	19	-14208
12	20	-13304
12	21	8288
12	22	10720
12	23	2656
12	24	-4184
12	25	-12544
12	26	-5240
12	27	13144
12	28	4032
12	29	984
12	30	984
12	31	-9800
12	32	6160
12	33	16184
12	34	-6456
12	35	6304
12	36	-984
12	37	3728
13	14	9808
13	15	6456
13	16	9496
13	17	-5856
13	18	7976
13	19	8584
13	20	7376
13	21	-2360
13	22	-4792
13	23	-2808
13	24	-7520
13	25	-4936
13	26	-6160
13	27	-7520
13	28	-15432
13	29	-1136
13	30	-6912
13	31	-7376
13	32	-232
13	33	-16336
13	34	-10720
13	35	-12232
13	36	-10416
13	37	-9352
14	15	12232
14	16	15272
14	17	5696
14	18	-3576
14	19	2808
14	20	7376
14	21	-2360
14	22	18312
14	23	14520
14	24	9808
14	25	840
14	26	11168
14	27	-1744
14	28	1896
14	29	-1136
14	30	-6912
14	31	4176
14	32	-232
14	33	12544
14	34	6608
14	35	-680
14	36	-4640
14	37	7976
15	16	8896
15	17	1144
15	18	10416
15	19	9808
15	20	8888
15	21	-2352
15	22	5856
15	23	7520
15	24	-5096
15	25	-7680
15	26	-4328
15	27	680
15	28	4944
15	29	-11480
15	30	5848
15	31	-3112
15	32	1296
15	33	-2056
15	34	-11320
15	35	-384
15	36	-72
15	37	-1136
16	17	3880
16	18	-4176
16	19	-10560
16	20	11928
16	21	11936
16	22	2816
16	23	-992
16	24	-2056
16	25	-10416
16	26	-7368
16	27	9496
16	28	1904
16	29	-8440
16	30	8888
16	31	-11928
16	32	9808
16	33	984
16	34	-8584
16	35	-14672
16	36	-14664
16	37	1600
17	18	5400
17	19	-984
17	20	-3424
17	21	9960
17	22	6616
17	23	-4792
17	24	11472
17	25	3112
17	26	2208
17	27	-5856
17	28	-72
17	29	-688
17	30	5088
17	31	3424
17	32	2056
17	33	2960
17	34	-10560
17	35	-1144
17	36	-10864
17	37	-6152
18	19	8288
18	20	-1144
18	21	1904
18	22	-7216
18	23	-14064
18	24	-9352
18	25	-11936
18	26	-5848
18	27	-9352
18	28	-2352
18	29	-4184
18	30	1592
18	31	-4632
18	32	-224
18	33	-12088
18	34	-12840
18	35	6912
18	36	-13144
18	37	-14208
19	20	-536
19	21	-10256
19	22	-2048
19	23	9648
19	24	-2968
19	25	224
19	26	-680
19	27	-2968
19	28	-8736
19	29	-3576
19	30	-3576
19	31	-5240
19	32	-12384
19	33	-5704
19	34	3880
19	35	7520
19	36	15128
19	37	-3264
20	21	72
20	22	-2360
20	23	536
20	24	-9952
20	25	9960
20	26	-15280
20	27	1600
20	28	10104
20	29	-15120
20	30	2208
20	31	-4944
20	32	13752
20	33	-1440
20	34	3264
20	35	-8888
20	36	-2208
20	37	4632
21	22	-14208
21	23	-1296
21	24	3416
21	25	-10720
21	26	-12840
21	27	-2360
21	28	2208
21	29	-2968
21	30	14360
21	31	-11624
21	32	10112
21	33	680
21	34	-8280
21	35	-3424
21	36	-14360
21	37	-9648
22	23	7824
22	24	984
22	25	4176
22	26	6920
22	27	6760
22	28	10416
22	29	376
22	30	-5400
22	31	8136
22	32	992
22	33	21352
22	34	-72
22	35	5696
22	36	5400
22	37	10112
23	24	2968
23	25	-224
23	26	-5096
23	27	8744
23	28	-2816
23	29	-7976
23	30	-7976
23	31	16792
23	32	-4944
23	33	17256
23	34	7672
23	35	4032
23	36	13752
23	37	9040
24	25	840
24	26	16944
24	27	-7520
24	28	-9656
24	29	10416
24	30	4640
24	31	4176
24	32	-6008
24	33	12544
24	34	12384
24	35	-6456
24	36	1136
24	37	7976
25	26	2808
25	27	-10712
25	28	-688
25	29	-4328
25	30	-4328
25	31	7368
25	32	2960
25	33	-2200
25	34	9800
25	35	7680
25	36	4328
25	37	5392
26	27	-6160
26	28	6008
26	29	22112
26	30	-6768
26	31	3728
26	32	-14968
26	33	8432
26	34	12848
26	35	10104
26	36	992
26	37	-72
27	28	1896
27	29	-12688
27	30	4640
27	31	-1600
27	32	-232
27	33	6768
27	34	-10720
27	35	-680
27	36	1136
27	37	7976
28	29	1288
28	30	-4488
28	31	-4328
28	32	80
28	33	10712
28	34	-984
28	35	6608
28	36	-1288
28	37	3424
29	30	-6304
29	31	-2208
29	32	-840
29	33	7376
29	34	11776
29	35	-72
29	36	528
29	37	1592
30	31	-2208
30	32	10712
30	33	-4176
30	34	-5552
30	35	-72
30	36	-5248
30	37	-9960
31	32	-7976
31	33	1440
31	34	2512
31	35	3112
31	36	2208
31	37	1144
32	33	8584
32	34	1144
32	35	-12848
32	36	-4936
32	37	5552
33	34	9648
33	35	2056
33	36	9952
33	37	11016
34	35	5544
34	36	22880
34	37	10264
35	36	11624
35	37	-10416
36	37	4184
