0	1	-2064
0	2	-2952
0	3	-3104
0	4	8272
0	5	8448
0	6	10880
0	7	-12376
0	8	11616
0	9	4624
0	10	976
0	11	-2672
0	12	5080
0	13	-14808
0	14	-2952
0	15	7208
0	16	-1608
0	17	824
0	18	-5560
0	19	5080
0	20	-3408
0	21	-9032
0	22	-5384
0	23	1304
0	24	-6472
0	25	-1280
0	26	5864
0	27	-672
0	28	10728
0	29	392
0	30	2800
0	31	11312
0	32	2648
0	33	13008
0	34	2368
0	35	1888
0	36	-11488
0	37	-5080
1	2	6752
1	3	1128
1	4	-12072
1	5	1128
1	6	-1304
1	7	4624
1	8	1912
1	9	3128
1	10	18328
1	11	4648
1	12	2672
1	13	-4496
1	14	976
1	15	544
1	16	-13744
1	17	-4624
1	18	7536
1	19	-14656
1	20	7208
1	21	12832
1	22	-2368
1	23	-3280
1	24	-3104
1	25	-696
1	26	9488
1	27	-1304
1	28	10400
1	29	-8144
1	30	4952
1	31	2216
1	32	-6448
1	33	-9208
1	34	1432
1	35	-11464
1	36	7688
1	37	3104
2	3	-368
2	4	-6016
2	5	-6144
2	6	-3712
2	7	7688
2	8	3104
2	9	7664
2	10	9792
2	11	368
2	12	-3432
2	13	-520
2	14	-216
2	15	-12856
2	16	7208
2	17	3864
2	18	3256
2	19	8120
2	20	5104
2	21	5256
2	22	-14200
2	23	4040
2	24	-3432
2	25	13008
2	26	2824
2	27	7840
2	28	-3864
2	29	-25752
2	30	64
2	31	-8752
2	32	-5864
2	33	-7360
2	34	5104
2	35	-848
2	36	14656
2	37	-2344
3	4	5688
3	5	-520
3	6	-3864
3	7	1760
3	8	-2520
3	9	7816
3	10	-1608
3	11	12072
3	12	8272
3	13	-672
3	14	5408
3	15	4624
3	16	7360
3	17	-1760
3	18	-2368
3	19	-9056
3	20	-6600
3	21	-672
3	22	-2800
3	23	-1888
3	24	-9056
3	25	1304
3	26	-3104
3	27	7688
3	28	-4016
3	29	2976
3	30	5992
3	31	-2824
3	32	64
3	33	4040
3	34	-824
3	35	-6472
3	36	9032
3	37	-2496
4	5	5688
4	6	3256
4	7	-8144
4	8	-8424
4	9	-12984
4	10	-9336
4	11	-5688
4	12	15440
4	13	5840
4	14	-240
4	15	-4016
4	16	4800
4	17	2368
4	18	-8576
4	19	9664
4	20	5992
4	21	64
4	22	7968
4	23	-4496
4	24	-7664
4	25	-1912
4	26	-9056
4	27	-8296
4	28	3408
4	29	7968
4	30	6168
4	31	-8120
4	32	12096
4	33	6904
4	34	216
4	35	7080
4	36	3128
4	37	1888
5	6	1912
5	7	-4016
5	8	-2520
5	9	2040
5	10	15720
5	11	-5256
5	12	-9056
5	13	-12224
5	14	11184
5	15	-1152
5	16	1584
5	17	-1760
5	18	-8144
5	19	8272
5	20	-824
5	21	-672
5	22	-8576
5	23	-13440
5	24	8272
5	25	-4472
5	26	2672
5	27	1912
5	28	1760
5	29	2976
5	30	216
5	31	-8600
5	32	11616
5	33	9816
5	34	-6600
5	35	-696
5	36	-2520
5	37	-2496
6	7	-1584
6	8	6600
6	9	5384
6	10	1736
6	11	3864
6	12	5840
6	13	-4016
6	14	2064
6	15	7968
6	16	-6624
6	17	-15744
6	18	6752
6	19	64
6	20	-9944
6	21	-4016
6	22	-6144
6	23	-5232
6	24	11616
6	25	-7816
6	26	5104
6	27	4344
6	28	9968
6	29	11184
6	30	-2216
6	31	6296
6	32	9184
6	33	696
6	34	1608
6	35	2648
6	36	824
6	37	5712
7	8	976
7	9	-240
7	10	-3888
7	11	9792
7	12	-11336
7	13	1608
7	14	-15416
7	15	8120
7	16	-696
7	17	-4040
7	18	12680
7	19	-11336
7	20	-10096
7	21	1608
7	22	-520
7	23	6168
7	24	5992
7	25	-2192
7	26	-6600
7	27	-7360
7	28	-1736
7	29	-520
7	30	-7840
7	31	-5104
7	32	-2216
7	33	-5232
7	34	1456
7	35	-2976
7	36	976
7	37	-216
8	9	12552
8	10	-1128
8	11	-9032
8	12	544
8	13	-8144
8	14	3104
8	15	4192
8	16	1456
8	17	-6752
8	18	5408
8	19	544
8	20	-2216
8	21	9184
8	22	-240
8	23	4624
8	24	544
8	25	7208
8	26	5840
8	27	6600
8	28	-4800
8	29	5536
8	30	-2952
8	31	88
8	32	-2800
8	33	-1304
8	34	3560
8	35	-2040
8	36	-216
8	37	-17872
9	10	5864
9	11	3736
9	12	1760
9	13	-3584
9	14	1888
9	15	-368
9	16	2672
9	17	-5536
9	18	-4928
9	19	1760
9	20	2344
9	21	7968
9	22	-13008
9	23	-2368
9	24	1760
9	25	5992
9	26	-1152
9	27	11160
9	28	-240
9	29	-1456
9	30	-13288
9	31	1304
9	32	4192
9	33	3256
9	34	2344
9	35	-6600
9	36	1000
9	37	-7536
10	11	-4168
10	12	-6144
10	13	-7232
10	14	9792
10	15	-8272
10	16	544
10	17	-7664
10	18	10272
10	19	5408
10	20	4472
10	21	-7232
10	22	-5104
10	23	-6016
10	24	-368
10	25	8120
10	26	6752
10	27	13288
10	28	1888
10	29	-5104
10	30	1912
10	31	-824
10	32	2064
10	33	-392
10	34	10248
10	35	-8728
10	36	10424
10	37	368
11	12	-8272
11	13	6448
11	14	-5408
11	15	12704
11	16	-1584
11	17	1760
11	18	-3408
11	19	-14048
11	20	-4952
11	21	-5104
11	22	-14528
11	23	7664
11	24	9056
11	25	4472
11	26	-8448
11	27	-7688
11	28	15568
11	29	2800
11	30	-5992
11	31	8600
11	32	-11616
11	33	13288
11	34	824
11	35	696
11	36	2520
11	37	-3280
12	13	14200
12	14	8120
12	15	-824
12	16	-3560
12	17	-216
12	18	392
12	19	1304
12	20	-2976
12	21	8424
12	22	4776
12	23	-7688
12	24	-21800
12	25	-5104
12	26	5080
12	27	-5712
12	28	-5560
12	29	-1000
12	30	9360
12	31	-4928
12	32	-2040
12	33	-2064
12	34	14352
12	35	-7056
12	36	6320
12	37	-1304
13	14	-520
13	15	-1000
13	16	7512
13	17	-1608
13	18	-2216
13	19	2648
13	20	-976
13	21	-824
13	22	2824
13	23	-2040
13	24	-8904
13	25	-10400
13	26	-3256
13	27	-4016
13	28	-9944
13	29	2824
13	30	11920
13	31	3104
13	32	-5560
13	33	-7664
13	34	22128
13	35	-544
13	36	-8144
13	37	3128
14	15	-1304
14	16	7208
14	17	-1912
14	18	-8296
14	19	2344
14	20	-12224
14	21	11032
14	22	3128
14	23	-24840
14	24	-3432
14	25	1456
14	26	8600
14	27	7840
14	28	-3864
14	29	3128
14	30	5840
14	31	-2976
14	32	-5864
14	33	-1584
14	34	-672
14	35	4928
14	36	8880
14	37	-8120
15	16	-5688
15	17	-2344
15	18	-1736
15	19	-6600
15	20	-6624
15	21	4776
15	22	1128
15	23	-11336
15	24	-824
15	25	-2976
15	26	1432
15	27	-9360
15	28	8120
15	29	6904
15	30	-4320
15	31	4496
15	32	1608
15	33	5840
15	34	4928
15	35	-3408
15	36	-7360
15	37	824
16	17	-10856
16	18	-4472
16	19	13768
16	20	-3888
16	21	-4040
16	22	3864
16	23	-2824
16	24	-9336
16	25	5536
16	26	-1608
16	27	10704
16	28	-12248
16	29	-1912
16	30	4496
16	31	-9792
16	32	-12680
16	33	-2976
16	34	1888
16	35	16960
16	36	1456
16	37	-2216
17	18	-1128
17	19	5560
17	20	10096
17	21	4168
17	22	-5256
17	23	5384
17	24	-216
17	25	2192
17	26	824
17	27	-4192
17	28	-4040
17	29	-5256
17	30	2064
17	31	-6448
17	32	-3560
17	33	11008
17	34	-1456
17	35	-8576
17	36	-6752
17	37	-5560
18	19	-5384
18	20	-7840
18	21	-13768
18	22	-88
18	23	4776
18	24	-11160
18	25	7360
18	26	11768
18	27	976
18	28	-4648
18	29	-88
18	30	-3104
18	31	-5840
18	32	-2952
18	33	4624
18	34	9488
18	35	-7968
18	36	11184
18	37	5384
19	20	14352
19	21	2648
19	22	-1000
19	23	-1912
19	24	1304
19	25	6448
19	26	-696
19	27	5840
19	28	-11336
19	29	-6776
19	30	3584
19	31	-16480
19	32	9512
19	33	9488
19	34	2800
19	35	-1280
19	36	544
19	37	4472
20	21	10576
20	22	-3104
20	23	9360
20	24	2800
20	25	12552
20	26	-3408
20	27	-4168
20	28	1456
20	29	-8880
20	30	520
20	31	-8296
20	32	6144
20	33	3736
20	34	-1128
20	35	-392
20	36	3560
20	37	2976
21	22	2824
21	23	-13592
21	24	2648
21	25	1152
21	26	-3256
21	27	-4016
21	28	-4168
21	29	-2952
21	30	368
21	31	-14224
21	32	-5560
21	33	-7664
21	34	-6752
21	35	-544
21	36	3408
21	37	-8424
22	23	-4168
22	24	-1000
22	25	-976
22	26	-11160
22	27	5408
22	28	-520
22	29	12248
22	30	2496
22	31	5232
22	32	2344
22	33	-15568
22	34	-3104
22	35	7360
22	36	-240
22	37	6776
23	24	9640
23	25	5712
23	26	-4472
23	27	-5232
23	28	392
23	29	-4168
23	30	-4192
23	31	4320
23	32	-4344
23	33	2672
23	34	-2192
23	35	-5104
23	36	-1152
23	37	-3864
24	25	-5104
24	26	-12248
24	27	5840
24	28	5992
24	29	10552
24	30	-7968
24	31	6624
24	32	9512
24	33	-2064
24	34	-14528
24	35	-1280
24	36	-5232
24	37	4472
25	26	-7056
25	27	-2040
25	28	3584
25	29	-12528
25	30	-18936
25	31	-10424
25	32	-7536
25	33	11640
25	34	1000
25	35	9032
25	36	24536
25	37	-12224
26	27	-6448
26	28	-12376
26	29	-5384
26	30	2800
26	31	-240
26	32	2648
26	33	-4320
26	34	8144
26	35	-3888
26	36	-5712
26	37	696
27	28	-1584
27	29	5408
27	30	9336
27	31	6296
27	32	3408
27	33	-10856
27	34	-4168
27	35	-3128
27	36	824
27	37	5712
28	29	-520
28	30	-7840
28	31	12224
28	32	3560
28	33	6320
28	34	-15872
28	35	2800
28	36	6752
28	37	5560
29	30	2496
29	31	11008
29	32	8120
29	33	1760
29	34	2672
29	35	1584
29	36	-11792
29	37	-4776
30	31	3128
30	32	-5536
30	33	-4344
30	34	6296
30	35	-4776
30	36	-8728
30	37	7968
31	32	3280
31	33	-7384
31	34	3256
31	35	4040
31	36	-17240
31	37	4928
32	33	1280
32	34	-5408
32	35	-10400
32	36	-2800
32	37	13592
33	34	-2040
33	35	-5256
33	36	4472
33	37	-3712
34	35	-6168
34	36	-2216
34	37	-8576
35	36	-2040
35	37	-4496
36	37	-544
