0	1	2012
0	2	5052
0	3	188
0	4	-4220
0	5	5204
0	6	5284
0	7	3988
0	8	-7484
0	9	8396
0	10	-11740
0	11	572
0	12	5356
0	13	6572
0	14	-644
0	15	16228
0	16	-6116
0	17	2852
0	18	-644
0	19	5588
0	20	-1788
0	21	-13412
0	22	-5588
0	23	1028
0	24	-8852
0	25	-7260
0	26	-17668
0	27	644
0	28	11132
0	29	9388
0	30	-3308
0	31	-6116
0	32	8932
0	33	8020
0	34	572
0	35	2548
0	36	5284
0	37	1708
1	2	-12652
1	3	-2012
1	4	-3380
1	5	10300
1	6	8092
1	7	-5812
1	8	3532
1	9	-10220
1	10	7788
1	11	12804
1	12	15924
1	13	-2620
1	14	2468
1	15	-2852
1	16	7940
1	17	-12580
1	18	2468
1	19	7788
1	20	5740
1	21	-7868
1	22	-7788
1	23	-4980
1	24	-12428
1	25	-11892
1	26	-3612
1	27	9084
1	28	-7180
1	29	-1788
1	30	7260
1	31	7940
1	32	10220
1	33	-420
1	34	-4524
1	35	-724
1	36	2316
1	37	2244
2	3	12276
2	4	5132
2	5	1484
2	6	5356
2	7	-3076
2	8	-4980
2	9	-1708
2	10	5052
2	11	-13036
2	12	-15996
2	13	-11436
2	14	-268
2	15	11740
2	16	-572
2	17	2012
2	18	-268
2	19	-724
2	20	-3076
2	21	948
2	22	6500
2	23	-1940
2	24	2164
2	25	-3380
2	26	5204
2	27	-11284
2	28	-4444
2	29	-4524
2	30	9996
2	31	-572
2	32	-4068
2	33	2620
2	34	4292
2	35	-3460
2	36	-420
2	37	4980
3	4	4220
3	5	-5204
3	6	12044
3	7	7564
3	8	-15620
3	9	-8396
3	10	5964
3	11	-572
3	12	-11132
3	13	-12348
3	14	6420
3	15	-4676
3	16	-11212
3	17	8700
3	18	-10908
3	19	-5588
3	20	1788
3	21	7636
3	22	11364
3	23	-6804
3	24	-2700
3	25	1484
3	26	11892
3	27	-6420
3	28	420
3	29	7940
3	30	-2468
3	31	17668
3	32	8396
3	33	9308
3	34	-6348
3	35	-2548
3	36	492
3	37	-1708
4	5	-6572
4	6	7636
4	7	-5356
4	8	-8476
4	9	-3988
4	10	-9996
4	11	6572
4	12	-948
4	13	-7940
4	14	2012
4	15	2468
4	16	7484
4	17	15844
4	18	-3764
4	19	-4220
4	20	-16908
4	21	9004
4	22	-1556
4	23	-5436
4	24	-7108
4	25	5892
4	26	7484
4	27	-2012
4	28	10604
4	29	-8020
4	30	1940
4	31	13260
4	32	3988
4	33	-6652
4	34	12348
4	35	-12732
4	36	1860
4	37	2700
5	6	-268
5	7	-14780
5	8	12500
5	9	-1860
5	10	10980
5	11	-7108
5	12	6956
5	13	-36
5	14	-11668
5	15	11892
5	16	5356
5	17	-9388
5	18	-116
5	19	10980
5	20	8324
5	21	-4676
5	22	572
5	23	-1788
5	24	-3460
5	25	-3532
5	26	-6196
5	27	17444
5	28	-10372
5	29	7180
5	30	15620
5	31	5356
5	32	-3916
5	33	14324
5	34	-1332
5	35	8244
5	36	5508
5	37	-6724
6	7	10068
6	8	-7788
6	9	-2852
6	10	-6268
6	11	17596
6	12	5660
6	13	6876
6	14	4828
6	15	4372
6	16	-644
6	17	2548
6	18	-12500
6	19	5284
6	20	-7260
6	21	-7940
6	22	6268
6	23	-5052
6	24	-3380
6	25	4596
6	26	-644
6	27	-4828
6	28	-5892
6	29	3308
6	30	2772
6	31	10908
6	32	-2924
6	33	1940
6	34	-5508
6	35	-9308
6	36	4980
6	37	-9540
7	8	-6044
7	9	-644
7	10	-1788
7	11	9004
7	12	2396
7	13	6956
7	14	4444
7	15	-12428
7	16	-7412
7	17	12500
7	18	4444
7	19	9764
7	20	-2012
7	21	-11668
7	22	1788
7	23	2772
7	24	12652
7	25	3460
7	26	-1636
7	27	-4444
7	28	2396
7	29	188
7	30	-6268
7	31	-1636
7	32	644
7	33	-15772
7	34	3228
7	35	7028
7	36	10068
7	37	6044
8	9	4140
8	10	15620
8	11	4828
8	12	12652
8	13	2316
8	14	-2164
8	15	3156
8	16	15468
8	17	-15996
8	18	9388
8	19	9844
8	20	11284
8	21	-9156
8	22	-4068
8	23	11060
8	24	1180
8	25	5812
8	26	-1860
8	27	2164
8	28	1100
8	29	2092
8	30	3988
8	31	-19188
8	32	-9916
8	33	-10828
8	34	-948
8	35	-4748
8	36	9540
8	37	9004
9	10	-3156
9	11	-9692
9	12	-2012
9	13	8324
9	14	-8476
9	15	9308
9	16	-3004
9	17	-6196
9	18	8852
9	19	-3156
9	20	-6420
9	21	-1484
9	22	8932
9	23	1404
9	24	5508
9	25	4828
9	26	-3004
9	27	-8852
9	28	3764
9	29	4596
9	30	-16452
9	31	-14556
9	32	-12276
9	33	5964
9	34	7636
9	35	5660
9	36	-2852
9	37	-9916
10	11	-10980
10	12	-420
10	13	-10756
10	14	-6420
10	15	-1100
10	16	5436
10	17	-14476
10	18	10908
10	19	-5964
10	20	9764
10	21	3916
10	22	5964
10	23	6804
10	24	-3076
10	25	-7260
10	26	5436
10	27	644
10	28	-6196
10	29	3612
10	30	8244
10	31	-6116
10	32	-8396
10	33	-3532
10	34	-5204
10	35	2548
10	36	11060
10	37	7484
11	12	16148
11	13	11588
11	14	11668
11	15	-6116
11	16	6196
11	17	3612
11	18	-5660
11	19	572
11	20	3228
11	21	-6876
11	22	-12124
11	23	1788
11	24	-8092
11	25	9308
11	26	6196
11	27	-116
11	28	4596
11	29	-1404
11	30	1708
11	31	420
11	32	9692
11	33	-14324
11	34	-4444
11	35	-14020
11	36	6044
11	37	948
12	13	11364
12	14	11588
12	15	492
12	16	5508
12	17	-9236
12	18	-5740
12	19	5356
12	20	2396
12	21	-16076
12	22	-16908
12	23	9916
12	24	-9084
12	25	2092
12	26	-268
12	27	5740
12	28	6804
12	29	1556
12	30	-1860
12	31	-268
12	32	7788
12	33	-8628
12	34	4596
12	35	-3156
12	36	11436
12	37	-1100
13	14	1252
13	15	7484
13	16	-4828
13	17	-2244
13	18	1252
13	19	6572
13	20	-4596
13	21	2468
13	22	-6572
13	23	-420
13	24	3684
13	25	876
13	26	948
13	27	-1252
13	28	-188
13	29	8548
13	30	-3076
13	31	-4828
13	32	-8324
13	33	-7412
13	34	-5740
13	35	3836
13	36	-10452
13	37	-8092
14	15	-7332
14	16	-796
14	17	2396
14	18	-12652
14	19	-6420
14	20	-1332
14	21	-13868
14	22	-5132
14	23	572
14	24	-15084
14	25	-1028
14	26	4980
14	27	-4676
14	28	5812
14	29	3156
14	30	-8628
14	31	-6572
14	32	8476
14	33	-3988
14	34	116
14	35	-3684
14	36	4828
14	37	2164
15	16	4524
15	17	1940
15	18	4220
15	19	-1100
15	20	-876
15	21	-8548
15	22	1100
15	23	116
15	24	-3988
15	25	-572
15	26	-1252
15	27	7332
15	28	492
15	29	8476
15	30	9156
15	31	-12804
15	32	2244
15	33	7108
15	34	-340
15	35	-4140
15	36	-1404
15	37	2620
16	17	-3076
16	18	4980
16	19	-340
16	20	-1636
16	21	-7788
16	22	-5436
16	23	876
16	24	-9004
16	25	21772
16	26	5284
16	27	6572
16	28	-268
16	29	3460
16	30	14172
16	31	-6268
16	32	3004
16	33	-21012
16	34	420
16	35	2396
16	36	5132
16	37	7636
17	18	-3380
17	19	-8700
17	20	-10604
17	21	1180
17	22	-2852
17	23	-1708
17	24	-36
17	25	7028
17	26	2700
17	27	3380
17	28	2316
17	29	6652
17	30	5204
17	31	8476
17	32	420
17	33	-6268
17	34	3612
17	35	-5964
17	36	2548
17	37	10220
18	19	-644
18	20	4444
18	21	-2316
18	22	-10908
18	23	6348
18	24	8020
18	25	-6804
18	26	-796
18	27	6876
18	28	5812
18	29	-2620
18	30	2924
18	31	-12348
18	32	-8852
18	33	-9764
18	34	-11436
18	35	2092
18	36	-948
18	37	2164
19	20	3988
19	21	-7636
19	22	188
19	23	-4748
19	24	8476
19	25	-7260
19	26	-11892
19	27	644
19	28	-6196
19	29	-7940
19	30	2468
19	31	5436
19	32	-2620
19	33	2244
19	34	6348
19	35	2548
19	36	-492
19	37	1708
20	21	-5892
20	22	-3988
20	23	14324
20	24	6876
20	25	-2316
20	26	4140
20	27	-4444
20	28	2396
20	29	-11364
20	30	5284
20	31	-7412
20	32	6420
20	33	7332
20	34	-14100
20	35	-4524
20	36	4292
20	37	-11284
21	22	1860
21	23	-644
21	24	6804
21	25	188
21	26	3764
21	27	-3460
21	28	-4524
21	29	-9612
21	30	-7412
21	31	15316
21	32	-4292
21	33	572
21	34	-1100
21	35	-4900
21	36	-19492
21	37	-2396
22	23	-6804
22	24	8852
22	25	1484
22	26	6116
22	27	-6420
22	28	-5356
22	29	7940
22	30	-2468
22	31	340
22	32	-3156
22	33	9308
22	34	5204
22	35	14780
22	36	-5284
22	37	-7484
23	24	3916
23	25	3076
23	26	-4900
23	27	-572
23	28	4140
23	29	-6724
23	30	-4524
23	31	-16452
23	32	-1404
23	33	-8092
23	34	-3988
23	35	-13564
23	36	724
23	37	492
24	25	7180
24	26	2548
24	27	-8020
24	28	2468
24	29	-10828
24	30	-420
24	31	2548
24	32	-5508
24	33	-6420
24	34	-2316
24	35	11212
24	36	-9156
24	37	-6956
25	26	10220
25	27	1028
25	28	7868
25	29	6268
25	30	-796
25	31	-1332
25	32	948
25	33	-15468
25	34	3532
25	35	1556
25	36	4596
25	37	-5812
26	27	-4980
26	28	-268
26	29	-2316
26	30	8396
26	31	5284
26	32	3004
26	33	-9460
26	34	420
26	35	2396
26	36	-644
26	37	-3916
27	28	-5812
27	29	8396
27	30	2852
27	31	796
27	32	8852
27	33	3988
27	34	-5892
27	35	9460
27	36	948
27	37	3612
28	29	1556
28	30	-13412
28	31	-6044
28	32	7788
28	33	-8628
28	34	-1180
28	35	2620
28	36	11436
28	37	-6876
29	30	4444
29	31	-2316
29	32	-4596
29	33	268
29	34	-7180
29	35	12124
29	36	3308
29	37	3684
30	31	8396
30	32	-876
30	33	-5740
30	34	-4068
30	35	-268
30	36	2772
30	37	7564
31	32	3004
31	33	7868
31	34	420
31	35	2396
31	36	-6420
31	37	-9692
32	33	-188
32	34	-1860
32	35	5892
32	36	-2924
32	37	4140
33	34	-2772
33	35	-796
33	36	-3836
33	37	-18052
34	35	-2468
34	36	6044
34	37	6724
35	36	-3532
35	37	-6804
36	37	7788
