0	1	-12764
0	2	-4716
0	3	-4412
0	4	15956
0	5	-8508
0	6	2276
0	7	-1372
0	8	-10484
0	9	-3956
0	10	8668
0	11	-3348
0	12	10180
0	13	-2740
0	14	-1828
0	15	-4404
0	16	15508
0	17	-3956
0	18	-2884
0	19	4860
0	20	-1972
0	21	4404
0	22	-6380
0	23	-3796
0	24	308
0	25	2124
0	26	9124
0	27	3196
0	28	15652
0	29	7596
0	30	10644
0	31	-1676
0	32	5476
0	33	6684
0	34	3036
0	35	11404
0	36	-300
0	37	3188
1	2	-3044
1	3	3036
1	4	-5476
1	5	1372
1	6	-1828
1	7	300
1	8	16724
1	9	3492
1	10	-4556
1	11	9876
1	12	-5476
1	13	4708
1	14	-156
1	15	-6076
1	16	-3492
1	17	3492
1	18	-4556
1	19	756
1	20	13684
1	21	6076
1	22	-8052
1	23	308
1	24	10188
1	25	-7756
1	26	-9876
1	27	-4252
1	28	-4
1	29	3492
1	30	-8356
1	31	-4
1	32	-1972
1	33	2580
1	34	4708
1	35	9732
1	36	3804
1	37	10636
2	3	8668
2	4	-11700
2	5	10028
2	6	1980
2	7	-11700
2	8	6228
2	9	8212
2	10	10180
2	11	1828
2	12	-148
2	13	1220
2	14	-11244
2	15	148
2	16	-2436
2	17	2436
2	18	4404
2	19	-604
2	20	-8060
2	21	-5924
2	22	-9428
2	23	-12012
2	24	1212
2	25	-9420
2	26	-7604
2	27	4100
2	28	-5620
2	29	8212
2	30	2428
2	31	156
2	32	1820
2	33	3348
2	34	-10332
2	35	-4108
2	36	7596
2	37	-10484
3	4	-452
3	5	16108
3	6	13228
3	7	-452
3	8	6532
3	9	-9420
3	10	4708
3	11	1524
3	12	-452
3	13	916
3	14	4
3	15	452
3	16	3644
3	17	2132
3	18	-1068
3	19	-6684
3	20	-13532
3	21	-452
3	22	-9124
3	23	5620
3	24	7292
3	25	-9724
3	26	10028
3	27	-12924
3	28	5628
3	29	-9420
3	30	8508
3	31	-148
3	32	-3652
3	33	3044
3	34	916
3	35	1972
3	36	7900
3	37	-5012
4	5	1820
4	6	4412
4	7	8060
4	8	-1980
4	9	-18236
4	10	7748
4	11	-1516
4	12	-9268
4	13	-2124
4	14	-3036
4	15	-8060
4	16	908
4	17	-6684
4	18	-3804
4	19	1828
4	20	-10492
4	21	-3492
4	22	-308
4	23	-2892
4	24	-1220
4	25	16116
4	26	7292
4	27	1668
4	28	2588
4	29	4868
4	30	-4
4	31	-20516
4	32	-612
4	33	4
4	34	3652
4	35	10788
4	36	-612
4	37	9276
5	6	-308
5	7	-3956
5	8	3652
5	9	-6540
5	10	11252
5	11	-5932
5	12	1820
5	13	6228
5	14	-4412
5	15	-1820
5	16	764
5	17	-764
5	18	-300
5	19	-9276
5	20	-16716
5	21	7596
5	22	1980
5	23	-6988
5	24	-2884
5	25	-460
5	26	-5620
5	27	-11548
5	28	1516
5	29	-764
5	30	-4100
5	31	1516
5	32	-9268
5	33	-1676
5	34	6228
5	35	-3340
5	36	8060
5	37	-22500
6	7	-1364
6	8	1668
6	9	-4556
6	10	-156
6	11	612
6	12	4412
6	13	5780
6	14	-6684
6	15	1364
6	16	4556
6	17	1220
6	18	5620
6	19	-1820
6	20	4708
6	21	10188
6	22	-2436
6	23	756
6	24	13980
6	25	916
6	26	5164
6	27	-460
6	28	10492
6	29	1220
6	30	9420
6	31	-6836
6	32	8812
6	33	-9420
6	34	4
6	35	2884
6	36	8812
6	37	-148
7	8	-7756
7	9	-12460
7	10	1972
7	11	-7292
7	12	-9268
7	13	-13676
7	14	2740
7	15	-2284
7	16	-4868
7	17	-6684
7	18	13524
7	19	1828
7	20	6836
7	21	2284
7	22	-11860
7	23	2884
7	24	-12772
7	25	10340
7	26	1516
7	27	-4108
7	28	-14740
7	29	-6684
7	30	-4
7	31	-8964
7	32	16716
7	33	-5772
7	34	15204
7	35	-18092
7	36	5164
7	37	3500
8	9	12764
8	10	-8052
8	11	7596
8	12	-1980
8	13	8204
8	14	-13988
8	15	-3796
8	16	-1212
8	17	6988
8	18	-13828
8	19	4252
8	20	-7140
8	21	9572
8	22	-5772
8	23	-3188
8	24	6692
8	25	-4260
8	26	-1820
8	27	-13524
8	28	-13836
8	29	6988
8	30	5476
8	31	9268
8	32	308
8	33	-11252
8	34	-3348
8	35	17788
8	36	6084
8	37	8356
9	10	-6388
9	11	-4708
9	12	16420
9	13	12012
9	14	-6228
9	15	6684
9	16	9876
9	17	1676
9	18	-612
9	19	4412
9	20	10028
9	21	-908
9	22	-2892
9	23	6076
9	24	13524
9	25	-10180
9	26	-12620
9	27	-6692
9	28	-604
9	29	7452
9	30	3188
9	31	22500
9	32	2580
9	33	-8964
9	34	-5316
9	35	2428
9	36	-8972
9	37	-5468
10	11	-5780
10	12	-3804
10	13	604
10	14	1516
10	15	-1972
10	16	612
10	17	-6388
10	18	-452
10	19	-3348
10	20	-5316
10	21	1972
10	22	-9724
10	23	-12916
10	24	-8812
10	25	-6084
10	26	-5772
10	27	-5924
10	28	1668
10	29	-612
10	30	1524
10	31	-9884
10	32	2132
10	33	4252
10	34	6380
10	35	-3492
10	36	2132
10	37	-5020
11	12	-7292
11	13	5628
11	14	-6836
11	15	-15812
11	16	-6844
11	17	6844
11	18	-11556
11	19	-1972
11	20	-916
11	21	-13068
11	22	3492
11	23	-10644
11	24	2580
11	25	-5012
11	26	5316
11	27	5468
11	28	-1212
11	29	-4708
11	30	-1980
11	31	-12764
11	32	-2588
11	33	1980
11	34	-5924
11	35	14588
11	36	3188
11	37	5476
12	13	3652
12	14	2740
12	15	9268
12	16	12460
12	17	-6684
12	18	7748
12	19	-3948
12	20	1060
12	21	2284
12	22	-308
12	23	-2892
12	24	10332
12	25	-12764
12	26	1516
12	27	1668
12	28	14140
12	29	4868
12	30	-4
12	31	19916
12	32	-612
12	33	-11548
12	34	3652
12	35	-764
12	36	-6388
12	37	-19604
13	14	-1668
13	15	-3652
13	16	-460
13	17	460
13	18	-5172
13	19	-2580
13	20	-308
13	21	-2124
13	22	15652
13	23	1516
13	24	14740
13	25	-11396
13	26	148
13	27	-11252
13	28	9732
13	29	12012
13	30	4404
13	31	3956
13	32	9572
13	33	-4404
13	34	-6532
13	35	9420
13	36	-1980
13	37	-908
14	15	14588
14	16	-11100
14	17	-6228
14	18	7292
14	19	-3492
14	20	6380
14	21	-3036
14	22	10788
14	23	2428
14	24	-7452
14	25	-12308
14	26	1060
14	27	1212
14	28	3044
14	29	-452
14	30	-460
14	31	3044
14	32	-6844
14	33	12012
14	34	-1668
14	35	-1220
14	36	-1068
14	37	-1820
15	16	-908
15	17	908
15	18	9580
15	19	-1828
15	20	10492
15	21	3492
15	22	-5468
15	23	8668
15	24	-4556
15	25	1212
15	26	-7292
15	27	4108
15	28	3188
15	29	-4868
15	30	-11548
15	31	14740
15	32	-5164
15	33	-11556
15	34	7900
15	35	764
15	36	-5164
15	37	-3500
16	17	9876
16	18	-5164
16	19	-4412
16	20	7300
16	21	6684
16	22	-8660
16	23	5476
16	24	15356
16	25	10180
16	26	6844
16	27	-10636
16	28	17932
16	29	4100
16	30	14140
16	31	12156
16	32	3196
16	33	-2588
16	34	11092
16	35	3348
16	36	-8356
16	37	-308
17	18	-6388
17	19	-7140
17	20	4252
17	21	4868
17	22	-2892
17	23	-11252
17	24	-3804
17	25	1372
17	26	10484
17	27	4860
17	28	-604
17	29	-9876
17	30	3188
17	31	-604
17	32	2580
17	33	8364
17	34	460
17	35	8204
17	36	2580
17	37	308
18	19	2428
18	20	12012
18	21	1972
18	22	1828
18	23	-1364
18	24	-8812
18	25	5468
18	26	-5772
18	27	5628
18	28	1668
18	29	5164
18	30	-4252
18	31	1668
18	32	13684
18	33	-1524
18	34	6380
18	35	-15044
18	36	2132
18	37	-16572
19	20	7292
19	21	1828
19	22	148
19	23	3340
19	24	-764
19	25	4108
19	26	-9580
19	27	-3652
19	28	-3644
19	29	-7140
19	30	6228
19	31	7908
19	32	5620
19	33	5324
19	34	-2580
19	35	5468
19	36	17172
19	37	3044
20	21	6836
20	22	-3036
20	23	5324
20	24	3652
20	25	4556
20	26	-10636
20	27	764
20	28	6532
20	29	-1524
20	30	-3340
20	31	6532
20	32	8820
20	33	-2436
20	34	11244
20	35	-2580
20	36	-2732
20	37	5620
21	22	-308
21	23	-2892
21	24	-6996
21	25	4564
21	26	-4260
21	27	-9884
21	28	2588
21	29	-908
21	30	5772
21	31	8364
21	32	5164
21	33	-5772
21	34	9428
21	35	-764
21	36	10940
21	37	-2276
22	23	916
22	24	-756
22	25	3188
22	26	2284
22	27	-3644
22	28	-612
22	29	2884
22	30	3804
22	31	-612
22	32	-7140
22	33	1972
22	34	-7452
22	35	-1212
22	36	-7140
22	37	-7300
23	24	13380
23	25	6380
23	26	-908
23	27	-12612
23	28	8356
23	29	300
23	30	6388
23	31	14132
23	32	-4556
23	33	-612
23	34	1516
23	35	-4404
23	36	-4556
23	37	13220
24	25	-3500
24	26	3196
24	27	-8508
24	28	15804
24	29	13524
24	30	4716
24	31	4252
24	32	-452
24	33	-4716
24	34	-8364
24	35	5476
24	36	-6228
24	37	9116
25	26	-764
25	27	-612
25	28	-908
25	29	1372
25	30	-2284
25	31	-6684
25	32	2884
25	33	-9268
25	34	11708
25	35	-3044
25	36	-2892
25	37	5780
26	27	308
26	28	12764
26	29	4708
26	30	7756
26	31	-10340
26	32	2588
26	33	9572
26	34	-11404
26	35	-3036
26	36	2588
26	37	6076
27	28	1364
27	29	-916
27	30	-15500
27	31	-10188
27	32	-3340
27	33	3948
27	34	-5476
27	35	2588
27	36	-3340
27	37	452
28	29	10948
28	30	-308
28	31	2892
28	32	-916
28	33	11860
28	34	-7596
28	35	4708
28	36	4860
28	37	-1972
29	30	3188
29	31	-604
29	32	8356
29	33	2588
29	34	-11092
29	35	2428
29	36	-3196
29	37	6084
30	31	11244
30	32	9884
30	33	8052
30	34	4404
30	35	4260
30	36	9884
30	37	4556
31	32	-916
31	33	-5468
31	34	9732
31	35	4708
31	36	-916
31	37	-7748
32	33	-4108
32	34	3796
32	35	-6684
32	36	10492
32	37	3948
33	34	-15956
33	35	1516
33	36	13220
33	37	1220
34	35	3644
34	36	-7756
34	37	-908
35	36	-908
35	37	9572
36	37	-1828
