0	1	-2720
0	2	8640
0	3	-1280
0	4	640
0	5	160
0	6	1600
0	7	-13120
0	8	-14400
0	9	-5600
0	10	4800
0	11	6080
0	12	-1120
0	13	-4640
0	14	320
0	15	-2880
0	16	-3040
0	17	2080
0	18	-4160
0	19	5760
0	20	-800
0	21	30240
0	22	-2720
0	23	-11520
0	24	-7360
0	25	-1440
0	26	-14240
0	27	12640
0	28	7520
0	29	7200
0	30	-6400
0	31	8960
0	32	-160
0	33	-960
0	34	-3680
0	35	6400
0	36	12640
0	37	-10720
0	38	6880
0	39	17120
1	2	-4800
1	3	3840
1	4	3200
1	5	-4000
1	6	2240
1	7	2880
1	8	-7360
1	9	-3360
1	10	-960
1	11	10560
1	12	4960
1	13	800
1	14	3520
1	15	5440
1	16	-5920
1	17	1760
1	18	6720
1	19	9600
1	20	-1760
1	21	5600
1	22	-12640
1	23	7680
1	24	-1600
1	25	10400
1	26	4000
1	27	-8800
1	28	-4960
1	29	3040
1	30	3840
1	31	1280
1	32	-3680
1	33	9920
1	34	-160
1	35	-10240
1	36	9120
1	37	1760
1	38	3360
1	39	-1760
2	3	2400
2	4	11040
2	5	-5440
2	6	-9120
2	7	1440
2	8	480
2	9	4480
2	10	-5920
2	11	-800
2	13	12160
2	14	4960
2	15	-8800
2	16	1920
2	17	-3200
2	18	-7520
2	19	14560
2	20	-13120
2	21	7040
2	22	-4800
2	23	6240
2	24	-160
2	25	2560
2	26	-10240
2	27	5440
2	28	6400
2	29	10880
2	30	11680
2	31	-3680
2	32	7680
2	33	-4320
2	34	11200
2	35	1120
2	36	1280
2	37	-16000
2	38	-1600
2	39	-3200
3	4	800
3	5	6400
3	6	8160
3	7	-480
3	8	-1440
3	9	-5440
3	10	-1440
3	11	-12960
3	12	-960
3	13	-11200
3	14	13280
3	15	-9440
3	16	-2880
3	17	8640
3	18	2080
3	19	12000
3	20	5760
3	21	-1600
3	22	-2560
3	23	1120
3	24	18400
3	25	-1600
3	26	-1600
3	27	-6400
3	28	-5440
3	29	7360
3	30	160
3	31	-10080
3	32	-320
3	33	5280
3	34	-3840
3	35	6240
3	36	-6720
3	37	8640
3	38	640
3	39	-2240
4	5	-640
4	6	-1120
4	7	-6560
4	8	-10720
4	9	-13120
4	10	2080
4	11	800
4	12	1600
4	13	10560
4	14	-6240
4	15	-4000
4	16	3520
4	17	-8000
4	18	-9120
4	19	6560
4	20	7680
4	21	2240
4	22	-9600
4	23	4640
4	24	14240
4	25	960
4	26	-5440
4	27	640
4	28	4800
4	29	-320
4	30	6880
4	31	-14880
4	32	12480
4	33	6880
4	34	3200
4	35	-480
4	36	6080
4	37	-1600
4	38	12800
4	39	8000
5	6	-6080
5	7	-5440
5	8	-2880
5	9	5920
5	10	3520
5	11	-1600
5	12	-28000
5	13	-9760
5	14	-7360
5	15	4800
5	16	2080
5	17	800
5	18	-2880
5	19	-5760
5	20	4320
5	21	3360
5	22	2400
5	23	-10240
5	24	10560
5	25	-6560
5	26	-19360
5	27	-14240
5	28	8800
5	29	5920
5	30	-1280
5	31	7680
5	32	-5280
5	33	-6080
5	34	-2400
5	35	-5120
5	36	7520
5	37	7200
5	38	5600
5	39	-800
6	7	-5600
6	8	7520
6	9	-1280
6	10	-5280
6	11	-6560
6	12	7040
6	13	-7680
6	14	-800
6	15	-3040
6	16	-10240
6	17	-2560
6	18	-8160
6	19	7520
6	20	320
6	21	1280
6	22	-4160
6	23	5600
6	24	13280
6	25	-4480
6	26	-4480
6	27	-320
6	28	5760
6	29	-14080
6	30	5920
6	31	-3040
6	32	-5760
6	33	20640
6	34	4160
6	35	6880
6	36	640
6	37	10240
6	38	5440
6	39	21760
7	8	4000
7	9	6400
7	10	-2400
7	11	-1120
7	12	4480
7	13	2560
7	14	-480
7	15	-8480
7	16	21760
7	17	-5120
7	18	9440
7	19	6560
7	20	4800
7	21	-15360
7	22	9280
7	23	14880
7	24	4640
7	25	-640
7	26	18560
7	27	5440
7	28	-10880
7	29	12800
7	30	-7200
7	31	-11040
7	32	640
7	33	-6560
7	34	3520
7	35	-5600
7	36	-12160
7	37	1280
7	38	-6720
7	39	-20480
8	9	-4480
8	10	-27680
8	11	-3360
8	12	10240
8	13	-4480
8	14	2400
8	15	6560
8	16	-7040
8	17	-5760
8	18	7840
8	19	-8480
8	20	-9280
8	21	-8320
8	22	5440
8	23	8800
8	24	3680
8	25	-1280
8	26	-1280
8	27	2880
8	28	2560
8	29	-4480
8	30	15520
8	31	-6240
8	32	-15360
8	33	-1760
8	34	960
8	35	10080
8	36	-2560
8	37	-5760
8	38	-16960
8	39	-7040
9	10	1920
9	11	640
9	12	-4960
9	13	10720
9	14	-12800
9	15	-3840
9	16	-9440
9	17	-1760
9	18	3840
9	19	6720
9	20	-11680
9	21	2080
9	22	9440
9	23	4800
9	24	-5120
9	25	1120
9	26	-5280
9	27	6880
9	28	-1440
9	29	-480
9	30	-6080
9	31	4160
9	32	-6560
9	33	-5760
9	34	3360
9	35	-13120
9	36	-6560
9	37	-1760
9	38	-6560
9	39	-4640
10	11	3040
10	12	-2560
10	13	1920
10	14	-4000
10	15	160
10	16	12160
10	17	13440
10	18	1440
10	19	-8480
10	20	3520
10	21	-1920
10	22	-960
10	23	-16800
10	24	-2720
10	25	5120
10	26	5120
10	27	9280
10	28	8960
10	29	1920
10	30	-16480
10	31	160
10	32	3840
10	33	4640
10	34	13760
10	35	-2720
10	36	10240
10	37	7040
10	38	2240
10	39	-640
11	12	2560
11	13	-3200
11	14	-18080
11	15	1440
11	16	-1920
11	17	-640
11	18	15520
11	19	5600
11	20	-4160
11	21	3200
11	22	-2240
11	23	10080
11	24	-10400
11	27	8000
11	28	3840
11	29	-5760
11	30	-11360
11	31	-1120
11	32	-20480
11	33	-6880
11	34	2240
11	35	-1440
11	36	-1280
11	37	-640
11	38	-5440
11	39	640
12	13	2400
12	14	-4480
12	15	-12160
12	16	-1120
12	17	160
12	18	14720
12	19	11200
12	20	-3360
12	21	-8800
12	22	4960
12	23	15680
12	24	-3200
12	25	-800
12	26	18400
12	27	15200
12	28	3040
12	29	-11360
12	30	8640
12	31	-13120
12	32	-2080
12	33	11520
12	34	-4960
12	35	4160
12	36	-8480
12	37	-12640
12	38	-4640
12	39	-160
13	14	-2560
13	16	-5920
13	17	-13600
13	18	-7680
13	19	-4160
13	20	-3680
13	21	-4640
13	22	800
13	23	4160
13	24	2560
13	25	7840
13	26	7840
13	27	16160
13	28	4000
13	29	10720
13	30	-2880
13	31	-320
13	32	9120
13	33	-17280
13	34	-800
13	35	-22720
13	36	-3680
13	37	-20000
13	38	-2400
13	39	800
14	15	-4320
14	16	3840
14	17	5120
14	18	-15840
14	19	6240
14	20	1600
14	21	8960
14	22	-9280
14	23	-14880
14	24	-4640
14	25	13440
14	26	640
14	27	-5440
14	28	-8320
14	29	-6400
14	30	-5600
14	31	-8160
14	32	5760
14	33	6560
14	34	2880
14	35	-800
14	36	12160
14	37	-1280
14	38	6720
14	39	-5120
15	16	-1280
15	17	-2560
15	18	480
15	19	-21600
15	20	-5440
15	21	12800
15	22	-960
15	23	-13280
15	24	-5600
15	25	3200
15	26	-3200
15	27	-4800
15	28	-640
15	29	-3840
15	30	1760
15	31	10720
15	32	-14720
15	33	-2720
15	34	960
15	35	-1760
15	36	4480
15	37	3840
15	38	-4160
15	39	2560
16	17	-10720
16	19	9280
16	20	4960
16	21	-480
16	22	480
16	23	-5440
16	24	-7680
16	25	-2720
16	26	10080
16	27	-2080
16	28	-11680
16	29	3360
16	30	-2240
16	31	1600
16	32	2400
16	33	3200
16	34	-480
16	35	2240
16	36	2400
16	37	2080
16	38	-9120
16	39	-8480
17	18	11520
17	19	-11200
17	20	-160
17	21	-5600
17	22	14560
17	23	-320
17	25	8800
17	26	-10400
17	27	-800
17	28	6240
17	29	-1760
17	30	-7360
17	31	-3520
17	32	7520
17	33	8320
17	34	17440
17	35	7360
17	36	7520
17	37	9760
17	38	-1440
17	39	-9760
18	19	2720
18	20	8640
18	21	-5120
18	22	6720
18	23	17440
18	24	2080
18	25	1920
18	26	1920
18	27	9280
18	28	-8320
18	29	-2560
18	30	-3360
18	31	-7200
18	32	-16000
18	33	-4000
18	34	-6720
18	35	-3040
18	36	-16000
18	37	-1280
18	38	-22080
18	39	-5120
19	20	-7680
19	21	10560
19	22	-9600
19	23	14560
19	24	4960
19	25	-960
19	26	-960
19	27	-640
19	28	-11200
19	29	-6080
19	30	5920
19	31	-4320
19	32	320
19	33	5920
19	34	-9600
19	35	480
19	36	-6080
19	37	-4800
19	39	4800
20	21	-9120
20	22	-1760
20	23	9600
20	24	2880
20	25	-6880
20	26	5920
20	27	2080
20	28	-3040
20	29	-5280
20	30	-17280
20	31	-7040
20	32	-1760
20	33	5440
20	34	-4640
20	35	-8320
20	36	-8160
20	37	6240
20	38	7840
20	39	160
21	22	-7200
21	23	-16960
21	24	-8960
21	25	4960
21	26	-20640
21	27	3040
21	28	-4000
21	29	-4320
21	30	-3520
21	31	6720
21	32	-9120
21	33	4480
21	34	-5600
21	35	3520
21	36	16480
21	37	-5600
21	38	2400
21	39	18400
22	23	1280
22	24	-1600
22	25	-2400
22	26	4000
22	27	4000
22	28	1440
22	29	-9760
22	30	-8960
22	31	7680
22	32	-3680
22	33	3520
22	34	6240
22	35	2560
22	36	2720
22	37	-4640
22	38	-3040
22	39	-14560
23	24	9440
23	25	-11840
23	26	960
23	27	3840
23	28	-9280
23	29	-1600
23	30	4000
23	31	-12640
23	32	2240
23	33	-4960
23	34	-1280
23	35	2400
23	36	-23360
23	37	-6720
23	38	-1920
23	39	-6080
24	25	-640
24	26	-7040
24	27	-4160
24	28	3200
24	29	7680
24	30	8480
24	31	-13280
24	32	10880
24	33	-7520
24	34	-4800
24	35	4320
24	36	-8320
24	38	8000
24	39	6400
25	26	-1760
25	27	12960
25	28	800
25	29	1120
25	30	320
25	31	-3520
25	32	5920
25	33	-1280
25	34	8800
25	35	-13120
25	36	12320
25	37	2400
25	38	-5600
25	39	-8800
26	27	6560
26	28	-5600
26	29	1120
26	30	-6080
26	31	2880
26	32	-480
26	33	-1280
26	34	-4000
26	35	-320
26	36	-13280
26	37	2400
26	38	800
26	39	-15200
27	28	10400
27	29	480
27	30	-11520
27	31	-14080
27	32	-7520
27	33	-6720
27	34	8800
27	35	-7680
27	36	-1120
27	37	-13600
27	38	-5600
27	39	-5600
28	29	-1440
28	30	-2240
28	31	-6080
28	32	-4320
28	33	1280
28	34	4960
28	35	-10560
28	36	8480
28	37	-6560
28	38	11040
28	39	6560
29	30	6720
29	31	4160
29	32	19040
29	33	-24960
29	34	-3040
29	35	-320
29	36	-6560
29	37	-1760
29	38	-6560
29	39	-4640
30	31	-1440
30	32	11840
30	33	6240
30	34	2560
30	35	11680
30	36	-960
30	37	-7360
30	38	640
30	39	960
31	32	1600
31	33	-4000
31	34	-7680
31	35	1440
31	36	8000
31	37	2880
31	38	-8320
31	39	3520
32	33	-6400
32	34	-2720
32	35	7360
32	36	800
32	37	1120
32	38	12320
32	39	-1120
33	34	15680
33	35	6560
33	36	19200
33	37	14720
33	38	6720
33	39	4480
34	35	10240
34	36	16480
34	37	4640
34	38	3040
34	39	-17440
35	36	960
35	37	7360
35	38	5760
35	39	-960
36	37	1120
36	38	5920
36	39	-1120
37	38	-1440
37	39	3040
38	39	1440
