0	1	-156
0	2	1756
0	3	-6076
0	4	-804
0	5	-6396
0	6	5596
0	7	-5444
0	8	11356
0	9	-6556
0	10	13916
0	11	15364
0	12	324
0	13	156
0	14	18556
0	15	9276
0	16	-956
0	17	12636
0	18	11996
0	19	-20644
0	20	-11044
0	21	-13764
0	22	9124
0	23	3516
0	24	13924
0	25	5756
0	26	2884
0	27	-4636
0	28	3356
0	29	1764
0	30	-7204
0	31	1116
0	32	1596
0	33	-7356
0	34	-6244
0	35	8476
0	36	-484
0	37	3364
0	38	5596
0	39	-11836
1	2	22556
1	3	-14076
1	4	-5604
1	5	17604
1	6	796
1	7	8956
1	8	6556
1	9	23844
1	10	-3684
1	11	-5436
1	12	11524
1	13	-11044
1	14	956
1	15	-8324
1	16	-8956
1	17	7836
1	18	-5604
1	19	6556
1	20	3356
1	21	636
1	22	-5276
1	23	5116
1	24	-6876
1	25	13756
1	26	1284
1	27	164
1	28	4956
1	29	6564
1	30	7196
1	31	9116
1	32	-3204
1	33	-15356
1	34	-11044
1	35	10076
1	36	1116
1	37	1764
1	38	7196
1	39	18564
2	3	-9924
2	4	-2396
2	5	9596
2	6	4004
2	7	-4156
2	8	4644
2	9	9756
2	10	-10716
2	11	-5764
2	12	9276
2	13	-28956
2	14	10244
2	15	324
2	16	10556
2	17	3364
2	18	-2396
2	19	-1756
2	20	1444
2	21	-2236
2	22	-5924
2	23	-6716
2	24	-4324
2	25	-2556
2	26	-6084
2	27	-11364
2	28	-6556
2	29	1436
2	30	4004
2	31	14884
2	32	1604
2	33	-15044
2	34	-3356
2	35	1124
2	36	-9116
2	37	-6564
2	38	-8796
2	39	2236
3	4	-18884
3	5	-7516
3	6	316
3	7	14876
3	8	6076
3	9	-14076
3	10	2236
3	11	1444
3	12	-796
3	13	1276
3	14	-5924
3	15	-8804
3	16	-2076
3	17	-11844
3	18	6716
3	19	-324
3	20	2876
3	21	6556
3	22	-11196
3	23	4636
3	24	6404
3	25	476
3	26	-4636
3	27	-5756
3	28	-14724
3	29	644
3	30	-6084
3	31	-10564
3	32	9116
3	33	17124
3	34	14076
3	35	3196
3	36	7036
3	37	-4156
3	38	-6084
3	39	-12956
4	5	-5764
4	6	-6236
4	7	-27196
4	8	-5596
4	9	796
4	10	-1756
4	11	-8324
4	12	-6084
4	13	5604
4	14	6404
4	15	-3516
4	16	7996
4	17	-476
4	18	-12636
4	19	7204
4	20	-2396
4	21	-6076
4	22	4316
4	23	2244
4	24	-484
4	25	6404
4	26	-2244
4	27	-1124
4	28	2404
4	29	11676
4	30	-6236
4	31	-1756
4	32	-2236
4	33	-4804
4	34	-13596
4	35	-9116
4	36	6244
4	37	3676
4	38	164
4	39	-324
5	6	636
5	7	8796
5	8	-6404
5	9	-1596
5	10	-3844
5	11	7524
5	12	11684
5	13	-4804
5	14	796
5	15	-8484
5	16	10404
5	17	7676
5	18	-5764
5	19	6396
5	20	-9604
5	21	13276
5	22	1284
5	23	-1444
5	24	-6716
5	25	-5604
5	26	-4956
5	27	-18876
5	28	4796
5	29	-6076
5	30	7036
5	31	8956
5	32	-3364
5	33	-15196
5	34	14396
5	35	3516
5	36	-11844
5	37	8324
5	38	13436
5	39	-476
6	7	-1596
6	8	7204
6	9	-5604
6	10	-14556
6	11	17276
6	12	13116
6	13	-796
6	14	4
6	15	2884
6	16	-4804
6	17	12324
6	18	6564
6	19	-5596
6	20	-2396
6	21	324
6	22	-2084
6	23	8644
6	24	-484
6	25	-6396
6	26	10556
6	27	5276
6	28	2404
6	29	-1124
6	30	-12636
6	31	4644
6	32	4164
6	33	-4804
6	34	-796
6	35	-2716
6	36	-6556
6	37	-2724
6	38	6564
6	39	12476
7	8	-956
7	9	8956
7	10	-3516
7	11	-164
7	12	-4324
7	13	-2556
7	14	-20956
7	15	-5276
7	16	-3044
7	17	10564
7	18	-1596
7	19	5444
7	20	8644
7	21	4964
7	22	12476
7	23	484
7	24	1276
7	25	-1756
7	26	-484
7	27	-5764
7	28	7044
7	29	-5764
7	30	24004
7	31	2884
7	32	-3996
7	33	3356
7	34	-2556
7	35	1924
7	36	10884
7	37	5436
7	38	-1596
7	39	7836
8	9	156
8	10	5284
8	11	-2564
8	12	-324
8	13	-156
8	14	644
8	15	3524
8	16	-5444
8	17	164
8	18	7204
8	19	-4956
8	20	4644
8	21	-11836
8	22	3676
8	23	15684
8	24	18076
8	25	644
8	26	9916
8	27	4636
8	28	-3356
8	29	11036
8	30	-11996
8	31	-7516
8	32	4804
8	33	956
8	34	-156
8	35	4324
8	36	484
8	37	-3364
8	38	804
8	39	-964
9	10	2716
9	11	-11836
9	12	-7676
9	13	1756
9	14	-5444
9	15	4476
9	16	-8956
9	17	-4964
9	18	-18404
9	19	6556
9	20	9756
9	21	636
9	22	1124
9	23	11516
9	24	-6876
9	25	7356
9	26	-5116
9	27	6564
9	28	4956
9	29	12964
9	30	7196
9	31	15516
9	32	-9604
9	33	-8956
9	34	-17444
9	35	-2724
9	36	1116
9	37	-4636
9	38	796
9	39	18564
10	11	-12804
10	12	-16964
10	13	10084
10	14	-1916
10	15	964
10	16	-9284
10	17	-15196
10	18	4644
10	19	-13916
10	20	-4316
10	21	4804
10	22	6236
10	23	324
10	24	14236
10	25	-1916
10	26	-324
10	27	7196
10	28	6884
10	29	7196
10	30	-8156
10	31	-22876
10	32	8644
10	33	-2884
10	34	3684
10	35	8164
10	36	-2076
10	37	5596
10	38	11044
10	39	-4804
11	12	7844
11	13	-964
11	14	17436
11	15	1756
11	16	-6236
11	17	17916
11	18	4476
11	19	-8964
11	20	-5764
11	21	-8484
11	22	-8956
11	23	8796
11	24	2244
11	25	-1764
11	26	4004
11	27	-9916
11	28	-4164
11	29	-16316
11	30	-8324
11	31	19196
11	32	476
11	33	-6236
11	34	5436
11	35	-5444
11	36	-8004
11	37	4484
11	38	4476
11	39	-4316
12	13	-11524
12	14	13276
12	15	3996
12	16	4324
12	17	13756
12	18	316
12	19	-324
12	20	-9924
12	21	156
12	22	-4796
12	23	-1764
12	24	-12796
12	25	6876
12	26	1764
12	27	-5756
12	28	4476
12	29	-5756
12	30	6716
12	31	15036
12	32	2716
12	33	-2076
12	34	7676
12	35	3196
12	36	-12164
12	37	2244
12	38	316
12	39	-6556
13	14	-13756
13	15	1924
13	16	2556
13	17	-7836
13	18	-796
13	19	12644
13	20	3044
13	21	-636
13	22	11676
13	23	14084
13	24	476
13	25	-956
13	26	-1284
13	27	6236
13	28	1444
13	29	12636
13	30	-7196
13	31	-9116
13	32	-15996
13	33	8956
13	34	4644
13	35	-10076
13	36	5284
13	37	-1764
13	38	12004
13	39	636
14	15	9124
14	16	1756
14	17	5764
14	18	-6396
14	19	-12156
14	20	-8956
14	21	-12636
14	22	-14724
14	23	-4316
14	24	-324
14	25	12644
14	26	4316
14	27	-964
14	28	-4156
14	29	-7364
14	30	-6396
14	31	10884
14	32	10404
14	33	-4644
14	34	5444
14	35	-2876
14	36	-13116
14	37	-2564
14	38	4
14	39	-12964
15	16	-1124
15	17	-4156
15	18	2884
15	19	-15676
15	20	324
15	21	-16156
15	22	7996
15	23	-7836
15	24	3196
15	25	-10076
15	26	7836
15	27	8956
15	28	-1276
15	29	2556
15	30	2884
15	31	13764
15	32	484
15	33	-1124
15	34	1924
15	35	4
15	36	-10236
15	37	-5444
15	38	2884
15	39	-3044
16	17	2236
16	18	-4804
16	19	956
16	20	-2244
16	21	1436
16	22	13124
16	23	-13284
16	24	-14076
16	25	-4644
16	26	-12316
16	27	-13436
16	28	-13444
16	29	-636
16	30	7996
16	31	3516
16	32	-2404
16	33	-9756
16	34	15356
16	35	-14724
16	36	-4484
16	37	-5436
16	38	1596
16	39	-20636
17	18	-6876
17	19	164
17	20	-15836
17	21	-316
17	22	11356
17	23	8004
17	24	156
17	25	5764
17	26	11196
17	27	-6884
17	28	14564
17	29	-484
17	30	12324
17	31	10404
17	32	3524
17	33	-10564
17	34	-7836
17	35	-3356
17	36	-796
17	37	23516
17	38	5924
17	39	316
18	19	-18396
18	20	-8796
18	21	6724
18	22	-2084
18	23	-10556
18	24	-484
18	25	4
18	26	-2244
18	27	-1124
18	28	-10396
18	29	-13924
18	30	-12636
18	31	-20956
18	32	-2236
18	33	1596
18	34	-796
18	35	3684
18	36	-156
18	37	-9124
18	38	-6236
18	39	-6724
19	20	11044
19	21	964
19	22	3676
19	23	15684
19	24	-7524
19	25	644
19	26	-9284
19	27	-1764
19	28	9444
19	29	17436
19	30	804
19	31	5284
19	32	-20796
19	33	13756
19	34	-156
19	35	-8476
19	36	6884
19	37	-3364
19	38	-5596
19	39	11836
20	21	-15036
20	22	6876
20	23	-316
20	24	8476
20	25	-8956
20	26	-6084
20	27	7836
20	28	-6556
20	29	1436
20	30	10404
20	31	8484
20	32	-11196
20	33	16956
20	34	-3356
20	35	1124
20	36	10084
20	37	-19364
20	38	-8796
20	39	15036
21	22	4156
21	23	-3996
21	24	-13444
21	25	164
21	26	-2404
21	27	-7684
21	28	2564
21	29	-1284
21	30	324
21	31	-14396
21	32	4324
21	33	1436
21	34	5764
21	35	10244
21	36	-6396
21	37	9916
21	38	-6076
21	39	-484
22	23	-4164
22	24	8804
22	25	-8324
22	26	-2236
22	27	-3356
22	28	14876
22	29	9444
22	30	17116
22	31	-164
22	32	-6084
22	33	324
22	34	-7524
22	35	796
22	36	4636
22	37	11044
22	38	-2084
22	39	-4156
23	24	10236
23	25	-4316
23	26	-4324
23	27	-3204
23	28	4484
23	29	22396
23	30	-16956
23	31	6724
23	32	-12956
23	33	-484
23	34	-5116
23	35	-7036
23	36	1924
23	37	1596
23	38	8644
23	39	10396
24	25	-6724
24	26	2564
24	27	7844
24	28	3676
24	29	7844
24	30	-484
24	31	-4964
24	32	8316
24	33	5124
24	34	-5924
24	35	8796
24	36	6236
24	37	3044
24	38	12316
24	39	-5756
25	26	4316
25	27	5436
25	28	-4156
25	29	-964
25	30	4
25	31	-8316
25	32	4004
25	33	1756
25	34	-13756
25	35	-2876
25	36	6084
25	37	-2564
25	38	4
25	39	-6564
26	27	3204
26	28	1916
26	29	-3196
26	30	4156
26	31	-6724
26	32	19356
26	33	6884
26	34	11516
26	35	13436
26	36	-8324
26	37	11204
26	38	4156
26	39	8804
27	28	9436
27	29	2084
27	30	-7524
27	31	-12004
27	32	7676
27	33	-636
27	34	-12964
27	35	1756
27	36	11996
27	37	-2716
27	38	11676
27	39	14084
28	29	9436
28	30	15204
28	31	484
28	32	-6396
28	33	-644
28	34	-11356
28	35	5924
28	36	-4316
28	37	20636
28	38	2404
28	39	10236
29	30	-7524
29	31	796
29	32	-11524
29	33	-636
29	34	-6564
29	35	8156
29	36	-7204
29	37	-2716
29	38	11676
29	39	1284
30	31	11044
30	32	-2236
30	33	7996
30	34	-796
30	35	3684
30	36	-156
30	37	10076
30	38	-6236
30	39	-324
31	32	-10556
31	33	-9284
31	34	-2716
31	35	1764
31	36	-8476
31	37	-804
31	38	-1756
31	39	1596
32	33	-8804
32	34	9604
32	35	7684
32	36	3844
32	37	18876
32	38	4164
32	39	-4324
33	34	8956
33	35	4476
33	36	1916
33	37	-11836
33	38	-17604
33	39	-1436
34	35	2724
34	36	-20316
34	37	-1764
34	38	5604
34	39	-12164
35	36	-3036
35	37	6556
35	38	3684
35	39	2556
36	37	10396
36	38	-6556
36	39	12796
37	38	3676
37	39	2884
38	39	-324
