0	1	1584
0	2	7696
0	3	-624
0	4	10736
0	5	-5744
0	6	1104
0	7	-15984
0	8	-1264
0	9	6096
0	10	-9584
0	11	-5584
0	12	8016
0	13	-7824
0	14	3984
0	15	4464
0	16	656
0	17	8176
0	18	-14064
0	19	-6416
0	20	-9104
0	21	976
0	22	4784
0	23	-14544
0	24	1136
0	25	3376
0	26	-6736
0	27	-5584
0	28	-5424
0	29	-2896
0	30	3056
0	31	-304
0	32	2864
0	33	5136
0	34	5264
0	35	-464
0	36	-2896
0	37	-2576
0	38	-2416
0	39	-976
1	2	2064
1	3	-2416
1	4	-976
1	5	9104
1	6	8336
1	7	144
1	8	-8176
1	9	3664
1	10	6544
1	11	2544
1	12	-4656
1	13	11184
1	14	-13744
1	15	-1424
1	16	-3696
1	17	1584
1	18	-8176
1	19	-3344
1	20	-13136
1	21	-4016
1	22	4656
1	23	11504
1	24	-10576
1	25	6384
1	26	9776
1	27	15344
1	28	-16816
1	29	-464
1	30	6704
1	31	10064
1	32	176
1	33	-1776
1	34	-2224
1	35	-2576
1	36	-13264
1	37	-13584
1	38	-7344
1	39	-2384
2	3	-13904
2	4	3856
2	5	6576
2	6	14384
2	7	-3664
2	8	4656
2	9	-7184
2	10	2736
2	11	-12464
2	12	7536
2	13	-8304
2	14	4464
2	15	-7856
2	16	176
2	17	1296
2	18	4656
2	19	464
2	20	-3184
2	21	496
2	22	18064
2	23	-2224
2	24	13456
2	25	15696
2	26	144
2	27	-6064
2	28	19696
2	29	3984
2	30	-16624
2	31	5616
2	32	9744
2	33	-1744
2	34	12144
2	35	-13744
2	36	3984
2	37	-2096
2	38	4464
2	39	-13296
3	4	1936
3	5	-1744
3	6	-15696
3	7	-5584
3	8	-3664
3	9	10096
3	10	-5584
3	11	4816
3	12	-7184
3	13	-16624
3	14	-16
3	15	6864
3	16	-8144
3	17	12176
3	18	-16464
3	19	8784
3	20	1296
3	21	-1424
3	22	784
3	23	2256
3	24	-1264
3	25	-18224
3	26	-10736
3	27	-7984
3	28	-7824
3	29	-496
3	30	7056
3	31	16496
3	32	24464
3	33	9136
3	34	1264
3	35	9936
3	36	-496
3	37	-12976
3	38	-16
3	39	1424
4	5	-3184
4	6	11344
4	7	5776
4	8	7696
4	9	2256
4	10	-7024
4	11	-15824
4	12	-2224
4	13	-11664
4	14	14224
4	15	8304
4	16	-9584
4	17	-2064
4	18	7696
4	19	-8976
4	20	-6544
4	21	9936
4	22	8624
4	23	-18384
4	24	10096
4	25	-464
4	26	-9296
4	27	-3024
4	28	3536
4	29	-5456
4	30	-784
4	31	15056
4	32	6704
4	33	-11504
4	34	-10096
4	35	2096
4	36	7344
4	37	1264
4	38	7824
4	39	2864
5	6	8624
5	7	8496
5	8	-2384
5	9	-1424
5	10	2096
5	11	-304
5	12	496
5	13	-15344
5	14	-1296
5	15	-7216
5	16	-464
5	17	-5744
5	18	4016
5	19	13904
5	20	2576
5	21	-6544
5	22	5904
5	23	16336
5	24	-12784
5	25	2256
5	26	7184
5	27	-304
5	28	12656
5	29	-1776
5	30	-17264
5	31	4976
5	32	3984
5	33	4016
5	34	6384
5	35	-7984
5	36	11024
5	37	-1456
5	38	-14096
5	39	-12656
6	7	12464
6	8	23344
6	9	3184
6	10	-336
6	11	-4336
6	12	1264
6	13	4304
6	14	5936
6	15	-944
6	16	8624
6	17	-11696
6	18	10544
6	19	-9264
6	20	-816
6	21	8304
6	22	5136
6	23	-1776
6	24	1744
6	25	-496
6	26	-8944
6	27	2064
6	28	14704
6	29	6416
6	30	-6576
6	31	-3216
6	32	-5744
6	33	-21456
6	34	-1744
6	35	-3056
6	36	-6384
6	37	18896
6	38	5936
6	39	-1904
7	8	12976
7	9	7536
7	10	-14544
7	11	15056
7	12	-16144
7	13	6416
7	14	8944
7	15	3024
7	16	-10704
7	17	-15984
7	18	12976
7	19	11344
7	20	5136
7	21	-10384
7	22	-3056
7	23	12496
7	24	-3824
7	25	-1584
7	26	4624
7	27	8656
7	28	2416
7	29	2064
7	30	-8304
7	31	-5264
7	32	-11376
7	33	-6224
7	34	-2576
7	35	976
7	36	-4336
7	37	2384
7	38	15344
7	39	-8816
8	9	9456
8	10	-12624
8	11	-2224
8	12	-1424
8	13	-4464
8	14	13424
8	15	-5296
8	16	-2384
8	17	-20464
8	18	-4304
8	19	-3376
8	20	7056
8	21	10736
8	22	-4976
8	23	-11184
8	24	-1904
8	25	-6064
8	26	-3696
8	27	-2224
8	28	17136
8	29	144
8	30	16
8	31	3056
8	32	-496
8	33	-4304
8	34	1904
8	35	-3504
8	36	6544
8	37	13264
8	38	7024
8	39	-4336
9	10	-11664
9	11	5136
9	12	-464
9	13	-3504
9	14	12464
9	15	6544
9	16	-14224
9	17	-304
9	18	-16144
9	19	2064
9	20	-4784
9	21	11696
9	22	6864
9	23	-3824
9	24	-944
9	25	-5104
9	26	-4656
9	27	5136
9	28	5296
9	29	-816
9	30	7376
9	31	4016
9	32	4944
9	33	-9744
9	34	7344
9	35	16656
9	36	5584
9	37	-6896
9	38	12464
9	39	1104
10	11	-4144
10	12	9456
10	13	6416
10	14	-3856
10	15	-9776
10	16	8496
10	17	-3184
10	18	6576
10	19	-7856
10	20	-7664
10	21	-3984
10	22	3344
10	23	6096
10	24	-10224
10	25	-1584
10	26	4624
10	27	2256
10	28	-10384
10	29	21264
10	30	4496
10	31	1136
10	32	-4976
10	33	176
10	34	-2576
10	35	13776
10	36	-10736
10	37	8784
10	38	-3856
10	39	3984
11	12	-5744
11	13	16816
11	14	-1456
11	15	5424
11	16	6096
11	17	-11984
11	18	-8624
11	19	7344
11	20	15536
11	21	-19184
11	22	-7056
11	23	3696
11	24	-12624
11	25	-10384
11	26	13424
11	27	-144
11	28	-12784
11	29	-1936
11	30	-4304
11	31	-1264
11	32	-8976
11	33	4176
11	34	-176
11	35	11376
11	36	-8336
11	37	4784
11	38	-7856
11	39	6384
12	13	-7984
12	14	4144
12	15	-8176
12	16	6896
12	17	1616
12	18	4976
12	19	6544
12	20	-9264
12	21	13616
12	22	4944
12	23	-14704
12	24	7376
12	25	3216
12	26	-176
12	27	-18544
12	28	816
12	29	-2736
12	30	-9904
12	31	-6864
12	32	-3376
12	33	-7824
12	34	11824
12	35	5776
12	36	3664
12	37	10384
12	38	-8656
12	39	-7216
13	14	-5616
13	15	1264
13	16	3856
13	17	-7824
13	18	-4464
13	19	-9616
13	20	-5904
13	21	-8624
13	22	-4816
13	23	7856
13	24	-8464
13	25	6576
13	26	-3536
13	27	10416
13	28	-15024
13	29	304
13	30	12656
13	31	-16304
13	32	-13136
13	33	-4464
13	34	-17136
13	35	-10064
13	36	-12496
13	37	624
13	38	784
13	39	8624
14	15	15376
14	16	11504
14	17	-2416
14	18	-12176
14	19	7056
14	20	-4336
14	21	4784
14	22	-10544
14	23	-5296
14	24	11024
14	25	2384
14	26	-11824
14	27	-7856
14	28	11184
14	29	9936
14	30	-3696
14	31	6064
14	32	4176
14	33	-5776
14	34	-11024
14	35	-176
14	36	-2864
14	37	3216
14	38	22256
14	39	-4784
15	16	-816
15	17	17264
15	18	-5296
15	19	12976
15	20	8944
15	21	-1136
15	22	-4624
15	23	1584
15	24	5104
15	25	-9936
15	26	-12304
15	27	5424
15	28	-7536
15	29	-16144
15	30	9584
15	31	12944
15	32	-2704
15	33	-11696
15	34	-11504
15	35	304
15	36	-9744
15	37	-3664
15	38	8976
15	39	1136
16	17	656
16	18	-2384
16	19	-5296
16	20	2576
16	21	-6544
16	22	-19696
16	23	3536
16	24	6416
16	25	2256
16	26	784
16	27	-13104
16	28	6256
16	29	17424
16	30	-10864
16	31	-14224
16	32	-2416
16	33	-2384
16	34	-6416
16	35	-1584
16	36	-20976
16	37	17744
16	38	-1296
16	39	144
17	18	-7664
17	19	12784
17	20	-9104
17	21	-5424
17	22	4784
17	23	4656
17	24	13936
17	25	3376
17	26	-13136
17	27	-5584
17	28	-5424
17	29	-2896
17	30	15856
17	31	-304
17	32	15664
17	33	-7664
17	34	5264
17	35	-464
17	36	-9296
17	37	-15376
17	38	3984
17	39	-13776
18	19	-3376
18	20	656
18	21	10736
18	22	14224
18	23	-4784
18	24	10896
18	25	336
18	26	2704
18	27	-2224
18	28	10736
18	29	144
18	30	-12784
18	31	-9744
18	32	-19696
18	33	-10704
18	34	8304
18	35	9296
18	36	6544
18	37	19664
18	38	624
18	39	2064
19	20	4464
19	21	-12016
19	22	-6544
19	23	3504
19	24	624
19	25	4784
19	26	-1424
19	27	-5456
19	28	784
19	29	-11664
19	30	-1296
19	31	-4336
19	32	8176
19	33	-3376
19	34	5776
19	35	-4176
19	36	1136
19	37	-18384
19	38	-5744
19	39	-19984
20	21	-9904
20	22	-9936
20	23	176
20	24	-9744
20	25	-20304
20	26	10544
20	27	2736
20	28	9296
20	29	-11216
20	30	-7824
20	31	8016
20	32	944
20	33	656
20	34	9744
20	35	1456
20	36	1584
20	37	1904
20	38	-4336
20	39	3504
21	22	11984
21	23	-15344
21	24	19536
21	25	-10224
21	26	-5936
21	27	-6384
21	28	12976
21	29	-8496
21	30	2256
21	31	5296
21	32	-2736
21	33	-14864
21	34	6064
21	35	5136
21	36	17104
21	37	4624
21	38	4784
21	39	6224
22	23	-4496
22	24	5424
22	25	-3216
22	26	-6224
22	27	-13456
22	28	11984
22	29	-3664
22	30	-2896
22	31	6864
22	32	3376
22	33	-4976
22	34	20176
22	35	7024
22	36	9136
22	37	-3984
22	38	-4144
22	39	-11984
23	24	-15184
23	25	-6544
23	26	3184
23	27	10096
23	28	-2544
23	29	13424
23	30	5936
23	31	-3824
23	32	6384
23	33	8016
23	34	2384
23	35	-10384
23	36	-5776
23	37	-5456
23	38	1104
23	39	-16656
24	25	2736
24	26	-6096
24	27	-19024
24	28	13136
24	29	-2256
24	30	-10384
24	31	-944
24	32	3504
24	33	-14704
24	34	5904
24	35	-1104
24	36	4144
24	37	-1936
24	38	11024
24	39	-6736
25	26	-1936
25	27	8816
25	28	2576
25	29	1904
25	30	-8144
25	31	-11504
25	32	-5136
25	33	6736
25	34	-15536
25	35	-18064
25	36	1904
25	37	-4176
25	38	2384
25	39	3824
26	27	13424
26	28	-12336
26	29	-4944
26	30	-8016
26	31	8144
26	32	-10704
26	33	2704
26	34	6096
26	35	8304
26	36	1456
26	37	1136
26	38	-11824
26	39	-464
27	28	-19184
27	29	-1936
27	30	14896
27	31	11536
27	32	-8976
27	33	-2224
27	34	-19376
27	35	-1424
27	36	-1936
27	37	-1616
27	38	11344
27	39	19184
28	29	4304
28	30	-16944
28	31	-7504
28	32	10064
28	33	-2064
28	34	18864
28	35	-7664
28	36	17104
28	37	4624
28	38	4784
28	39	-12976
29	30	2224
29	31	-7216
29	32	4656
29	33	6544
29	34	2256
29	35	12144
29	36	-15184
29	37	10096
29	38	16336
29	39	-4304
30	31	976
30	32	7984
30	33	-6384
30	34	-2416
30	35	7216
30	36	-4176
30	37	-10256
30	38	9104
30	39	-2256
31	32	11344
31	33	3056
31	34	-5456
31	35	3856
31	36	5584
31	37	-6896
31	38	6064
31	39	7504
32	33	5904
32	34	9296
32	35	-7696
32	36	4656
32	37	-21264
32	38	4176
32	39	-16464
33	34	1904
33	35	-9904
33	36	6544
33	37	-5936
33	38	-5776
33	39	2064
34	35	13904
34	36	8656
34	37	-4464
34	38	-4624
34	39	-25264
35	36	-7056
35	37	12464
35	38	6224
35	39	7664
36	37	-2704
36	38	-9264
36	39	2096
37	38	3216
37	39	14576
38	39	1616
