0	1	1064
0	2	-336
0	3	-896
0	4	448
0	5	560
0	6	-728
0	8	-392
0	9	-728
0	10	728
0	11	448
0	12	-168
0	13	168
1	2	-1120
1	3	-112
1	4	448
1	5	560
1	6	56
1	8	392
1	9	56
1	10	728
1	11	-336
1	12	-168
1	13	168
2	3	56
2	4	-504
2	5	392
2	6	-560
2	7	-168
2	8	-1008
2	9	-896
2	10	-1008
2	11	-168
2	12	448
2	13	784
3	4	56
3	5	168
3	6	-336
3	7	392
3	8	784
3	9	448
3	10	336
3	11	-728
3	12	-560
3	13	-224
4	5	280
4	6	-112
4	7	-728
4	8	-448
4	10	112
4	11	280
4	12	-560
4	13	-896
5	7	728
5	8	448
5	9	-896
5	11	-392
5	12	-672
5	13	560
6	7	-560
6	8	952
6	9	1064
6	10	168
6	11	-560
6	12	56
6	13	392
7	8	672
7	9	-336
7	10	-224
7	11	-168
7	12	-896
7	13	-448
8	9	728
8	10	616
8	11	-1008
8	12	-280
8	13	56
9	10	504
9	11	-112
9	12	-168
9	13	-504
10	11	560
10	12	-840
10	13	392
11	12	-336
12	13	504
