0	1	1044
0	2	-580
0	3	-1100
0	4	-132
0	5	1252
0	6	188
0	7	-468
0	8	-244
0	9	-1644
0	10	-580
0	11	-484
0	12	-132
0	13	-820
1	2	260
1	3	-372
1	4	-860
1	5	412
1	6	132
1	7	372
1	8	-188
1	9	-1588
1	10	-524
1	11	244
1	12	-76
1	13	-92
2	3	-316
2	4	-916
2	5	-316
2	6	188
2	7	1100
2	8	-244
2	9	708
2	10	204
2	11	1868
2	12	-132
2	13	1532
3	4	804
3	5	-356
3	6	-76
3	7	356
3	8	132
3	9	748
3	10	468
3	11	-188
3	12	804
3	13	148
4	5	20
4	6	-260
4	7	-804
4	8	-580
4	9	372
4	10	-132
4	11	-932
4	12	316
4	13	-484
5	6	708
5	7	356
5	8	132
5	9	-820
5	10	468
5	11	-188
5	12	20
5	13	-636
6	7	76
6	8	636
6	9	468
6	10	1756
6	11	92
6	12	-260
6	13	428
7	8	-132
7	9	36
7	10	316
7	11	972
7	12	-20
7	13	636
8	9	260
8	10	540
8	11	-36
8	12	-580
8	13	-372
9	10	1492
9	11	580
9	12	-412
9	13	1028
10	11	300
10	12	-132
10	13	748
11	12	-148
11	13	1100
12	13	300
