0	1	440
0	2	1184
0	3	-384
0	4	-216
0	5	496
0	6	-904
0	7	-288
0	8	1184
0	9	624
0	10	1072
0	11	-832
0	12	-384
0	13	552
1	2	344
1	3	344
1	4	512
1	5	-1016
1	6	-64
1	7	-232
1	8	344
1	9	-1000
1	10	232
1	11	-104
1	12	344
1	13	-176
2	3	-400
2	4	216
2	5	288
2	6	-664
2	7	288
2	8	1168
2	9	160
2	10	496
2	11	-736
2	12	-1184
2	13	232
3	4	-568
3	5	-1280
3	6	120
3	7	288
3	8	-400
3	9	-1408
3	10	-288
3	11	-736
3	12	384
3	13	-552
4	5	456
4	6	-496
4	7	-328
4	8	216
4	9	-8
4	10	-456
4	11	664
4	12	-1352
4	13	400
5	6	-792
5	7	-176
5	8	1072
5	9	2080
5	10	176
5	11	624
5	12	-1280
5	13	1448
6	7	-8
6	8	-664
6	9	-440
6	10	-776
6	11	456
6	12	904
6	13	-1520
7	8	288
7	9	-272
7	10	960
7	11	624
7	12	288
7	13	664
8	9	944
8	10	496
8	11	48
8	12	-1184
8	13	1016
9	10	272
9	11	608
9	12	-624
9	13	1240
10	11	-624
10	12	496
10	13	904
11	12	48
11	13	568
12	13	-552
