0	1	-5044
0	2	-2548
0	3	-2548
0	4	1300
0	5	1300
0	6	1820
0	7	884
0	8	2236
0	9	-3588
0	10	884
0	11	5564
0	12	1300
0	13	2444
0	14	3276
0	15	-2132
0	16	3068
0	17	-5044
0	18	884
0	19	1924
0	20	4628
0	21	1300
0	22	1820
0	23	-1612
0	24	-52
0	25	-52
1	2	-1716
1	3	-3380
1	4	2132
1	5	-572
1	6	-5460
1	7	1716
1	8	-1300
1	9	-52
1	10	1716
1	11	988
1	12	-572
1	13	-4836
1	14	-260
1	15	2444
1	16	-468
1	17	-3172
1	18	-988
1	19	52
1	20	-4316
1	21	-572
1	22	3692
1	23	-5148
1	24	8892
1	25	780
2	3	1196
2	4	52
2	5	52
2	6	-468
2	7	468
2	8	-6292
2	9	-468
2	10	468
2	11	-1508
2	12	2756
2	13	-1092
2	14	-1924
2	15	3484
2	16	988
2	17	3692
2	18	3172
2	19	-572
2	20	2132
2	21	-2652
2	22	2236
2	23	5668
2	24	-1300
2	25	-6708
3	4	2340
3	5	-3068
3	6	156
3	7	4628
3	8	-4212
3	9	2860
3	10	-780
3	11	1196
3	12	2340
3	13	780
3	14	-468
3	15	4940
3	16	-676
3	17	2028
3	18	4628
3	19	260
3	20	-4524
3	21	-364
3	22	780
3	23	2756
3	24	-4420
3	25	-1716
4	5	-3796
4	6	-1612
4	7	-676
4	8	-2444
4	9	-1612
4	10	-676
4	11	52
4	12	1612
4	13	3172
4	14	1924
4	15	4628
4	16	-3276
4	17	2132
4	18	4732
4	19	-1716
4	20	3276
4	21	-1092
4	22	-2028
4	23	-1300
4	24	260
4	25	-5148
5	6	-4316
5	7	-6084
5	8	5668
5	9	-1612
5	10	4732
5	11	52
5	12	-9204
5	13	3172
5	14	-780
5	15	-780
5	16	-572
5	17	2132
5	18	2028
5	19	988
5	20	-2132
5	21	-3796
5	22	-2028
5	23	-4004
5	24	-5148
5	25	260
6	7	4212
6	8	-1924
6	9	-2132
6	10	-6604
6	11	-3172
6	12	1092
6	13	-2756
6	14	-2964
6	15	-260
6	16	2652
6	17	-5460
6	18	-3900
6	19	3172
6	20	3796
6	21	1092
6	22	-1508
6	23	7332
6	24	-5668
6	25	2444
7	8	2548
7	9	-1196
7	10	-5668
7	11	-2236
7	12	4732
7	13	884
7	14	1508
7	15	-1196
7	16	1716
7	17	-988
7	18	-2964
7	19	4108
7	20	156
7	21	2028
7	22	260
7	23	3692
7	24	676
7	25	676
8	9	3484
8	10	-2860
8	11	-3588
8	12	-5148
8	13	6812
8	14	4316
8	15	-3796
8	16	-1300
8	17	-1300
8	18	-2860
8	19	884
8	20	260
8	21	260
8	22	-7956
8	23	-5980
8	24	-1092
8	25	4316
9	10	-1196
9	11	-468
9	12	-1612
9	13	-52
9	14	2444
9	15	5148
9	16	-2756
9	17	-52
9	18	4212
9	19	-4940
9	20	1092
9	21	-7020
9	22	-4212
9	23	-780
9	24	5148
9	25	-2964
10	11	3172
10	12	-8788
10	13	884
10	14	-1196
10	15	1508
10	16	-988
10	17	1716
10	18	-2964
10	19	1404
10	20	156
10	21	-3380
10	22	2964
10	23	-4420
10	24	-2028
10	25	3380
11	12	52
11	13	-6500
11	14	-1924
11	15	3484
11	16	988
11	17	-4420
11	18	468
11	19	-3276
11	20	-572
11	21	52
11	22	7644
11	23	-5148
11	24	1404
11	25	-1300
12	13	-4940
12	14	1924
12	15	-780
12	16	2132
12	17	2132
12	18	2028
12	19	988
12	20	-2132
12	21	7020
12	22	6084
12	23	6812
12	24	5668
12	25	-5148
13	14	364
13	15	-2340
13	16	-2132
13	17	3276
13	18	884
13	19	2548
13	20	4420
13	21	-2236
13	22	-6292
13	23	-156
13	24	-6292
13	25	-884
14	15	-2756
14	16	-8372
14	17	-2964
14	18	1508
14	19	-2860
14	20	1300
14	21	-780
14	22	-4212
14	23	-2236
14	24	3276
14	25	3276
15	16	-2964
15	17	-260
15	18	4212
15	19	-2860
15	20	-4108
15	21	-3484
15	22	1196
15	23	-2236
15	24	-2132
15	25	-2132
16	17	-468
16	18	-988
16	19	2756
16	20	-4316
16	21	4836
16	22	3692
16	23	2964
16	24	3484
16	25	-1924
17	18	-988
17	19	52
17	20	-4316
17	21	2132
17	22	-4420
17	23	2964
17	24	-1924
17	25	-4628
18	19	-6708
18	20	156
18	21	-6084
18	22	260
18	23	988
18	24	3380
18	25	-7436
19	20	1196
19	21	988
19	22	4004
19	23	2028
19	24	-5772
19	25	-364
20	21	-4836
20	22	-156
20	23	1820
20	24	-780
20	25	-3484
21	22	676
21	23	4108
21	24	260
21	25	2964
22	23	-988
22	24	2028
22	25	-676
23	24	-2652
23	25	-2652
24	25	-3796
