0	1	-876
0	2	1828
0	3	2124
0	4	-252
0	5	1188
0	6	-476
0	7	980
0	8	-3180
0	9	-1396
0	10	8988
0	11	5244
0	12	996
0	13	-5764
0	14	-6092
0	15	44
0	16	2228
0	17	-1204
0	18	3596
0	19	980
0	20	668
0	21	-580
0	22	1932
0	23	5556
0	24	2436
0	25	2140
1	2	476
1	3	3476
1	4	-1604
1	5	-2868
1	6	3580
1	7	-372
1	8	-1828
1	9	2660
1	10	2228
1	11	1188
1	12	-3060
1	13	996
1	14	668
1	15	-4012
1	16	3580
1	17	5556
1	18	-460
1	19	2332
1	20	-6092
1	21	772
1	22	-2124
1	23	4204
1	24	3788
1	25	3492
2	3	6180
2	4	6508
2	5	2540
2	6	876
2	7	2332
2	8	876
2	9	-44
2	10	2228
2	11	6596
2	12	-356
2	13	-1708
2	14	-2036
2	15	-1308
2	16	-1828
2	17	148
2	18	2244
2	19	-372
2	20	-3388
2	21	-1932
2	22	-2124
2	23	6908
2	24	1084
2	25	-1916
3	4	148
3	5	-1084
3	6	580
3	7	1828
3	8	-2124
3	9	-1412
3	10	1932
3	11	268
3	12	4308
3	13	2956
3	14	3492
3	15	2764
3	16	580
3	17	-1396
3	18	-996
3	19	-876
3	20	-564
3	21	-7428
3	22	-2036
3	23	-44
3	24	3076
3	25	3164
4	5	1916
4	6	252
4	7	4412
4	8	-5156
4	9	-2124
4	10	1604
4	11	3268
4	12	268
4	13	-3788
4	14	-2660
4	15	3476
4	16	-2452
4	17	-476
4	18	164
4	19	4412
4	20	-1308
4	21	2852
4	22	1204
4	23	6284
4	24	-2244
4	25	-1292
5	6	1516
5	7	-5348
5	8	4220
5	9	5764
5	10	164
5	11	1204
5	12	-2036
5	13	-684
5	14	-3684
5	15	996
5	16	1516
5	17	7652
5	18	772
5	19	-2644
5	20	-5036
5	21	-1084
5	22	5140
5	23	892
5	24	-4100
5	25	2228
6	7	1724
6	8	-2228
6	9	1396
6	10	-6284
6	11	-2540
6	12	1708
6	13	-2348
6	14	-4724
6	15	-2748
6	16	476
6	17	-1500
6	18	-892
6	19	1724
6	20	-668
6	21	580
6	22	-7340
6	23	5260
6	24	-5140
6	25	5972
7	8	-980
7	9	-5260
7	10	-2332
7	11	-1292
7	12	3164
7	13	-3596
7	14	-6180
7	15	1204
7	16	-3684
7	17	-252
7	18	3268
7	19	268
7	20	3284
7	21	-876
7	22	-476
7	23	1100
7	24	-1188
7	25	-684
8	9	4100
8	10	1828
8	11	164
8	12	-6404
8	13	356
8	14	684
8	15	-2748
8	16	-2228
8	17	1204
8	18	1812
8	19	-980
8	20	-6076
8	21	-2124
8	22	3476
8	23	-2852
8	24	-5140
8	25	3268
9	10	-2660
9	11	4412
9	12	-876
9	13	-4932
9	14	1188
9	15	-3492
9	16	-1308
9	17	6076
9	18	1724
9	19	5556
9	20	-5572
9	21	3996
9	22	2764
9	23	4724
9	24	-1100
9	25	2972
10	11	1516
10	12	-5052
10	13	-996
10	14	-3372
10	15	4012
10	16	1828
10	17	-148
10	18	3164
10	19	372
10	20	-4724
10	21	1932
10	22	4828
10	23	3908
10	24	1620
10	25	4620
11	12	2020
11	13	-2036
11	14	3076
11	15	-5764
11	16	164
11	17	-1812
11	18	-580
11	19	4116
11	20	-3684
11	21	-5140
11	22	3788
11	23	7652
11	24	2660
11	25	-4532
12	13	-2540
12	14	1500
12	15	2228
12	16	7116
12	17	-1724
12	18	1412
12	19	-2244
12	20	5556
12	21	-1100
12	22	2452
12	23	-372
12	24	1916
12	25	-5452
13	14	2852
13	15	3580
13	16	-2348
13	17	-372
13	18	-2644
13	19	-6300
13	20	4204
13	21	-2452
13	22	-4308
13	23	-7132
13	24	3268
13	25	-1396
14	15	-5244
14	16	684
14	17	-3996
14	18	-3804
14	19	-772
14	20	-3164
14	21	-7324
14	22	564
14	23	-2644
14	24	3180
14	25	-5052
15	16	-2748
15	17	3388
15	18	5036
15	19	-1500
15	20	4220
15	21	5468
15	22	3996
15	23	-3372
15	24	-252
15	25	3788
16	17	-1500
16	18	-892
16	19	-3684
16	20	-3372
16	21	-2124
16	22	772
16	23	-148
16	24	2972
16	25	-2140
17	18	1084
17	19	-2956
17	20	60
17	21	4012
17	22	5452
17	23	-2124
17	24	-1708
17	25	2540
18	19	-2140
18	20	-2452
18	21	7116
18	22	-356
18	23	5140
18	24	4724
18	25	-2852
19	20	-2124
19	21	1828
19	22	2228
19	23	6508
19	24	-6596
19	25	4724
20	21	2140
20	22	-788
20	23	-6700
20	24	-876
20	25	-996
21	22	668
21	23	2660
21	24	372
21	25	460
22	23	1396
22	24	-1724
22	25	3596
23	24	2348
23	25	3892
24	25	-4636
