0	1	952
0	2	-4872
0	3	-848
0	4	-4176
0	5	-1576
0	6	192
0	7	816
0	8	16
0	9	-2096
0	10	-6328
0	11	816
0	12	5392
0	13	-4768
0	14	5944
0	15	-1232
0	16	-88
0	17	-2792
0	18	-2376
0	19	1680
0	20	-88
0	21	-1856
0	22	1336
0	23	400
0	24	1544
0	25	-608
1	2	-3208
1	3	192
1	4	-3136
1	5	2168
1	6	1232
1	7	-848
1	8	1680
1	9	-1056
1	10	-4664
1	11	-848
1	12	3728
1	13	-5808
1	14	-504
1	15	432
1	16	-3832
1	17	-1128
1	18	1992
1	19	-2064
1	20	4280
1	21	2512
1	22	5080
1	23	1440
1	24	-2824
1	25	-4352
2	3	-2096
2	4	-16
2	5	2584
2	6	1648
2	7	-5840
2	8	-6848
2	9	2064
2	10	328
2	11	4976
2	12	-1264
2	13	1888
2	14	1784
2	15	-2688
2	16	-6952
2	17	1160
2	18	-1128
2	19	-2480
2	20	1160
2	21	-608
2	22	-2616
2	23	-848
2	24	-5112
2	25	640
3	4	3032
3	5	-2272
3	6	4072
3	7	-1960
3	8	3832
3	9	-1752
3	10	2064
3	11	744
3	12	1576
3	13	504
3	14	3312
3	15	7784
3	16	1232
3	17	6640
3	18	3520
3	19	-536
3	20	1232
3	21	3000
3	22	5632
3	23	-1544
3	24	5424
3	25	1752
4	5	-1648
4	6	-3416
4	7	-1336
4	8	504
4	9	4280
4	10	1440
4	11	-1336
4	12	4904
4	13	-120
4	14	-16
4	15	4456
4	16	608
4	17	6016
4	18	192
4	19	-1160
4	20	608
4	21	2376
4	22	-4560
4	23	-3624
4	24	640
4	25	6536
5	6	-3312
5	7	-3936
5	8	5808
5	9	4384
5	10	-1368
5	11	4176
5	12	-3104
5	13	-224
5	14	-120
5	15	1648
5	16	504
5	17	3208
5	18	88
5	19	-1264
5	20	-2200
5	21	-3136
5	22	952
5	23	-3520
5	24	-1960
5	25	1024
6	7	-3000
6	8	-3240
6	9	-88
6	10	-2304
6	11	-8408
6	12	3240
6	13	-1160
6	14	7056
6	15	712
6	16	-432
6	17	-3136
6	18	1856
6	19	-2200
6	20	4976
6	21	6744
6	22	1888
6	23	120
6	24	1680
6	25	88
7	8	2792
7	9	-712
7	10	1024
7	11	-920
7	12	2616
7	13	-536
7	14	-5840
7	15	1336
7	16	5600
7	17	-2512
7	18	-2928
7	19	6536
7	20	192
7	21	4664
7	22	-4144
7	23	-3208
7	24	3760
7	25	-1992
8	9	-2824
8	10	-192
8	11	88
8	12	-744
8	13	-4040
8	14	-1440
8	15	7608
8	16	3344
8	17	-2064
8	18	-1648
8	19	-296
8	20	640
8	21	-1128
8	22	608
8	23	-328
8	24	6224
8	25	120
9	10	816
9	11	1992
9	12	120
9	13	-3448
9	14	4768
9	15	1128
9	16	5392
9	17	5392
9	18	-432
9	19	-1784
9	20	-16
9	21	4456
9	22	1472
9	23	-8408
9	24	-4144
9	25	3208
10	11	3728
10	12	192
10	13	8544
10	14	-5080
10	15	1264
10	16	7816
10	17	5112
10	18	2824
10	19	1472
10	20	-5704
10	21	-4768
10	22	6952
10	23	3312
10	24	1752
10	25	1888
11	12	-88
11	13	2168
11	14	-432
11	15	-1368
11	16	-2512
11	17	5600
11	18	2480
11	19	-1576
11	20	-2512
11	21	-3448
11	22	1264
11	23	-3208
11	24	-4352
11	25	712
12	13	1336
12	14	4144
12	15	-2200
12	16	4768
12	17	4768
12	18	-3760
12	19	296
12	20	2064
12	21	1128
12	22	-608
12	23	-2376
12	24	-3520
12	25	-120
13	14	-3520
13	15	-2584
13	16	3968
13	17	3968
13	18	1680
13	19	328
13	20	-6848
13	21	-5912
13	22	2688
13	23	1752
13	24	-2512
13	25	-1960
14	15	16
14	16	-1544
14	17	3864
14	18	1576
14	19	-2480
14	20	-1544
14	21	-608
14	22	2792
14	23	-848
14	24	-2408
14	25	640
15	16	-608
15	17	-608
15	18	5216
15	19	3864
15	20	-608
15	21	3032
15	22	7264
15	23	-1784
15	24	4768
15	25	-3832
16	17	3240
16	18	-4456
16	19	5008
16	20	-4872
16	21	-1232
16	22	3416
16	23	-224
16	24	920
16	25	2720
17	18	3656
17	19	-3104
17	20	-4872
17	21	-3936
17	22	3416
17	23	-224
17	24	-4488
17	25	5424
18	19	16
18	20	-1752
18	21	-3520
18	22	8408
18	23	2064
18	24	504
18	25	-4976
19	20	-8512
19	21	536
19	22	1648
19	23	3416
19	24	1856
19	25	-6328
20	21	6880
20	22	-4696
20	23	-8336
20	24	3624
20	25	16
21	22	-5632
21	23	-6568
21	24	2688
21	25	952
22	23	4384
22	24	-2168
22	25	-6880
23	24	-1232
23	25	296
24	25	4144
