0	1	-2012
0	2	4332
0	3	1940
0	4	660
0	5	-2460
0	6	-1212
0	7	868
0	8	1940
0	9	-3916
0	10	1804
0	11	-1732
0	12	1076
0	13	692
0	14	796
0	15	1004
0	16	3468
0	17	3084
0	18	-900
0	19	244
0	20	-1076
0	21	-36
0	22	-3604
0	23	-1284
0	24	972
0	25	2044
1	2	5860
1	3	-5268
1	4	2668
1	5	3084
1	6	-868
1	7	-244
1	8	140
1	9	1836
1	10	4228
1	11	2356
1	12	-3156
1	13	1388
1	14	1284
1	15	-4332
1	16	-2844
1	17	-3708
1	18	4228
1	19	380
1	20	3156
1	21	-3292
1	22	1524
1	23	660
1	24	-348
1	25	36
2	3	1908
2	4	3604
2	5	-1388
2	6	-5340
2	7	3396
2	8	1908
2	9	68
2	10	2460
2	11	588
2	12	3188
2	13	452
2	14	-2356
2	15	140
2	16	-1908
2	17	764
2	18	7868
2	19	-1388
2	20	2220
2	21	-6932
2	22	2460
2	23	-2980
2	24	588
2	25	1804
3	4	3916
3	5	-1076
3	6	-2324
3	7	1004
3	8	-3812
3	9	-2324
3	10	-5340
3	11	900
3	12	-4612
3	13	-5268
3	14	-5372
3	15	2532
3	16	3812
3	17	3156
3	18	2772
3	19	-1076
3	20	-6204
3	21	-1836
3	22	-5340
3	23	-3292
3	24	3604
3	25	1492
4	5	3676
4	6	-5892
4	7	1596
4	8	6620
4	9	-484
4	10	-172
4	11	1700
4	12	-9012
4	13	-5444
4	14	68
4	15	276
4	16	-3916
4	17	-3052
4	18	5236
4	19	-1732
4	20	-1804
4	21	-3468
4	22	2532
4	23	692
4	24	-6412
4	25	1316
5	6	-3604
5	7	1180
5	8	4332
5	9	4508
5	10	-588
5	11	1284
5	12	-4020
5	13	-2324
5	14	5892
5	15	-2012
5	16	-1628
5	17	68
5	18	-588
5	19	-2148
5	20	4020
5	21	2356
5	22	2116
5	23	-4300
5	24	-4124
5	25	1732
6	7	2428
6	8	-5028
6	9	-2356
6	10	-2044
6	11	-5580
6	12	-68
6	13	1836
6	14	-764
6	15	2148
6	16	-380
6	17	-1180
6	18	-4748
6	19	1804
6	20	2772
6	21	-1596
6	22	-4748
6	23	-2844
6	24	2532
6	25	5892
7	8	3708
7	9	-5684
7	10	-8076
7	11	-3500
7	12	-692
7	13	-5652
7	14	2564
7	15	2772
7	16	-3708
7	17	-3260
7	18	2740
7	19	1180
7	20	3396
7	21	-3676
7	22	2740
7	23	484
7	24	-796
7	25	1108
8	9	380
8	10	-2636
8	11	-1804
8	12	-1908
8	13	-2564
8	14	2740
8	15	-2876
8	16	-4300
8	17	-4956
8	18	68
8	19	1628
8	20	1908
8	21	-4540
8	22	5476
8	23	-3292
8	24	-4508
8	25	1492
9	10	660
9	11	-172
9	12	2636
9	13	1836
9	14	-3468
9	15	2148
9	16	2324
9	17	1524
9	18	3364
9	19	-3604
9	20	5476
9	21	3812
9	22	660
9	23	-2844
9	24	-172
9	25	5892
10	11	2844
10	12	2948
10	13	6932
10	14	4332
10	15	-3572
10	16	-2772
10	17	3916
10	18	-4436
10	19	-588
10	20	-2948
10	21	-1908
10	22	972
10	23	2252
10	24	140
10	25	2876
11	12	2116
11	13	-3052
11	14	-244
11	15	-5444
11	16	1804
11	17	2044
11	18	-2564
11	19	-1420
11	20	588
11	21	4332
11	22	-7972
11	23	5788
11	24	-692
11	25	-1700
12	13	4956
12	14	2356
12	15	-140
12	16	1908
12	17	1940
12	18	-2460
12	19	-4020
12	20	484
12	21	-1180
12	22	-2460
12	23	2980
12	24	-588
12	25	900
13	14	-1420
13	15	-4332
13	16	2564
13	17	4404
13	18	-1180
13	19	5788
13	20	452
13	21	2116
13	22	4228
13	23	660
13	24	-348
13	25	36
14	15	-7140
14	16	-5444
14	17	1596
14	18	-6484
14	19	-2220
14	20	-2356
14	21	-6100
14	22	1628
14	23	3260
14	24	-244
14	25	-68
15	16	2876
15	17	-4020
15	18	7244
15	19	-4716
15	20	2844
15	21	4508
15	22	-868
15	23	-5060
15	24	-36
15	25	-276
16	17	4956
16	18	-68
16	19	1076
16	20	796
16	21	4540
16	22	-8180
16	23	3292
16	24	4508
16	25	1212
17	18	-1492
17	19	2772
17	20	-1940
17	21	-276
17	22	-1492
17	23	3676
17	24	4748
17	25	348
18	19	-3292
18	20	2460
18	21	-1908
18	22	3676
18	23	-3156
18	24	-2564
18	25	172
19	20	1316
19	21	2356
19	22	4820
19	23	3812
19	24	1284
19	25	-972
20	21	3884
20	22	-244
20	23	-5684
20	24	3292
20	25	1804
21	22	796
21	23	1388
21	24	-1076
21	25	-4644
22	23	-452
22	24	-5268
22	25	-5236
23	24	-2324
23	25	-3396
24	25	1004
