0	1	2320
0	2	3464
0	3	-2048
0	4	-176
0	5	-5232
0	6	-4296
0	7	240
0	8	176
0	9	968
0	10	-7664
0	11	8872
0	12	448
0	13	-3088
0	14	-2112
0	15	-2632
0	16	6000
0	17	-2736
0	18	-3464
0	19	-4232
0	20	136
0	21	-176
0	22	-2152
0	23	-5336
0	24	-488
0	25	-448
1	2	2048
1	3	-5960
1	4	-5128
1	5	-280
1	6	1488
1	7	-136
1	8	-280
1	9	-864
1	10	2360
1	11	-3360
1	12	-344
1	13	5896
1	14	2008
1	15	-2880
1	16	-696
1	17	-72
1	18	-4752
1	19	-3776
1	20	-2736
1	21	280
1	22	-3152
1	23	2528
1	24	-2112
1	25	344
2	3	-1696
2	4	-864
2	5	864
2	6	-72
2	7	6832
2	8	3568
2	9	3400
2	10	-4192
2	11	-1800
2	12	-1488
2	13	-656
2	14	5856
2	15	-1736
2	16	3152
2	17	-4336
2	18	-3608
2	19	-2216
2	20	-1176
2	21	-3568
2	22	-1592
2	23	968
2	24	-3256
2	25	-1216
3	4	1944
3	5	760
3	6	-176
3	7	1528
3	8	3464
3	9	800
3	10	-4088
3	11	-1696
3	12	1320
3	13	-5960
3	14	-7768
3	15	864
3	16	344
3	17	-1736
3	18	4400
3	19	-2112
3	20	1632
3	21	-760
3	22	-1488
3	23	3568
3	24	-448
3	25	-1320
4	5	-5480
4	6	-3712
4	7	-3048
4	8	-72
4	9	-3776
4	10	-3256
4	11	-864
4	12	-5960
4	13	280
4	14	2216
4	15	-2672
4	16	-488
4	17	2840
4	18	3568
4	19	-1280
4	20	-2944
4	21	-2632
4	22	-656
4	23	-5376
4	24	3088
4	25	3256
5	6	1008
5	7	3048
5	8	-5336
5	9	1072
5	10	3256
5	11	864
5	12	-4856
5	13	-280
5	14	-2216
5	15	-32
5	16	-4920
5	17	-136
5	18	-864
5	19	-1424
5	20	2944
5	21	-5480
5	22	3360
5	23	2672
5	24	2320
5	25	-3256
6	7	-592
6	8	-4400
6	9	136
6	10	5024
6	11	-5480
6	12	-3088
6	13	4192
6	14	-1280
6	15	904
6	16	-1280
6	17	6208
6	18	-2632
6	19	3048
6	20	4712
6	21	-1008
6	22	2424
6	23	-1800
6	24	4088
6	25	384
7	8	344
7	9	1216
7	10	-968
7	11	-3984
7	12	-3672
7	13	-136
7	14	2632
7	15	-2256
7	16	-2776
7	17	-4856
7	18	1280
7	19	-4400
7	20	-3360
7	21	-3048
7	22	1632
7	23	3152
7	24	-5440
7	25	968
8	9	1072
8	10	-2152
8	11	-1840
8	12	3256
8	13	-2984
8	14	-2216
8	15	-2736
8	16	3192
8	17	-5544
8	18	-3568
8	19	-1424
8	20	2944
8	21	-72
8	22	-10160
8	23	-32
8	24	-384
8	25	-552
9	10	3712
9	11	-2008
9	12	1008
9	13	-6272
9	14	3360
9	15	3880
9	16	3360
9	17	-4128
9	18	-696
9	19	2984
9	20	-1384
9	21	-3776
9	22	904
9	23	-1528
9	24	-3464
9	25	1696
10	11	-6896
10	12	-1176
10	13	2360
10	14	2840
10	15	3360
10	16	-2568
10	17	3464
10	18	1488
10	19	3504
10	20	1840
10	21	-552
10	22	1424
10	23	656
10	24	2464
10	25	3880
11	12	1216
11	13	-6064
11	14	-4960
11	15	-1736
11	16	3152
11	17	-1632
11	18	1800
11	19	488
11	20	1528
11	21	1840
11	22	1112
11	23	-4440
11	24	2152
11	25	4192
12	13	-3048
12	14	136
12	15	3360
12	16	136
12	17	3464
12	18	-1216
12	19	800
12	20	-3568
12	21	7560
12	22	-1280
12	23	3360
12	24	-240
12	25	1176
13	14	7416
13	15	5232
13	16	-3400
13	17	2632
13	18	656
13	19	4336
13	20	-2736
13	21	5688
13	22	-448
13	23	-176
13	24	-2112
13	25	-2360
14	15	3088
14	16	904
14	17	280
14	18	2256
14	19	6272
14	20	-5584
14	21	-488
14	22	2944
14	23	-2320
14	24	-3504
14	25	-136
15	16	384
15	17	-2944
15	18	7144
15	19	6792
15	20	-2360
15	21	8144
15	22	6168
15	23	-2840
15	24	-2984
15	25	2048
16	17	-7832
16	18	-3152
16	19	-1840
16	20	2528
16	21	2216
16	22	240
16	23	-5024
16	24	1904
16	25	-136
17	18	-1072
17	19	4192
17	20	448
17	21	136
17	22	864
17	23	-240
17	24	2528
17	25	-760
18	19	7624
18	20	-4232
18	21	864
18	22	7000
18	23	-968
18	24	552
18	25	3920
19	20	-1592
19	21	1424
19	22	3400
19	23	-4024
19	24	-3672
19	25	-800
20	21	-5648
20	22	-3672
20	23	344
20	24	5480
20	25	-4544
21	22	-656
21	23	2736
21	24	-2320
21	25	3256
22	23	-1944
22	24	-344
22	25	1280
23	24	-2984
23	25	-3360
24	25	2944
