0	1	1380
0	2	1900
0	3	2940
0	4	-4548
0	5	2052
0	6	-6732
0	7	-1740
0	8	-2156
0	9	-5900
0	10	-1276
0	11	-1532
0	12	2572
0	13	444
0	14	-1692
0	15	2212
0	16	-1588
0	17	-3252
0	18	-2108
0	19	-1948
0	20	3404
0	21	-1172
0	22	-340
0	23	-2316
0	24	-76
0	25	-284
1	2	3772
1	3	-596
1	4	28
1	5	5588
1	6	-4860
1	7	132
1	8	2420
1	9	-4028
1	10	-3148
1	11	3044
1	12	3404
1	13	-388
1	14	1844
1	15	1380
1	16	-756
1	17	284
1	18	1428
1	19	-76
1	20	1532
1	21	2364
1	22	492
1	23	1220
1	24	-908
1	25	1588
2	3	2628
2	4	548
2	5	2364
2	6	-4340
2	7	-2052
2	8	-2468
2	9	-804
2	10	-964
2	11	860
2	12	2884
2	13	132
2	14	-1380
2	15	1900
2	16	-1276
2	17	-236
2	18	908
2	19	444
2	20	3716
2	21	-860
2	22	2676
2	23	700
2	24	-3092
2	25	-596
3	4	-3820
3	5	1324
3	6	-596
3	7	-1012
3	8	-1428
3	9	236
3	10	3404
3	11	1900
3	12	-860
3	13	-4236
3	14	-5124
3	15	236
3	16	388
3	17	-1276
3	18	5276
3	19	1484
3	20	-2732
3	21	3508
3	22	-1068
3	23	-340
3	24	-2052
3	25	-2260
4	5	700
4	6	2732
4	7	-388
4	8	-804
4	9	860
4	10	76
4	11	-180
4	12	-1484
4	13	1796
4	14	5068
4	15	-4548
4	16	2468
4	17	804
4	18	-756
4	19	2108
4	20	-652
4	21	-5228
4	22	1012
4	23	4444
4	24	1276
4	25	1068
5	6	-5228
5	7	-2108
5	8	-1692
5	9	-3356
5	10	-284
5	11	3092
5	12	-1428
5	13	-1588
5	14	132
5	15	2052
5	16	28
5	17	-3716
5	18	548
5	19	3508
5	20	444
5	21	-388
5	22	1484
5	23	-1948
5	24	-1068
5	25	-860
6	7	2836
6	8	-284
6	9	6788
6	10	4964
6	11	340
6	12	700
6	13	-388
6	14	1844
6	15	-4028
6	16	-756
6	17	5692
6	18	4132
6	19	2628
6	20	-3876
6	21	2364
6	22	-2212
6	23	1220
6	24	4500
6	25	-1116
7	8	-700
7	9	-1740
7	10	-28
7	11	-2780
7	12	-1588
7	13	-6212
7	14	4964
7	15	964
7	16	-340
7	17	700
7	18	4548
7	19	-3196
7	20	-3460
7	21	76
7	22	-4500
7	23	1636
7	24	4084
7	25	1172
8	9	548
8	10	388
8	11	2212
8	12	1532
8	13	1484
8	14	-2732
8	15	-2156
8	16	5484
8	17	1116
8	18	-444
8	19	-908
8	20	-340
8	21	3196
8	22	-1380
8	23	-652
8	24	-1740
8	25	756
9	10	4132
9	11	1172
9	12	-132
9	13	444
9	14	-1692
9	15	-492
9	16	1116
9	17	4860
9	18	596
9	19	3460
9	20	700
9	21	1532
9	22	-340
9	23	3092
9	24	-76
9	25	-284
10	11	-236
10	12	-804
10	13	-4916
10	14	-1948
10	15	-1276
10	16	-2052
10	17	2316
10	18	3876
10	19	2884
10	20	1068
10	21	2940
10	22	-6004
10	23	-1324
10	24	3716
10	25	1220
11	12	908
11	13	2108
11	14	-652
11	15	-4236
11	16	2156
11	17	492
11	18	-1068
11	19	-284
11	20	-3668
11	21	2572
11	22	3404
11	23	1428
11	24	-6524
11	25	1380
12	13	4340
12	14	-388
12	15	-132
12	16	-492
12	17	3876
12	18	28
12	19	1324
12	20	2628
12	21	1796
12	22	964
12	23	-2468
12	24	2156
12	25	-3044
13	14	76
13	15	-4964
13	16	180
13	17	1220
13	18	-5748
13	19	-1012
13	20	2468
13	21	-2108
13	22	6836
13	23	-548
13	24	-1844
13	25	652
14	15	-1692
14	16	-1636
14	17	28
14	18	-1116
14	19	-2940
14	20	-1220
14	21	-4756
14	22	-180
14	23	4500
14	24	3300
14	25	3508
15	16	-1588
15	17	-3252
15	18	596
15	19	756
15	20	3404
15	21	-1172
15	22	-340
15	23	-2316
15	24	-76
15	25	-2988
16	17	-76
16	18	-1220
16	19	2572
16	20	-4028
16	21	-2156
16	22	-284
16	23	1692
16	24	-2004
16	25	-4500
17	18	444
17	19	3612
17	20	340
17	21	4916
17	22	-4028
17	23	652
17	24	4444
17	25	-756
18	19	2052
18	20	-3508
18	21	3772
18	22	-2468
18	23	-492
18	24	2884
18	25	-2316
19	20	-548
19	21	2988
19	22	-1588
19	23	-3564
19	24	3876
19	25	-7148
20	21	-1740
20	22	132
20	23	-596
20	24	284
20	25	3196
21	22	-3404
21	23	-4132
21	24	1116
21	25	-1380
22	23	444
22	24	-6164
22	25	-548
23	24	-2732
23	25	5588
24	25	-2572
