0	1	-2536
0	2	168
0	3	168
0	4	-3680
0	5	-2328
0	6	3992
0	7	-896
0	8	2952
0	9	64
0	10	-3368
0	11	-1496
0	12	-1416
0	13	1080
0	14	-1080
0	15	-3184
0	16	4512
0	17	792
0	18	1520
0	19	-4744
0	20	-248
0	21	792
0	22	2144
0	23	-4224
0	24	664
0	25	-2328
1	2	1000
1	3	-4408
1	4	-2848
1	5	-1496
1	6	-2248
1	7	976
1	8	-584
1	9	-1808
1	10	2872
1	11	2040
1	12	456
1	13	248
1	14	-248
1	15	-1312
1	16	-4432
1	17	-1080
1	18	-3056
1	19	2536
1	20	584
1	21	-1080
1	22	272
1	23	3056
1	24	-168
1	25	-1496
2	3	1000
2	4	-144
2	5	-4200
2	6	3160
2	7	3680
2	8	2120
2	9	3600
2	10	168
2	11	-664
2	12	-2248
2	13	248
2	14	-248
2	15	-1312
2	16	3680
2	17	-1080
2	18	2352
2	19	-168
2	20	-4824
2	21	-3784
2	22	2976
2	23	352
2	24	-168
2	25	1208
3	4	-2848
3	5	3912
3	6	456
3	7	-4432
3	8	-3288
3	9	-1808
3	10	-2536
3	11	-3368
3	12	3160
3	13	248
3	14	-2952
3	15	-1312
3	16	976
3	17	-3784
3	18	-352
3	19	2536
3	20	3288
3	21	-1080
3	22	272
3	23	352
3	24	-2872
3	25	-1496
4	5	-2640
4	6	-1104
4	7	2120
4	8	560
4	9	2456
4	10	1728
4	11	896
4	12	-1104
4	13	-1312
4	14	6720
4	15	2536
4	16	2120
4	17	480
4	18	-1496
4	19	-1728
4	20	-5968
4	21	-2224
4	22	-872
4	23	-1208
4	24	3680
4	25	5472
5	6	-5160
5	7	-1936
5	8	-3496
5	9	-4304
5	10	-5032
5	11	-456
5	12	2952
5	13	2744
5	14	-5448
5	15	-1520
5	16	-4640
5	17	1832
5	18	-2848
5	19	2328
5	20	6200
5	21	4536
5	22	-4928
5	23	2848
5	24	-376
5	25	-1288
6	7	272
6	8	-872
6	9	5968
6	10	-1416
6	11	-584
6	12	792
6	13	-1704
6	14	1704
6	15	-144
6	16	2976
6	17	-168
6	18	4512
6	19	1416
6	20	-1832
6	21	-168
6	22	1184
6	23	-4512
6	24	-3992
6	25	-2456
7	8	4016
7	9	1080
7	10	1808
7	11	-64
7	12	-5136
7	13	480
7	14	2224
7	15	-6072
7	16	2456
7	17	3056
7	18	2328
7	19	896
7	20	-1312
7	21	352
7	22	-1000
7	23	-2328
7	24	896
7	25	-1936
8	9	-480
8	10	-2456
8	11	-1624
8	12	-6280
8	13	-664
8	14	664
8	15	-1808
8	16	1312
8	17	4200
8	18	768
8	19	-5656
8	20	-168
8	21	4200
8	22	144
8	23	1936
8	24	2456
8	25	1912
9	10	64
9	11	1936
9	12	-2144
9	13	-2352
9	14	2352
9	15	4200
9	16	3784
9	17	-1184
9	18	2248
9	19	-64
9	20	-4928
9	21	-1184
9	22	168
9	23	-2248
9	24	-64
9	25	1104
10	11	3912
10	12	1288
10	13	1080
10	14	4328
10	15	-480
10	16	1808
10	17	-1912
10	18	1520
10	19	3368
10	20	-2952
10	21	-4616
10	22	2144
10	23	-1520
10	24	664
10	25	-2328
11	12	2120
11	13	1912
11	14	792
11	15	3056
11	16	-64
11	17	-2744
11	18	688
11	19	-1208
11	20	-3784
11	21	-40
11	22	1312
11	23	2016
11	24	4200
11	25	-456
12	13	1000
12	14	-1000
12	15	-144
12	16	-2432
12	17	-168
12	18	-896
12	19	1416
12	20	872
12	21	-168
12	22	-1520
12	23	896
12	24	-1288
12	25	-2456
13	14	1496
13	15	-2640
13	16	-2224
13	17	-376
13	18	4304
13	19	1624
13	20	664
13	21	-376
13	22	976
13	23	1104
13	24	4328
13	25	40
14	15	-64
14	16	2224
14	17	376
14	18	1104
14	19	1080
14	20	-6072
14	21	-2328
14	22	-976
14	23	-3808
14	24	3784
14	25	2664
15	16	-3368
15	17	-4640
15	18	40
15	19	-2224
15	20	-3600
15	21	-1936
15	22	2120
15	23	2664
15	24	480
15	25	6592
16	17	352
16	18	-376
16	19	-1808
16	20	-4016
16	21	-2352
16	22	1704
16	23	-5032
16	24	896
16	25	-1936
17	18	272
17	19	-792
17	20	1208
17	21	7656
17	22	-7216
17	23	-272
17	24	1912
17	25	-872
18	19	1184
18	20	-768
18	21	272
18	22	1624
18	23	-1000
18	24	1184
18	25	-144
19	20	2952
19	21	-792
19	22	-2144
19	23	-1184
19	24	-3368
19	25	-3080
20	21	3912
20	22	-144
20	23	3472
20	24	-5160
20	25	-4616
21	22	-7216
21	23	2432
21	24	1912
21	25	-872
22	23	1080
22	24	-2144
22	25	480
23	24	1520
23	25	2848
24	25	5032
