0	1	-816
0	2	176
0	3	64
0	4	176
0	5	64
0	6	-624
0	7	-16
0	8	-64
0	9	-16
0	10	1744
0	11	816
0	12	-1776
0	13	-2496
0	14	-144
0	15	1424
0	16	1104
0	17	96
0	18	-576
0	19	-1536
1	2	-544
1	3	2384
1	4	-544
1	5	-816
1	6	256
1	7	-896
1	8	-2384
1	9	-896
1	10	-2336
1	11	-1504
1	12	-1056
1	13	-176
1	14	2336
1	15	-1056
1	16	224
1	17	-624
1	18	-1456
1	19	784
2	3	176
2	4	-416
2	5	-1424
2	6	1984
2	7	1856
2	8	-176
2	9	256
2	10	96
2	11	-1056
2	12	-1184
2	13	-464
2	14	-96
2	15	416
2	16	2336
2	17	-336
2	18	816
2	19	176
3	4	176
3	5	-1536
3	6	976
3	7	-16
3	8	-3264
3	9	-1616
3	10	-1456
3	11	-784
3	12	-1776
3	13	-896
3	14	1456
3	15	-176
3	16	1104
3	17	96
3	18	-576
3	19	64
4	5	1776
4	6	384
4	7	256
4	8	-176
4	9	256
4	10	1696
4	11	2144
4	12	416
4	13	-464
4	14	-1696
4	15	-1184
4	16	736
4	17	1264
4	18	816
4	19	176
5	6	-624
5	7	-1616
5	8	1536
5	9	1584
5	10	1744
5	11	2416
5	12	1424
5	13	704
5	14	-1744
5	15	-1776
5	16	-496
5	17	1696
5	18	1024
5	19	64
6	7	1056
6	8	-976
6	9	1056
6	10	-704
6	11	-256
6	12	-384
6	13	336
6	14	-896
6	15	-384
6	16	1536
6	17	464
6	18	1616
6	19	-624
7	8	16
7	9	-96
7	10	64
7	11	-704
7	12	-256
7	13	-976
7	14	-64
7	15	1344
7	16	1024
7	17	-1424
7	18	-656
7	19	-16
8	9	1616
8	10	1456
8	11	784
8	12	1776
8	13	896
8	14	-1456
8	15	176
8	16	-1104
8	17	-96
8	18	576
8	19	-64
9	10	64
9	11	896
9	12	1344
9	13	624
9	14	-1664
9	15	-256
9	16	-576
9	17	176
9	18	944
9	19	-1616
10	11	2336
10	12	-96
10	13	-816
10	14	-1824
10	15	-96
10	16	1184
10	17	1616
10	18	1104
10	19	144
11	12	1056
11	13	176
11	14	-2336
11	15	-544
11	16	-224
11	17	2224
11	18	1456
11	19	-784
12	13	2064
12	14	-1504
12	15	-416
12	16	-2336
12	17	336
12	18	784
12	19	-176
13	14	-784
13	15	-1136
13	16	-1456
13	17	1056
13	18	1664
13	19	704
14	15	96
14	16	416
14	17	-1616
14	18	-2704
14	19	1456
15	16	-736
15	17	-1264
15	18	-816
15	19	-1776
16	17	656
16	18	464
16	19	1104
17	18	2336
17	19	96
18	19	-576
