0	1	-472
0	2	416
0	3	928
0	4	-88
0	5	-640
0	6	304
0	7	-1480
0	8	-32
0	9	136
0	10	24
0	11	-24
0	12	192
0	13	24
1	2	-368
1	3	928
1	4	-88
1	5	-640
1	6	304
1	7	872
1	8	752
1	9	920
1	10	24
1	11	-808
1	12	192
1	13	808
2	3	584
2	4	144
2	5	1368
2	6	536
2	7	-144
2	8	-696
2	9	-80
2	10	-752
2	11	-32
2	12	648
2	13	32
3	4	864
3	5	-24
3	6	1256
3	7	-80
3	8	1704
3	9	-480
3	10	-592
3	11	-192
3	12	360
3	13	976
4	5	80
4	6	256
4	7	-648
4	8	592
4	9	-1928
4	10	-248
4	11	1032
4	12	368
4	13	-248
5	6	-312
5	7	-80
5	8	-648
5	9	-480
5	10	-592
5	11	-192
5	12	1144
5	13	976
6	7	528
6	8	200
6	9	32
6	10	144
6	11	640
6	12	-808
6	13	144
7	8	192
7	9	360
7	10	1032
7	11	-248
7	12	-368
7	13	248
8	9	-416
8	10	-304
8	11	304
8	12	312
8	13	480
9	10	-472
9	11	-1096
9	12	-640
9	13	312
10	11	360
10	12	-528
10	13	-360
11	12	-256
11	13	-424
12	13	256
