0	1	152
0	2	-576
0	3	-1608
0	4	-208
0	5	632
0	6	712
0	7	-72
0	8	-544
0	9	-464
0	10	320
0	11	-688
0	12	-128
0	13	1216
1	2	-208
1	3	40
1	4	992
1	5	152
1	6	72
1	7	72
1	8	544
1	9	-1104
1	10	464
1	11	-96
1	12	128
1	13	352
2	3	880
2	4	-520
2	5	208
2	6	-768
2	7	800
2	8	600
2	9	-1160
2	10	408
2	11	-936
2	12	856
2	13	-488
3	4	-880
3	5	-40
3	6	-968
3	7	600
3	8	-432
3	9	-576
3	10	208
3	11	-16
3	12	-240
3	13	-464
4	5	-992
4	6	-16
4	7	-16
4	8	1752
4	9	376
4	10	376
4	11	936
4	12	-72
4	13	488
5	6	-72
5	7	712
5	8	-544
5	9	-464
5	10	1104
5	11	-688
5	12	-128
5	13	432
6	7	-488
6	8	-464
6	9	-96
6	10	-880
6	11	-656
6	12	352
6	13	-992
7	8	1104
7	9	-880
7	10	688
7	11	-656
7	12	352
7	13	576
8	9	-72
8	10	712
8	11	-296
8	12	1048
8	13	40
9	10	-488
9	11	1304
9	12	-824
9	13	-600
10	11	-1048
10	12	-40
10	13	968
11	12	-1384
11	13	408
12	13	-936
