0	1	-572
0	2	908
0	3	68
0	4	-572
0	5	1108
0	6	-1020
0	7	-716
0	8	-1220
0	9	-12
0	10	404
0	11	1356
0	12	460
0	13	-460
1	2	-436
1	3	292
1	4	772
1	5	884
1	6	324
1	7	1076
1	8	572
1	9	-1020
1	10	628
1	11	12
1	12	684
1	13	100
2	3	-628
2	4	-436
2	5	236
2	6	12
2	7	156
2	8	-908
2	9	572
2	10	-180
2	11	-348
2	12	-236
2	13	-1332
3	4	1076
3	5	964
3	6	740
3	7	212
3	8	716
3	9	-1836
3	10	-124
3	11	-292
3	12	-180
3	13	964
4	5	100
4	6	-460
4	7	1076
4	8	1356
4	9	-236
4	10	-156
4	11	12
4	12	-100
4	13	884
5	6	-348
5	7	180
5	8	460
5	9	-1692
5	10	516
5	11	684
5	12	-212
5	13	212
6	7	740
6	8	236
6	9	-684
6	10	-492
6	11	-1108
6	12	-436
6	13	-348
7	8	1500
7	9	-268
7	10	-908
7	11	-292
7	12	-964
7	13	180
8	9	-772
8	10	-1188
8	11	212
8	12	-1244
8	13	1244
9	10	68
9	11	236
9	12	124
9	13	-908
10	11	156
10	12	1052
10	13	-268
11	12	100
11	13	684
12	13	-212
