0	1	1156
0	2	-972
0	3	-540
0	4	36
0	5	-204
0	6	-652
0	7	-916
0	8	1140
0	9	300
0	10	-524
0	11	-580
0	12	148
0	13	-692
1	2	-636
1	3	692
1	4	-412
1	5	244
1	6	-204
1	7	204
1	8	804
1	9	-36
1	10	-972
1	11	-1028
1	12	1268
1	13	-1140
2	3	468
2	4	596
2	5	804
2	6	1140
2	7	428
2	8	-204
2	9	-260
2	10	820
2	11	-20
2	12	-76
2	13	-132
3	4	244
3	5	708
3	6	372
3	7	412
3	8	-636
3	9	-1364
3	10	20
3	11	76
3	12	132
3	13	-596
4	5	1364
4	6	132
4	7	-132
4	8	356
4	9	300
4	10	1044
4	11	204
4	12	-636
4	13	92
5	6	820
5	7	748
5	8	-188
5	9	-132
5	10	1140
5	11	412
5	12	-316
5	13	-260
6	7	1084
6	8	-524
6	9	-468
6	10	692
6	11	-36
6	12	804
6	13	-708
7	8	-260
7	9	468
7	10	92
7	11	36
7	12	-20
7	13	-76
8	9	876
8	10	132
8	11	-596
8	12	244
8	13	300
9	10	76
9	11	132
9	12	188
9	13	244
10	11	428
10	12	-412
10	13	316
11	12	-468
11	13	260
12	13	-1364
