0	1	2516
0	2	-8860
0	3	-6404
0	4	-11012
0	5	6260
0	6	-3236
0	7	-5548
0	8	6556
0	9	9292
0	10	-212
0	11	15908
0	12	-356
0	13	4972
0	14	11300
0	15	-7556
0	16	6412
0	17	-932
0	18	-1516
0	19	-5828
0	20	9436
0	21	-2516
0	22	2228
0	23	3676
0	24	-508
0	25	1516
0	26	-4540
0	27	1508
0	28	1796
0	29	10156
0	30	644
0	31	-2092
0	32	-6404
0	33	-7268
0	34	-13604
0	35	-1796
1	2	3244
1	3	6836
1	4	-4108
1	5	-6692
1	6	-1516
1	7	-5252
1	8	-11308
1	9	-3676
1	10	-4540
1	11	9580
1	12	11156
1	13	5828
1	14	-1364
1	15	7988
1	16	9572
1	17	1364
1	18	1084
1	19	6260
1	20	6548
1	21	2948
1	22	-2660
1	23	-8428
1	24	-5108
1	25	9284
1	26	-6260
1	27	8428
1	28	-2228
1	29	644
1	30	-6260
1	31	6844
1	32	1652
1	33	-7852
1	34	3668
1	35	-8140
2	3	11012
2	4	5252
2	5	-500
2	6	-2524
2	7	11308
2	8	-1948
2	9	10868
2	10	4820
2	11	220
2	12	-220
2	13	-5548
2	14	10012
2	15	6980
2	16	3380
2	17	-4828
2	18	-3092
2	19	68
2	20	356
2	21	1940
2	22	-6836
2	23	6116
2	24	-4100
2	25	3092
2	26	-68
2	27	-6116
2	28	3964
2	29	-364
2	30	-5252
2	31	13036
2	32	11012
2	33	-3676
2	34	2660
2	35	6404
3	4	220
3	5	212
3	6	2812
3	7	-6412
3	8	7420
3	9	-5396
3	10	652
3	11	-508
3	12	5692
3	13	-4532
3	14	68
3	15	3676
3	16	-3092
3	17	5116
3	18	-12748
3	19	10588
3	20	-5252
3	21	8716
3	22	-3820
3	23	-11012
3	24	3812
3	25	-7988
3	26	-220
3	27	644
3	28	11300
3	29	-14900
3	30	-220
3	31	7412
3	32	10012
3	33	-1220
3	34	-7556
3	35	-932
4	5	-364
4	6	8572
4	7	8564
4	8	7996
4	9	-4820
4	10	1228
4	11	-1084
4	12	1084
4	13	6412
4	14	-10876
4	15	-932
4	16	-2516
4	17	-4676
4	18	2228
4	19	796
4	20	508
4	21	-6260
4	22	788
4	23	-5252
4	24	8420
4	25	-7412
4	26	9572
4	27	-5116
4	28	-4828
4	29	-3956
4	30	-5980
4	31	12020
4	32	220
4	33	-5828
4	34	13756
4	35	-5540
5	6	2228
5	7	6556
5	8	2804
5	9	68
5	10	9572
5	11	-9716
5	12	-11020
5	13	4388
5	14	10444
5	15	-3820
5	16	2948
5	17	10292
5	18	2524
5	19	-364
5	20	5108
5	21	6692
5	22	-1220
5	23	-4684
5	24	6700
5	25	2660
5	26	-10004
5	27	4684
5	28	-788
5	29	-796
5	30	364
5	31	3100
5	32	212
5	33	6260
5	34	-2956
5	35	788
6	7	11156
6	8	5404
6	9	-7412
6	10	3820
6	11	6692
6	12	3676
6	13	-11732
6	14	-13468
6	15	-8708
6	16	76
6	17	-7268
6	18	-5548
6	19	-1796
6	20	8284
6	21	-3668
6	22	3380
6	23	2524
6	24	5828
6	25	5548
6	26	1796
6	27	-7708
6	28	2948
6	29	-16916
6	30	6980
6	31	9428
6	32	2812
6	33	7132
6	34	796
6	35	-2948
7	8	1364
7	9	8996
7	10	8132
7	11	2092
7	12	-2092
7	13	-2236
7	14	1516
7	15	-10444
7	16	6692
7	17	-6700
7	18	3964
7	19	3380
7	20	14036
7	21	-10300
7	22	220
7	23	4244
7	24	-7412
7	25	11588
7	26	1804
7	27	-9428
7	28	-4532
7	29	-2236
7	30	6988
7	31	14908
7	32	9140
7	33	10004
7	34	788
7	35	4532
8	9	7564
8	10	3244
8	11	7268
8	12	-2084
8	13	-7124
8	14	-2524
8	15	-9284
8	16	-10868
8	17	2524
8	18	212
8	19	-2372
8	20	7708
8	21	-9428
8	22	-1228
8	23	1948
8	24	-3964
8	25	-15764
8	26	-2812
8	27	-7132
8	28	3524
8	29	-7124
8	30	12740
8	31	4820
8	32	2236
8	33	-3812
8	34	-10148
8	35	-3524
9	10	796
9	11	14900
9	12	-4532
9	13	796
9	14	5108
9	15	-11732
9	16	2236
9	17	-5108
9	18	7844
9	19	-4820
9	20	10444
9	21	-6692
9	22	-9148
9	23	9868
9	24	-17068
9	25	-2660
9	26	4820
9	27	-9868
9	28	-4396
9	29	5980
9	30	4820
9	31	2084
9	32	4972
9	33	-6260
9	34	-2228
9	35	-5972
10	11	-1516
10	12	-3668
10	13	1660
10	14	4244
10	15	-10868
10	16	-2084
10	17	-9428
10	18	-3388
10	19	-3956
10	20	-4244
10	21	-5828
10	22	356
10	23	-10004
10	24	-2380
10	25	8572
10	26	-6412
10	27	-364
10	28	-76
10	29	1660
10	30	3956
10	31	6404
10	32	5836
10	33	4972
10	34	-1364
10	35	5260
11	12	8996
11	13	3668
11	14	-4388
11	15	-9724
11	16	7412
11	17	-16348
11	18	3244
11	19	-6268
11	20	9572
11	21	-9580
11	22	-10868
11	23	-220
11	24	-13316
11	25	1940
11	26	1084
11	27	-4964
11	28	5116
11	29	3668
11	30	1084
11	31	3820
11	32	4676
11	33	-10012
11	34	-3676
11	35	-10300
12	13	6700
12	14	-5980
12	15	-5828
12	16	-2228
12	17	-9572
12	18	7124
12	19	1084
12	20	5980
12	21	-5972
12	22	-4684
12	23	220
12	24	-2236
12	25	-1940
12	26	-1084
12	27	10148
12	28	68
12	29	-3668
12	30	-1084
12	31	6548
12	32	5692
12	33	-356
12	34	8860
12	35	-15620
13	14	-940
13	15	-5684
13	16	13468
13	17	940
13	18	12164
13	19	1228
13	20	-4244
13	21	-644
13	22	356
13	23	-15188
13	24	2804
13	25	-1796
13	26	3956
13	27	10004
13	28	-5260
13	29	12028
13	30	-6412
13	31	1220
13	32	-4532
13	33	-212
13	34	9004
13	35	-10292
14	15	6404
14	16	7988
14	17	-220
14	18	-7700
14	19	4676
14	20	-5404
14	21	6548
14	22	-1076
14	23	5540
14	24	1660
14	25	2516
14	26	-15044
14	27	-356
14	28	4540
14	29	9428
14	30	-9860
14	31	3244
14	32	-5116
14	33	6116
14	34	-13468
14	35	11012
15	16	940
15	17	9148
15	18	-1228
15	19	-6116
15	20	-6404
15	21	7564
15	22	2516
15	23	3388
15	24	4964
15	25	1228
15	26	-9436
15	27	6980
15	28	7268
15	29	4684
15	30	-14620
15	31	-1804
15	32	-6692
15	33	-7556
15	34	1660
15	35	13468
16	17	-2804
16	18	5540
16	19	2668
16	20	2380
16	21	796
16	22	-1084
16	23	-8564
16	24	1364
16	25	10012
16	26	-2668
16	27	3380
16	28	3668
16	29	8284
16	30	-7852
16	31	4964
16	32	-8276
16	33	6412
16	34	76
16	35	1516
17	18	2516
17	19	5692
17	20	220
17	21	9004
17	22	11444
17	23	-5540
17	24	8708
17	25	-2516
17	26	-508
17	27	356
17	28	-4540
17	29	940
17	30	-508
17	31	1940
17	32	-5252
17	33	-932
17	34	-7268
17	35	-644
18	19	-13324
18	20	12884
18	21	-6268
18	22	-3812
18	23	-2092
18	24	-11444
18	25	5252
18	26	-2228
18	27	12460
18	28	-3380
18	29	12164
18	30	2956
18	31	508
18	32	2804
18	33	-1516
18	34	10004
18	35	-6988
19	20	-4676
19	21	9292
19	22	788
19	23	-10436
19	24	8420
19	25	-2228
19	26	4388
19	27	-5116
19	28	-4828
19	29	-9140
19	30	-796
19	31	1652
19	32	220
19	33	4540
19	34	-6980
19	35	-5540
20	21	-11732
20	22	1076
20	23	10012
20	24	-12028
20	25	2668
20	26	-5692
20	27	356
20	28	-4540
20	29	-4244
20	30	9860
20	31	7124
20	32	-68
20	33	-6116
20	34	3100
20	35	-5828
21	22	-2524
21	23	-7124
21	24	15476
21	25	1084
21	26	6260
21	27	7124
21	28	7412
21	29	4540
21	30	-4108
21	31	-6844
21	32	8716
21	33	-2516
21	34	-8852
21	35	2956
22	23	1652
22	24	5548
22	25	3812
22	26	-788
22	27	-6836
22	28	-7124
22	29	356
22	30	-788
22	31	7132
22	32	-14188
22	33	7412
22	34	-6988
22	35	7124
23	24	-6268
23	25	-8276
23	26	-5116
23	27	-9436
23	28	1220
23	29	-4820
23	30	5252
23	31	-2668
23	32	-5828
23	33	-1508
23	34	2524
23	35	9148
24	25	-4108
24	26	7132
24	27	1084
24	28	796
24	29	-2380
24	30	-8420
24	31	-500
24	32	-6556
24	33	-508
24	34	644
24	35	-796
25	26	-2956
25	27	3092
25	28	-1804
25	29	8572
25	30	-2956
25	31	4676
25	32	7564
25	33	6700
25	34	-4820
25	35	6988
26	27	-5252
26	28	-5540
26	29	3956
26	30	796
26	31	-1652
26	32	10148
26	33	-4540
26	34	6980
26	35	-10012
27	28	-1220
27	29	4820
27	30	5116
27	31	-12884
27	32	5828
27	33	1508
27	34	7844
27	35	-3964
28	29	-76
28	30	-5540
28	31	2380
28	32	6116
28	33	-3388
28	34	-12604
28	35	17060
29	30	-11596
29	31	1220
29	32	652
29	33	-5396
29	34	-1364
29	35	76
30	31	-12020
30	32	10148
30	33	5828
30	34	-3388
30	35	356
31	32	2228
31	33	3092
31	34	-940
31	35	-2380
32	33	-1220
32	34	-2372
32	35	-932
33	34	-3236
33	35	3388
34	35	-13316
