0	1	5744
0	2	-3616
0	3	4304
0	4	5744
0	5	1168
0	6	-4480
0	7	-3008
0	8	1856
0	9	3040
0	10	-9952
0	11	4336
0	12	-3008
0	13	272
0	14	8480
0	15	12976
0	16	-3472
0	17	-880
0	18	-592
0	19	-6496
0	20	1136
0	21	-4912
0	22	5168
0	23	592
0	24	304
0	25	-2032
0	26	1024
0	27	3152
0	28	-6064
0	29	-6208
0	30	-8048
0	31	8656
0	32	2720
0	33	7504
0	34	-736
0	35	-1280
1	2	-1888
1	3	-9520
1	4	-2896
1	5	4624
1	6	-2752
1	7	5632
1	8	3584
1	9	6496
1	10	2144
1	11	7792
1	12	448
1	13	7184
1	14	5024
1	15	-9488
1	16	-6928
1	17	6032
1	18	1136
1	19	-4768
1	20	-2320
1	21	-8368
1	22	1712
1	23	-6320
1	24	8944
1	25	-304
1	26	-5888
1	27	-10672
1	28	848
1	29	704
1	30	-4592
1	31	-3440
1	32	-5920
1	33	5776
1	34	6176
1	35	2176
2	3	1856
2	4	-7072
2	5	3616
2	6	3440
2	7	-560
2	8	4592
2	9	5488
2	10	3152
2	11	11968
2	12	4624
2	13	-2176
2	14	848
2	15	10240
2	16	-736
2	17	1856
2	18	-3040
2	19	6608
2	20	-11680
2	21	-7360
2	22	2720
2	23	-2144
2	24	-2432
2	25	-4480
2	26	3472
2	27	-9664
2	28	1856
2	29	-3472
2	30	9952
2	31	-4448
2	32	15824
2	33	-15968
2	34	2000
2	35	-4016
3	4	6032
3	5	-4304
3	6	992
3	7	7072
3	8	-8224
3	9	-7616
3	10	704
3	11	4048
3	12	1888
3	13	-4624
3	14	-11968
3	15	12688
3	16	12368
3	17	-5776
3	18	-10672
3	19	-1024
3	20	-8944
3	21	5744
3	22	10640
3	23	-4880
3	24	-5168
3	25	-12112
3	26	-9632
3	27	-1744
3	28	-592
3	29	-736
3	30	7216
3	31	13552
3	32	13376
3	33	2032
3	34	-448
3	35	-6752
4	5	9808
4	6	-2752
4	7	5632
4	8	-1600
4	9	1312
4	10	-3040
4	11	-2576
4	12	448
4	13	2000
4	14	-10528
4	15	6064
4	16	3440
4	17	11216
4	18	1136
4	19	-9952
4	20	-2320
4	21	-3184
4	22	1712
4	23	-1136
4	24	-1424
4	25	10064
4	26	-5888
4	27	10064
4	28	848
4	29	-4480
4	30	592
4	31	-3440
4	32	-736
4	33	5776
4	34	-9376
4	35	12544
5	6	-704
5	7	-2176
5	8	-1856
5	9	2144
5	10	-416
5	11	848
5	12	8192
5	13	4912
5	14	1888
5	15	-2608
5	16	-6896
5	17	11248
5	18	5776
5	19	-3872
5	20	9232
5	21	-272
5	22	5200
5	23	-592
5	24	4880
5	25	7216
5	26	-1024
5	27	-3152
5	28	880
5	29	-4160
5	30	2864
5	31	-8656
5	32	2464
5	33	-2320
5	34	-4448
5	35	6464
6	7	304
6	8	-6640
6	9	-14384
6	10	2288
6	11	7648
6	12	-4880
6	13	-3040
6	14	-5200
6	15	736
6	16	-6784
6	17	992
6	18	1280
6	19	10928
6	20	-7360
6	21	7328
6	22	7040
6	23	9088
6	24	3616
6	25	-10528
6	26	-848
6	27	-5344
6	28	-4192
6	29	6032
6	30	16000
6	31	6784
6	32	-592
6	33	448
6	34	1136
6	35	-8336
7	8	-6032
7	9	1136
7	10	592
7	11	-160
7	12	-8368
7	13	11104
7	14	-12656
7	15	1568
7	16	9664
7	17	-3296
7	18	-3584
7	19	-8048
7	20	-128
7	21	5920
7	22	6208
7	23	-11968
7	24	9056
7	25	8224
7	26	-7216
7	27	-7328
7	28	1888
7	29	2032
7	30	1856
7	31	704
7	32	-1712
7	33	1856
7	34	1744
7	35	272
8	9	5200
8	10	-1744
8	11	-3872
8	12	-848
8	13	3296
8	14	-4048
8	15	4768
8	16	-5632
8	17	2144
8	18	-2752
8	19	-3472
8	20	-6208
8	21	-12256
8	22	-7360
8	23	2752
8	24	2464
8	25	992
8	26	-2000
8	27	-4192
8	28	17696
8	29	-18736
8	30	-704
8	31	-9920
8	32	560
8	33	-5888
8	34	2288
8	35	880
9	10	1456
9	11	-6208
9	12	11504
9	13	6784
9	14	14128
9	15	-4480
9	16	5344
9	17	2752
9	18	2464
9	19	-12368
9	20	5920
9	21	-8768
9	22	1888
9	23	-7648
9	24	3008
9	25	9088
9	26	-2896
9	27	-1280
9	28	-2432
9	29	-2288
9	30	-4192
9	31	-5344
9	32	4336
9	33	-9376
9	34	-2576
9	35	14960
10	11	2752
10	12	592
10	13	-3328
10	14	-304
10	15	1024
10	16	3296
10	17	11072
10	18	-4192
10	19	-4912
10	20	2720
10	21	1856
10	22	6752
10	23	14560
10	24	-6464
10	25	-10816
10	26	4624
10	27	-5632
10	28	704
10	29	10928
10	30	11104
10	31	-3296
10	32	-6064
10	33	11104
10	34	11216
10	35	-2864
11	12	-160
11	13	-7472
11	14	-128
11	15	9776
11	16	-8912
11	17	14416
11	18	3760
11	19	9664
11	20	-13520
11	21	-2288
11	22	-2000
11	23	1424
11	24	-3472
11	25	-5168
11	26	11360
11	27	16
11	28	-6320
11	29	9376
11	30	4880
11	31	3728
11	32	10816
11	33	-5488
11	34	9088
11	35	-7072
12	13	-9632
12	14	13264
12	15	-3616
12	16	4480
12	17	1888
12	18	17152
12	19	2320
12	20	-5312
12	21	5920
12	22	1024
12	23	-1600
12	24	9056
12	25	3040
12	26	-7216
12	27	-7328
12	28	1888
12	29	2032
12	30	-3328
12	31	-4480
12	32	13840
12	33	-3328
12	34	-3440
12	35	10640
13	14	-10816
13	15	1168
13	16	-2032
13	17	560
13	18	-9520
13	19	-10240
13	20	7760
13	21	1712
13	22	6608
13	23	-6032
13	24	4048
13	25	4592
13	26	-416
13	27	-5776
13	28	10928
13	29	-15136
13	30	-4304
13	31	2032
13	32	-6208
13	33	-4304
13	34	704
13	35	7648
14	15	-7040
14	16	-4192
14	17	-6784
14	18	14240
14	19	3152
14	20	5600
14	21	-448
14	22	-736
14	23	6496
14	24	-4160
14	25	-2752
14	26	1744
14	27	2432
14	28	-11968
14	29	8624
14	30	-12512
14	31	-992
14	32	2000
14	33	3040
14	34	-1456
14	35	9808
15	16	-272
15	17	2320
15	18	2032
15	19	2752
15	20	-10064
15	21	6352
15	22	1456
15	23	8336
15	24	-6928
15	25	-6896
15	26	2720
15	27	8656
15	28	7504
15	29	-7904
15	30	6608
15	31	5456
15	32	9088
15	33	1424
15	34	-3008
15	35	-5344
16	17	-8368
16	18	-2896
16	19	1568
16	20	-1168
16	21	3152
16	22	-2320
16	23	-7472
16	24	-7760
16	25	-4336
16	26	-1856
16	27	848
16	28	-3184
16	29	-3328
16	30	-560
16	31	10960
16	32	416
16	33	-5744
16	34	-3040
16	35	6208
17	18	-304
17	19	-6208
17	20	6608
17	21	-4624
17	22	-4912
17	23	5488
17	24	5200
17	25	8624
17	26	11104
17	27	-1744
17	28	-592
17	29	4448
17	30	12400
17	31	-12368
17	32	3008
17	33	2032
17	34	4736
17	35	-1568
18	19	9632
18	20	-3472
18	21	11216
18	22	-4624
18	23	5200
18	24	4912
18	25	8912
18	26	448
18	27	8912
18	28	-304
18	29	4736
18	30	-8624
18	31	-2288
18	32	-1888
18	33	1744
18	34	-10528
18	35	8512
19	20	-9376
19	21	128
19	22	-10528
19	23	736
19	24	-4736
19	25	-7360
19	26	6352
19	27	3008
19	28	-6208
19	29	4016
19	30	2464
19	31	3616
19	32	2576
19	33	-7904
19	34	-6064
19	35	-6320
20	21	2576
20	22	2288
20	23	3472
20	24	3184
20	25	10640
20	26	9088
20	27	272
20	28	-8944
20	29	1280
20	30	16
20	31	-4016
20	32	-5344
20	33	5200
20	34	-3616
20	35	1600
21	22	1424
21	23	4336
21	24	4048
21	25	-5776
21	26	-416
21	27	4592
21	28	560
21	29	5600
21	30	880
21	31	7216
21	32	4160
21	33	6064
21	34	-4480
21	35	2464
22	23	4624
22	24	-848
22	25	-6064
22	26	-5312
22	27	-6064
22	28	272
22	29	128
22	30	1168
22	31	12688
22	32	-1312
22	33	6352
22	34	416
22	35	2752
23	24	-10096
23	25	-8912
23	26	4736
23	27	6640
23	28	304
23	29	448
23	30	-1744
23	31	2288
23	32	-8480
23	33	13808
23	34	10528
23	35	1856
24	25	16720
24	26	-10528
24	27	-14384
24	28	5200
24	29	160
24	30	3728
24	31	-12976
24	32	6784
24	33	3728
24	34	-128
24	35	-3040
25	26	1888
25	27	2288
25	28	3440
25	29	-1888
25	30	-7184
25	31	-16400
25	32	-3328
25	33	-2000
25	34	-6784
25	35	4768
26	27	7072
26	28	-4448
26	29	6064
26	30	3008
26	31	1856
26	32	-2864
26	33	-7360
26	34	592
26	35	-3760
27	28	-6928
27	29	3296
27	30	-7184
27	31	9520
27	32	-8512
27	33	-2000
27	34	-6784
27	35	9952
28	29	-16288
28	30	2032
28	31	-7184
28	32	-2176
28	33	2032
28	34	-448
28	35	-1568
29	30	7360
29	31	-1856
29	32	-2320
29	33	7360
29	34	4592
29	35	-6608
30	31	-4624
30	32	8800
30	33	-3472
30	34	-3296
30	35	-15424
31	32	-416
31	33	-4624
31	34	3040
31	35	4160
32	33	-11936
32	34	-2032
32	35	16
33	34	1888
33	35	-5056
34	35	-1712
