0	1	10936
0	2	568
0	3	-7064
0	4	-2168
0	5	-7336
0	6	-7192
0	7	-3176
0	8	280
0	9	-1880
0	10	3032
0	11	-5624
0	12	10360
0	13	10216
0	14	-13528
0	15	440
0	16	440
0	17	8
0	18	1160
0	19	-7768
0	20	3448
0	21	7784
0	22	-4024
0	23	2008
0	24	5480
0	25	-8632
0	26	-2744
0	27	728
0	28	7928
0	29	-856
0	30	7624
0	31	-2440
0	32	4600
0	33	10088
0	34	-1448
0	35	-9368
1	2	3896
1	3	-4024
1	4	1448
1	5	-7496
1	6	-2456
1	7	2456
1	8	4184
1	9	6344
1	10	8056
1	11	-10648
1	12	-712
1	13	-568
1	14	-6488
1	15	280
1	16	-4904
1	17	712
1	18	4744
1	19	-7064
1	20	6200
1	21	8488
1	22	-5624
1	23	2456
1	24	10792
1	25	-1016
1	26	-3160
1	27	-8
1	28	8344
1	29	-8792
1	30	-8344
1	31	8344
1	32	5048
1	33	1000
1	34	-9640
1	35	-12088
2	3	-4024
2	4	1448
2	5	8056
2	6	-2456
2	7	-7912
2	8	-1000
2	9	-4024
2	10	2872
2	11	-280
2	12	-712
2	13	-10936
2	14	-1304
2	15	-10088
2	16	5464
2	17	-4472
2	18	-440
2	19	-1880
2	20	-9352
2	21	-1880
2	22	4744
2	23	2456
2	24	10792
2	25	-6200
2	26	2024
2	27	5176
2	28	-2024
2	29	1576
2	30	2024
2	31	3160
2	32	5048
2	33	-9368
2	34	-4456
2	35	-1720
3	4	-1288
3	5	5608
3	6	15832
3	7	-5464
3	8	1448
3	9	8792
3	10	5608
3	11	7352
3	12	-3448
3	13	7064
3	14	11800
3	15	-12536
3	16	3016
3	17	-12104
3	18	-2888
3	19	6040
3	20	3464
3	21	-4328
3	22	-2888
3	23	-5464
3	24	3160
3	25	-8648
3	26	-712
3	27	13096
3	28	11080
3	29	4312
3	30	-712
3	31	11080
3	32	-13240
3	33	-6632
3	34	3176
3	35	11096
4	5	136
4	6	-8
4	7	10376
4	8	6920
4	9	-1288
4	10	136
4	11	-13096
4	12	-8344
4	13	-3016
4	14	-4040
4	15	7912
4	16	-2456
4	17	-7208
4	18	-3176
4	19	568
4	20	8936
4	21	-9800
4	22	7192
4	23	-5176
4	24	2872
4	25	1432
4	26	-5608
4	27	7624
4	28	-4760
4	29	4024
4	30	-5608
4	31	5608
4	32	2600
4	33	3448
4	34	-6904
4	35	-4168
5	6	872
5	7	-872
5	8	-2600
5	9	-4760
5	10	728
5	11	7048
5	12	2296
5	13	-8216
5	14	10088
5	15	-7048
5	16	-12232
5	17	-7480
5	18	-1144
5	19	10664
5	20	568
5	21	-4888
5	22	4040
5	23	-872
5	24	-7192
5	25	-568
5	26	-440
5	27	-1576
5	28	440
5	29	-3160
5	30	9928
5	31	5624
5	32	-8648
5	33	2600
5	34	856
5	35	13672
6	7	-11384
6	8	2440
6	9	5464
6	10	-9496
6	11	1720
6	12	-3032
6	13	2008
6	14	10232
6	15	-12088
6	16	-6904
6	17	-2152
6	18	-1000
6	19	10808
6	20	424
6	21	440
6	22	-1000
6	23	-1016
6	24	-1864
6	25	4760
6	26	14968
6	27	3752
6	28	584
6	29	2168
6	30	4600
6	31	5768
6	32	-8792
6	33	-7624
6	34	-9656
6	35	13528
7	8	-7624
7	9	-5464
7	10	4312
7	11	3464
7	12	3032
7	13	-2008
7	14	136
7	15	22456
7	16	-3464
7	17	-8216
7	18	-4184
7	19	4744
7	20	9944
7	21	4744
7	22	11368
7	23	1016
7	24	1864
7	25	424
7	26	-14968
7	27	6616
7	28	-584
7	29	-7352
7	30	584
7	31	-584
7	32	-1576
7	33	-2744
7	34	4472
7	35	-8344
8	9	11816
8	10	-2600
8	11	-15544
8	12	-424
8	13	-10648
8	14	-1592
8	15	-5192
8	16	5176
8	17	424
8	18	-728
8	19	8200
8	20	6488
8	21	-2168
8	22	-11096
8	23	2744
8	24	136
8	25	-1304
8	26	-2872
8	27	-296
8	28	2872
8	29	6472
8	30	-8056
8	31	-7496
8	32	152
8	33	11080
8	34	-14536
8	35	-1432
9	10	5608
9	11	-8200
9	12	6920
9	13	1880
9	14	6616
9	15	3016
9	16	3016
9	17	-6920
9	18	2296
9	19	-4328
9	20	-1720
9	21	6040
9	22	-18440
9	23	-280
9	24	3160
9	25	1720
9	26	-5896
9	27	7912
9	28	16264
9	29	9496
9	30	-5896
9	31	-9656
9	32	-8056
9	33	-6632
9	34	-7192
9	35	-4456
10	11	1864
10	12	7480
10	13	7336
10	14	-280
10	15	3320
10	16	3320
10	17	-7480
10	18	-6328
10	19	296
10	20	10936
10	21	15848
10	22	-6328
10	23	-6056
10	24	8360
10	25	-5752
10	26	-15992
10	27	3608
10	28	5624
10	29	-13528
10	30	-5624
10	31	-4744
10	32	1720
10	33	2600
10	34	11224
10	35	-12248
11	12	5480
11	13	440
11	14	8056
11	15	-5912
11	16	-5912
11	17	-5480
11	18	-1448
11	19	7480
11	20	-3160
11	21	2296
11	22	8920
11	23	-1720
11	24	-5768
11	25	3160
11	26	-2152
11	27	-1016
11	28	7336
11	29	-9800
11	30	3032
11	31	7336
11	32	-4312
11	33	-5192
11	34	12104
11	35	4472
12	13	5192
12	14	3304
12	15	4888
12	16	-5480
12	17	-5048
12	18	-1016
12	19	2728
12	20	1592
12	21	13096
12	22	4168
12	23	-2152
12	24	-152
12	25	3592
12	26	-2584
12	27	-584
12	28	7768
12	29	-9368
12	30	-2584
12	31	-7784
12	32	-4744
12	33	5608
12	34	1304
12	35	4040
13	14	3160
13	15	4744
13	16	-440
13	17	5176
13	18	-1160
13	19	-12968
13	20	1736
13	21	2584
13	22	-1160
13	23	-7192
13	24	-296
13	25	-6920
13	26	-2440
13	27	-728
13	28	2440
13	29	856
13	30	2744
13	31	2440
13	32	-9784
13	33	280
13	34	6632
13	35	-1000
14	15	-2872
14	16	-13240
14	17	1880
14	18	-2152
14	19	4472
14	20	-3608
14	21	-5896
14	22	3032
14	23	5320
14	24	2168
14	25	3608
14	26	5752
14	27	7784
14	28	-5752
14	29	1016
14	30	568
14	31	4616
14	32	-7640
14	33	-3592
14	34	1864
14	35	9496
15	16	728
15	17	296
15	18	-8920
15	19	-2296
15	20	3160
15	21	8072
15	22	1448
15	23	1720
15	24	584
15	25	2024
15	26	-8216
15	27	1016
15	28	-2152
15	29	-5752
15	30	2152
15	31	-12520
15	32	-872
15	33	-5176
15	34	-1736
15	35	-14840
16	17	296
16	18	-8920
16	19	2888
16	20	-2024
16	21	2888
16	22	-8920
16	23	1720
16	24	584
16	25	-8344
16	26	-8216
16	27	6200
16	28	3032
16	29	4616
16	30	-3032
16	31	-12520
16	32	-872
16	33	-10360
16	34	3448
16	35	-4472
17	18	6200
17	19	-2728
17	20	3592
17	21	-2728
17	22	-4168
17	23	12520
17	24	-5032
17	25	1592
17	26	7768
17	27	-14968
17	28	-18136
17	29	-1000
17	30	-2600
17	31	-2584
17	32	4744
17	33	9944
17	34	-1304
17	35	1144
18	19	-11944
18	20	2440
18	21	-6760
18	22	-3016
18	23	-4184
18	24	-3880
18	25	2744
18	26	1432
18	27	-3448
18	28	-1432
18	29	10520
18	30	1432
18	31	8936
18	32	8776
18	33	11096
18	34	2728
18	35	5176
19	20	16552
19	21	5048
19	22	-1576
19	23	4744
19	24	-7624
19	25	4184
19	26	-8
19	27	-2008
19	28	8
19	29	-13960
19	30	5176
19	31	-5176
19	32	-8216
19	33	2168
19	34	-9080
19	35	8920
20	21	6184
20	22	-2744
20	23	-424
20	24	-1880
20	25	-3320
20	26	-11224
20	27	-2312
20	28	856
20	29	-11096
20	30	-856
20	31	856
20	32	-3016
20	33	14248
20	34	-2152
20	35	584
21	22	-6760
21	23	4744
21	24	2744
21	25	-1000
21	26	-10376
21	27	-7192
21	28	5192
21	29	-13960
21	30	-8
21	31	-15544
21	32	2152
21	33	-3016
21	34	1288
21	35	-11816
22	23	-4184
22	24	1304
22	25	2744
22	26	6616
22	27	1736
22	28	-6616
22	29	-5032
22	30	-3752
22	31	8936
22	32	-1592
22	33	-4456
22	34	2728
22	35	10360
23	24	-3320
23	25	424
23	26	-4600
23	27	-3752
23	28	-5768
23	29	-2168
23	30	-4600
23	31	-5768
23	32	-1576
23	33	-2744
23	34	-11080
23	35	-3160
24	25	-18856
24	26	2296
24	27	11240
24	28	-2296
24	29	4472
24	30	-2888
24	31	8072
24	32	9640
24	33	-5320
24	34	3592
24	35	-9512
25	26	6040
25	27	-2872
25	28	-856
25	29	-9640
25	30	-4328
25	31	-6040
25	32	3016
25	33	1304
25	34	-3032
25	35	4600
26	27	-3320
26	28	-10520
26	29	3448
26	30	5336
26	31	5032
26	32	3176
26	33	-2312
26	34	-6328
26	35	11960
27	28	8504
27	29	4904
27	30	7048
27	31	3320
27	32	-1160
27	33	-10072
27	34	8344
27	35	424
28	29	-3448
28	30	-152
28	31	152
28	32	-13544
28	33	-8056
28	34	-4040
28	35	-1592
29	30	3448
29	31	1736
29	32	424
29	33	-1288
29	34	-440
29	35	2008
30	31	-5336
30	32	-2008
30	33	-2312
30	34	4040
30	35	1592
31	32	2008
31	33	2312
31	34	1144
31	35	8776
32	33	10216
32	34	7064
32	35	-10936
33	34	4168
33	35	1432
34	35	296
