0	1	16556
0	2	10516
0	3	1436
0	4	-2452
0	5	5044
0	6	5908
0	7	-11228
0	8	-2452
0	9	-7924
0	10	-5900
0	11	-12676
0	12	1300
0	13	1876
0	14	-1444
0	15	8212
0	16	1580
0	17	8060
0	18	-12380
0	19	-148
0	20	-5756
0	21	-7204
0	22	-3892
0	23	-13388
0	24	10364
0	25	716
0	26	12380
0	27	2012
0	28	-10076
0	29	1300
0	30	-3020
0	31	3164
0	32	8068
0	33	-2300
0	34	7636
0	35	2452
1	2	4748
1	3	-1148
1	4	-7628
1	5	10220
1	6	14540
1	7	-4612
1	8	2740
1	9	8212
1	10	-4756
1	11	-12956
1	12	-6772
1	13	8204
1	14	-13820
1	15	1868
1	16	-11660
1	17	2596
1	18	-8644
1	19	436
1	20	284
1	21	-13244
1	22	-6188
1	23	-2452
1	24	21028
1	25	4756
1	26	8644
1	27	-1724
1	28	-10948
1	29	3596
1	30	-2452
1	31	2308
1	32	-3172
1	33	-3172
1	34	7628
1	35	-2740
2	3	-4
2	4	6476
2	5	11668
2	6	-3020
2	7	-9788
2	8	-9076
2	9	6188
2	10	724
2	11	-3748
2	12	2740
2	13	3316
2	14	-8068
2	15	-11084
2	16	140
2	17	11804
2	18	-572
2	19	-1588
2	20	-4316
2	21	-3460
2	22	-148
2	23	-1580
2	24	3740
2	25	-11092
2	26	10940
2	27	10940
2	28	-3452
2	29	2740
2	30	-11948
2	31	1724
2	32	4324
2	33	-860
2	34	-1292
2	35	-1292
3	4	7492
3	5	5468
3	6	-580
3	7	-4180
3	8	-2876
3	9	2596
3	10	860
3	11	-8204
3	12	4028
3	13	-6916
3	14	-3884
3	15	2300
3	16	3460
3	17	2164
3	18	12524
3	19	-5180
3	20	-4468
3	21	12244
3	22	-6620
3	23	3164
3	24	-140
3	25	4324
3	26	-2156
3	27	-2156
3	28	-5332
3	29	4028
3	30	-2020
3	31	7060
3	32	7628
3	33	7628
3	34	2876
3	35	8060
4	5	1580
4	6	-14836
4	7	2300
4	8	-4172
4	9	6484
4	10	7340
4	11	868
4	12	5324
4	13	-15988
4	14	-5180
4	15	-6772
4	16	-3020
4	17	6052
4	18	8636
4	19	-6476
4	20	12380
4	21	5764
4	22	7636
4	23	9644
4	24	-11804
4	25	-2156
4	26	-3452
4	27	-3452
4	28	1148
4	29	10508
4	30	-11092
4	31	580
4	32	8924
4	33	-1444
4	34	-6196
4	35	4172
5	6	7060
5	7	-15260
5	8	-3604
5	9	6476
5	10	436
5	11	-13828
5	12	-2732
5	13	3028
5	14	2588
5	15	-11372
5	16	428
5	17	6908
5	18	9508
5	19	3884
5	20	-4604
5	21	2012
5	22	-5044
5	23	3316
5	24	9212
5	25	-436
5	26	860
5	27	-4324
5	28	-19292
5	29	2452
5	30	-1868
5	31	-3172
5	32	4036
5	33	4036
5	34	-6764
5	35	-1580
6	7	-4028
6	8	11084
6	9	-4756
6	10	-9068
6	11	-9508
6	12	-7052
6	13	3892
6	14	-8644
6	15	-140
6	16	-436
6	17	-4324
6	18	-5180
6	19	8204
6	20	-8924
6	21	-4036
6	22	-5908
6	23	-11372
6	24	13532
6	25	-1300
6	26	-4
6	27	-4
6	28	-13244
6	29	3316
6	30	14548
6	31	1148
6	32	-5468
6	33	-284
6	34	4468
6	35	-5900
7	8	2300
7	9	2012
7	10	-5468
7	11	7628
7	12	-3452
7	13	-8060
7	14	-1876
7	15	3460
7	16	-4036
7	17	-2740
7	18	-1580
7	19	-10948
7	20	5044
7	21	7916
7	22	860
7	23	2596
7	24	-5620
7	25	284
7	26	1580
7	27	-8788
7	28	11092
7	29	-3452
7	30	-2588
7	31	7916
7	32	3316
7	33	3316
7	34	-2300
7	35	-2300
8	9	-3884
8	10	-8212
8	11	11236
8	12	140
8	13	-436
8	14	4
8	15	3596
8	16	-3020
8	17	-9500
8	18	-6916
8	19	3892
8	20	7196
8	21	580
8	22	-2732
8	23	-724
8	24	-1436
8	25	-2156
8	26	-8636
8	27	-8636
8	28	-4036
8	29	10508
8	30	14828
8	31	580
8	32	-16996
8	33	3740
8	34	4172
8	35	-1012
9	10	7052
9	11	-4028
9	12	-148
9	13	4460
9	14	-4892
9	15	-7060
9	16	-7916
9	17	1156
9	18	3164
9	19	-6188
9	20	17276
9	21	-4316
9	22	-2444
9	23	14540
9	24	4036
9	25	-12236
9	26	-3164
9	27	-3164
9	28	860
9	29	-148
9	30	-6196
9	31	6052
9	32	-12100
9	33	3452
9	34	-6484
9	35	-11668
10	11	2300
10	12	7060
10	13	-2732
10	14	3164
10	15	-17132
10	16	6188
10	17	-8068
10	18	8932
10	19	4460
10	20	4
10	21	2588
10	22	716
10	23	2740
10	24	4604
10	25	140
10	26	1436
10	27	1436
10	28	868
10	29	-3308
10	30	-7628
10	31	-18148
10	32	-1724
10	33	-6908
10	34	3028
10	35	8212
11	12	10652
11	13	4892
11	14	5044
11	15	-1444
11	16	-3164
11	17	-9644
11	18	-1588
11	19	-1436
11	20	7340
11	21	5620
11	22	2308
11	23	4604
11	24	-11948
11	25	-2300
11	26	1588
11	27	1588
11	28	11660
11	29	284
11	30	4604
11	31	436
11	32	-6484
11	33	3884
11	34	-6052
11	35	4316
12	13	-716
12	14	6332
12	15	-4748
12	16	4172
12	17	284
12	18	10948
12	19	2444
12	20	-3164
12	21	5756
12	22	-1300
12	23	4756
12	24	-7780
12	25	3308
12	26	-580
12	27	4604
12	28	-2300
12	29	-1292
12	30	-10796
12	31	-4612
12	32	292
12	33	5476
12	34	-5324
12	35	5044
13	14	-4612
13	15	-4172
13	16	-1588
13	17	4892
13	18	1156
13	19	-3316
13	20	-7772
13	21	-5188
13	22	-7060
13	23	148
13	24	12380
13	25	-7636
13	26	4028
13	27	9212
13	28	-1724
13	29	-11084
13	30	148
13	31	5180
13	32	-9500
13	33	6052
13	34	436
13	35	-4748
14	15	4604
14	16	11524
14	17	-10508
14	18	-724
14	19	8068
14	20	3020
14	21	4756
14	22	1444
14	23	5468
14	24	-7628
14	25	2020
14	26	-4460
14	27	-4460
14	28	-3028
14	29	-4036
14	30	284
14	31	-5612
14	32	-436
14	33	9932
14	34	-5188
14	35	5180
15	16	-2740
15	17	-1444
15	18	-13244
15	19	716
15	20	3748
15	21	-1156
15	22	-3028
15	23	-3884
15	24	-9508
15	25	1580
15	26	-2308
15	27	-7492
15	28	4612
15	29	-4748
15	30	6484
15	31	9212
15	32	2020
15	33	-3164
15	34	1588
15	35	-8780
16	17	2020
16	18	7484
16	19	-140
16	20	-9508
16	21	6916
16	22	-11948
16	23	-1876
16	24	-284
16	25	-1004
16	26	-2300
16	27	2884
16	28	-5188
16	29	-11380
16	30	-1876
16	31	-8636
16	32	2588
16	33	2588
16	34	8204
16	35	8204
17	18	3596
17	19	-11804
17	20	-8212
17	21	-4748
17	22	-8060
17	23	-580
17	24	-6764
17	25	-2300
17	26	6772
17	27	1588
17	28	-3892
17	29	284
17	30	-5764
17	31	5620
17	32	9068
17	33	-1300
17	34	-6052
17	35	-6052
18	19	572
18	20	-11660
18	21	9068
18	22	2012
18	23	6628
18	24	716
18	25	6620
18	26	-12820
18	27	-2452
18	28	-10796
18	29	-4604
18	30	-14108
18	31	-6484
18	32	2164
18	33	12532
18	34	-3452
18	35	6916
19	20	-6052
19	21	-1724
19	22	5332
19	23	-3604
19	24	-3740
19	25	724
19	26	-5756
19	27	4612
19	28	-6916
19	29	12812
19	30	1580
19	31	-12092
19	32	-4324
19	33	860
19	34	1292
19	35	1292
20	21	-2740
20	22	5756
20	23	13252
20	24	-5908
20	25	-5188
20	26	-3892
20	27	-3892
20	28	11380
20	29	7204
20	30	2884
20	31	7628
20	32	-6764
20	33	-1580
20	34	-2012
20	35	-7196
21	22	-13532
21	23	4892
21	24	-7052
21	25	-2588
21	26	-3884
21	27	1300
21	28	6764
21	29	-4612
21	30	-5476
21	31	5332
21	32	9356
21	33	-1012
21	34	4604
21	35	4604
22	23	-2164
22	24	4
22	25	4468
22	26	-2012
22	27	-2012
22	28	-292
22	29	9068
22	30	-2164
22	31	-3164
22	32	2300
22	33	7484
22	34	-7636
22	35	2732
23	24	-8644
23	25	-2740
23	26	-6628
23	27	8924
23	28	3748
23	29	-428
23	30	-9932
23	31	4892
23	32	-4028
23	33	6340
23	34	724
23	35	-4460
24	25	580
24	26	4468
24	27	-716
24	28	-11956
24	29	-7780
24	30	-3460
24	31	-1868
24	32	-4180
24	33	1004
24	34	11804
24	35	6620
25	26	-1436
25	27	-1436
25	28	4316
25	29	3308
25	30	-2740
25	31	-7772
25	32	12092
25	33	1724
25	34	2156
25	35	7340
26	27	7636
26	28	428
26	29	-580
26	30	3740
26	31	-3884
26	32	13388
26	33	-2164
26	34	-1732
26	35	3452
27	28	10796
27	29	-580
27	30	-6628
27	31	1300
27	32	3020
27	33	-2164
27	34	13820
27	35	-1732
28	29	-2300
28	30	-1436
28	31	6764
28	32	4468
28	33	-11084
28	34	4036
28	35	-6332
29	30	4756
29	31	572
29	32	292
29	33	5476
29	34	-5324
29	35	5044
30	31	-292
30	32	-9212
30	33	-4028
30	34	-4460
30	35	-4460
31	32	4172
31	33	9356
31	34	-580
31	35	-10948
32	33	1876
32	34	-3740
32	35	1444
33	34	-8924
33	35	1444
34	35	6196
