0	1	-3304
0	2	-5768
0	3	10360
0	4	-424
0	5	-8920
0	6	6632
0	7	-4904
0	8	-5336
0	9	-1448
0	10	-136
0	11	856
0	12	-8056
0	13	-1880
0	14	1880
0	15	5912
0	16	424
0	17	-3880
0	18	728
0	19	-280
0	20	-1720
0	21	-8360
0	22	-5320
0	23	-16696
0	24	-5336
0	25	-11944
0	26	-296
0	27	-1288
0	28	-4904
0	29	5176
0	30	-4888
0	31	-9368
0	32	-3160
0	33	8504
0	34	-5320
0	35	10792
1	2	3304
1	3	-1304
1	4	6056
1	5	13112
1	6	2744
1	7	4168
1	8	3736
1	9	-7928
1	10	-9208
1	11	4744
1	12	3608
1	13	2008
1	14	-2008
1	15	-3160
1	16	-6056
1	17	-2584
1	18	2024
1	19	-14536
1	20	-424
1	21	-4472
1	22	-4024
1	23	5336
1	24	14104
1	25	-10648
1	26	-1592
1	27	5192
1	28	-1016
1	29	-1304
1	30	-8776
1	31	-5480
1	32	3320
1	33	-5752
1	34	-4024
1	35	-872
2	3	8
2	4	-9944
2	5	-1448
2	6	3736
2	7	10088
2	8	5336
2	9	1448
2	10	136
2	11	-6040
2	12	13240
2	13	1880
2	14	3304
2	15	-5912
2	16	-424
2	17	-1304
2	18	9640
2	19	5464
2	20	6904
2	21	-2008
2	22	10504
2	23	11512
2	24	5336
2	25	11944
2	26	-4888
2	27	11656
2	28	-280
2	29	5192
2	30	-296
2	31	-1000
2	32	-7208
2	33	-3320
2	34	-5048
2	35	4760
3	4	-4184
3	5	4312
3	6	-6056
3	7	-856
3	8	-5608
3	9	-4312
3	10	5896
3	11	3752
3	12	-6920
3	13	-9064
3	14	-6488
3	15	10216
3	16	-6184
3	17	-728
3	18	5032
3	19	-4328
3	20	12664
3	21	7784
3	22	-4472
3	23	-13832
3	24	4760
3	25	-3032
3	26	-10648
3	27	7048
3	28	-11224
3	29	-5752
3	30	-4904
3	31	-6760
3	32	-1448
3	33	2440
3	34	-4472
3	35	9368
4	5	5624
4	6	440
4	7	1288
4	8	-9512
4	9	-5624
4	10	-1144
4	11	1864
4	12	-3880
4	13	9496
4	14	872
4	15	-5464
4	16	-8936
4	17	5480
4	18	-280
4	19	-6472
4	20	2456
4	21	-2168
4	22	-6328
4	23	-2152
4	24	6040
4	25	-7768
4	26	11080
4	27	-7480
4	28	1288
4	29	-4184
4	30	-11080
4	31	-3176
4	32	6200
4	33	-13240
4	34	-11512
4	35	-3752
5	6	2312
5	7	4600
5	8	-6200
5	9	-2312
5	10	728
5	11	5176
5	12	8360
5	13	2440
5	14	-2440
5	15	-3592
5	16	-440
5	17	-3016
5	18	-8776
5	19	-9784
5	20	4328
5	21	6328
5	22	-9640
5	23	4904
5	24	9352
5	25	-11080
5	26	4024
5	27	9944
5	28	-584
5	29	-6056
5	30	1160
5	31	136
5	32	2888
5	33	-6184
5	34	728
5	35	-440
6	7	-5768
6	8	4168
6	9	8056
6	10	-4456
6	11	-5192
6	12	-2008
6	13	2440
6	14	2744
6	15	-3592
6	16	9928
6	17	2168
6	18	1592
6	19	-4600
6	20	-11224
6	21	1144
6	22	728
6	23	4904
6	24	-1016
6	25	-11080
6	26	-1160
6	27	4760
6	28	-584
6	29	4312
6	30	-4024
6	31	-5048
6	32	2888
6	33	-1000
6	34	728
6	35	9928
7	8	9656
7	9	584
7	10	6184
7	11	8648
7	12	14104
7	13	6200
7	14	-1016
7	15	-10232
7	16	-11656
7	17	4744
7	18	-5048
7	19	1144
7	20	12952
7	21	-8056
7	22	-4184
7	23	7192
7	24	-5896
7	25	2440
7	26	4616
7	27	12520
7	28	-1144
7	29	-856
7	30	-4616
7	31	-7048
7	32	4024
7	33	-12824
7	34	6184
7	35	-6472
8	9	1016
8	10	568
8	11	3896
8	12	3304
8	13	1448
8	14	-1448
8	15	-296
8	16	4328
8	17	-872
8	18	10072
8	19	712
8	20	-3032
8	21	-7624
8	22	5752
8	23	1576
8	24	-10648
8	25	2008
8	26	-5320
8	27	12088
8	28	9656
8	29	4760
8	30	5320
8	31	-6616
8	32	-1592
8	33	2296
8	34	5752
8	35	-6040
9	10	-5912
9	11	-10360
9	12	2008
9	13	-7624
9	14	7624
9	15	3592
9	16	5624
9	17	8200
9	18	-1592
9	19	-584
9	20	856
9	21	4040
9	22	9640
9	23	280
9	24	-9352
9	25	-4472
9	26	-4024
9	27	424
9	28	584
9	29	-9496
9	30	-1160
9	31	-136
9	32	2296
9	33	-4184
9	34	-728
9	35	5624
10	11	1576
10	12	1592
10	13	9208
10	14	6344
10	15	-5176
10	16	1144
10	17	5768
10	18	-5176
10	19	9368
10	20	-2440
10	21	2728
10	22	-11224
10	23	-1864
10	24	-9800
10	25	8072
10	26	5608
10	27	3176
10	28	1000
10	29	712
10	30	-424
10	31	6904
10	32	1304
10	33	2600
10	34	-856
10	35	1144
11	12	4312
11	13	5624
11	14	-10808
11	15	5896
11	16	-17416
11	17	136
11	18	5896
11	19	-3464
11	20	3160
11	21	-8632
11	22	-3608
11	23	-2600
11	24	9080
11	25	-7352
11	26	9224
11	27	7912
11	28	-6904
11	29	3752
11	30	1144
11	31	-2440
11	32	-5768
11	33	3304
11	34	11944
11	35	-1864
12	13	6760
12	14	-1576
12	15	-13096
12	16	-6488
12	17	-12520
12	18	2456
12	19	1448
12	20	8
12	21	-10088
12	22	1592
12	23	10952
12	24	3304
12	25	152
12	26	3160
12	27	5624
12	28	-1448
12	29	3448
12	30	12392
12	31	-728
12	32	-1432
12	33	-5320
12	34	-3592
12	35	-1304
13	14	-3176
13	15	-7208
13	16	872
13	17	12952
13	18	3160
13	19	9352
13	20	-9944
13	21	-712
13	22	-1160
13	23	10216
13	24	-3736
13	25	-4904
13	26	17144
13	27	-8
13	28	6200
13	29	1304
13	30	8776
13	31	296
13	32	-3320
13	33	5752
13	34	-1160
13	35	-4312
14	15	-3160
14	16	4312
14	17	2600
14	18	-8344
14	19	-9352
14	20	4760
14	21	-4472
14	22	1160
14	23	-10216
14	24	-1448
14	25	10088
14	26	3592
14	27	-5176
14	28	9352
14	29	3880
14	30	-3592
14	31	-296
14	32	3320
14	33	-5752
14	34	-4024
14	35	4312
15	16	-4904
15	17	1448
15	18	872
15	19	-136
15	20	8792
15	21	7048
15	22	8
15	23	-16552
15	24	-296
15	25	-1432
15	26	-440
15	27	4040
15	28	-5048
15	29	5032
15	30	-4744
15	31	856
15	32	-8200
15	33	8648
15	34	10376
15	35	10648
16	17	-296
16	18	280
16	19	6472
16	20	-12824
16	21	7352
16	22	6328
16	23	2152
16	24	-11224
16	25	2584
16	26	-5896
16	27	2296
16	28	9080
16	29	-1000
16	30	11080
16	31	3176
16	32	-1016
16	33	8056
16	34	1144
16	35	3752
17	18	-3736
17	19	5624
17	20	-1000
17	21	11656
17	22	584
17	23	4760
17	24	-6056
17	25	-856
17	26	9352
17	27	-568
17	28	-440
17	29	-11096
17	30	-9352
17	31	280
17	32	2744
17	33	-1144
17	34	5768
17	35	-296
18	19	-5320
18	20	-1576
18	21	-8504
18	22	20744
18	23	-1000
18	24	10072
18	25	-1432
18	26	-10808
18	27	4040
18	28	136
18	29	-152
18	30	5624
18	31	-4328
18	32	-13384
18	33	3464
18	34	-10360
18	35	280
19	20	-7768
19	21	8056
19	22	-6184
19	23	8360
19	24	-14840
19	25	7928
19	26	10936
19	27	3032
19	28	-4040
19	29	856
19	30	4616
19	31	7048
19	32	1160
19	33	7640
19	34	4184
19	35	1288
20	21	-872
20	22	-2440
20	23	-8632
20	24	7336
20	25	11672
20	26	-3176
20	27	6776
20	28	-2600
20	29	2296
20	30	-7192
20	31	-1880
20	32	-280
20	33	-9352
20	34	-2440
20	35	2728
21	22	-7640
21	23	3736
21	24	-2440
21	25	-1016
21	26	-2296
21	27	3880
21	28	-2872
21	29	-12952
21	30	-2888
21	31	-3592
21	32	568
21	33	4456
21	34	2728
21	35	2168
22	23	3320
22	24	5752
22	25	2888
22	26	-9944
22	27	-2008
22	28	6184
22	29	-4472
22	30	9944
22	31	1720
22	32	-14248
22	33	-2584
22	34	-856
22	35	-4040
23	24	1576
23	25	1880
23	26	1432
23	27	2168
23	28	2008
23	29	-3464
23	30	3752
23	31	7912
23	32	296
23	33	-3592
23	34	3320
23	35	-8216
24	25	-3176
24	26	-136
24	27	1720
24	28	-11080
24	29	-424
24	30	-5048
24	31	3752
24	32	-1592
24	33	-8072
24	34	-4616
24	35	-856
25	26	-3320
25	27	-3448
25	28	7624
25	29	12520
25	30	3320
25	31	8344
25	32	-136
25	33	1160
25	34	2888
25	35	2584
26	27	1576
26	28	-568
26	29	-280
26	30	-5192
26	31	3896
26	32	8632
26	33	2152
26	34	5608
26	35	-712
27	28	2152
27	29	1864
27	30	-1576
27	31	-7496
27	32	-5032
27	33	1448
27	34	8360
27	35	2296
28	29	4328
28	30	10936
28	31	-7048
28	32	-11528
28	33	7912
28	34	1000
28	35	-6472
29	30	5464
29	31	3608
29	32	-1448
29	33	7624
29	34	5896
29	35	4184
30	31	1288
30	32	-13816
30	33	8216
30	34	4760
30	35	-4472
31	32	4744
31	33	-1736
31	34	1720
31	35	-7192
32	33	-5608
32	34	-3880
32	35	-1016
33	34	2600
33	35	2872
34	35	1144
