0	1	9060
0	2	-1020
0	3	-1140
0	4	10212
0	5	9924
0	6	5340
0	7	1164
0	8	-708
0	9	132
0	10	-4332
0	11	2028
0	12	-7188
0	13	11076
0	14	-2436
0	15	-12228
0	16	7188
0	17	-732
0	18	5484
0	19	4044
0	20	-5172
0	21	2460
0	22	-2436
0	23	6348
0	24	-8796
0	25	5172
0	26	1452
0	27	3180
0	28	-8364
0	29	-1716
0	30	5052
0	31	2892
0	32	3588
0	33	8628
0	34	3468
0	35	276
1	2	1308
1	3	852
1	4	5628
1	5	-4452
1	6	4740
1	7	3732
1	8	420
1	9	5340
1	10	-564
1	11	-2316
1	12	1716
1	13	-5604
1	14	-8220
1	15	1572
1	16	-1716
1	17	1020
1	18	-10956
1	19	6036
1	20	-5484
1	21	-2748
1	22	2148
1	23	3732
1	24	-6468
1	25	10668
1	26	13812
1	27	1716
1	28	3468
1	29	6612
1	30	5028
1	31	7188
1	32	-3300
1	33	7212
1	34	11796
1	35	5196
2	3	-9228
2	4	156
2	5	444
2	6	5028
2	7	-1164
2	8	5892
2	9	10236
2	10	-6036
2	11	-2028
2	12	-3180
2	13	-708
2	14	2436
2	15	1860
2	16	-7188
2	17	-4452
2	18	4884
2	19	11508
2	20	-12
2	21	2724
2	22	-2748
2	23	-1164
2	24	-1572
2	25	5196
2	26	8916
2	27	-3180
2	28	-7188
2	29	-3468
2	30	10500
2	31	-8076
2	32	1596
2	33	1740
2	34	6900
2	35	-276
3	4	2004
3	5	6900
3	6	-7188
3	7	-996
3	8	2316
3	9	2292
3	10	3012
3	11	-5316
3	12	1020
3	13	-2316
3	14	-4596
3	15	-4020
3	16	4164
3	17	6612
3	18	-7044
3	19	1884
3	20	3036
3	21	5484
3	22	-4596
3	23	-996
3	24	-6636
3	25	12516
3	26	9660
3	27	11388
3	28	4164
3	29	-3876
3	30	2892
3	31	732
3	32	-4620
3	33	420
3	34	-3876
3	35	7620
4	5	4764
4	6	708
4	7	15252
4	8	6756
4	9	9372
4	10	-6900
4	11	4020
4	12	2868
4	13	3612
4	14	-1884
4	15	-2460
4	16	2316
4	17	5052
4	18	564
4	19	2004
4	20	-9516
4	21	-1596
4	22	-1884
4	23	4884
4	24	-2436
4	25	4332
4	26	4596
4	27	8052
4	28	-2868
4	29	2580
4	30	-4188
4	31	-2028
4	32	-9636
4	33	-4308
4	34	-7788
4	35	-6324
5	6	420
5	7	-10956
5	8	1284
5	9	-5892
5	10	-1428
5	11	8916
5	12	-7788
5	13	-1284
5	14	-2172
5	15	-13116
5	16	2604
5	17	156
5	18	5460
5	19	1716
5	20	5748
5	21	8484
5	22	-12540
5	23	-588
5	24	-12516
5	25	-564
5	26	4308
5	27	7764
5	28	-7764
5	29	-8076
5	30	5892
5	31	-7500
5	32	6204
5	33	6348
5	34	2292
5	35	-11220
6	7	-4884
6	8	-6756
6	9	11364
6	10	-3468
6	11	-4020
6	12	-8052
6	13	1572
6	14	1884
6	15	-13092
6	16	-7500
6	17	132
6	18	4620
6	19	-7188
6	20	4332
6	21	1596
6	22	1884
6	23	-10068
6	24	7620
6	25	-4332
6	26	588
6	27	12684
6	28	-2316
6	29	7788
6	30	4188
6	31	-8340
6	32	-732
6	33	-11244
6	34	-2580
6	35	1140
7	8	-564
7	9	-12
7	10	708
7	11	-3012
7	12	-1860
7	13	5748
7	14	2892
7	15	13836
7	16	7044
7	17	9492
7	18	444
7	19	-996
7	20	156
7	21	-2580
7	22	-2292
7	23	6492
7	24	1428
7	25	-156
7	26	-3588
7	27	-1860
7	28	1860
7	29	-1572
7	30	-10356
7	31	3036
7	32	-17292
7	33	-1884
7	34	-6756
7	35	5316
8	9	-3324
8	10	2580
8	11	5484
8	12	-3732
8	13	2436
8	14	6204
8	15	1596
8	16	8916
8	17	-9372
8	18	3756
8	19	7500
8	20	-6900
8	21	-4452
8	22	6204
8	23	-564
8	24	3300
8	25	6900
8	26	-10644
8	27	-8916
8	28	3732
8	29	6924
8	30	3324
8	31	1164
8	32	-5052
8	33	-12
8	34	-8628
8	35	2004
9	10	-7188
9	11	4308
9	12	8340
9	13	-1860
9	14	3588
9	15	-2172
9	16	-3156
9	17	4764
9	18	-9516
9	19	7476
9	20	-4044
9	21	-6492
9	22	-1596
9	23	-5196
9	24	-2724
9	25	9228
9	26	15252
9	27	13524
9	28	-3156
9	29	-2316
9	30	-3900
9	31	-6924
9	32	-4740
9	33	-14964
9	34	2868
9	35	-1428
10	11	-10524
10	12	3876
10	13	-2580
10	14	4308
10	15	8916
10	16	-3876
10	17	4044
10	18	6756
10	19	3012
10	20	1860
10	21	-588
10	22	-11244
10	23	708
10	24	-8628
10	25	8508
10	26	-4764
10	27	-6492
10	28	-9060
10	29	-1596
10	30	7188
10	31	4164
10	32	4908
10	33	-132
10	34	3588
10	35	3036
11	12	9372
11	13	-300
11	14	-1428
11	15	-6036
11	16	11364
11	17	3444
11	18	-3876
11	19	-132
11	20	-4164
11	21	-12084
11	22	3756
11	23	-3012
11	24	-4620
11	25	-6204
11	26	-2724
11	27	-996
11	28	-4188
11	29	-11076
11	30	-9492
11	31	-1284
11	32	-7788
11	33	7620
11	34	4476
11	35	-11100
12	13	-1452
12	14	-5460
12	15	300
12	16	-5340
12	17	7476
12	18	-7908
12	19	-4164
12	20	-8196
12	21	-10932
12	22	-276
12	23	3324
12	24	-5772
12	25	3012
12	26	3612
12	27	156
12	28	-5340
12	29	444
12	30	-3156
12	31	-132
12	32	-3756
12	33	6468
12	34	10812
12	35	-1884
13	14	4164
13	15	-11964
13	16	1452
13	17	-16548
13	18	6612
13	19	-2316
13	20	6900
13	21	9636
13	22	-1020
13	23	-9804
13	24	1884
13	25	-6900
13	26	-4908
13	27	-6636
13	28	-3732
13	29	3444
13	30	7044
13	31	-1164
13	32	5052
13	33	-5172
13	34	-6924
13	35	8364
14	15	-132
14	16	276
14	17	-2460
14	18	2028
14	19	588
14	20	1740
14	21	-6180
14	22	-5892
14	23	-2292
14	24	-5340
14	25	3444
14	26	-2004
14	27	-10644
14	28	276
14	29	5196
14	30	-3588
14	31	-10932
14	32	1860
14	33	-13836
14	34	-5172
14	35	8916
15	16	4884
15	17	7332
15	18	-2580
15	19	6348
15	20	2316
15	21	-5604
15	22	5052
15	23	8652
15	24	-732
15	25	2868
15	26	-1428
15	27	-4884
15	28	4884
15	29	-9780
15	30	-13380
15	31	5196
15	32	-3900
15	33	1140
15	34	588
15	35	3156
16	17	2892
16	18	-7644
16	19	4164
16	20	3012
16	21	-4620
16	22	5460
16	23	7044
16	24	-4596
16	25	2172
16	26	-13980
16	27	5028
16	28	156
16	29	-10812
16	30	-7212
16	31	10500
16	32	-11796
16	33	3900
16	34	-5628
16	35	1884
17	18	-5196
17	19	-3756
17	20	-10092
17	21	-7356
17	22	-7644
17	23	4308
17	24	-12228
17	25	-276
17	26	4020
17	27	12660
17	28	-7476
17	29	-8364
17	30	-9948
17	31	2580
17	32	-9060
17	33	1452
17	34	7188
17	35	-564
18	19	-7044
18	20	4476
18	21	1740
18	22	-3156
18	23	444
18	24	2292
18	25	-9660
18	26	-9636
18	27	-7908
18	28	2724
18	29	-2436
18	30	4332
18	31	-3012
18	32	9492
18	33	4164
18	34	-7620
18	35	-4188
19	20	-2148
19	21	-4884
19	22	-4596
19	23	4188
19	24	-11820
19	25	17700
19	26	9660
19	27	1020
19	28	-1020
19	29	-3876
19	30	2892
19	31	732
19	32	564
19	33	420
19	34	6492
19	35	7620
20	21	1452
20	22	1740
20	23	156
20	24	2580
20	25	-4188
20	26	-4740
20	27	2172
20	28	3012
20	29	-7908
20	30	-6324
20	31	-8484
20	32	-5772
20	33	-732
20	34	-7908
20	35	6468
21	22	-6180
21	23	-12948
21	24	132
21	25	-1452
21	26	8076
21	27	-564
21	28	564
21	29	-276
21	30	16860
21	31	4332
21	32	12516
21	33	-3180
21	34	-276
21	35	-1164
22	23	2892
22	24	15396
22	25	-6924
22	26	-7188
22	27	-5460
22	28	10644
22	29	12
22	30	-8772
22	31	-564
22	32	-8508
22	33	6900
22	34	-5172
22	35	8916
23	24	1428
23	25	5028
23	26	-8772
23	27	3324
23	28	-3324
23	29	3612
23	30	-5172
23	31	-7332
23	32	-6924
23	33	13668
23	34	-1572
23	35	5316
24	25	-7764
24	26	-14412
24	27	-588
24	28	5772
24	29	14676
24	30	-2460
24	31	-5484
24	32	-6180
24	33	-6036
24	34	-16428
24	35	-2868
25	26	9924
25	27	3012
25	28	-3012
25	29	2724
25	30	6324
25	31	3300
25	32	-4596
25	33	732
25	34	2724
25	35	3900
26	27	3612
26	28	1572
26	29	-6468
26	30	5484
26	31	-1860
26	32	8340
26	33	-2172
26	34	14268
26	35	-156
27	28	-5340
27	29	444
27	30	-3156
27	31	-5316
27	32	-3756
27	33	-9084
27	34	-4740
27	35	-1884
28	29	4740
28	30	-7212
28	31	5316
28	32	-1428
28	33	-1284
28	34	-5628
28	35	7068
29	30	7500
29	31	-5028
29	32	1140
29	33	-9372
29	34	-9636
29	35	8196
30	31	1740
30	32	15108
30	33	4596
30	34	7500
30	35	1428
31	32	1716
31	33	1572
31	34	156
31	35	-6780
32	33	-2868
32	34	6324
32	35	-4884
33	34	16548
33	35	444
34	35	-2172
