0	1	-5052
0	2	-2892
0	3	3468
0	4	2316
0	5	2436
0	6	-8076
0	7	4308
0	8	-17724
0	9	1284
0	10	5052
0	11	6900
0	12	-732
0	13	-12516
0	14	-2868
0	15	13836
0	16	-8220
0	17	12372
0	18	11652
0	19	-4020
0	20	3612
0	21	-732
0	22	-1164
0	23	-2748
0	24	-5316
0	25	-10380
0	26	6324
0	27	4188
0	28	732
0	29	-2028
0	30	-7788
0	31	2004
0	32	-2748
0	33	564
0	34	-2580
0	35	-3756
1	2	6612
1	3	4332
1	4	-2004
1	5	-3612
1	6	-3756
1	7	3444
1	8	7332
1	9	-4764
1	10	732
1	11	852
1	12	3588
1	13	-11652
1	14	3180
1	15	9516
1	16	6468
1	17	-9228
1	18	5604
1	19	2028
1	20	4476
1	21	-6780
1	22	-7212
1	23	1572
1	24	-4452
1	25	4308
1	26	5460
1	27	10236
1	28	-3588
1	29	-13260
1	30	12084
1	31	-4044
1	32	1572
1	33	-5484
1	34	13836
1	35	564
2	3	2172
2	4	-9348
2	5	-6636
2	6	-1596
2	7	420
2	8	4308
2	9	-2604
2	10	14124
2	11	-12540
2	12	564
2	13	-3444
2	14	1020
2	15	-3012
2	16	3444
2	17	-1884
2	18	2580
2	19	-132
2	20	2316
2	21	564
2	22	5316
2	23	3732
2	24	-1428
2	25	1284
2	26	2436
2	27	8076
2	28	-564
2	29	-11100
2	30	9060
2	31	-12252
2	32	-1452
2	33	1860
2	34	6492
2	35	-2460
3	4	-1596
3	5	2028
3	6	-8196
3	7	-5028
3	8	6636
3	9	3180
3	10	6036
3	11	7932
3	12	12
3	13	-12684
3	14	-1596
3	15	12804
3	16	-2868
3	17	2460
3	18	8364
3	19	-444
3	20	-8076
3	21	5196
3	22	-4740
3	23	7212
3	24	-9516
3	25	4476
3	26	-7044
3	27	-3468
3	28	5172
3	29	-9060
3	30	7068
3	31	7644
3	32	17580
3	33	-16836
3	34	13668
3	35	-2148
4	5	876
4	6	1020
4	7	-996
4	8	10668
4	9	-3156
4	10	-13548
4	11	1596
4	12	-6324
4	13	-1164
4	14	-5628
4	15	3588
4	16	1164
4	17	1308
4	18	-3156
4	19	708
4	20	-12108
4	21	4044
4	22	4476
4	23	-4308
4	24	2004
4	25	8508
4	26	-8196
4	27	2868
4	28	-4044
4	29	10524
4	30	-14820
4	31	11676
4	32	-4308
4	33	-2436
4	34	4452
4	35	7068
5	6	3732
5	7	-9804
5	8	-11100
5	9	-2460
5	10	-11940
5	11	-2028
5	12	-9660
5	13	1596
5	14	11244
5	15	2028
5	16	-6780
5	17	-6924
5	18	-7644
5	19	4908
5	20	-3012
5	21	5892
5	22	276
5	23	-6492
5	24	-1572
5	25	-3756
5	26	2580
5	27	-12804
5	28	4476
5	29	-588
5	30	4020
5	31	3444
5	32	9060
5	33	-3180
5	34	-14388
5	35	2868
6	7	420
6	8	4308
6	9	-2604
6	10	-1428
6	11	-2172
6	12	564
6	13	6924
6	14	6204
6	15	-8196
6	16	-6924
6	17	-1884
6	18	-12972
6	19	-5316
6	20	2316
6	21	-4620
6	22	5316
6	23	3732
6	24	3756
6	25	-3900
6	26	-7932
6	27	8076
6	28	-5748
6	29	-732
6	30	3876
6	31	-1884
6	32	-1452
6	33	7044
6	34	-3876
6	35	-2460
7	8	1140
7	9	-588
7	10	1740
7	11	-10524
7	12	7764
7	13	-10644
7	14	9372
7	15	156
7	16	276
7	17	15684
7	18	-5772
7	19	-7332
7	20	5484
7	21	-2604
7	22	-13404
7	23	5748
7	24	-3444
7	25	-1884
7	26	4452
7	27	16428
7	28	-2580
7	29	-14268
7	30	708
7	31	5316
7	32	-4620
7	33	-6492
7	34	4476
7	35	-444
8	9	-1884
8	10	-2148
8	11	3732
8	12	-3900
8	13	1020
8	14	300
8	15	-3732
8	16	14532
8	17	-1164
8	18	-7068
8	19	4332
8	20	-3588
8	21	6468
8	22	-4332
8	23	4452
8	24	3036
8	25	7188
8	26	-7212
8	27	7356
8	28	-1284
8	29	-12
8	30	-588
8	31	4020
8	32	-732
8	33	-2604
8	34	10956
8	35	3444
9	10	9948
9	11	7188
9	12	9924
9	13	2748
9	14	7212
9	15	-2004
9	16	7620
9	17	12660
9	18	-3612
9	19	6060
9	20	3324
9	21	-5628
9	22	-876
9	23	-2460
9	24	9948
9	25	5460
9	26	-8940
9	27	-6468
9	28	5628
9	29	-1740
9	30	8052
9	31	2292
9	32	7908
9	33	-4332
9	34	-2868
9	35	-19020
10	11	-852
10	12	11964
10	13	-3900
10	14	-3180
10	15	852
10	16	3900
10	17	9228
10	18	-420
10	19	-7212
10	20	5892
10	21	-8772
10	22	2028
10	23	3612
10	24	-5916
10	25	6060
10	26	-5460
10	27	5316
10	28	3588
10	29	-12660
10	30	13836
10	31	-11508
10	32	3612
10	33	5484
10	34	1716
10	35	-16116
11	12	-12
11	13	2316
11	14	-3588
11	15	7932
11	16	8052
11	17	2724
11	18	7188
11	19	444
11	20	2892
11	21	-12
11	22	-444
11	23	-2028
11	24	4332
11	25	-4476
11	26	1860
11	27	-6900
11	28	12
11	29	3876
11	30	-7068
11	31	2724
11	32	-2028
11	33	-3900
11	34	7068
11	35	-8220
12	13	-5604
12	14	9228
12	15	-10356
12	16	420
12	17	5460
12	18	-5628
12	19	-7476
12	20	10524
12	21	-7644
12	22	2292
12	23	-4476
12	24	1596
12	25	8628
12	26	-588
12	27	5916
12	28	2460
12	29	-3756
12	30	11220
12	31	276
12	32	-4476
12	33	-6348
12	34	9516
12	35	-15852
13	14	-6348
13	15	-7500
13	16	1884
13	17	-8340
13	18	-2436
13	19	5172
13	20	-2460
13	21	-5604
13	22	5196
13	23	-3588
13	24	6468
13	25	4044
13	26	2892
13	27	-8220
13	28	-9948
13	29	6060
13	30	-3732
13	31	-13524
13	32	1596
13	33	19020
13	34	-11820
13	35	2604
14	15	-11964
14	16	1164
14	17	6492
14	18	-8340
14	19	708
14	20	8628
14	21	9228
14	22	-708
14	23	876
14	24	7188
14	25	-1860
14	26	-3012
14	27	2868
14	28	1140
14	29	-10212
14	30	16284
14	31	1308
14	32	-4308
14	33	-12804
14	34	-732
14	35	-8484
15	16	2316
15	17	2460
15	18	13548
15	19	-5628
15	20	-2892
15	21	-5172
15	22	-15108
15	23	7212
15	24	-14700
15	25	4476
15	26	8508
15	27	1716
15	28	-12
15	29	-14244
15	30	-3300
15	31	2460
15	32	7212
15	33	-1284
15	34	3300
15	35	-2148
16	17	3156
16	18	-2748
16	19	5196
16	20	7644
16	21	420
16	22	-12
16	23	-1596
16	24	-1284
16	25	1140
16	26	2292
16	27	3036
16	28	9948
16	29	-6060
16	30	-1452
16	31	-2028
16	32	-11964
16	33	1716
16	34	1452
16	35	-2604
17	18	-2892
17	19	-5028
17	20	2604
17	21	5460
17	22	-5340
17	23	3444
17	24	-1140
17	25	-4188
17	26	-8220
17	27	8364
17	28	4908
17	29	-11388
17	30	-1596
17	31	8196
17	32	-1740
17	33	-3612
17	34	1596
17	35	-13116
18	19	876
18	20	3324
18	21	-444
18	22	4308
18	23	7908
18	24	-5604
18	25	-4908
18	26	1428
18	27	3900
18	28	-4740
18	29	-1740
18	30	-2316
18	31	-8076
18	32	-2460
18	33	852
18	34	7500
18	35	6900
19	20	-588
19	21	2892
19	22	-1860
19	23	-276
19	24	8340
19	25	-8196
19	26	1020
19	27	-6348
19	28	2292
19	29	9372
19	30	4764
19	31	-5028
19	32	4908
19	33	6780
19	34	-4764
19	35	11100
20	21	156
20	22	-4596
20	23	-3012
20	24	-4476
20	25	-5748
20	26	8652
20	27	11940
20	28	5028
20	29	-3732
20	30	7212
20	31	-2580
20	32	-8196
20	33	4044
20	34	-2028
20	35	-7188
21	22	2292
21	23	-4476
21	24	1596
21	25	-1740
21	26	-5772
21	27	-4452
21	28	7644
21	29	6612
21	30	-4332
21	31	10644
21	32	-4476
21	33	-6348
21	34	4332
21	35	-300
22	23	-10092
22	24	2028
22	25	-2172
22	26	-11388
22	27	-4020
22	28	2892
22	29	11364
22	30	-4764
22	31	-5340
22	32	-10092
22	33	3588
22	34	4764
22	35	-732
23	24	-1572
23	25	-3756
23	26	-7788
23	27	7932
23	28	-5892
23	29	-10956
23	30	9204
23	31	-6924
23	32	-1308
23	33	-3180
23	34	1164
23	35	8052
24	25	-4308
24	26	-5460
24	27	-5052
24	28	-6780
24	29	13260
24	30	-1716
24	31	-1140
24	32	-1572
24	33	300
24	34	-8652
24	35	-564
25	26	-5052
25	27	-5172
25	28	-3444
25	29	-3036
25	30	6756
25	31	996
25	32	6612
25	33	-5628
25	34	8796
25	35	-9948
26	27	-1140
26	28	588
26	29	-1884
26	30	-7644
26	31	-3036
26	32	-2604
26	33	5892
26	34	-2724
26	35	1572
27	28	-11100
27	29	-13524
27	30	2604
27	31	-2004
27	32	-7620
27	33	4620
27	34	7764
27	35	3756
28	29	3756
28	30	-852
28	31	10092
28	32	-708
28	33	-4020
28	34	-4332
28	35	-10068
29	30	-15996
29	31	9348
29	32	-5772
29	33	2724
29	34	-4740
29	35	8772
30	31	-11964
30	32	9204
30	33	-3036
30	34	1020
30	35	-7356
31	32	3444
31	33	-19164
31	34	6780
31	35	-2748
32	33	-3180
32	34	-4020
32	35	-2316
33	34	-17700
33	35	996
34	35	-3012
