0	1	964
0	2	1724
0	3	-388
0	4	-1732
0	5	-1252
0	6	4412
0	7	1052
0	8	2692
0	9	-572
0	10	-2980
0	11	-1532
0	12	-964
0	13	-188
0	14	-3652
0	15	868
0	16	-4412
0	17	-860
0	18	4
0	19	380
0	20	-2300
0	21	1924
0	22	-2884
0	23	-2596
1	2	100
1	3	-2396
1	4	1252
1	5	-1532
1	6	-284
1	7	772
1	8	-2212
1	9	-3556
1	10	-4412
1	11	-2596
1	12	2788
1	13	-1636
1	14	-1436
1	15	-388
1	16	284
1	17	-964
1	18	2780
1	19	1444
1	20	476
1	21	860
1	22	100
1	23	2116
2	3	476
2	4	-3172
2	5	4220
2	6	668
2	7	-388
2	8	1828
2	9	868
2	10	188
2	11	-4700
2	12	-4708
2	13	-1052
2	14	-484
2	15	4
2	16	-668
2	17	580
2	18	1444
2	19	-1060
2	20	-860
2	21	3364
2	22	-2020
2	23	-1732
3	4	-676
3	5	2108
3	6	860
3	7	-2500
3	8	-668
3	9	2980
3	10	2684
3	11	2020
3	12	-2212
3	13	1060
3	14	4316
3	15	4420
3	16	-860
3	17	2692
3	18	1252
3	19	1436
3	20	-1052
3	21	868
3	22	-1828
3	23	-1540
4	5	-1540
4	6	-2788
4	7	-1540
4	8	676
4	9	-2588
4	10	-964
4	11	3364
4	12	3356
4	13	-2204
4	14	668
4	15	-1148
4	16	2788
4	17	1732
4	18	292
4	19	2396
4	20	2596
4	21	-2396
4	22	1436
4	23	1724
5	6	-4
5	7	-1060
5	8	2500
5	9	1540
5	10	1820
5	11	-1724
5	12	-5380
5	13	1924
5	14	3452
5	15	676
5	16	4
5	17	3556
5	18	-188
5	19	-1732
5	20	2116
5	21	1732
5	22	-388
5	23	2204
6	7	-4
6	8	1444
6	9	484
6	10	-1732
6	11	-476
6	12	-2020
6	13	868
6	14	-2404
6	15	1924
6	16	-5660
6	17	196
6	18	-1244
6	19	-676
6	20	-1244
6	21	2980
6	22	-1636
6	23	-1348
7	8	2500
7	9	-764
7	10	-484
7	11	-1724
7	12	1532
7	13	1924
7	14	-1156
7	15	676
7	16	4
7	17	-3356
7	18	2116
7	19	572
7	20	-188
7	21	-572
7	22	-388
7	23	-100
8	9	1628
8	10	-380
8	11	284
8	12	-2396
8	13	1244
8	14	292
8	15	188
8	16	-1444
8	17	-388
8	18	-1252
8	19	868
8	20	1052
8	21	-868
8	22	-2780
8	23	-764
9	10	3268
9	11	1244
9	12	-3356
9	13	-100
9	14	3940
9	15	1148
9	16	-484
9	17	-1732
9	18	-2596
9	19	-92
9	20	-292
9	21	92
9	22	-1436
9	23	-1724
10	11	4
10	12	-2500
10	13	-956
10	14	1724
10	15	100
10	16	1732
10	17	676
10	18	-764
10	19	-3460
10	20	-764
10	21	1156
10	22	188
10	23	-1828
11	12	2596
11	13	860
11	14	2980
11	15	2108
11	16	476
11	17	1532
11	18	-1636
11	19	3556
11	20	668
11	21	-3556
11	22	2212
11	23	-380
12	13	-668
12	14	-868
12	15	388
12	16	2020
12	17	-1340
12	18	1828
12	19	3164
12	20	-476
12	21	-3164
12	22	2204
12	23	188
13	14	2020
13	15	764
13	16	-868
13	17	188
13	18	-676
13	19	292
13	20	1628
13	21	-2596
13	22	-1052
13	23	3268
14	15	3076
14	16	2404
14	17	1348
14	18	-92
14	19	2780
14	20	2212
14	21	-2780
14	22	-484
14	23	2108
15	16	-1924
15	17	1436
15	18	2876
15	19	3652
15	20	-1732
15	21	956
15	22	4
15	23	-2588
16	17	-196
16	18	1244
16	19	676
16	20	1244
16	21	-2980
16	22	1636
16	23	1348
17	18	-4
17	19	-380
17	20	-4
17	21	380
17	22	580
17	23	292
18	19	2788
18	20	-868
18	21	1820
18	22	1444
18	23	-1148
19	20	484
19	21	-2204
19	22	1244
19	23	-772
20	21	-484
20	22	1444
20	23	5764
21	22	1060
21	23	-1532
22	23	572
