0	1	1032
0	2	1512
0	3	552
0	4	-360
0	5	-744
0	6	1800
0	7	840
0	8	-1560
0	9	-72
0	10	-1368
0	11	552
0	12	1608
0	13	2040
0	14	-216
0	15	-1656
0	16	-24
0	17	-1608
0	18	1368
0	19	-2664
0	20	1752
0	21	-600
0	22	744
0	23	-1512
1	2	-648
1	3	-1992
1	4	4104
1	5	2184
1	6	3672
1	7	24
1	8	120
1	9	-3096
1	10	-72
1	11	-1992
1	12	1560
1	13	-600
1	14	-1224
1	15	216
1	16	888
1	17	-1560
1	18	-2232
1	19	4104
1	20	1992
1	21	-3144
1	22	120
1	23	-1656
2	3	-2472
2	4	2280
2	5	-1944
2	6	888
2	7	1848
2	8	-360
2	9	-2616
2	10	1752
2	11	-2472
2	12	1080
2	13	4488
2	14	600
2	15	2040
2	16	-1896
2	17	1224
2	18	2856
2	19	-24
2	20	168
2	21	-3624
2	22	1944
2	23	-1176
3	4	-984
3	5	1704
3	6	-2760
3	7	-1800
3	8	-1704
3	9	3336
3	10	-1896
3	11	5400
3	12	-264
3	13	-1080
3	14	-744
3	15	-1608
3	16	-936
3	17	264
3	18	-408
3	19	-3288
3	20	-3096
3	21	1944
3	22	600
3	23	168
4	5	792
4	6	2568
4	7	-696
4	8	-792
4	9	-3144
4	10	-600
4	11	-984
4	12	2376
4	13	1272
4	14	552
4	15	1416
4	16	-1560
4	17	-72
4	18	-1704
4	19	3480
4	20	-1320
4	21	-4440
4	22	1512
4	23	24
5	6	-1656
5	7	1992
5	8	1896
5	9	-1224
5	10	-2520
5	11	1704
5	12	-1848
5	13	-1416
5	14	-1368
5	15	-504
5	16	-1176
5	17	-456
5	18	216
5	19	792
5	20	-1704
5	21	552
5	22	1896
5	23	-2664
6	7	-744
6	8	-648
6	9	-2328
6	10	-840
6	11	-2760
6	12	3096
6	13	168
6	14	2616
6	15	-2856
6	16	120
6	17	-792
6	18	840
6	19	2568
6	20	2760
6	21	-1608
6	22	-648
6	23	-888
7	8	2616
7	9	-984
7	10	120
7	11	-1800
7	12	-2856
7	13	-792
7	14	-3336
7	15	2712
7	16	-1224
7	17	552
7	18	2184
7	19	-696
7	20	1800
7	21	-648
7	22	312
7	23	-1848
8	9	1224
8	10	2520
8	11	-1704
8	12	-5064
8	13	-888
8	14	-936
8	15	2808
8	16	-1128
8	17	456
8	18	2088
8	19	1512
8	20	-600
8	21	-552
8	22	2712
8	23	2664
9	10	1416
9	11	3336
9	12	-2520
9	13	-3048
9	14	-2040
9	15	1128
9	16	456
9	17	2520
9	18	888
9	19	-3144
9	20	-1032
9	21	2184
9	22	1224
9	23	2616
10	11	-1896
10	12	-2952
10	13	-696
10	14	-3432
10	15	2616
10	16	984
10	17	648
10	18	-24
10	19	1704
10	20	1896
10	21	-744
10	22	-2088
10	23	552
11	12	-264
11	13	-1080
11	14	-744
11	15	-1608
11	16	-936
11	17	264
11	18	-408
11	19	-3288
11	20	-3096
11	21	1944
11	22	600
11	23	168
12	13	2280
12	14	2808
12	15	-2664
12	16	312
12	17	-984
12	18	-1656
12	19	72
12	20	264
12	21	-1416
12	22	-456
12	23	-1080
13	14	2760
13	15	-984
13	16	-1656
13	17	-2280
13	18	696
13	19	-1032
13	20	-1224
13	21	-2232
13	22	1416
13	23	120
14	15	-3144
14	16	-168
14	17	-504
14	18	1128
14	19	552
14	20	-1560
14	21	408
14	22	1368
14	23	1704
15	16	-1032
15	17	2664
15	18	-312
15	19	1416
15	20	-696
15	21	-2760
15	22	2808
15	23	2568
16	17	1992
16	18	-984
16	19	744
16	20	3240
16	21	216
16	22	-1128
16	23	-408
17	18	1656
17	19	-72
17	20	-264
17	21	-888
17	22	2760
17	23	1080
18	19	-1704
18	20	408
18	21	744
18	22	2088
18	23	-552
19	20	984
19	21	-2136
19	22	-792
19	23	24
20	21	360
20	22	-2904
20	23	-2472
21	22	-2856
21	23	-984
22	23	2664
