0	1	-2712
0	2	-3144
0	3	-2712
0	4	1560
0	5	888
0	6	-2280
0	7	-3816
0	8	2232
0	9	2184
0	10	-504
0	11	-2088
0	12	-2664
0	13	-696
0	14	-3768
0	15	-2184
0	16	1608
0	17	-408
0	18	504
0	19	-3048
0	20	1080
0	21	120
0	22	-1464
0	23	-2568
1	2	-1848
1	3	3096
1	4	-1944
1	5	-1272
1	6	1896
1	7	1128
1	8	-312
1	9	504
1	10	-1416
1	11	1704
1	12	2280
1	13	-1224
1	14	-456
1	15	1800
1	16	-1224
1	17	-1512
1	18	1416
1	19	2664
1	20	-1464
1	21	-504
1	22	-456
1	23	2184
2	3	-1848
2	4	696
2	5	24
2	6	-840
2	7	-72
2	8	-3240
2	9	744
2	10	2664
2	11	1656
2	12	1080
2	13	168
2	14	1704
2	15	3864
2	16	168
2	17	2760
2	18	-360
2	19	-1608
2	20	216
2	21	-744
2	22	4008
2	23	3480
3	4	-1944
3	5	1032
3	6	-2712
3	7	1128
3	8	-312
3	9	-4104
3	10	-1416
3	11	4008
3	12	2280
3	13	1080
3	14	1848
3	15	-504
3	16	-1224
3	17	-3816
3	18	1416
3	19	4968
3	20	-1464
3	21	-2808
3	22	-2760
3	23	-120
4	5	-2184
4	6	-744
4	7	-2280
4	8	-840
4	9	648
4	10	2568
4	11	-552
4	12	-3432
4	13	72
4	14	-696
4	15	1656
4	16	72
4	17	360
4	18	2040
4	19	-3816
4	20	312
4	21	-648
4	22	-696
4	23	-1032
5	6	-1416
5	7	1656
5	8	792
5	9	-3288
5	10	936
5	11	1080
5	12	504
5	13	744
5	14	-24
5	15	-3624
5	16	744
5	17	-1272
5	18	-936
5	19	120
5	20	1944
5	21	-3624
5	22	2280
5	23	-1704
6	7	3096
6	8	-72
6	9	-120
6	10	-504
6	11	-2088
6	12	-360
6	13	-696
6	14	840
6	15	120
6	16	1608
6	17	1896
6	18	-1800
6	19	-744
6	20	1080
6	21	2424
6	22	840
6	23	-264
7	8	-1608
7	9	-3192
7	10	1032
7	11	-1320
7	12	408
7	13	-1464
7	14	2376
7	15	-1416
7	16	-1464
7	17	1128
7	18	-1032
7	19	2328
7	20	1848
7	21	-1416
7	22	2376
7	23	504
8	9	-24
8	10	-2712
8	11	-2184
8	12	-2760
8	13	1704
8	14	936
8	15	-2280
8	16	-600
8	17	-2616
8	18	408
8	19	-840
8	20	-1320
8	21	2328
8	22	-3672
8	23	-4968
9	10	-1704
9	11	-2616
9	12	264
9	13	-1512
9	14	-744
9	15	2088
9	16	-1512
9	17	504
9	18	1704
9	19	-1656
9	20	-1176
9	21	2088
9	22	1560
9	23	2472
10	11	1608
10	12	-120
10	13	1176
10	14	-2664
10	15	-600
10	16	1176
10	17	3192
10	18	-984
10	19	-2040
10	20	3048
10	21	-600
10	22	1944
10	23	2088
11	12	4440
11	13	3720
11	14	-1656
11	15	312
11	16	1416
11	17	-600
11	18	-1608
11	19	1752
11	20	-1032
11	21	-1992
11	22	-1656
11	23	2232
12	13	1992
12	14	-1080
12	15	-264
12	16	-312
12	17	-24
12	18	-2184
12	19	3480
12	20	-1608
12	21	-264
12	22	1224
12	23	3960
13	14	-168
13	15	-3096
13	16	1368
13	17	-1224
13	18	-1176
13	19	72
13	20	552
13	21	1512
13	22	-2472
13	23	-408
14	15	744
14	16	-2472
14	17	-2760
14	18	2664
14	19	1608
14	20	-216
14	21	-1560
14	22	600
14	23	-1176
15	16	-792
15	17	1800
15	18	600
15	19	-648
15	20	-3432
15	21	216
15	22	744
15	23	2136
16	17	1080
16	18	-1176
16	19	-2232
16	20	2856
16	21	1512
16	22	-168
16	23	-408
17	18	-3192
17	19	-1944
17	20	840
17	21	1800
17	22	1848
17	23	2184
18	19	-264
18	20	1560
18	21	-1704
18	22	360
18	23	216
19	20	-1992
19	21	-648
19	22	-696
19	23	1272
20	21	-1128
20	22	2088
20	23	792
21	22	-1560
21	23	-168
22	23	3432
