0	1	-1036
0	2	-116
0	3	980
0	4	-1132
0	5	-1036
0	6	2132
0	7	3628
0	8	-1556
0	9	980
0	10	2324
0	11	-4012
0	12	4532
0	13	-748
0	14	2380
0	15	596
0	16	-76
0	17	-1612
0	18	-4684
0	19	-1708
0	20	76
0	21	-5684
0	22	1324
0	23	-2380
1	2	940
1	3	-76
1	4	116
1	5	-2092
1	6	-1228
1	7	-2228
1	8	-500
1	9	-76
1	10	-1036
1	11	-460
1	12	-1132
1	13	2804
1	14	-1172
1	15	-2764
1	16	-1132
1	17	-364
1	18	1172
1	19	1844
1	20	-3476
1	21	2284
1	22	2380
1	23	-3436
2	3	-3380
2	4	-1268
2	5	-3668
2	6	76
2	7	-1228
2	8	1652
2	9	3532
2	10	2188
2	11	1612
2	12	2284
2	13	2956
2	14	-2284
2	15	1612
2	16	-2324
2	17	1516
2	18	-20
2	19	1612
2	20	20
2	21	1172
2	22	1076
2	23	-20
3	4	2132
3	5	-76
3	6	788
3	7	364
3	8	-212
3	9	-2668
3	10	-1324
3	11	-748
3	12	-1420
3	13	-4396
3	14	1420
3	15	-748
3	16	884
3	17	1652
3	18	884
3	19	-3052
3	20	1420
3	21	-2036
3	22	364
3	23	-1420
4	5	-2188
4	6	980
4	7	172
4	8	1900
4	9	-4780
4	10	-1132
4	11	-556
4	12	-3532
4	13	404
4	14	1228
4	15	1748
4	16	-1228
4	17	4148
4	18	-1228
4	19	1748
4	20	1228
4	21	76
4	22	-2132
4	23	-1228
5	6	1076
5	7	-2228
5	8	-2804
5	9	-76
5	10	-3340
5	11	-460
5	12	-1132
5	13	-1804
5	14	-1172
5	15	-2764
5	16	1172
5	17	-2668
5	18	1172
5	19	-2764
5	20	-1172
5	21	2284
5	22	76
5	23	1172
6	7	-788
6	8	3244
6	9	788
6	10	-172
6	11	404
6	12	-268
6	13	-3244
6	14	268
6	15	404
6	16	-2572
6	17	500
6	18	-268
6	19	-1900
6	20	-2036
6	21	-884
6	22	1516
6	23	-2572
7	8	212
7	9	364
7	10	3628
7	11	-1556
7	12	3724
7	13	-212
7	14	5492
7	15	748
7	16	3724
7	17	-1652
7	18	-3188
7	19	748
7	20	3188
7	21	-4876
7	22	-2668
7	23	1420
8	9	-212
8	10	3052
8	11	4780
8	12	-1460
8	13	-3092
8	14	1460
8	15	2476
8	16	-1460
8	17	2380
8	18	844
8	19	172
8	20	-844
8	21	308
8	22	-2092
8	23	844
9	10	980
9	11	1556
9	12	3188
9	13	212
9	14	-884
9	15	-748
9	16	884
9	17	-2956
9	18	884
9	19	-748
9	20	-884
9	21	268
9	22	2668
9	23	884
10	11	596
10	12	2228
10	13	-748
10	14	2380
10	15	596
10	16	-76
10	17	-1612
10	18	-2380
10	19	2900
10	20	76
10	21	-3380
10	22	-980
10	23	2228
11	12	-1804
11	13	-2476
11	14	-500
11	15	1172
11	16	500
11	17	1268
11	18	2804
11	19	-1132
11	20	-500
11	21	2956
11	22	-1556
11	23	2804
12	13	1460
12	14	2476
12	15	500
12	16	2132
12	17	-1708
12	18	-2476
12	19	-1804
12	20	2476
12	21	-3284
12	22	-884
12	23	-172
13	14	-1460
13	15	-172
13	16	-844
13	17	-76
13	18	-844
13	19	4436
13	20	844
13	21	1996
13	22	-212
13	23	-844
14	15	-500
14	16	4780
14	17	-596
14	18	-2132
14	19	-500
14	20	2132
14	21	-3628
14	22	-3724
14	23	172
15	16	-1804
15	17	3572
15	18	-1804
15	19	-1132
15	20	1804
15	21	-1652
15	22	-1556
15	23	500
16	17	-1708
16	18	-172
16	19	-1804
16	20	2476
16	21	-980
16	22	-3188
16	23	2132
17	18	596
17	19	-1036
17	20	1708
17	21	556
17	22	-1652
17	23	-1708
18	19	500
18	20	172
18	21	3628
18	22	1420
18	23	-172
19	20	-500
19	21	652
19	22	748
19	23	500
20	21	-1324
20	22	-3724
20	23	2476
21	22	-268
21	23	1324
22	23	-3188
