0	1	8912
0	2	-8760
0	3	968
0	4	4352
0	5	-6744
0	6	4768
0	7	-7048
0	8	-1424
0	9	5112
0	10	4464
0	11	5416
0	12	13016
0	13	-3856
0	14	-1272
0	15	968
0	16	3856
0	17	-10240
0	18	7200
0	19	512
0	20	-1272
0	21	856
0	22	-7960
0	23	-3400
0	24	-96
0	25	-4008
0	26	248
0	27	-12104
0	28	-5264
0	29	4920
0	30	4048
0	31	8152
0	32	2032
0	33	7808
0	34	-5984
0	35	-10240
0	36	6936
0	37	-6288
1	2	-5264
1	3	-7088
1	4	6632
1	5	-4464
1	6	2488
1	7	1008
1	8	856
1	9	-4160
1	10	7960
1	11	-3856
1	12	3744
1	13	4200
1	14	-4768
1	15	4464
1	16	7352
1	17	-7960
1	18	4920
1	19	4008
1	20	1008
1	21	-2640
1	22	-5680
1	23	-6896
1	24	-2376
1	25	4048
1	26	-3248
1	27	-2832
1	28	-7544
1	29	2640
1	30	552
1	31	-1120
1	32	-248
1	33	-248
1	34	2072
1	35	-7960
1	36	3440
1	37	1768
2	3	-4616
2	4	5072
2	5	10392
2	6	3136
2	7	4920
2	8	5072
2	9	-1464
2	10	-2336
2	11	4008
2	12	2184
2	13	1728
2	14	10696
2	15	-4616
2	16	-1728
2	17	-3440
2	18	6480
2	19	7392
2	20	4920
2	21	2792
2	22	56
2	23	1272
2	24	-3552
2	25	1880
2	26	-2376
2	27	8456
2	28	7392
2	29	-2792
2	30	-11952
2	31	1272
2	32	-11456
2	33	96
2	34	-7696
2	35	8112
2	36	2488
2	37	-1616
3	4	-2528
3	5	-2984
3	6	4960
3	7	-2680
3	8	-8304
3	9	2488
3	10	-512
3	11	7960
3	12	360
3	13	-5872
3	14	-8456
3	15	-2792
3	16	96
3	17	512
3	18	2528
3	19	-2336
3	20	3096
3	21	6744
3	22	4008
3	23	-552
3	24	-1728
3	25	-5720
3	26	1576
3	27	-12824
3	28	-2336
3	29	-968
3	30	3552
3	31	-552
3	32	1920
3	33	-9632
3	34	-3744
3	35	-5264
3	36	6440
3	37	8112
4	5	-9024
4	6	1272
4	7	8000
4	8	2072
4	9	2832
4	10	968
4	11	3136
4	12	4960
4	13	-6136
4	14	2224
4	15	-8304
4	16	360
4	17	-6744
4	18	3704
4	19	2792
4	20	8000
4	21	-1424
4	22	-10240
4	23	96
4	24	2184
4	25	-6288
4	26	3744
4	27	-4048
4	28	8568
4	29	1424
4	30	-9784
4	31	96
4	32	-7240
4	33	-1464
4	34	-8264
4	35	-968
4	36	-1120
4	37	-2792
5	6	-4960
5	7	-3096
5	8	2528
5	9	-8264
5	10	-5264
5	11	3592
5	12	-6136
5	13	5872
5	14	8456
5	15	8568
5	16	-96
5	17	-512
5	18	3248
5	19	2336
5	20	-3096
5	21	-968
5	22	7544
5	23	-5224
5	24	1728
5	25	5720
5	26	-1576
5	27	7048
5	28	2336
5	29	968
5	30	2224
5	31	6328
5	32	-1920
5	33	-1920
5	34	3744
5	35	5264
5	36	-6440
5	37	3440
6	7	1120
6	8	-4504
6	9	12064
6	10	13016
6	11	208
6	12	9936
6	13	-2072
6	14	-4656
6	15	-816
6	16	-3704
6	17	-1464
6	18	4504
6	19	-360
6	20	-4656
6	21	10544
6	22	-3744
6	23	3248
6	24	-11304
6	25	3856
6	26	-400
6	27	704
6	28	-6136
6	29	1008
6	30	-4200
6	31	-2528
6	32	-7656
6	33	3896
6	34	-5720
6	35	-7240
6	36	16016
6	37	360
7	8	8000
7	9	2984
7	10	816
7	11	3288
7	12	-664
7	13	-5984
7	14	2376
7	15	3096
7	16	-5568
7	17	-816
7	18	-2224
7	19	2640
7	20	2376
7	21	4504
7	22	-4312
7	23	-5528
7	24	2032
7	25	-360
7	26	-1880
7	27	7352
7	28	8416
7	29	-4504
7	30	-3856
7	31	-5528
7	32	-1616
7	33	-1616
7	34	-2336
7	35	-816
7	36	-6744
7	37	8912
8	9	-2944
8	10	-4808
8	11	-2640
8	12	4960
8	13	-360
8	14	8000
8	15	3248
8	16	360
8	17	-6744
8	18	3704
8	19	8568
8	20	-3552
8	21	4352
8	22	-10240
8	23	-5680
8	24	2184
8	25	-512
8	26	-2032
8	27	7504
8	28	2792
8	29	-10128
8	30	1768
8	31	-5680
8	32	-1464
8	33	4312
8	34	-2488
8	35	4808
8	36	-6896
8	37	2984
9	10	5984
9	11	-1880
9	12	5720
9	13	400
9	14	-2792
9	15	-3288
9	16	-11952
9	17	-208
9	18	2944
9	19	2032
9	20	-2792
9	21	5112
9	22	-9480
9	23	6632
9	24	-4352
9	25	-5528
9	26	4504
9	27	6744
9	28	-3744
9	29	664
9	30	-3248
9	31	-4920
9	32	-8000
9	33	3552
9	34	-1728
9	35	-5984
9	36	5416
9	37	-2032
10	11	-5872
10	12	3856
10	13	-2376
10	14	816
10	15	-512
10	16	2376
10	17	4008
10	18	-968
10	19	-5832
10	20	-4960
10	21	10240
10	22	1728
10	23	2944
10	24	-5224
10	25	9328
10	26	5072
10	27	1008
10	28	-5832
10	29	1312
10	30	-4504
10	31	-2832
10	32	-1576
10	33	4200
10	34	-6024
10	35	-13320
10	36	9936
10	37	56
11	12	6024
11	13	-10848
11	14	-2488
11	15	2184
11	16	-704
11	17	-5680
11	18	2640
11	19	1728
11	20	3288
11	21	-360
11	22	2376
11	23	-10392
11	24	-4656
11	25	-5224
11	26	-968
11	27	-10888
11	28	7504
11	29	6136
11	30	-2944
11	31	12712
11	32	3248
11	33	-2528
11	34	-7200
11	35	96
11	36	-56
11	37	4048
12	13	-3248
12	14	-664
12	15	-5416
12	16	3248
12	17	-15408
12	18	12368
12	19	5680
12	20	-6440
12	21	13016
12	22	-7352
12	23	-2792
12	24	-6480
12	25	2376
12	26	-4920
12	27	-6936
12	28	-96
12	29	4312
12	30	4656
12	31	-2792
12	32	1424
12	33	7200
12	34	-5376
12	35	-3856
12	36	13320
12	37	-5680
13	14	-208
13	15	-96
13	16	2792
13	17	-3400
13	18	6136
13	19	5224
13	20	-208
13	21	-3856
13	22	-1120
13	23	3440
13	24	4616
13	25	-2944
13	26	-4464
13	27	9936
13	28	-12104
13	29	-1920
13	30	5112
13	31	-8112
13	32	-4808
13	33	-4808
13	34	12408
13	35	2376
13	36	2224
13	37	-5224
14	15	-2680
14	16	208
14	17	-816
14	18	3552
14	19	2640
14	20	2376
14	21	4504
14	22	1464
14	23	248
14	24	7808
14	25	5416
14	26	3896
14	27	7352
14	28	8416
14	29	-4504
14	30	-3856
14	31	248
14	32	-1616
14	33	4160
14	34	-8112
14	35	-816
14	36	-6744
14	37	-2640
15	16	-5680
15	17	512
15	18	-3248
15	19	-2336
15	20	-8456
15	21	-4808
15	22	-1768
15	23	-12104
15	24	-1728
15	25	5832
15	26	-4200
15	27	4504
15	28	-2336
15	29	-968
15	30	9328
15	31	5224
15	32	1920
15	33	1920
15	34	7808
15	35	512
15	36	-5112
15	37	8112
16	17	-2376
16	18	-360
16	19	-5224
16	20	208
16	21	3856
16	22	6896
16	23	2336
16	24	6936
16	25	-2832
16	26	-1312
16	27	-9936
16	28	-5224
16	29	1920
16	30	664
16	31	2336
16	32	4808
16	33	-968
16	34	-856
16	35	-2376
16	36	3552
16	37	-6328
17	18	-16360
17	19	-11496
17	20	-816
17	21	-4464
17	22	9824
17	23	8608
17	24	-552
17	25	2224
17	26	6480
17	27	4768
17	28	56
17	29	-1312
17	30	-7048
17	31	2832
17	32	1576
17	33	1576
17	34	248
17	35	1768
17	36	-4160
17	37	-56
18	19	14536
18	20	3552
18	21	7200
18	22	-7088
18	23	-5872
18	24	-2184
18	25	512
18	26	-3744
18	27	-1728
18	28	-2792
18	29	-1424
18	30	4008
18	31	-5872
18	32	-4312
18	33	-4312
18	34	-3288
18	35	-4808
18	36	6896
18	37	2792
19	20	8416
19	21	512
19	22	-8000
19	23	-6784
19	24	-7048
19	25	-400
19	26	-4656
19	27	4960
19	28	-1880
19	29	-6288
19	30	-2680
19	31	-6784
19	32	-3400
19	33	-3400
19	34	-4200
19	35	56
19	36	208
19	37	7656
20	21	-7048
20	22	1464
20	23	248
20	24	2032
20	25	-6136
20	26	-1880
20	27	-4200
20	28	2640
20	29	-4504
20	30	-9632
20	31	248
20	32	-1616
20	33	-7392
20	34	-8112
20	35	-816
20	36	-968
20	37	3136
21	22	3592
21	23	2376
21	24	-96
21	25	7544
21	26	248
21	27	-552
21	28	512
21	29	-856
21	30	4048
21	31	-9176
21	32	2032
21	33	2032
21	34	-5984
21	35	-10240
21	36	6936
21	37	5264
22	23	5112
22	24	2944
22	25	10280
22	26	-2792
22	27	-3288
22	28	3552
22	29	7960
22	30	1008
22	31	5112
22	32	10848
22	33	-704
22	34	2528
22	35	-1728
22	36	-1880
22	37	2224
23	24	4160
23	25	-2488
23	26	1768
23	27	3704
23	28	-1008
23	29	3400
23	30	-5984
23	31	-1880
23	32	-5264
23	33	6288
23	34	1312
23	35	2832
23	36	2680
23	37	-10544
24	25	-6784
24	26	512
24	27	-208
24	28	4504
24	29	96
24	30	8264
24	31	-1616
24	32	2984
24	33	-2792
24	34	6744
24	35	-552
24	36	-11952
24	37	-4504
25	26	-4616
25	27	4312
25	28	5376
25	29	4008
25	30	4960
25	31	-2488
25	32	6896
25	33	6896
25	34	704
25	35	-3552
25	36	2072
25	37	6176
26	27	56
26	28	1120
26	29	-248
26	30	-8112
26	31	1768
26	32	-3136
26	33	-3136
26	34	-6592
26	35	-5072
26	36	-5224
26	37	-1120
27	28	-816
27	29	-5224
27	30	-3744
27	31	-7848
27	32	-8112
27	33	3440
27	34	6288
27	35	4768
27	36	-6632
27	37	816
28	29	5264
28	30	-2680
28	31	4768
28	32	2376
28	33	2376
28	34	-4200
28	35	5832
28	36	-11344
28	37	1880
29	30	1728
29	31	9176
29	32	3744
29	33	3744
29	34	5984
29	35	-1312
29	36	-1160
29	37	-5264
30	31	-5984
30	32	10392
30	33	-1160
30	34	14536
30	35	-1272
30	36	-1424
30	37	2680
31	32	512
31	33	6288
31	34	-4464
31	35	2832
31	36	-3096
31	37	-4768
32	33	856
32	34	3096
32	35	-4200
32	36	-4048
32	37	3400
33	34	-2680
33	35	1576
33	36	1728
33	37	-8152
34	35	6024
34	36	-5680
34	37	-1576
35	36	-4160
35	37	-5832
36	37	-5984
