0	1	-1.8450926e-03
0	2	5.2898311e-01
0	3	-8.6120389e-02
0	4	-2.2646740e-01
0	5	9.3999718e-03
0	6	-1.4287216e-01
0	7	1.5317879e-01
0	8	-1.8562193e-02
0	9	3.8262980e-02
0	10	7.0548503e-02
0	11	-4.3114555e-01
0	12	-2.1374362e-01
0	13	-1.2235183e-01
0	14	-1.3473426e-01
0	15	-7.3438908e-02
0	16	1.6540028e-02
0	17	2.4284920e-01
0	18	-2.2561782e-01
0	19	-2.1196266e-01
0	20	-1.7096445e-01
0	21	-1.1774553e-01
0	22	-9.3256581e-02
0	23	3.0989661e-01
0	24	-2.0267026e-01
1	2	-1.0734410e-01
1	3	-2.6922611e-01
1	4	5.7863619e-02
1	5	-8.4243018e-02
1	6	-2.1765846e-02
1	7	-2.6518364e-02
1	8	-7.7809744e-02
1	9	2.6858997e-02
1	10	3.5240524e-03
1	11	3.6083786e-02
1	12	8.2244218e-02
1	13	1.5538170e-01
1	14	2.8033089e-02
1	15	3.0828585e-01
1	16	2.7600020e-01
1	17	-4.2710035e-02
1	18	-2.1413132e-01
1	19	2.9461255e-01
1	20	8.7072127e-02
1	21	-5.3754747e-02
1	22	1.1995969e-01
1	23	2.2101821e-01
1	24	1.3225866e-02
2	3	9.7477369e-03
2	4	-5.0864221e-02
2	5	1.5062067e-01
2	6	-3.5976226e-02
2	7	-1.0248761e-01
2	8	-2.0109794e-02
2	9	-3.3366866e-03
2	10	-7.2913867e-02
2	11	-2.3983014e-01
2	12	-8.7154858e-03
2	13	-6.5849617e-02
2	14	-2.3506449e-02
2	15	-1.4497015e-01
2	16	1.2471281e-01
2	17	-7.6104539e-02
2	18	-1.0412160e-01
2	19	-1.7055891e-01
2	20	-2.6155934e-02
2	21	-1.5784152e-01
2	22	4.6983960e-03
2	23	2.0973479e-03
2	24	-4.0449103e-02
3	4	5.2104258e-02
3	5	2.4047316e-02
3	6	1.8823158e-01
3	7	9.4467658e-03
3	8	-1.4140287e-02
3	9	-1.5252694e-01
3	10	-1.2962639e-01
3	11	9.5503277e-02
3	12	-1.4458137e-01
3	13	1.1994778e-01
3	14	-2.3253174e-02
3	15	-1.1469702e-01
3	16	-2.5345375e-01
3	17	6.4612304e-02
3	18	-2.2010443e-01
3	19	4.6139286e-02
3	20	-9.2617507e-02
3	21	-9.6784386e-02
3	22	-3.7842762e-01
3	23	-1.9455293e-01
3	24	1.0336403e-01
4	5	3.4558785e-03
4	6	8.1872056e-02
4	7	-1.6660799e-01
4	8	-8.1611078e-02
4	9	-2.4430274e-01
4	10	1.5853210e-01
4	11	4.8490295e-02
4	12	1.2722023e-01
4	13	-7.4195790e-03
4	14	1.1191689e-01
4	15	1.1644947e-01
4	16	6.9206578e-03
4	17	4.5297002e-02
4	18	3.1436428e-02
4	19	-1.8018863e-01
4	20	-9.1112847e-02
4	21	-2.2802626e-01
4	22	-5.1702454e-02
4	23	-2.2823396e-02
4	24	1.5405386e-01
5	6	-9.2647624e-02
5	7	5.3980576e-02
5	8	1.1816662e-01
5	9	2.8441658e-02
5	10	-3.3997073e-02
5	11	6.4944965e-02
5	12	-1.0878467e-01
5	13	7.6617202e-02
5	14	1.5218733e-01
5	15	3.2004324e-02
5	16	-5.8645139e-02
5	17	-8.5568550e-02
5	18	-8.6401158e-03
5	19	2.4772540e-02
5	20	2.8412371e-02
5	21	7.3364669e-02
5	22	1.3871659e-01
5	23	4.2620049e-02
5	24	-4.8495772e-02
6	7	-4.0157256e-02
6	8	-1.8301097e-01
6	9	7.4047893e-02
6	10	-1.4684388e-01
6	11	-2.0209937e-01
6	12	8.1949941e-02
6	13	9.5199711e-02
6	14	4.3789379e-02
6	15	1.9548149e-01
6	16	-4.5081667e-02
6	17	2.0620492e-01
6	18	-2.6668458e-01
6	19	-5.3232723e-03
6	20	-2.8151035e-02
6	21	-1.2097821e-01
6	22	7.8464752e-02
6	23	-2.5664578e-01
6	24	-1.7925840e-01
7	8	-5.5031167e-02
7	9	-8.1956502e-02
7	10	-5.3330992e-02
7	11	5.3674159e-02
7	12	-3.7611132e-01
7	13	-2.6213466e-01
7	14	1.9356213e-02
7	15	9.5281959e-02
7	16	-9.8757742e-02
7	17	5.8668519e-02
7	18	2.8883715e-02
7	19	6.7643927e-02
7	20	9.0255290e-02
7	21	-5.0286484e-02
7	22	-9.2755448e-02
7	23	3.8361555e-01
7	24	-1.2802451e-01
8	9	1.0602775e-01
8	10	1.5207325e-01
8	11	-1.5419297e-01
8	12	-1.9161043e-01
8	13	-2.4329665e-02
8	14	3.6132571e-04
8	15	3.4157938e-01
8	16	-1.5620363e-02
8	17	-1.8293772e-01
8	18	2.2617950e-01
8	19	1.1596727e-01
8	20	-2.2349252e-01
8	21	7.3276631e-02
8	22	-7.5658072e-02
8	23	-2.3675181e-02
8	24	-1.6448454e-02
9	10	-1.1832299e-01
9	11	-5.0602793e-02
9	12	-2.0869902e-01
9	13	1.8242286e-01
9	14	-3.1447833e-01
9	15	5.8294068e-02
9	16	4.2375263e-01
9	17	2.7110303e-04
9	18	5.2198074e-02
9	19	1.8625017e-01
9	20	3.3119767e-01
9	21	1.5615625e-01
9	22	3.5427784e-01
9	23	-2.1074128e-01
9	24	-1.6939045e-01
10	11	1.5776900e-02
10	12	1.1249125e-01
10	13	4.4842031e-02
10	14	8.1017281e-02
10	15	1.6119407e-01
10	16	-1.0164289e-01
10	17	-5.2657706e-03
10	18	7.7748920e-02
10	19	-2.3182113e-01
10	20	-3.7024634e-01
10	21	-9.9415384e-02
10	22	-3.5928634e-02
10	23	-5.7166238e-02
10	24	1.1346727e-01
11	12	3.2337077e-01
11	13	2.2899563e-01
11	14	-2.1955615e-01
11	15	-4.2829002e-01
11	16	-1.4712195e-01
11	17	-1.5626465e-01
11	18	7.2447303e-02
11	19	1.8747971e-01
11	20	2.5703180e-01
11	21	1.0546176e-02
11	22	1.1895917e-01
11	23	-1.7865985e-01
11	24	1.8726426e-01
12	13	2.7108647e-02
12	14	1.6238868e-02
12	15	-2.6394251e-01
12	16	-2.8317840e-02
12	17	-1.7495072e-01
12	18	-1.5543215e-02
12	19	-5.3806740e-02
12	20	-2.0033913e-01
12	21	-7.5368257e-03
12	22	2.2509939e-01
12	23	-3.6467080e-01
12	24	1.6702518e-01
13	14	-2.2209697e-02
13	15	-9.2071197e-02
13	16	-2.8432858e-01
13	17	4.2524459e-02
13	18	-2.6801030e-01
13	19	1.3631887e-01
13	20	1.4661680e-02
13	21	-9.2771247e-02
13	22	3.0038865e-01
13	23	-3.2600118e-01
13	24	-6.2742843e-02
14	15	2.6792773e-01
14	16	-1.3569421e-01
14	17	8.9408432e-03
14	18	-1.5101425e-01
14	19	-1.8342010e-01
14	20	-2.2424977e-01
14	21	3.1507952e-02
14	22	2.5058934e-02
14	23	9.0180922e-02
14	24	-2.0029968e-03
15	16	1.6696334e-01
15	17	-1.0855965e-01
15	18	1.2842808e-02
15	19	2.3123868e-01
15	20	-2.6836451e-01
15	21	-1.6403429e-01
15	22	-6.1850490e-02
15	23	1.6135682e-01
15	24	-1.1654945e-01
16	17	-2.6776796e-01
16	18	2.2294466e-02
16	19	2.1714437e-01
16	20	3.2382602e-01
16	21	6.2171173e-02
16	22	-1.7917232e-03
16	23	1.4598676e-01
16	24	2.8218554e-01
17	18	-2.5578278e-01
17	19	-1.8903752e-01
17	20	2.2574039e-02
17	21	1.5717513e-02
17	22	1.1860832e-01
17	23	1.0276233e-01
17	24	-3.4184913e-01
18	19	-1.0771509e-02
18	20	2.0817433e-02
18	21	5.5276074e-02
18	22	1.7357063e-02
18	23	3.0423454e-03
18	24	1.2795167e-01
19	20	2.4911394e-01
19	21	1.3119556e-01
19	22	-1.9550888e-03
19	23	1.0964806e-01
19	24	7.4574818e-02
20	21	5.7571258e-02
20	22	1.7367213e-01
20	23	1.1513062e-01
20	24	-5.3750288e-03
21	22	3.3799416e-02
21	23	1.7325926e-01
21	24	1.0439850e-01
22	23	-1.6951374e-01
22	24	-3.5772214e-01
23	24	4.4176428e-02
