0	1	-3328
0	2	3776
0	3	-1952
0	4	2656
0	5	-4256
0	6	-320
0	7	2336
0	8	-1664
0	9	-2464
0	10	1280
0	11	-4448
0	12	-4480
0	13	-3200
0	14	2944
0	15	4352
0	16	-1792
0	17	2368
0	18	3296
0	19	2432
0	20	-416
0	21	64
0	22	2144
0	23	4768
1	2	64
1	3	-1888
1	4	2720
1	5	2720
1	6	3392
1	7	-800
1	8	128
1	9	-608
1	10	-2048
1	11	5216
1	12	6016
1	13	-640
1	14	-2176
1	15	-2816
1	16	1024
1	17	704
1	18	544
1	19	-5504
1	20	-1120
1	21	704
1	22	-608
1	23	608
2	3	608
2	4	608
2	5	608
2	6	1280
2	7	1312
2	8	2624
2	9	-800
2	10	-2240
2	11	3104
2	12	-1088
2	13	-448
2	14	320
2	15	1600
2	16	-3776
2	17	-1408
2	18	2656
2	19	1216
2	20	-928
2	21	3200
2	22	3808
2	23	800
3	4	-3392
3	5	3520
3	6	-1760
3	7	-7744
3	8	-3104
3	9	-1024
3	10	2720
3	11	1024
3	12	1568
3	13	-2336
3	14	1504
3	15	-1120
3	16	1952
3	17	-8288
3	18	128
3	19	-736
3	20	448
3	21	-1376
3	22	-1024
3	23	-3584
4	5	-1088
4	6	2848
4	7	6080
4	8	1504
4	9	-1024
4	10	416
4	11	3328
4	12	1568
4	13	-2336
4	14	-800
4	15	1184
4	16	-352
4	17	3232
4	18	2432
4	19	-3040
4	20	-4160
4	21	928
4	22	1280
4	23	-1280
5	6	-1760
5	7	-832
5	8	-800
5	9	-1024
5	10	416
5	11	3328
5	12	1568
5	13	2272
5	14	-3104
5	15	1184
5	16	-352
5	17	-5984
5	18	128
5	19	-736
5	20	448
5	21	-1376
5	22	-3328
5	23	-1280
6	7	2144
6	8	832
6	9	-2656
6	10	-1216
6	11	352
6	12	4544
6	13	-5312
6	14	-1472
6	15	-2752
6	16	2624
6	17	2560
6	18	3104
6	19	-6976
6	20	-2528
6	21	2560
6	22	-352
6	23	-1952
7	8	3488
7	9	640
7	10	-3104
7	11	1664
7	12	-1952
7	13	416
7	14	-1120
7	15	5344
7	16	-2336
7	17	4064
7	18	-512
7	19	352
7	20	-64
7	21	1760
7	22	640
7	23	-640
8	9	992
8	10	128
8	11	3616
8	12	1280
8	13	2560
8	14	-5120
8	15	896
8	16	1664
8	17	1216
8	18	-2464
8	19	1280
8	20	736
8	21	1216
8	22	992
8	23	-992
9	10	1696
9	11	1472
9	12	-1760
9	13	2528
9	14	5600
9	15	928
9	16	-2144
9	17	1568
9	18	-320
9	19	544
9	20	2048
9	21	1568
9	22	-1472
9	23	-832
10	11	-1696
10	12	-896
10	13	1664
10	14	128
10	15	-512
10	16	1024
10	17	-1600
10	18	2848
10	19	-896
10	20	-3424
10	21	704
10	22	-5216
10	23	608
11	12	1760
11	13	2080
11	14	-3296
11	15	-928
11	16	-160
11	17	-1568
11	18	320
11	19	-544
11	20	-2048
11	21	736
11	22	-832
11	23	-3776
12	13	-4096
12	14	-1024
12	15	-1664
12	16	-128
12	17	-448
12	18	-2912
12	19	-6656
12	20	32
12	21	-448
12	22	544
12	23	-544
13	14	-2048
13	15	-2176
13	16	-1408
13	17	-320
13	18	-928
13	19	5120
13	20	-3104
13	21	-320
13	22	-2080
13	23	-224
14	15	896
14	16	-2944
14	17	1216
14	18	2144
14	19	-1024
14	20	736
14	21	1216
14	22	3296
14	23	1312
15	16	-4352
15	17	-832
15	18	-2528
15	19	2944
15	20	6560
15	21	-832
15	22	928
15	23	3680
16	17	-64
16	18	1312
16	19	-2432
16	20	-1888
16	21	-64
16	22	-2144
16	23	-2464
17	18	2720
17	19	-448
17	20	-2144
17	21	640
17	22	1568
17	23	3040
18	19	-2912
18	20	-6016
18	21	2720
18	22	-320
18	23	320
19	20	2336
19	21	-2752
19	22	544
19	23	1760
20	21	-2144
20	22	2048
20	23	2560
21	22	1568
21	23	-3872
22	23	1472
