0	1	332
0	2	-604
0	3	836
0	4	908
0	5	316
0	6	748
0	7	-332
0	8	1684
0	9	1052
0	10	2764
0	11	1196
0	12	2276
0	13	764
0	14	-764
0	15	-908
0	16	1556
0	17	-604
1	2	-44
1	3	1108
1	4	-260
1	5	2924
1	6	1196
1	7	-1612
1	8	260
1	9	-1700
1	10	476
1	11	748
1	12	964
1	13	-1412
1	14	-1180
1	15	260
1	16	-908
1	17	-44
2	3	-548
2	4	676
2	5	692
2	6	-1036
2	7	44
2	8	-676
2	9	-764
2	10	836
2	11	-2204
2	12	-692
2	13	-476
2	14	476
2	15	-676
2	16	-1268
2	17	892
3	4	-764
3	5	836
3	6	404
3	7	188
3	8	-532
3	9	-908
3	10	-316
3	11	1540
3	12	460
3	13	-1916
3	14	620
3	15	2060
3	16	1180
3	17	-548
4	5	908
4	6	-820
4	7	260
4	8	-460
4	9	-980
4	10	2348
4	11	-1124
4	12	-908
4	13	604
4	14	-604
4	15	-460
4	16	-188
4	17	676
5	6	-548
5	7	-332
5	8	388
5	9	-1540
5	10	172
5	11	1196
5	12	980
5	13	-1828
5	14	-764
5	15	-908
5	16	-2332
5	17	692
6	7	-1196
6	8	-476
6	9	-676
6	10	-692
6	11	-532
6	12	548
6	13	1628
6	14	-332
6	15	820
6	16	1124
6	17	260
7	8	-1556
7	9	-892
7	10	-1772
7	11	1844
7	12	332
7	13	1412
7	14	3772
7	15	-1556
7	16	-388
7	17	44
8	9	2276
8	10	1540
8	11	1124
8	12	2204
8	13	-604
8	14	-1988
8	15	-836
8	16	188
8	17	-676
9	10	1196
9	11	28
9	12	1540
9	13	460
9	14	-460
9	15	-316
9	16	964
9	17	-2060
10	11	-1252
10	12	1124
10	13	-388
10	14	-2204
10	15	-1052
10	16	404
10	17	-460
11	12	1396
11	13	316
11	14	980
11	15	-1468
11	16	-476
11	17	-2204
12	13	532
12	14	764
12	15	-1684
12	16	-260
12	17	-692
13	14	1844
13	15	-1900
13	16	-44
13	17	-1772
14	15	-692
14	16	44
14	17	-820
15	16	2780
15	17	620
16	17	28
