0	1	884
0	2	-5684
0	3	-1756
0	4	-1756
0	5	-2564
0	6	-1724
0	7	-1276
0	8	6164
0	9	-796
0	10	1484
0	11	-10036
0	12	2476
0	13	2924
0	14	-5324
0	15	556
0	16	44
0	17	-436
0	18	6644
0	19	556
0	20	-3076
0	21	-8204
0	22	-3796
0	23	2116
0	24	-916
0	25	644
0	26	-5084
0	27	-1244
0	28	796
0	29	-284
1	2	3524
1	3	-3284
1	4	3916
1	5	-3196
1	6	10364
1	7	-7364
1	8	-404
1	9	2956
1	10	-2924
1	11	-2204
1	12	-1036
1	13	2836
1	14	6764
1	15	884
1	16	-5084
1	17	-1004
1	18	6316
1	19	884
1	20	-1964
1	21	-1156
1	22	2356
1	23	-676
1	24	-524
1	25	1516
1	26	-4276
1	27	-4516
1	28	-2956
1	29	8924
2	3	-6316
2	4	884
2	5	-1604
2	6	10036
2	7	1364
2	8	-1996
2	9	1844
2	10	4124
2	11	7004
2	12	-7364
2	13	-5236
2	14	2836
2	15	-2084
2	16	-4516
2	17	2204
2	18	2084
2	19	-2084
2	20	3164
2	21	-44
2	22	2444
2	23	-524
2	24	-1876
2	25	3284
2	26	3076
2	27	-284
2	28	-5444
2	29	4276
3	4	2956
3	5	1364
3	6	-3076
3	7	-1124
3	8	2236
3	9	5596
3	10	-284
3	11	-3164
3	12	-76
3	13	1876
3	14	4124
3	15	5444
3	16	4756
3	17	-9164
3	18	-1844
3	19	1844
3	20	676
3	21	-196
3	22	1396
3	23	284
3	24	-1484
3	25	-3044
3	26	7484
3	27	7244
3	28	5204
3	29	-8116
4	5	-2236
4	6	524
4	7	-1124
4	8	2236
4	9	1996
4	10	3316
4	11	4036
4	12	-76
4	13	1876
4	14	7724
4	15	1844
4	16	1156
4	17	-5564
4	18	-1844
4	19	5444
4	20	-6524
4	21	-196
4	22	4996
4	23	-3316
4	24	-5084
4	25	-3044
4	26	3884
4	27	3644
4	28	5204
4	29	2684
5	6	-4844
5	7	1844
5	8	5684
5	9	2324
5	10	-2596
5	11	284
5	12	-4244
5	13	-4756
5	14	-8444
5	15	-9764
5	16	3164
5	17	2684
5	18	-4636
5	19	-2564
5	20	44
5	21	6676
5	22	-676
5	23	-4604
5	24	-4996
5	25	-3436
5	26	-1004
5	27	-764
5	28	4876
5	29	196
6	7	1004
6	8	1244
6	9	5084
6	10	164
6	11	3044
6	12	-7004
6	13	-1996
6	14	10396
6	15	-1724
6	16	-8476
6	17	-5356
6	18	1724
6	19	1876
6	20	2804
6	21	-3284
6	22	2084
6	23	-164
6	24	1364
6	25	2924
6	26	-164
6	27	-3524
6	28	-5084
6	29	1036
7	8	8956
7	9	1516
7	10	6436
7	11	3556
7	12	-3196
7	13	-2204
7	14	1004
7	15	-4876
7	16	-2924
7	17	-6044
7	18	-5924
7	19	2324
7	20	196
7	21	-3316
7	22	-6284
7	23	764
7	24	1636
7	25	-7124
7	26	764
7	27	4124
7	28	2084
7	29	-436
8	9	1276
8	10	-1004
8	11	-3884
8	12	4244
8	13	4756
8	14	1244
8	15	-1036
8	16	-3164
8	17	-6284
8	18	1036
8	19	-1036
8	20	-7244
8	21	-3076
8	22	-2924
8	23	1004
8	24	4996
8	25	-7364
8	26	-2596
8	27	764
8	28	2324
8	29	-196
9	10	2356
9	11	-7724
9	12	-6316
9	13	916
9	14	5084
9	15	-796
9	16	-3404
9	17	-10124
9	18	-2804
9	19	-796
9	20	-284
9	21	764
9	22	-3164
9	23	1244
9	24	-2444
9	25	-404
9	26	-2356
9	27	4604
9	28	-1036
9	29	-3556
10	11	-2804
10	12	-4036
10	13	-1364
10	14	164
10	15	1484
10	16	-2084
10	17	-5204
10	18	-1484
10	19	1484
10	20	-2564
10	21	-4156
10	22	1756
10	23	-76
10	24	2476
10	25	-2684
10	26	3524
10	27	6884
10	28	8444
10	29	-1276
11	12	-1156
11	13	-7844
11	14	3044
11	15	-2836
11	16	2236
11	17	6316
11	18	-764
11	19	4364
11	20	1756
11	21	2324
11	22	-1124
11	23	-4396
11	24	-4004
11	25	-1964
11	26	2804
11	27	-1036
11	28	-3076
11	29	1604
12	13	8204
12	14	196
12	15	6076
12	16	1724
12	17	4844
12	18	4724
12	19	-1124
12	20	-8596
12	21	916
12	22	-2116
12	23	436
12	24	7964
12	25	-1276
12	26	-6764
12	27	676
12	28	-884
12	29	1636
13	14	1604
13	15	6524
13	16	3676
13	17	-3044
13	18	4276
13	19	2924
13	20	-7604
13	21	884
13	22	-3284
13	23	1364
13	24	8236
13	25	-4124
13	26	-2236
13	27	4724
13	28	-916
13	29	3764
14	15	5476
14	16	-4876
14	17	-8956
14	18	1724
14	19	5476
14	20	-796
14	21	-3284
14	22	2084
14	23	-164
14	24	1364
14	25	-676
14	26	-164
14	27	76
14	28	-1484
14	29	-2564
15	16	44
15	17	-4036
15	18	3044
15	19	-3044
15	20	524
15	21	-8204
15	22	-196
15	23	-1484
15	24	2684
15	25	644
15	26	2116
15	27	5956
15	28	796
15	29	-3884
16	17	3436
16	18	-44
16	19	7244
16	20	-1124
16	21	8804
16	22	-404
16	23	2084
16	24	316
16	25	-1244
16	26	2084
16	27	5444
16	28	-196
16	29	884
17	18	4036
17	19	-436
17	20	2956
17	21	4724
17	22	-3524
17	23	-1996
17	24	-2804
17	25	-764
17	26	-1996
17	27	-9436
17	28	-7876
17	29	7604
18	19	3044
18	20	-4124
18	21	-2596
18	22	-7004
18	23	1484
18	24	-2684
18	25	-644
18	26	-5716
18	27	-2356
18	28	-4396
18	29	284
19	20	524
19	21	2596
19	22	-3796
19	23	-1484
19	24	-916
19	25	-6556
19	26	-1484
19	27	-1244
19	28	796
19	29	-284
20	21	-1516
20	22	-884
20	23	-4636
20	24	-7364
20	25	1876
20	26	6164
20	27	-4876
20	28	-3316
20	29	-2236
21	22	1364
21	23	4156
21	24	4244
21	25	-1396
21	26	556
21	27	-2804
21	28	-4364
21	29	1756
22	23	1844
22	24	4156
22	25	9796
22	26	5444
22	27	1604
22	28	6764
22	29	644
23	24	8324
23	25	2684
23	26	3676
23	27	-3284
23	28	-8444
23	29	-2324
24	25	-284
24	26	-2476
24	27	884
24	28	-1156
24	29	-76
25	26	-916
25	27	2444
25	28	404
25	29	-2116
26	27	316
26	28	-1244
26	29	-2324
27	28	9796
27	29	-2084
28	29	-3644
