0	1	148
0	2	364
0	3	212
0	4	-212
0	5	364
0	6	340
0	7	748
0	8	-236
0	9	364
0	10	-212
0	11	-724
0	12	212
0	13	236
0	14	-236
0	15	236
1	2	-84
1	3	-364
1	4	364
1	5	-84
1	6	-236
1	7	300
1	8	212
1	9	-84
1	10	364
1	11	-148
1	12	-364
1	13	-212
1	14	212
1	15	-212
2	3	-148
2	4	148
2	5	596
2	6	748
2	7	212
2	8	300
2	9	596
2	10	148
2	11	-364
2	12	-148
2	13	-300
2	14	300
2	15	-300
3	4	-724
3	5	-148
3	6	-172
3	7	236
3	8	-748
3	9	-148
3	10	-724
3	11	-212
3	12	724
3	13	748
3	14	-748
3	15	748
4	5	148
4	6	172
4	7	-236
4	8	748
4	9	148
4	10	724
4	11	212
4	12	-724
4	13	-748
4	14	748
4	15	-748
5	6	748
5	7	212
5	8	300
5	9	596
5	10	148
5	11	-364
5	12	-148
5	13	-300
5	14	300
5	15	-300
6	7	108
6	8	404
6	9	748
6	10	172
6	11	-340
6	12	-172
6	13	-404
6	14	404
6	15	-404
7	8	-340
7	9	212
7	10	-236
7	11	-748
7	12	236
7	13	340
7	14	-340
7	15	340
8	9	300
8	10	748
8	11	236
8	12	-748
8	13	-852
8	14	852
8	15	-852
9	10	148
9	11	-364
9	12	-148
9	13	-300
9	14	300
9	15	-300
10	11	212
10	12	-724
10	13	-748
10	14	748
10	15	-748
11	12	-212
11	13	-236
11	14	236
11	15	-236
12	13	748
12	14	-748
12	15	748
13	14	-852
13	15	852
14	15	-852
