0 1 3.799901429275505
0 2 1.9106292097913586
0 3 4.6607524231969775
0 4 -0.5142106127813373
0 5 -5.646459668145227
0 6 -0.2250698209298505
0 7 6.757023164120256
0 8 5.564317397732873
0 9 1.4999178577295877
0 10 -0.3072120913422047
0 11 5.975028749794644
0 12 3.6356168884507967
0 13 4.332183341547561
0 14 -0.7606374240183998
0 15 -0.3499260719566289
0 16 -0.1429275505174963
0 17 -3.757187448661081
0 18 -6.385740101856415
0 19 0.5142106127813373
0 20 -1.5393461475275176
0 21 -1.3356333169048793
0 22 3.8393297190734352
0 23 0.4714966321669131
0 24 1.210777065878101
0 25 -0.10349926071956629
0 26 -4.128470510924922
0 27 0.3893543617545589
0 28 4.085756530310498
0 29 3.3070478068013798
0 30 -3.717759158863151
0 31 3.8393297190734352
0 32 2.7320519139149004
0 33 -0.43206834236898306
0 34 -0.2250698209298505
0 35 -0.3499260719566289
0 36 -1.292919336290455
0 37 -0.2250698209298505
0 38 -3.9214719894857892
0 39 -4.578610152784623
0 40 1.7857729587645803
0 41 -9.221291276490883
0 42 -0.18564153113192047
0 43 3.9214719894857892
0 44 4.6607524231969775
0 45 -4.29275505174963
0 46 2.7320519139149004
0 47 4.703466403811401
0 48 0.18564153113192047
0 49 -4.86775094463611
0 50 -0.7213768536085725
0 51 -0.6594676160787405
1 2 -1.1286347954657467
1 3 3.592902907836373
1 4 2.525053392475768
1 5 3.6356168884507967
1 6 -3.264333826186956
1 7 3.717759158863151
1 8 0.3893543617545589
1 9 -5.646459668145227
1 10 -3.34647609659931
1 11 0.8000657138163298
1 12 -3.5107606374240183
1 13 3.264333826186956
1 14 -1.8284869393790044
1 15 -1.4177755873172335
1 16 -3.1821915557746014
1 17 1.4177755873172335
1 18 -1.210777065878101
1 19 -2.525053392475768
1 20 3.6356168884507967
1 21 5.810744208969936
1 22 -1.3356333169048793
1 23 7.617874158041729
1 24 -3.9641859701002136
1 25 2.935764744537539
1 26 -1.0892065056678166
1 27 3.4286183670116643
1 28 3.017907014949893
1 29 4.374897322161985
1 30 3.4286183670116643
1 31 -1.3356333169048793
1 32 3.799901429275505
1 33 2.607195662888122
1 34 0.8427796944307541
1 35 -5.524889107934944
1 36 3.8820436996878596
1 37 0.8427796944307541
1 38 1.253491046492525
1 39 -7.617874158041729
1 40 -3.389190077213734
1 41 -6.1820272712337765
1 42 -1.253491046492525
1 43 -1.253491046492525
1 44 3.592902907836373
1 45 2.853622474125185
1 46 -0.3072120913422047
1 47 5.771315919172006
1 48 -2.853622474125185
1 49 -1.8284869393790044
1 56 -0.937868169810435
1 57 0.7718941378015856
2 3 1.3750616067028092
2 4 0.3072120913422047
2 5 -2.3607688516510597
2 6 -1.0464925250533925
2 7 5.9356004599967145
2 8 2.2786265812387057
2 9 0.6784951536060456
2 10 -1.1286347954657467
2 11 -1.4177755873172335
2 12 -1.292919336290455
2 13 -3.0606209955643173
2 14 -4.046328240512568
2 15 0.4714966321669131
2 16 -0.9643502546410383
2 17 3.6356168884507967
2 18 -3.1000492853622474
2 19 -0.3072120913422047
2 20 1.7463446689666502
2 21 3.592902907836373
2 22 0.5536389025792673
2 23 -2.814194184327255
2 24 2.0321997700016428
2 25 -3.389190077213734
2 26 0.8000657138163298
2 27 -7.003449975357319
2 28 0.8000657138163298
2 29 -1.6214884179398719
2 30 1.210777065878101
2 31 0.5536389025792673
2 32 -2.196484310826351
2 33 4.496467882372269
2 34 -1.0464925250533925
2 35 0.4714966321669131
2 36 -2.114342040413997
2 37 -1.0464925250533925
2 38 -0.6357811729916215
2 39 -1.292919336290455
2 40 2.607195662888122
2 41 -0.18564153113192047
2 42 -3.471332347626088
2 43 0.6357811729916215
2 44 1.3750616067028092
2 45 0.6357811729916215
2 46 1.9106292097913586
2 47 -0.2250698209298505
2 48 -4.7428946936093315
2 49 0.06078528010514211
2 62 -0.5812046741841865
2 63 -0.9208163228444743
3 4 -2.7714802037128305
3 5 -3.389190077213734
3 6 3.5107606374240183
3 7 4.7428946936093315
3 8 -0.6357811729916215
3 9 1.7857729587645803
3 10 -4.621324133399047
3 11 3.0606209955643173
3 12 -0.3499260719566289
3 13 0.5963528831936915
3 14 -2.525053392475768
3 15 -2.935764744537539
3 16 -0.6784951536060456
3 17 -1.1713487760801709
3 18 -6.757023164120256
3 19 2.7714802037128305
3 20 0.7179234434039757
3 21 2.157056021028421
3 22 5.196320026285527
3 23 0.3499260719566289
3 24 -0.3893543617545589
3 25 0.9249219648431083
3 26 -3.264333826186956
3 27 0.43206834236898306
3 28 0.8427796944307541
3 29 -0.021356990307212092
3 30 0.43206834236898306
3 31 -3.017907014949893
3 32 0.5536389025792673
3 33 -2.853622474125185
3 34 -0.5963528831936915
3 35 1.1713487760801709
3 36 0.4714966321669131
3 37 -0.5963528831936915
3 38 -1.0070642352554624
3 39 -4.457039592574339
3 40 3.1427632659766718
3 41 -6.385740101856415
3 42 -3.1000492853622474
3 43 1.0070642352554624
3 44 4.374897322161985
3 45 -3.1000492853622474
3 46 4.6607524231969775
3 47 2.6893379333004765
3 48 -5.114177755873173
3 49 1.5820601281419417
3 68 -0.20725392990888425
3 69 0.6293109100985352
4 5 3.757187448661081
4 6 -1.664202398554296
4 7 -0.43206834236898306
4 8 0.43206834236898306
4 9 0.7179234434039757
4 10 2.525053392475768
4 11 -4.085756530310498
4 12 2.6893379333004765
4 13 5.771315919172006
4 14 -1.4572038771151634
4 15 2.2391982914407755
4 16 2.3607688516510597
4 17 5.975028749794644
4 18 0.3893543617545589
4 19 -2.403482832265484
4 20 3.757187448661081
4 21 -0.8822079842286841
4 22 -1.9500574995892888
4 23 5.524889107934944
4 24 0.6784951536060456
4 25 6.0998850008214225
4 26 -2.196484310826351
4 27 1.4999178577295877
4 28 1.9106292097913586
4 29 -1.0892065056678166
4 30 1.4999178577295877
4 31 -1.9500574995892888
4 32 -0.5142106127813373
4 33 2.3213405618531295
4 34 2.4429111220634137
4 35 -1.8679152291769345
4 36 -0.5963528831936915
4 37 2.4429111220634137
4 38 2.0321997700016428
4 39 -1.4177755873172335
4 40 -8.110727780515854
4 41 2.896336454739609
4 42 -2.0321997700016428
4 43 -6.139313290619353
4 44 1.3356333169048793
4 45 2.074913750616067
4 46 -8.728437654016757
4 47 1.6214884179398719
4 48 -2.074913750616067
4 49 2.6499096435025464
4 74 0.9407569524585744
4 75 0.06281628773058445
5 6 -4.496467882372269
5 7 -5.728601938557582
5 8 -6.592738623295548
5 9 -6.878593724330541
5 10 -0.4714966321669131
5 11 -6.1820272712337765
5 12 -0.6357811729916215
5 13 0.3893543617545589
5 14 -0.5963528831936915
5 15 3.9214719894857892
5 16 -0.3072120913422047
5 17 4.29275505174963
5 18 5.771315919172006
5 19 -3.757187448661081
5 20 -1.703630688352226
5 21 2.935764744537539
5 22 -4.210612781337276
5 23 4.7428946936093315
5 24 -2.7320519139149004
5 25 4.167898800722852
5 26 0.1429275505174963
5 27 4.6607524231969775
5 28 0.1429275505174963
5 29 3.1427632659766718
5 30 4.6607524231969775
5 31 -4.210612781337276
5 32 -1.5393461475275176
5 33 3.8393297190734352
5 34 3.717759158863151
5 35 -0.18564153113192047
5 36 2.6499096435025464
5 37 3.717759158863151
5 38 8.235584031542631
5 39 -0.6357811729916215
5 40 -6.264169541646131
5 41 3.264333826186956
5 42 4.085756530310498
5 43 -0.021356990307212092
5 44 -3.389190077213734
5 45 4.085756530310498
5 46 -5.646459668145227
5 47 0.43206834236898306
5 48 0.021356990307212092
5 49 -0.5963528831936915
5 80 0.2676686657310463
5 81 -0.4474316087970238
6 7 -0.3072120913422047
6 8 0.3072120913422047
6 9 6.757023164120256
6 10 0.8427796944307541
6 11 4.8250369640216855
6 12 0.6784951536060456
6 13 -0.9249219648431083
6 14 2.196484310826351
6 15 -5.607031378347298
6 16 1.0070642352554624
6 17 -2.607195662888122
6 18 -1.1286347954657467
6 19 1.664202398554296
6 20 -0.3893543617545589
6 21 -2.485625102677838
6 22 6.796451453918186
6 23 -0.6784951536060456
6 24 0.06078528010514211
6 25 2.853622474125185
6 26 -5.278462296697881
6 27 -0.7606374240183998
6 28 -5.278462296697881
6 29 -7.864300969278791
6 30 -0.7606374240183998
6 31 -1.4177755873172335
6 32 -4.332183341547561
6 33 -1.5820601281419417
6 34 0.9249219648431083
6 35 -1.4999178577295877
6 36 -0.1429275505174963
6 37 0.9249219648431083
6 38 -2.7714802037128305
6 39 0.6784951536060456
6 40 4.7428946936093315
6 41 -2.157056021028421
6 42 -1.3356333169048793
6 43 -1.3356333169048793
6 44 -0.5963528831936915
6 45 -1.3356333169048793
6 46 3.8820436996878596
6 47 1.7463446689666502
6 48 -2.7714802037128305
6 49 6.303597831444061
6 86 -0.027913372376120238
6 87 0.4365595200243506
7 8 5.646459668145227
7 9 1.4177755873172335
7 10 -4.496467882372269
7 11 1.9500574995892888
7 12 -0.5536389025792673
7 13 0.3072120913422047
7 14 -0.6784951536060456
7 15 -4.374897322161985
7 16 -0.2250698209298505
7 17 0.26778380154427467
7 18 -6.46788237226877
7 19 0.43206834236898306
7 20 2.485625102677838
7 21 2.853622474125185
7 22 3.9214719894857892
7 23 0.5536389025792673
7 24 5.400032856908165
7 25 -4.128470510924922
7 26 0.06078528010514211
7 27 -3.6356168884507967
7 28 4.167898800722852
7 29 -0.8822079842286841
7 30 0.4714966321669131
7 31 -0.18564153113192047
7 32 2.6499096435025464
7 33 -0.3499260719566289
7 34 -0.3072120913422047
7 35 -0.26778380154427467
7 36 -1.3750616067028092
7 37 -0.3072120913422047
7 38 -4.003614259898144
7 39 -4.6607524231969775
7 40 1.8679152291769345
7 41 -5.032035485460818
7 42 -4.210612781337276
7 43 -0.10349926071956629
7 44 4.7428946936093315
7 45 -4.210612781337276
7 46 2.6499096435025464
7 47 4.621324133399047
7 48 -4.003614259898144
7 49 -0.6784951536060456
7 92 -0.8952818031147449
7 93 0.3788617932341889
8 9 2.6893379333004765
8 10 0.3893543617545589
8 11 6.264169541646131
8 12 0.5536389025792673
8 13 -0.3072120913422047
8 14 4.785608674223756
8 15 -3.8393297190734352
8 16 -3.8820436996878596
8 17 -4.374897322161985
8 18 -1.7463446689666502
8 19 -0.43206834236898306
8 20 1.6214884179398719
8 21 -2.853622474125185
8 22 0.18564153113192047
8 23 -0.5536389025792673
8 24 2.814194184327255
8 25 -4.085756530310498
8 26 -0.06078528010514211
8 27 -4.578610152784623
8 28 4.046328240512568
8 29 -3.2249055363890258
8 30 -4.578610152784623
8 31 4.29275505174963
8 32 5.564317397732873
8 33 0.3499260719566289
8 34 0.3072120913422047
8 35 -3.8393297190734352
8 36 1.3750616067028092
8 37 0.3072120913422047
8 38 -4.210612781337276
8 39 -3.5534746180384427
8 40 2.2391982914407755
8 41 -3.1821915557746014
8 42 -4.003614259898144
8 43 0.10349926071956629
8 44 -0.6357811729916215
8 45 0.10349926071956629
8 46 1.4572038771151634
8 47 3.592902907836373
8 48 -0.10349926071956629
8 49 0.6784951536060456
8 98 -0.6818253085324484
8 99 -0.6874299240953405
9 10 2.5677673730901924
9 11 3.1000492853622474
9 12 2.403482832265484
9 13 1.4572038771151634
9 14 0.4714966321669131
9 15 -3.2249055363890258
9 16 2.7320519139149004
9 17 -0.8822079842286841
9 18 -3.5107606374240183
9 19 3.389190077213734
9 20 1.3356333169048793
9 21 -4.210612781337276
9 22 5.071463775258748
9 23 -2.403482832265484
9 24 2.4429111220634137
9 25 1.1286347954657467
9 26 -2.896336454739609
9 27 -2.485625102677838
9 28 -2.896336454739609
9 29 -6.139313290619353
9 30 -2.485625102677838
9 31 0.9643502546410383
9 32 -2.607195662888122
9 33 -3.3070478068013798
9 34 -1.4572038771151634
9 35 0.8822079842286841
9 36 -2.525053392475768
9 37 -1.4572038771151634
9 38 -5.153606045671102
9 39 2.403482832265484
9 40 3.017907014949893
9 41 0.2250698209298505
9 42 -3.0606209955643173
9 43 -3.0606209955643173
9 44 1.7857729587645803
9 45 -3.0606209955643173
9 46 1.4999178577295877
9 47 -0.6357811729916215
9 48 -1.0464925250533925
9 49 4.578610152784623
9 104 -0.36661411639456
9 105 0.8227428977333946
10 11 0.8000657138163298
10 12 0.5963528831936915
10 13 3.264333826186956
10 14 -1.8284869393790044
10 15 2.6893379333004765
10 16 0.9249219648431083
10 17 1.4177755873172335
10 18 2.896336454739609
10 19 1.5820601281419417
10 20 -0.4714966321669131
10 21 -2.403482832265484
10 22 -1.3356333169048793
10 23 -0.5963528831936915
10 24 -3.9641859701002136
10 25 2.935764744537539
10 26 -1.0892065056678166
10 27 -0.6784951536060456
10 28 -5.196320026285527
10 29 0.26778380154427467
10 30 -0.6784951536060456
10 31 6.878593724330541
10 32 -4.414325611959915
10 33 2.607195662888122
10 34 -3.264333826186956
10 35 -1.4177755873172335
10 36 -0.2250698209298505
10 37 -3.264333826186956
10 38 -2.853622474125185
10 39 4.703466403811401
10 40 0.7179234434039757
10 41 2.0321997700016428
10 42 2.853622474125185
10 43 -1.253491046492525
10 44 -0.5142106127813373
10 45 2.853622474125185
10 46 -0.3072120913422047
10 47 -2.4429111220634137
10 48 5.360604567110235
10 49 -1.8284869393790044
10 110 0.3145926235128227
10 111 -0.10098476365177556
11 12 0.9643502546410383
11 13 -0.7179234434039757
11 14 4.374897322161985
11 15 -4.250041071135207
11 16 -3.471332347626088
11 17 -8.071299490717923
11 18 -1.3356333169048793
11 19 -0.021356990307212092
11 20 -2.074913750616067
11 21 -3.264333826186956
11 22 3.8820436996878596
11 23 -0.9643502546410383
11 24 -1.703630688352226
11 25 -0.3893543617545589
11 26 -4.578610152784623
11 27 -0.8822079842286841
11 28 -0.4714966321669131
11 29 -2.814194184327255
11 30 -4.989321504846394
11 31 3.8820436996878596
11 32 1.8679152291769345
11 33 -0.06078528010514211
11 34 0.7179234434039757
11 35 -4.250041071135207
11 36 1.7857729587645803
11 37 0.7179234434039757
11 38 -3.799901429275505
11 39 -3.1427632659766718
11 40 5.9356004599967145
11 41 -7.700016428454083
11 42 -0.3072120913422047
11 43 3.799901429275505
11 44 -1.0464925250533925
11 45 -0.3072120913422047
11 46 5.975028749794644
11 47 4.003614259898144
11 48 0.3072120913422047
11 49 0.26778380154427467
11 116 0.558332626063762
11 117 -0.7051886110152479
12 13 3.4286183670116643
12 14 2.4429111220634137
12 15 2.853622474125185
12 16 4.86775094463611
12 17 -2.853622474125185
12 18 -1.3750616067028092
12 19 -2.6893379333004765
12 20 -4.7428946936093315
12 21 -6.346311812058485
12 22 2.935764744537539
12 23 -0.43206834236898306
12 24 4.414325611959915
12 25 3.1000492853622474
12 26 -5.032035485460818
12 27 3.592902907836373
12 28 3.1821915557746014
12 29 0.10349926071956629
12 30 -4.621324133399047
12 31 -1.1713487760801709
12 32 -0.4714966321669131
12 33 -1.3356333169048793
12 34 4.785608674223756
12 35 2.853622474125185
12 36 -4.496467882372269
12 37 4.785608674223756
12 38 1.0892065056678166
12 39 0.43206834236898306
12 40 -3.2249055363890258
12 41 -1.9106292097913586
12 42 3.017907014949893
12 43 3.017907014949893
12 44 -0.3499260719566289
12 45 -5.196320026285527
12 46 -4.578610152784623
12 47 1.4999178577295877
12 48 1.0892065056678166
12 49 -1.664202398554296
12 122 -0.7284001125774375
12 123 -0.8228830568411536
13 14 -2.196484310826351
13 15 1.4999178577295877
13 16 3.1000492853622474
13 17 2.607195662888122
13 18 -2.9784787251519633
13 19 2.4429111220634137
13 20 0.3893543617545589
13 21 -1.6214884179398719
13 22 1.4177755873172335
13 23 4.785608674223756
13 24 -0.06078528010514211
13 25 5.360604567110235
13 26 -2.935764744537539
13 27 4.86775094463611
13 28 1.1713487760801709
13 29 3.757187448661081
13 30 0.7606374240183998
13 31 1.4177755873172335
13 32 0.2250698209298505
13 33 -2.525053392475768
13 34 -0.9249219648431083
13 35 1.4999178577295877
13 36 0.1429275505174963
13 37 -0.9249219648431083
13 38 -1.3356333169048793
13 39 -0.6784951536060456
13 40 -4.7428946936093315
13 41 -1.9500574995892888
13 42 1.3356333169048793
13 43 -2.7714802037128305
13 44 4.703466403811401
13 45 -2.7714802037128305
13 46 -3.8820436996878596
13 47 2.3607688516510597
13 48 2.7714802037128305
13 49 -2.196484310826351
13 128 -0.22141655771983082
13 129 -0.5782347304332955
14 15 -5.728601938557582
14 16 -1.9927714802037129
14 17 -6.592738623295548
14 18 4.250041071135207
14 19 -2.6499096435025464
14 20 -4.703466403811401
14 21 -4.7428946936093315
14 22 2.403482832265484
14 23 1.664202398554296
14 24 5.032035485460818
14 25 -1.8679152291769345
14 26 -1.9500574995892888
14 27 1.7463446689666502
14 28 2.157056021028421
14 29 -5.442746837522589
14 30 -2.3607688516510597
14 31 -1.703630688352226
14 32 3.34647609659931
14 33 -1.5393461475275176
14 34 6.303597831444061
14 35 -1.6214884179398719
14 36 3.264333826186956
14 37 6.303597831444061
14 38 1.7857729587645803
14 39 -1.664202398554296
14 40 0.3499260719566289
14 41 -0.9643502546410383
14 42 2.3213405618531295
14 43 2.3213405618531295
14 44 -6.632166913093478
14 45 -1.7857729587645803
14 46 -0.7606374240183998
14 47 5.482175127320519
14 48 1.7857729587645803
14 49 2.896336454739609
14 134 -0.5547852997293434
14 135 -0.4515801035164153
15 16 2.525053392475768
15 17 2.0321997700016428
15 18 0.5536389025792673
15 19 -2.2391982914407755
15 20 -0.18564153113192047
15 21 -1.0464925250533925
15 22 -6.221455561031707
15 23 -2.853622474125185
15 24 -3.592902907836373
15 25 1.8284869393790044
15 26 1.7463446689666502
15 27 1.3356333169048793
15 28 1.7463446689666502
15 29 7.289305076392312
15 30 -2.7714802037128305
15 31 1.9927714802037129
15 32 -0.3499260719566289
15 33 2.157056021028421
15 34 -1.4999178577295877
15 35 2.074913750616067
15 36 -4.539181862986693
15 37 -1.4999178577295877
15 38 2.196484310826351
15 39 2.853622474125185
15 40 -4.167898800722852
15 41 2.7320519139149004
15 42 1.9106292097913586
15 43 1.9106292097913586
15 44 1.1713487760801709
15 45 1.9106292097913586
15 46 -4.457039592574339
15 47 -6.428454082470839
15 48 2.196484310826351
15 49 -5.728601938557582
15 140 0.25741059762672225
15 141 0.5146445959144035
16 17 1.5820601281419417
16 18 -1.0464925250533925
16 19 -2.3607688516510597
16 20 -0.3072120913422047
16 21 -2.5677673730901924
16 22 2.607195662888122
16 23 -0.7606374240183998
16 24 4.085756530310498
16 25 2.7714802037128305
16 26 -1.253491046492525
16 27 3.264333826186956
16 28 -1.253491046492525
16 29 0.43206834236898306
16 30 -0.8427796944307541
16 31 -1.4999178577295877
16 32 -4.250041071135207
16 33 -1.664202398554296
16 34 1.0070642352554624
16 35 2.525053392475768
16 36 -8.275012321340562
16 37 1.0070642352554624
16 38 -2.6893379333004765
16 39 4.86775094463611
16 40 -3.5534746180384427
16 41 1.8679152291769345
16 42 2.6893379333004765
16 43 -1.4177755873172335
16 44 3.4286183670116643
16 45 -5.524889107934944
16 46 -4.250041071135207
16 47 -2.2786265812387057
16 48 1.4177755873172335
16 49 -1.9927714802037129
16 146 -0.06514992114211782
16 147 0.7203025483293841
17 18 -0.5536389025792673
17 19 2.2391982914407755
17 20 4.29275505174963
17 21 5.153606045671102
17 22 -1.9927714802037129
17 23 2.853622474125185
17 24 -0.5142106127813373
17 25 2.2786265812387057
17 26 2.3607688516510597
17 27 -1.3356333169048793
17 28 -1.7463446689666502
17 29 0.9249219648431083
17 30 6.878593724330541
17 31 -1.9927714802037129
17 32 -3.757187448661081
17 33 1.9500574995892888
17 34 -2.607195662888122
17 35 2.0321997700016428
17 36 0.43206834236898306
17 37 -2.607195662888122
17 38 1.9106292097913586
17 39 1.253491046492525
17 40 -4.046328240512568
17 41 5.482175127320519
17 42 -1.9106292097913586
17 43 -6.0177427304090685
17 44 2.935764744537539
17 45 2.196484310826351
17 46 -3.757187448661081
17 47 -1.7857729587645803
17 48 -2.196484310826351
17 49 1.6214884179398719
17 152 0.9173500537082873
17 153 -0.02570843365658071
18 19 -4.496467882372269
18 20 -2.4429111220634137
18 21 -0.43206834236898306
18 22 -3.471332347626088
18 23 1.3750616067028092
18 24 -1.9927714802037129
18 25 0.8000657138163298
18 26 0.8822079842286841
18 27 1.292919336290455
18 28 -3.2249055363890258
18 29 -1.703630688352226
18 30 1.292919336290455
18 31 0.6357811729916215
18 32 -2.2786265812387057
18 33 4.578610152784623
18 34 2.9784787251519633
18 35 -3.5534746180384427
18 36 1.9106292097913586
18 37 2.9784787251519633
18 38 3.389190077213734
18 39 2.7320519139149004
18 40 -1.4177755873172335
18 41 4.003614259898144
18 42 4.8250369640216855
18 43 0.7179234434039757
18 44 -6.757023164120256
18 45 4.8250369640216855
18 46 -2.2786265812387057
18 47 -0.3072120913422047
18 48 3.389190077213734
18 49 0.1429275505174963
18 158 0.23940730544950295
18 159 0.5903870845621901
19 20 0.3499260719566289
19 21 0.8822079842286841
19 22 1.9500574995892888
19 23 -1.4177755873172335
19 24 -0.6784951536060456
19 25 -1.9927714802037129
19 26 2.196484310826351
19 27 -1.4999178577295877
19 28 -1.9106292097913586
19 29 1.0892065056678166
19 30 2.607195662888122
19 31 1.9500574995892888
19 32 0.5142106127813373
19 33 -6.428454082470839
19 34 -6.550024642681124
19 35 5.975028749794644
19 36 4.703466403811401
19 37 -6.550024642681124
19 38 -2.0321997700016428
19 39 1.4177755873172335
19 40 4.003614259898144
19 41 1.210777065878101
19 42 -2.074913750616067
19 43 -2.074913750616067
19 44 2.7714802037128305
19 45 -2.074913750616067
19 46 4.621324133399047
19 47 -1.6214884179398719
19 48 2.074913750616067
19 49 1.4572038771151634
19 164 -0.2909889640309604
19 165 0.655530461967688
20 21 2.935764744537539
20 22 -4.210612781337276
20 23 0.6357811729916215
20 24 -2.7320519139149004
20 25 0.06078528010514211
20 26 4.250041071135207
20 27 -3.5534746180384427
20 28 0.1429275505174963
20 29 -0.9643502546410383
20 30 0.5536389025792673
20 31 -0.10349926071956629
20 32 2.5677673730901924
20 33 -0.26778380154427467
20 34 -4.496467882372269
20 35 -4.29275505174963
20 36 -1.4572038771151634
20 37 -4.496467882372269
20 38 -4.085756530310498
20 39 -0.6357811729916215
20 40 -2.157056021028421
20 41 3.264333826186956
20 42 -8.235584031542631
20 43 -8.235584031542631
20 44 4.8250369640216855
20 45 4.085756530310498
20 46 -1.5393461475275176
20 47 -3.675045178248727
20 48 -4.085756530310498
20 49 3.5107606374240183
20 170 0.558725054891863
20 171 0.40451478660873286
21 22 -1.1286347954657467
21 23 2.2391982914407755
21 24 -2.607195662888122
21 25 -1.292919336290455
21 26 2.7320519139149004
21 27 -1.7857729587645803
21 28 -1.3750616067028092
21 29 2.196484310826351
21 30 6.428454082470839
21 31 -1.1286347954657467
21 32 -1.3356333169048793
21 33 3.1427632659766718
21 34 -2.485625102677838
21 35 -1.0464925250533925
21 36 2.6893379333004765
21 37 -2.485625102677838
21 38 1.210777065878101
21 39 -2.2391982914407755
21 40 0.9249219648431083
21 41 -0.3893543617545589
21 42 -1.210777065878101
21 43 -1.210777065878101
21 44 2.157056021028421
21 45 2.896336454739609
21 46 2.7714802037128305
21 47 0.8000657138163298
21 48 -2.896336454739609
21 49 -0.6357811729916215
21 176 0.8188352922432871
21 177 -0.654354677514202
22 23 1.1713487760801709
22 24 4.539181862986693
22 25 1.7463446689666502
22 26 -6.550024642681124
22 27 1.253491046492525
22 28 -2.4429111220634137
22 29 -4.949893215048464
22 30 1.253491046492525
22 31 -2.196484310826351
22 32 -4.374897322161985
22 33 -2.0321997700016428
22 34 2.6893379333004765
22 35 1.9927714802037129
22 36 -0.3499260719566289
22 37 2.6893379333004765
22 38 -1.8284869393790044
22 39 -1.1713487760801709
22 40 3.9641859701002136
22 41 -5.564317397732873
22 42 1.8284869393790044
22 43 1.8284869393790044
22 44 1.0892065056678166
22 45 -6.385740101856415
22 46 3.8393297190734352
22 47 5.975028749794644
22 48 -1.8284869393790044
22 49 2.403482832265484
22 182 -0.6511405227687803
22 183 -0.48038328140761677
23 24 -0.3072120913422047
23 25 5.114177755873173
23 26 -3.1821915557746014
23 27 4.621324133399047
23 28 0.9249219648431083
23 29 -0.10349926071956629
23 30 4.621324133399047
23 31 -2.935764744537539
23 32 0.4714966321669131
23 33 1.3356333169048793
23 34 3.4286183670116643
23 35 -2.853622474125185
23 36 4.496467882372269
23 37 3.4286183670116643
23 38 3.017907014949893
23 39 -4.539181862986693
23 40 -4.989321504846394
23 41 -2.196484310826351
23 42 1.0892065056678166
23 43 -3.017907014949893
23 44 0.3499260719566289
23 45 1.0892065056678166
23 46 -3.6356168884507967
23 47 6.714309183505832
23 48 -1.0892065056678166
23 49 1.664202398554296
23 188 0.7546871748914878
23 189 -0.7286787947446607
24 25 -3.8393297190734352
24 26 0.18564153113192047
24 27 -0.2250698209298505
24 28 4.29275505174963
24 29 -3.471332347626088
24 30 -0.2250698209298505
24 31 -3.675045178248727
24 32 1.210777065878101
24 33 -3.5107606374240183
24 34 4.167898800722852
24 35 4.621324133399047
24 36 -2.9784787251519633
24 37 4.167898800722852
24 38 -0.3499260719566289
24 39 0.3072120913422047
24 40 -1.6214884179398719
24 41 1.1713487760801709
24 42 0.3499260719566289
24 43 0.3499260719566289
24 44 -0.3893543617545589
24 45 -7.864300969278791
24 46 -2.896336454739609
24 47 3.34647609659931
24 48 -0.3499260719566289
24 49 0.9249219648431083
24 194 0.7777850173200642
24 195 0.7833353996050685
25 26 -6.714309183505832
25 27 5.196320026285527
25 28 -2.607195662888122
25 29 -0.6784951536060456
25 30 1.0892065056678166
25 31 -2.3607688516510597
25 32 -4.210612781337276
25 33 1.9106292097913586
25 34 2.853622474125185
25 35 -2.2786265812387057
25 36 -0.18564153113192047
25 37 2.853622474125185
25 38 2.4429111220634137
25 39 -1.0070642352554624
25 40 -4.414325611959915
25 41 -1.6214884179398719
25 42 1.664202398554296
25 43 -2.4429111220634137
25 44 0.9249219648431083
25 45 1.664202398554296
25 46 -4.210612781337276
25 47 2.0321997700016428
25 48 -1.664202398554296
25 49 2.2391982914407755
25 200 0.8569695695334911
25 201 0.8286109759317988
26 27 -3.1000492853622474
26 28 1.4177755873172335
26 29 3.5107606374240183
26 30 1.0070642352554624
26 31 1.664202398554296
26 32 4.085756530310498
26 33 -2.2786265812387057
26 34 -5.278462296697881
26 35 1.7463446689666502
26 36 -0.10349926071956629
26 37 -5.278462296697881
26 38 -1.5820601281419417
26 39 3.1821915557746014
26 40 -0.3893543617545589
26 41 6.510596352883193
26 42 -2.525053392475768
26 43 -2.525053392475768
26 44 0.8427796944307541
26 45 1.5820601281419417
26 46 -0.021356990307212092
26 47 -6.0998850008214225
26 48 2.525053392475768
26 49 -1.9500574995892888
26 206 0.6304661155246043
26 207 0.8175978575180369
27 28 1.0070642352554624
27 29 3.9214719894857892
27 30 0.5963528831936915
27 31 -2.853622474125185
27 32 0.3893543617545589
27 33 -2.6893379333004765
27 34 3.34647609659931
27 35 1.3356333169048793
27 36 0.3072120913422047
27 37 3.34647609659931
27 38 2.935764744537539
27 39 -0.5142106127813373
27 40 -4.9071792344340395
27 41 -2.114342040413997
27 42 5.278462296697881
27 43 1.1713487760801709
27 44 0.43206834236898306
27 45 -2.935764744537539
27 46 -3.717759158863151
27 47 2.525053392475768
27 48 2.935764744537539
27 49 -2.3607688516510597
27 212 -0.6931130899104296
27 213 -0.6745285414502304
28 29 3.5107606374240183
28 30 -3.1000492853622474
28 31 -2.4429111220634137
28 32 8.192870050928208
28 33 -2.2786265812387057
28 34 2.935764744537539
28 35 1.7463446689666502
28 36 -0.10349926071956629
28 37 2.935764744537539
28 38 2.525053392475768
28 39 -5.032035485460818
28 40 -4.496467882372269
28 41 -1.703630688352226
28 42 -2.525053392475768
28 43 1.5820601281419417
28 44 0.8427796944307541
28 45 -2.525053392475768
28 46 -4.128470510924922
28 47 2.114342040413997
28 48 -1.5820601281419417
28 49 -1.9500574995892888
28 218 0.209988008171188
28 219 -0.444943923665303
29 30 -0.18564153113192047
29 31 3.264333826186956
29 32 3.3070478068013798
29 33 -1.0070642352554624
29 34 -3.757187448661081
29 35 3.1821915557746014
29 36 -0.7179234434039757
29 37 -3.757187448661081
29 38 0.7606374240183998
29 39 0.10349926071956629
29 40 -2.896336454739609
29 41 -1.5820601281419417
29 42 3.34647609659931
29 43 3.34647609659931
29 44 4.085756530310498
29 45 -0.7606374240183998
29 46 -0.8000657138163298
29 47 -2.935764744537539
29 48 4.86775094463611
29 49 -9.549860358140299
29 224 -0.5252558338943456
29 225 0.20362991917691575
30 31 -2.853622474125185
30 32 -3.717759158863151
30 33 1.4177755873172335
30 34 -0.7606374240183998
30 35 1.3356333169048793
30 36 4.414325611959915
30 37 -0.7606374240183998
30 38 2.935764744537539
30 39 -0.5142106127813373
30 40 -0.8000657138163298
30 41 1.9927714802037129
30 42 1.1713487760801709
30 43 -2.935764744537539
30 44 0.43206834236898306
30 45 1.1713487760801709
30 46 0.3893543617545589
30 47 2.525053392475768
30 48 -1.1713487760801709
30 49 1.7463446689666502
30 230 -0.13711482400211228
30 231 0.07285019384554392
31 32 -0.26778380154427467
31 33 2.074913750616067
31 34 -5.524889107934944
31 35 -2.114342040413997
31 36 -0.3499260719566289
31 37 -5.524889107934944
31 38 -5.9356004599967145
31 39 2.935764744537539
31 40 3.9641859701002136
31 41 -1.4572038771151634
31 42 1.8284869393790044
31 43 1.8284869393790044
31 44 1.0892065056678166
31 45 1.8284869393790044
31 46 3.8393297190734352
31 47 -2.2391982914407755
31 48 6.385740101856415
31 49 -5.810744208969936
31 236 -0.09824830766410808
31 237 -0.9443806230982887
32 33 -4.539181862986693
32 34 -0.2250698209298505
32 35 -0.3499260719566289
32 36 2.814194184327255
32 37 -0.2250698209298505
32 38 0.18564153113192047
32 39 -4.578610152784623
32 40 -2.3213405618531295
32 41 -1.0070642352554624
32 42 -4.29275505174963
32 43 -0.18564153113192047
32 44 0.5536389025792673
32 45 -0.18564153113192047
32 46 -1.3750616067028092
32 47 0.5963528831936915
32 48 0.18564153113192047
32 49 -0.7606374240183998
32 242 -0.9352861456203716
32 243 -0.5701710838648153
33 34 2.525053392475768
33 35 -6.057171020206998
33 36 -0.5142106127813373
33 37 2.525053392475768
33 38 2.114342040413997
33 39 -1.3356333169048793
33 40 0.021356990307212092
33 41 -1.292919336290455
33 42 1.9927714802037129
33 43 1.9927714802037129
33 44 -2.853622474125185
33 45 6.0998850008214225
33 46 -0.43206834236898306
33 47 1.703630688352226
33 48 -1.9927714802037129
33 49 -1.5393461475275176
33 248 0.3300008075894141
33 249 -0.7791860150547087
34 35 -1.4999178577295877
34 36 -0.1429275505174963
34 37 9.139149006078528
34 38 5.442746837522589
34 39 -3.4286183670116643
34 40 -3.471332347626088
34 41 -2.157056021028421
34 42 2.7714802037128305
34 43 2.7714802037128305
34 44 -4.703466403811401
34 45 -1.3356333169048793
34 46 -4.332183341547561
34 47 5.8534581895843605
34 48 -2.7714802037128305
34 49 2.196484310826351
34 254 -0.9676123769814735
34 255 -0.5556598418739367
35 36 -0.43206834236898306
35 37 -1.4999178577295877
35 38 2.196484310826351
35 39 2.853622474125185
35 40 -0.06078528010514211
35 41 2.7320519139149004
35 42 1.9106292097913586
35 43 1.9106292097913586
35 44 1.1713487760801709
35 45 -6.303597831444061
35 46 -0.3499260719566289
35 47 -2.3213405618531295
35 48 2.196484310826351
35 49 -1.6214884179398719
35 260 -0.7201260841637731
35 261 -0.5038555639062137
36 37 -0.1429275505174963
36 38 4.374897322161985
36 39 -4.496467882372269
36 40 1.703630688352226
36 41 -1.0892065056678166
36 42 -0.26778380154427467
36 43 -0.26778380154427467
36 44 -3.6356168884507967
36 45 3.8393297190734352
36 46 2.814194184327255
36 47 4.785608674223756
36 48 0.26778380154427467
36 49 3.264333826186956
36 266 0.09736984517046943
36 267 -0.46864658160985706
37 38 5.442746837522589
37 39 -3.4286183670116643
37 40 -3.471332347626088
37 41 -2.157056021028421
37 42 2.7714802037128305
37 43 2.7714802037128305
37 44 -4.703466403811401
37 45 -1.3356333169048793
37 46 -4.332183341547561
37 47 5.8534581895843605
37 48 -2.7714802037128305
37 49 2.196484310826351
37 272 0.0346087756405018
37 273 0.4542777786229424
38 39 -3.017907014949893
38 40 -3.8820436996878596
38 41 1.5393461475275176
38 42 2.3607688516510597
38 43 2.3607688516510597
38 44 -5.114177755873173
38 45 2.3607688516510597
38 46 -3.9214719894857892
38 47 2.157056021028421
38 48 -2.3607688516510597
38 49 1.7857729587645803
38 278 -0.098320994769866
38 279 -0.5527402617410788
39 40 0.8822079842286841
39 41 6.303597831444061
39 42 3.017907014949893
39 43 -1.0892065056678166
39 44 -0.3499260719566289
39 45 -1.0892065056678166
39 46 -0.4714966321669131
39 47 -6.714309183505832
39 48 5.196320026285527
39 49 -1.664202398554296
39 284 -0.530361778723405
39 285 -0.5235533522270854
40 41 -3.5107606374240183
40 42 -0.2250698209298505
40 43 3.8820436996878596
40 44 -0.9643502546410383
40 45 -0.2250698209298505
40 46 10.0
40 47 -0.18564153113192047
40 48 0.2250698209298505
40 49 0.3499260719566289
40 290 -0.4874161286680805
40 291 -0.6759699444324663
41 42 -1.5393461475275176
41 43 -5.646459668145227
41 44 -2.2786265812387057
41 45 2.5677673730901924
41 46 -5.114177755873173
41 47 -7.085592245769673
41 48 1.5393461475275176
41 49 3.1427632659766718
41 296 0.7695385340005705
41 297 -0.3812881488382889
42 43 5.8534581895843605
42 44 -3.1000492853622474
42 45 -2.3607688516510597
42 46 -0.18564153113192047
42 47 1.9500574995892888
42 48 6.46788237226877
42 49 -5.89288647938229
42 302 0.39044473919803613
42 303 0.07033631783647731
43 44 -3.1000492853622474
43 45 -2.3607688516510597
43 46 3.9214719894857892
43 47 1.9500574995892888
43 48 2.3607688516510597
43 49 -5.89288647938229
43 308 0.2713212445333366
43 309 -0.7035842062224411
44 45 -3.1000492853622474
44 46 0.5536389025792673
44 47 -1.4177755873172335
44 48 -1.0070642352554624
44 49 -2.525053392475768
44 314 -0.0022911569897758888
44 315 -0.27293123786491447
45 46 -0.18564153113192047
45 47 -2.157056021028421
45 48 -1.7463446689666502
45 49 2.3213405618531295
45 320 0.43695205521320535
45 321 0.5594702425870075
46 47 0.5963528831936915
46 48 0.18564153113192047
46 49 -0.7606374240183998
46 326 0.6463723112414772
46 327 -0.052153608078642666
47 48 -1.9500574995892888
47 49 1.3750616067028092
47 332 -0.34498390380494626
47 333 0.9171109850597741
48 49 -6.428454082470839
48 338 -0.922338343989908
48 339 -0.5981960665850037
49 344 -0.5971848599179594
49 345 0.12399426516872403
50 52 0.6710342998888628
50 53 -0.06763904103068819
51 54 0.29536228100543127
51 55 -0.25084465883193374
52 73 0.9170972735220977
54 124 -0.7780896506138142
55 62 -0.8558805594192325
56 58 -0.5284515666302452
56 59 -0.38100297205591804
57 60 -0.16397273068997964
57 61 -0.590297082616231
61 131 -0.9610785372086661
62 64 -0.0932380616995363
62 65 0.21073139518871553
63 66 -0.8573646191270345
63 67 0.22760979969810435
63 152 -0.9353308061057455
63 168 -0.8308741269662314
68 70 0.24529240074456937
68 71 -0.6681806406884097
69 72 -0.08748222099718972
69 73 -0.35881325931997554
74 76 -0.6373885678854654
74 77 -0.31056615608028104
75 78 0.5274211981741055
75 79 -0.7206766028396239
76 115 0.44613401937274055
77 348 -0.8886312534396807
80 82 -0.5462105828158621
80 83 -0.6246881140435343
81 84 -0.9984173435023065
81 85 -0.03162284535729576
81 86 -0.22240582559068933
81 261 0.2902694226106739
83 91 0.39504287036974084
86 88 -0.5275690781903088
86 89 -0.9071250487904954
87 90 0.7501285242424196
87 91 -0.09580070294201648
88 265 -0.4403905930463643
90 97 -0.0842454383232556
92 94 -0.9115417566575688
92 95 -0.772437184861424
92 262 0.9535806919061998
92 330 -0.4753028947954019
93 96 -0.7508886509638537
93 97 -0.9254860181811477
94 261 -0.2843707211999884
98 100 -0.5417247904501372
98 101 0.49199695472383786
99 102 0.37299495514570724
99 103 -0.9586525206564396
104 106 -0.3052176416961827
104 107 -0.4333930064222449
105 108 -0.1923527819263562
105 109 0.28498882584904717
106 110 0.7050368752004657
110 112 -0.3722166495204531
110 113 -0.9435264415584599
111 114 -0.30486074795674223
111 115 -0.07055190195163519
115 191 -0.6118051236168278
116 118 -0.5108267855718336
116 119 0.25832780638150354
117 120 -0.8983147494941506
117 121 -0.31451068899388646
119 207 0.987990624008674
119 229 0.5468927683498572
119 237 0.3275113674913104
120 275 0.40229215044771727
122 124 0.9279205699772954
122 125 -0.607010797944461
123 126 -0.3634856897453931
123 127 -0.9497645930729772
125 198 0.05629020293518994
128 130 -0.14925035239194107
128 131 -0.40739040669845683
128 252 -0.3806562396191009
129 132 -0.18781316530602243
129 133 -0.8475781139103566
131 289 0.5012486790030126
132 139 -0.9102284656110773
132 145 -0.11719248338094435
134 136 -0.25211274271663253
134 137 -0.7015631529356254
134 233 0.991918734482303
135 138 0.5785091710215542
135 139 -0.7552247278760273
137 169 -0.23276321292791935
137 292 -0.1538124156724252
139 270 -0.3364504476843535
140 142 -0.6943288017241642
140 143 0.29720589204644465
141 144 -0.5924426912422032
141 145 -0.7425810673801474
144 203 -0.6604383931722417
146 148 -0.7097564742216431
146 149 -0.3068264033827779
147 150 0.0009535718639130941
147 151 -0.6590047836944088
152 154 -0.24288536223458745
152 155 0.3972644414899378
153 156 -0.9746344815176644
153 157 -0.8672128791933762
158 160 0.7473618781752447
158 161 -0.008281711251029167
159 162 -0.6479470812125403
159 163 -0.5900926178212202
163 205 -0.3250726838585203
164 166 -0.6371594364934725
164 167 0.36983860875938745
165 168 -0.3240456794967479
165 169 -0.7388986332860712
170 172 -0.6845069311780914
170 173 -0.4984229125030286
171 174 -0.9864123271996714
171 175 -0.922442030771055
176 178 0.3003232293425162
176 179 -0.5562593688108324
177 180 -0.665028914159375
177 181 -0.7480887541900305
178 283 -0.34609033535725
179 241 -0.4499231168781719
182 184 0.17697209708909933
182 185 -0.8633351706945016
183 186 0.2812601075997714
183 187 -0.48714024421825974
188 190 -0.07966013068808486
188 191 -0.633043758704916
189 192 0.9058286611338753
189 193 0.5113297876052856
191 254 -0.1456179666743811
194 196 -0.7096574091840686
194 197 -0.004732902778215697
194 198 0.06352393375178811
195 198 -0.309257503917314
195 199 -0.6981443714465809
200 202 -0.255219306742136
200 203 -0.09944440351065231
200 256 -0.8763834679763107
201 204 0.014735353724997902
201 205 -0.9838706626863789
206 208 -0.45185886539413467
206 209 -0.7199371644508834
207 210 0.3702249731504592
207 211 -0.8986181163803519
211 283 0.9805723769431032
212 214 0.14863293639730002
212 215 -0.8025208166411333
213 216 -0.9427014695344138
213 217 -0.487412766110908
216 269 -0.0632319491029587
218 220 -0.16511391666880204
218 221 -0.4214722210341739
219 222 0.651590597145101
219 223 -0.4513057076068434
220 317 0.9903865862037984
224 226 0.03396524104846277
224 227 -0.1522624271317552
225 228 0.27985423921863717
225 229 -0.8190312251315894
228 247 -0.1126514325892578
230 232 -0.022948378013171178
230 233 -0.2435659245469315
231 234 0.59019365281508
231 235 -0.22398571210864193
232 269 0.017038106309031464
236 238 -0.7606719619020639
236 239 -0.17891178551797737
237 240 -0.9003406172844284
237 241 -0.40898007323585217
237 336 -0.3093513302882649
242 244 -0.45172700850625147
242 245 -0.6381738426367578
243 246 -0.560055211015422
243 247 -0.6794952526223299
248 250 -0.8220915204503971
248 251 -0.4981755924280904
249 252 -0.23029767856036387
249 253 -0.1210080447743267
254 256 0.22697742520589026
254 257 -0.5114687822544604
255 258 0.16679882797933487
255 259 -0.8009226477734364
260 262 -0.11660525321386639
260 263 -0.5120134774753853
260 296 0.058684142737778444
261 264 0.6384826085861555
261 265 0.21972923761395302
261 271 -0.6609750854354859
261 278 -0.38084456042812365
266 268 -0.6982301724750255
266 269 -0.8780155197632471
266 286 -0.5641343662901939
267 270 0.031211712690995874
267 271 -0.7772598403855324
272 274 -0.27079285373936757
272 275 -0.9685454533664364
273 276 -0.17451269340071174
273 277 -0.3601521611452536
278 280 -0.3041261331470759
278 281 -0.09393448698953688
279 282 -0.9012163121669325
279 283 -0.17792298140322216
284 286 -0.6702978482074013
284 287 -0.7123102753944341
285 288 -0.6003238894200189
285 289 -0.9086193254588852
287 345 0.504749348851179
290 292 -0.8669322279737686
290 293 -0.6604375954515904
291 294 -0.7927712868613785
291 295 0.23962676213720746
296 298 -0.9708786462679753
296 299 -0.42959179329735253
297 300 -0.2262785063020809
297 301 0.16903172632510177
302 304 -0.33366869879581973
302 305 0.812029631148389
303 306 -0.30549225824602977
303 307 -0.5638285827348399
303 344 0.8294360047878702
308 310 0.10707167729114175
308 311 0.18274716443971695
309 312 -0.5627385862398697
309 313 0.6920422424213806
314 316 0.7374541761052358
314 317 0.4387855053540375
315 318 -0.5274667856206998
315 319 -0.11879495455790812
320 322 -0.1525690204804102
320 323 -0.08354500964428402
321 324 0.12123851279862596
321 325 -0.8594525778691102
326 328 0.1545339612151071
326 329 0.03695624432872724
327 330 -0.9108476170811017
327 331 -0.9175187209016804
332 334 -0.6872097076696884
332 335 -0.16665362883766055
333 336 0.41691790783533644
333 337 -0.3405598244581729
338 340 0.47513251786657684
338 341 0.4214804549085074
339 342 -0.6605624372019732
339 343 0.0922529315113989
344 346 0.07894633064586198
344 347 0.016952796531571
345 348 0.505725401413265
345 349 0.5027670949718834
0 0 -0.2209263596930171
1 1 0.3859537605554264
2 2 0.5016895250115145
3 3 1.3127286796918858
4 4 1.0840905092797875
5 5 1.8731590892015169
6 6 -0.3505052643114377
7 7 -0.2222942870455391
8 8 0.895483989761615
9 9 1.1174542977773005
10 10 0.4508609795440904
11 11 1.8974614273922432
12 12 -1.5275105618639648
13 13 0.31577951244136315
14 14 1.1701600732552957
15 15 1.396729807486762
16 16 -1.677687972640578
17 17 0.046973459878232766
18 18 -1.785013824428006
19 19 -1.9981083427324102
20 20 -0.44280992022936255
21 21 -0.5947699736939249
22 22 -1.1689104195769868
23 23 0.568489513567001
24 24 0.6898985467364116
25 25 0.813710341724459
26 26 -0.7235528739545726
27 27 -0.6596480876259281
28 28 1.05791216565905
29 29 -1.4320857348426421
30 30 -0.5570775853365055
31 31 0.6411011322326257
32 32 -1.4923973978553677
33 33 -1.5303851413477458
34 34 -1.8142740009261038
35 35 -1.6355858706962247
36 36 -0.23543996102969178
37 37 0.15625527956697427
38 38 -1.7605757732953444
39 39 1.9088291898993124
40 40 1.116262598150704
41 41 -0.6729141692989464
42 42 -1.9923800055882113
43 43 -1.0072659156451023
44 44 0.9803131748511068
45 45 -1.0975332184091524
46 46 -1.622977694779403
47 47 0.7852899587889919
48 48 -1.8602938780321066
49 49 -1.8701949834087739
50 50 1.0197848032924006
51 51 1.430934198473797
52 52 0.5830095511105924
53 53 1.4839224358922798
54 54 1.0497024109589392
55 55 -0.3329675411686104
56 56 -0.7499857720085905
57 57 1.0530214510373765
58 58 -1.1692594995884265
59 59 -1.2166831217822986
60 60 1.2065956963962856
61 61 0.3958480466159182
62 62 -1.9275288391746612
63 63 1.3648593565159348
64 64 -1.185075381824678
65 65 0.9565911932825366
66 66 -1.6299684520839022
67 67 0.42262647782392687
68 68 0.8536514443294562
69 69 -1.7381812357117754
70 70 -0.371281696816379
71 71 -0.36205271405821104
72 72 0.27553811057491107
73 73 -1.7205931467218742
74 74 0.43802724400532345
75 75 -1.9784813456712003
76 76 0.08238404313508507
77 77 0.9470027503053285
78 78 -0.540106343449132
79 79 -1.0532438734838951
80 80 1.2160391479265886
81 81 -0.16645761623149816
82 82 -1.5263500100383132
83 83 -0.4836643443827304
84 84 1.8765764191497771
85 85 1.6991568498970386
86 86 -1.6172562776515003
87 87 -1.0622693275913693
88 88 0.16892902029230106
89 89 0.6277734675142357
90 90 1.8220092162451675
91 91 0.5021277743952637
92 92 -1.7694733346333984
93 93 1.2637504390478025
94 94 1.1123673721127028
95 95 -1.6319540427189494
96 96 1.078240479823203
97 97 0.8282118296313725
98 98 0.4154752243496982
99 99 0.4805598894067247
100 100 -0.9337431986402129
101 101 1.2849662792417735
102 102 1.4361920961688304
103 103 0.2718097126783263
104 104 1.358566106918425
105 105 -0.2590066824755213
106 106 0.20392414709416196
107 107 -0.7305393231744821
108 108 0.12514378136100257
109 109 -0.5698102282367343
110 110 -1.3216232790870572
111 111 1.0106075739601956
112 112 -0.47329103111016174
113 113 -0.1539707927783205
114 114 -1.5783291503903243
115 115 -0.9758279761452329
116 116 1.0744292974121183
117 117 0.7888030134959112
118 118 -1.3456250514191923
119 119 -0.15683257853308863
120 120 0.5786988266079915
121 121 1.3328455476098893
122 122 1.7523747032434227
123 123 0.4922933243328434
124 124 0.0654098676450574
125 125 1.6045549749734778
126 126 -1.8814932271449811
127 127 1.6590245874054108
128 128 1.0060706360179217
129 129 -0.6709992550534909
130 130 -1.080022647192152
131 131 1.2281586412995216
132 132 -0.20837212499299176
133 133 -1.9864837301308789
134 134 0.12967536623093956
135 135 -0.3731842081198309
136 136 0.18228928103924513
137 137 -0.14470698094896584
138 138 0.831265298976378
139 139 1.2058913535615003
140 140 1.195866205963183
141 141 -1.0410231983041065
142 142 -0.7846003128335299
143 143 1.062007260139783
144 144 -0.22641112052551507
145 145 -0.478216976934355
146 146 0.10940245165641782
147 147 0.537314504465384
148 148 -1.403918416879658
149 149 1.7655469636148817
150 150 -0.45915388323539785
151 151 1.0583120739858511
152 152 -1.6629355247407607
153 153 -0.11396598795613012
154 154 -1.3802336467669942
155 155 1.5511622553032576
156 156 0.8785590638271584
157 157 1.4432280728963973
158 158 0.37718751711319604
159 159 -1.6532286751751968
160 160 1.654087775662889
161 161 -0.8659055557407203
162 162 0.9973007439101411
163 163 -0.9540316519091996
164 164 0.10771992114420703
165 165 0.5656382296160483
166 166 -1.817672026571423
167 167 0.9203653668017631
168 168 0.3728031862473231
169 169 -0.30378066234208045
170 170 -0.478793760234594
171 171 1.8198292123936537
172 172 -0.699144446158714
173 173 1.356033677153263
174 174 -1.3618583509159585
175 175 1.275215458557636
176 176 -1.74704654760547
177 177 1.2702216807573583
178 178 -1.9674884985128096
179 179 -1.3618168986689452
180 180 -1.9889964103743396
181 181 -0.82004776183387
182 182 1.5623021387993008
183 183 0.6273975697479771
184 184 -0.8152502118059068
185 185 0.48349315647186986
186 186 0.7119774104667896
187 187 -0.2309658238985599
188 188 1.8666140073839603
189 189 -0.717308998274512
190 190 -0.6449062291500032
191 191 1.4928091112726203
192 192 0.41083397264658755
193 193 0.37895904493503973
194 194 0.07666491616992133
195 195 -1.6032448215276485
196 196 1.922674854171266
197 197 -0.1446046579790452
198 198 -0.21409111048135324
199 199 -1.3176542124846002
200 200 1.9090756723714086
201 201 -1.704969845655132
202 202 0.7297330643043889
203 203 -0.7602869722472896
204 204 0.2699530211971899
205 205 -0.15720695363451487
206 206 -0.0770293681043066
207 207 1.1164539220849004
208 208 0.9498674936434459
209 209 -0.17011589172063513
210 210 0.8473318937206775
211 211 -0.6736896001162647
212 212 1.0733645461422054
213 213 -1.3672891982759026
214 214 0.9071048040579527
215 215 1.1291777642690342
216 216 -1.271269872862625
217 217 1.3452107443150316
218 218 1.9596003926702863
219 219 1.5674721668108975
220 220 -1.1131068083980193
221 221 1.5541010791843117
222 222 1.1385373675677926
223 223 1.150528675601572
224 224 1.1257860654530263
225 225 0.7931854849985172
226 226 -1.8863916537567793
227 227 -1.7065248956478634
228 228 1.4267557632863053
229 229 1.971908355086489
230 230 0.7436586386883248
231 231 -0.663575446443986
232 232 1.3796966443956187
233 233 -0.9765858077502308
234 234 -0.6296683276628978
235 235 0.388273108557323
236 236 1.5619131019626529
237 237 0.5181693129342513
238 238 -1.1416294608324504
239 239 -1.3017104251596994
240 240 -0.23424869307675378
241 241 1.2988351409151924
242 242 -0.21459362453171593
243 243 -0.13767636848151543
244 244 -0.28351008926299537
245 245 -0.06616027470192742
246 246 -1.5430467867387987
247 247 0.03621426058828048
248 248 1.7790452568680428
249 249 0.7969510779183008
250 250 0.5558608739574793
251 251 -1.5265805233196033
252 252 -1.4979488642113528
253 253 1.5807714866692661
254 254 0.3227371381651678
255 255 0.8361981282486469
256 256 1.3160678330924807
257 257 -1.0587138542127557
258 258 0.2967172340205537
259 259 -1.9053878444736194
260 260 1.1657500163754348
261 261 0.7612660022260204
262 262 0.8289438667466409
263 263 1.6860297557215635
264 264 -1.5915276967952798
265 265 -1.5751811047993391
266 266 1.213711605049871
267 267 -0.7049797796765499
268 268 0.6245189240964306
269 269 0.347563264058079
270 270 0.5406506337826289
271 271 -0.5392177084992889
272 272 -0.025644492593860146
273 273 -1.4558861795707754
274 274 1.5775310895299286
275 275 1.0728775001973925
276 276 1.4004385506821724
277 277 0.6618671219864183
278 278 0.404397760321884
279 279 -1.0674723141789149
280 280 -0.5210543491315858
281 281 -1.3505693389534343
282 282 -1.3777897980837377
283 283 -0.5621119636403074
284 284 -0.9500787661214751
285 285 0.18246784341874633
286 286 -0.07437404671641756
287 287 0.05537515365921397
288 288 -1.489790736921397
289 289 -0.5274851041820088
290 290 0.8220113265037217
291 291 -1.977900939696208
292 292 1.7141321856904888
293 293 -0.49526644199576175
294 294 -1.9198387018459095
295 295 1.4035791849825086
296 296 1.7910390187415393
297 297 1.637506494093769
298 298 -1.370775858324086
299 299 -1.155695116993002
300 300 0.282359663555261
301 301 -1.2988938099326017
302 302 1.9071328442127975
303 303 0.9313463075321171
304 304 0.516094720649825
305 305 -0.2745602976543444
306 306 0.7274765416156025
307 307 1.965944831168911
308 308 -1.4009585553087467
309 309 1.0846778948563385
310 310 0.006226587440689713
311 311 -0.6803049360715092
312 312 -0.9153481166579379
313 313 -1.5920528726003016
314 314 -1.4933136780113245
315 315 1.8428310252184654
316 316 0.6128195797529052
317 317 0.826501184592281
318 318 -0.04075418300155009
319 319 -1.9850300936272496
320 320 1.2768029015314766
321 321 -0.710816095229213
322 322 -0.8523859340966583
323 323 -0.7290125590486195
324 324 1.6205044808541307
325 325 -1.3725220831281535
326 326 0.022737264056625243
327 327 -0.45947129554728905
328 328 -1.9027404490728772
329 329 1.4277272274920163
330 330 0.5525309058054431
331 331 -0.4047843437648507
332 332 0.8568278177143536
333 333 0.19556476940760084
334 334 0.594744444473025
335 335 0.20587890933254996
336 336 -1.5336955563752923
337 337 0.16943035746626212
338 338 0.5724717117785003
339 339 0.5147812449260303
340 340 -0.4486164720355412
341 341 0.4417405195507254
342 342 -1.989133815592229
343 343 0.6429672276349856
344 344 -0.21360770017543373
345 345 1.143650363454153
346 346 0.18610956041664517
347 347 -0.34442384117240815
348 348 -1.406575694718594
349 349 -0.8736613759924712
