0 1 -0.4925053533190578
0 2 -3.147751605995717
0 3 -0.7066381156316917
0 4 -0.06423982869379015
0 5 -2.0770877944325483
0 6 -2.9336188436830835
0 7 -9.486081370449678
0 8 0.7066381156316917
0 9 2.71948608137045
0 10 -2.291220556745182
0 11 6.488222698072805
0 12 3.2762312633832975
0 13 0.06423982869379015
0 14 6.145610278372591
0 15 -0.5781584582441114
0 16 0.278372591006424
0 17 3.918629550321199
0 18 0.5781584582441114
0 19 3.7044967880085653
0 20 0.06423982869379015
0 21 -0.9207708779443254
0 22 -0.278372591006424
0 23 6.488222698072805
0 24 0.9207708779443254
0 25 -0.3640256959314775
0 26 3.918629550321199
0 27 -6.573875802997859
0 28 -9.143468950749465
0 29 3.918629550321199
0 30 0.4385512668307301
0 31 0.7128042425547527
1 2 6.488222698072805
1 3 -3.918629550321199
1 4 -3.2762312633832975
1 5 -5.289079229122056
1 6 0.278372591006424
1 7 0.14989293361884368
1 8 3.918629550321199
1 9 5.9314775160599575
1 10 0.9207708779443254
1 11 -3.147751605995717
1 12 0.06423982869379015
1 13 3.2762312633832975
1 14 -3.4903640256959316
1 15 2.633832976445396
1 16 -2.9336188436830835
1 17 0.7066381156316917
1 18 -2.633832976445396
1 19 6.916488222698073
1 20 3.2762312633832975
1 21 2.291220556745182
1 22 2.9336188436830835
1 23 -3.147751605995717
1 24 -2.291220556745182
1 25 -3.576017130620985
1 26 0.7066381156316917
1 27 -3.3618843683083512
1 28 0.4925053533190578
1 29 0.7066381156316917
1 36 0.5629567517715071
1 37 -0.0031929022622028125
2 3 -6.145610278372591
2 4 -0.3640256959314775
2 5 -3.918629550321199
2 6 -3.062098501070664
2 7 2.633832976445396
2 8 -0.278372591006424
2 9 3.2762312633832975
2 10 -3.7044967880085653
2 11 -6.059957173447537
2 12 3.576017130620985
2 13 0.3640256959314775
2 14 -6.573875802997859
2 15 7.430406852248394
2 16 0.14989293361884368
2 17 -3.4903640256959316
2 18 -1.006423982869379
2 19 3.147751605995717
2 20 0.3640256959314775
2 21 6.916488222698073
2 22 -0.14989293361884368
2 23 -6.059957173447537
2 24 -0.4925053533190578
2 25 0.7922912205567452
2 26 -3.4903640256959316
2 27 0.5781584582441114
2 28 3.147751605995717
2 29 2.9336188436830835
2 42 0.8716769784959113
2 43 0.7509617019645165
3 4 -3.4903640256959316
3 5 1.3490364025695931
3 6 6.916488222698073
3 7 -0.06423982869379015
3 8 -2.291220556745182
3 9 -0.7066381156316917
3 10 1.1349036402569592
3 11 3.4903640256959316
3 12 -6.145610278372591
3 13 3.4903640256959316
3 14 2.71948608137045
3 15 -3.576017130620985
3 16 -2.71948608137045
3 17 0.9207708779443254
3 18 -2.84796573875803
3 19 -5.717344753747323
3 20 3.4903640256959316
3 21 -4.346895074946467
3 22 2.71948608137045
3 23 3.4903640256959316
3 24 -2.0770877944325483
3 25 3.062098501070664
3 26 0.9207708779443254
3 27 3.2762312633832975
3 28 0.7066381156316917
3 29 -5.503211991434689
3 48 0.02527959864050877
3 49 -0.7075102837311593
4 5 0.7066381156316917
4 6 -6.573875802997859
4 7 0.5781584582441114
4 8 3.4903640256959316
4 9 -6.488222698072805
4 10 0.4925053533190578
4 11 -3.576017130620985
4 12 6.059957173447537
4 13 -10.0
4 14 3.3618843683083512
4 15 2.2055674518201287
4 16 9.486081370449678
4 17 -6.145610278372591
4 18 -2.2055674518201287
4 19 0.06423982869379015
4 20 -3.576017130620985
4 21 2.71948608137045
4 22 -9.486081370449678
4 23 2.84796573875803
4 24 -2.71948608137045
4 25 -4.004282655246253
4 26 0.278372591006424
4 27 2.633832976445396
4 28 0.06423982869379015
4 29 0.278372591006424
4 54 -0.42328082341193407
4 55 0.16150313167914532
5 6 2.291220556745182
5 7 3.7044967880085653
5 8 -1.3490364025695931
5 9 -2.0770877944325483
5 10 1.6488222698072805
5 11 -0.7066381156316917
5 12 -3.918629550321199
5 13 -0.7066381156316917
5 14 0.9207708779443254
5 15 -6.488222698072805
5 16 -0.9207708779443254
5 17 1.8629550321199144
5 18 6.488222698072805
5 19 -4.346895074946467
5 20 -0.7066381156316917
5 21 -4.860813704496788
5 22 0.9207708779443254
5 23 -0.7066381156316917
5 24 4.860813704496788
5 25 -0.278372591006424
5 26 1.8629550321199144
5 27 -0.4925053533190578
5 28 2.0770877944325483
5 29 1.8629550321199144
5 60 0.24474571737046968
5 61 -0.10723656245705193
6 7 2.84796573875803
6 8 -0.4925053533190578
6 9 3.4903640256959316
6 10 2.5053533190578157
6 11 0.14989293361884368
6 12 -9.486081370449678
6 13 6.573875802997859
6 14 0.06423982869379015
6 15 -5.63169164882227
6 16 -6.488222698072805
6 17 2.71948608137045
6 18 -0.7922912205567452
6 19 -3.4903640256959316
6 20 6.573875802997859
6 21 -5.717344753747323
6 22 6.488222698072805
6 23 0.14989293361884368
6 24 -0.7066381156316917
6 25 0.5781584582441114
6 26 2.71948608137045
6 27 0.3640256959314775
6 28 2.9336188436830835
6 29 -3.7044967880085653
6 66 -0.2876632886685935
6 67 -0.48166010843184726
7 8 0.06423982869379015
7 9 -3.062098501070664
7 10 3.4903640256959316
7 11 -7.002141327623126
7 12 -3.790149892933619
7 13 -0.5781584582441114
7 14 -6.059957173447537
7 15 -1.220556745182013
7 16 -0.3640256959314775
7 17 -3.147751605995717
7 18 1.220556745182013
7 19 -3.3618843683083512
7 20 -0.5781584582441114
7 21 -0.278372591006424
7 22 0.3640256959314775
7 23 -7.002141327623126
7 24 0.278372591006424
7 25 -1.006423982869379
7 26 -3.147751605995717
7 27 5.63169164882227
7 28 9.486081370449678
7 29 -3.147751605995717
7 72 -0.9287903009279377
7 73 -0.8158546983373767
8 9 0.7066381156316917
8 10 5.289079229122056
8 11 -3.4903640256959316
8 12 -0.278372591006424
8 13 -3.4903640256959316
8 14 3.7044967880085653
8 15 -2.84796573875803
8 16 2.71948608137045
8 17 -0.9207708779443254
8 18 -3.576017130620985
8 19 5.717344753747323
8 20 2.9336188436830835
8 21 -2.0770877944325483
8 22 -2.71948608137045
8 23 2.9336188436830835
8 24 -4.346895074946467
8 25 -9.486081370449678
8 26 5.503211991434689
8 27 -3.2762312633832975
8 28 -0.7066381156316917
8 29 -0.9207708779443254
8 78 -0.5088754370657926
8 79 -0.3843681682341076
9 10 -2.291220556745182
9 11 0.06423982869379015
9 12 -3.147751605995717
9 13 6.488222698072805
9 14 -0.278372591006424
9 15 -0.5781584582441114
9 16 -6.145610278372591
9 17 3.918629550321199
9 18 0.5781584582441114
9 19 3.7044967880085653
9 20 6.488222698072805
9 21 -0.9207708779443254
9 22 6.145610278372591
9 23 0.06423982869379015
9 24 0.9207708779443254
9 25 -0.3640256959314775
9 26 3.918629550321199
9 27 -6.573875802997859
9 28 -2.71948608137045
9 29 3.918629550321199
9 84 0.1393525466598764
9 85 -0.47303378814630714
10 11 -0.4925053533190578
10 12 -3.7044967880085653
10 13 -0.4925053533190578
10 14 0.7066381156316917
10 15 -6.274089935760172
10 16 -0.7066381156316917
10 17 2.0770877944325483
10 18 -0.14989293361884368
10 19 2.291220556745182
10 20 -0.4925053533190578
10 21 -5.074946466809422
10 22 0.7066381156316917
10 23 -0.4925053533190578
10 24 -1.3490364025695931
10 25 -6.488222698072805
10 26 2.0770877944325483
10 27 -0.278372591006424
10 28 2.291220556745182
10 29 -4.346895074946467
10 90 0.2673717888039515
10 91 0.3246353073311943
11 12 0.3640256959314775
11 13 3.576017130620985
11 14 3.062098501070664
11 15 -2.2055674518201287
11 16 -3.062098501070664
11 17 6.145610278372591
11 18 2.2055674518201287
11 19 -0.06423982869379015
11 20 -2.84796573875803
11 21 -2.71948608137045
11 22 3.062098501070664
11 23 3.576017130620985
11 24 2.71948608137045
11 25 4.004282655246253
11 26 -0.278372591006424
11 27 -2.633832976445396
11 28 -6.488222698072805
11 29 -0.278372591006424
11 96 0.711379547703185
11 97 0.7968222481783673
12 13 -6.059957173447537
12 14 -0.14989293361884368
12 15 7.430406852248394
12 16 6.573875802997859
12 17 -3.4903640256959316
12 18 -1.006423982869379
12 19 3.147751605995717
12 20 -6.059957173447537
12 21 6.916488222698073
12 22 -6.573875802997859
12 23 0.3640256959314775
12 24 -0.4925053533190578
12 25 0.7922912205567452
12 26 -3.4903640256959316
12 27 0.5781584582441114
12 28 -3.2762312633832975
12 29 2.9336188436830835
12 102 -0.04442539664888012
12 103 0.9410243374252509
13 14 -3.3618843683083512
13 15 -2.2055674518201287
13 16 -9.486081370449678
13 17 6.145610278372591
13 18 2.2055674518201287
13 19 -0.06423982869379015
13 20 3.576017130620985
13 21 -2.71948608137045
13 22 9.486081370449678
13 23 -2.84796573875803
13 24 2.71948608137045
13 25 4.004282655246253
13 26 -0.278372591006424
13 27 -2.633832976445396
13 28 -0.06423982869379015
13 29 -0.278372591006424
13 108 -0.035386113663733676
13 109 0.40446472895744523
14 15 -4.004282655246253
14 16 3.2762312633832975
14 17 0.4925053533190578
14 18 -2.4197002141327624
14 19 0.278372591006424
14 20 3.062098501070664
14 21 -3.918629550321199
14 22 -3.2762312633832975
14 23 9.486081370449678
14 24 -2.5053533190578157
14 25 -3.790149892933619
14 26 6.916488222698073
14 27 -3.576017130620985
14 28 -6.145610278372591
14 29 0.4925053533190578
14 114 0.5177856017396536
14 115 -0.4481154657695565
15 16 4.004282655246253
15 17 -6.059957173447537
15 18 -4.860813704496788
15 19 0.5781584582441114
15 20 -2.2055674518201287
15 21 9.486081370449678
15 22 -4.004282655246253
15 23 -2.2055674518201287
15 24 -3.062098501070664
15 25 4.646680942184155
15 26 -6.059957173447537
15 27 4.43254817987152
15 28 0.5781584582441114
15 29 0.3640256959314775
15 120 0.5302281915783174
15 121 0.3942326324570804
16 17 -6.916488222698073
16 18 -4.004282655246253
16 19 -0.278372591006424
16 20 -3.062098501070664
16 21 3.918629550321199
16 22 -9.571734475374733
16 23 3.3618843683083512
16 24 -3.918629550321199
16 25 -2.633832976445396
16 26 -0.4925053533190578
16 27 3.576017130620985
16 28 -0.278372591006424
16 29 -0.4925053533190578
16 126 -0.37820690681892244
16 127 -0.7693239462693535
17 18 6.059957173447537
17 19 2.5053533190578157
17 20 -0.278372591006424
17 21 -5.289079229122056
17 22 6.916488222698073
17 23 -0.278372591006424
17 24 5.289079229122056
17 25 0.14989293361884368
17 26 2.291220556745182
17 27 -6.488222698072805
17 28 -3.918629550321199
17 29 2.291220556745182
17 132 0.39543791560320596
17 133 -0.24108478610417006
18 19 -0.5781584582441114
18 20 -4.218415417558886
18 21 -3.062098501070664
18 22 4.004282655246253
18 23 -4.218415417558886
18 24 9.486081370449678
18 25 1.777301927194861
18 26 -0.3640256959314775
18 27 -4.43254817987152
18 28 -0.5781584582441114
18 29 6.059957173447537
18 138 0.09726869969538376
18 139 0.2642065654859391
19 20 -0.06423982869379015
19 21 0.9207708779443254
19 22 0.278372591006424
19 23 -0.06423982869379015
19 24 -0.9207708779443254
19 25 -6.059957173447537
19 26 2.5053533190578157
19 27 -6.274089935760172
19 28 -3.7044967880085653
19 29 2.5053533190578157
19 144 -0.1076691099282776
19 145 -0.13710779431910325
20 21 -2.71948608137045
20 22 3.062098501070664
20 23 3.576017130620985
20 24 -3.7044967880085653
20 25 -2.4197002141327624
20 26 6.145610278372591
20 27 -2.633832976445396
20 28 -0.06423982869379015
20 29 -0.278372591006424
20 150 0.936602958333085
20 151 -0.916223912337653
21 22 -3.918629550321199
21 23 -2.71948608137045
21 24 -1.8629550321199144
21 25 3.2762312633832975
21 26 -5.289079229122056
21 27 3.4903640256959316
21 28 0.9207708779443254
21 29 1.1349036402569592
21 156 0.8470283837172765
21 157 -0.879407819004512
22 23 -3.3618843683083512
22 24 3.918629550321199
22 25 2.633832976445396
22 26 0.4925053533190578
22 27 -3.576017130620985
22 28 0.278372591006424
22 29 0.4925053533190578
22 162 0.41014625717435904
22 163 -0.22060402133020762
23 24 -3.7044967880085653
23 25 -2.4197002141327624
23 26 6.145610278372591
23 27 -2.633832976445396
23 28 -6.488222698072805
23 29 -0.278372591006424
23 168 -0.5561319160752487
23 169 0.07215216263203272
24 25 3.147751605995717
24 26 -1.1349036402569592
24 27 -3.4903640256959316
24 28 -0.9207708779443254
24 29 5.289079229122056
24 174 0.37625038765298613
24 175 0.1898025966946606
25 26 -6.274089935760172
25 27 4.218415417558886
25 28 0.3640256959314775
25 29 0.14989293361884368
25 180 -0.7870312096663268
25 181 -0.8072475278475302
26 27 -6.488222698072805
26 28 -3.918629550321199
26 29 2.291220556745182
26 186 -0.7626262785390718
26 187 -0.9016699454963946
27 28 6.573875802997859
27 29 -6.488222698072805
27 192 -0.9304153793099996
27 193 0.14030709081804393
28 29 -3.918629550321199
28 198 -0.2336796019220133
28 199 0.9077910266526199
29 204 -0.13713227309919573
29 205 0.8775587562411054
30 32 -0.8014162601688721
30 33 0.4195108684186939
31 34 0.06983250279688247
31 35 -0.8215113199164901
31 127 -0.9131218998470263
31 208 -0.9634654186612575
32 181 -0.599153052494634
33 67 0.9408547474895221
33 93 -0.922374575703901
34 96 -0.7108854498627948
36 37 -0.6072611268304902
36 38 -0.8853453918822398
36 39 0.19909383044074813
37 40 -0.6815036034268411
37 41 -0.2848478281730389
37 72 -0.5662960592597026
38 90 0.5448244529958846
39 113 -0.22444875328468283
41 107 -0.030372982610213928
41 194 0.7071860153901164
42 44 0.6855532354225728
42 45 -0.49529727631909903
43 46 -0.6112460900627712
43 47 0.6651516994474893
43 89 -0.647678136016159
48 50 -0.6631633805394754
48 51 0.0026048834711533964
49 52 -0.03869899100059837
49 53 -0.08377285420649172
50 170 0.47031933181176466
50 195 0.8793540414135463
52 157 -0.3727440637753021
54 56 -0.9669105530437541
54 57 -0.6567661472984054
54 139 -0.874554071364946
55 58 -0.48673364394741747
55 59 -0.3739407418730505
55 103 -0.9209887387423603
57 166 0.9507304740485427
58 113 -0.1347189916474092
58 139 -0.4773369730544681
60 62 -0.5413540884601535
60 63 -0.46800910289143194
61 64 -0.8875372314802565
61 65 -0.79944771408984
61 135 0.19906283072965936
63 66 0.759979660006741
65 119 -0.5860508158260576
65 136 0.6648557729056697
66 68 -0.652230793550562
66 69 -0.5890205064350882
67 70 -0.8122921452447345
67 71 0.2228248514381188
69 207 -0.6288521802546982
71 85 0.16405425962701914
72 74 -0.2865594576852528
72 75 -0.5938848197718931
73 76 -0.6797376163520792
73 77 0.5802598496116793
76 106 -0.8396556349553743
78 80 -0.9967019395301291
78 81 0.21663803487401756
79 82 -0.4324303297314964
79 83 -0.554635100609957
81 149 -0.018728224554524164
82 112 0.8837554133938841
82 152 -0.013800067504477376
82 157 0.9803690381043335
82 165 0.3787603150070895
84 86 -0.8515120869660573
84 87 -0.9566017965889522
85 88 -0.423738744768166
85 89 -0.19519822405587228
86 162 -0.9348558138034098
90 92 0.20172005203242738
90 93 0.7308254161916605
91 94 -0.13241221926434732
91 95 -0.5137384593802978
96 98 0.30803976146916723
96 99 -0.7449381635077437
96 117 -0.6557471687977949
97 100 -0.2854308807573942
97 101 -0.7766681163358553
97 107 0.23995531361554923
102 104 -0.0781844663098219
102 105 0.8842716493606231
103 106 -0.5507827092943156
103 107 -0.8305691859203437
103 179 -0.2508479412783937
105 139 -0.5791318222443205
108 110 -0.442264699993816
108 111 -0.9979897958112571
108 178 0.38412697241664073
109 112 -0.833186800941891
109 113 -0.9327479940770054
111 188 -0.9101970009796043
114 116 0.1357999799412859
114 117 0.9271042956776328
115 118 -0.47155848915908916
115 119 -0.3796004278868246
120 122 -0.5557173773422566
120 123 -0.5284071639846983
121 124 -0.3470039706772494
121 125 -0.6190719717771638
126 128 -0.49199257893790604
126 129 -0.28733531529869616
127 130 -0.5996104191396463
127 131 -0.920253150554297
132 134 -0.06329238644456203
132 135 -0.034808725641281235
133 136 -0.7456516644718949
133 137 0.2573907966729714
133 147 0.2744172184198692
135 168 0.32811485277866015
138 140 -0.15279336172882485
138 141 -0.7129314113688656
139 142 0.022587548967425874
139 143 -0.3098941542695288
140 142 0.7094783327303027
144 146 -0.6515940820924329
144 147 -0.2834370767069474
145 148 -0.09153056818306982
145 149 -0.8071294073757997
145 167 -0.10894311701152737
145 182 0.04968102064914026
150 152 -0.5421125277244863
150 153 -0.774035445621881
151 154 0.27682140564613156
151 155 0.4636069217079457
156 158 -0.8980037855896181
156 159 -0.043766306457523996
157 160 0.39462484163658385
157 161 -0.7345587943812064
162 164 -0.29005738809821224
162 165 -0.9275047837462156
163 166 -0.9452537516620474
163 167 -0.9008841454211287
168 170 -0.2636019165539838
168 171 0.7553578899170563
168 195 -0.25444599321727224
169 172 0.5206640418962969
169 173 -0.42386664761167503
174 176 0.3707239506654396
174 177 -0.15382980896635434
175 178 -0.5938361511263734
175 179 -0.6547547480402085
180 182 -0.6474144337611556
180 183 -0.7292333390939651
181 184 -0.9272102376705076
181 185 -0.8980901151425233
183 186 -0.22099474913993733
186 188 0.060553812656188866
186 189 -0.8547427457693539
187 190 -0.5436368956037998
187 191 0.6589960130746455
192 194 -0.6655408430808132
192 195 -0.44834044452610966
193 196 0.32727082710113176
193 197 -0.16708155131344848
195 208 0.5627118302311569
197 198 -0.231480324456798
198 200 0.3181028922310758
198 201 -0.9426441693928558
199 202 -0.3103905068309676
199 203 -0.8459168013484508
204 206 -0.9946854396266911
204 207 -0.8458720944542366
205 208 -0.4622598889885703
205 209 -0.9589384340869518
0 0 -0.8696588773335319
1 1 -1.3252495357649279
2 2 1.38130759267849
3 3 0.9449505301572453
4 4 0.30736863358957756
5 5 0.8693288609738703
6 6 0.4444005864561165
7 7 1.6051506477364388
8 8 1.799494838718122
9 9 1.549147273302466
10 10 -1.1782102053770003
11 11 1.9301721241377556
12 12 -0.9959020716500421
13 13 -1.6627044451847084
14 14 -0.20673117841775168
15 15 -1.971634165074847
16 16 -1.9909115094664478
17 17 0.8004785555868472
18 18 -0.40678166168709723
19 19 -1.9345374978133933
20 20 -0.24737005840867132
21 21 -1.5818248007023514
22 22 -0.8722011065185176
23 23 0.7273104792914952
24 24 -0.8545339004490278
25 25 -0.6018933215926796
26 26 -0.6196405095327684
27 27 -1.6499060127671372
28 28 1.7979366549497853
29 29 -0.019633469082225297
30 30 -0.32181436383313106
31 31 -1.4803962716648231
32 32 -0.7919716813374521
33 33 1.407584609183665
34 34 -1.438608820403672
35 35 0.07288488451747721
36 36 -1.9504658573900682
37 37 -0.44200353616835747
38 38 -1.0067219263004334
39 39 1.0373527487491732
40 40 -1.189732104123828
41 41 -1.3388094756539923
42 42 1.4583490027949177
43 43 -0.6934105581366041
44 44 -0.49004683139505284
45 45 -1.9279982193483738
46 46 0.5966135211837602
47 47 -1.594787953461069
48 48 1.0194609194829325
49 49 0.5977314327902028
50 50 0.8276356585844323
51 51 -1.7524978810326268
52 52 -1.2355798583015654
53 53 -0.00014328242914762868
54 54 1.41541241379521
55 55 1.7667011488759181
56 56 -1.9112087784709186
57 57 1.8248452581222319
58 58 -1.1725282069988827
59 59 -0.5599802610380413
60 60 -0.3423797044148711
61 61 1.093875880359592
62 62 0.14001575134098365
63 63 0.3510659113127663
64 64 -1.2245555678012594
65 65 0.2536005595282109
66 66 -1.4522016949998307
67 67 0.45383933576886193
68 68 -1.9004512416183417
69 69 -1.7882871692463451
70 70 -0.843752463794504
71 71 0.8158327395766657
72 72 1.0668639566430027
73 73 1.766643338607847
74 74 -0.4715594882682211
75 75 -0.3473257184854881
76 76 -1.862523662996062
77 77 0.9573866093796402
78 78 -1.792431100256751
79 79 -0.17398827538907338
80 80 0.9170500205765048
81 81 0.7458550344583147
82 82 -0.8230856847032477
83 83 -1.826173889080696
84 84 -0.7261533554400579
85 85 -1.1138984575338111
86 86 1.5619762666991357
87 87 -0.20802845623521193
88 88 0.4381092198286116
89 89 -0.620090591233883
90 90 -0.4527952278470311
91 91 -1.1139314992126326
92 92 0.737922248922811
93 93 1.8109779196515874
94 94 0.30555157933574684
95 95 1.8759777101562247
96 96 0.984926690681915
97 97 -0.7868734359899654
98 98 1.582201911069892
99 99 -0.021736026542261037
100 100 0.6733241192326789
101 101 1.1934119672358485
102 102 -0.10817679396567526
103 103 -0.34532958929092716
104 104 -0.6823743093737291
105 105 0.04581833377666689
106 106 0.06495937182933886
107 107 -0.7180338296860055
108 108 -0.82456500372765
109 109 1.4982511389471966
110 110 -1.4381124503166691
111 111 1.6003227450019806
112 112 1.3551225302307612
113 113 0.19856432922791892
114 114 0.44250292029696686
115 115 -0.9286408297630162
116 116 -1.1373473945352317
117 117 0.021687557022970427
118 118 -1.89259844038865
119 119 1.4783138794308703
120 120 1.3675851645209423
121 121 -0.7359171813650391
122 122 0.644743448092318
123 123 0.610368899709826
124 124 1.7247043238697268
125 125 0.835539921968596
126 126 0.22815717820505999
127 127 1.8539652243390503
128 128 -1.52595200177488
129 129 0.5178430758598505
130 130 -1.9133461769114826
131 131 -1.4102246828051683
132 132 1.4125766652720126
133 133 0.07023084705922722
134 134 -0.3035293956865117
135 135 0.9434076432626539
136 136 0.8006414080275791
137 137 -1.899453131617603
138 138 0.3107053168817835
139 139 0.3574280987920271
140 140 0.9477596871814127
141 141 -1.1019024795600227
142 142 0.4129807328212629
143 143 1.6978039684851984
144 144 1.4186155369388143
145 145 -1.2479598118827937
146 146 -1.268857663007221
147 147 -1.988478948807392
148 148 0.8339683046050316
149 149 0.6866403437579351
150 150 -1.9637768389811638
151 151 0.8292606307242951
152 152 0.5504756634421244
153 153 0.6814817547334036
154 154 -1.6057098754653587
155 155 1.9387411611300986
156 156 0.48217684208413575
157 157 0.07642023706190182
158 158 0.8043767438448057
159 159 -1.928375015107925
160 160 0.024318232448894864
161 161 0.37781631112637504
162 162 1.375271719247759
163 163 0.12965533145715114
164 164 -1.5899176969903963
165 165 -1.3622054635774
166 166 -0.8340494873484228
167 167 -0.7837638340301902
168 168 -1.997216795969964
169 169 0.7771305843384804
170 170 0.009304039435294786
171 171 1.6628380394809492
172 172 1.0676092667399
173 173 1.7264435681684112
174 174 1.5592606932430686
175 175 1.7992212523864934
176 176 0.8642071767582237
177 177 -1.7286983821912565
178 178 -1.7859232349040255
179 179 -0.9667884372990426
180 180 -1.840640564708983
181 181 -0.19456865355164246
182 182 -1.8584237210157153
183 183 0.11208840674751475
184 184 0.7778004883964518
185 185 -1.5729757006872047
186 186 -0.37900391402350403
187 187 1.7628228396794607
188 188 -0.11972623868113041
189 189 -1.6873369439029684
190 190 -0.7063611359034382
191 191 1.13532443868358
192 192 0.7869493021390134
193 193 -1.2898128556560131
194 194 -0.39586779358912333
195 195 -0.7888969708600811
196 196 -1.9317526347446337
197 197 -0.8980108643062873
198 198 -0.4147188841904473
199 199 -1.8234272656273611
200 200 0.77805082931817
201 201 0.10140411397733695
202 202 1.0551637282010375
203 203 0.05970582045462792
204 204 1.8380210339133882
205 205 1.9100437700168247
206 206 -0.10692321857854915
207 207 0.6422032008718594
208 208 -1.982602164352525
209 209 0.9956794135607311
