0 1 -3.5678391959798996
0 2 5.936826992103374
0 3 -6.984924623115578
0 4 -2.49102656137832
0 5 -0.5240488155061019
0 6 -3.539124192390524
0 7 -5.936826992103374
0 8 -3.539124192390524
0 9 -9.597989949748744
0 10 2.49102656137832
0 11 -3.137114142139268
0 12 3.969849246231156
0 13 -6.769562096195262
0 14 0.12203876525484565
0 15 -0.3374012921751615
0 16 0.12203876525484565
0 17 3.539124192390524
0 18 -0.09332376166547021
0 19 6.367552045944006
0 20 -7.200287150035893
0 21 2.706389088298636
0 22 -3.539124192390524
0 23 6.15218951902369
0 24 -0.09332376166547021
0 25 3.5678391959798996
0 26 0.30868628858578606
0 27 -2.706389088298636
0 28 2.2756640344580044
0 29 -6.984924623115578
0 30 0.7518893253314818
0 31 0.9649963823953369
1 2 0.5527638190954773
1 3 0.5527638190954773
1 4 -3.5678391959798996
1 5 0.5527638190954773
1 6 3.9985642498205314
1 7 -0.5527638190954773
1 8 3.9985642498205314
1 9 2.246949030868629
1 10 3.5678391959798996
1 11 2.246949030868629
1 12 -3.5678391959798996
1 13 0.7681263460157932
1 14 -5.262024407753051
1 15 5.046661880832735
1 16 -5.262024407753051
1 17 -3.9985642498205314
1 18 0.9834888729361091
1 19 -5.477386934673367
1 20 6.798277099784637
1 21 -2.6776740847092606
1 22 3.9985642498205314
1 23 0.7681263460157932
1 24 -5.477386934673367
1 25 -1.816223977027997
1 26 -0.7681263460157932
1 27 2.6776740847092606
1 28 3.3524766690595835
1 29 0.5527638190954773
1 36 -0.3012753817496001
1 37 0.8107100309067734
2 3 -2.9217516152189518
2 4 -0.5240488155061019
2 5 -2.9217516152189518
2 6 0.09332376166547021
2 7 -3.539124192390524
2 8 -6.367552045944006
2 9 -6.33883704235463
2 10 6.984924623115578
2 11 0.12203876525484565
2 12 -0.5240488155061019
2 13 -9.597989949748744
2 14 -3.5678391959798996
2 15 3.7832017229002153
2 16 -3.5678391959798996
2 17 6.367552045944006
2 18 3.1083991385498924
2 19 3.1083991385498924
2 20 -2.706389088298636
2 21 0.30868628858578606
2 22 -6.367552045944006
2 23 3.323761665470208
2 24 3.1083991385498924
2 25 -0.5527638190954773
2 26 -3.323761665470208
2 27 -6.769562096195262
2 28 7.200287150035893
2 29 -2.9217516152189518
2 42 0.48648626941855433
2 43 0.9538033234041607
3 4 5.936826992103374
3 5 3.539124192390524
3 6 0.09332376166547021
3 7 2.9217516152189518
3 8 0.09332376166547021
3 9 6.582914572864322
3 10 -5.936826992103374
3 11 0.12203876525484565
3 12 -0.5240488155061019
3 13 3.323761665470208
3 14 -3.5678391959798996
3 15 -2.6776740847092606
3 16 -3.5678391959798996
3 17 -0.09332376166547021
3 18 3.1083991385498924
3 19 -3.3524766690595835
3 20 3.7544867193108398
3 21 0.30868628858578606
3 22 0.09332376166547021
3 23 -9.597989949748744
3 24 3.1083991385498924
3 25 -0.5527638190954773
3 26 3.137114142139268
3 27 -0.30868628858578606
3 28 0.7394113424264178
3 29 10.0
3 48 0.05508955792297621
3 49 -0.8751385742552924
4 5 -0.5240488155061019
4 6 2.9217516152189518
4 7 6.984924623115578
4 8 -3.539124192390524
4 9 3.323761665470208
4 10 -3.969849246231156
4 11 -3.137114142139268
4 12 -2.49102656137832
4 13 -0.30868628858578606
4 14 0.12203876525484565
4 15 -6.798277099784637
4 16 0.12203876525484565
4 17 3.539124192390524
4 18 6.367552045944006
4 19 -0.09332376166547021
4 20 -0.7394113424264178
4 21 -3.7544867193108398
4 22 -3.539124192390524
4 23 -6.769562096195262
4 24 6.367552045944006
4 25 3.5678391959798996
4 26 0.30868628858578606
4 27 -2.706389088298636
4 28 -4.1852117731514715
4 29 5.936826992103374
4 54 -0.36869475772433935
4 55 0.03336781415134138
5 6 -6.367552045944006
5 7 -3.539124192390524
5 8 0.09332376166547021
5 9 0.12203876525484565
5 10 -5.936826992103374
5 11 -6.33883704235463
5 12 -0.5240488155061019
5 13 3.323761665470208
5 14 -3.5678391959798996
5 15 -2.6776740847092606
5 16 -3.5678391959798996
5 17 -0.09332376166547021
5 18 -3.3524766690595835
5 19 3.1083991385498924
5 20 -2.706389088298636
5 21 6.769562096195262
5 22 0.09332376166547021
5 23 -3.137114142139268
5 24 -3.3524766690595835
5 25 -0.5527638190954773
5 26 9.597989949748744
5 27 -0.30868628858578606
5 28 0.7394113424264178
5 29 3.539124192390524
5 60 0.8393344865951002
5 61 -0.5085953252137847
6 7 6.367552045944006
6 8 3.1083991385498924
6 9 3.5678391959798996
6 10 3.539124192390524
6 11 3.5678391959798996
6 12 -3.539124192390524
6 13 -0.12203876525484565
6 14 -0.5527638190954773
6 15 0.7681263460157932
6 16 -0.5527638190954773
6 17 -3.1083991385498924
6 18 6.123474515434315
6 19 -6.798277099784637
6 20 6.769562096195262
6 21 -9.597989949748744
6 22 3.1083991385498924
6 23 -0.12203876525484565
6 24 -0.3374012921751615
6 25 2.4623115577889445
6 26 -6.33883704235463
6 27 3.137114142139268
6 28 -2.706389088298636
6 29 0.09332376166547021
6 66 -0.069064074809148
6 67 -0.8773552983420061
7 8 -0.09332376166547021
7 9 6.33883704235463
7 10 -0.5240488155061019
7 11 -0.12203876525484565
7 12 -5.936826992103374
7 13 3.137114142139268
7 14 3.5678391959798996
7 15 -3.7832017229002153
7 16 3.5678391959798996
7 17 0.09332376166547021
7 18 3.3524766690595835
7 19 -3.1083991385498924
7 20 2.706389088298636
7 21 -6.769562096195262
7 22 -0.09332376166547021
7 23 -3.323761665470208
7 24 3.3524766690595835
7 25 0.5527638190954773
7 26 -3.137114142139268
7 27 0.30868628858578606
7 28 -7.200287150035893
7 29 2.9217516152189518
7 72 0.5927989506539271
7 73 0.7990273421730951
8 9 3.5678391959798996
8 10 -2.9217516152189518
8 11 3.5678391959798996
8 12 2.9217516152189518
8 13 6.33883704235463
8 14 -0.5527638190954773
8 15 0.7681263460157932
8 16 -0.5527638190954773
8 17 -9.569274946159368
8 18 -0.3374012921751615
8 19 -6.798277099784637
8 20 6.769562096195262
8 21 -3.137114142139268
8 22 9.569274946159368
8 23 -0.12203876525484565
8 24 -6.798277099784637
8 25 2.4623115577889445
8 26 0.12203876525484565
8 27 9.597989949748744
8 28 -2.706389088298636
8 29 0.09332376166547021
8 78 -0.8636419172157237
8 79 -0.9665290411718193
9 10 -3.323761665470208
9 11 2.6776740847092606
9 12 -3.137114142139268
9 13 6.798277099784637
9 14 0.7681263460157932
9 15 -0.9834888729361091
9 16 0.7681263460157932
9 17 -3.5678391959798996
9 18 0.5527638190954773
9 19 -5.9081119885139985
9 20 6.367552045944006
9 21 -3.1083991385498924
9 22 3.5678391959798996
9 23 -6.123474515434315
9 24 0.5527638190954773
9 25 -2.246949030868629
9 26 -0.3374012921751615
9 27 3.1083991385498924
9 28 -3.539124192390524
9 29 6.582914572864322
9 84 -0.21198405648545426
9 85 0.9756181153580576
10 11 3.137114142139268
10 12 -3.969849246231156
10 13 -6.15218951902369
10 14 -0.12203876525484565
10 15 6.798277099784637
10 16 -0.12203876525484565
10 17 2.9217516152189518
10 18 0.09332376166547021
10 19 0.09332376166547021
10 20 0.7394113424264178
10 21 -2.706389088298636
10 22 -2.9217516152189518
10 23 6.769562096195262
10 24 0.09332376166547021
10 25 -3.5678391959798996
10 26 -6.769562096195262
10 27 -3.7544867193108398
10 28 4.1852117731514715
10 29 -5.936826992103374
10 90 0.9023348007308594
10 91 0.771969417050665
11 12 3.323761665470208
11 13 0.3374012921751615
11 14 0.7681263460157932
11 15 5.477386934673367
11 16 0.7681263460157932
11 17 -3.5678391959798996
11 18 0.5527638190954773
11 19 -5.9081119885139985
11 20 6.367552045944006
11 21 -3.1083991385498924
11 22 3.5678391959798996
11 23 0.3374012921751615
11 24 0.5527638190954773
11 25 -2.246949030868629
11 26 -6.798277099784637
11 27 3.1083991385498924
11 28 2.9217516152189518
11 29 0.12203876525484565
11 96 -0.9344681641732036
11 97 -0.4719029368988623
12 13 -0.30868628858578606
12 14 0.12203876525484565
12 15 -0.3374012921751615
12 16 0.12203876525484565
12 17 -2.9217516152189518
12 18 -0.09332376166547021
12 19 -0.09332376166547021
12 20 -0.7394113424264178
12 21 2.706389088298636
12 22 2.9217516152189518
12 23 -0.30868628858578606
12 24 -0.09332376166547021
12 25 3.5678391959798996
12 26 0.30868628858578606
12 27 3.7544867193108398
12 28 2.2756640344580044
12 29 -0.5240488155061019
12 102 -0.29974156183639566
12 103 -0.6829302263167025
13 14 2.6776740847092606
13 15 -2.4623115577889445
13 16 2.6776740847092606
13 17 -6.33883704235463
13 18 -3.5678391959798996
13 19 -3.5678391959798996
13 20 3.539124192390524
13 21 0.09332376166547021
13 22 6.33883704235463
13 23 -3.3524766690595835
13 24 -3.5678391959798996
13 25 -0.7681263460157932
13 26 3.3524766690595835
13 27 6.367552045944006
13 28 -5.936826992103374
13 29 3.323761665470208
13 108 -0.0574481739154491
13 109 0.32893939991647225
14 15 -2.031586503948313
14 16 8.707824838478105
14 17 0.5527638190954773
14 18 -3.9985642498205314
14 19 2.4623115577889445
14 20 -3.3524766690595835
14 21 -0.3374012921751615
14 22 -0.5527638190954773
14 23 2.6776740847092606
14 24 2.4623115577889445
14 25 -1.198851399856425
14 26 -2.6776740847092606
14 27 0.3374012921751615
14 28 -6.367552045944006
14 29 -3.5678391959798996
14 114 0.7576335550514888
14 115 0.2140634113799198
15 16 -2.031586503948313
15 17 -0.7681263460157932
15 18 -2.246949030868629
15 19 -2.246949030868629
15 20 3.5678391959798996
15 21 0.5527638190954773
15 22 0.7681263460157932
15 23 3.9985642498205314
15 24 -2.246949030868629
15 25 -5.046661880832735
15 26 -3.9985642498205314
15 27 -0.5527638190954773
15 28 6.582914572864322
15 29 -2.6776740847092606
15 120 0.21777640270962895
15 121 -0.5558580125243453
16 17 0.5527638190954773
16 18 -3.9985642498205314
16 19 2.4623115577889445
16 20 -3.3524766690595835
16 21 -0.3374012921751615
16 22 -0.5527638190954773
16 23 2.6776740847092606
16 24 2.4623115577889445
16 25 -1.198851399856425
16 26 -2.6776740847092606
16 27 0.3374012921751615
16 28 -6.367552045944006
16 29 -3.5678391959798996
16 126 0.17195312705690902
16 127 0.11666467737356156
17 18 0.3374012921751615
17 19 6.798277099784637
17 20 -6.769562096195262
17 21 3.137114142139268
17 22 -9.569274946159368
17 23 0.12203876525484565
17 24 6.798277099784637
17 25 -2.4623115577889445
17 26 -0.12203876525484565
17 27 -9.597989949748744
17 28 2.706389088298636
17 29 -0.09332376166547021
17 132 0.7744328641378364
17 133 -0.9556001806335492
18 19 -3.7832017229002153
18 20 3.323761665470208
18 21 -6.582914572864322
18 22 -0.3374012921751615
18 23 -3.5678391959798996
18 24 2.6776740847092606
18 25 5.477386934673367
18 26 -2.8930366116295763
18 27 0.12203876525484565
18 28 0.30868628858578606
18 29 3.1083991385498924
18 138 -0.02795009390884151
18 139 -0.6470583070772025
19 20 -9.597989949748744
19 21 6.33883704235463
19 22 -6.798277099784637
19 23 2.8930366116295763
19 24 2.6776740847092606
19 25 -0.9834888729361091
19 26 3.5678391959798996
19 27 -6.33883704235463
19 28 0.30868628858578606
19 29 -3.3524766690595835
19 144 0.3279162791999566
19 145 0.5418197591671221
20 21 -5.936826992103374
20 22 6.769562096195262
20 23 -2.9217516152189518
20 24 -3.137114142139268
20 25 -0.3374012921751615
20 26 -3.539124192390524
20 27 5.936826992103374
20 28 0.9547738693467337
20 29 3.7544867193108398
20 150 -0.1484616495088713
20 151 0.35812833822123347
21 22 -3.137114142139268
21 23 0.09332376166547021
21 24 -0.12203876525484565
21 25 -3.7832017229002153
21 26 6.367552045944006
21 27 -3.539124192390524
21 28 3.969849246231156
21 29 0.30868628858578606
21 156 0.5104147961332872
21 157 -0.2126760063042632
22 23 -0.12203876525484565
22 24 -6.798277099784637
22 25 2.4623115577889445
22 26 0.12203876525484565
22 27 9.597989949748744
22 28 -2.706389088298636
22 29 0.09332376166547021
22 162 -0.26833999293723454
22 163 -0.12185396491866429
23 24 -3.5678391959798996
23 25 -0.7681263460157932
23 26 -3.1083991385498924
23 27 -0.09332376166547021
23 28 0.5240488155061019
23 29 -9.597989949748744
23 168 -0.5384560064903849
23 169 -0.32571118676678745
24 25 -0.9834888729361091
24 26 -2.8930366116295763
24 27 -6.33883704235463
24 28 0.30868628858578606
24 29 3.1083991385498924
24 174 0.6737334064368414
24 175 0.38142319257435475
25 26 0.7681263460157932
25 27 3.7832017229002153
25 28 -3.3524766690595835
25 29 -0.5527638190954773
25 180 -0.8761517430590944
25 181 0.9067412217775757
26 27 0.09332376166547021
26 28 -0.5240488155061019
26 29 3.137114142139268
26 186 -0.839121877980952
26 187 -0.1157042890806732
27 28 -3.969849246231156
27 29 -0.30868628858578606
27 192 0.8153737512665986
27 193 0.6064229832078056
28 29 0.7394113424264178
28 198 0.10335102975626786
28 199 -0.5671131981905224
29 204 0.4241990402443623
29 205 0.7830851828388439
30 32 -0.2983384673910623
30 33 -0.991614329297895
31 34 -0.2534602987286372
31 35 -0.782536110697791
33 48 0.28090609031042346
35 105 -0.5319019049856124
35 115 0.9899278085168794
36 38 -0.5017326594946714
36 39 0.0023309051470725706
36 61 -0.5446592500294287
37 40 -0.010410692332562643
37 41 0.5957952262421387
40 73 0.23643783105754568
42 44 -0.5774766569919967
42 45 -0.8702247428395826
43 46 0.06398323576181797
43 47 -0.7530108095798416
48 50 0.5383517631665218
48 51 -0.8180260758106073
49 52 -0.8537184419028734
49 53 -0.22251676599234238
49 129 -0.08899792611501645
52 170 -0.5393242767418982
53 61 0.3135291335145589
53 119 -0.6226136885586206
54 56 0.03297551894463391
54 57 0.21107707299886336
55 58 -0.6028512367235421
55 59 -0.13964948651686737
57 65 -0.6278043336898198
57 89 -0.7126101007622836
57 153 0.37204989286108736
60 62 -0.7439521294855225
60 63 -0.4490308732493886
60 83 0.42491112483631355
61 64 -0.8261934187951308
61 65 -0.9634611703852325
62 149 -0.29751824283329165
66 68 0.5173426215248056
66 69 -0.590749063271431
66 185 -0.8440892605170425
67 70 -0.8874004546360017
67 71 -0.5771871412921066
71 119 0.24000431275862444
72 74 -0.5549309051333808
72 75 0.35861026849516286
72 190 0.4168823471321028
73 76 -0.6869747458545516
73 77 0.24254648040638038
74 203 0.7398953400060853
76 98 -0.02048424028970497
78 80 -0.7252732109534803
78 81 -0.6846285639407854
79 82 -0.5123621159042693
79 83 -0.7538895248540822
79 143 0.4050662830056111
83 119 -0.3656876172498025
83 136 0.46594923723138537
84 86 -0.6120842437276948
84 87 -0.6556821721056227
84 183 0.6973821346784301
85 88 -0.7899599339460901
85 89 -0.984531337059491
88 110 0.6893067697536939
88 206 0.07561603029206365
90 92 -0.5591936485528608
90 93 0.4847262157174119
91 94 -0.6326652187672817
91 95 -0.770044204998463
93 95 -0.08634182040111349
93 199 -0.7192727679207587
96 98 -0.9563497749634888
96 99 -0.7648008052708368
96 130 0.9053646044914343
97 100 -0.7920000907392979
97 101 -0.8912593186700812
100 158 0.9189163574002994
101 190 -0.15248042735075007
102 104 -0.281794116873326
102 105 0.4280858724271013
102 195 -0.707829663901105
103 106 -0.9719247851955344
103 107 0.2762804893706281
105 108 -0.4545163029143957
107 159 0.30941600470651087
108 110 0.356831182490402
108 111 -0.2802255647004568
109 112 -0.8553361440750595
109 113 -0.8077721787555254
114 116 -0.785869159517179
114 117 -0.25160001612600813
114 164 -0.7613753588845982
115 118 0.5453331142694748
115 119 -0.5265457133928018
120 122 -0.6253377939118439
120 123 -0.13224810856649127
121 124 -0.7798807410650006
121 125 -0.9412612867121408
122 145 0.795379654527262
123 204 0.26058397513701403
126 128 -0.4801130116661396
126 129 0.37359502250901566
127 130 -0.3452397230267299
127 131 -0.9555233959739196
128 131 0.31720429409705186
128 146 0.5800268429746411
129 174 0.3936471578423759
129 198 0.6618385621928087
130 159 -0.9993711035151795
132 134 -0.760792396466903
132 135 -0.649073216170793
133 136 -0.3435563402857249
133 137 -0.379804933634625
138 140 -0.5487729143171622
138 141 -0.3430712936508895
139 142 -0.2764508388315987
139 143 0.677878732303044
140 188 -0.8674761336902892
141 173 0.5857314453671987
144 146 -0.575748558919631
144 147 -0.9992807725704129
145 148 -0.5044847574637144
145 149 0.2957689372415826
148 181 0.8881443428422424
150 152 0.4290539584503288
150 153 0.1790112041941503
151 154 -0.8216442453200592
151 155 0.10036287694728352
156 158 0.27274790385966075
156 159 -0.857325947703673
157 160 -0.7451703415159023
157 161 -0.5409279132847866
162 164 0.5218294344887637
162 165 0.3288407160282265
163 166 -0.5325515248008001
163 167 -0.5378153515870847
168 170 -0.14873222181517187
168 171 0.047973221637719554
169 172 -0.0837004828027128
169 173 -0.3494060434303021
169 179 0.8017994327484272
174 176 0.4247924241858032
174 177 -0.7989863262141275
175 178 -0.8167762170757165
175 179 -0.2746583399167539
176 200 -0.3354039842774119
177 180 0.8220778473333046
180 182 -0.5550886695684509
180 183 -0.68842080817866
181 184 -0.6666379496169264
181 185 0.12175376048833031
186 188 -0.42418995236567447
186 189 -0.5307195753895055
187 190 -0.060206964006861874
187 191 -0.19915638901960975
192 194 -0.322111108931743
192 195 0.5809639822014048
193 196 0.8186881016233223
193 197 -0.672712821170415
198 200 -0.3383887562384982
198 201 -0.08323285800699698
198 203 0.4197101577845821
199 202 -0.6049762867304951
199 203 -0.9758012285338451
201 207 0.3257159485223988
202 207 -0.7808568040410286
204 206 -0.5346818906950923
204 207 -0.9086781620341375
205 208 0.02846867061055902
205 209 -0.18889859231184003
0 0 -0.39593917328118966
1 1 -1.7821402357220906
2 2 1.0978539677292796
3 3 0.8746319236705893
4 4 -0.962288734448134
5 5 0.3726262938114413
6 6 1.2700577255327206
7 7 1.6951244950099098
8 8 0.14181066627776362
9 9 1.067222766397435
10 10 -1.6665070382118254
11 11 1.8475272209989595
12 12 -0.7779099630038254
13 13 -1.188238075559838
14 14 0.10615326000604997
15 15 0.4685212765798248
16 16 0.3561784532276655
17 17 0.6241820195075247
18 18 -1.4692022931574371
19 19 0.5571045068197371
20 20 0.7956448893675341
21 21 -0.7976554771992008
22 22 -1.6172917626932217
23 23 -1.1954962649088858
24 24 1.1977759420158125
25 25 -0.6686199380282867
26 26 -1.7835792297411737
27 27 -1.9406042325292185
28 28 0.1479491865787863
29 29 0.4422922201499327
30 30 1.5544990709765907
31 31 -0.7432527751157751
32 32 -0.004073243153463579
33 33 0.3909516931676871
34 34 -1.0587401342508813
35 35 -1.3782115021190222
36 36 0.6172408596926999
37 37 -1.7063464572093088
38 38 -1.154435381104364
39 39 0.8073683309258235
40 40 -0.5224799423171578
41 41 0.751840407442574
42 42 -0.6357656162043175
43 43 1.9115956641018141
44 44 -0.5397222058015574
45 45 0.08359291623287302
46 46 0.27264076817000893
47 47 1.0785226611201768
48 48 -0.9239883308389928
49 49 0.1484178850256952
50 50 0.8632104846855021
51 51 -0.1347381833398753
52 52 1.5961044613662048
53 53 0.3424254015578865
54 54 1.262506827774864
55 55 -1.2911039196127447
56 56 1.6425427271900073
57 57 1.997559838184178
58 58 0.13377040105712235
59 59 1.9156212334491374
60 60 0.9595608645594096
61 61 -0.4363945904883466
62 62 0.7626150014094463
63 63 0.1802478177842062
64 64 0.5913108742241628
65 65 -0.6271415744830868
66 66 -0.1845522569127538
67 67 0.6462650203340377
68 68 0.0772842754124925
69 69 1.9835036079902377
70 70 -1.6740406855743715
71 71 -1.0197494482585352
72 72 1.7474858026870665
73 73 -1.7852291251142818
74 74 1.9206811560505623
75 75 0.700303568020701
76 76 0.2495756943170853
77 77 0.44136956776022807
78 78 -1.7427799552995773
79 79 -0.9637741060075169
80 80 -1.6550279478880212
81 81 0.9866332963799458
82 82 1.1402771841380797
83 83 -1.7637688459894574
84 84 1.9031506137250176
85 85 1.3280265772022917
86 86 0.8718966550806542
87 87 -1.381265142987238
88 88 0.2095558686054737
89 89 -0.6035034882229451
90 90 -1.0811260775224123
91 91 0.6789841493440184
92 92 1.2161857547151076
93 93 -1.6696125369080048
94 94 -0.15627206925648718
95 95 -1.4079878822702256
96 96 1.9424598762908007
97 97 0.6058322743361679
98 98 -1.6415662407109843
99 99 1.134526556387029
100 100 -0.7233304276461241
101 101 0.6873586502716704
102 102 0.0737719597727744
103 103 -1.2045690075005755
104 104 -0.9495856023285398
105 105 -1.8662331999239068
106 106 0.39924016788907446
107 107 0.44708646991907625
108 108 1.2211731789057843
109 109 1.2610008713798246
110 110 1.9218010803373344
111 111 1.3209903902859104
112 112 -1.4925620363856251
113 113 1.3125721068257787
114 114 -0.2680535233299315
115 115 -1.9840475780045574
116 116 1.8613768445018517
117 117 1.706215453999738
118 118 1.1600489608489708
119 119 -0.5239093445380298
120 120 -0.10936919167862813
121 121 -1.10771377637684
122 122 -1.1161834977927945
123 123 0.7159812804963246
124 124 0.9504734442468767
125 125 -1.3593519524394075
126 126 1.8377183249834208
127 127 1.1707301046770615
128 128 -1.9369615602604207
129 129 -1.074244509888385
130 130 -0.7279566395938519
131 131 -0.3117657555175124
132 132 -0.822211883642841
133 133 -0.7910022373807389
134 134 0.5081875719874924
135 135 1.5567711617989501
136 136 0.09029682429145414
137 137 -0.894153630425803
138 138 1.0761951751419794
139 139 0.4770292124518871
140 140 0.7436328653270108
141 141 -1.0049497653407862
142 142 0.9547255733900527
143 143 -0.7871565302726746
144 144 -1.0580760052714626
145 145 -1.880525724270018
146 146 -0.819351137247114
147 147 1.2318551472120238
148 148 1.019433615997127
149 149 -1.1135068796639156
150 150 -1.5047598506400788
151 151 -0.18608077543356719
152 152 1.3206207214149983
153 153 1.421879974407048
154 154 -0.06786790026898926
155 155 0.6551094924560418
156 156 0.198281823788117
157 157 1.042841959619936
158 158 -1.412996000501526
159 159 1.3679020291177666
160 160 -1.2622026010910963
161 161 0.7530217003011584
162 162 -1.5914764282894214
163 163 0.7021392347209168
164 164 -0.7028146272310032
165 165 -1.5497440292928233
166 166 0.3785108873388015
167 167 -0.23267473874348577
168 168 -0.32294915467255914
169 169 0.6518783847071359
170 170 -0.5346257423828114
171 171 -0.978442993617311
172 172 -1.815153255561761
173 173 1.5790975804466982
174 174 -0.41620082241565326
175 175 -1.0103187508342737
176 176 1.3296411404657804
177 177 1.9274912362397412
178 178 -1.7798353323273042
179 179 0.34736837631491957
180 180 0.38350422575374665
181 181 -1.4437168654885844
182 182 0.4255631538652818
183 183 1.01647158758262
184 184 -0.3767895359804103
185 185 0.12184019153035443
186 186 -0.6693853643960175
187 187 -1.3323429598068568
188 188 -1.5028983774683802
189 189 -1.9972681425262662
190 190 0.0028769010092677405
191 191 0.5490827180599833
192 192 -1.6452400327245011
193 193 0.5198093249768774
194 194 1.4770240708507418
195 195 -1.2740323996330152
196 196 0.29072981096701644
197 197 1.6445291118697345
198 198 -0.6657698380040515
199 199 -0.041827218081855744
200 200 -0.7555910856434239
201 201 -1.6036224941857602
202 202 -1.48191384169502
203 203 -0.5951354664944453
204 204 -0.6487595722616657
205 205 -0.13693609449011923
206 206 -1.6261238120804256
207 207 -0.9065853524646977
208 208 -0.8493107229066035
209 209 -1.5121945652274942
