0 1 3.616398243045388
0 2 3.411420204978038
0 3 6.032210834553441
0 4 -3.177159590043924
0 5 -0.32210834553440704
0 6 -3.616398243045388
0 7 3.411420204978038
0 8 -2.9721815519765737
0 9 -3.177159590043924
0 10 3.411420204978038
0 11 -3.8506588579795022
0 12 -6.705710102489019
0 13 -0.1171303074670571
0 14 -0.1171303074670571
0 15 -4.0556368960468525
0 16 -3.616398243045388
0 17 6.266471449487555
0 18 -3.8506588579795022
0 19 -0.1171303074670571
0 20 6.910688140556369
0 21 0.32210834553440704
0 22 3.8506588579795022
0 23 -2.9721815519765737
0 24 -6.910688140556369
0 25 6.471449487554905
0 26 -3.616398243045388
0 27 -3.177159590043924
0 28 -3.177159590043924
0 29 -7.144948755490483
0 30 -0.45682217544741244
0 31 -0.8420018543345285
1 2 3.616398243045388
1 3 0.1171303074670571
1 4 3.616398243045388
1 5 0.7613469985358712
1 6 -2.5329428989751097
1 7 3.616398243045388
1 8 -4.0556368960468525
1 9 3.616398243045388
1 10 3.616398243045388
1 11 -9.765739385065887
1 12 -0.32210834553440704
1 13 6.266471449487555
1 14 -0.32210834553440704
1 15 -2.0937042459736457
1 16 -9.121522693997072
1 17 0.7613469985358712
1 18 -3.177159590043924
1 19 -0.32210834553440704
1 20 5.827232796486091
1 21 5.827232796486091
1 22 3.177159590043924
1 23 -4.0556368960468525
1 24 -5.827232796486091
1 25 -0.32210834553440704
1 26 -2.5329428989751097
1 27 -2.9721815519765737
1 28 -2.9721815519765737
1 29 -6.471449487554905
1 36 0.00025731321333744006
1 37 -0.02880103368385556
2 3 6.032210834553441
2 4 -3.177159590043924
2 5 6.266471449487555
2 6 2.9721815519765737
2 7 10.0
2 8 -2.9721815519765737
2 9 -3.177159590043924
2 10 3.411420204978038
2 11 -3.8506588579795022
2 12 -0.1171303074670571
2 13 6.471449487554905
2 14 6.471449487554905
2 15 -4.0556368960468525
2 16 -3.616398243045388
2 17 -0.32210834553440704
2 18 -3.8506588579795022
2 19 -0.1171303074670571
2 20 6.910688140556369
2 21 0.32210834553440704
2 22 -2.7379209370424595
2 23 -2.9721815519765737
2 24 -6.910688140556369
2 25 -0.1171303074670571
2 26 2.9721815519765737
2 27 -3.177159590043924
2 28 -3.177159590043924
2 29 -7.144948755490483
2 42 -0.5067612707454479
2 43 -0.7735813043119781
3 4 -7.144948755490483
3 5 3.177159590043924
3 6 -0.1171303074670571
3 7 6.032210834553441
3 8 -6.471449487554905
3 9 -7.144948755490483
3 10 -0.5563689604685212
3 11 0.9956076134699854
3 12 -2.7379209370424595
3 13 3.8506588579795022
3 14 3.8506588579795022
3 15 0.32210834553440704
3 16 -0.1171303074670571
3 17 3.177159590043924
3 18 0.9956076134699854
3 19 -2.7379209370424595
3 20 3.411420204978038
3 21 -3.177159590043924
3 22 -0.9956076134699854
3 23 -6.471449487554905
3 24 -3.411420204978038
3 25 3.8506588579795022
3 26 -0.1171303074670571
3 27 -0.5563689604685212
3 28 -0.5563689604685212
3 29 -2.2986822840409955
3 48 0.48788060808136624
3 49 -0.8480052219218448
4 5 -0.32210834553440704
4 6 2.9721815519765737
4 7 -3.177159590043924
4 8 3.616398243045388
4 9 10.0
4 10 3.411420204978038
4 11 -3.8506588579795022
4 12 -0.1171303074670571
4 13 -0.1171303074670571
4 14 -0.1171303074670571
4 15 2.5329428989751097
4 16 -3.616398243045388
4 17 -0.32210834553440704
4 18 -3.8506588579795022
4 19 6.471449487554905
4 20 0.32210834553440704
4 21 6.910688140556369
4 22 -2.7379209370424595
4 23 3.616398243045388
4 24 -0.32210834553440704
4 25 -0.1171303074670571
4 26 2.9721815519765737
4 27 -3.177159590043924
4 28 -3.177159590043924
4 29 -0.5563689604685212
4 54 -0.7052835842107836
4 55 0.49603099115939653
5 6 5.827232796486091
5 7 6.266471449487555
5 8 0.7613469985358712
5 9 -0.32210834553440704
5 10 6.266471449487555
5 11 -0.1171303074670571
5 12 3.616398243045388
5 13 3.616398243045388
5 14 3.616398243045388
5 15 -1.2005856515373352
5 16 -0.7613469985358712
5 17 2.5329428989751097
5 18 -0.1171303074670571
5 19 3.616398243045388
5 20 4.0556368960468525
5 21 -2.5329428989751097
5 22 -6.471449487554905
5 23 0.7613469985358712
5 24 -4.0556368960468525
5 25 -2.9721815519765737
5 26 5.827232796486091
5 27 -6.910688140556369
5 28 -6.910688140556369
5 29 -3.411420204978038
5 60 -0.2889979868664829
5 61 0.3222353613723512
6 7 2.9721815519765737
6 8 4.0556368960468525
6 9 2.9721815519765737
6 10 2.9721815519765737
6 11 3.177159590043924
6 12 0.32210834553440704
6 13 0.32210834553440704
6 14 6.910688140556369
6 15 2.0937042459736457
6 16 2.5329428989751097
6 17 -0.7613469985358712
6 18 -3.411420204978038
6 19 6.910688140556369
6 20 0.7613469985358712
6 21 0.7613469985358712
6 22 -9.765739385065887
6 23 4.0556368960468525
6 24 -0.7613469985358712
6 25 0.32210834553440704
6 26 9.121522693997072
6 27 -3.616398243045388
6 28 -3.616398243045388
6 29 -0.1171303074670571
6 66 0.47232730100949305
6 67 -0.033807380228943584
7 8 -2.9721815519765737
7 9 -3.177159590043924
7 10 3.411420204978038
7 11 -3.8506588579795022
7 12 -0.1171303074670571
7 13 6.471449487554905
7 14 6.471449487554905
7 15 -4.0556368960468525
7 16 -3.616398243045388
7 17 -0.32210834553440704
7 18 -3.8506588579795022
7 19 -0.1171303074670571
7 20 6.910688140556369
7 21 0.32210834553440704
7 22 -2.7379209370424595
7 23 -2.9721815519765737
7 24 -6.910688140556369
7 25 -0.1171303074670571
7 26 2.9721815519765737
7 27 -3.177159590043924
7 28 -3.177159590043924
7 29 -7.144948755490483
7 72 0.1486933558279946
7 73 0.1196576929741271
8 9 3.616398243045388
8 10 3.616398243045388
8 11 3.411420204978038
8 12 -0.32210834553440704
8 13 -6.910688140556369
8 14 -0.32210834553440704
8 15 -2.0937042459736457
8 16 4.0556368960468525
8 17 0.7613469985358712
8 18 -3.177159590043924
8 19 6.266471449487555
8 20 -0.7613469985358712
8 21 -0.7613469985358712
8 22 -3.411420204978038
8 23 9.121522693997072
8 24 0.7613469985358712
8 25 -0.32210834553440704
8 26 4.0556368960468525
8 27 -2.9721815519765737
8 28 -2.9721815519765737
8 29 0.1171303074670571
8 78 -0.7783938163544657
8 79 -0.6377945435054544
9 10 3.411420204978038
9 11 -3.8506588579795022
9 12 -0.1171303074670571
9 13 -0.1171303074670571
9 14 -0.1171303074670571
9 15 2.5329428989751097
9 16 -3.616398243045388
9 17 -0.32210834553440704
9 18 -3.8506588579795022
9 19 6.471449487554905
9 20 0.32210834553440704
9 21 6.910688140556369
9 22 -2.7379209370424595
9 23 3.616398243045388
9 24 -0.32210834553440704
9 25 -0.1171303074670571
9 26 2.9721815519765737
9 27 -3.177159590043924
9 28 -3.177159590043924
9 29 -0.5563689604685212
9 84 0.2602944837410568
9 85 -0.6911675217531148
10 11 -3.8506588579795022
10 12 -0.1171303074670571
10 13 -0.1171303074670571
10 14 -0.1171303074670571
10 15 -4.0556368960468525
10 16 -3.616398243045388
10 17 6.266471449487555
10 18 -3.8506588579795022
10 19 6.471449487554905
10 20 6.910688140556369
10 21 0.32210834553440704
10 22 -2.7379209370424595
10 23 3.616398243045388
10 24 -6.910688140556369
10 25 -0.1171303074670571
10 26 2.9721815519765737
10 27 -9.765739385065887
10 28 -9.765739385065887
10 29 -7.144948755490483
10 90 -0.3362287233412844
10 91 -0.5449683821411586
11 12 0.5563689604685212
11 13 -6.032210834553441
11 14 0.5563689604685212
11 15 3.616398243045388
11 16 9.765739385065887
11 17 -0.1171303074670571
11 18 4.289897510980967
11 19 0.5563689604685212
11 20 -6.471449487554905
11 21 -6.471449487554905
11 22 -4.289897510980967
11 23 3.411420204978038
11 24 6.471449487554905
11 25 0.5563689604685212
11 26 3.177159590043924
11 27 2.7379209370424595
11 28 2.7379209370424595
11 29 7.584187408491947
11 96 -0.5064832809987798
11 97 0.676695404883888
12 13 3.411420204978038
12 14 -3.177159590043924
12 15 0.7613469985358712
12 16 0.32210834553440704
12 17 -2.9721815519765737
12 18 7.144948755490483
12 19 -3.177159590043924
12 20 -3.616398243045388
12 21 -3.616398243045388
12 22 -0.5563689604685212
12 23 -0.32210834553440704
12 24 3.616398243045388
12 25 -9.765739385065887
12 26 0.32210834553440704
12 27 -0.1171303074670571
12 28 -0.1171303074670571
12 29 3.8506588579795022
12 102 0.43490120028868406
12 103 0.2960037341516564
13 14 3.411420204978038
13 15 0.7613469985358712
13 16 -6.266471449487555
13 17 -2.9721815519765737
13 18 0.5563689604685212
13 19 -3.177159590043924
13 20 2.9721815519765737
13 21 2.9721815519765737
13 22 -0.5563689604685212
13 23 -6.910688140556369
13 24 -2.9721815519765737
13 25 -3.177159590043924
13 26 0.32210834553440704
13 27 -0.1171303074670571
13 28 -0.1171303074670571
13 29 -2.7379209370424595
13 108 -0.9925749206397698
13 109 -0.26534883361129835
14 15 0.7613469985358712
14 16 0.32210834553440704
14 17 -2.9721815519765737
14 18 -6.032210834553441
14 19 3.411420204978038
14 20 2.9721815519765737
14 21 2.9721815519765737
14 22 -7.144948755490483
14 23 -0.32210834553440704
14 24 -2.9721815519765737
14 25 3.411420204978038
14 26 6.910688140556369
14 27 -0.1171303074670571
14 28 -0.1171303074670571
14 29 -2.7379209370424595
14 114 0.20438994197982496
14 115 -0.41396471877330554
15 16 2.0937042459736457
15 17 -1.2005856515373352
15 18 3.616398243045388
15 19 0.7613469985358712
15 20 -5.387994143484627
15 21 1.2005856515373352
15 22 -3.616398243045388
15 23 -2.0937042459736457
15 24 5.387994143484627
15 25 0.7613469985358712
15 26 2.0937042459736457
15 27 2.5329428989751097
15 28 2.5329428989751097
15 29 6.910688140556369
15 120 -0.4329927755201095
15 121 0.6273721823018068
16 17 -0.7613469985358712
16 18 3.177159590043924
16 19 0.32210834553440704
16 20 -5.827232796486091
16 21 -5.827232796486091
16 22 -3.177159590043924
16 23 4.0556368960468525
16 24 5.827232796486091
16 25 0.32210834553440704
16 26 2.5329428989751097
16 27 2.9721815519765737
16 28 2.9721815519765737
16 29 6.471449487554905
16 126 0.5215441398719955
16 127 -0.8169847586489638
17 18 -0.1171303074670571
17 19 3.616398243045388
17 20 4.0556368960468525
17 21 -2.5329428989751097
17 22 0.1171303074670571
17 23 0.7613469985358712
17 24 -4.0556368960468525
17 25 3.616398243045388
17 26 -0.7613469985358712
17 27 -6.910688140556369
17 28 -6.910688140556369
17 29 -3.411420204978038
17 132 -0.38385760544361136
17 133 -0.07764910501586009
18 19 -6.032210834553441
18 20 -6.471449487554905
18 21 -6.471449487554905
18 22 2.2986822840409955
18 23 -3.177159590043924
18 24 6.471449487554905
18 25 -6.032210834553441
18 26 -3.411420204978038
18 27 2.7379209370424595
18 28 2.7379209370424595
18 29 7.584187408491947
18 138 -0.14426127202215877
18 139 -0.47469425695510625
19 20 2.9721815519765737
19 21 2.9721815519765737
19 22 -7.144948755490483
19 23 6.266471449487555
19 24 -2.9721815519765737
19 25 3.411420204978038
19 26 6.910688140556369
19 27 -6.705710102489019
19 28 -6.705710102489019
19 29 -2.7379209370424595
19 144 0.455450772059812
19 145 -0.8835693264615074
20 21 2.5329428989751097
20 22 -0.1171303074670571
20 23 -0.7613469985358712
20 24 -9.121522693997072
20 25 2.9721815519765737
20 26 0.7613469985358712
20 27 -6.266471449487555
20 28 -6.266471449487555
20 29 -9.765739385065887
20 150 -0.8620389965189881
20 151 -0.9982307988075954
21 22 -0.1171303074670571
21 23 -0.7613469985358712
21 24 -2.5329428989751097
21 25 2.9721815519765737
21 26 0.7613469985358712
21 27 0.32210834553440704
21 28 0.32210834553440704
21 29 -3.177159590043924
21 156 0.5092616269668413
21 157 -0.3754441956438155
22 23 -3.411420204978038
22 24 0.1171303074670571
22 25 -0.5563689604685212
22 26 -9.765739385065887
22 27 3.8506588579795022
22 28 3.8506588579795022
22 29 -0.9956076134699854
22 162 0.19149313456196704
22 163 0.4688264357497758
23 24 0.7613469985358712
23 25 -0.32210834553440704
23 26 4.0556368960468525
23 27 -2.9721815519765737
23 28 -2.9721815519765737
23 29 0.1171303074670571
23 168 0.9394473038121687
23 169 0.2999500637547321
24 25 -2.9721815519765737
24 26 -0.7613469985358712
24 27 6.266471449487555
24 28 6.266471449487555
24 29 9.765739385065887
24 174 -0.4831024875863872
24 175 -0.13800744000941978
25 26 0.32210834553440704
25 27 -0.1171303074670571
25 28 -0.1171303074670571
25 29 -2.7379209370424595
25 180 -0.7512840792296576
25 181 -0.029925920242473536
26 27 -3.616398243045388
26 28 -3.616398243045388
26 29 -0.1171303074670571
26 186 -0.2962411256519837
26 187 -0.3060670964087431
27 28 10.0
27 29 6.032210834553441
27 192 0.46443682638410855
27 193 -0.8688654168121697
28 29 6.032210834553441
28 198 -0.9780618103077783
28 199 0.18704406250851435
29 204 -0.3411895238915672
29 205 0.2979464863368799
30 32 -0.8842718140712016
30 33 0.19176712197724122
30 187 0.7244226526758204
31 34 -0.9148856019214027
31 35 -0.07584174040078939
34 147 -0.7513860543818442
34 187 0.10279813522827919
36 38 -0.7161509412761875
36 39 -0.4500811450976414
36 52 -0.07100280115802637
36 94 0.351087346539356
36 178 -0.89179298720268
37 40 -0.13059666429732708
37 41 -0.04642993893777314
42 44 0.6381314559298412
42 45 -0.10630080633521377
43 46 -0.6326919740065358
43 47 -0.6339808952121333
46 94 0.6305394299969549
46 112 -0.5544352107336932
48 50 -0.7252710436194778
48 51 -0.9106772885946746
49 50 -0.9799486007104159
49 52 -0.41026357240436884
49 53 -0.7094364972731515
49 74 0.5825996530751083
49 142 0.6464728346701767
49 174 -0.9077741196468387
54 56 -0.6673359104545824
54 57 -0.5875207484991223
55 58 0.4207282905903529
55 59 -0.4861306130838259
57 150 0.17309741976878779
59 143 -0.729353515964192
60 62 -0.7592663448546182
60 63 -0.7572340478364514
60 74 0.583769506060122
61 64 -0.6551095972710246
61 65 -0.9242649850004663
66 68 -0.9595650034732901
66 69 -0.5528267652296315
67 70 0.5122743720601761
67 71 -0.8800317044947694
71 114 0.4057395725456989
72 74 0.21147746480443574
72 75 -0.6896524050704935
73 76 -0.05424795281476147
73 77 -0.092639417135147
73 110 0.12552699264211475
75 106 -0.3015819002469322
76 179 -0.8121674735259561
78 80 -0.8803647540029411
78 81 -0.9645235113029558
79 82 0.2048395413537445
79 83 0.17893013421946447
80 169 -0.14245919615641078
81 187 -0.340586873624517
84 86 -0.15061609607175774
84 87 -0.38805234207785055
85 88 0.06711144198664698
85 89 0.16238327716639178
85 94 0.9031469896908659
86 168 -0.5404713646220607
90 92 0.15041314078407142
90 93 -0.7088523506226243
91 94 0.36778913978690775
91 95 -0.5299837107686318
93 103 0.9358447281603259
93 204 0.8436082141983061
94 95 0.015867567591868248
94 193 0.7057351551491058
96 98 -0.7299511462095569
96 99 -0.7154892990833648
97 100 -0.6645831174956758
97 101 -0.8103497694124107
101 124 -0.3752441557503001
101 191 0.4839637270598178
102 104 -0.6972241696852335
102 105 -0.31535570084720677
103 106 0.22064045500138496
103 107 0.02482024333636179
105 161 0.06802521250255955
108 110 -0.3607343489631931
108 111 -0.6571097451324839
108 165 -0.9703960542592438
109 112 -0.8418487039708626
109 113 0.21750931494139558
113 117 -0.7437059379614399
114 116 -0.4055655399089655
114 117 -0.058235296915602364
114 184 0.7292498522962707
115 118 0.05080362550902073
115 119 -0.9126114231567131
120 122 -0.2706624260376993
120 123 0.159973223494295
121 124 -0.9934799063059088
121 125 -0.008622648504846842
121 145 -0.3590325195937396
126 128 -0.5979814875833047
126 129 -0.14187166488779512
127 130 -0.31746219774804096
127 131 -0.560769367402776
128 138 0.5465453654055636
128 201 -0.5894209288010184
132 134 0.6256941736927522
132 135 -0.019435072072038873
133 136 -0.5412494001976531
133 137 -0.18870298914523898
134 208 0.8563058958413265
138 140 0.35151338607526084
138 141 0.22143599661262336
139 142 0.1883452864397952
139 143 -0.7142856856299371
139 203 0.5100522738648989
142 180 -0.22002924813861324
144 146 0.002752750544807281
144 147 -0.5787167546387402
144 174 -0.7147559932802268
145 148 0.10061146588689329
145 149 -0.1358073045562609
145 161 0.028276893452646945
146 160 0.7953129010347515
149 154 -0.41358913711987344
150 152 -0.9863857699630787
150 153 0.5345541607088335
151 154 0.8580415715731071
151 155 -0.030112506576631004
154 171 -0.6465999539393004
156 158 -0.9445689020092036
156 159 -0.4824997120732064
157 160 -0.8107913671984315
157 161 -0.7933017741890052
162 164 0.25160398063036693
162 165 -0.7621737510739834
163 166 -0.49641966129687165
163 167 -0.37968833077954844
168 170 -0.9378809722340049
168 171 -0.07371869347941873
168 183 0.8104188965258527
169 172 -0.42854488028422955
169 173 -0.7787968381242949
171 176 -0.3935671927757052
172 208 0.7214106792807475
174 176 -0.6478283006280392
174 177 -0.08091080314788246
175 178 0.5748730518284084
175 179 -0.7284131086807539
178 200 0.19202717427021754
180 182 -0.7738426549536204
180 183 0.5208687827736544
181 184 0.3029580469772064
181 185 -0.5017425093030319
186 188 0.160987311456962
186 189 0.08911223215708186
187 190 -0.6795107950303108
187 191 -0.8859436759925192
192 194 -0.9852272393618802
192 195 -0.7766398156289669
192 208 -0.37266114006021955
193 196 0.2975977409878454
193 197 0.4928591626795831
198 200 -0.02746549030283285
198 201 -0.9849033069381827
199 202 -0.9447526937647095
199 203 -0.08513401916681729
204 206 0.38207105190893587
204 207 -0.7842061029171146
205 208 -0.18922508847531105
205 209 0.5965635239577747
0 0 -0.3906572392311447
1 1 1.7639853972740058
2 2 -1.3011516780127566
3 3 0.9022322565631874
4 4 1.2441766536983425
5 5 -1.2058529357187386
6 6 1.1133008482305442
7 7 0.3589088527585318
8 8 -1.5180038332872714
9 9 1.137225941563889
10 10 0.37847935203252137
11 11 0.9196658142224395
12 12 1.9596459265192279
13 13 0.4506883190979654
14 14 -1.1918587178373832
15 15 1.9754725158805964
16 16 1.1180981403881605
17 17 -0.6503529443636906
18 18 0.36127750862894414
19 19 -0.10687623160867867
20 20 -0.44886875317194663
21 21 -0.601554418215033
22 22 -1.5798632499237997
23 23 0.7408766402888399
24 24 -0.743695438132939
25 25 -1.6130023081045917
26 26 -1.1278507919708094
27 27 -0.5944499970118242
28 28 -0.7434169823257518
29 29 -1.1244992438830543
30 30 1.9220355306883128
31 31 -1.2577754216882675
32 32 -0.5048872225973371
33 33 1.9111082435746438
34 34 0.857560352813958
35 35 0.9585825443001812
36 36 0.25503050119456194
37 37 -0.853502220511754
38 38 1.85371546840562
39 39 -1.9366186795789502
40 40 1.5814802807564878
41 41 -0.49561082728820477
42 42 0.31702486262859564
43 43 0.14626513920896178
44 44 0.041212564065123754
45 45 -1.0212199787257892
46 46 -0.5670375533516139
47 47 -1.3663822603009814
48 48 0.11193407126950294
49 49 -0.7083776223091941
50 50 -1.7523563652112606
51 51 1.7311853260231351
52 52 -0.18169051877245668
53 53 1.5290545429946536
54 54 -1.5259817571356948
55 55 -0.4111318219571021
56 56 -1.0533071125410625
57 57 1.7774344358143266
58 58 -0.8296047524129841
59 59 -0.44824961338682057
60 60 -0.9782633157719706
61 61 -0.3080526377320121
62 62 -1.2796238064147718
63 63 -0.34079160277722176
64 64 -1.3058930158800544
65 65 1.931266750448104
66 66 1.7424053720103605
67 67 1.5885820357571443
68 68 1.4267011079055716
69 69 -1.1940834836661982
70 70 -1.7530468497553995
71 71 0.7860631923747979
72 72 0.43862276496850594
73 73 1.2225407783475597
74 74 0.78938921238441
75 75 1.505703353676637
76 76 0.6965474595646186
77 77 0.7366226345284753
78 78 0.3217554638529796
79 79 -0.3743528161862258
80 80 1.363931129109666
81 81 0.6344461242436849
82 82 1.596566365147663
83 83 0.251674407696314
84 84 -0.7611330064652232
85 85 0.9108200261906828
86 86 -1.068443100400946
87 87 -1.6788654246446877
88 88 -1.0530660847775724
89 89 -1.4669825579991547
90 90 1.1565745201732605
91 91 -0.9161021732294201
92 92 0.7924483883754957
93 93 1.0708412779652337
94 94 -0.20600839235733748
95 95 0.24234977895282087
96 96 1.374771921492952
97 97 -1.2512459990689528
98 98 1.5454062219226254
99 99 1.5509283657043171
100 100 0.3056715128796337
101 101 -1.9132810716267192
102 102 1.5712204508099492
103 103 1.2677919649498786
104 104 1.2261216785538962
105 105 0.21771369725966272
106 106 1.2118804263910352
107 107 -1.3127544432847928
108 108 -1.1751255374771516
109 109 1.7347247461868898
110 110 -1.8162606678711768
111 111 0.17176527119306328
112 112 -0.49650157553369484
113 113 1.3639984621468058
114 114 -1.9058044766837001
115 115 0.22335406102960853
116 116 1.5489857653064252
117 117 -0.29737791369730715
118 118 1.3550436509814512
119 119 -1.2086981052628034
120 120 0.7852861732300331
121 121 0.9514738204890016
122 122 1.593576581397767
123 123 -0.07498850618340835
124 124 -0.9904432884130854
125 125 -1.6886126014597926
126 126 0.2254757399635241
127 127 0.45576547076397717
128 128 1.3889127207468892
129 129 1.7289200566202836
130 130 0.8686857189776434
131 131 1.2568852217628688
132 132 -1.5361380908349913
133 133 0.45012105055986407
134 134 -1.2030344506149806
135 135 0.488912639762884
136 136 0.004994737465472632
137 137 1.7482920375837552
138 138 1.6711003881798312
139 139 0.5487327902979171
140 140 -0.7309754862864444
141 141 0.989727130324142
142 142 -0.9246626043708327
143 143 1.9301277144224653
144 144 1.6398979903879565
145 145 -1.3467944617929348
146 146 -0.6124309479279599
147 147 1.296410611365094
148 148 -0.9686921906840228
149 149 0.269493724895451
150 150 0.9108951736396192
151 151 0.3475943514924418
152 152 -1.8824954488773626
153 153 0.7312613678274844
154 154 1.7096415406023437
155 155 -0.8332162447266988
156 156 -0.3336152693368826
157 157 0.6589996014803474
158 158 1.863839007948237
159 159 1.5962705013955103
160 160 -1.9121873823921423
161 161 0.7397112050140175
162 162 -1.9048709914269935
163 163 -1.6489726518200278
164 164 0.7817916825459732
165 165 -0.16660751920899308
166 166 -0.9161525915822916
167 167 -1.240239956814646
168 168 1.598255169424575
169 169 -1.932513050239233
170 170 1.4912957805209601
171 171 0.62426427520061
172 172 -1.045957980281187
173 173 0.9622035647427487
174 174 0.703466677374696
175 175 0.8218673652299238
176 176 -1.0805305136247938
177 177 -0.303654979252423
178 178 -0.654823357453377
179 179 0.6401482808124506
180 180 -0.5202950433745976
181 181 1.2247524862296308
182 182 -0.5558267836495898
183 183 0.4973609097262628
184 184 -0.8925101401139034
185 185 -0.847210128338296
186 186 -1.3808285387021204
187 187 -1.939048986210554
188 188 0.8236238565295064
189 189 -0.5538941131144979
190 190 -0.8914456487531526
191 191 1.5133980403815372
192 192 -0.15653450668222213
193 193 0.8176200503600005
194 194 -1.278842029250367
195 195 0.2922192241045867
196 196 -1.2424813238889243
197 197 0.949344828450486
198 198 -0.7266229572813764
199 199 0.2836410618881695
200 200 1.0183307607254424
201 201 1.272964029916229
202 202 -0.9039795301452336
203 203 0.07015569547374989
204 204 1.0108194766455694
205 205 1.8426424265954569
206 206 -0.49285006369572537
207 207 1.0246133660429524
208 208 1.953761878078949
209 209 1.699512952389741
