0 1 2.5395629238884703
0 2 4.468726450640543
0 3 0.39939713639789
0 4 0.2788244159758855
0 5 -4.468726450640543
0 6 4.468726450640543
0 7 -0.2788244159758855
0 8 3.4438583270535044
0 9 2.313489073097212
0 10 -3.790504898266767
0 11 -0.2788244159758855
0 12 -6.608892238131123
0 13 -3.6699321778447627
0 14 0.2788244159758855
0 15 10.0
0 16 3.33835719668425
0 17 -2.5395629238884703
0 18 0.1733232856066315
0 19 6.834966088922381
0 20 -1.8613413715146947
0 21 -0.8515448379804069
0 22 3.33835719668425
0 23 -0.1733232856066315
0 24 -0.8515448379804069
0 25 -3.5644310474755088
0 26 -0.2788244159758855
0 27 0.2788244159758855
0 28 6.729464958553128
0 29 -6.156744536548606
0 30 -0.794772142075242
0 31 -0.9505026212361851
1 2 -4.468726450640543
1 3 6.3828183873398645
1 4 -0.2788244159758855
1 5 4.468726450640543
1 6 2.313489073097212
1 7 7.061039939713639
1 8 -3.4438583270535044
1 9 4.468726450640543
1 10 3.790504898266767
1 11 0.2788244159758855
1 12 -0.1733232856066315
1 13 -3.1122833458929917
1 14 -0.2788244159758855
1 15 3.5644310474755088
1 16 3.4438583270535044
1 17 -4.242652599849284
1 18 6.608892238131123
1 19 -0.05275056518462698
1 20 -4.9208741522230595
1 21 0.8515448379804069
1 22 3.4438583270535044
1 23 -6.608892238131123
1 24 7.633760361718161
1 25 -3.2177844762622456
1 26 0.2788244159758855
1 27 -0.2788244159758855
1 28 6.834966088922381
1 29 -0.6254709871891485
1 36 0.5400996003626246
1 37 -0.980343421146967
2 3 0.6254709871891485
2 4 0.05275056518462698
2 5 -4.694800301431801
2 6 4.694800301431801
2 7 -6.834966088922381
2 8 10.0
2 9 2.087415222305953
2 10 -4.016578749058025
2 11 -0.05275056518462698
2 12 -6.3828183873398645
2 13 -3.4438583270535044
2 14 0.05275056518462698
2 15 2.9917106254709873
2 16 3.5644310474755088
2 17 4.468726450640543
2 18 0.39939713639789
2 19 6.608892238131123
2 20 5.146948003014318
2 21 -1.0776186887716654
2 22 3.5644310474755088
2 23 -0.39939713639789
2 24 -1.0776186887716654
2 25 2.9917106254709873
2 26 -6.834966088922381
2 27 6.834966088922381
2 28 0.1733232856066315
2 29 0.8515448379804069
2 42 0.177661892438282
2 43 0.14759782129456944
3 4 -2.6601356443104747
3 5 6.156744536548606
3 6 0.6254709871891485
3 7 2.6601356443104747
3 8 0.5048982667671439
3 9 -0.6254709871891485
3 10 6.834966088922381
3 11 2.6601356443104747
3 12 3.1122833458929917
3 13 -7.513187641296157
3 14 -2.6601356443104747
3 15 0.2788244159758855
3 16 -0.5048982667671439
3 17 0.39939713639789
3 18 3.1122833458929917
3 19 3.896006028636021
3 20 1.0776186887716654
3 21 -3.790504898266767
3 22 -0.5048982667671439
3 23 -3.1122833458929917
3 24 2.9917106254709873
3 25 0.2788244159758855
3 26 -4.12207987942728
3 27 4.12207987942728
3 28 2.8862094951017334
3 29 3.5644310474755088
3 48 -0.25957421611547415
3 49 -0.5172596520611736
4 5 -6.834966088922381
4 6 6.834966088922381
4 7 -1.9819140919366993
4 8 -1.1831198191409193
4 9 -0.05275056518462698
4 10 -0.7309721175584024
4 11 -8.764129615674454
4 12 -2.4340617935192164
4 13 1.4091936699321779
4 14 8.764129615674454
4 15 -0.9570459683496609
4 16 1.1831198191409193
4 17 0.2788244159758855
4 18 4.348153730218538
4 19 -4.574227581009796
4 20 6.3828183873398645
4 21 3.1122833458929917
4 22 1.1831198191409193
4 23 -4.348153730218538
4 24 3.1122833458929917
4 25 -0.9570459683496609
4 26 -1.9819140919366993
4 27 1.9819140919366993
4 28 -2.2079879427279576
4 29 3.896006028636021
4 54 -0.7847224119612206
4 55 0.0546131993206771
5 6 -4.694800301431801
5 7 6.834966088922381
5 8 -3.2177844762622456
5 9 -2.087415222305953
5 10 4.016578749058025
5 11 6.834966088922381
5 12 6.3828183873398645
5 13 -3.33835719668425
5 14 -6.834966088922381
5 15 -2.9917106254709873
5 16 -3.5644310474755088
5 17 2.313489073097212
5 18 -0.39939713639789
5 19 0.1733232856066315
5 20 -5.146948003014318
5 21 -5.704596834966089
5 22 -3.5644310474755088
5 23 0.39939713639789
5 24 1.0776186887716654
5 25 3.790504898266767
5 26 0.05275056518462698
5 27 -0.05275056518462698
5 28 -0.1733232856066315
5 29 -0.8515448379804069
5 60 -0.7856899546184692
5 61 0.6014178155690386
6 7 -0.05275056518462698
6 8 3.2177844762622456
6 9 2.087415222305953
6 10 -4.016578749058025
6 11 -6.834966088922381
6 12 -6.3828183873398645
6 13 -3.4438583270535044
6 14 6.834966088922381
6 15 2.9917106254709873
6 16 3.5644310474755088
6 17 4.468726450640543
6 18 7.181612660135644
6 19 -0.1733232856066315
6 20 5.146948003014318
6 21 -1.0776186887716654
6 22 3.5644310474755088
6 23 -7.181612660135644
6 24 5.704596834966089
6 25 2.9917106254709873
6 26 -6.834966088922381
6 27 6.834966088922381
6 28 0.1733232856066315
6 29 0.8515448379804069
6 66 -0.19491612583117846
6 67 -0.8565995516506255
7 8 -5.599095704596835
7 9 0.05275056518462698
7 10 0.7309721175584024
7 11 1.9819140919366993
7 12 2.4340617935192164
7 13 -1.4091936699321779
7 14 -1.9819140919366993
7 15 0.9570459683496609
7 16 -1.1831198191409193
7 17 -0.2788244159758855
7 18 2.4340617935192164
7 19 -2.2079879427279576
7 20 -6.3828183873398645
7 21 -3.1122833458929917
7 22 -1.1831198191409193
7 23 -2.4340617935192164
7 24 3.6699321778447627
7 25 0.9570459683496609
7 26 1.9819140919366993
7 27 -1.9819140919366993
7 28 2.2079879427279576
7 29 -3.896006028636021
7 72 -0.37236061923540964
7 73 -0.4548719620046804
8 9 3.5644310474755088
8 10 -3.896006028636021
8 11 1.1831198191409193
8 12 -6.051243406179352
8 13 -2.2079879427279576
8 14 -1.1831198191409193
8 15 2.6601356443104747
8 16 4.348153730218538
8 17 3.4438583270535044
8 18 0.7309721175584024
8 19 5.825169555388094
8 20 2.7656367746797286
8 21 -0.05275056518462698
8 22 4.348153730218538
8 23 -0.7309721175584024
8 24 -0.05275056518462698
8 25 2.6601356443104747
8 26 -5.599095704596835
8 27 5.599095704596835
8 28 0.9570459683496609
8 29 0.2788244159758855
8 78 -0.47647235373129515
8 79 -0.1597526032685821
9 10 -2.7656367746797286
9 11 0.05275056518462698
9 12 -7.181612660135644
9 13 3.4438583270535044
9 14 -0.05275056518462698
9 15 3.790504898266767
9 16 10.0
9 17 -4.468726450640543
9 18 6.3828183873398645
9 19 0.1733232856066315
9 20 -5.146948003014318
9 21 7.85983421250942
9 22 10.0
9 23 -6.3828183873398645
9 24 7.85983421250942
9 25 -2.9917106254709873
9 26 0.05275056518462698
9 27 -0.05275056518462698
9 28 6.608892238131123
9 29 -0.8515448379804069
9 84 0.18068351726782628
9 85 0.7759093688020859
10 11 0.7309721175584024
10 12 7.061039939713639
10 13 -2.6601356443104747
10 14 -0.7309721175584024
10 15 -3.6699321778447627
10 16 -2.8862094951017334
10 17 -3.790504898266767
10 18 0.2788244159758855
10 19 -0.5048982667671439
10 20 2.313489073097212
10 21 0.39939713639789
10 22 -2.8862094951017334
10 23 -0.2788244159758855
10 24 0.39939713639789
10 25 -3.6699321778447627
10 26 0.7309721175584024
10 27 -0.7309721175584024
10 28 0.5048982667671439
10 29 6.608892238131123
10 90 0.04876573299056397
10 91 -0.7993070853037396
11 12 2.4340617935192164
11 13 -1.4091936699321779
11 14 -8.764129615674454
11 15 0.9570459683496609
11 16 -1.1831198191409193
11 17 -0.2788244159758855
11 18 -4.348153730218538
11 19 4.574227581009796
11 20 -6.3828183873398645
11 21 -3.1122833458929917
11 22 -1.1831198191409193
11 23 4.348153730218538
11 24 -3.1122833458929917
11 25 0.9570459683496609
11 26 1.9819140919366993
11 27 -1.9819140919366993
11 28 2.2079879427279576
11 29 -3.896006028636021
11 96 -0.09504793510949949
11 97 -0.16947276185051252
12 13 -0.9570459683496609
12 14 -2.4340617935192164
12 15 -6.27731725697061
12 16 -7.513187641296157
12 17 0.1733232856066315
12 18 -3.896006028636021
12 19 -2.6601356443104747
12 20 0.8515448379804069
12 21 -3.5644310474755088
12 22 -7.513187641296157
12 23 3.896006028636021
12 24 -3.5644310474755088
12 25 0.5048982667671439
12 26 2.4340617935192164
12 27 -2.4340617935192164
12 28 -4.12207987942728
12 29 3.33835719668425
12 102 0.5783305693931307
12 103 0.864590990844682
13 14 1.4091936699321779
13 15 -2.4340617935192164
13 16 2.2079879427279576
13 17 -3.6699321778447627
13 18 -0.9570459683496609
13 19 -5.599095704596835
13 20 -2.9917106254709873
13 21 7.061039939713639
13 22 2.2079879427279576
13 23 0.9570459683496609
13 24 0.2788244159758855
13 25 -2.4340617935192164
13 26 5.373021853805576
13 27 -5.373021853805576
13 28 -1.1831198191409193
13 29 -0.5048982667671439
13 108 -0.06190677343071016
13 109 0.9126371725753406
14 15 -0.9570459683496609
14 16 1.1831198191409193
14 17 0.2788244159758855
14 18 4.348153730218538
14 19 -4.574227581009796
14 20 6.3828183873398645
14 21 3.1122833458929917
14 22 1.1831198191409193
14 23 -4.348153730218538
14 24 3.1122833458929917
14 25 -0.9570459683496609
14 26 -1.9819140919366993
14 27 1.9819140919366993
14 28 -2.2079879427279576
14 29 3.896006028636021
14 114 -0.5406901844386058
14 115 -0.5802258192895438
15 16 4.12207987942728
15 17 -3.5644310474755088
15 18 0.5048982667671439
15 19 6.051243406179352
15 20 -4.242652599849284
15 21 0.1733232856066315
15 22 4.12207987942728
15 23 -0.5048982667671439
15 24 0.1733232856066315
15 25 -3.896006028636021
15 26 0.9570459683496609
15 27 -0.9570459683496609
15 28 7.513187641296157
15 29 -6.729464958553128
15 120 0.76480214882645
15 121 0.33096385250874394
16 17 -3.4438583270535044
16 18 6.051243406179352
16 19 0.9570459683496609
16 20 -2.7656367746797286
16 21 6.834966088922381
16 22 9.21627731725697
16 23 -6.051243406179352
16 24 6.834966088922381
16 25 -2.6601356443104747
16 26 -1.1831198191409193
16 27 1.1831198191409193
16 28 5.825169555388094
16 29 -0.2788244159758855
16 126 -0.13199192998700227
16 127 0.07448418953781011
17 18 0.1733232856066315
17 19 0.05275056518462698
17 20 4.9208741522230595
17 21 -7.633760361718161
17 22 -3.4438583270535044
17 23 -0.1733232856066315
17 24 -0.8515448379804069
17 25 10.0
17 26 -7.061039939713639
17 27 7.061039939713639
17 28 -6.834966088922381
17 29 0.6254709871891485
17 132 -0.807267657964627
17 133 -0.4670106967417149
18 19 -2.6601356443104747
18 20 0.8515448379804069
18 21 3.2177844762622456
18 22 6.051243406179352
18 23 -9.668425018839487
18 24 10.0
18 25 0.5048982667671439
18 26 -4.348153730218538
18 27 4.348153730218538
18 28 2.6601356443104747
18 29 3.33835719668425
18 138 0.013057203012616592
18 139 0.8618418578538567
19 20 -0.6254709871891485
19 21 -3.4438583270535044
19 22 0.9570459683496609
19 23 2.6601356443104747
19 24 -3.4438583270535044
19 25 -0.7309721175584024
19 26 -2.2079879427279576
19 27 2.2079879427279576
19 28 4.348153730218538
19 29 -3.1122833458929917
19 144 -0.33772389711981243
19 145 -0.3808205534848035
20 21 -1.5297663903541823
20 22 -2.7656367746797286
20 23 -0.8515448379804069
20 24 -1.5297663903541823
20 25 2.5395629238884703
20 26 -6.3828183873398645
20 27 6.3828183873398645
20 28 -6.156744536548606
20 29 8.085908063300678
20 150 0.15415359533223394
20 151 0.21894998684940603
21 22 6.834966088922381
21 23 -3.2177844762622456
21 24 4.242652599849284
21 25 -6.608892238131123
21 26 3.6699321778447627
21 27 -3.6699321778447627
21 28 3.4438583270535044
21 29 2.7656367746797286
21 156 0.9553112725844817
21 157 -0.04641356170665989
22 23 -6.051243406179352
22 24 6.834966088922381
22 25 -2.6601356443104747
22 26 -1.1831198191409193
22 27 1.1831198191409193
22 28 5.825169555388094
22 29 -0.2788244159758855
22 162 -0.6028212480656132
22 163 0.02761486987927575
23 24 -10.0
23 25 -0.5048982667671439
23 26 4.348153730218538
23 27 -4.348153730218538
23 28 -2.6601356443104747
23 29 -3.33835719668425
23 168 -0.44773774634109653
23 169 0.8100843481447377
24 25 0.1733232856066315
24 26 -3.1122833458929917
24 27 3.1122833458929917
24 28 3.4438583270535044
24 29 2.7656367746797286
24 174 0.2884336538916201
24 175 -0.824197898412454
25 26 -5.825169555388094
25 27 5.825169555388094
25 28 -6.051243406179352
25 29 0.05275056518462698
25 180 -0.5848100528696483
25 181 -0.23867121352360798
26 27 -8.764129615674454
26 28 2.2079879427279576
26 29 -3.896006028636021
26 186 -0.2796191256906606
26 187 -0.43606927582096855
27 28 -2.2079879427279576
27 29 3.896006028636021
27 192 0.19466456934195642
27 193 -0.9488310899500427
28 29 -3.6699321778447627
28 198 0.801323891466885
28 199 0.41872131466326623
29 204 -0.18161623333659493
29 205 0.18187918771292777
30 32 -0.44686390792581854
30 33 -0.45857922491242675
30 123 -0.8345978566149119
31 34 -0.32107109639815
31 35 -0.9567069356892421
31 166 -0.8996926612188525
32 135 0.7408945846508772
33 143 -0.20787957815411917
36 38 -0.5396343926240388
36 39 -0.03240690162574289
37 40 -0.5150469282840426
37 41 0.3234712927062984
38 207 -0.17460970873170556
41 42 0.9330743786396871
42 44 -0.9616878895022467
42 45 -0.9678181529593881
43 46 -0.0007830566261701755
43 47 -0.6540918292041993
43 125 0.6519848504924728
43 203 -0.7653838001521838
48 50 -0.8165999160240291
48 51 -0.743910793688997
48 174 0.8141665004603587
49 52 -0.8342445378472216
49 53 -0.7140293252916685
49 61 -0.598590089905001
49 162 0.9555674209708436
51 58 -0.24344349136947452
51 125 -0.7767475137322544
53 161 -0.02119465271961385
54 56 -0.5150796190017992
54 57 0.5509790966649626
55 58 -0.5917737028383494
55 59 -0.7641938604060672
60 62 -0.9035841622341185
60 63 0.41904284275860193
60 165 -0.45777699429414653
61 64 -0.10735496156327207
61 65 -0.11186182201392048
63 188 0.34256956551949314
66 68 -0.8412535012703353
66 69 0.05542815678362345
67 70 -0.18530675616678405
67 71 -0.2914892389106922
68 101 0.9200292474989327
70 78 0.7122076402351725
72 74 -0.19048463457462894
72 75 -0.8090560933068955
72 102 0.8230807050415851
72 113 0.38012420613949693
73 76 -0.13043570572798058
73 77 0.1025346948855912
77 204 -0.328356075445168
78 80 -0.8419815135414068
78 81 0.3918766556820146
79 82 -0.05178230034734299
79 83 -0.133249913684641
82 165 0.2640758351392092
84 86 -0.3944101978714476
84 87 -0.6925764600683635
85 88 -0.6309144881460729
85 89 -0.6671262787710539
87 119 -0.06731086760545124
88 185 -0.3407769648073262
90 92 -0.6163831927742278
90 93 -0.02333558463650287
91 94 -0.23409179286093917
91 95 0.04761266440296974
92 127 -0.25419644013032117
93 151 0.8971389331293831
95 111 -0.5676257197955639
96 98 0.11489659953929254
96 99 -0.7037527133584671
97 100 0.15365193823185241
97 101 -0.6291605272908651
102 104 -0.8712645863246744
102 105 -0.7895682649041691
102 136 0.039575602671328536
103 106 -0.8656665842207736
103 107 0.139397723005813
104 145 -0.16840856698585083
105 162 -0.9311162234263983
108 110 -0.30145846720604275
108 111 -0.23324054064803446
108 119 0.32129180927505807
109 112 -0.6074579904664361
109 113 0.8736840290130916
109 184 -0.4787160739030607
114 116 -0.9416804493050701
114 117 -0.6906561402544011
115 118 -0.6842728479978759
115 119 -0.4911407564246111
117 149 -0.07764568900582436
118 193 -0.18717846204650934
119 187 -0.4244987505837521
120 122 -0.04548520586042115
120 123 0.45815244349497
121 124 -0.575056430404864
121 125 -0.9658649427463188
122 182 -0.5961624788058415
123 169 -0.7036035644145437
125 206 -0.889066407910873
126 128 -0.7611301300621918
126 129 -0.8093536615022952
127 130 -0.4932395340060478
127 131 -0.7893486479457081
128 169 0.3267943209217363
128 199 -0.7128224843817648
132 134 -0.7421625961378868
132 135 0.04016031116405583
133 136 -0.23313127382903387
133 137 -0.0029858297349125706
133 180 0.41484528466513537
138 140 -0.2289146375370894
138 141 -0.8454998335151669
139 142 0.28238770155344084
139 143 -0.3102209486836256
140 201 -0.8240898276322282
141 206 -0.5847948679865915
144 146 -0.8272675585170679
144 147 -0.19587596537234142
145 148 -0.6778212999105198
145 149 -0.6468167171188437
150 152 -0.7707661561129988
150 153 -0.873632687872077
150 180 0.9744624141151914
151 154 -0.5128499112512115
151 155 -0.9271510725727021
154 171 -0.5382711561519116
156 158 0.3786617996057646
156 159 -0.36813829422034394
157 160 -0.9689566908182106
157 161 -0.9801100220181573
157 186 -0.5179277376485547
157 199 0.4119564986082578
162 164 -0.2537036810345452
162 165 0.06417653648333754
163 166 -0.23476181761436
163 167 -0.8674970046019659
168 170 -0.744066897105101
168 171 -0.20100701376314167
169 172 -0.24518016907655338
169 173 0.03593188139676351
171 195 0.4197947515893963
174 176 -0.8695697773157054
174 177 -0.5334632813200844
175 178 -0.630420899227695
175 179 0.16124372448906854
177 188 -0.5798261061462802
180 182 0.17140247959774113
180 183 -0.1907536376367116
181 184 -0.49290663173183513
181 185 0.23178207513416926
186 188 0.3574690315393454
186 189 -0.9724581428247274
187 190 -0.8991358492828985
187 191 0.007657413167063476
192 193 -0.36849055297716005
192 194 -0.7429105475617139
192 195 -0.15056000052448915
193 196 -0.09936215445604857
193 197 -0.14256656523985223
198 200 -0.7811406223809638
198 201 -0.01619606827353892
199 202 0.2414282015055622
199 203 -0.35570691433999047
204 206 -0.5448133645836939
204 207 0.1892711215139884
205 208 -0.37492114096889195
205 209 -0.8548675279390776
0 0 -1.8470967010994752
1 1 1.3399148677083685
2 2 0.1854256042402569
3 3 -1.2302061275196565
4 4 -0.9322196128841767
5 5 1.1652468437018713
6 6 0.9638938424291177
7 7 -0.7699390987861153
8 8 0.689105144229607
9 9 1.613965886081281
10 10 1.4607676204382
11 11 -1.3064322995642224
12 12 0.11757164251198482
13 13 0.37497867179112543
14 14 1.0196932561564607
15 15 0.7294418520276418
16 16 -1.2009919153046806
17 17 1.3804036847684502
18 18 0.7197779834903777
19 19 0.3823874735196937
20 20 -0.7818048484733078
21 21 0.5444307263014028
22 22 -0.6102552852813607
23 23 1.4479701204382165
24 24 1.0527836439890277
25 25 1.0611175873463825
26 26 1.5372172567940892
27 27 -1.6419283509328497
28 28 1.4291576245033375
29 29 1.1891796861340453
30 30 -1.0023550487472557
31 31 -1.5351891820405554
32 32 -0.16081416369726265
33 33 -1.9368982697023922
34 34 0.11076410663793236
35 35 -1.3165397967474555
36 36 0.4808423284795054
37 37 -1.088752556987468
38 38 0.3806992955427435
39 39 -0.7559586681810498
40 40 0.5596909226109594
41 41 0.37315417386830063
42 42 -1.5911707483744528
43 43 -1.072523496585502
44 44 -0.024482626019421087
45 45 0.055522323577211985
46 46 0.11341801379525718
47 47 -0.8937234810085588
48 48 -1.111038047101725
49 49 -1.4688552661442578
50 50 -0.17005300177656268
51 51 -1.7817062291286587
52 52 1.7488571285483867
53 53 -0.9041627564299058
54 54 1.33162740589982
55 55 0.3419468524868381
56 56 1.111522046815511
57 57 -0.3537494772541816
58 58 -0.6370183851548372
59 59 -1.2593799898327172
60 60 -0.14189843179962303
61 61 -0.028683737450237338
62 62 0.2774107285043139
63 63 1.4302382086268448
64 64 -1.2628773279288001
65 65 0.6823103156701844
66 66 1.3889694688515024
67 67 0.022930922142284427
68 68 1.9713301509225483
69 69 0.4884008825232211
70 70 -1.7278550140253899
71 71 0.8902813093366252
72 72 -0.3310357238526445
73 73 -0.35158574932731274
74 74 -1.7566140359491953
75 75 -1.6902981386025742
76 76 1.7348396111504094
77 77 1.1259546085675627
78 78 0.6973001494284081
79 79 1.0445991608964995
80 80 0.7291461478848311
81 81 0.4404569349810905
82 82 1.0855585818505675
83 83 1.3121328977879496
84 84 0.7970644920079408
85 85 -0.5380387445385129
86 86 1.811052156574634
87 87 1.1959529556992785
88 88 0.40677337503982613
89 89 1.5660799604791675
90 90 -0.4046033802164178
91 91 -0.805587879617396
92 92 -0.4615518065579663
93 93 1.3951688345811595
94 94 -1.4947977868977396
95 95 -1.761815351485974
96 96 -1.9344717424916538
97 97 0.2545270291659181
98 98 1.5192632844471776
99 99 -1.6742215353271064
100 100 -1.9862022511813837
101 101 -0.9903581725338771
102 102 0.38946709219794595
103 103 -0.9989966376882542
104 104 -0.716923984024016
105 105 -1.8635309475329458
106 106 0.21925347370906637
107 107 1.1676968055184016
108 108 1.1041328579159821
109 109 -1.281221139934499
110 110 -0.4547258521858475
111 111 -0.05428243581986215
112 112 -0.05135106225476394
113 113 -0.22998751320563837
114 114 0.2518020114521824
115 115 1.1467479126424673
116 116 1.3318847289744755
117 117 1.7496313965562686
118 118 -0.9915244476839234
119 119 -0.1796266893093028
120 120 1.543993090689915
121 121 -1.9029625233024092
122 122 -1.3609709313093574
123 123 -0.28638319556573055
124 124 -0.6223346795980782
125 125 -1.3267274192194243
126 126 0.5073924517099884
127 127 1.3787694576958018
128 128 -1.7047771966929552
129 129 -0.30357985865333736
130 130 0.6271796221039071
131 131 0.2911559568589981
132 132 -1.7981752993352789
133 133 -1.2001041285535927
134 134 0.2410618256275443
135 135 -1.9056471923341778
136 136 0.5243938129363044
137 137 -1.790209748927697
138 138 -1.133882648694867
139 139 -0.3078403304771711
140 140 1.3550575937304887
141 141 -0.1472331781762728
142 142 1.7505339267801288
143 143 -0.7525477956064314
144 144 -0.42436814142731955
145 145 0.655890856696522
146 146 -0.9669978498069286
147 147 0.3729635124089464
148 148 1.2922435136095123
149 149 1.7318070935465606
150 150 -1.75602537554622
151 151 -1.1985852993875064
152 152 -0.18048984982292596
153 153 -1.7258107611020734
154 154 -1.0923190108947742
155 155 0.9642489597105786
156 156 1.0112245553709314
157 157 1.7881723923102697
158 158 1.0738850017626231
159 159 -0.781227945851673
160 160 1.4857172910751246
161 161 -0.37101563623424033
162 162 -1.5845894098650861
163 163 -0.27858362661599223
164 164 0.392342519650736
165 165 1.6797116163619783
166 166 -0.5772463428878765
167 167 -0.5965532276670147
168 168 -1.6451750550636477
169 169 1.3906592050217128
170 170 -1.5913849333175223
171 171 0.10151025022066484
172 172 -1.1124635303490948
173 173 1.6089797594349853
174 174 0.8632673958083861
175 175 -0.7062071351063381
176 176 -0.9188481756250044
177 177 -0.1806760645744374
178 178 1.8697989857158681
179 179 1.4009382122294234
180 180 1.3814586995870894
181 181 1.927233168510356
182 182 -1.2120399334604608
183 183 1.1482079644971268
184 184 1.2099740629648466
185 185 0.6413538621282466
186 186 1.124729034946521
187 187 1.5459267650314221
188 188 1.132080601392544
189 189 -1.2621616714293675
190 190 -0.1122858228877277
191 191 0.5604586285135587
192 192 -0.8065410405212439
193 193 -1.5043750379157161
194 194 1.076528896827826
195 195 1.5687683304605038
196 196 -0.3303529610355205
197 197 -0.44009000142774957
198 198 0.8329025771727571
199 199 0.9077802747365529
200 200 0.8476594073551746
201 201 -1.1758688691773669
202 202 -0.25409240472399697
203 203 0.8395561433337217
204 204 0.1252787762989227
205 205 -1.2041520919129338
206 206 1.3097580577700894
207 207 1.2252898812553656
208 208 -0.6591942621077078
209 209 1.3931115449375495
