0	1	2976
0	2	4224
0	3	-8896
0	4	-5376
0	5	5056
0	6	-3424
0	7	2176
0	8	7936
0	9	-5056
0	10	2656
0	11	-4064
0	12	-2944
0	13	-64
0	14	-544
0	15	9184
0	16	10944
0	17	3904
0	18	-3744
0	19	-1184
0	20	-96
0	21	-2016
0	22	2496
0	23	-9984
0	24	-3904
0	25	2784
0	26	1664
0	27	-7136
0	28	-7264
0	29	9184
0	30	-2016
0	31	-2784
0	32	-64
0	33	-2016
0	34	-736
0	35	-2656
0	36	-2144
0	37	5376
0	38	1824
0	39	2816
1	2	6784
1	3	-6336
1	4	-2816
1	5	-10304
1	6	416
1	7	-384
1	8	-7424
1	9	3904
1	10	96
1	11	-224
1	12	7296
1	13	-9024
1	14	-3104
1	15	-1056
1	16	704
1	17	64
1	18	96
1	19	2656
1	20	-3936
1	21	544
1	22	-64
1	23	6656
1	24	-6464
1	25	-1056
1	26	4224
1	27	1824
1	28	-9824
1	29	-1056
1	30	6944
1	31	7456
1	32	3776
1	33	544
1	34	8224
1	35	-96
1	36	-4704
1	37	9216
1	38	-2016
1	39	6656
2	3	-864
2	4	-4384
2	5	-1696
2	6	384
2	7	1184
2	8	-4576
2	9	1696
2	10	7104
2	11	-5376
2	12	-96
2	13	-9376
2	14	3904
2	15	6656
2	16	4896
2	17	5536
2	18	-5696
2	19	10944
2	20	-9664
2	21	-1344
2	22	7264
2	23	-5856
2	24	864
2	25	256
2	26	1376
2	27	-2624
2	28	-2176
2	29	256
2	30	-1344
2	31	-256
2	32	3424
2	33	-1344
2	34	3776
2	35	-7104
2	36	-896
2	37	-2016
2	38	1216
2	39	6944
3	4	-4064
3	5	4384
3	6	64
3	7	864
3	8	-4896
3	9	-4384
3	10	6784
3	11	7104
3	12	-416
3	13	3104
3	14	-2816
3	15	576
3	16	-7584
3	17	-13344
3	18	384
3	19	4224
3	20	-2944
3	21	-7424
3	22	6944
3	23	6624
3	24	6944
3	25	576
3	26	-4704
3	27	10496
3	28	3904
3	29	576
3	30	-7424
3	31	-576
3	32	-3296
3	33	11776
3	34	4096
3	35	6016
3	36	-1216
3	37	-8736
3	38	1536
3	39	-12576
4	5	1504
4	6	-2816
4	7	-2016
4	8	-1376
4	9	-1504
4	10	-15296
4	11	-2176
4	12	-3296
4	13	224
4	14	704
4	15	-2944
4	16	-4704
4	17	8736
4	18	-2496
4	19	-5056
4	20	-64
4	21	1856
4	22	-2336
4	23	-2656
4	24	-2336
4	25	-9344
4	26	-1824
4	27	576
4	28	1024
4	29	-15744
4	30	1856
4	31	9344
4	32	6624
4	33	-4544
4	34	-5824
4	35	-3904
4	36	2304
4	37	1184
4	38	4416
4	39	3744
5	6	-3904
5	7	8096
5	8	7456
5	9	-10976
5	10	2176
5	11	1856
5	12	-3424
5	13	-544
5	14	-1024
5	15	9664
5	16	5024
5	17	-2016
5	18	-4224
5	19	-1664
5	20	-6016
5	21	-7936
5	22	2016
5	23	-4064
5	24	2016
5	25	-3136
5	26	2144
5	27	6144
5	28	-1344
5	29	3264
5	30	-7936
5	31	-3264
5	32	-6944
5	33	4864
5	34	-6656
5	35	-2176
5	36	3776
5	37	-7904
5	38	2304
5	39	-10464
6	7	-384
6	8	-7424
6	9	3904
6	10	6496
6	11	6176
6	12	7296
6	13	-9024
6	14	-9504
6	15	5344
6	16	704
6	17	64
6	18	96
6	19	-3744
6	20	-3936
6	21	544
6	22	-6464
6	23	256
6	24	6336
6	25	-1056
6	26	4224
6	27	1824
6	28	9376
6	29	-1056
6	30	6944
6	31	-5344
6	32	3776
6	33	6944
6	34	-4576
6	35	6304
6	36	8096
6	37	2816
6	38	-2016
6	39	256
7	8	4576
7	9	-1696
7	10	5696
7	11	-1024
7	12	96
7	13	-3424
7	14	2496
7	15	-256
7	16	1504
7	17	864
7	18	-7104
7	19	-4544
7	20	-3136
7	21	-5056
7	22	-864
7	23	-544
7	24	-864
7	25	-256
7	26	11424
7	27	9024
7	28	-4224
7	29	6144
7	30	-5056
7	31	256
7	32	-3424
7	33	1344
7	34	2624
7	35	-5696
7	36	896
7	37	-4384
7	38	-7616
7	39	-6944
8	9	-1056
8	10	-1344
8	11	-8064
8	12	-6944
8	13	8736
8	14	8256
8	15	384
8	16	2144
8	17	1504
8	18	-1344
8	19	-5184
8	20	3904
8	21	1984
8	22	-1504
8	23	-7584
8	24	-7904
8	25	384
8	26	-736
8	27	-3136
8	28	-4864
8	29	6784
8	30	-4416
8	31	-6784
8	32	-4064
8	33	-4416
8	34	-3136
8	35	1344
8	36	256
8	37	1376
8	38	-6976
8	39	-1184
9	10	-2176
9	11	-8256
9	12	9824
9	13	544
9	14	7424
9	15	-9664
9	16	-5024
9	17	2016
9	18	-2176
9	19	1664
9	20	-384
9	21	14336
9	22	-8416
9	23	4064
9	24	-2016
9	25	3136
9	26	4256
9	27	-6144
9	28	1344
9	29	-3264
9	30	1536
9	31	3264
9	32	544
9	33	-4864
9	34	256
9	35	2176
9	36	-3776
9	37	1504
9	38	-8704
9	39	10464
10	11	5856
10	12	576
10	13	-2944
10	14	-3424
10	15	5664
10	16	7424
10	17	-6016
10	18	-224
10	19	2336
10	20	-3616
10	21	-5536
10	22	6016
10	23	-64
10	24	6016
10	25	5664
10	26	4544
10	27	2144
10	28	2656
10	29	12064
10	30	864
10	31	-12064
10	32	-2944
10	33	7264
10	34	2144
10	35	224
10	36	1376
10	37	-3904
10	38	-1696
10	39	-6464
11	12	256
11	13	-3264
11	14	-16544
11	15	5984
11	16	1344
11	17	-5696
11	18	-544
11	19	-4384
11	20	3104
11	21	-5216
11	22	5696
11	23	6016
11	24	12096
11	25	5984
11	26	-1536
11	27	8864
11	28	8736
11	29	-416
11	30	7584
11	31	-5984
11	32	3136
11	33	7584
11	34	2464
11	35	544
11	36	7456
11	37	2176
11	38	5024
11	39	-6784
12	13	-8544
12	14	-2624
12	15	-1536
12	16	224
12	17	-6816
12	18	576
12	19	3136
12	20	-10816
12	21	6464
12	22	-12384
12	23	13536
12	24	416
12	25	-1536
12	26	10144
12	27	1344
12	28	-2944
12	29	-1536
12	30	64
12	31	7936
12	32	-8544
12	33	6464
12	34	-5056
12	35	5824
12	36	-4224
12	37	-3104
12	38	-2496
12	39	736
13	14	6656
13	15	-10816
13	16	-2656
13	17	-3296
13	18	3456
13	19	-6784
13	20	11904
13	21	3584
13	22	3296
13	23	-2784
13	24	-3104
13	25	1984
13	26	-5536
13	27	-7936
13	28	-64
13	29	1984
13	30	-2816
13	31	-1984
13	32	736
13	33	-2816
13	34	-1536
13	35	2944
13	36	-7744
13	37	-224
13	38	1024
13	39	-2784
14	15	-10336
14	16	-2176
14	17	3584
14	18	2976
14	19	5536
14	20	-416
14	21	4064
14	22	-3584
14	23	-3264
14	24	-9984
14	25	-3936
14	26	1344
14	27	-7456
14	28	-6944
14	29	2464
14	30	-8736
14	31	3936
14	32	-6144
14	33	-8736
14	34	-1056
14	35	-2976
14	36	-8224
14	37	-7104
14	38	-4896
14	39	3136
15	16	6336
15	17	576
15	18	-7136
15	19	3104
15	20	-8224
15	21	-6304
15	22	5824
15	23	-7296
15	24	5824
15	25	1696
15	26	-3584
15	27	5216
15	28	2784
15	29	1696
15	30	96
15	31	-8096
15	32	1984
15	33	6496
15	34	-1184
15	35	736
15	36	10464
15	37	2944
15	38	2656
15	39	-896
16	17	5216
16	18	1024
16	19	-1536
16	20	-3584
16	21	-1664
16	22	1184
16	23	-5536
16	24	1184
16	25	-64
16	26	7456
16	27	-9344
16	28	-1856
16	29	6336
16	30	4736
16	31	-6336
16	32	-2656
16	33	-1664
16	34	-9344
16	35	-7424
16	36	-576
16	37	-1696
16	38	7296
16	39	864
17	18	-6016
17	19	-2176
17	20	3456
17	21	5376
17	22	544
17	23	-12576
17	24	544
17	25	576
17	26	1696
17	27	-8704
17	28	3904
17	29	-5824
17	30	5376
17	31	-576
17	32	9504
17	33	-13824
17	34	-2304
17	35	-13184
17	36	5184
17	37	4064
17	38	1536
17	39	13024
18	19	2336
18	20	2784
18	21	-5536
18	22	-6784
18	23	6336
18	24	-6784
18	25	-7136
18	26	-1856
18	27	-4256
18	28	-3744
18	29	5664
18	30	864
18	31	736
18	32	-9344
18	33	864
18	34	-4256
18	35	6624
18	36	-5024
18	37	-3904
18	38	4704
18	39	-6464
19	20	-6176
19	21	-1696
19	22	2176
19	23	2496
19	24	2176
19	25	3104
19	26	-4416
19	27	-416
19	28	-1184
19	29	3104
19	30	-8096
19	31	3296
19	32	-6784
19	33	-1696
19	34	5984
19	35	-2336
19	36	-2464
19	37	-7744
19	38	2144
19	39	2496
20	21	2976
20	22	2944
20	23	-3776
20	24	2944
20	25	10976
20	26	-7104
20	27	-4704
20	28	6304
20	29	4576
20	30	2976
20	31	-4576
20	32	5504
20	33	-9824
20	34	8096
20	35	-2784
20	36	1184
20	37	6464
20	38	-864
20	39	2624
21	22	-5376
21	23	704
21	24	1024
21	25	6496
21	26	1216
21	27	-9184
21	28	4384
21	29	-6304
21	30	4896
21	31	-96
21	32	3584
21	33	-7904
21	34	-2784
21	35	-864
21	36	-736
21	37	4544
21	38	-5344
21	39	13504
22	23	-6624
22	24	5856
22	25	5824
22	26	-8096
22	27	2304
22	28	2496
22	29	-576
22	30	1024
22	31	-5824
22	32	9696
22	33	1024
22	34	8704
22	35	-6016
22	36	1216
22	37	2336
22	38	4864
22	39	-224
23	24	-224
23	25	-896
23	26	4384
23	27	8384
23	28	-3584
23	29	-896
23	30	704
23	31	7296
23	32	-9184
23	33	7104
23	34	1984
23	35	6464
23	36	-4864
23	37	-3744
23	38	-1856
23	39	-6304
24	25	12224
24	26	-1696
24	27	2304
24	28	15296
24	29	-576
24	30	1024
24	31	-5824
24	32	3296
24	33	1024
24	34	2304
24	35	-6016
24	36	7616
24	37	-4064
24	38	4864
24	39	-224
25	26	-3584
25	27	-1184
25	28	9184
25	29	8096
25	30	96
25	31	-8096
25	32	1984
25	33	-6304
25	34	11616
25	35	-5664
25	36	4064
25	37	2944
25	38	-3744
25	39	5504
26	27	-64
26	28	-4736
26	29	2816
26	30	1216
26	31	3584
26	32	-5536
26	33	1216
26	34	-6464
26	35	-4544
26	36	-3456
26	37	-4576
26	38	-2624
26	39	-2016
27	28	-736
27	29	-1184
27	30	-2784
27	31	1184
27	32	-1536
27	33	10016
27	34	8736
27	35	4256
27	36	6944
27	37	-576
27	38	-6624
27	39	-10816
28	29	-3616
28	30	4384
28	31	-9184
28	32	6336
28	33	-2016
28	34	-736
28	35	-2656
28	36	10656
28	37	-1024
28	38	1824
28	39	2816
29	30	-6304
29	31	-8096
29	32	-10816
29	33	96
29	34	5216
29	35	736
29	36	-2336
29	37	-3456
29	38	-3744
29	39	-7296
30	31	-6496
30	32	9984
30	33	-1504
30	34	-2784
30	35	-864
30	36	5664
30	37	10944
30	38	1056
30	39	7104
31	32	-1984
31	33	-96
31	34	1184
31	35	-736
31	36	-10464
31	37	-2944
31	38	3744
31	39	896
32	33	-2816
32	34	4864
32	35	-3456
32	36	5056
32	37	12576
32	38	1024
32	39	10016
33	34	-2784
33	35	11936
33	36	-736
33	37	-1856
33	38	1056
33	39	-12096
34	35	-2144
34	36	544
34	37	5824
34	38	-6624
34	39	1984
35	36	-1376
35	37	3904
35	38	-4704
35	39	-6336
36	37	4096
36	38	-3296
36	39	1536
37	38	-4416
37	39	9056
38	39	-1856
