0	1	2920
0	2	-4840
0	3	-3080
0	4	8680
0	5	3280
0	6	6320
0	7	-320
0	8	-2240
0	9	7520
0	10	4160
0	11	2720
0	12	2720
0	13	1640
0	14	4120
0	15	1240
0	16	80
0	17	-1480
0	18	-1480
0	19	4480
0	20	-5480
0	21	7520
0	22	-400
0	23	-5480
0	24	-1840
0	25	-5200
0	26	-200
0	27	-5120
0	28	-2960
0	29	-2320
1	2	-3280
1	3	-1040
1	4	-80
1	5	-1880
1	6	4280
1	7	1720
1	8	-200
1	9	1880
1	10	-1480
1	11	680
1	12	680
1	13	3200
1	14	-4640
1	15	-320
1	16	5240
1	17	7280
1	18	80
1	19	2920
1	20	3760
1	21	-1720
1	22	1160
1	23	-10640
1	24	-3880
1	25	-40
1	26	1840
1	27	4120
1	28	-920
1	29	-760
2	3	6320
2	4	-1840
2	5	3560
2	6	-2360
2	7	10760
2	8	-1720
2	9	-3560
2	10	-200
2	11	1240
2	12	-2360
2	13	2320
2	14	2720
2	15	2000
2	16	-3320
2	17	1840
2	18	-1760
2	19	-1240
2	20	1520
2	21	40
2	22	760
2	23	5120
2	24	5800
2	25	5560
2	26	3440
2	27	1160
2	28	2600
2	29	6280
3	4	-2480
3	5	-680
3	6	-4120
3	7	2920
3	8	-6200
3	9	-6520
3	10	4520
3	11	-520
3	12	-520
3	13	-5200
3	14	3760
3	15	880
3	16	440
3	17	6080
3	18	-4720
3	19	520
3	20	1360
3	21	680
3	22	10760
3	23	1360
3	24	2120
3	25	5960
3	26	-560
3	27	-1880
3	28	7480
3	29	1640
4	5	280
4	6	5720
4	7	3880
4	8	1960
4	9	3320
4	10	7160
4	11	2120
4	12	2120
4	13	1040
4	14	1120
4	15	1840
4	16	3080
4	17	-5680
4	18	-5680
4	19	1480
4	20	-8480
4	21	14120
4	22	-4600
4	23	2320
4	24	1160
4	25	-5800
4	26	-6800
4	27	-4520
4	28	1240
4	29	680
5	6	320
5	7	-1520
5	8	160
5	9	5120
5	10	-1840
5	11	320
5	12	3920
5	13	2840
5	14	2920
5	15	-3560
5	16	-5920
5	17	-280
5	18	-3880
5	19	-3920
5	20	520
5	21	1520
5	22	800
5	23	-3080
5	24	6560
5	25	-4000
5	26	2200
5	27	4480
5	28	-4160
5	29	2480
6	7	3920
6	8	2240
6	9	6880
6	10	-560
6	11	880
6	12	8080
6	13	1960
6	14	3080
6	15	-1240
6	16	-80
6	17	-5720
6	18	-2120
6	19	2720
6	20	1880
6	21	3280
6	22	400
6	23	-1720
6	24	1840
6	25	-5600
6	26	200
6	27	1520
6	28	-640
6	29	2320
7	8	-3440
7	9	1520
7	10	1760
7	11	3920
7	12	320
7	13	2840
7	14	2920
7	15	40
7	16	1280
7	17	-280
7	18	-280
7	19	-320
7	20	520
7	21	1520
7	22	-2800
7	23	4120
7	24	2960
7	25	-400
7	26	2200
7	27	-2720
7	28	6640
7	29	6080
8	9	-160
8	10	80
8	11	-1360
8	12	5840
8	13	1160
8	14	-2600
8	15	-1880
8	16	3200
8	17	-1960
8	18	-1960
8	19	-2240
8	20	-1400
8	21	3440
8	22	-4480
8	23	5800
8	24	-2320
8	25	1520
8	26	-3320
8	27	6160
8	28	-2480
8	29	800
9	10	-1760
9	11	-320
9	12	-320
9	13	-2840
9	14	680
9	15	-3640
9	16	-1280
9	17	-3320
9	18	3880
9	19	320
9	20	-4120
9	21	2080
9	22	-800
9	23	-4120
9	24	-2960
9	25	-14000
9	26	1400
9	27	-4480
9	28	560
9	29	1120
10	11	-4160
10	12	-560
10	13	520
10	14	-2680
10	15	200
10	16	5680
10	17	-3560
10	18	-3560
10	19	560
10	20	-3880
10	21	5440
10	22	-1040
10	23	3320
10	24	-3200
10	25	160
10	26	-1960
10	27	-4240
10	28	4400
10	29	880
11	12	4480
11	13	-1640
11	14	6680
11	15	2360
11	16	-80
11	17	1480
11	18	5080
11	19	6320
11	20	1880
11	21	3280
11	22	-3200
11	23	1880
11	24	1840
11	25	1600
11	26	200
11	27	5120
11	28	-4240
11	29	2320
12	13	1960
12	14	6680
12	15	-1240
12	16	-80
12	17	-2120
12	18	-5720
12	19	-880
12	20	5480
12	21	3280
12	22	400
12	23	1880
12	24	1840
12	25	1600
12	26	-3400
12	27	5120
12	28	-640
12	29	2320
13	14	-5200
13	15	1280
13	16	-2600
13	17	-1040
13	18	-4640
13	19	-5560
13	20	4400
13	21	-2840
13	22	-5720
13	23	-2800
13	24	2920
13	25	2680
13	26	6320
13	27	4040
13	28	-5320
13	29	-200
14	15	880
14	16	440
14	17	-1120
14	18	-1120
14	19	4120
14	20	1360
14	21	4280
14	22	3560
14	23	1360
14	24	2120
14	25	2360
14	26	-4160
14	27	-1880
14	28	280
14	29	1640
15	16	-3880
15	17	5360
15	18	-1840
15	19	4840
15	20	2080
15	21	3560
15	22	-4360
15	23	-1520
15	24	-2200
15	25	5240
15	26	-7040
15	27	-1160
15	28	-2600
15	29	8120
16	17	-3080
16	18	520
16	19	80
16	20	2840
16	21	2320
16	22	-560
16	23	-760
16	24	-6320
16	25	640
16	26	-2440
16	27	2480
16	28	320
16	29	-2240
17	18	-1520
17	19	2120
17	20	1280
17	21	-3320
17	22	4600
17	23	-5920
17	24	-1160
17	25	5800
17	26	-400
17	27	920
17	28	2360
17	29	2920
18	19	5720
18	20	-2320
18	21	-6920
18	22	-6200
18	23	1280
18	24	-4760
18	25	-1400
18	26	3200
18	27	920
18	28	-1240
18	29	-680
19	20	-1880
19	21	3920
19	22	-400
19	23	-1880
19	24	-1840
19	25	2000
19	26	-3800
19	27	-1520
19	28	-2960
19	29	1280
20	21	-7720
20	22	2360
20	23	-4640
20	24	920
20	25	4760
20	26	4240
20	27	10120
20	28	-5720
20	29	4040
21	22	-800
21	23	3080
21	24	640
21	25	-3200
21	26	-9400
21	27	-4480
21	28	560
21	29	1120
22	23	-4840
22	24	1360
22	25	1120
22	26	4280
22	27	-1600
22	28	3440
22	29	-5360
23	24	4520
23	25	1160
23	26	-2960
23	27	-680
23	28	5080
23	29	4040
24	25	-1040
24	26	2840
24	27	4160
24	28	-1600
24	29	3280
25	26	-520
25	27	4400
25	28	-1360
25	29	-560
26	27	4600
26	28	-4040
26	29	-4840
27	28	-8960
27	29	3680
28	29	1520
