0	1	-1952
0	2	4352
0	3	2432
0	4	688
0	5	5848
0	6	-2608
0	7	-2368
0	8	4528
0	9	-512
0	10	4112
0	11	-1528
0	12	-3872
0	13	4288
0	14	-4112
0	15	3032
0	16	-992
0	17	-3032
0	18	-1288
0	19	-2728
0	20	-1288
0	21	5248
0	22	-8792
0	23	-6328
0	24	5312
0	25	4352
0	26	752
0	27	1232
0	28	-4592
0	29	-632
1	2	32
1	3	-1888
1	4	8608
1	5	-632
1	6	272
1	7	512
1	8	-5552
1	9	-10592
1	10	3392
1	11	1352
1	12	7648
1	13	-2192
1	14	208
1	15	-1288
1	16	-3872
1	17	8488
1	18	1592
1	19	-7048
1	20	1592
1	21	-1232
1	22	-4472
1	23	3752
1	24	-6208
1	25	-3568
1	26	3632
1	27	4112
1	28	-3872
1	29	-7112
2	3	-512
2	4	992
2	5	6632
2	6	928
2	7	-2912
2	8	-2848
2	9	5792
2	10	-2192
2	11	-7352
2	12	-1648
2	13	992
2	14	-12208
2	15	-4712
2	16	-928
2	17	4712
2	18	3208
2	19	1048
2	20	-7592
2	21	-3568
2	22	-3928
2	23	4648
2	24	208
2	25	1168
2	26	-6032
2	27	-2912
2	28	-8128
2	29	2312
3	4	-4528
3	5	4712
3	6	-4352
3	7	-992
3	8	-1168
3	9	3872
3	10	-272
3	11	-1832
3	12	32
3	13	2672
3	14	3872
3	15	808
3	16	752
3	17	-4408
3	18	5128
3	19	-4232
3	20	1528
3	21	5312
3	22	-5848
3	23	-4232
3	24	5728
3	25	-4112
3	26	-512
3	27	-992
3	28	752
3	29	392
4	5	-1592
4	6	4832
4	7	1472
4	8	-2912
4	9	-4352
4	10	-2848
4	11	5912
4	12	-512
4	13	-3152
4	14	-752
4	15	-3928
4	16	-1232
4	17	3928
4	18	2552
4	19	-2488
4	20	6152
4	21	-5792
4	22	-1832
4	23	1112
4	24	-5248
4	25	-2608
4	26	992
4	27	-2128
4	28	-1232
4	29	-4472
5	6	3272
5	7	7112
5	8	-1352
5	9	4408
5	10	-808
5	11	-2848
5	12	1048
5	13	-1592
5	14	-2792
5	15	1712
5	16	328
5	17	1888
5	18	4592
5	19	-448
5	20	992
5	21	2968
5	22	-3872
5	23	-4048
5	24	392
5	25	-568
5	26	-568
5	27	-88
5	28	-6872
5	29	4288
6	7	11248
6	8	992
6	9	2432
6	10	-6032
6	11	3208
6	12	2192
6	13	1232
6	14	-1168
6	15	-4952
6	16	-688
6	17	4952
6	18	-632
6	19	4408
6	20	6568
6	21	-3328
6	22	7112
6	23	808
6	24	-32
6	25	-2672
6	26	-2672
6	27	448
6	28	-688
6	29	2552
7	8	1232
7	9	-928
7	10	-6272
7	11	2968
7	12	2432
7	13	-2128
7	14	2672
7	15	-1592
7	16	3152
7	17	5192
7	18	-872
7	19	568
7	20	9928
7	21	512
7	22	3752
7	23	-3032
7	24	-272
7	25	-2912
7	26	688
7	27	3808
7	28	-448
7	29	2792
8	9	-512
8	10	4112
8	11	-1528
8	12	-3872
8	13	4288
8	14	3088
8	15	-568
8	16	-4592
8	17	-6632
8	18	-4888
8	19	872
8	20	-1288
8	21	1648
8	22	2008
8	23	872
8	24	5312
8	25	7952
8	26	-2848
8	27	1232
8	28	-992
8	29	2968
9	10	-1648
9	11	-88
9	12	-5312
9	13	-752
9	14	-1952
9	15	872
9	16	1168
9	17	-872
9	18	3752
9	19	9512
9	20	-3448
9	21	208
9	22	4168
9	23	-1288
9	24	-448
9	25	2192
9	26	-8608
9	27	-4528
9	28	1168
9	29	5128
10	11	88
10	12	1712
10	13	4352
10	14	1952
10	15	6328
10	16	-4768
10	17	-2728
10	18	-152
10	19	1288
10	20	-7352
10	21	3392
10	22	-4168
10	23	-2312
10	24	448
10	25	5008
10	26	-2192
10	27	928
10	28	-1168
10	29	-1528
11	12	3272
11	13	-4888
11	14	3512
11	15	-2432
11	16	-3208
11	17	2432
11	18	-1712
11	19	-272
11	20	9088
11	21	4952
11	22	4592
11	23	-3872
11	24	-4712
11	25	-152
11	26	-152
11	27	-4232
11	28	392
11	29	-7168
12	13	-512
12	14	1888
12	15	-6568
12	16	-5792
12	17	2968
12	18	-3688
12	19	-1528
12	20	3512
12	21	4048
12	22	808
12	23	5672
12	24	-688
12	25	-1648
12	26	1952
12	27	2432
12	28	-2192
12	29	-5432
13	14	-4352
13	15	-328
13	16	-1232
13	17	-6872
13	18	-1048
13	19	-2488
13	20	-4648
13	21	-2192
13	22	-1832
13	23	-2488
13	24	12752
13	25	-2608
13	26	-2608
13	27	-2128
13	28	-1232
13	29	-872
14	15	4472
14	16	1168
14	17	-4472
14	18	152
14	19	2312
14	20	7352
14	21	3808
14	22	568
14	23	-1288
14	24	-4048
14	25	-1408
14	26	5792
14	27	6272
14	28	8368
14	29	1528
15	16	4952
15	17	-208
15	18	928
15	19	2368
15	20	-2672
15	21	2312
15	22	-1648
15	23	-8432
15	24	-2072
15	25	2488
15	26	2488
15	27	5608
15	28	4952
15	29	992
16	17	2248
16	18	4232
16	19	2792
16	20	4232
16	21	-3872
16	22	-3512
16	23	-8008
16	24	32
16	25	-4528
16	26	2672
16	27	3152
16	28	4288
16	29	4648
17	18	-928
17	19	1232
17	20	2672
17	21	1288
17	22	1648
17	23	1232
17	24	-8728
17	25	1112
17	26	-2488
17	27	5192
17	28	-4952
17	29	-4592
18	19	-512
18	20	-1952
18	21	-5608
18	22	-2368
18	23	-4112
18	24	-4952
18	25	-7592
18	26	3208
18	27	-4472
18	28	-2968
18	29	7472
19	20	-512
19	21	-3448
19	22	6992
19	23	928
19	24	-3512
19	25	4648
19	26	-6152
19	27	568
19	28	6392
19	29	6032
20	21	1592
20	22	1232
20	23	-4112
20	24	-1352
20	25	-3992
20	26	3208
20	27	2728
20	28	4232
20	29	-3328
21	22	-4472
21	23	-3448
21	24	992
21	25	3632
21	26	3632
21	27	4112
21	28	-3872
21	29	-3512
22	23	3392
22	24	-2968
22	25	3272
22	26	-3928
22	27	-3448
22	28	3688
22	29	448
23	24	-3512
23	25	1048
23	26	-2552
23	27	568
23	28	-808
23	29	-1168
24	25	208
24	26	-3392
24	27	-3872
24	28	32
24	29	-328
25	26	-6032
25	27	688
25	28	-928
25	29	-1288
26	27	4288
26	28	-928
26	29	2312
27	28	3152
27	29	-808
28	29	1048
