0	1	-1676
0	2	-668
0	3	524
0	4	380
0	5	1316
0	6	-1492
0	7	-700
0	8	-884
0	9	-196
0	10	-1028
0	11	1316
0	12	-988
0	13	-524
0	14	-916
0	15	196
0	16	596
0	17	92
1	2	-380
1	3	-1060
1	4	92
1	5	-268
1	6	812
1	7	308
1	8	-596
1	9	812
1	10	1852
1	11	-268
1	12	20
1	13	1060
1	14	92
1	15	-812
1	16	308
1	17	2396
2	3	-772
2	4	1676
2	5	-1276
2	6	1100
2	7	1892
2	8	1708
2	9	1100
2	10	-1028
2	11	20
2	12	308
2	13	772
2	14	2972
2	15	-1100
2	16	-700
2	17	-1204
3	4	-1532
3	5	124
3	6	-2252
3	7	-452
3	8	-556
3	9	340
3	10	-412
3	11	-1172
3	12	-164
3	13	1676
3	14	-236
3	15	-340
3	16	-452
3	17	52
4	5	-1028
4	6	484
4	7	-308
4	8	596
4	9	-812
4	10	740
4	11	2860
4	12	-20
4	13	236
4	14	-92
4	15	-484
4	16	-308
4	17	-1100
5	6	-1748
5	7	52
5	8	1532
5	9	-452
5	10	1676
5	11	-668
5	12	340
5	13	-1420
5	14	268
5	15	452
5	16	-1244
5	17	556
6	7	268
6	8	20
6	9	-236
6	10	164
6	11	844
6	12	-740
6	13	-340
6	14	-812
6	15	236
6	16	1564
6	17	-524
7	8	812
7	9	-1028
7	10	-340
7	11	-1244
7	12	-236
7	13	-844
7	14	-308
7	15	-268
7	16	-524
7	17	1276
8	9	1316
8	10	52
8	11	-1060
8	12	1820
8	13	-2036
8	14	1892
8	15	-20
8	16	-1780
8	17	-2284
9	10	164
9	11	-1748
9	12	556
9	13	-340
9	14	3076
9	15	236
9	16	-1028
9	17	-524
10	11	380
10	12	-628
10	13	412
10	14	-556
10	15	-1460
10	16	-340
10	17	1748
11	12	-956
11	13	1172
11	14	-1028
11	15	-844
11	16	52
11	17	-740
12	13	164
12	14	1276
12	15	2036
12	16	-1532
12	17	-1028
13	14	236
13	15	-2252
13	16	452
13	17	1244
14	15	-484
14	16	-2900
14	17	-1100
15	16	-268
15	17	-772
16	17	-20
