0	1	1576
0	2	-440
0	3	-584
0	4	-800
0	5	1576
0	6	1376
0	7	1232
0	8	-568
0	9	-728
0	10	728
0	11	1072
0	12	2080
0	13	1304
0	14	1160
0	15	-1664
0	16	-1808
0	17	496
1	2	-728
1	3	1720
1	4	-1088
1	5	-8
1	6	-928
1	7	224
1	8	2312
1	9	-1016
1	10	2312
1	11	-1808
1	12	496
1	13	296
1	14	-1144
1	15	-656
1	16	496
1	17	-1088
2	3	-296
2	4	2080
2	5	-3320
2	6	-1504
2	7	2240
2	8	1736
2	9	-440
2	10	-856
2	11	64
2	12	-224
2	13	-280
2	14	2168
2	15	-80
2	16	1072
2	17	-512
3	4	-656
3	5	424
3	6	-64
3	7	-208
3	8	584
3	9	-1880
3	10	1880
3	11	-80
3	12	-368
3	13	1160
3	14	-1576
3	15	-224
3	16	928
3	17	-1952
4	5	-2384
4	6	152
4	7	1304
4	8	-496
4	9	-2096
4	10	-496
4	11	1000
4	12	712
4	13	-1216
4	14	2528
4	15	2152
4	16	-584
4	17	-2168
5	6	368
5	7	-1072
5	8	-1576
5	9	280
5	10	1016
5	11	784
5	12	496
5	13	1592
5	14	-1144
5	15	-1952
5	16	-2096
5	17	1504
6	7	712
6	8	-2672
6	9	-1216
6	10	-1376
6	11	872
6	12	1160
6	13	-656
6	14	784
6	15	1016
6	16	-136
6	17	1448
7	8	64
7	9	-64
7	10	-1232
7	11	728
7	12	2312
7	13	784
7	14	2224
7	15	872
7	16	-280
7	17	8
8	9	728
8	10	568
8	11	-1072
8	12	-784
8	13	-8
8	14	136
8	15	368
8	16	1808
8	17	-496
9	10	-1864
9	11	-1520
9	12	784
9	13	1304
9	14	-136
9	15	-368
9	16	-512
9	17	1792
10	11	-1072
10	12	512
10	13	-1304
10	14	136
10	15	368
10	16	-784
10	17	-496
11	12	-8
11	13	2096
11	14	656
11	15	-1160
11	16	-8
11	17	-296
12	13	1088
12	14	2240
12	15	-152
12	16	-2888
12	17	712
13	14	-440
13	15	-2944
13	16	-208
13	17	80
14	15	2096
14	16	-352
14	17	1232
15	16	1144
15	17	-440
16	17	-584
