0	1	648
0	2	1800
0	3	360
0	4	504
0	5	-504
0	6	-1440
0	7	-504
0	8	-1944
0	9	-1080
0	10	1872
0	11	-1152
0	13	-792
0	14	-936
0	15	-936
0	16	72
0	17	-144
1	2	144
1	3	-576
1	4	-432
1	5	1728
1	6	216
1	7	-144
1	8	-288
1	9	1872
1	10	216
1	11	-216
1	12	-936
1	13	144
1	15	1296
1	16	432
1	17	-1080
2	3	432
2	4	-1008
2	5	-288
2	6	-1656
2	8	-2448
2	9	-720
2	10	1224
2	11	-936
2	12	2088
2	14	-1152
2	15	-1152
2	16	720
2	17	2232
3	4	-720
3	5	-1872
3	6	-72
3	7	-432
3	8	-576
3	9	-2304
3	10	504
3	11	1368
3	12	72
3	13	-864
3	14	-1008
3	15	288
3	16	144
3	17	-72
4	5	576
4	6	1368
4	7	1008
4	8	864
4	9	432
4	10	360
4	11	-1368
4	12	-2376
4	13	288
4	14	1440
4	15	144
4	16	-2304
4	17	-1224
5	6	1224
5	7	288
5	8	1728
5	9	3456
5	10	-360
5	11	-1224
5	12	-1512
5	13	2304
5	14	-144
5	15	-144
5	16	-1584
5	17	-72
6	7	360
6	8	1512
6	9	1080
6	10	-1584
6	11	576
6	12	-1728
6	13	2232
6	14	792
6	15	792
6	16	-1656
6	17	-576
7	8	-144
7	9	720
7	10	1368
7	11	936
7	12	-792
7	13	-1296
7	14	2448
7	15	1152
7	16	576
7	17	360
8	9	1872
8	10	-1080
8	11	-216
8	12	-2232
8	13	1440
8	16	-2160
8	17	-1080
9	10	-648
9	11	-1080
9	12	-1368
9	13	1872
9	14	432
9	15	432
9	16	-1296
9	17	-216
10	11	-1008
10	12	-432
10	13	-1368
10	14	72
10	15	-1224
10	16	792
10	17	-288
11	12	432
11	13	-936
11	14	504
11	15	1800
11	16	1656
11	17	576
12	13	-504
12	14	-648
12	15	-648
12	16	2376
12	17	2160
13	14	-1152
13	15	-1152
13	16	-1872
13	17	936
14	15	1584
14	16	576
14	17	-504
15	16	576
15	17	-504
16	17	936
