0	1	23472
0	2	5256
0	3	-14224
0	4	11336
0	5	-4472
0	6	1432
0	7	5384
0	8	-9056
0	9	-4040
0	10	3584
0	11	18784
0	12	4472
0	13	6448
0	14	3128
0	15	16328
0	16	5080
0	17	2800
0	18	-1888
0	19	9056
0	20	-6752
0	21	7816
0	22	-5408
0	23	-8448
0	24	-1128
0	25	-6016
0	26	17696
0	27	-12984
0	28	-7232
0	29	-7968
0	30	18760
0	31	-8880
0	32	-7360
0	33	976
0	34	2040
0	35	-3560
0	36	-1432
0	37	-7232
1	2	-12096
1	3	-2040
1	4	4928
1	5	-2368
1	6	-368
1	7	1456
1	8	-1432
1	9	-672
1	10	1128
1	11	14808
1	12	-3408
1	13	11944
1	14	1584
1	15	2064
1	16	-9792
1	17	-7512
1	18	-4952
1	19	7208
1	20	-11640
1	21	10576
1	22	6472
1	23	-7816
1	24	11616
1	25	-4472
1	26	6472
1	27	-5408
1	28	-20584
1	29	-4648
1	30	5408
1	31	-3736
1	32	6296
1	33	5864
1	34	-976
1	35	8272
1	36	6144
1	37	-3256
2	3	7968
2	4	-10856
2	5	-3560
2	6	6296
2	7	16024
2	8	-4192
2	9	-4952
2	10	-12832
2	11	-3408
2	12	-13768
2	13	-240
2	14	-1736
2	15	3864
2	16	15720
2	17	1888
2	18	-976
2	19	-7360
2	20	11488
2	21	-10424
2	22	-6320
2	23	7968
2	24	-5992
2	25	-6928
2	26	-544
2	27	-520
2	28	3408
2	29	-1280
2	30	12072
2	31	-2192
2	32	-6448
2	33	-11488
2	34	1128
2	35	-25752
2	36	11032
2	37	-8144
3	4	7664
3	5	368
3	6	-3104
3	7	-1280
3	8	-4168
3	9	2368
3	10	-1912
3	11	216
3	12	-17696
3	13	9208
3	14	-7232
3	15	-6448
3	16	10576
3	17	1304
3	18	15112
3	19	-1608
3	20	2648
3	21	-9488
3	22	-2040
3	23	12552
3	24	8576
3	25	4344
3	26	-7816
3	27	-2672
3	28	-5992
3	29	-1912
3	30	-8880
3	31	10552
3	32	3256
3	33	3128
3	34	2064
3	35	-544
3	36	8880
3	37	-216
4	5	-3256
4	6	-11336
4	7	-1608
4	8	1280
4	9	6296
4	10	4800
4	11	-3104
4	12	3256
4	13	5232
4	14	4344
4	15	3560
4	16	-7688
4	17	1584
4	18	10880
4	19	4496
4	20	240
4	21	824
4	22	16480
4	23	7664
4	24	5864
4	25	4320
4	26	-848
4	27	-5992
4	28	-14224
4	29	-18304
4	30	5992
4	31	-7664
4	32	-11920
4	33	11312
4	34	824
4	35	3432
4	36	5560
4	37	-2672
5	6	10248
5	7	8424
5	8	11312
5	9	-1000
5	10	-5232
5	11	4192
5	12	1736
5	13	-2064
5	14	-5688
5	15	13592
5	16	-14984
5	17	-5712
5	18	-10704
5	19	240
5	20	7536
5	21	5080
5	22	3408
5	23	-16960
5	24	13160
5	25	8576
5	26	9184
5	27	1304
5	28	13136
5	29	-5232
5	30	-18632
5	31	5408
5	32	6928
5	33	9792
5	34	5080
5	35	-824
5	36	-10248
5	37	7360
6	7	11944
6	8	14832
6	9	-1736
6	10	7968
6	11	-13008
6	12	-10248
6	13	-6448
6	14	2648
6	15	-10552
6	16	-5080
6	17	-8576
6	18	-15440
6	19	-9056
6	20	-4800
6	21	3736
6	22	-6144
6	23	-3104
6	24	12680
6	25	-5536
6	26	-6144
6	27	-10120
6	28	-4320
6	29	7968
6	30	-18760
6	31	3104
6	32	1584
6	33	-6752
6	34	-19368
6	35	-2216
6	36	-4344
6	37	13008
7	8	5104
7	9	-17240
7	10	11920
7	11	-3280
7	12	-19976
7	13	-4624
7	14	-10728
7	15	8600
7	16	2520
7	17	-976
7	18	64
7	19	-10880
7	20	10704
7	21	-216
7	22	1456
7	23	-7056
7	24	10856
7	25	-21040
7	26	-4320
7	27	-392
7	28	3280
7	29	-11184
7	30	-11160
7	31	-16048
7	32	-11792
7	33	-10704
7	34	-216
7	35	-4040
7	36	-6168
7	37	-2496
8	9	-8576
8	10	-2520
8	11	-6168
8	12	6016
8	13	-7512
8	14	15264
8	15	11488
8	16	-6144
8	17	7688
8	18	2952
8	19	-7992
8	20	13592
8	21	-8880
8	22	10120
8	23	-21496
8	24	-3584
8	25	10728
8	26	-18760
8	27	2496
8	28	-5384
8	29	3256
8	30	-14048
8	31	-7384
8	32	8424
8	33	3736
8	34	-20432
8	35	-6928
8	36	-3280
8	37	392
9	10	14048
9	11	-1152
9	12	6776
9	13	-18304
9	14	8728
9	15	-10856
9	16	392
9	17	-14656
9	18	2192
9	19	-2976
9	20	1280
9	21	3432
9	22	5104
9	23	2368
9	24	-4344
9	25	-64
9	26	-672
9	27	-4040
9	28	-16176
9	29	14048
9	30	9816
9	31	3408
9	32	1888
9	33	10272
9	34	3432
9	35	3864
9	36	-4040
9	37	18480
10	11	-5080
10	12	-6320
10	13	1432
10	14	-3408
10	15	5536
10	16	17392
10	17	-7992
10	18	-2648
10	19	-9032
10	20	-13288
10	21	14352
10	22	-4648
10	23	-1912
10	24	3888
10	25	-11032
10	26	-4648
10	27	3584
10	28	-6472
10	29	2824
10	30	-3584
10	31	-9640
10	32	9208
10	33	-15592
10	34	-2976
10	35	1456
10	36	-7968
10	37	10856
11	12	7360
11	13	9336
11	14	-5536
11	15	7664
11	16	13744
11	17	-5864
11	18	-10552
11	19	6168
11	20	7688
11	21	16480
11	22	3256
11	23	-5560
11	24	-9792
11	25	-3128
11	26	3256
11	27	7232
11	28	-15896
11	29	-10856
11	30	4320
11	31	11336
11	32	-4472
11	33	15416
11	34	16480
11	35	-12224
11	36	-4320
11	37	-15896
12	13	-9488
12	14	11464
12	15	3736
12	16	-13896
12	17	-5840
12	18	4928
12	19	5536
12	20	-1760
12	21	-5080
12	22	2368
12	23	-6144
12	24	-18936
12	25	8752
12	26	-3408
12	27	-18632
12	28	-1584
12	29	5232
12	30	12856
12	31	-11184
12	32	10400
12	33	1760
12	34	-10856
12	35	6600
12	36	-7080
12	37	-7360
13	14	-3888
13	15	-4016
13	16	7232
13	17	3736
13	18	-10424
13	19	-4040
13	20	-11336
13	21	4496
13	22	-11160
13	23	-2344
13	24	17696
13	25	-4776
13	26	392
13	27	672
13	28	7992
13	29	-15896
13	30	5104
13	31	19672
13	32	6600
13	33	-5992
13	34	4496
13	35	-8752
13	36	6448
13	37	-15112
14	15	216
14	16	6296
14	17	-1760
14	18	-3104
14	19	-3712
14	20	9360
14	21	14808
14	22	-4192
14	23	-1456
14	24	-13896
14	25	18304
14	26	-27296
14	27	-14200
14	28	-11792
14	29	2368
14	30	14200
14	31	-4320
14	32	-2800
14	33	7968
14	34	-14072
14	35	1000
14	36	-2648
14	37	-6016
15	16	3128
15	17	11184
15	18	11008
15	19	5840
15	20	-1456
15	21	-5384
15	22	2064
15	23	-23776
15	24	4472
15	25	2672
15	26	7840
15	27	-6776
15	28	3888
15	29	-6016
15	30	12552
15	31	-10880
15	32	4928
15	33	1456
15	34	392
15	35	-4648
15	36	-1000
15	37	-19216
16	17	-6448
16	18	-240
16	19	368
16	20	4624
16	21	17416
16	22	-4016
16	23	4800
16	24	-18328
16	25	-3408
16	26	-15568
16	27	16632
16	28	-2192
16	29	-5712
16	30	696
16	31	976
16	32	-6320
16	33	-16176
16	34	5864
16	35	-15896
16	36	5080
16	37	-7968
17	18	9032
17	19	-1912
17	20	13896
17	21	-14960
17	22	-7512
17	23	-10248
17	24	8272
17	25	-1128
17	26	9816
17	27	2800
17	28	88
17	29	9336
17	30	2976
17	31	16024
17	32	-8600
17	33	-2344
17	34	13920
17	35	-6624
17	36	-2976
17	37	88
18	19	-2952
18	20	-7208
18	21	-20608
18	22	6600
18	23	-2216
18	24	-13136
18	25	216
18	26	824
18	27	-7664
18	28	4776
18	29	3128
18	30	-3888
18	31	-20888
18	32	-7816
18	33	1432
18	34	-9056
18	35	7536
18	36	3888
18	37	-6776
19	20	-7816
19	21	8880
19	22	-15896
19	23	4168
19	24	-13744
19	25	824
19	26	7208
19	27	-2496
19	28	-392
19	29	-9032
19	30	8272
19	31	-9944
19	32	8904
19	33	7816
19	34	14656
19	35	-4624
19	36	3280
19	37	-392
20	21	-4192
20	22	-88
20	23	-3128
20	24	-672
20	25	10856
20	26	-5864
20	27	4800
20	28	-13464
20	29	-7512
20	30	6752
20	31	8904
20	32	-18456
20	33	12072
20	34	7360
20	35	-8880
20	36	-6752
20	37	-1912
21	22	-6752
21	23	13616
21	24	-9816
21	25	-6144
21	26	-12528
21	27	7816
21	28	848
21	29	-14528
21	30	-7816
21	31	-2064
21	32	2192
21	33	-1584
21	34	3128
21	35	4168
21	36	7816
21	37	848
22	23	-7816
22	24	5840
22	25	7080
22	26	696
22	27	6144
22	28	-14808
22	29	6904
22	30	-11920
22	31	-3736
22	32	-5256
22	33	88
22	34	-6752
22	35	2496
22	36	6144
22	37	2520
23	24	-8752
23	25	-7208
23	26	-2040
23	27	3104
23	28	-216
23	29	-1912
23	30	2672
23	31	-1000
23	32	3256
23	33	3128
23	34	-3712
23	35	5232
23	36	14656
23	37	5560
24	25	-544
24	26	17392
24	27	-1128
24	28	-1760
24	29	3888
24	30	1128
24	31	20304
24	32	-1280
24	33	672
24	34	7512
24	35	8296
24	36	-1128
24	37	4016
25	26	-10248
25	27	5536
25	28	-8424
25	29	520
25	30	11792
25	31	-4344
25	32	11464
25	33	6472
25	34	-368
25	35	7664
25	36	-6016
25	37	-2648
26	27	6144
26	28	8296
26	29	6904
26	30	5408
26	31	7816
26	32	-11032
26	33	5864
26	34	16352
26	35	2496
26	36	6144
26	37	2520
27	28	4320
27	29	-13744
27	30	-15896
27	31	8448
27	32	-7360
27	33	6752
27	34	19368
27	35	2216
27	36	-1432
27	37	-1456
28	29	-696
28	30	-15872
28	31	-5560
28	32	10248
28	33	-9640
28	34	848
28	35	6448
28	36	4320
28	37	-1432
29	30	2192
29	31	1912
29	32	9208
29	33	-9816
29	34	-2976
29	35	-4320
29	36	3584
29	37	22408
30	31	3104
30	32	-4192
30	33	-976
30	34	9512
30	35	-2216
30	36	7208
30	37	-10096
31	32	-9032
31	33	8424
31	34	15264
31	35	-5232
31	36	-3104
31	37	5992
32	33	-10424
32	34	-15136
32	35	-3712
32	36	-1584
32	37	10248
33	34	9968
33	35	8880
33	36	-4800
33	37	-9640
34	35	4168
34	36	2040
34	37	-4928
35	36	-3560
35	37	-5104
36	37	4320
