0	1	3208
0	2	176
0	3	-1840
0	4	-472
0	5	1120
0	6	-1112
0	7	1616
0	8	1112
0	9	1048
0	10	-1544
0	11	-1192
0	12	-616
0	13	1192
0	14	-824
0	15	104
0	16	-400
0	17	472
1	2	328
1	3	-248
1	4	976
1	5	968
1	6	-688
1	7	1480
1	8	-608
1	9	1040
1	10	-256
1	11	400
1	12	-176
1	13	896
1	14	-976
1	15	-896
1	16	-392
1	17	-976
2	3	2336
2	4	-184
2	5	832
2	6	3784
2	7	608
2	8	1400
2	9	760
2	10	760
2	11	-904
2	12	968
2	13	2200
2	14	-1112
2	15	-904
2	16	-112
2	17	184
3	4	1688
3	5	256
3	6	1912
3	7	-112
3	8	-616
3	9	184
3	10	1480
3	11	-328
3	12	248
3	13	328
3	14	-392
3	15	-328
3	16	-832
3	17	904
4	5	-1112
4	6	544
4	7	-1336
4	8	-544
4	9	112
4	10	1408
4	11	-256
4	12	-2272
4	13	-1040
4	14	-464
4	15	1040
4	16	-2056
4	17	-464
5	6	104
5	7	-608
5	8	1192
5	9	-760
5	10	-2056
5	11	2200
5	12	-968
5	13	-904
5	14	1112
5	15	-1688
5	16	112
5	17	-1480
6	7	-248
6	8	1552
6	9	1472
6	10	1472
6	11	-32
6	12	688
6	13	1328
6	14	-544
6	15	-32
6	16	472
6	17	-544
7	8	-1048
7	9	3208
7	10	-1976
7	11	-760
7	12	1112
7	13	2056
7	14	40
7	15	-760
7	16	32
7	17	40
8	9	-176
8	10	-176
8	11	32
8	12	-1984
8	13	-32
8	14	1840
8	15	32
8	16	824
8	17	544
9	10	-688
9	11	-464
9	12	256
9	13	1760
9	14	-112
9	15	832
9	16	1336
9	17	-112
10	11	-464
10	12	1552
10	13	464
10	14	-1408
10	15	832
10	16	1336
10	17	1184
11	12	-400
11	13	-1616
11	14	1552
11	15	-2272
11	16	1112
11	17	-2336
12	13	1696
12	14	-1616
12	15	-400
12	16	1688
12	17	976
13	14	-2848
13	15	-320
13	16	1480
13	17	1040
14	15	256
14	16	-536
14	17	-832
15	16	-184
15	17	1552
16	17	760
