0	1	312
0	2	1032
0	3	240
0	4	-816
0	5	-48
0	6	-1320
0	7	-1824
0	8	-1416
0	9	-1848
0	10	3408
0	11	528
0	12	-168
0	13	96
0	14	-1104
0	15	672
0	16	-1632
0	17	1272
1	2	-1464
1	3	-672
1	4	1248
1	5	-384
1	6	456
1	7	960
1	8	984
1	9	1416
1	10	1344
1	11	336
1	12	600
1	13	768
1	14	1536
1	15	-1104
1	16	-96
1	17	456
2	3	-96
2	4	-624
2	5	192
2	6	-1416
2	7	384
2	8	264
2	9	-1896
2	10	-672
2	11	912
2	12	24
2	13	48
2	14	-336
2	15	768
2	16	-816
2	17	1176
3	4	1176
3	5	-1608
3	6	-912
3	7	-1704
3	8	1056
3	9	-1104
3	10	120
3	11	-2184
3	12	528
3	13	-456
3	14	168
3	15	264
3	16	-24
3	17	384
4	5	-408
4	6	-960
4	7	-1464
4	8	816
4	9	-912
4	10	456
4	11	168
4	12	1488
4	13	1032
4	14	552
4	15	312
4	16	-696
4	17	336
5	6	96
5	7	-696
5	8	48
5	9	-816
5	10	-888
5	11	-600
5	12	1536
5	13	2424
5	14	1176
5	15	-744
5	16	1560
5	17	1392
6	7	624
6	8	1320
6	9	888
6	10	-336
6	11	-624
6	12	-312
6	13	240
6	14	-1248
6	15	-480
6	16	1104
6	17	-168
7	8	528
7	9	2688
7	10	-1128
7	11	1176
7	12	-816
7	13	-552
7	14	840
7	15	-1272
7	16	312
7	17	-672
8	9	-744
8	10	-816
8	11	-528
8	12	1464
8	13	1200
8	14	1104
8	15	-672
8	16	336
8	17	1320
9	10	-384
9	11	-96
9	12	-1560
9	13	-2256
9	14	672
9	15	-1536
9	16	768
9	17	-1704
10	11	1128
10	12	1104
10	13	264
10	14	-552
10	15	-312
10	16	-1896
10	17	-336
11	12	-480
11	13	-744
11	14	-840
11	15	-1320
11	16	-2904
11	17	-1920
12	13	2976
12	14	1200
12	15	-336
12	16	-48
12	17	984
13	14	1320
13	15	408
13	16	1416
13	17	2832
14	15	-696
14	16	2184
14	17	1344
15	16	840
15	17	2112
16	17	2400
