0	1	80
0	2	80
0	3	296
0	4	352
0	5	-712
0	6	-512
0	7	1088
0	8	424
0	9	-368
0	10	-584
0	11	-424
0	12	224
0	13	1720
0	14	80
0	15	1936
0	16	-1864
0	17	-136
1	2	-208
1	3	-1288
1	4	640
1	5	1592
1	6	1072
1	7	-496
1	8	-1880
1	9	1216
1	10	1000
1	11	584
1	12	-64
1	13	-1880
1	14	-208
1	15	2224
1	16	-2152
1	17	-424
2	3	8
2	4	-656
2	5	296
2	6	-224
2	7	-496
2	8	712
2	9	-80
2	10	-296
2	11	-2008
2	12	-64
2	13	712
2	14	-2800
2	15	-1664
2	16	440
2	17	-424
3	4	424
3	5	-784
3	6	856
3	7	1016
3	8	496
3	9	-1592
3	10	-512
3	11	-496
3	12	152
3	13	496
3	14	8
3	15	-584
3	16	-640
3	17	-2800
4	5	1432
4	6	-208
4	7	-368
4	8	-1144
4	9	-352
4	10	-1432
4	11	-152
4	12	-800
4	13	-1144
4	14	640
4	15	1232
4	16	-8
4	17	-440
5	6	-728
5	7	-1288
5	8	208
5	9	712
5	10	496
5	11	-208
5	12	440
5	13	-1088
5	14	-1000
5	15	1720
5	16	-352
5	17	80
6	7	64
6	8	-2872
6	9	-2080
6	10	728
6	11	-1016
6	12	-368
6	13	-1576
6	14	-224
6	15	-496
6	16	-872
6	17	-8
7	8	1000
7	9	208
7	10	1288
7	11	1592
7	12	944
7	13	1000
7	14	-496
7	15	1216
7	16	-1144
7	17	-712
8	9	872
8	10	-208
8	11	1216
8	12	1864
8	13	1376
8	14	-584
8	15	-136
8	16	64
8	17	-1664
9	10	-712
9	11	424
9	12	1072
9	13	-1720
9	14	-1376
9	15	656
9	16	568
9	17	136
10	11	208
10	12	856
10	13	1088
10	14	1000
10	15	872
10	16	-944
10	17	1216
11	12	-568
11	13	-80
11	14	584
11	15	1432
11	16	-1360
11	17	-928
12	13	-728
12	14	-64
12	15	784
12	16	-712
12	17	-1576
13	14	712
13	15	-136
13	16	64
13	17	928
14	15	928
14	16	-856
14	17	872
15	16	-2312
15	17	-152
16	17	1520
