0	1	936
0	2	-864
0	3	-288
0	4	-936
0	5	576
0	6	-1296
0	7	432
0	8	-720
0	9	-360
0	10	648
0	11	432
0	12	792
0	13	2232
0	14	-1872
0	15	216
0	16	864
0	17	-1440
1	2	-1440
1	3	432
1	4	1080
1	5	1152
1	6	-576
1	7	1152
1	8	-144
1	9	-2232
1	10	72
1	11	-144
1	12	-1224
1	13	-936
1	14	-1152
1	15	2088
1	16	-1152
1	17	-720
2	3	-1368
2	4	-2016
2	5	-936
2	6	1512
2	7	-648
2	8	-936
2	9	-144
2	10	864
2	11	-648
2	12	576
2	13	-1440
2	14	2232
2	15	1296
2	16	648
2	17	72
3	4	1152
3	5	1080
3	6	-504
3	7	1224
3	8	-216
3	9	1728
3	10	144
3	11	-72
3	12	2592
3	13	432
3	14	-2376
3	15	-576
3	16	1368
3	17	-648
4	5	1728
4	6	144
4	7	-720
4	8	-864
4	9	-1512
4	10	-504
4	11	-2016
4	12	-648
4	13	-216
4	14	-432
4	15	72
4	16	-1872
5	6	-504
5	7	360
5	8	-72
5	9	-1440
5	10	144
5	11	360
5	12	-288
5	13	1152
5	14	72
5	15	288
5	16	-360
5	17	-360
6	7	-2376
6	8	792
6	9	-576
6	10	-2160
6	11	-2376
6	12	-288
6	13	-576
6	14	3096
6	15	1728
6	16	-1512
6	17	936
7	8	360
7	9	-144
7	10	864
7	11	648
7	12	-720
7	13	-1440
7	14	-2952
7	15	-1296
7	16	1944
7	17	72
8	9	-144
8	10	-1152
8	11	1656
8	12	-1584
8	13	1152
8	14	1368
8	15	288
8	16	936
8	17	2232
9	10	72
9	11	1152
9	12	2664
9	13	360
9	14	-1152
9	15	-1800
9	16	1440
9	17	-720
10	11	864
10	12	360
10	13	72
10	14	-1440
10	15	1080
10	16	1728
10	17	-1008
11	12	-720
11	13	1152
11	14	-360
11	16	648
11	17	-1224
12	13	1368
12	14	-1008
12	15	-1224
12	16	2016
12	17	-144
13	14	144
13	15	-504
13	16	1440
13	17	576
14	15	1008
14	16	-936
14	17	1656
15	16	-1296
15	17	-720
16	17	1224
