0	1	204
0	2	716
0	3	-52
0	4	-716
0	5	436
0	6	140
0	7	436
0	8	-628
0	9	436
0	10	-628
0	11	-204
0	12	948
0	13	780
0	14	52
0	15	-436
1	2	652
1	3	-116
1	4	372
1	5	500
1	6	-948
1	7	500
1	8	332
1	9	500
1	10	332
1	11	-140
1	12	-12
1	13	716
1	14	116
1	15	-500
2	3	-628
2	4	-140
2	5	-12
2	6	-436
2	7	-12
2	8	-180
2	9	-12
2	10	-180
2	11	372
2	12	500
2	13	204
2	14	628
2	15	12
3	4	628
3	5	756
3	6	-180
3	7	756
3	8	76
3	9	756
3	10	76
3	11	-908
3	12	244
3	13	460
3	14	-1676
3	15	-756
4	5	12
4	6	-588
4	7	12
4	8	180
4	9	12
4	10	180
4	11	-372
4	12	-500
4	13	-204
4	14	-628
4	15	-12
5	6	-460
5	7	908
5	8	308
5	9	908
5	10	308
5	11	-500
5	12	396
5	13	948
5	14	-756
5	15	-908
6	7	-460
6	8	-756
6	9	-460
6	10	-756
6	11	-76
6	12	52
6	13	-372
6	14	180
6	15	460
7	8	308
7	9	908
7	10	308
7	11	-500
7	12	396
7	13	948
7	14	-756
7	15	-908
8	9	308
8	10	1548
8	11	692
8	12	-204
8	13	-116
8	14	-76
8	15	-308
9	10	308
9	11	-500
9	12	396
9	13	948
9	14	-756
9	15	-908
10	11	692
10	12	-204
10	13	-116
10	14	-76
10	15	-308
11	12	12
11	13	-716
11	14	908
11	15	500
12	13	436
12	14	-244
12	15	-396
13	14	-460
13	15	-948
14	15	756
