0	1	376
0	2	760
0	3	-584
0	4	-584
0	5	-760
0	6	-968
0	7	-584
0	8	-568
0	9	312
0	10	696
0	11	-72
0	12	-1080
0	13	264
0	14	-120
0	15	-136
1	2	456
1	3	-248
1	4	-248
1	5	-456
1	6	136
1	7	-248
1	8	376
1	9	-120
1	10	520
1	11	264
1	12	-136
1	13	568
1	14	952
1	15	328
2	3	-632
2	4	-632
2	5	-1096
2	6	-248
2	7	-632
2	8	-264
2	9	520
2	10	136
2	11	-120
2	12	-776
2	13	952
2	14	312
2	15	-56
3	4	712
3	5	632
3	6	72
3	7	712
3	8	440
3	9	-184
3	10	-568
3	11	200
3	12	952
3	13	-392
3	14	-8
3	15	264
4	5	632
4	6	72
4	7	712
4	8	440
4	9	-184
4	10	-568
4	11	200
4	12	952
4	13	-392
4	14	-8
4	15	264
5	6	248
5	7	632
5	8	264
5	9	-520
5	10	-136
5	11	120
5	12	776
5	13	-952
5	14	-312
5	15	56
6	7	72
6	8	1080
6	9	200
6	10	-184
6	11	584
6	12	568
6	13	248
6	14	632
6	15	-376
7	8	440
7	9	-184
7	10	-568
7	11	200
7	12	952
7	13	-392
7	14	-8
7	15	264
8	9	312
8	10	-328
8	11	952
8	12	968
8	13	264
8	14	904
8	15	-136
9	10	-440
9	11	328
9	12	-200
9	13	504
9	14	-136
9	15	-632
10	11	-56
10	12	-840
10	13	-136
10	14	248
10	15	8
11	12	440
11	13	120
11	14	504
11	15	-248
12	13	-248
12	14	392
12	15	376
13	14	712
13	15	56
14	15	440
