0	1	-548
0	2	-860
0	3	612
0	4	284
0	5	612
0	6	-292
0	7	-348
0	8	-420
0	9	-100
0	10	28
0	11	348
0	12	36
0	13	156
0	14	-284
0	15	-548
1	2	548
1	3	-28
1	4	-100
1	5	-28
1	6	-676
1	7	36
1	8	220
1	9	-484
1	10	668
1	11	-36
1	12	420
1	13	-228
1	14	100
1	15	1116
2	3	-612
2	4	-284
2	5	-612
2	6	292
2	7	348
2	8	420
2	9	100
2	10	-28
2	11	-348
2	12	-36
2	13	-156
2	14	284
2	15	548
3	4	164
3	5	-36
3	6	-1308
3	7	-1124
3	8	-156
3	9	-476
3	10	420
3	11	1124
3	12	-484
3	13	-732
3	14	-164
3	15	-28
4	5	164
4	6	156
4	7	228
4	8	28
4	9	348
4	10	-548
4	11	-228
4	12	612
4	13	-420
4	14	-732
4	15	-100
5	6	-284
5	7	-100
5	8	-156
5	9	-476
5	10	420
5	11	100
5	12	540
5	13	292
5	14	-164
5	15	-28
6	7	804
6	8	476
6	9	796
6	10	-1124
6	11	-804
6	12	164
6	13	28
6	14	-156
6	15	-676
7	8	-92
7	9	612
7	10	-540
7	11	-860
7	12	476
7	13	356
7	14	-228
7	15	36
8	9	-356
8	10	-228
8	11	92
8	12	292
8	13	-1124
8	14	-28
8	15	220
9	10	-932
9	11	-612
9	12	-28
9	13	220
9	14	-348
9	15	-484
10	11	540
10	12	-156
10	13	348
10	14	548
10	15	668
11	12	-476
11	13	-356
11	14	228
11	15	-36
12	13	-284
12	14	-612
12	15	420
13	14	420
13	15	-228
14	15	100
