0	1	716
0	2	-12
0	3	-204
0	4	-844
0	5	-140
0	6	-716
0	7	692
0	8	12
0	9	-332
0	10	180
0	11	884
0	12	332
0	13	-308
0	14	-180
0	15	-332
1	2	76
1	3	-756
1	4	-116
1	5	204
1	6	-244
1	7	396
1	8	-76
1	9	396
1	10	-116
1	11	204
1	12	-396
1	13	244
1	14	116
1	15	396
2	3	-588
2	4	-204
2	5	500
2	6	948
2	7	-716
2	8	-1652
2	9	-716
2	10	-1228
2	11	500
2	12	716
2	13	76
2	14	204
2	15	-716
3	4	-396
3	5	-716
3	6	-268
3	7	116
3	8	588
3	9	116
3	10	628
3	11	-716
3	12	-116
3	13	-756
3	14	396
3	15	116
4	5	692
4	6	116
4	7	-524
4	8	204
4	9	500
4	10	-12
4	11	-332
4	12	-500
4	13	908
4	14	12
4	15	500
5	6	-204
5	7	-844
5	8	-500
5	9	180
5	10	-332
5	11	372
5	12	-180
5	13	1228
5	14	332
5	15	180
6	7	-396
6	8	-948
6	9	-396
6	10	-908
6	11	-204
6	12	396
6	13	-244
6	14	-116
6	15	-396
7	8	716
7	9	-12
7	10	500
7	11	180
7	12	12
7	13	-628
7	14	-500
7	15	-12
8	9	716
8	10	1228
8	11	-500
8	12	-716
8	13	-76
8	14	-204
8	15	716
9	10	500
9	11	-844
9	12	-1012
9	13	396
9	14	524
9	15	1012
10	11	-332
10	12	-500
10	13	-116
10	14	12
10	15	500
11	12	844
11	13	204
11	14	-692
11	15	-844
12	13	-396
12	14	-524
12	15	-1012
13	14	116
13	15	396
14	15	524
