0	1	488
0	2	1312
0	3	3368
0	4	4912
0	5	-4208
0	6	-848
0	7	-7072
0	8	-4312
0	9	-1928
0	10	112
0	11	-1088
0	12	-6488
0	13	-5152
0	14	-5392
0	15	-128
0	16	4688
0	17	4312
0	18	2888
0	19	-2152
0	20	6232
0	21	-5048
0	22	832
0	23	-1208
0	24	6952
0	25	-1192
0	26	1928
0	27	-1928
0	28	2632
0	29	3352
1	2	2512
1	3	2168
1	4	-4688
1	5	4192
1	6	3952
1	7	-8272
1	8	5288
1	9	-4328
1	10	1312
1	11	112
1	12	1912
1	13	-2752
1	14	608
1	15	1072
1	16	3488
1	17	1912
1	18	5288
1	19	248
1	20	7432
1	21	-3848
1	22	2032
1	23	3592
1	24	4552
1	25	-2392
1	26	728
1	27	-728
1	28	232
1	29	4552
2	3	-368
2	4	-4312
2	5	-2392
2	6	-2152
2	7	-4328
2	8	112
2	9	2528
2	10	-3112
2	11	5288
2	12	-112
2	13	952
2	14	1192
2	15	728
2	16	1912
2	17	-7312
2	18	112
2	19	-2048
2	20	-5632
2	21	-1552
2	22	6968
2	23	1808
2	24	4448
2	25	7792
2	26	4672
2	27	2528
2	28	1568
2	29	-2752
3	4	-368
3	5	-2288
3	6	-2528
3	7	-8992
3	8	-2632
3	9	-8
3	10	-5168
3	11	832
3	12	6232
3	13	-3472
3	14	-112
3	15	5392
3	16	-832
3	17	-4568
3	18	968
3	19	-472
3	20	4552
3	21	-3128
3	22	-848
3	23	-2888
3	24	1672
3	25	488
3	26	-3592
3	27	-3608
3	28	4552
3	29	8872
4	5	-5992
4	6	1448
4	7	-728
4	8	-7088
4	9	-4672
4	10	4088
4	11	1688
4	12	-7312
4	13	952
4	14	4792
4	15	4328
4	16	1912
4	17	3488
4	18	7312
4	19	1552
4	20	1568
4	21	-1552
4	22	3368
4	23	-5392
4	24	848
4	25	-3008
4	26	1072
4	27	-1072
4	28	-2032
4	29	-2752
5	6	-3832
5	7	-2648
5	8	1792
5	9	-2752
5	10	-4792
5	11	-3592
5	12	-1792
5	13	-968
5	14	-728
5	15	-4552
5	16	-3608
5	17	-5392
5	18	-1808
5	19	3232
5	20	-112
5	21	368
5	22	1688
5	23	3728
5	24	-4432
5	25	-1328
5	26	-848
5	27	4448
5	28	-112
5	29	2768
6	7	712
6	8	5152
6	9	4688
6	10	2648
6	11	-3352
6	12	-1552
6	13	-1208
6	14	-4568
6	15	-712
6	16	-248
6	17	5648
6	18	1552
6	19	6592
6	20	3728
6	21	-2992
6	22	-5272
6	23	3968
6	24	3008
6	25	-5168
6	26	6112
6	27	-6112
6	28	-7072
6	29	-592
7	8	4928
7	9	-368
7	10	5272
7	11	4072
7	12	2272
7	13	4088
7	14	248
7	15	-5768
7	16	-4072
7	17	2272
7	18	-2272
7	19	-112
7	20	-6608
7	21	7312
7	22	-1208
7	23	352
7	24	-2288
7	25	848
7	26	-3232
7	27	3232
7	28	-3008
7	29	-5888
8	9	4072
8	10	-4688
8	11	4912
8	12	3112
8	13	-352
8	14	-4192
8	15	-1328
8	16	2288
8	17	3112
8	18	-3112
8	19	6248
8	20	-2168
8	21	4552
8	22	-368
8	23	4792
8	24	-1448
8	25	3608
8	26	-4072
8	27	4072
8	28	1432
8	29	2152
9	10	-3472
9	11	1328
9	12	3128
9	13	1312
9	14	-5648
9	15	368
9	16	2272
9	17	-472
9	18	-3128
9	19	5512
9	20	-5992
9	21	1688
9	22	-4192
9	23	-2152
9	24	488
9	25	952
9	26	8632
9	27	-1432
9	28	1208
9	29	488
10	11	-4312
10	12	1088
10	13	6952
10	14	-8
10	15	1928
10	16	712
10	17	1088
10	18	2512
10	19	-3248
10	20	2768
10	21	-352
10	22	-6232
10	23	-592
10	24	5648
10	25	-608
10	26	-128
10	27	128
10	28	-8032
10	29	-5152
11	12	2288
11	13	-5048
11	14	-1208
11	15	-4072
11	16	6712
11	17	-1312
11	18	-2288
11	19	-848
11	20	-3232
11	21	848
11	22	9368
11	23	-6592
11	24	-352
11	25	5392
11	26	2272
11	27	1328
11	28	3968
11	29	-3952
12	13	7552
12	14	4192
12	15	1328
12	16	-2288
12	17	-6712
12	18	-4088
12	19	-2648
12	20	-1432
12	21	-952
12	22	-6832
12	23	-1192
12	24	5048
12	25	-8
12	26	-3128
12	27	-4072
12	28	2168
12	29	5048
13	14	9368
13	15	6712
13	16	-2152
13	17	-6848
13	18	-352
13	19	-5392
13	20	-4928
13	21	1792
13	22	-6728
13	23	2032
13	24	2992
13	25	-832
13	26	-1312
13	27	4912
13	28	-1328
13	29	-608
14	15	6952
14	16	-2392
14	17	-3008
14	18	3008
14	19	-5632
14	20	-1088
14	21	2032
14	22	712
14	23	-1328
14	24	-3968
14	25	-4672
14	26	-1552
14	27	5152
14	28	2512
14	29	-368
15	16	7672
15	17	-5872
15	18	5872
15	19	112
15	20	3008
15	21	-112
15	22	-2392
15	23	3248
15	24	-4912
15	25	-848
15	26	-3968
15	27	3968
15	28	3008
15	29	2288
16	17	1312
16	18	-1312
16	19	848
16	20	6832
16	21	-8048
16	22	1432
16	23	-4208
16	24	-3248
16	25	1808
16	26	-2272
16	27	2272
16	28	6832
16	29	352
17	18	-488
17	19	952
17	20	5768
17	21	-952
17	22	368
17	23	-1192
17	24	-2152
17	25	-3608
17	26	472
17	27	-4072
17	28	-1432
17	29	-2152
18	19	6248
18	20	1432
18	21	4552
18	22	3232
18	23	1192
18	24	2152
18	25	8
18	26	-472
18	27	4072
18	28	1432
18	29	5752
19	20	-728
19	21	2392
19	22	-2528
19	23	-968
19	24	-3608
19	25	-1432
19	26	-1912
19	27	1912
19	28	2872
19	29	7192
20	21	-6472
20	22	-1552
20	23	-3112
20	24	-472
20	25	-1688
20	26	-4808
20	27	-5992
20	28	-3352
20	29	6728
21	22	-1072
21	23	-2632
21	24	-3592
21	25	1432
21	26	1912
21	27	8888
21	28	-2872
21	29	8
22	23	2288
22	24	-2272
22	25	7312
22	26	592
22	27	-592
22	28	-1552
22	29	-5872
23	24	-232
23	25	1672
23	26	-1448
23	27	-2152
23	28	-3112
23	29	-3832
24	25	2632
24	26	3112
24	27	-6712
24	28	-4072
24	29	2408
25	26	-4552
25	27	952
25	28	-1688
25	29	-968
26	27	-2168
26	28	-4808
26	29	-7688
27	28	8408
27	29	488
28	29	6728
