0	1	-1732
0	2	-60
0	3	3860
0	4	-2412
0	5	-6436
0	6	-284
0	7	172
0	8	612
0	9	6660
0	10	-164
0	11	2524
0	12	-5324
0	13	6660
0	14	500
0	15	-60
0	16	-2628
0	17	-612
0	18	-3748
0	19	3308
0	20	3412
0	21	1964
0	22	836
0	23	3980
0	24	-836
0	25	-1732
0	26	-7780
0	27	6220
1	2	1620
1	3	2404
1	4	-732
1	5	1292
1	6	-1740
1	7	-4644
1	8	2292
1	9	5204
1	10	-1844
1	11	-5428
1	12	-3644
1	13	5204
1	14	-4092
1	15	1620
1	16	1964
1	17	-2292
1	18	-2292
1	19	-4644
1	20	-4316
1	21	3420
1	22	-3756
1	23	-836
1	24	3756
1	25	-276
1	26	-52
1	27	-4868
2	3	2524
2	4	-3748
2	5	52
2	6	396
2	7	5988
2	8	2636
2	9	2860
2	10	6324
2	11	6772
2	12	-3972
2	13	-276
2	14	-3524
2	15	3308
2	16	-620
2	17	500
2	18	500
2	19	-284
2	20	-3300
2	21	-5212
2	22	-3860
2	23	5316
2	24	-2412
2	25	-1516
2	26	-1740
2	27	-3196
3	4	-1396
3	5	-2300
3	6	-3524
3	7	500
3	8	-1284
3	9	2076
3	10	-5436
3	11	7556
3	12	1516
3	13	2076
3	14	-1172
3	15	-612
3	16	3300
3	17	4420
3	18	-8124
3	19	500
3	20	-7220
3	21	1844
3	22	1628
3	23	6100
3	24	4644
3	25	2404
3	26	-4092
3	27	-2412
4	5	836
4	6	2748
4	7	6772
4	8	4988
4	9	-1060
4	10	-2300
4	11	1284
4	12	-4756
4	13	-1060
4	14	1964
4	15	2524
4	16	164
4	17	4420
4	18	-1852
4	19	3636
4	20	-948
4	21	8116
4	22	1628
4	23	-172
4	24	-1628
4	25	2404
4	26	2180
4	27	-2412
5	6	2964
5	7	-6212
5	8	-2412
5	9	-2636
5	10	-276
5	11	-6996
5	12	7332
5	13	-5772
5	14	612
5	15	-6220
5	16	396
5	17	-3860
5	18	-724
5	19	-3076
5	20	388
5	21	-4420
5	22	948
5	23	-2404
5	24	-4084
5	25	4428
5	26	4652
5	27	2972
6	7	2628
6	8	2860
6	9	3084
6	10	6100
6	11	276
6	12	-3748
6	13	-3188
6	14	2972
6	15	-2740
6	16	5428
6	17	276
6	18	3412
6	19	2628
6	20	6332
6	21	3972
6	22	2636
6	23	5092
6	24	-2636
6	25	-4876
6	26	4308
6	27	-3420
7	8	6660
7	9	164
7	10	6332
7	11	9020
7	12	-8684
7	13	164
7	14	3412
7	15	2852
7	16	-5540
7	17	2748
7	18	-388
7	19	6668
7	20	52
7	21	5324
7	22	3748
7	23	4204
7	24	-612
7	25	-4644
7	26	-4420
7	27	-2964
8	9	8460
8	10	724
8	11	1172
8	12	-7780
8	13	2188
8	14	2076
8	15	2636
8	16	6324
8	17	1172
8	18	1172
8	19	3524
8	20	2300
8	21	4868
8	22	-4532
8	23	-284
8	24	1396
8	25	-844
8	26	2068
8	27	3748
9	10	500
9	11	948
9	12	-4420
9	13	2412
9	14	-836
9	15	-3412
9	16	6100
9	17	-5324
9	18	-5324
9	19	3300
9	20	2524
9	21	1508
9	22	-7444
9	23	2628
9	24	1172
9	25	2068
9	26	1844
9	27	3524
10	11	2412
10	12	1060
10	13	500
10	14	-2524
10	15	3188
10	16	-2740
10	17	-3860
10	18	2412
10	19	60
10	20	3524
10	21	1852
10	22	-2188
10	23	732
10	24	-4084
10	25	-4980
10	26	-1620
10	27	-3300
11	12	-4764
11	13	4084
11	14	4196
11	15	6772
11	16	3084
11	17	1964
11	18	-1172
11	19	2748
11	20	836
11	21	1404
11	22	-4876
11	23	3420
11	24	1740
11	25	-2292
11	26	-2068
11	27	-3748
12	13	-10692
12	14	-1396
12	15	-836
12	16	388
12	17	-4764
12	18	-1628
12	19	-2412
12	20	-1172
12	21	-1068
12	22	1404
12	23	52
12	24	-1404
12	25	2628
12	26	5540
12	27	948
13	14	-836
13	15	2860
13	16	-172
13	17	4084
13	18	-2188
13	19	164
13	20	2524
13	21	1508
13	22	-7444
13	23	-508
13	24	1172
13	25	-1068
13	26	-7564
13	27	3524
14	15	2748
14	16	6212
14	17	7332
14	18	1060
14	19	-2860
14	20	-724
14	21	1620
14	22	4988
14	23	2740
14	24	1284
14	25	-956
14	26	5092
14	27	500
15	16	-620
15	17	3636
15	18	500
15	19	-284
15	20	-3300
15	21	7332
15	22	-3860
15	23	2180
15	24	3860
15	25	-1516
15	26	4532
15	27	-9468
16	17	3084
16	18	-52
16	19	-5540
16	20	-284
16	21	-612
16	22	-5996
16	23	-1732
16	24	2860
16	25	1964
16	26	5324
16	27	508
17	18	-1172
17	19	-3524
17	20	-5436
17	21	1404
17	22	4532
17	23	3420
17	24	1740
17	25	-2292
17	26	-2068
17	27	-612
18	19	-3524
18	20	3972
18	21	-1732
18	22	1396
18	23	-2852
18	24	-10804
18	25	844
18	26	-2068
18	27	-612
19	20	3188
19	21	-948
19	22	612
19	23	1068
19	24	-3748
19	25	-1508
19	26	4988
19	27	172
20	21	1396
20	22	-4196
20	23	2516
20	24	1060
20	25	-1180
20	26	-1404
20	27	3412
21	22	1956
21	23	5996
21	24	4316
21	25	-5988
21	26	508
21	27	-4308
22	23	6212
22	24	-1516
22	25	-620
22	26	-844
22	27	-2300
23	24	3196
23	25	-836
23	26	-612
23	27	-5428
24	25	-2516
24	26	844
24	27	-3972
25	26	-52
25	27	-1732
26	27	-4644
