0	1	-3548
0	2	-2316
0	3	-1868
0	4	1644
0	5	1940
0	6	4668
0	7	2052
0	8	10940
0	9	484
0	10	2652
0	11	3620
0	12	-1196
0	13	6756
0	14	2052
0	15	-8140
0	16	5788
0	17	-6756
0	18	-6756
0	19	1604
0	20	1980
0	21	-748
0	22	-1084
0	23	1756
0	24	-2612
0	25	6572
0	26	3620
0	27	2428
1	2	3284
1	3	-2540
1	4	-820
1	5	-1868
1	6	2204
1	7	1380
1	8	-4068
1	9	-3324
1	10	188
1	11	-188
1	12	1268
1	13	6084
1	14	-1756
1	15	-5676
1	16	-2948
1	17	6460
1	18	-2948
1	19	-2204
1	20	2652
1	21	-4556
1	22	-4892
1	23	-708
1	24	-1940
1	25	-2164
1	26	2948
1	27	6236
2	3	-1308
2	4	-5188
2	5	-3772
2	6	972
2	7	-524
2	8	-2164
2	9	-2092
2	10	8364
2	11	-8364
2	12	-636
2	13	1044
2	14	-524
2	15	1828
2	16	-1044
2	17	2092
2	18	-1044
2	19	-972
2	20	1420
2	21	-188
2	22	2612
2	23	-1940
2	24	-36
2	25	-260
2	26	1044
2	27	5004
3	4	636
3	5	-188
3	6	-5748
3	7	3060
3	8	3660
3	9	-1644
3	10	-4628
3	11	-4780
3	12	-188
3	13	-7916
3	14	-76
3	15	8548
3	16	-1492
3	17	1644
3	18	4780
3	19	-524
3	20	4108
3	21	-2876
3	22	3060
3	23	3884
3	24	5788
3	25	2428
3	26	4628
3	27	1420
4	5	-36
4	6	-300
4	7	-148
4	8	-6572
4	9	-1716
4	10	-7692
4	11	1420
4	12	-3172
4	13	1420
4	14	2988
4	15	-2500
4	16	-1420
4	17	-1420
4	18	1716
4	19	300
4	20	-7020
4	21	2652
4	22	2988
4	23	2612
4	24	708
4	25	-5340
4	26	-4852
4	27	1940
5	6	-3284
5	7	-5676
5	8	6124
5	9	-972
5	10	-8436
5	11	-972
5	12	-5788
5	13	-972
5	14	-5676
5	15	-188
5	16	4108
5	17	4108
5	18	4108
5	19	-2988
5	20	-2836
5	21	4068
5	22	596
5	23	3212
5	24	-1156
5	25	1756
5	26	2164
5	27	-8660
6	7	-260
6	8	2948
6	9	1308
6	10	1828
6	11	1308
6	12	-148
6	13	4444
6	14	2876
6	15	-5748
6	16	-4444
6	17	-1308
6	18	-7580
6	19	-2948
6	20	-636
6	21	2540
6	22	-3396
6	23	2724
6	24	-2316
6	25	-2092
6	26	4444
6	27	-4220
7	8	-260
7	9	-860
7	10	860
7	11	-7132
7	12	3732
7	13	5412
7	14	-5564
7	15	-76
7	16	860
7	17	-8548
7	18	3996
7	19	3396
7	20	3324
7	21	-2092
7	22	-8700
7	23	-3172
7	24	-1268
7	25	1644
7	26	2276
7	27	10044
8	9	1308
8	10	1828
8	11	-1828
8	12	2988
8	13	1308
8	14	-260
8	15	-2612
8	16	8100
8	17	-1308
8	18	-4444
8	19	3324
8	20	2500
8	21	-3732
8	22	2876
8	23	2724
8	24	-2316
8	25	4180
8	26	4444
8	27	-4220
9	10	5564
9	11	3844
9	12	5300
9	13	-2428
9	14	-3996
9	15	1492
9	16	-3844
9	17	-6980
9	18	2428
9	19	-4444
9	20	1756
9	21	-3660
9	22	-860
9	23	1532
9	24	6572
9	25	-3060
9	26	-5564
9	27	-4068
10	11	-708
10	12	7244
10	13	2428
10	14	860
10	15	-1492
10	16	-2428
10	17	-5564
10	18	708
10	19	4444
10	20	4516
10	21	-5748
10	22	860
10	23	-1532
10	24	-3436
10	25	-3212
10	26	-3844
10	27	4068
11	12	-972
11	13	-2428
11	14	2276
11	15	-4780
11	16	-3844
11	17	-708
11	18	-3844
11	19	-1308
11	20	1756
11	21	-524
11	22	-860
11	23	1532
11	24	3436
11	25	3212
11	26	708
11	27	-4068
12	13	2164
12	14	-5676
12	15	6084
12	16	972
12	17	-2164
12	18	4108
12	19	3284
12	20	6572
12	21	-5340
12	22	596
12	23	3212
12	24	1980
12	25	-4516
12	26	-972
12	27	3884
13	14	-3996
13	15	-4780
13	16	2428
13	17	-3844
13	18	-708
13	19	1828
13	20	1756
13	21	2612
13	22	-3996
13	23	-1604
13	24	-2836
13	25	3212
13	26	-2428
13	27	5340
14	15	-6348
14	16	860
14	17	3996
14	18	-5412
14	19	260
14	20	-6084
14	21	-5228
14	22	708
14	23	-36
14	24	-4404
14	25	-1492
14	26	2276
14	27	-2500
15	16	1644
15	17	1644
15	18	7916
15	19	-3660
15	20	972
15	21	3396
15	22	9332
15	23	3884
15	24	8924
15	25	2428
15	26	-4780
15	27	-1716
16	17	708
16	18	-2428
16	19	4444
16	20	-4892
16	21	524
16	22	860
16	23	-1532
16	24	-300
16	25	-76
16	26	-708
16	27	-2204
17	18	-2428
17	19	-1828
17	20	-1756
17	21	-2612
17	22	3996
17	23	1604
17	24	-300
17	25	-3212
17	26	5564
17	27	-5340
18	19	1308
18	20	-1756
18	21	524
18	22	-2276
18	23	4740
18	24	2836
18	25	-3212
18	26	-708
18	27	-2204
19	20	636
19	21	-2540
19	22	260
19	23	412
19	24	-3956
19	25	-4180
19	26	-1308
19	27	4220
20	21	-148
20	22	-2948
20	23	2276
20	24	-2764
20	25	3732
20	26	4892
20	27	7876
21	22	1044
21	23	2764
21	24	1532
21	25	1308
21	26	-3660
21	27	-2836
22	23	6236
22	24	1868
22	25	1644
22	26	-7132
22	27	-2500
23	24	596
23	25	-2316
23	26	4668
23	27	-4444
24	25	2052
24	26	-2836
24	27	-3212
25	26	3212
25	27	3284
26	27	-932
