0	1	1592
0	2	-3336
0	3	1544
0	4	-2040
0	5	-9096
0	6	3048
0	7	-248
0	8	3896
0	9	-1256
0	10	536
0	11	5064
0	12	136
0	13	-2328
0	14	4952
0	15	248
0	16	-2152
0	17	1704
0	18	-920
0	19	-9384
0	20	-2216
0	21	-8600
0	22	-920
0	23	5848
0	24	9096
0	25	-808
0	26	88
0	27	2040
1	2	-1816
1	3	3608
1	4	-5352
1	5	-1432
1	6	4344
1	7	2264
1	8	4392
1	9	136
1	10	1480
1	11	8600
1	12	-2152
1	13	3448
1	14	-6968
1	15	-5400
1	16	10440
1	17	-584
1	18	-6472
1	19	-2040
1	20	-2936
1	21	-5960
1	22	9208
1	23	7816
1	24	1432
1	25	-3448
1	26	-1208
1	27	-920
2	3	1816
2	4	-872
2	5	3048
2	6	-6408
2	7	472
2	8	-536
2	9	1480
2	10	9096
2	11	-2152
2	12	5912
2	13	-1032
2	14	-5176
2	15	-472
2	16	-760
2	17	7480
2	18	4280
2	19	-248
2	20	-1144
2	21	-1032
2	22	-1992
2	23	-2936
2	24	3224
2	25	1032
2	26	-3000
2	27	-2264
3	4	2216
3	5	-1704
3	6	-1208
3	7	4008
3	8	1880
3	9	3000
3	10	-1480
3	11	7080
3	12	-4120
3	13	2824
3	14	3832
3	15	-872
3	16	-4168
3	17	6856
3	18	-6072
3	19	-1096
3	20	-3336
3	21	5960
3	22	3336
3	23	4728
3	24	1704
3	25	312
3	26	1208
3	27	-5352
4	5	984
4	6	-760
4	7	-5848
4	8	-4840
4	9	-6856
4	10	1208
4	11	-5016
4	12	2600
4	13	136
4	14	4280
4	15	2712
4	16	-1480
4	17	-5240
4	18	2888
4	19	2488
4	20	248
4	21	6408
4	22	-248
4	23	-4232
4	24	-984
4	25	-3272
4	26	760
4	27	4504
5	6	-3112
5	7	2776
5	8	-2488
5	9	1768
5	10	424
5	11	-4232
5	12	248
5	13	4056
5	14	-1208
5	15	-2776
5	16	4008
5	17	-1320
5	18	2104
5	19	3272
5	20	1032
5	21	10328
5	22	-4168
5	23	-3448
5	24	-3336
5	25	-920
5	26	-6296
5	27	2152
6	7	6856
6	8	2712
6	9	1592
6	10	-6472
6	11	4008
6	12	-472
6	13	-4280
6	14	984
6	15	-3720
6	16	-648
6	17	1096
6	18	-1880
6	19	-3496
6	20	1880
6	21	-4280
6	22	4392
6	23	3224
6	24	-3160
6	25	-1992
6	26	3384
6	27	-2376
7	8	88
7	9	7480
7	10	-136
7	11	8872
7	12	-8600
7	13	-4792
7	14	2488
7	15	920
7	16	312
7	17	5512
7	18	-7864
7	19	696
7	20	-1544
7	21	1480
7	22	-4728
7	23	3384
7	24	-2776
7	25	-4616
7	26	2552
7	27	-3560
8	9	-4056
8	10	-2264
8	11	-1544
8	12	6072
8	13	472
8	14	1480
8	15	3048
8	16	-4952
8	17	1368
8	18	2552
8	19	-3448
8	20	3720
8	21	-2664
8	22	2552
8	23	2376
8	24	-648
8	25	2664
8	26	424
8	27	-1432
9	10	-1144
9	11	6744
9	12	-4456
9	13	-648
9	14	360
9	15	-1208
9	16	-696
9	17	3384
9	18	-5736
9	19	4840
9	20	-536
9	21	5624
9	22	-2600
9	23	4392
9	24	-1768
9	25	648
9	26	1544
9	27	-11960
10	11	-1320
10	12	24
10	13	-5576
10	14	-4568
10	15	3272
10	16	4232
10	17	1592
10	18	-808
10	19	-88
10	20	3944
10	21	-5576
10	22	-7080
10	23	2600
10	24	5848
10	25	-696
10	26	-6072
10	27	1928
11	12	-8760
11	13	3112
11	14	-4168
11	15	-5736
11	16	4504
11	17	-920
11	18	-12408
11	19	-2376
11	20	-3272
11	21	-3160
11	22	3272
11	23	4344
11	24	4232
11	25	-6248
11	26	5400
11	27	-4392
12	13	1768
12	14	-2376
12	15	-808
12	16	-3560
12	17	-2264
12	18	7752
12	19	-584
12	20	1656
12	21	-4504
12	22	1480
12	23	-6408
12	24	-248
12	25	4504
12	26	-2664
12	27	536
13	14	88
13	15	-7752
13	16	248
13	17	-2936
13	18	2152
13	19	-1256
13	20	-5288
13	21	7368
13	22	8424
13	23	-808
13	24	-4056
13	25	5176
13	26	1144
13	27	3000
14	15	6920
14	16	-11288
14	17	-808
14	18	3160
14	19	-5400
14	20	-3160
14	21	6360
14	22	-3112
14	23	1320
14	24	-1928
14	25	-88
14	26	2152
14	27	-1144
15	16	-3448
15	17	760
15	18	4728
15	19	2440
15	20	-1592
15	21	1656
15	22	-4680
15	23	-3384
15	24	5912
15	25	-1656
15	26	6856
15	27	424
16	17	-1992
16	18	-3496
16	19	2600
16	20	360
16	21	-2888
16	22	2776
16	23	2152
16	24	2264
16	25	-6520
16	26	-2488
16	27	4616
17	18	3048
17	19	-2152
17	20	88
17	21	200
17	22	-3224
17	23	1432
17	24	1320
17	25	6072
17	26	2040
17	27	-1032
18	19	-4904
18	20	2264
18	21	2152
18	22	-2264
18	23	-2216
18	24	1032
18	25	4120
18	26	1880
18	27	3384
19	20	1768
19	21	5016
19	22	-1768
19	23	-24
19	24	-3272
19	25	7528
19	26	3496
19	27	-5624
20	21	-2152
20	22	-4008
20	23	2216
20	24	-4168
20	25	2152
20	26	-1880
20	27	-3384
21	22	-984
21	23	-808
21	24	-7192
21	25	-1096
21	26	1144
21	27	-3272
22	23	920
22	24	-2104
22	25	-2152
22	26	1880
22	27	248
23	24	312
23	25	808
23	26	-88
23	27	-8312
24	25	920
24	26	3160
24	27	984
25	26	1992
25	27	-3000
26	27	-3896
