0	1	-3468
0	2	1004
0	3	-5380
0	4	4476
0	5	-4364
0	6	-4372
0	7	-2580
0	8	1348
0	9	5156
0	10	1004
0	11	1348
0	12	7060
0	13	-1788
0	14	6604
0	15	-1564
0	16	-116
0	17	-3804
0	18	5596
0	19	3028
0	20	2684
0	21	1004
0	22	-3804
0	23	668
0	24	-4924
0	25	-1460
0	26	6940
0	27	564
1	2	3804
1	3	6828
1	4	1004
1	5	-4028
1	6	4700
1	7	6492
1	8	1684
1	9	-13324
1	10	-2468
1	11	7956
1	12	-5148
1	13	7956
1	14	-6276
1	15	-4364
1	16	-452
1	17	-332
1	18	2124
1	19	6500
1	20	-788
1	21	3804
1	22	2804
1	23	-5940
1	24	-4588
1	25	1340
1	26	332
1	27	4036
2	3	5044
2	4	-1676
2	5	-1572
2	6	900
2	7	5380
2	8	2124
2	9	1452
2	10	-1340
2	11	-1012
2	12	5820
2	13	-4148
2	14	2468
2	15	1900
2	16	-9628
2	17	1004
2	18	340
2	19	444
2	20	-3020
2	21	4932
2	22	4140
2	23	-4140
2	24	2124
2	25	1124
2	26	-1004
2	27	2908
3	4	1572
3	5	7724
3	6	4148
3	7	2356
3	8	-1124
3	9	-11204
3	10	-1228
3	11	-1124
3	12	-6836
3	13	5148
3	14	-3692
3	15	4924
3	16	-108
3	17	7164
3	18	-2684
3	19	332
3	20	-2908
3	21	1908
3	22	7164
3	23	-892
3	24	8284
3	25	1236
3	26	-892
3	27	2796
4	5	5036
4	6	3700
4	7	1908
4	8	-3812
4	9	1788
4	10	-1676
4	11	-676
4	12	-116
4	13	-3812
4	14	2132
4	15	5372
4	16	-556
4	17	1340
4	18	4
4	19	-2356
4	20	-3356
4	21	-1676
4	22	-4932
4	23	-1340
4	24	-676
4	25	-5484
4	26	-1340
4	27	6380
5	6	2460
5	7	1116
5	8	-2348
5	9	-1676
5	10	4700
5	11	-2348
5	12	-2908
5	13	-2348
5	14	892
5	15	7284
5	16	3580
5	17	5044
5	18	-116
5	19	-3804
5	20	108
5	21	1564
5	22	1908
5	23	1228
5	24	7060
5	25	-900
5	26	-5044
5	27	6276
6	7	1348
6	8	-116
6	9	-788
6	10	900
6	11	-116
6	12	-2692
6	13	6156
6	14	-4700
6	15	-3476
6	16	2020
6	17	1900
6	18	2580
6	19	-4932
6	20	-780
6	21	-5372
6	22	5036
6	23	-5036
6	24	-116
6	25	-2908
6	26	-5036
6	27	6940
7	8	1676
7	9	1004
7	10	-4028
7	11	-1460
7	12	-900
7	13	4812
7	14	-220
7	15	4588
7	16	228
7	17	556
7	18	788
7	19	9404
7	20	-2572
7	21	2244
7	22	556
7	23	-556
7	24	-1460
7	25	1572
7	26	2580
7	27	5596
8	9	-2236
8	10	-1012
8	11	-2908
8	12	-332
8	13	228
8	14	-1684
8	15	-2684
8	16	4140
8	17	1348
8	18	3580
8	19	1908
8	20	-2468
8	21	-4148
8	22	-4924
8	23	1788
8	24	228
8	25	5932
8	26	4924
8	27	-556
9	10	-1684
9	11	-8508
9	12	6612
9	13	-8508
9	14	3916
9	15	4260
9	16	-2804
9	17	2020
9	18	-3364
9	19	-3692
9	20	3132
9	21	-4820
9	22	-4252
9	23	4252
9	24	-2236
9	25	-1012
9	26	1116
9	27	-3020
10	11	5260
10	12	2684
10	13	2124
10	14	5604
10	15	-1236
10	16	-220
10	17	-5268
10	18	340
10	19	-2692
10	20	-3020
10	21	8068
10	22	4140
10	23	5268
10	24	-1012
10	25	-8284
10	26	-10412
10	27	6044
11	12	-3468
11	13	6500
11	14	1452
11	15	-8956
11	16	-2132
11	17	-1788
11	18	6716
11	19	-1228
11	20	668
11	21	8396
11	22	1348
11	23	-1348
11	24	-2908
11	25	-340
11	26	-4484
11	27	5716
12	13	-6604
12	14	8284
12	15	3028
12	16	-1572
12	17	-2348
12	18	7276
12	19	1348
12	20	-5044
12	21	2684
12	22	-5484
12	23	2348
12	24	-332
12	25	-2916
12	26	2348
12	27	2020
13	14	-1684
13	15	-2684
13	16	7276
13	17	1348
13	18	3580
13	19	1908
13	20	668
13	21	5260
13	22	7620
13	23	-4484
13	24	228
13	25	2796
13	26	1788
13	27	2580
14	15	1228
14	16	-2684
14	17	-2804
14	18	4148
14	19	-3364
14	20	-5484
14	21	5604
14	22	-2804
14	23	-332
14	24	4588
14	25	-4476
14	26	-332
14	27	8508
15	16	780
15	17	4708
15	18	220
15	19	-1004
15	20	-2692
15	21	1900
15	22	-1564
15	23	1564
15	24	3588
15	25	2572
15	26	-1572
15	27	-3468
16	17	3020
16	18	1460
16	19	2460
16	20	1236
16	21	-3356
16	22	-3252
16	23	-3020
16	24	4140
16	25	8516
16	26	3252
16	27	1788
17	18	-676
17	19	-6380
17	20	-452
17	21	-2132
17	22	-668
17	23	3804
17	24	4484
17	25	7948
17	26	6940
17	27	564
18	19	-1236
18	20	-4476
18	21	3476
18	22	-676
18	23	-2460
18	24	-2692
18	25	2804
18	26	676
18	27	4364
19	20	2124
19	21	3580
19	22	-3244
19	23	108
19	24	-4364
19	25	-2020
19	26	6380
19	27	-2012
20	21	3252
20	22	2684
20	23	-5820
20	24	668
20	25	2580
20	26	452
20	27	-4820
21	22	7276
21	23	-4140
21	24	2124
21	25	-2012
21	26	-4140
21	27	2908
22	23	-5604
22	24	1348
22	25	1676
22	26	-5604
22	27	564
23	24	-1348
23	25	-4812
23	26	2468
23	27	-3700
24	25	2796
24	26	-1348
24	27	2580
25	26	4596
25	27	-2692
26	27	-3700
