0	1	328
0	2	-440
0	3	-648
0	4	712
0	5	312
0	6	-504
0	7	-264
0	8	-1336
0	9	-904
0	10	2168
0	11	-1096
0	12	1864
0	13	712
0	14	584
0	15	-904
1	2	-72
1	3	-888
1	4	-200
1	5	2248
1	6	-1032
1	7	-1272
1	8	-200
1	9	1416
1	10	392
1	11	-440
1	12	696
1	13	-1224
1	14	952
1	15	392
2	3	392
2	4	568
2	5	456
2	6	760
2	7	8
2	8	568
2	9	648
2	10	648
2	11	1864
2	12	-584
2	13	-456
2	14	-328
2	15	-376
3	4	520
3	5	-520
3	6	328
3	7	-72
3	8	-504
3	9	-712
3	10	312
3	11	1144
3	12	-376
3	13	1544
3	14	392
3	15	-1736
4	5	584
4	6	632
4	7	136
4	8	440
4	9	776
4	10	1800
4	11	968
4	12	-712
4	13	440
4	14	568
4	15	-248
5	6	392
5	7	-136
5	8	-440
5	9	1272
5	10	248
5	11	-968
5	12	712
5	13	-1464
5	14	456
5	15	-776
6	7	968
6	8	-392
6	9	-440
6	10	584
6	11	-248
6	12	-520
6	13	-1416
6	14	-264
6	15	-440
7	8	1160
7	9	696
7	10	-1352
7	11	-1544
7	12	264
7	13	1160
7	14	-3064
7	15	-1352
8	9	1800
8	10	-1272
8	11	968
8	12	-1736
8	13	440
8	14	-1480
8	15	776
9	10	-968
9	11	-136
9	12	-1144
9	13	-248
9	14	-376
9	15	56
10	11	888
10	12	904
10	13	-248
10	14	1672
10	15	-968
11	12	-952
11	13	-56
11	14	840
11	15	888
12	13	312
12	14	-584
12	15	-1144
13	14	-1480
13	15	-1272
14	15	648
