0	1	780
0	2	-1036
0	3	460
0	4	-948
0	5	-268
0	6	-436
0	7	652
0	8	460
0	9	-268
0	10	-692
0	11	588
0	12	-972
0	13	332
0	14	204
0	15	116
1	2	524
1	3	52
1	4	-588
1	5	780
1	6	948
1	7	884
1	8	-972
1	9	-244
1	10	-844
1	11	948
1	12	460
1	13	-844
1	14	308
1	15	396
2	3	1228
2	4	844
2	5	-12
2	6	332
2	7	-628
2	8	204
2	9	-12
2	10	76
2	11	332
2	12	308
2	13	-948
2	14	972
2	15	372
3	4	-268
3	5	460
3	6	244
3	7	-844
3	8	372
3	9	460
3	10	-524
3	11	244
3	12	140
3	13	-524
3	14	-396
3	15	-948
4	5	76
4	6	-1420
4	7	-460
4	8	-1292
4	9	76
4	10	-1164
4	11	1652
4	12	780
4	13	-140
4	14	1012
4	15	-308
5	6	1612
5	7	-372
5	8	-564
5	9	1780
5	10	332
5	11	588
5	12	52
5	13	-692
5	14	1228
5	15	-1932
6	7	-972
6	8	1268
6	9	588
6	10	372
6	11	-908
6	12	268
6	13	372
6	14	-524
6	15	204
7	8	-844
7	9	-372
7	10	-716
7	11	-972
7	12	332
7	13	308
7	14	436
7	15	268
8	9	460
8	10	500
8	11	-1804
8	12	140
8	13	1524
8	14	-396
8	15	1100
9	10	332
9	11	588
9	12	-1996
9	13	-1716
9	14	1228
9	15	-1932
10	11	-652
10	12	-1012
10	13	-1420
10	14	756
10	15	972
11	12	-756
11	13	-1676
11	14	500
11	15	-820
12	13	2060
12	14	-116
12	15	1460
13	14	-1292
13	15	972
14	15	-180
