0	1	156
0	2	796
0	3	420
0	4	676
0	5	1188
0	6	-1124
0	7	1308
0	8	1188
0	9	860
0	10	-1124
0	11	-1508
0	12	-1180
0	13	1316
0	14	-796
0	15	-484
1	2	2140
1	3	-924
1	4	356
1	5	-1180
1	6	-804
1	7	-420
1	8	1892
1	9	156
1	10	-804
1	11	860
1	12	548
1	13	996
1	14	1956
1	15	-1188
2	3	-540
2	4	-284
2	5	228
2	6	-164
2	7	-804
2	8	1252
2	9	-228
2	10	-1188
2	11	-548
2	12	-92
2	13	1380
2	14	1316
2	15	-548
3	4	1116
3	5	-420
3	6	1380
3	7	996
3	8	-420
3	9	420
3	10	356
3	11	-284
3	12	-100
3	13	476
3	14	-1508
3	15	740
4	5	-676
4	6	612
4	7	1252
4	8	1372
4	9	-348
4	10	612
4	11	-28
4	12	-356
4	13	220
4	14	-740
4	15	996
5	6	100
5	7	740
5	8	-1188
5	9	-860
5	10	100
5	11	-540
5	12	156
5	13	-292
5	14	-1252
5	15	-540
6	7	-676
6	8	-924
6	9	-100
6	10	2012
6	11	-420
6	12	1828
6	13	-796
6	14	-860
6	15	-420
7	8	740
7	9	-740
7	10	-676
7	11	-36
7	12	-604
7	13	868
7	14	-220
7	15	988
8	9	164
8	10	-924
8	11	-540
8	12	-868
8	13	732
8	14	796
8	15	484
9	10	-100
9	11	-1508
9	12	-156
9	13	1316
9	14	228
9	15	-484
10	11	-420
10	12	1828
10	13	-1820
10	14	-860
10	15	-1444
11	12	1188
11	13	-412
11	14	548
11	15	220
12	13	-996
12	14	92
12	15	-1884
13	14	668
13	15	612
14	15	-476
