0	1	1280
0	2	-1736
0	3	656
0	4	-240
0	5	552
0	6	696
0	7	-1008
0	8	-488
0	9	240
0	10	1696
0	11	-32
0	12	-2568
0	13	2424
0	14	2360
0	15	1072
0	16	-344
0	17	-3256
0	18	-1008
0	19	448
0	20	1904
0	21	280
0	22	-656
0	23	1800
0	24	-800
0	25	488
1	2	3400
1	3	1008
1	4	-1424
1	5	-1592
1	6	-2360
1	7	-2736
1	8	2152
1	9	-1280
1	10	-32
1	11	3776
1	12	-1176
1	13	1944
1	14	1384
1	15	592
1	16	4088
1	17	-1112
1	18	-2736
1	19	-1488
1	20	2464
1	21	760
1	22	-1008
1	23	-2840
1	24	-240
1	25	-2152
2	3	-1384
2	4	-1736
2	5	-1280
2	6	32
2	7	-2424
2	8	5168
2	9	-968
2	10	280
2	11	760
2	12	1840
2	13	-448
2	14	1072
2	15	904
2	16	3776
2	17	1280
2	18	-2424
2	19	-1176
2	20	72
2	21	448
2	22	1384
2	23	-5232
2	24	72
2	25	-2464
3	4	656
3	5	1736
3	6	-2984
3	7	592
3	8	-2632
3	9	-3360
3	10	592
3	11	3152
3	12	-552
3	13	-136
3	14	760
3	15	-1488
3	16	760
3	17	-1736
3	18	592
3	19	-864
3	20	3088
3	21	136
3	22	-1632
3	23	488
3	24	384
3	25	2632
4	5	3256
4	6	696
4	7	1696
4	8	-3192
4	9	240
4	10	-1008
4	11	-32
4	12	136
4	13	-280
4	14	-344
4	15	-1632
4	16	-3048
4	17	-552
4	18	1696
4	19	448
4	20	-800
4	21	-2424
4	22	-656
4	23	1800
4	24	1904
4	25	3192
5	6	-384
5	7	696
5	8	-2528
5	9	-552
5	10	696
5	11	344
5	12	-448
5	13	-2736
5	14	656
5	15	-1384
5	16	-2048
5	17	-1840
5	18	696
5	19	1944
5	20	488
5	21	32
5	22	-1736
5	23	592
5	24	3192
5	25	5232
6	7	760
6	8	1280
6	9	2008
6	10	760
6	11	-4504
6	12	1904
6	13	1488
6	14	592
6	15	136
6	16	-2112
6	17	384
6	18	760
6	19	-488
6	20	-1736
6	21	-1488
6	22	2984
6	23	864
6	24	-1736
6	25	-1280
7	8	-3672
7	9	-1696
7	10	2256
7	11	-1216
7	12	1112
7	13	-1176
7	14	1800
7	15	176
7	16	-904
7	17	-696
7	18	-448
7	19	-1904
7	20	-656
7	21	-4232
7	22	-592
7	23	2152
7	24	-656
7	25	968
8	9	488
8	10	-968
8	11	-696
8	12	592
8	13	1008
8	14	-384
8	15	2360
8	16	2320
8	17	2528
8	18	-968
8	19	280
8	20	-1176
8	21	1696
8	22	2632
8	23	-3776
8	24	-1176
8	25	-3920
9	10	-1696
9	11	-2672
9	12	-136
9	13	280
9	14	-2360
9	15	-1072
9	16	-2360
9	17	552
9	18	1008
9	19	2256
9	20	-1904
9	21	2424
9	22	656
9	23	904
9	24	800
9	25	-488
10	11	-1216
10	12	1112
10	13	-1176
10	14	4504
10	15	176
10	16	1800
10	17	-3400
10	18	-3152
10	19	-1904
10	20	2048
10	21	-1528
10	22	-592
10	23	-552
10	24	-656
10	25	968
11	12	-2776
11	13	-488
11	14	-136
11	15	864
11	16	2568
11	17	-344
11	18	-1216
11	19	240
11	20	1696
11	21	488
11	22	-3152
11	23	-1112
11	24	1696
11	25	696
12	13	384
12	14	240
12	15	-3672
12	16	240
12	17	448
12	18	1112
12	19	-3048
12	20	904
12	21	-384
12	22	3256
12	23	-1696
12	24	-1800
12	25	-592
13	14	-176
13	15	-552
13	16	-176
13	17	32
13	18	1528
13	19	-2632
13	20	1320
13	21	-800
13	22	2840
13	23	1424
13	24	-4088
13	25	-3712
14	15	1176
14	16	2256
14	17	-3360
14	18	-3608
14	19	-2152
14	20	2008
14	21	-2528
14	22	-760
14	23	-800
14	24	-696
14	25	384
15	16	1176
15	17	1384
15	18	-2528
15	19	1424
15	20	-2736
15	21	-2152
15	22	-1216
15	23	72
15	24	-32
15	25	-2360
16	17	-656
16	18	-3608
16	19	-2152
16	20	2008
16	21	176
16	22	-760
16	23	-3504
16	24	-696
16	25	-2320
17	18	2008
17	19	760
17	20	-3192
17	21	-32
17	22	1736
17	23	-592
17	24	-488
17	25	-2528
18	19	800
18	20	-656
18	21	1176
18	22	2112
18	23	2152
18	24	-656
18	25	968
19	20	-2112
19	21	2632
19	22	-1840
19	23	696
19	24	3296
19	25	2424
20	21	1384
20	22	-384
20	23	-760
20	24	-864
20	25	1176
21	22	-136
21	23	-1424
21	24	1384
21	25	1008
22	23	-488
22	24	-3088
22	25	-2632
23	24	-760
23	25	1072
24	25	3880
