0	1	-620
0	2	52
0	3	1964
0	4	436
0	5	-1972
0	6	-1684
0	7	-620
0	8	3988
0	9	428
0	10	1684
0	11	-3884
0	12	2932
0	13	-1684
0	14	716
0	15	-524
0	16	3692
0	17	-2452
0	18	2548
0	19	3124
0	20	-1580
0	21	-148
0	22	2732
0	23	1492
1	2	-2260
1	3	244
1	4	-340
1	5	-2732
1	6	-716
1	7	-1588
1	8	-1588
1	9	-524
1	10	716
1	11	-628
1	12	-532
1	13	1588
1	14	-812
1	15	620
1	16	820
1	17	4660
1	18	2156
1	19	-3028
1	20	-628
1	21	-2252
1	22	1780
1	23	908
2	3	916
2	4	1292
2	5	2548
2	6	2260
2	7	-2260
2	8	44
2	9	-2156
2	10	-2260
2	11	3308
2	12	-1204
2	13	-44
2	14	-140
2	15	-52
2	16	-3116
2	17	724
2	18	1484
2	19	908
2	20	-1300
2	21	5332
2	22	-2156
2	23	-2068
3	4	-1004
3	5	1772
3	6	-4852
3	7	244
3	8	2548
3	9	-2740
3	10	2548
3	11	-716
3	12	-812
3	13	-244
3	14	2156
3	15	-1964
3	16	2828
3	17	-1012
3	18	1108
3	19	3988
3	20	-716
3	21	1292
3	22	-2740
3	23	52
4	5	-1676
4	6	340
4	7	-2644
4	8	-2644
4	9	-1772
4	10	-4948
4	11	620
4	12	3020
4	13	2644
4	14	244
4	15	1868
4	16	-2732
4	17	-1196
4	18	-1204
4	19	-1780
4	20	2924
4	21	3412
4	22	532
4	23	-4756
5	6	-1876
5	7	-428
5	8	-428
5	9	236
5	10	1876
5	11	3220
5	12	-1484
5	13	428
5	14	-1780
5	15	-332
5	16	-1108
5	17	-340
5	18	436
5	19	1012
5	20	-1388
5	21	1964
5	22	-2068
5	23	1684
6	7	-716
6	8	-3020
6	9	524
6	10	-3020
6	11	628
6	12	532
6	13	-1588
6	14	812
6	15	1684
6	16	-3124
6	17	-52
6	18	148
6	19	-1580
6	20	628
6	21	-52
6	22	524
6	23	-908
7	8	-1588
7	9	1780
7	10	716
7	11	-2932
7	12	-532
7	13	-3020
7	14	1492
7	15	-1684
7	16	-1484
7	17	-2252
7	18	-148
7	19	-724
7	20	-628
7	21	52
7	22	-524
7	23	908
8	9	-524
8	10	3020
8	11	-628
8	12	-532
8	13	-716
8	14	1492
8	15	-1684
8	16	5428
8	17	52
8	18	-148
8	19	3884
8	20	-628
8	21	-2252
8	22	-524
8	23	908
9	10	1780
9	11	820
9	12	3028
9	13	-1780
9	14	-3988
9	15	4180
9	16	3596
9	17	2060
9	18	2644
9	19	916
9	20	-1484
9	21	2060
9	22	2636
9	23	3892
10	11	-628
10	12	-2836
10	13	-3020
10	14	-812
10	15	-1684
10	16	5428
10	17	52
10	18	-148
10	19	3884
10	20	-5236
10	21	-2252
10	22	-524
10	23	5516
11	12	-1876
11	13	628
11	14	-1772
11	15	1580
11	16	-140
11	17	1396
11	18	-1492
11	19	236
11	20	332
11	21	3700
11	22	-1484
11	23	-2740
12	13	2836
12	14	436
12	15	3980
12	16	-236
12	17	-1004
12	18	908
12	19	332
12	20	2732
12	21	1300
12	22	3028
12	23	-340
13	14	-1492
13	15	1684
13	16	-3124
13	17	2252
13	18	-2156
13	19	-1580
13	20	2932
13	21	-52
13	22	524
13	23	-908
14	15	-3020
14	16	-724
14	17	-2260
14	18	-2252
14	19	628
14	20	2836
14	21	-2260
14	22	-3988
14	23	-3308
15	16	916
15	17	2452
15	18	2060
15	19	-820
15	20	-724
15	21	2452
15	22	4180
15	23	812
16	17	716
16	18	1684
16	19	4564
16	20	-2444
16	21	-1588
16	22	1292
16	23	2932
17	18	3220
17	19	-3116
17	20	-908
17	21	-820
17	22	-244
17	23	2164
18	19	-1588
18	20	-1492
18	21	916
18	22	2644
18	23	2348
19	20	-2068
19	21	1492
19	22	-1388
19	23	1772
20	21	-908
20	22	-1484
20	23	-5044
21	22	-244
21	23	-2444
22	23	1588
