0	1	-3792
0	2	-1680
0	3	-1872
0	4	-4656
0	5	-1776
0	6	1296
0	7	-2064
0	8	1872
0	9	1968
0	10	3792
0	11	-3792
0	12	-3312
0	13	-3408
0	14	-3504
0	15	-720
0	16	-1104
0	17	-720
0	18	-816
0	19	-1680
0	20	912
0	21	2448
0	22	432
0	23	1200
1	2	1392
1	3	-1104
1	4	5328
1	5	4368
1	6	528
1	7	-528
1	8	-1968
1	9	-1872
1	10	-1584
1	11	2352
1	12	-240
1	13	432
1	14	-432
1	15	-2256
1	16	1968
1	17	816
1	18	-48
1	19	-2448
1	20	144
1	21	-1392
1	22	-2640
1	23	-2640
2	3	-1296
2	4	-1776
2	5	-48
2	6	720
2	7	1968
2	8	144
2	9	2544
2	10	-1392
2	11	2544
2	12	1872
2	13	624
2	14	-624
2	15	2160
2	16	-528
2	17	1008
2	18	-2544
2	19	48
2	20	336
2	21	-3888
2	22	2160
2	23	4080
3	4	2640
3	5	-2160
3	6	-1392
3	7	-2448
3	8	-48
3	9	-2256
3	10	1104
3	11	432
3	12	-624
3	13	3120
3	14	-816
3	15	1968
3	16	1584
3	17	-3408
3	18	-432
3	19	4848
3	20	528
3	21	528
3	22	2352
3	23	-3024
4	5	2928
4	6	-3216
4	7	336
4	8	-2832
4	9	-2736
4	10	-720
4	11	912
4	12	-1104
4	13	1296
4	14	3312
4	15	-816
4	16	1104
4	17	-624
4	18	-912
4	19	720
4	20	1008
4	21	48
4	22	-1776
4	23	-5808
5	6	-1872
5	7	1488
5	8	-3600
5	9	-1392
5	10	-2064
5	11	-1392
5	12	1584
5	13	-1776
5	14	-528
5	15	-1008
5	16	-624
5	17	2448
5	18	1392
5	19	-1200
5	20	-1488
5	21	432
5	22	-3312
5	23	-624
6	7	-1584
6	8	1776
6	9	1680
6	10	-528
6	11	2448
6	12	48
6	13	-2544
6	14	-2064
6	15	-2544
6	16	144
6	17	-624
6	18	-2448
6	19	-4272
6	20	-2256
6	21	1200
6	22	528
6	23	2448
7	8	720
7	9	2928
7	10	-4080
7	11	1200
7	12	1296
7	13	816
7	14	3792
7	15	1008
7	16	-3216
7	17	432
7	18	-1200
7	19	-912
7	20	-1200
7	21	-2160
7	22	-720
7	23	1392
8	9	-816
8	10	-2640
8	11	1296
8	12	-3792
8	13	-624
8	14	-1680
8	15	1104
8	16	-1584
8	17	-2544
8	18	-1296
8	19	1104
8	20	1392
8	21	-336
8	22	912
8	23	720
9	10	1872
9	11	-1104
9	12	-1392
9	13	-720
9	14	720
9	15	1200
9	16	-1488
9	17	-336
9	18	-3504
9	19	-1296
9	20	1296
9	21	-240
9	22	816
9	23	3120
10	11	-4656
10	12	-2064
10	13	-432
10	14	432
10	15	-48
10	16	2640
10	17	-3120
10	18	-2256
10	19	144
10	20	2160
10	21	1392
10	22	2640
10	23	-1968
11	12	1872
11	13	240
11	14	-240
11	15	1584
11	16	-336
11	17	-144
11	18	-624
11	19	-1488
11	20	-1776
11	21	-3888
11	22	1008
11	23	1968
12	13	2256
12	14	2352
12	15	528
12	16	144
12	17	2640
12	18	2736
12	19	-624
12	20	-2640
12	21	-912
12	22	1488
12	23	2448
13	14	2448
13	15	-336
13	16	2352
13	17	-528
13	18	2064
13	19	2736
13	20	144
13	21	-1200
13	22	624
13	23	-2256
14	15	336
14	16	-48
14	17	-1776
14	18	-2064
14	19	-432
14	20	-144
14	21	-1104
14	22	1680
14	23	-2352
15	16	-1872
15	17	-2256
15	18	-1584
15	19	3696
15	20	3984
15	21	-624
15	22	5808
15	23	2736
16	17	432
16	18	336
16	19	1776
16	20	-240
16	21	-1008
16	22	-720
16	23	-2256
17	18	4752
17	19	48
17	20	-240
17	21	1488
17	22	-4368
17	23	2736
18	19	1488
18	20	-528
18	21	1584
18	22	-3312
18	23	336
19	20	3024
19	21	528
19	22	1200
19	23	-528
20	21	3120
20	22	3216
20	23	-240
21	22	336
21	23	-1008
22	23	1584
