0	1	1464
0	2	2808
0	3	792
0	4	-2568
0	5	-792
0	6	-744
0	7	-1176
0	8	1080
0	9	-696
0	10	-1320
0	11	-1080
0	12	2232
0	13	888
0	14	-168
0	15	-456
0	16	-1656
0	17	-3384
0	18	1800
0	19	-3624
0	20	-1896
0	21	-2712
0	22	2136
0	23	1800
1	2	-1272
1	3	744
1	4	-504
1	5	1560
1	6	2280
1	7	-2664
1	8	-1848
1	9	-840
1	10	-1752
1	11	-2760
1	12	-696
1	13	-1656
1	14	1704
1	15	-312
1	16	2424
1	17	-456
1	18	3576
1	19	552
1	20	-1176
1	21	1176
1	22	1704
1	23	1272
2	3	-2904
2	4	-1848
2	5	600
2	6	-1368
2	7	-1320
2	8	-888
2	9	504
2	10	-792
2	11	888
2	12	264
2	13	1608
2	14	-1944
2	15	648
2	16	-3144
2	17	888
2	18	312
2	19	-792
2	20	2088
2	21	-2088
2	22	2664
2	23	2616
3	4	168
3	5	888
3	6	648
3	7	1272
3	8	1128
3	9	792
3	10	-1080
3	11	-1128
3	12	-24
3	13	-984
3	14	72
3	15	2664
3	16	1752
3	17	-1128
3	18	600
3	19	-3384
3	20	-5112
3	21	504
3	22	2376
3	23	-1704
4	5	-168
4	6	-2904
4	7	216
4	8	-2424
4	9	-264
4	10	-2328
4	11	-4488
4	12	-1272
4	13	72
4	14	3432
4	15	1416
4	16	-1608
4	17	4728
4	18	4152
4	19	-24
4	20	-1752
4	21	-2856
4	22	-3480
4	23	-456
5	6	3960
5	7	1032
5	8	-1128
5	9	3816
5	10	1080
5	11	-1176
5	12	24
5	13	-1320
5	14	2232
5	15	4248
5	16	-1752
5	17	1128
5	18	1704
5	19	-1224
5	20	504
5	21	-504
5	22	2232
5	23	1704
6	7	2040
6	8	2664
6	9	1560
6	10	456
6	11	1944
6	12	-792
6	13	552
6	14	-696
6	15	-408
6	16	216
6	17	-2664
6	18	-936
6	19	456
6	20	1032
6	21	1272
6	22	-696
6	23	1368
7	8	1560
7	9	1128
7	10	1464
7	11	-1560
7	12	408
7	13	-936
7	14	-1992
7	15	24
7	16	-2136
7	17	-1560
7	18	-984
7	19	1464
7	20	-1416
7	21	-888
7	22	-1992
7	23	-3288
8	9	1080
8	10	936
8	11	3768
8	12	-312
8	13	3336
8	14	-216
8	15	-2232
8	16	-264
8	17	-5448
8	18	-1416
8	19	-3672
8	20	-792
8	21	792
8	22	-2520
8	23	888
9	10	984
9	11	-1080
9	12	4536
9	13	-3720
9	14	2136
9	15	4152
9	16	-1656
9	17	-1080
9	18	-504
9	19	-1320
9	20	408
9	21	-408
9	22	-168
9	23	1800
10	11	1368
10	12	2088
10	13	-3480
10	14	2184
10	15	-2136
10	16	-360
10	17	-936
10	18	792
10	19	1032
10	20	1608
10	21	696
10	22	-120
10	23	792
11	12	-1992
11	13	3576
11	14	-2088
11	15	-2376
11	16	264
11	17	-1464
11	18	-5496
11	19	-936
11	20	3096
11	21	1512
11	22	216
11	23	1416
12	13	-4728
12	14	936
12	15	3528
12	16	888
12	17	-1992
12	18	-264
12	19	-216
12	20	360
12	21	-360
12	22	-1368
12	23	2040
13	14	-2328
13	15	-2040
13	16	-456
13	17	-1032
13	18	-1608
13	19	-1176
13	20	-600
13	21	600
13	22	-24
13	23	696
14	15	1320
14	16	-1512
14	17	2520
14	18	4248
14	19	-2424
14	20	-1848
14	21	-2760
14	22	-1272
14	23	4248
15	16	504
15	17	2232
15	18	-648
15	19	-2136
15	20	-1560
15	21	-744
15	22	1320
15	23	1656
16	17	-2040
16	18	-1464
16	19	1944
16	20	-936
16	21	5544
16	22	792
16	23	-1464
17	18	1416
17	19	1368
17	20	792
17	21	-3096
17	22	216
17	23	1416
18	19	-1512
18	20	-2088
18	21	-2520
18	22	-360
18	23	1992
19	20	1608
19	21	3000
19	22	-120
19	23	-1512
20	21	120
20	22	-1848
20	23	216
21	22	1848
21	23	-2520
22	23	-360
