0	1	-24
0	2	840
0	3	-2568
0	4	-2184
0	5	-1512
0	6	2280
0	7	3624
0	8	-504
0	9	-1272
0	10	-1560
0	11	2136
0	12	1608
0	13	2568
0	14	408
0	15	1848
0	16	-360
0	17	2328
0	18	-504
0	19	-2760
0	20	-4632
0	21	2088
0	22	-3096
0	23	3816
1	2	-1800
1	3	-1080
1	4	5448
1	5	168
1	6	1368
1	7	-2280
1	8	-456
1	9	312
1	10	600
1	11	-3480
1	12	-264
1	13	-1224
1	14	2856
1	15	-888
1	16	3624
1	17	-1368
1	18	1848
1	19	1416
1	20	-936
1	21	1560
1	22	-168
1	23	-168
2	3	2088
2	4	-600
2	5	-1272
2	6	-1800
2	7	-840
2	8	-3624
2	9	-2856
2	10	2040
2	11	1992
2	12	1176
2	13	216
2	14	-3192
2	15	-24
2	16	-120
2	17	-504
2	18	-5928
2	19	-2328
2	20	504
2	21	-1608
2	22	3576
2	23	1272
3	4	-1128
3	5	-456
3	6	-1080
3	7	-4344
3	8	744
3	9	2280
3	10	-2616
3	11	888
3	12	552
3	13	-3096
3	14	-840
3	15	600
3	16	696
3	17	1080
3	18	-1560
3	19	-1704
3	20	5832
3	21	1032
3	22	2760
3	23	2760
4	5	-2376
4	6	-1464
4	7	-2424
4	8	-4248
4	9	-408
4	10	1608
4	11	-3336
4	12	2472
4	13	-1176
4	14	1848
4	15	-3624
4	16	1080
4	17	-3144
4	18	-1944
4	19	984
4	20	840
4	21	648
4	22	72
4	23	-2232
5	6	4776
5	7	1512
5	8	4296
5	9	-1080
5	10	936
5	11	-360
5	12	-2808
5	13	-1848
5	14	2520
5	15	-648
5	16	4056
5	17	2136
5	18	4296
5	19	-648
5	20	168
5	21	-24
5	22	-600
5	23	1704
6	7	2328
6	8	1848
6	9	312
6	10	600
6	11	1128
6	12	-264
6	13	-1224
6	14	2856
6	15	-888
6	16	5928
6	17	5544
6	18	4152
6	19	-888
6	20	-936
6	21	1560
6	22	-2472
6	23	4440
7	8	2808
7	9	-3336
7	10	1560
7	11	2472
7	12	696
7	13	-264
7	14	-408
7	15	2760
7	16	360
7	17	-24
7	18	2808
7	19	456
7	20	-4584
7	21	216
7	22	-3816
7	23	792
8	9	-1512
8	10	-3528
8	11	648
8	12	-2088
8	13	-744
8	14	2376
8	15	3240
8	16	840
8	17	456
8	18	6936
8	19	936
8	20	-456
8	21	2040
8	22	-1992
8	23	312
9	10	-456
9	11	-2424
9	12	-1320
9	13	-2280
9	14	-696
9	15	168
9	16	72
9	17	1992
9	18	792
9	19	168
9	20	2616
9	21	-1800
9	22	-1224
9	23	1080
10	11	-408
10	12	-1032
10	13	-1992
10	14	-3288
10	15	-120
10	16	2088
10	17	-600
10	18	-1224
10	19	2184
10	20	-1704
10	21	-3816
10	22	1368
10	23	-936
11	12	456
11	13	1416
11	14	-3048
11	15	3000
11	16	792
11	17	3480
11	18	648
11	19	-1608
11	20	1128
11	21	936
11	22	2664
11	23	2664
12	13	-552
12	14	-120
12	15	744
12	16	648
12	17	264
12	18	-2088
12	19	744
12	20	-264
12	21	4536
12	22	-1800
12	23	504
13	14	840
13	15	-600
13	16	-3000
13	17	1224
13	18	-744
13	19	-600
13	20	-1224
13	21	-1032
13	22	1848
13	23	-2760
14	15	-3336
14	16	1368
14	17	-552
14	18	2376
14	19	-1032
14	20	552
14	21	2664
14	22	-2520
14	23	-216
15	16	504
15	17	888
15	18	3240
15	19	2712
15	20	-888
15	21	1224
15	22	648
15	23	648
16	17	3288
16	18	3144
16	19	504
16	20	1320
16	21	1128
16	22	552
16	23	2856
17	18	2760
17	19	-1416
17	20	936
17	21	744
17	22	168
17	23	4776
18	19	3240
18	20	-456
18	21	2040
18	22	-1992
18	23	312
19	20	-888
19	21	1224
19	22	648
19	23	-3960
20	21	-744
20	22	4440
20	23	-168
21	22	-2280
21	23	2328
22	23	-1704
