0	1	-792
0	2	-1320
0	3	-2568
0	4	984
0	5	-408
0	6	1320
0	7	-264
0	8	-2808
0	9	1512
0	10	-1656
0	11	-1320
0	12	1656
0	13	-264
0	14	1752
0	15	-888
0	16	168
0	17	-264
0	18	-1656
0	19	-1416
0	20	168
0	21	-360
0	22	648
0	23	-1560
1	2	2040
1	3	792
1	4	-264
1	5	840
1	6	-2040
1	7	-1512
1	8	744
1	9	456
1	10	-408
1	11	2040
1	12	408
1	13	-1512
1	14	504
1	15	360
1	16	-888
1	17	792
1	18	-408
1	19	-360
1	20	-888
1	21	-1608
1	22	-408
1	23	1992
2	3	1320
2	4	72
2	5	1656
2	6	-2376
2	7	-984
2	8	1752
2	9	-264
2	10	600
2	11	2376
2	12	-600
2	13	-984
2	14	-696
2	15	-168
2	16	-1224
2	17	1320
2	18	600
2	19	168
2	20	-1224
2	21	-888
2	22	600
2	23	2808
3	4	-984
3	5	408
3	6	-1320
3	7	264
3	8	2808
3	9	-1512
3	10	1656
3	11	1320
3	12	-1656
3	13	264
3	14	-1752
3	15	888
3	16	-168
3	17	264
3	18	1656
3	19	1416
3	20	-168
3	21	360
3	22	-648
3	23	1560
4	5	1656
4	6	-72
4	7	1320
4	8	-552
4	9	2040
4	10	600
4	11	72
4	12	-600
4	13	1320
4	14	1608
4	15	-168
4	16	-1224
4	17	-984
4	18	600
4	19	168
4	20	-1224
4	21	-888
4	22	600
4	23	504
5	6	-1656
5	7	408
5	8	1128
5	9	840
5	10	2280
5	11	1656
5	12	-2280
5	13	408
5	14	120
5	15	-1560
5	16	-2808
5	17	408
5	18	2280
5	19	1560
5	20	-504
5	21	312
5	22	-24
5	23	2376
6	7	984
6	8	-1752
6	9	264
6	10	-600
6	11	-2376
6	12	600
6	13	984
6	14	696
6	15	168
6	16	1224
6	17	-1320
6	18	-600
6	19	-168
6	20	1224
6	21	888
6	22	-600
6	23	-2808
7	8	504
7	9	792
7	10	1656
7	11	-984
7	12	-1656
7	13	2568
7	14	552
7	15	888
7	16	-168
7	17	-2040
7	18	1656
7	19	1416
7	20	-168
7	21	360
7	22	-648
7	23	-744
8	9	-1560
8	10	2184
8	11	1752
8	12	-2184
8	13	504
8	14	-2088
8	15	648
8	16	-600
8	17	504
8	18	2184
8	19	1656
8	20	-600
8	21	408
8	22	-120
8	23	2280
9	10	-408
9	11	-264
9	12	408
9	13	792
9	14	2808
9	15	360
9	16	-888
9	17	-1512
9	18	-408
9	19	-360
9	20	-888
9	21	-1608
9	22	-408
9	23	-312
10	11	600
10	12	-3336
10	13	1656
10	14	-936
10	15	-504
10	16	-1752
10	17	-648
10	18	3336
10	19	2808
10	20	552
10	21	1560
10	22	-1272
10	23	1128
11	12	-600
11	13	-984
11	14	-696
11	15	-168
11	16	-1224
11	17	1320
11	18	600
11	19	168
11	20	-1224
11	21	-888
11	22	600
11	23	2808
12	13	-1656
12	14	936
12	15	504
12	16	1752
12	17	648
12	18	-3336
12	19	-2808
12	20	-552
12	21	-1560
12	22	1272
12	23	-1128
13	14	552
13	15	888
13	16	-168
13	17	-2040
13	18	1656
13	19	1416
13	20	-168
13	21	360
13	22	-648
13	23	-744
14	15	600
14	16	-456
14	17	-1752
14	18	-936
14	19	-600
14	20	-456
14	21	-1656
14	22	-936
14	23	-1032
15	16	1320
15	17	-1416
15	18	-504
15	19	-264
15	20	-984
15	21	-1512
15	22	-504
15	23	-408
16	17	-168
16	18	-1752
16	19	-1320
16	20	72
16	21	-264
16	22	552
16	23	-1656
17	18	-648
17	19	-888
17	20	-168
17	21	360
17	22	1656
17	23	1560
18	19	2808
18	20	552
18	21	1560
18	22	-1272
18	23	1128
19	20	984
19	21	1512
19	22	-1800
19	23	408
20	21	2040
20	22	-1752
20	23	-1656
21	22	-744
21	23	-840
22	23	1128
