0	1	-424
0	2	-56
0	3	344
0	4	40
0	5	728
0	6	904
0	7	-2248
0	8	-632
0	9	-1784
0	10	-424
0	11	-1976
0	12	152
0	13	-1112
0	14	904
0	15	1784
0	16	-2248
0	17	424
0	18	-536
0	19	152
0	20	-56
0	21	-424
0	22	-1880
0	23	-904
1	2	1880
1	3	136
1	4	1784
1	5	-248
1	6	920
1	7	424
1	8	152
1	9	-1000
1	10	-1400
1	11	1496
1	12	328
1	13	632
1	14	920
1	15	1000
1	16	424
1	17	-3208
1	18	-2248
1	19	328
1	20	1880
1	21	-1400
1	22	-904
1	23	-920
2	3	344
2	4	40
2	5	728
2	6	904
2	7	56
2	8	-632
2	9	-1784
2	10	-424
2	11	328
2	12	152
2	13	1192
2	14	904
2	15	1784
2	16	56
2	17	-1880
2	18	-536
2	19	152
2	20	2248
2	21	-424
2	22	424
2	23	-904
3	4	248
3	5	1288
3	6	1688
3	7	-344
3	8	-1384
3	9	-232
3	10	2440
3	11	-40
3	12	-2744
3	13	1400
3	14	1688
3	15	232
3	16	-344
3	17	-136
3	18	-1480
3	19	-2744
3	20	344
3	21	2440
3	22	-136
3	23	-1688
4	5	-1672
4	6	1000
4	7	-40
4	8	-536
4	9	616
4	10	-520
4	11	424
4	12	56
4	13	-1016
4	14	1000
4	15	-616
4	16	-40
4	17	-1784
4	18	-2744
4	19	56
4	20	40
4	21	-520
4	22	-1784
4	23	-1000
5	6	-232
5	7	-728
5	8	1304
5	9	-2152
5	10	-248
5	11	344
5	12	-824
5	13	1784
5	14	-232
5	15	2152
5	16	-728
5	17	248
5	18	1208
5	19	-824
5	20	728
5	21	-248
5	22	248
5	23	232
6	7	-904
6	8	-1976
6	9	-824
6	10	920
6	11	-1016
6	12	-808
6	13	-152
6	14	1864
6	15	824
6	16	-904
6	17	-920
6	18	-1880
6	19	-808
6	20	904
6	21	920
6	22	-920
6	23	-1864
7	8	632
7	9	1784
7	10	424
7	11	1976
7	12	-152
7	13	1112
7	14	-904
7	15	-1784
7	16	2248
7	17	-424
7	18	536
7	19	-152
7	20	56
7	21	424
7	22	1880
7	23	904
8	9	-56
8	10	-2152
8	11	2056
8	12	728
8	13	616
8	14	-1976
8	15	56
8	16	632
8	17	-152
8	18	1192
8	19	728
8	20	-632
8	21	-2152
8	22	-152
8	23	1976
9	10	1304
9	11	904
9	12	-424
9	13	-536
9	14	-824
9	15	-3400
9	16	1784
9	17	1000
9	18	40
9	19	-424
9	20	-1784
9	21	1304
9	22	1000
9	23	824
10	11	-808
10	12	-1976
10	13	632
10	14	920
10	15	-1304
10	16	424
10	17	1400
10	18	56
10	19	-1976
10	20	-424
10	21	3208
10	22	1400
10	23	-920
11	12	-232
11	13	1576
11	14	-1016
11	15	-904
11	16	1976
11	17	-1496
11	18	-152
11	19	-232
11	20	328
11	21	-808
11	22	808
11	23	1016
12	13	-1096
12	14	-808
12	15	424
12	16	-152
12	17	-328
12	18	632
12	19	2056
12	20	152
12	21	-1976
12	22	-328
12	23	808
13	14	-152
13	15	536
13	16	1112
13	17	-632
13	18	712
13	19	-1096
13	20	1192
13	21	632
13	22	1672
13	23	152
14	15	824
14	16	-904
14	17	-920
14	18	-1880
14	19	-808
14	20	904
14	21	920
14	22	-920
14	23	-1864
15	16	-1784
15	17	-1000
15	18	-40
15	19	424
15	20	1784
15	21	-1304
15	22	-1000
15	23	-824
16	17	-424
16	18	536
16	19	-152
16	20	56
16	21	424
16	22	1880
16	23	904
17	18	2248
17	19	-328
17	20	-1880
17	21	1400
17	22	904
17	23	920
18	19	632
18	20	-536
18	21	56
18	22	2248
18	23	1880
19	20	152
19	21	-1976
19	22	-328
19	23	808
20	21	-424
20	22	424
20	23	-904
21	22	1400
21	23	-920
22	23	920
