0	1	788
0	2	-268
0	3	1652
0	4	-1420
0	5	1556
0	6	1748
0	7	-1612
0	8	-268
0	9	-1556
0	10	1420
0	11	460
0	12	172
0	13	-364
0	14	1612
0	15	2036
0	16	748
0	17	172
0	18	-1748
0	19	-172
0	20	-364
0	21	-500
0	22	-268
0	23	404
1	2	-884
1	3	-500
1	4	-2036
1	5	-404
1	6	-596
1	7	460
1	8	1420
1	9	-1900
1	10	2036
1	11	-1612
1	12	980
1	13	1516
1	14	-460
1	15	1420
1	16	404
1	17	980
1	18	596
1	19	-980
1	20	1516
1	21	1652
1	22	1420
1	23	-1556
2	3	-1748
2	4	1324
2	5	652
2	6	460
2	7	-788
2	8	172
2	9	1652
2	10	-1324
2	11	-364
2	12	-76
2	13	-2036
2	14	788
2	15	172
2	16	-652
2	17	-76
2	18	-460
2	19	76
2	20	-2036
2	21	-1708
2	22	172
2	23	-500
3	4	-596
3	5	1036
3	6	844
3	7	-404
3	8	-1748
3	9	-1036
3	10	596
3	11	1556
3	12	-460
3	13	652
3	14	404
3	15	556
3	16	1268
3	17	-460
3	18	-844
3	19	460
3	20	652
3	21	212
3	22	-1748
3	23	2188
4	5	-500
4	6	-692
4	7	364
4	8	-980
4	9	2804
4	10	-2476
4	11	788
4	12	-1228
4	13	-884
4	14	-364
4	15	-980
4	16	500
4	17	-1228
4	18	692
4	19	1228
4	20	-884
4	21	-556
4	22	-980
4	23	652
5	6	940
5	7	-308
5	8	-1652
5	9	-1132
5	10	500
5	11	-844
5	12	1748
5	13	-1556
5	14	308
5	15	652
5	16	-1132
5	17	1748
5	18	-940
5	19	-1748
5	20	-1556
5	21	-2188
5	22	-1652
5	23	2284
6	7	-2804
6	8	460
6	9	-940
6	10	692
6	11	1652
6	12	-364
6	13	-1748
6	14	2804
6	15	460
6	16	-940
6	17	-364
6	18	-3052
6	19	364
6	20	-1748
6	21	-1996
6	22	460
6	23	-212
7	8	-788
7	9	308
7	10	-364
7	11	-1708
7	12	884
7	13	1612
7	14	-2860
7	15	-788
7	16	308
7	17	884
7	18	2804
7	19	-884
7	20	1612
7	21	1556
7	22	-788
7	23	844
8	9	-652
8	10	980
8	11	-364
8	12	-76
8	13	268
8	14	788
8	15	172
8	16	-652
8	17	-76
8	18	-460
8	19	76
8	20	268
8	21	596
8	22	2476
8	23	-2804
9	10	-2804
9	11	844
9	12	-1748
9	13	-748
9	14	-308
9	15	-652
9	16	1132
9	17	-1748
9	18	940
9	19	1748
9	20	-748
9	21	-116
9	22	-652
9	23	20
10	11	-788
10	12	1228
10	13	884
10	14	364
10	15	980
10	16	-500
10	17	1228
10	18	-692
10	19	-1228
10	20	884
10	21	556
10	22	980
10	23	-652
11	12	-2036
11	13	-460
11	14	1708
11	15	-364
11	16	844
11	17	-2036
11	18	-1652
11	19	2036
11	20	-460
11	21	-404
11	22	-364
11	23	308
12	13	-172
12	14	-884
12	15	-76
12	16	-1748
12	17	2284
12	18	364
12	19	-2284
12	20	-172
12	21	-692
12	22	-76
12	23	596
13	14	-1612
13	15	268
13	16	1556
13	17	-172
13	18	1748
13	19	172
13	20	2668
13	21	2804
13	22	268
13	23	-404
14	15	788
14	16	-308
14	17	-884
14	18	-2804
14	19	884
14	20	-1612
14	21	-1556
14	22	788
14	23	-844
15	16	1652
15	17	-76
15	18	-460
15	19	76
15	20	268
15	21	596
15	22	172
15	23	-500
16	17	-1748
16	18	940
16	19	1748
16	20	1556
16	21	2188
16	22	-652
16	23	20
17	18	364
17	19	-2284
17	20	-172
17	21	-692
17	22	-76
17	23	596
18	19	-364
18	20	1748
18	21	1996
18	22	-460
18	23	212
19	20	172
19	21	692
19	22	76
19	23	-596
20	21	2804
20	22	268
20	23	-404
21	22	596
21	23	-1036
22	23	-2804
