0	1	1908
0	2	-1524
0	3	1836
0	4	372
0	5	-972
0	6	-780
0	7	1932
0	8	-660
0	9	-1044
0	10	-852
0	11	-492
0	12	-972
0	13	-300
0	14	1908
0	15	564
0	16	684
0	17	-588
0	18	372
0	19	-1644
0	20	-300
0	21	972
0	22	372
0	23	-972
1	2	-564
1	3	2796
1	4	-588
1	5	-1932
1	6	564
1	7	588
1	8	300
1	9	-2388
1	10	108
1	11	-1452
1	12	-1932
1	13	1044
1	14	3252
1	15	1908
1	16	1644
1	17	756
1	18	-588
1	19	-300
1	20	1044
1	21	1932
1	22	-588
1	23	-1932
2	3	-876
2	4	-1332
2	5	12
2	6	-180
2	7	-972
2	8	-684
2	9	-300
2	10	-492
2	11	-468
2	12	12
2	13	1644
2	14	-564
2	15	-1524
2	16	276
2	17	-372
2	18	972
2	19	684
2	20	1644
2	21	-12
2	22	972
2	23	12
3	4	-276
3	5	-1236
3	6	876
3	7	276
3	8	564
3	9	-1356
3	10	756
3	11	-1716
3	12	-1236
3	13	396
3	14	2796
3	15	1836
3	16	1524
3	17	684
3	18	-276
3	19	-564
3	20	396
3	21	1236
3	22	-276
3	23	-1236
4	5	1140
4	6	-972
4	7	-180
4	8	1836
4	9	1452
4	10	-660
4	11	1620
4	12	1140
4	13	-2796
4	14	-588
4	15	372
4	16	876
4	17	1524
4	18	180
4	19	-1836
4	20	-2796
4	21	-1140
4	22	180
4	23	1140
5	6	-12
5	7	-1140
5	8	876
5	9	2796
5	10	684
5	11	276
5	12	2100
5	13	-1836
5	14	-1932
5	15	-972
5	16	-84
5	17	180
5	18	1140
5	19	-876
5	20	-1836
5	21	-2100
5	22	1140
5	23	2100
6	7	-1332
6	8	684
6	9	300
6	10	2796
6	11	-1836
6	12	-12
6	13	660
6	14	564
6	15	1524
6	16	-276
6	17	372
6	18	-972
6	19	1620
6	20	660
6	21	12
6	22	-972
6	23	-12
7	8	-1836
7	9	-1452
7	10	-1644
7	11	684
7	12	-1140
7	13	492
7	14	588
7	15	-372
7	16	-876
7	17	-1524
7	18	-180
7	19	-468
7	20	492
7	21	1140
7	22	-180
7	23	-1140
8	9	1140
8	10	948
8	11	396
8	12	876
8	13	-2100
8	14	300
8	15	1644
8	16	1716
8	17	2796
8	18	-468
8	19	-756
8	20	-2100
8	21	-876
8	22	-468
8	23	876
9	10	1332
9	11	12
9	12	2796
9	13	-2484
9	14	-2388
9	15	-1044
9	16	-204
9	17	108
9	18	1452
9	19	-1140
9	20	-2484
9	21	-2796
9	22	1452
9	23	2796
10	11	-2100
10	12	684
10	13	12
10	14	108
10	15	1452
10	16	-396
10	17	300
10	18	-660
10	19	1356
10	20	12
10	21	-684
10	22	-660
10	23	684
11	12	276
11	13	-1356
11	14	-1452
11	15	-492
11	16	-564
11	17	660
11	18	-684
11	19	-396
11	20	-1356
11	21	-276
11	22	-684
11	23	276
12	13	-1836
12	14	-1932
12	15	-972
12	16	-84
12	17	180
12	18	1140
12	19	-876
12	20	-1836
12	21	-2100
12	22	1140
12	23	2100
13	14	1044
13	15	-300
13	16	-756
13	17	-1452
13	18	-492
13	19	2100
13	20	3444
13	21	1836
13	22	-492
13	23	-1836
14	15	1908
14	16	1644
14	17	756
14	18	-588
14	19	-300
14	20	1044
14	21	1932
14	22	-588
14	23	-1932
15	16	684
15	17	1716
15	18	-1932
15	19	660
15	20	-300
15	21	972
15	22	-1932
15	23	-972
16	17	1836
16	18	876
16	19	-1716
16	20	-756
16	21	84
16	22	876
16	23	-84
17	18	-780
17	19	-492
17	20	-1452
17	21	-180
17	22	-780
17	23	180
18	19	-1836
18	20	-492
18	21	-1140
18	22	2484
18	23	1140
19	20	2100
19	21	876
19	22	-1836
19	23	-876
20	21	1836
20	22	-492
20	23	-1836
21	22	-1140
21	23	-2100
22	23	1140
