0	1	-3756
0	2	996
0	3	-156
0	4	-1836
0	5	-444
0	6	924
0	7	-84
0	8	6204
0	9	-4884
0	10	204
0	11	636
0	12	564
0	13	996
0	14	-2004
0	15	4044
0	16	-2436
0	17	-1044
0	18	-5196
0	19	-5556
0	20	-2796
0	21	516
0	22	684
0	23	-1884
0	24	1476
0	25	-876
0	26	1956
0	27	2556
0	28	-6516
0	29	3204
1	2	2436
1	3	-1596
1	4	324
1	5	-6204
1	6	3084
1	7	-2244
1	8	1164
1	9	3756
1	10	2364
1	11	-1524
1	12	-876
1	13	2436
1	14	-564
1	15	-996
1	16	-276
1	17	396
1	18	564
1	19	3804
1	20	-636
1	21	-1644
1	22	-4356
1	23	3156
1	24	-684
1	25	-2316
1	26	-204
1	27	-3204
1	28	-756
1	29	-9036
2	3	-1164
2	4	516
2	5	-1836
2	6	-2244
2	7	-5796
2	8	3276
2	9	-996
2	10	5676
2	11	684
2	12	5316
2	13	324
2	14	-3876
2	15	-1764
2	16	-2484
2	17	-1236
2	18	-3324
2	19	-2964
2	20	-2124
2	21	-2796
2	22	-5604
2	23	-396
2	24	-3756
2	25	-444
2	26	-636
2	27	-1236
2	28	-2004
2	29	-4524
3	4	3924
3	5	4596
3	6	3084
3	7	1356
3	8	-2436
3	9	156
3	10	-4836
3	11	2076
3	12	-4476
3	13	2436
3	14	3036
3	15	2604
3	16	3324
3	17	396
3	18	4164
3	19	3804
3	20	-636
3	21	1956
3	22	-756
3	23	-444
3	24	-4284
3	25	-5916
3	26	-204
3	27	396
3	28	-756
3	29	1764
4	5	2676
4	6	1404
4	7	-564
4	8	-516
4	9	-5364
4	10	684
4	11	156
4	12	1044
4	13	-3084
4	14	4716
4	15	924
4	16	-1956
4	17	5676
4	18	-1116
4	19	2124
4	20	-2316
4	21	36
4	22	-2436
4	23	4836
4	24	-2604
4	25	-3996
4	26	-2124
4	27	-1524
4	28	-2436
4	29	84
5	6	-84
5	7	2844
5	8	-1764
5	9	-3156
5	10	-2964
5	11	2124
5	12	276
5	13	-1836
5	14	4764
5	15	396
5	16	-324
5	17	204
5	18	2436
5	19	-804
5	20	3636
5	21	2244
5	22	3756
5	23	1044
5	24	-2316
5	25	1716
5	26	804
5	27	3804
5	28	3756
5	29	8436
6	7	3876
6	8	2244
6	9	-924
6	10	-3756
6	11	996
6	12	-6996
6	13	1356
6	14	1956
6	15	7284
6	16	804
6	17	2916
6	18	1644
6	19	1284
6	20	-3156
6	21	876
6	22	-3276
6	23	2076
6	24	1836
6	25	-4836
6	26	-1284
6	27	-684
6	28	324
6	29	-756
7	8	2196
7	9	84
7	10	-2604
7	11	-5436
7	12	-6564
7	13	5004
7	14	4404
7	15	4356
7	16	3636
7	17	3444
7	18	-804
7	19	-444
7	20	396
7	21	-1716
7	22	516
7	23	-2916
7	24	4524
7	25	2076
7	26	444
7	27	-156
7	28	4116
7	29	5196
8	9	-2604
8	10	1524
8	11	-4284
8	12	-1716
8	13	3276
8	14	276
8	15	5364
8	16	-1116
8	17	4836
8	18	-7476
8	19	-4236
8	20	-5076
8	21	-4404
8	22	-1596
8	23	396
8	24	156
8	25	4044
8	26	4236
8	27	-2364
8	28	-5196
8	29	924
9	10	-3804
9	11	-636
9	12	-4164
9	13	6204
9	14	-5196
9	15	-444
9	16	6036
9	17	-2556
9	18	5196
9	19	1956
9	20	2796
9	21	-516
9	22	2916
9	23	-1716
9	24	-1476
9	25	876
9	26	1644
9	27	-2556
9	28	2916
9	29	-3204
10	11	-1884
10	12	6684
10	13	-1524
10	14	-924
10	15	-4236
10	16	-3516
10	17	36
10	18	-6276
10	19	-3036
10	20	-276
10	21	-2004
10	22	-3996
10	23	-804
10	24	2556
10	25	1644
10	26	-4164
10	27	36
10	28	-396
10	29	-5076
11	12	1356
11	13	-6516
11	14	-3516
11	15	1476
11	16	756
11	17	-876
11	18	3516
11	19	276
11	20	-2484
11	21	1164
11	22	1236
11	23	-36
11	24	204
11	25	-4404
11	26	-3876
11	27	-876
11	28	-2364
11	29	-1284
12	13	-5484
12	14	-1284
12	15	-7476
12	16	-6756
12	17	-3924
12	18	-2316
12	19	-2676
12	20	3684
12	21	1236
12	22	-36
12	23	2436
12	24	-1404
12	25	2004
12	26	-924
12	27	3276
12	28	-36
12	29	-1116
13	14	-276
13	15	1836
13	16	4716
13	17	-1236
13	18	276
13	19	636
13	20	1476
13	21	-2796
13	22	-2004
13	23	-3996
13	24	-156
13	25	-444
13	26	2964
13	27	-1236
13	28	1596
13	29	-924
14	15	-1164
14	16	-1884
14	17	1764
14	18	876
14	19	4836
14	20	2076
14	21	204
14	22	-1404
14	23	2604
14	24	-756
14	25	156
14	26	2364
14	27	1764
14	28	2196
14	29	3276
15	16	3924
15	17	6996
15	18	-2436
15	19	-2796
15	20	-7236
15	21	-2244
15	22	-156
15	23	-1044
15	24	2316
15	25	-1716
15	26	-804
15	27	-3804
15	28	-3756
15	29	2364
16	17	2676
16	18	1884
16	19	1524
16	20	-2916
16	21	-2964
16	22	564
16	23	-5364
16	24	1596
16	25	-996
16	26	-1524
16	27	-4524
16	28	564
16	29	-516
17	18	-5364
17	19	-1404
17	20	-7764
17	21	-4356
17	22	-444
17	23	1644
17	24	1884
17	25	1116
17	26	-2196
17	27	-6396
17	28	-4044
17	29	636
18	19	5964
18	20	5124
18	21	3396
18	22	1404
18	23	996
18	24	-2844
18	25	-3756
18	26	1236
18	27	1836
18	28	5004
18	29	324
19	20	1164
19	21	156
19	22	-2556
19	23	1356
19	24	-2484
19	25	-4116
19	26	1596
19	27	-1404
19	28	1044
19	29	-3636
20	21	4596
20	22	3804
20	23	2196
20	24	-1644
20	25	2244
20	26	2436
20	27	6636
20	28	7404
20	29	2724
21	22	4716
21	23	3684
21	24	-3276
21	25	-924
21	26	-156
21	27	6444
21	28	1116
21	29	2196
22	23	2316
22	24	-1524
22	25	5724
22	26	2556
22	27	3156
22	28	84
22	29	6204
23	24	-4476
23	25	276
23	26	2244
23	27	1644
23	28	-1284
23	29	-204
24	25	36
24	26	-4716
24	27	-1716
24	28	2076
24	29	-444
25	26	4116
25	27	1116
25	28	2124
25	29	4644
26	27	1404
26	28	-1044
26	29	3636
27	28	3156
27	29	4236
28	29	2604
