0	1	-8
0	2	-1312
0	3	-5408
0	4	-1072
0	5	368
0	6	232
0	7	-2048
0	8	-3352
0	9	3008
0	10	848
0	11	2992
0	12	1312
0	13	1552
0	14	-2168
0	15	5168
0	16	1312
0	17	-3008
0	18	-968
0	19	-1912
0	20	-4792
0	21	1312
0	22	-2032
0	23	112
0	24	8
0	25	-2408
0	26	-3232
0	27	952
0	28	3472
0	29	1432
1	2	1072
1	3	-1552
1	4	4432
1	5	2992
1	6	3608
1	7	-1312
1	8	-4088
1	9	-3248
1	10	-1088
1	11	-2752
1	12	-1072
1	13	-1312
1	14	-4792
1	15	1792
1	16	2528
1	17	3248
1	18	1208
1	19	1672
1	20	-2648
1	21	-4672
1	22	-1808
1	23	128
1	24	3352
1	25	2648
1	26	-608
1	27	-712
1	28	368
1	29	-1192
2	3	2872
2	4	5048
2	5	2888
2	6	1312
2	7	2632
2	8	2768
2	9	-1672
2	10	-232
2	11	4072
2	12	-1208
2	13	2632
2	14	-1088
2	15	488
2	16	2392
2	17	1672
2	18	-3488
2	19	608
2	20	1328
2	21	2392
2	22	488
2	23	4792
2	24	-1072
2	25	-1328
2	26	-712
2	27	2032
2	28	-6248
2	29	2512
3	4	2632
3	5	1192
3	6	1808
3	7	4088
3	8	4912
3	9	-1448
3	10	-2888
3	11	-952
3	12	-2872
3	13	488
3	14	608
3	15	-3608
3	16	728
3	17	1448
3	18	-592
3	19	3472
3	20	2752
3	21	728
3	22	-8
3	23	1928
3	24	1552
3	25	848
3	26	4792
3	27	1088
3	28	-5032
3	29	608
4	5	6728
4	6	4672
4	7	2392
4	8	-592
4	9	-5032
4	10	8
4	11	232
4	12	-1448
4	13	2392
4	14	-4928
4	15	728
4	16	2152
4	17	5032
4	18	-3728
4	19	848
4	20	-2032
4	21	-1448
4	22	-2872
4	23	4552
4	24	2768
4	25	2032
4	26	-472
4	27	-1808
4	28	-2888
4	29	-1328
5	6	3232
5	7	952
5	8	848
5	9	-3592
5	10	1448
5	11	-1208
5	12	712
5	13	4552
5	14	-2768
5	15	2168
5	16	712
5	17	3592
5	18	-1568
5	19	2288
5	20	-4192
5	21	712
5	22	-1432
5	23	3112
5	24	608
5	25	4192
5	26	968
5	27	-3248
5	28	-728
5	29	832
6	7	2048
6	8	-248
6	9	-3008
6	10	-848
6	11	-2992
6	12	-4912
6	13	2048
6	14	-5032
6	15	2032
6	16	2288
6	17	3008
6	18	-2632
6	19	1912
6	20	-2408
6	21	-1312
6	22	-5168
6	23	3488
6	24	3592
6	25	-1192
6	26	3232
6	27	-952
6	28	128
6	29	2168
7	8	4672
7	9	-1688
7	10	472
7	11	-712
7	12	-6232
7	13	4328
7	14	848
7	15	-248
7	16	-2632
7	17	1688
7	18	-3952
7	19	-368
7	20	2512
7	21	968
7	22	-248
7	23	5768
7	24	1312
7	25	1088
7	26	952
7	27	1328
7	28	-4792
7	29	848
8	9	-112
8	10	1328
8	11	-1088
8	12	-2768
8	13	4672
8	14	4552
8	15	-1552
8	16	-2768
8	17	112
8	18	-1448
8	19	2168
8	20	2888
8	21	4432
8	22	2048
8	23	3232
8	24	-3112
8	25	712
8	26	4448
8	27	472
8	28	-4208
8	29	4552
9	10	-3112
9	11	3352
9	12	1672
9	13	-1688
9	14	1792
9	15	1208
9	16	1672
9	17	-6248
9	18	2992
9	19	1328
9	20	-1552
9	21	1672
9	22	1208
9	23	-3128
9	24	-352
9	25	-2048
9	26	8
9	27	4912
9	28	232
9	29	1792
10	11	-1688
10	12	232
10	13	4072
10	14	3952
10	15	-952
10	16	-6968
10	17	3112
10	18	-5648
10	19	-4432
10	20	-112
10	21	232
10	22	-952
10	23	2632
10	24	-6112
10	25	112
10	26	-2152
10	27	-3728
10	28	2392
10	29	352
11	12	3128
11	13	-712
11	14	-592
11	15	1192
11	16	3128
11	17	-3352
11	18	-1792
11	19	-2528
11	20	352
11	21	3128
11	22	1192
11	23	728
11	24	-848
11	25	-3952
11	26	-4808
11	27	3488
11	28	-2632
11	29	-592
12	13	-2632
12	14	1088
12	15	-488
12	16	1208
12	17	-1672
12	18	3488
12	19	-608
12	20	-1328
12	21	1208
12	22	3112
12	23	-4792
12	24	-2528
12	25	1328
12	26	-2888
12	27	-2032
12	28	2648
12	29	-2512
13	14	848
13	15	3352
13	16	-2632
13	17	1688
13	18	-3952
13	19	-368
13	20	-1088
13	21	4568
13	22	-248
13	23	5768
13	24	-2288
13	25	1088
13	26	952
13	27	-2272
13	28	-1192
13	29	4448
14	15	-3968
14	16	-6112
14	17	-1792
14	18	-232
14	19	-488
14	20	2392
14	21	1088
14	22	3232
14	23	-1312
14	24	-6008
14	25	1208
14	26	832
14	27	1448
14	28	-1072
14	29	968
15	16	3112
15	17	-1208
15	18	832
15	19	-112
15	20	-2992
15	21	3112
15	22	-232
15	23	1912
15	24	1808
15	25	-608
15	26	-1432
15	27	-848
15	28	1672
15	29	3232
16	17	-1672
16	18	3488
16	19	2992
16	20	-1328
16	21	1208
16	22	-488
16	23	-1192
16	24	4672
16	25	-2272
16	26	712
16	27	1568
16	28	-952
16	29	1088
17	18	-2992
17	19	-1328
17	20	1552
17	21	-1672
17	22	-1208
17	23	3128
17	24	352
17	25	2048
17	26	-8
17	27	-4912
17	28	-232
17	29	-1792
18	19	4312
18	20	-8
18	21	-112
18	22	4432
18	23	-6112
18	24	2392
18	25	3608
18	26	2032
18	27	248
18	28	1328
18	29	-232
19	20	-2872
19	21	-608
19	22	-112
19	23	-1808
19	24	1928
19	25	2872
19	26	5888
19	27	2632
19	28	-2048
19	29	3112
20	21	2272
20	22	4208
20	23	1072
20	24	-952
20	25	-1448
20	26	-592
20	27	-1688
20	28	-2768
20	29	-1208
21	22	3112
21	23	2408
21	24	-2528
21	25	-2272
21	26	712
21	27	-2032
21	28	-952
21	29	4688
22	23	-1688
22	24	-1792
22	25	2992
22	26	-1432
22	27	-848
22	28	-1928
22	29	-368
23	24	-128
23	25	-1072
23	26	-488
23	27	-832
23	28	-3352
23	29	2288
24	25	952
24	26	608
24	27	712
24	28	-368
24	29	-2408
25	26	592
25	27	-1912
25	28	-832
25	29	-2392
26	27	352
26	28	-728
26	29	4432
27	28	-4192
27	29	1448
28	29	-1072
