0	1	-276
0	2	-2196
0	3	-1716
0	4	3156
0	5	-2244
0	6	1716
0	7	2004
0	8	-324
0	9	324
0	10	-1284
0	11	-2844
0	12	4884
0	13	1716
0	14	4044
0	15	4596
0	16	4956
0	17	3156
0	18	2916
0	19	-2676
0	20	2004
0	21	3804
0	22	-324
0	23	-3444
0	24	-1116
0	25	1356
0	26	636
0	27	-876
0	28	156
0	29	1716
1	2	-2676
1	3	1404
1	4	36
1	5	-1764
1	6	2196
1	7	-2076
1	8	3756
1	9	-3756
1	10	2796
1	11	-5964
1	12	4404
1	13	2196
1	14	-36
1	15	-2124
1	16	-1764
1	17	36
1	18	-204
1	19	444
1	20	1524
1	21	-276
1	22	156
1	23	4236
1	24	-1596
1	25	1836
1	26	1116
1	27	2244
1	28	636
1	29	2196
2	3	3084
2	4	1956
2	5	3756
2	6	516
2	7	-396
2	8	-1524
2	9	-2076
2	10	-2484
2	11	3156
2	12	-4716
2	13	-3084
2	14	-1956
2	15	-204
2	16	-3444
2	17	-1644
2	18	-1884
2	19	2124
2	20	-396
2	21	1404
2	22	-1524
2	23	-1044
2	24	-3516
2	25	156
2	26	3036
2	27	324
2	28	-1044
2	29	516
3	4	1476
3	5	-324
3	6	36
3	7	-3516
3	8	-2004
3	9	-1596
3	10	636
3	11	2676
3	12	-4236
3	13	36
3	14	-1476
3	15	-684
3	16	-3924
3	17	1476
3	18	-2364
3	19	-996
3	20	-3516
3	21	1884
3	22	-2004
3	23	2076
3	24	-3036
3	25	-324
3	26	2556
3	27	804
3	28	-5124
3	29	36
4	5	2484
4	6	2124
4	7	-2244
4	8	-3036
4	9	-564
4	10	1524
4	11	-516
4	12	2076
4	13	-1476
4	14	-684
4	15	2844
4	16	-1116
4	17	684
4	18	-2676
4	19	2436
4	20	-2244
4	21	3156
4	22	-3036
4	23	-3516
4	24	-6324
4	25	2484
4	26	-396
4	27	4236
4	28	84
4	29	2124
5	6	3924
5	7	3156
5	8	-1236
5	9	-2364
5	10	-276
5	11	1284
5	12	276
5	13	324
5	14	1116
5	15	1044
5	16	-2916
5	17	-4716
5	18	-876
5	19	7836
5	20	-444
5	21	1356
5	22	2364
5	23	-1716
5	24	-924
5	25	684
5	26	-2196
5	27	2436
5	28	1884
5	29	3924
6	7	3516
6	8	-1596
6	9	-5604
6	10	-636
6	11	-2676
6	12	4236
6	13	3564
6	14	5076
6	15	684
6	16	324
6	17	-1476
6	18	-1236
6	19	4596
6	20	-84
6	21	5316
6	22	2004
6	23	1524
6	24	-564
6	25	324
6	26	-2556
6	27	-804
6	28	1524
6	29	7164
7	8	1476
7	9	-1476
7	10	-3084
7	11	-1044
7	12	3084
7	13	3516
7	14	5844
7	15	2796
7	16	3156
7	17	-2244
7	18	4716
7	19	2724
7	20	3804
7	21	2004
7	22	5076
7	23	-1644
7	24	4284
7	25	-444
7	26	-1164
7	27	-2676
7	28	1956
7	29	3516
8	9	-444
8	10	-2196
8	11	-4236
8	12	2196
8	13	2004
8	14	-564
8	15	-876
8	16	-1236
8	17	-3036
8	18	4404
8	19	-1044
8	20	5076
8	21	-3924
8	22	4044
8	23	-36
8	24	996
8	25	2364
8	26	3084
8	27	756
8	28	-36
8	29	-1596
9	10	2196
9	11	4236
9	12	-2196
9	13	-2004
9	14	-3036
9	15	876
9	16	1236
9	17	3036
9	18	2796
9	19	-2556
9	20	-1476
9	21	-3276
9	22	-444
9	23	-3564
9	24	2604
9	25	-2364
9	26	516
9	27	2844
9	28	36
9	29	-5604
10	11	324
10	12	1236
10	13	-636
10	14	-1524
10	15	84
10	16	-276
10	17	1524
10	18	-1836
10	19	1596
10	20	-3084
10	21	-1284
10	22	-2196
10	23	924
10	24	36
10	25	-276
10	26	-3156
10	27	3396
10	28	924
10	29	-636
11	12	-7524
11	13	-2676
11	14	-3084
11	15	-1956
11	16	-2316
11	17	3084
11	18	-276
11	19	36
11	20	-4644
11	21	756
11	22	-636
11	23	-1116
11	24	2076
11	25	-5916
11	26	2004
11	27	1836
11	28	-1116
11	29	-2676
12	13	4236
12	14	5124
12	15	3516
12	16	3876
12	17	-1524
12	18	1836
12	19	2004
12	20	3084
12	21	1284
12	22	2196
12	23	-924
12	24	-36
12	25	3876
12	26	-4044
12	27	204
12	28	2676
12	29	4236
13	14	5076
13	15	684
13	16	324
13	17	-1476
13	18	2364
13	19	996
13	20	-84
13	21	1716
13	22	5604
13	23	1524
13	24	3036
13	25	324
13	26	-2556
13	27	-804
13	28	-2076
13	29	3564
14	15	4356
14	16	4716
14	17	-684
14	18	2676
14	19	1164
14	20	2244
14	21	4044
14	22	3036
14	23	-84
14	24	2724
14	25	1116
14	26	-3204
14	27	-4236
14	28	-84
14	29	5076
15	16	4644
15	17	-756
15	18	3084
15	19	276
15	20	2796
15	21	996
15	22	-876
15	23	-4956
15	24	-1284
15	25	4644
15	26	-1836
15	27	-1524
15	28	-1356
15	29	684
16	17	2484
16	18	2724
16	19	-2964
16	20	3156
16	21	1356
16	22	-1236
16	23	-1716
16	24	2676
16	25	684
16	26	-2196
16	27	-4764
16	28	1884
16	29	324
17	18	924
17	19	-4764
17	20	-2244
17	21	3156
17	22	-3036
17	23	84
17	24	876
17	25	-4716
17	26	3204
17	27	636
17	28	84
17	29	-1476
18	19	-1404
18	20	4716
18	21	-684
18	22	4404
18	23	-3276
18	24	4236
18	25	-876
18	26	3444
18	27	396
18	28	324
18	29	-1236
19	20	-876
19	21	924
19	22	2556
19	23	-564
19	24	-396
19	25	636
19	26	-3684
19	27	3444
19	28	3036
19	29	4596
20	21	-1596
20	22	1476
20	23	-1644
20	24	684
20	25	3156
20	26	2436
20	27	-2676
20	28	1956
20	29	-84
21	22	-324
21	23	156
21	24	-1116
21	25	-2244
21	26	636
21	27	-876
21	28	156
21	29	5316
22	23	-36
22	24	4596
22	25	-1236
22	26	-516
22	27	756
22	28	-36
22	29	2004
23	24	1476
23	25	-1716
23	26	-996
23	27	-2364
23	28	-516
23	29	1524
24	25	-4524
24	26	-1644
24	27	-2196
24	28	1476
24	29	-564
25	26	-2196
25	27	-1164
25	28	-1716
25	29	324
26	27	1716
26	28	-996
26	29	-2556
27	28	1236
27	29	-804
28	29	1524
