0	1	324
0	2	-60
0	3	444
0	4	60
0	5	-252
0	6	-60
0	7	-444
0	8	-324
0	9	444
0	10	252
0	11	-324
0	12	324
0	13	-132
0	14	-324
0	15	60
1	2	-60
1	3	444
1	4	60
1	5	-252
1	6	-60
1	7	-444
1	8	-324
1	9	444
1	10	252
1	11	-324
1	12	324
1	13	-132
1	14	-324
1	15	60
2	3	-196
2	4	444
2	5	-636
2	6	-444
2	7	196
2	8	60
2	9	-196
2	10	-388
2	11	60
2	12	-60
2	13	252
2	14	60
2	15	-580
3	4	196
3	5	-4
3	6	-196
3	7	-836
3	8	-444
3	9	836
3	10	4
3	11	-444
3	12	444
3	13	-636
3	14	-444
3	15	196
4	5	-388
4	6	-580
4	7	-196
4	8	-60
4	9	196
4	10	-636
4	11	-60
4	12	60
4	13	-252
4	14	-60
4	15	-444
5	6	388
5	7	4
5	8	252
5	9	-4
5	10	-196
5	11	252
5	12	-252
5	13	-580
5	14	252
5	15	636
6	7	196
6	8	60
6	9	-196
6	10	636
6	11	60
6	12	-60
6	13	252
6	14	60
6	15	444
7	8	444
7	9	-836
7	10	-4
7	11	444
7	12	-444
7	13	636
7	14	444
7	15	-196
8	9	-444
8	10	-252
8	11	324
8	12	-324
8	13	132
8	14	324
8	15	-60
9	10	4
9	11	-444
9	12	444
9	13	-636
9	14	-444
9	15	196
10	11	-252
10	12	252
10	13	580
10	14	-252
10	15	388
11	12	-324
11	13	132
11	14	324
11	15	-60
12	13	-132
12	14	-324
12	15	60
13	14	132
13	15	-252
14	15	-60
