0	1	240
0	2	480
0	3	-96
0	4	336
0	5	-1248
0	6	-336
0	7	96
0	8	336
0	9	-816
0	10	480
0	11	-48
0	12	-672
0	13	240
0	14	480
0	15	-672
0	16	48
0	17	480
1	2	-480
1	3	96
1	4	-336
1	5	-48
1	6	336
1	7	-96
1	8	-336
1	9	-480
1	10	816
1	11	48
1	12	672
1	13	-240
1	14	-480
1	15	672
1	16	1248
1	17	-480
2	3	-672
2	4	-240
2	5	-528
2	6	240
2	7	-624
2	8	-240
2	9	-96
2	10	-96
2	11	-768
2	12	-1248
2	13	816
2	14	1200
2	15	-1248
2	16	-528
2	17	1200
3	4	480
3	5	192
3	6	-480
3	7	1248
3	8	480
3	9	-672
3	10	-672
3	11	-192
3	12	768
3	13	96
3	14	-672
3	15	768
3	16	192
3	17	-672
4	5	-672
4	6	-912
4	7	816
4	8	912
4	9	-240
4	10	-240
4	11	672
4	12	-96
4	13	-336
4	14	-240
4	15	-96
4	16	-672
4	17	-240
5	6	672
5	7	-192
5	8	-672
5	9	768
5	10	-528
5	11	-336
5	12	912
5	13	-48
5	14	-528
5	15	912
5	16	336
5	17	-528
6	7	-816
6	8	-912
6	9	240
6	10	240
6	11	-672
6	12	96
6	13	336
6	14	240
6	15	96
6	16	672
6	17	240
7	8	816
7	9	-624
7	10	-624
7	11	192
7	12	528
7	13	-96
7	14	-624
7	15	528
7	16	-192
7	17	-624
8	9	-240
8	10	-240
8	11	672
8	12	-96
8	13	-336
8	14	-240
8	15	-96
8	16	-672
8	17	-240
9	10	-96
9	11	528
9	12	48
9	13	-480
9	14	-96
9	15	48
9	16	-528
9	17	-96
10	11	528
10	12	48
10	13	-480
10	14	-96
10	15	48
10	16	768
10	17	-96
11	12	384
11	13	-1248
11	14	-768
11	15	384
11	16	-336
11	17	-768
12	13	-624
12	14	-1248
12	15	1488
12	16	912
12	17	-1248
13	14	816
13	15	-624
13	16	-48
13	17	816
14	15	-1248
14	16	-528
14	17	1200
15	16	912
15	17	-1248
16	17	-528
