0	1	-708
0	2	60
0	3	516
0	4	564
0	5	564
0	6	-852
0	7	-84
0	8	-228
0	9	-228
0	10	228
0	11	660
0	12	12
0	13	-492
0	14	-516
0	15	444
0	16	-804
0	17	-804
1	2	516
1	3	204
1	4	12
1	5	12
1	6	276
1	7	-636
1	8	804
1	9	804
1	10	-804
1	11	-1236
1	12	708
1	13	-84
1	14	-204
1	15	276
1	16	84
1	17	84
2	3	-852
2	4	-660
2	5	-660
2	6	-924
2	7	-12
2	8	-156
2	9	-156
2	10	156
2	11	-708
2	12	1236
2	13	-564
2	14	852
2	15	372
2	16	-732
2	17	-732
3	4	1236
3	5	1236
3	6	348
3	7	-708
3	8	732
3	9	732
3	10	-732
3	11	132
3	12	-516
3	13	-12
3	14	-1572
3	15	348
3	16	12
3	17	12
4	5	1140
4	6	-132
4	7	-804
4	8	348
4	9	348
4	10	-348
4	11	84
4	12	-564
4	13	228
4	14	-1236
4	15	-132
4	16	-228
4	17	-228
5	6	-132
5	7	-804
5	8	348
5	9	348
5	10	-348
5	11	84
5	12	-564
5	13	228
5	14	-1236
5	15	-132
5	16	-228
5	17	-228
6	7	516
6	8	660
6	9	660
6	10	-660
6	11	204
6	12	-444
6	13	60
6	14	-348
6	15	420
6	16	1236
6	17	1236
7	8	-300
7	9	-300
7	10	300
7	11	732
7	12	84
7	13	-420
7	14	708
7	15	516
7	16	420
7	17	420
8	9	852
8	10	-852
8	11	-420
8	12	228
8	13	-276
8	14	-732
8	15	660
8	16	276
8	17	276
9	10	-852
9	11	-420
9	12	228
9	13	-276
9	14	-732
9	15	660
9	16	276
9	17	276
10	11	420
10	12	-228
10	13	276
10	14	732
10	15	-660
10	16	-276
10	17	-276
11	12	-660
11	13	-156
11	14	-132
11	15	204
11	16	156
11	17	156
12	13	-804
12	14	516
12	15	852
12	16	-492
12	17	-492
13	14	12
13	15	-1236
13	16	300
13	17	300
14	15	-348
14	16	-12
14	17	-12
15	16	-60
15	17	-60
16	17	996
