0	1	-656
0	2	80
0	3	-368
0	4	-208
0	5	-208
0	6	-208
0	7	-136
0	8	208
0	9	-872
0	10	-368
0	11	296
0	12	-152
0	13	-712
0	14	208
0	15	-136
0	16	-424
0	17	-368
1	2	152
1	3	856
1	4	-136
1	5	-136
1	6	1160
1	7	-64
1	8	-1160
1	9	352
1	10	-440
1	11	368
1	12	1072
1	13	656
1	14	136
1	15	-64
1	16	-352
1	17	-440
2	3	1160
2	4	-584
2	5	-584
2	6	712
2	7	-656
2	8	-712
2	9	368
2	10	-136
2	11	208
2	12	-352
2	13	-80
2	14	584
2	15	-656
2	16	928
2	17	-136
3	4	-424
3	5	-424
3	6	872
3	7	-352
3	8	-872
3	9	640
3	10	-152
3	11	80
3	12	64
3	13	368
3	14	424
3	15	-352
3	16	656
3	17	-152
4	5	1000
4	6	-296
4	7	-368
4	8	296
4	9	80
4	10	872
4	11	496
4	12	656
4	13	208
4	14	-1000
4	15	-368
4	16	-80
4	17	872
5	6	-296
5	7	-368
5	8	296
5	9	80
5	10	872
5	11	496
5	12	656
5	13	208
5	14	-1000
5	15	-368
5	16	-80
5	17	872
6	7	-368
6	8	-1000
6	9	80
6	10	-424
6	11	496
6	12	656
6	13	208
6	14	296
6	15	-368
6	16	-80
6	17	-424
7	8	368
7	9	152
7	10	-352
7	11	-872
7	12	-568
7	13	136
7	14	368
7	15	856
7	16	-152
7	17	-352
8	9	-80
8	10	424
8	11	-496
8	12	-656
8	13	-208
8	14	-296
8	15	368
8	16	80
8	17	424
9	10	640
9	11	-712
9	12	-440
9	13	872
9	14	-80
9	15	152
9	16	1160
9	17	640
10	11	80
10	12	64
10	13	368
10	14	-872
10	15	-352
10	16	656
10	17	1144
11	12	1160
11	13	-296
11	14	-496
11	15	-872
11	16	-584
11	17	80
12	13	152
12	14	-656
12	15	-568
12	16	-856
12	17	64
13	14	-208
13	15	136
13	16	424
13	17	368
14	15	368
14	16	80
14	17	-872
15	16	-152
15	17	-352
16	17	656
