0	1	6.8967014e-02
0	2	-6.8249653e-02
0	3	1.4924444e-01
0	4	1.4102206e-02
0	5	1.0003918e-01
0	6	1.5738604e-01
0	7	6.8405810e-02
0	8	-1.9745178e-02
0	9	-9.4927333e-02
0	10	7.4545086e-02
0	11	9.8269250e-02
0	12	-6.1396213e-02
0	13	8.0331227e-02
0	14	2.2586689e-01
0	15	-4.0480546e-02
0	16	-1.9680676e-01
0	17	-8.1892102e-02
0	18	-1.2812354e-02
0	19	-3.6271491e-02
0	20	1.7277979e-01
0	21	-1.9140556e-01
0	22	2.3536164e-01
0	23	-9.7817077e-02
0	24	1.1896951e-02
1	2	2.5583854e-01
1	3	6.2400525e-02
1	4	9.5955626e-02
1	5	6.3249379e-02
1	6	1.4281716e-01
1	7	3.5959056e-02
1	8	-9.6849488e-02
1	9	1.3267057e-01
1	10	5.4071604e-02
1	11	-1.7614704e-01
1	12	-9.8780566e-02
1	13	9.4927278e-02
1	14	3.2217604e-03
1	15	-4.3143812e-02
1	16	-9.8182099e-03
1	17	-1.1740229e-01
1	18	7.4665216e-02
1	19	-1.6094445e-02
1	20	2.9284312e-02
1	21	-1.5597323e-01
1	22	6.2633257e-02
1	23	4.6408111e-02
1	24	1.7562129e-02
2	3	2.4329185e-03
2	4	6.7280145e-02
2	5	7.0559696e-02
2	6	1.2152315e-01
2	7	8.5874280e-02
2	8	-7.4175099e-02
2	9	1.8313018e-01
2	10	4.2311509e-03
2	11	-3.4277199e-01
2	12	-7.2070970e-02
2	13	-2.2749376e-02
2	14	-4.7227246e-02
2	15	1.1154349e-01
2	16	1.2437249e-01
2	17	-3.1001498e-02
2	18	1.7802313e-02
2	19	-2.4772308e-02
2	20	-1.1415570e-01
2	21	-1.6614887e-01
2	22	-2.7816201e-01
2	23	1.0880361e-01
2	24	8.8680246e-02
3	4	-6.0287288e-02
3	5	1.1070372e-01
3	6	1.1349605e-01
3	7	1.0158061e-02
3	8	-6.6750530e-02
3	9	1.7234554e-02
3	10	4.8146211e-03
3	11	6.0720728e-02
3	12	-1.2450988e-01
3	13	8.8527409e-02
3	14	1.5178766e-01
3	15	8.0960355e-03
3	16	-1.8683926e-01
3	17	-7.0158241e-02
3	18	8.2100840e-02
3	19	-9.6960660e-02
3	20	1.8842593e-01
3	21	-2.2370406e-01
3	22	2.1658809e-01
3	23	-9.1926038e-02
3	24	1.0689709e-01
4	5	-1.6576255e-01
4	6	1.1800960e-01
4	7	1.7996316e-02
4	8	1.0793523e-01
4	9	-3.2761682e-02
4	10	3.7605182e-02
4	11	-3.3805217e-02
4	12	9.5803692e-02
4	13	1.2315226e-01
4	14	-3.0197801e-01
4	15	-1.7298816e-01
4	16	1.7122931e-01
4	17	-1.3772737e-01
4	18	4.2412554e-02
4	19	-8.3481792e-03
4	20	1.6137045e-02
4	21	1.5196560e-01
4	22	-1.1141500e-01
4	23	9.8111885e-02
4	24	-3.3419359e-02
5	6	9.8831735e-02
5	7	4.1489857e-02
5	8	-9.9602080e-02
5	9	5.0350852e-02
5	10	2.0278949e-02
5	11	-1.0550112e-01
5	12	-8.2689670e-02
5	13	-9.4480282e-03
5	14	2.1644118e-01
5	15	1.7211414e-01
5	16	-1.8755916e-01
5	17	4.8387706e-02
5	18	-2.3702291e-02
5	19	6.9962460e-02
5	20	-1.0770869e-02
5	21	-1.6349133e-01
5	22	1.2273443e-01
5	23	-9.0585422e-02
5	24	1.1807867e-02
6	7	6.0577161e-02
6	8	9.3698247e-02
6	9	-1.0078980e-01
6	10	-8.6064645e-02
6	11	-1.4643984e-01
6	12	-1.6116906e-02
6	13	8.2100822e-02
6	14	-1.3187136e-01
6	15	5.6545619e-02
6	16	-1.7982021e-01
6	17	-2.1035244e-01
6	18	1.7225721e-01
6	19	-2.4137860e-01
6	20	1.5110091e-01
6	21	-8.6848916e-02
6	22	3.1480303e-02
6	23	-1.4807051e-01
6	24	8.3257896e-02
7	8	7.3590973e-02
7	9	-1.1916915e-01
7	10	8.8664099e-02
7	11	-3.3157011e-02
7	12	9.6832342e-02
7	13	-6.4665568e-02
7	14	1.2326449e-01
7	15	9.5657901e-02
7	16	-4.4822672e-03
7	17	7.9238330e-02
7	18	-1.0317834e-01
7	19	4.0466994e-02
7	20	-1.8016411e-02
7	21	-6.4297059e-02
7	22	-8.3048365e-02
7	23	1.2483253e-02
7	24	1.4157055e-02
8	9	-2.8433027e-01
8	10	-1.2145185e-01
8	11	3.9488264e-02
8	12	3.1316602e-01
8	13	-1.3484596e-01
8	14	-5.4011098e-02
8	15	1.4529173e-01
8	16	3.3272214e-02
8	17	8.5150337e-02
8	18	-1.2253252e-01
8	19	-2.9398479e-02
8	20	-5.4934039e-02
8	21	2.1955064e-01
8	22	-2.7757403e-01
8	23	-3.7621350e-02
8	24	1.2112897e-02
9	10	1.7033973e-02
9	11	-1.8473771e-01
9	12	-2.3438809e-01
9	13	1.5095190e-01
9	14	-8.9567970e-02
9	15	-1.3680748e-01
9	16	6.2521200e-02
9	17	-5.9675469e-02
9	18	1.5927245e-01
9	19	6.4335450e-02
9	20	-5.6039522e-03
9	21	-1.5168557e-01
9	22	1.5877884e-01
9	23	1.1054461e-01
9	24	5.8965987e-03
10	11	1.8082973e-02
10	12	-4.2890175e-02
10	13	4.6153018e-02
10	14	1.0221377e-01
10	15	-5.0845040e-02
10	16	2.0492160e-02
10	17	-7.8627176e-03
10	18	-1.0734422e-04
10	19	9.2958526e-02
10	20	1.1795799e-02
10	21	-7.9969165e-02
10	22	2.0484413e-01
10	23	9.6230699e-02
10	24	-3.8080045e-02
11	12	-4.5015534e-02
11	13	3.9646932e-02
11	14	7.6796603e-02
11	15	-1.1904872e-01
11	16	-6.9171692e-02
11	17	-1.8252192e-04
11	18	-1.7711752e-02
11	19	-1.2116510e-01
11	20	2.3493057e-01
11	21	-2.2482152e-02
11	22	1.2501938e-01
11	23	-9.6937827e-02
11	24	9.6833636e-02
12	13	-1.6609012e-01
12	14	-6.8621901e-03
12	15	1.5217466e-01
12	16	1.0448229e-01
12	17	1.9090067e-01
12	18	-2.1011285e-01
12	19	1.4841419e-01
12	20	-1.7619477e-01
12	21	2.5548131e-01
12	22	-2.8885369e-01
12	23	4.4686103e-02
12	24	-8.1872147e-02
13	14	-1.4328497e-01
13	15	-2.1125036e-01
13	16	-2.8932883e-02
13	17	-1.4673577e-01
13	18	1.9344436e-01
13	19	-6.8539387e-02
13	20	2.1568063e-01
13	21	-1.4434957e-01
13	22	2.4426259e-01
13	23	1.3393265e-02
13	24	7.6009848e-02
14	15	1.5285925e-01
14	16	-2.7333199e-01
14	17	1.5353973e-01
14	18	-2.5087361e-01
14	19	1.5150921e-01
14	20	5.2555593e-03
14	21	-3.0694048e-01
14	22	2.6214419e-01
14	23	-7.4669762e-02
14	24	-6.1619050e-02
15	16	-1.2908622e-01
15	17	1.2995697e-01
15	18	-8.3264149e-02
15	19	2.4682414e-02
15	20	-1.7413226e-01
15	21	1.0403581e-01
15	22	-1.4855860e-01
15	23	-8.9224436e-02
15	24	6.2303843e-02
16	17	1.1811823e-01
16	18	-1.1344139e-01
16	19	1.4201544e-01
16	20	-1.7349165e-01
16	21	1.6802796e-01
16	22	-3.8268788e-01
16	23	1.8844068e-01
16	24	-6.8128928e-02
17	18	-3.0374813e-01
17	19	2.8475754e-01
17	20	-1.3539191e-01
17	21	-2.9945354e-02
17	22	-3.1726707e-01
17	23	4.8474179e-02
17	24	-1.1921351e-02
18	19	-3.2582365e-01
18	20	2.4335907e-01
18	21	-8.2439504e-02
18	22	3.6453088e-01
18	23	-2.3729131e-02
18	24	1.7686874e-01
19	20	-2.8715743e-01
19	21	1.0218624e-01
19	22	-1.4799933e-01
19	23	1.1981072e-01
19	24	-2.3482591e-01
20	21	-3.3375149e-01
20	22	3.2241021e-01
20	23	-9.2301760e-02
20	24	2.5668002e-01
21	22	-2.5152666e-01
21	23	3.1490136e-02
21	24	-2.1384683e-01
22	23	-6.2326415e-02
22	24	2.3751848e-02
23	24	-4.8595723e-02
