0	1	-1.0935105e-02
0	2	-8.4445035e-02
0	3	-1.5808966e-01
0	4	-8.8416706e-03
0	5	-9.7893272e-02
0	6	1.0546553e-01
0	7	6.9615413e-02
0	8	7.1090002e-02
0	9	-3.3278738e-03
0	10	-8.3187929e-02
0	11	1.0595310e-01
0	12	8.7772727e-02
0	13	-9.8638039e-02
0	14	-9.0678795e-02
0	15	-2.7812718e-02
0	16	9.8337261e-03
0	17	2.9717343e-04
0	18	3.5274292e-02
0	19	-1.9166370e-02
0	20	-6.0217783e-02
0	21	-9.8342080e-02
0	22	1.7601413e-01
0	23	-8.6859913e-02
0	24	9.3626246e-02
1	2	3.0732807e-01
1	3	2.6333039e-02
1	4	-2.8155122e-01
1	5	4.9798626e-02
1	6	1.9708468e-03
1	7	-3.8923082e-02
1	8	2.5214917e-03
1	9	1.1870957e-01
1	10	3.9247617e-02
1	11	-6.5412093e-02
1	12	-7.0269339e-03
1	13	2.1007341e-01
1	14	-1.9545553e-01
1	15	-1.5235202e-02
1	16	2.9097625e-01
1	17	1.1769390e-01
1	18	8.3433573e-02
1	19	1.0059067e-01
1	20	-4.1386797e-01
1	21	-8.6679787e-02
1	22	1.1010422e-02
1	23	1.6045394e-02
1	24	-1.0128030e-01
2	3	-2.6422511e-03
2	4	-1.5123156e-01
2	5	1.4658500e-01
2	6	-4.4932293e-02
2	7	3.4339008e-02
2	8	-2.2800482e-02
2	9	-6.2051568e-03
2	10	-5.0182333e-02
2	11	-1.7542891e-01
2	12	-4.5990859e-02
2	13	-8.1773662e-03
2	14	-7.1575379e-02
2	15	-6.4757680e-03
2	16	1.1575010e-02
2	17	1.0479038e-01
2	18	-1.5951041e-01
2	19	2.5401239e-01
2	20	-2.3867543e-01
2	21	-2.2060683e-02
2	22	-1.1871775e-01
2	23	-1.2426514e-01
2	24	-3.6242674e-02
3	4	-2.0991392e-02
3	5	1.9449620e-01
3	6	-3.3548602e-02
3	7	3.1041956e-02
3	8	1.0212216e-01
3	9	1.1715162e-01
3	10	2.3298774e-02
3	11	7.0929983e-02
3	12	-1.0388805e-01
3	13	4.3651715e-01
3	14	1.7518316e-01
3	15	-7.8018015e-02
3	16	3.2564768e-02
3	17	2.6490419e-02
3	18	-3.4584821e-02
3	19	-6.5635464e-02
3	20	5.4600639e-02
3	21	1.5246447e-01
3	22	-4.4068308e-02
3	23	3.3028121e-01
3	24	-2.7098503e-01
4	5	-1.1153449e-01
4	6	7.7122450e-02
4	7	3.3713356e-02
4	8	4.8097793e-02
4	9	1.2833515e-02
4	10	3.1084190e-02
4	11	1.6499068e-01
4	12	7.8674146e-02
4	13	-2.8303000e-02
4	14	3.8345433e-02
4	15	-1.4604817e-01
4	16	-1.4410669e-01
4	17	-2.1581346e-01
4	18	-3.0079539e-02
4	19	3.2449358e-02
4	20	3.8430354e-01
4	21	9.4186881e-02
4	22	-5.2370760e-02
4	23	-1.3590714e-01
4	24	1.8297901e-01
5	6	-2.0290043e-02
5	7	6.8924373e-02
5	8	-3.8455408e-02
5	9	-9.4935464e-03
5	10	-9.6239825e-02
5	11	-7.3367556e-02
5	12	1.0087608e-01
5	13	2.2833878e-01
5	14	1.3120503e-01
5	15	-1.5720931e-01
5	16	-1.0983429e-01
5	17	1.0171653e-01
5	18	-3.8584272e-02
5	19	-9.6720303e-02
5	20	-9.9466370e-02
5	21	2.1363262e-01
5	22	1.1963932e-01
5	23	7.1766706e-02
5	24	-1.9580225e-01
6	7	1.3476925e-01
6	8	3.4149273e-02
6	9	2.5667080e-01
6	10	-9.8876716e-02
6	11	1.5899439e-01
6	12	2.9555781e-01
6	13	-1.3440747e-01
6	14	-1.4117290e-01
6	15	-1.5732162e-01
6	16	3.9917617e-02
6	17	-5.8534142e-02
6	18	-1.3153021e-01
6	19	4.1042901e-02
6	20	2.4065286e-02
6	21	5.3000461e-02
6	22	1.7103895e-01
6	23	-3.9720083e-02
6	24	-3.8915509e-02
7	8	1.5513178e-01
7	9	2.4315394e-02
7	10	-1.2054293e-01
7	11	9.6528988e-02
7	12	7.5429986e-02
7	13	4.3588283e-02
7	14	-7.5057774e-03
7	15	-2.1829349e-01
7	16	-9.5647833e-02
7	17	-1.7065352e-02
7	18	-1.3950148e-01
7	19	1.9107088e-01
7	20	-8.4458510e-03
7	21	3.9018012e-02
7	22	1.0869357e-01
7	23	-2.6121512e-02
7	24	5.1590020e-02
8	9	7.5253861e-03
8	10	-2.0269078e-01
8	11	3.0072246e-01
8	12	-4.5249914e-02
8	13	3.1687936e-01
8	14	-2.0103982e-02
8	15	-1.1982934e-01
8	16	-7.9681404e-02
8	17	7.0283881e-04
8	18	-4.6632040e-02
8	19	4.5248368e-02
8	20	5.5231311e-02
8	21	-6.8547200e-02
8	22	1.2286772e-01
8	23	-1.9101324e-02
8	24	-1.8863988e-02
9	10	-4.1985628e-02
9	11	1.4362800e-01
9	12	2.8206991e-01
9	13	-2.2659106e-02
9	14	-2.2047537e-01
9	15	-6.2869003e-02
9	16	1.6451608e-01
9	17	-4.1603582e-02
9	18	-1.5226141e-01
9	19	-8.2296237e-02
9	20	6.6116756e-02
9	21	5.1896879e-02
9	22	7.0872414e-02
9	23	9.2575957e-02
9	24	-2.4328682e-01
10	11	-2.4622253e-01
10	12	-1.2221474e-01
10	13	-8.9208877e-02
10	14	-4.4004639e-03
10	15	2.0666408e-02
10	16	1.8293443e-01
10	17	-1.2466340e-01
10	18	7.6642698e-02
10	19	-4.9370319e-02
10	20	7.2662091e-02
10	21	-5.5882684e-02
10	22	-1.4341094e-01
10	23	9.2432536e-02
10	24	1.6354977e-01
11	12	1.5285820e-01
11	13	2.8930497e-01
11	14	-3.3614198e-02
11	15	-1.2951227e-01
11	16	-8.5722856e-02
11	17	-5.6535553e-02
11	18	4.9951679e-02
11	19	-1.0362063e-01
11	20	1.8808310e-01
11	21	5.4046824e-02
11	22	1.8961871e-01
11	23	-1.4913538e-02
11	24	-9.4392556e-02
12	13	-2.1059048e-01
12	14	-2.3227418e-01
12	15	-1.6841493e-01
12	16	-1.7251760e-03
12	17	-7.4461647e-02
12	18	-1.0117332e-01
12	19	-4.4861888e-02
12	20	1.1556770e-01
12	21	1.4534998e-01
12	22	1.5499928e-01
12	23	-8.2317650e-02
12	24	-1.0079415e-01
13	14	2.3815258e-01
13	15	-1.3800445e-01
13	16	-1.6340408e-02
13	17	5.8493492e-02
13	18	1.8645308e-01
13	19	-1.0342562e-01
13	20	-1.2465180e-02
13	21	1.2191454e-01
13	22	5.9811184e-02
13	23	2.7257245e-01
13	24	-2.1528102e-01
14	15	1.4757934e-02
14	16	-1.9759717e-01
14	17	7.5825086e-02
14	18	1.6320538e-01
14	19	4.2152501e-02
14	20	-3.9060934e-02
14	21	2.1889150e-01
14	22	-7.0895517e-02
14	23	1.7392505e-01
14	24	-2.0568701e-02
15	16	9.1283357e-02
15	17	1.3465574e-01
15	18	7.2488336e-02
15	19	-1.8885288e-01
15	20	-1.3464859e-01
15	21	-1.7308889e-01
15	22	-8.2441051e-02
15	23	1.6069647e-02
15	24	-1.0610268e-01
16	17	4.7428893e-05
16	18	3.2142624e-02
16	19	-1.4931835e-01
16	20	-1.3989065e-01
16	21	-1.7967983e-01
16	22	3.9901525e-02
16	23	1.1148655e-01
16	24	-5.8158793e-02
17	18	2.5774804e-02
17	19	-6.2006346e-03
17	20	-2.7462653e-01
17	21	-1.1723840e-02
17	22	3.6237045e-02
17	23	7.3740394e-02
17	24	-1.7108832e-01
18	19	-1.7834903e-01
18	20	-7.0364617e-02
18	21	4.9843718e-02
18	22	4.4685483e-02
18	23	9.7897587e-02
18	24	4.0183443e-02
19	20	-1.0187840e-01
19	21	9.9141088e-02
19	22	-1.7934459e-01
19	23	-1.3326446e-01
19	24	1.7546491e-01
20	21	1.0627158e-01
20	22	-1.0264543e-01
20	23	-5.1246393e-02
20	24	9.7270092e-02
21	22	-7.7852313e-02
21	23	1.4853441e-01
21	24	-1.5132819e-01
22	23	-1.0221873e-02
22	24	-2.3837605e-02
23	24	-2.8585356e-01
