0	1	-736
0	2	1464
0	3	-2608
0	4	4256
0	5	-1552
0	6	1448
0	7	2088
0	8	720
0	9	3128
0	10	528
0	11	-320
0	12	-720
0	13	3440
0	14	-3128
0	15	720
0	16	3856
0	17	736
0	18	-1776
0	19	3632
0	20	-2592
0	21	2488
0	22	-840
0	23	1136
0	24	720
0	25	-320
1	2	-3632
1	3	-216
1	4	-1464
1	5	-1240
1	6	1136
1	7	-304
1	8	408
1	9	-1968
1	10	840
1	11	-632
1	12	2296
1	13	-1656
1	14	-736
1	15	408
1	16	1464
1	17	1048
1	18	616
1	19	-2088
1	20	424
1	21	-528
1	22	-1152
1	23	824
1	24	408
1	25	-3336
2	3	-1760
2	4	-512
2	5	3216
2	6	-3112
2	7	-424
2	8	320
2	9	1240
2	10	-1568
2	11	1360
2	12	-3024
2	13	928
2	14	1464
2	15	320
2	16	512
2	17	-1776
2	18	112
2	19	2816
2	20	-1152
2	21	1256
2	22	-824
2	23	-96
2	24	320
2	25	4064
3	4	-632
3	5	-2072
3	6	1968
3	7	-1136
3	8	-1464
3	9	-96
3	10	-2696
3	11	-2504
3	12	1464
3	13	-2488
3	14	96
3	15	-1464
3	16	-2072
3	17	216
3	18	-1256
3	19	-1256
3	20	2296
3	21	-2400
3	22	2384
3	23	-1048
3	24	-1464
3	25	-2504
4	5	-3528
4	6	3424
4	7	2816
4	8	-8
4	9	3856
4	10	1256
4	11	-1048
4	12	8
4	13	4168
4	14	-3856
4	15	-8
4	16	1880
4	17	1464
4	18	-2504
4	19	2904
4	20	-1864
4	21	1760
4	22	1136
4	23	408
4	24	-8
4	25	-1048
5	6	-3424
5	7	-2816
5	8	8
5	9	-1152
5	10	-1256
5	11	1048
5	12	-2712
5	13	-1464
5	14	3856
5	15	8
5	16	-1880
5	17	-4168
5	18	2504
5	19	-200
5	20	1864
5	21	944
5	22	-3840
5	23	-408
5	24	8
5	25	3752
6	7	2920
6	8	-2816
6	9	1256
6	10	-1344
6	11	-3856
6	12	2816
6	13	1568
6	14	-3960
6	15	-2816
6	16	-720
6	17	1568
6	18	-2608
6	19	96
6	20	-1760
6	21	1656
6	22	1032
6	23	3008
6	24	-112
6	25	-3856
7	8	-1760
7	9	616
7	10	512
7	11	-720
7	12	1760
7	13	3008
7	14	-3320
7	15	-1760
7	16	-112
7	17	3008
7	18	-1968
7	19	736
7	20	-4480
7	21	1880
7	22	2504
7	23	3232
7	24	944
7	25	-720
8	9	-720
8	10	2088
8	11	824
8	12	-1864
8	13	-408
8	14	720
8	15	1864
8	16	2712
8	17	-408
8	18	-632
8	19	2072
8	20	1672
8	21	-1776
8	22	304
8	23	-3128
8	24	-840
8	25	824
9	10	-528
9	11	320
9	12	-1984
9	13	1968
9	14	-2280
9	15	1984
9	16	1552
9	17	-736
9	18	-928
9	19	1776
9	20	-112
9	21	216
9	22	-1864
9	23	-1136
9	24	1984
9	25	320
10	11	3128
10	12	616
10	13	1864
10	14	528
10	15	2088
10	16	1448
10	17	1864
10	18	1880
10	19	-824
10	20	-216
10	21	320
10	22	944
10	23	-1032
10	24	-616
10	25	424
11	12	-824
11	13	632
11	14	2384
11	15	3528
11	16	1048
11	17	632
11	18	3736
11	19	-1672
11	20	8
11	21	-112
11	22	-736
11	23	-1464
11	24	824
11	25	2488
12	13	408
12	14	-720
12	15	-1864
12	16	-8
12	17	3112
12	18	632
12	19	-2072
12	20	-1672
12	21	1776
12	22	2400
12	23	3128
12	24	-1864
12	25	-3528
13	14	-1968
13	15	-408
13	16	1240
13	17	1656
13	18	-616
13	19	2088
13	20	-3128
13	21	3232
13	22	1152
13	23	1880
13	24	-408
13	25	632
14	15	720
14	16	-1552
14	17	-1968
14	18	3632
14	19	-1776
14	20	2816
14	21	-216
14	22	-840
14	23	-1568
14	24	-1984
14	25	2384
15	16	2712
15	17	-408
15	18	2072
15	19	-632
15	20	1672
15	21	-1776
15	22	-2400
15	23	-3128
15	24	1864
15	25	824
16	17	1240
16	18	-200
16	19	2504
16	20	-840
16	21	944
16	22	-1136
16	23	-408
16	24	8
16	25	-1656
17	18	-616
17	19	-616
17	20	-3128
17	21	528
17	22	3856
17	23	1880
17	24	-408
17	25	-2072
18	19	-3128
18	20	1464
18	21	1136
18	22	-2192
18	23	-216
18	24	-632
18	25	1032
19	20	-1240
19	21	1136
19	22	512
19	23	-216
19	24	-632
19	25	1032
20	21	-2800
20	22	-2176
20	23	-4152
20	24	-1032
20	25	8
21	22	-632
21	23	4048
21	24	-1776
21	25	-112
22	23	720
22	24	-2400
22	25	-736
23	24	-424
23	25	-1464
24	25	824
