0	1	324
0	2	84
0	3	-324
0	4	-36
0	5	204
0	6	204
0	7	156
0	8	84
0	9	-204
0	10	36
0	11	-324
1	2	300
1	3	-60
1	4	228
1	5	-12
1	6	564
1	7	36
1	8	300
1	9	12
1	10	-228
1	11	-60
2	3	-300
2	4	-12
2	5	-252
2	6	324
2	7	-204
2	8	-36
2	9	-324
2	10	-564
2	11	276
3	4	348
3	5	12
3	6	12
3	7	-36
3	8	276
3	9	564
3	10	228
3	11	60
4	5	300
4	6	300
4	7	-324
4	8	564
4	9	276
4	10	-60
4	11	-228
5	6	-36
5	7	-84
5	8	324
5	9	36
5	10	276
5	11	-564
6	7	-84
6	8	324
6	9	36
6	10	-300
6	11	12
7	8	-204
7	9	84
7	10	324
7	11	-36
8	9	252
8	10	12
8	11	-300
9	10	300
9	11	-12
10	11	-348
