0	1	120
0	2	504
0	3	312
0	4	216
0	5	-24
0	6	24
0	7	-216
0	8	120
0	9	120
0	10	-120
0	11	-312
1	2	-120
1	3	264
1	4	-312
1	5	-72
1	6	72
1	7	312
1	8	72
1	9	72
1	10	-168
1	11	-264
2	3	264
2	4	360
2	5	24
2	6	-24
2	7	-360
2	8	-120
2	9	-120
2	10	120
2	11	-264
3	4	168
3	5	-360
3	6	360
3	7	-168
3	8	72
3	9	72
3	10	312
3	11	-456
4	5	-168
4	6	168
4	7	-360
4	8	-24
4	9	-24
4	10	312
4	11	-168
5	6	-552
5	7	168
5	8	-168
5	9	-168
5	10	-504
5	11	360
6	7	-168
6	8	168
6	9	168
6	10	504
6	11	-360
7	8	24
7	9	24
7	10	-312
7	11	168
8	9	264
8	10	-72
8	11	-72
9	10	-72
9	11	-72
10	11	-312
