0	1	104
0	2	-104
0	3	104
0	4	-152
0	5	-40
0	6	-296
0	7	-136
0	8	136
0	9	136
0	10	248
0	11	136
1	2	-520
1	3	-56
1	4	104
1	5	88
1	6	248
1	7	-392
1	8	-184
1	9	392
1	10	376
1	11	392
2	3	56
2	4	-104
2	5	-88
2	6	-248
2	7	392
2	8	184
2	9	-392
2	10	-376
2	11	-392
3	4	104
3	5	88
3	6	248
3	7	184
3	8	392
3	9	-184
3	10	-200
3	11	-184
4	5	536
4	6	280
4	7	-136
4	8	136
4	9	136
4	10	248
4	11	136
5	6	104
5	7	-248
5	8	248
5	9	248
5	10	520
5	11	248
6	7	8
6	8	-8
6	9	-8
6	10	-184
6	11	-8
7	8	152
7	9	-424
7	10	-536
7	11	-424
8	9	-152
8	10	-40
8	11	-152
9	10	536
9	11	424
10	11	536
