0	1	172
0	2	404
0	3	556
0	4	-404
0	5	220
0	6	452
0	7	404
0	8	556
0	9	-164
0	10	-68
0	11	-164
1	2	212
1	3	172
1	4	-212
1	5	-164
1	6	260
1	7	212
1	8	172
1	9	28
1	10	124
1	11	28
2	3	404
2	4	-364
2	5	164
2	6	316
2	7	364
2	8	404
2	9	-28
2	10	-124
2	11	-28
3	4	-404
3	5	220
3	6	452
3	7	404
3	8	556
3	9	-164
3	10	-68
3	11	-164
4	5	-164
4	6	-316
4	7	-364
4	8	-404
4	9	28
4	10	124
4	11	28
5	6	212
5	7	164
5	8	220
5	9	76
5	10	-404
5	11	76
6	7	316
6	8	452
6	9	20
6	10	-76
6	11	20
7	8	404
7	9	-28
7	10	-124
7	11	-28
8	9	-164
8	10	-68
8	11	-164
9	10	-212
9	11	268
10	11	-212
