0	1	-36
0	2	204
0	3	-324
0	4	156
0	5	-324
0	6	-36
0	7	156
0	8	84
0	9	-204
0	10	-276
0	11	84
1	2	-276
1	3	348
1	4	-324
1	5	-228
1	6	60
1	7	-324
1	8	-12
1	9	276
1	10	396
1	11	-12
2	3	-564
2	4	-84
2	5	12
2	6	300
2	7	-84
2	8	324
2	9	-540
2	10	60
2	11	324
3	4	-36
3	5	60
3	6	-228
3	7	-36
3	8	-300
3	9	564
3	10	108
3	11	-300
4	5	-36
4	6	-324
4	7	444
4	8	-204
4	9	84
4	10	-564
4	11	-204
5	6	-228
5	7	-36
5	8	-300
5	9	-12
5	10	108
5	11	276
6	7	-324
6	8	564
6	9	-300
6	10	396
6	11	-12
7	8	-204
7	9	84
7	10	-564
7	11	-204
8	9	-324
8	10	228
8	11	-36
9	10	-60
9	11	-324
10	11	228
