0	1	-7648
0	2	144
0	3	4736
0	4	-1264
0	5	2944
0	6	2320
0	7	-3104
0	8	1872
0	9	-2608
0	10	-3440
0	11	-3728
0	12	2160
0	13	-2944
0	14	-1536
0	15	304
0	16	-2048
0	17	-1264
0	18	-256
0	19	-528
0	20	256
0	21	2832
0	22	4224
0	23	4112
0	24	-704
0	25	-3168
0	26	-1312
0	27	-4672
1	2	256
1	3	-1424
1	4	-1376
1	5	-3216
1	6	-928
1	7	3280
1	8	1760
1	9	3552
1	10	-192
1	11	-704
1	12	-864
1	13	3216
1	14	1712
1	15	3328
1	16	976
1	17	-1376
1	18	2768
1	19	2720
1	20	368
1	21	-192
1	22	-2160
1	23	-5408
1	24	-816
1	25	-144
1	26	1936
1	27	1712
2	3	5792
2	4	144
2	5	-1824
2	6	9104
2	7	1088
2	8	-2992
2	9	1488
2	10	-1712
2	11	2608
2	12	2096
2	13	4960
2	14	2656
2	15	1712
2	16	928
2	17	144
2	18	-864
2	19	-1488
2	20	-2272
2	21	1424
2	22	928
2	23	-2096
2	24	-416
2	25	-1088
2	26	-704
2	27	-480
3	4	-4672
3	5	-144
3	6	4288
3	7	-368
3	8	1600
3	9	-192
3	10	-3168
3	11	928
3	12	640
3	13	144
3	14	1200
3	15	32
3	16	2384
3	17	1600
3	18	-2544
3	19	-2944
3	20	-3728
3	21	6240
3	22	-752
3	23	-640
3	24	1040
3	25	368
3	26	-5296
3	27	-1936
4	5	-3328
4	6	-816
4	7	3168
4	8	-1264
4	9	528
4	10	2832
4	11	-592
4	12	5296
4	13	3328
4	14	-1536
4	15	3440
4	16	-5184
4	17	1872
4	18	-256
4	19	2608
4	20	3392
4	21	-304
4	22	7360
4	23	976
4	24	-704
4	25	-3168
4	26	4960
4	27	1600
5	6	-640
5	7	1424
5	8	2944
5	9	1152
5	10	-4512
5	11	5408
5	12	2432
5	13	1488
5	14	2992
5	15	-4896
5	16	592
5	17	2944
5	18	-1200
5	19	-1152
5	20	1200
5	21	1760
5	22	592
5	23	704
5	24	2384
5	25	4848
5	26	-368
5	27	-144
6	7	-416
6	8	-3952
6	9	4112
6	10	-3888
6	11	-144
6	12	1712
6	13	3776
6	14	1152
6	15	752
6	16	-1600
6	17	-816
6	18	192
6	19	2160
6	20	-3328
6	21	-752
6	22	1536
6	23	-1712
6	24	-3392
6	25	-2720
6	26	1376
6	27	-1984
7	8	3168
7	9	7648
7	10	4672
7	11	2496
7	12	2208
7	13	4848
7	14	-368
7	15	1600
7	16	816
7	17	32
7	18	-976
7	19	1760
7	20	976
7	21	1536
7	22	816
7	23	928
7	24	-528
7	25	-1200
7	26	2544
7	27	-3504
8	9	528
8	10	-304
8	11	-592
8	12	5296
8	13	192
8	14	4736
8	15	304
8	16	1088
8	17	-1264
8	18	2880
8	19	2608
8	20	6528
8	21	2832
8	22	4224
8	23	976
8	24	2432
8	25	3104
8	26	-4448
8	27	1600
9	10	1040
9	11	1200
9	12	368
9	13	5120
9	14	-192
9	15	-1040
9	16	-3392
9	17	528
9	18	1536
9	19	3952
9	20	-1536
9	21	1040
9	22	-256
9	23	-368
9	24	-5184
9	25	-1376
9	26	3168
9	27	-3328
10	11	-976
10	12	-3728
10	13	-1760
10	14	-3168
10	15	1264
10	16	3616
10	17	-3440
10	18	-1312
10	19	-1040
10	20	1312
10	21	-4400
10	22	-2656
10	23	3728
10	24	-864
10	25	-1536
10	26	-256
10	27	-3168
11	12	1488
11	13	4000
11	14	4064
11	15	-5296
11	16	1760
11	17	5680
11	18	-2720
11	19	-4336
11	20	-416
11	21	2160
11	22	-1376
11	23	-1488
11	24	3104
11	25	6912
11	26	-1984
11	27	4064
12	13	3840
12	14	3776
12	15	592
12	16	-3328
12	17	2160
12	18	1152
12	19	2768
12	20	5120
12	21	2544
12	22	9216
12	23	-80
12	24	1600
12	25	928
12	26	416
12	27	3776
13	14	6416
13	15	1760
13	16	-3728
13	17	3328
13	18	1200
13	19	1152
13	20	1936
13	21	4512
13	22	2544
13	23	-3840
13	24	-2384
13	25	1424
13	26	368
13	27	144
14	15	32
14	16	-752
14	17	1600
14	18	3728
14	19	192
14	20	5680
14	21	3104
14	22	2384
14	23	-3776
14	24	1040
14	25	6640
14	26	-5296
14	27	4336
15	16	-480
15	17	-2832
15	18	1312
15	19	4176
15	20	1824
15	21	1264
15	22	2656
15	23	-3728
15	24	864
15	25	-4736
15	26	3392
15	27	-3104
16	17	-2048
16	18	-4176
16	19	-2880
16	20	-2096
16	21	-2656
16	22	-5968
16	23	192
16	24	4784
16	25	2320
16	26	-3664
16	27	-752
17	18	-6528
17	19	-528
17	20	-2880
17	21	5968
17	22	1088
17	23	-5296
17	24	2432
17	25	6240
17	26	-1312
17	27	4736
18	19	1600
18	20	5520
18	21	-1312
18	22	2096
18	23	1984
18	24	-2832
18	25	-2160
18	26	816
18	27	592
19	20	1536
19	21	-1040
19	22	3392
19	23	-2768
19	24	-1088
19	25	-1760
19	26	3104
19	27	192
20	21	-1824
20	22	7312
20	23	1152
20	24	-304
20	25	2160
20	26	-816
20	27	2544
21	22	480
21	23	-2544
21	24	2272
21	25	1600
21	26	-3392
21	27	-32
22	23	192
22	24	-1488
22	25	-816
22	26	2608
22	27	2384
23	24	-1600
23	25	-4064
23	26	-416
23	27	-3776
24	25	3664
24	26	-1872
24	27	4176
25	26	-5680
25	27	6640
26	27	-2160
