0	1	-2604
0	2	1932
0	3	-2884
0	4	476
0	5	644
0	6	-700
0	7	-1036
0	8	2604
0	9	868
0	10	-476
0	11	4452
0	12	-1596
0	13	-84
0	14	-2996
0	15	-1372
0	16	476
0	17	5124
0	18	4060
0	19	-476
0	20	5740
0	21	-2492
0	22	-1540
0	23	252
0	24	-924
0	25	1652
0	26	-3276
0	27	-868
1	2	-1764
1	3	-308
1	4	3052
1	5	-1932
1	6	-140
1	7	-3612
1	8	-1092
1	9	1428
1	10	-3052
1	11	-4396
1	12	2100
1	13	2492
1	14	-420
1	15	-812
1	16	-3220
1	17	-6860
1	18	-2772
1	19	84
1	20	-1092
1	21	-1932
1	22	1036
1	23	-3444
1	24	2772
1	25	-924
1	26	420
1	27	-1428
2	3	-2156
2	4	-5516
2	5	-1876
2	6	2604
2	7	2940
2	8	1764
2	9	4172
2	10	-3892
2	11	3724
2	12	364
2	13	-1820
2	14	-5180
2	15	-2996
2	16	-2380
2	17	-84
2	18	9716
2	19	-756
2	20	1764
2	21	1260
2	22	-3500
2	23	980
2	24	-308
2	25	3388
2	26	-1092
2	27	2100
3	4	2436
3	5	5852
3	6	4060
3	7	4396
3	8	-2828
3	9	-644
3	10	700
3	11	-4228
3	12	1820
3	13	-140
3	14	-364
3	15	-1540
3	16	2436
3	17	1372
3	18	-1148
3	19	-2436
3	20	-2828
3	21	-420
3	22	1316
3	23	-476
3	24	4284
3	25	-4564
3	26	3500
3	27	3780
4	5	-196
4	6	1148
4	7	-4788
4	8	-3052
4	9	-420
4	10	924
4	11	-868
4	12	-4228
4	13	-3500
4	14	2548
4	15	-1316
4	16	-924
4	17	1596
4	18	-4508
4	19	924
4	20	-3052
4	21	-3332
4	22	1092
4	23	-700
4	24	1372
4	25	-4340
4	26	6860
4	27	420
5	6	-3164
5	7	5908
5	8	1932
5	9	1540
5	10	3332
5	11	-4284
5	12	2212
5	13	2380
5	14	-532
5	15	-3836
5	16	-196
5	17	2660
5	18	252
5	19	196
5	20	-1204
5	21	-1820
5	22	924
5	23	-420
5	24	6020
5	25	-3948
5	26	532
5	27	7868
6	7	1428
6	8	-6132
6	9	196
6	10	-1148
6	11	644
6	12	868
6	13	-2548
6	14	812
6	15	-2044
6	16	4284
6	17	1316
6	18	1596
6	19	-4284
6	20	3276
6	21	-28
6	22	-868
6	23	924
6	24	-1596
6	25	980
6	26	2324
6	27	-3332
7	8	476
7	9	2996
7	10	1652
7	11	-2828
7	12	3668
7	13	924
7	14	1148
7	15	-5516
7	16	1484
7	17	980
7	18	1932
7	19	-4620
7	20	476
7	21	2772
7	22	-532
7	23	1260
7	24	1204
7	25	644
7	26	-1148
7	27	3276
8	9	-1428
8	10	-3220
8	11	1260
8	12	4172
8	13	3780
8	14	-5852
8	15	812
8	16	-3052
8	17	588
8	18	2772
8	19	3052
8	20	1092
8	21	5068
8	22	2100
8	23	-2828
8	24	-2772
8	25	4060
8	26	-3556
8	27	1428
9	10	420
9	11	-924
9	12	-700
9	13	-980
9	14	2380
9	15	-6748
9	16	-3556
9	17	-252
9	18	3164
9	19	-2716
9	20	1708
9	21	-1596
9	22	700
9	23	-644
9	24	3108
9	25	-588
9	26	756
9	27	1372
10	11	-2268
10	12	-2044
10	13	364
10	14	3724
10	15	-1820
10	16	924
10	17	1540
10	18	-1764
10	19	2212
10	20	-84
10	21	-2940
10	22	-1092
10	23	6972
10	24	1764
10	25	-1932
10	26	-588
10	27	2716
11	12	-3388
11	13	-1428
11	14	-1204
11	15	-28
11	16	-868
11	17	3332
11	18	2716
11	19	-2268
11	20	1260
11	21	1988
11	22	-2884
11	23	-1092
11	24	-5852
11	25	2996
11	26	-1932
11	27	-2212
12	13	1484
12	14	-1428
12	15	-2940
12	16	2044
12	17	420
12	18	-644
12	19	1092
12	20	4172
12	21	2212
12	22	6300
12	23	-1316
12	24	-2492
12	25	84
12	26	-1708
12	27	-2436
13	14	-3164
13	15	1260
13	16	-3500
13	17	-5236
13	18	-812
13	19	-2772
13	20	644
13	21	2380
13	22	-1484
13	23	-3276
13	24	812
13	25	4508
13	26	-6244
13	27	980
14	15	-4788
14	16	2548
14	17	1260
14	18	-7308
14	19	-2548
14	20	420
14	21	-532
14	22	1428
14	23	-364
14	24	-2100
14	25	-1540
14	26	3388
14	27	-2380
15	16	1820
15	17	-2492
15	18	-868
15	19	4452
15	20	-2324
15	21	-700
15	22	-196
15	23	1596
15	24	868
15	25	308
15	26	-1484
15	27	-2660
16	17	4732
16	18	-1372
16	19	924
16	20	3220
16	21	-196
16	22	1092
16	23	2436
16	24	-1764
16	25	-1204
16	26	588
16	27	-2716
17	18	2044
17	19	1540
17	20	3724
17	21	-476
17	22	2716
17	23	1372
17	24	-2044
17	25	-2604
17	26	1876
17	27	252
18	19	1372
18	20	2772
18	21	252
18	22	-2492
18	23	1988
18	24	1820
18	25	2380
18	26	-2100
18	27	3108
19	20	-84
19	21	-2940
19	22	2044
19	23	3836
19	24	1764
19	25	-1932
19	26	2548
19	27	2716
20	21	-1204
20	22	2100
20	23	308
20	24	-2772
20	25	4060
20	26	-3556
20	27	-4844
21	22	924
21	23	-3556
21	24	-6524
21	25	5460
21	26	-2604
21	27	-1540
22	23	-1820
22	24	-644
22	25	-3220
22	26	1708
22	27	-3836
23	24	1148
23	25	-1428
23	26	364
23	27	644
24	25	-5516
24	26	2100
24	27	6300
25	26	-4732
25	27	-2548
26	27	2380
