0	1	-412
0	2	-300
0	3	-932
0	4	300
0	5	-412
0	6	-3436
0	7	4108
0	8	932
0	9	-300
0	10	1420
0	11	-484
0	12	-3732
0	13	932
0	14	4332
0	15	-188
0	16	2092
0	17	3324
0	18	-484
0	19	76
0	20	-4332
0	21	-3844
0	22	-2164
0	23	1980
0	24	860
0	25	-1420
0	26	372
0	27	-5188
1	2	-1532
1	3	3436
1	4	1532
1	5	-1644
1	6	4740
1	7	-932
1	8	2836
1	9	1604
1	10	-3620
1	11	748
1	12	636
1	13	-300
1	14	2428
1	15	-1420
1	16	-6084
1	17	1420
1	18	7020
1	19	1308
1	20	-2428
1	21	3660
1	22	2204
1	23	76
1	24	5228
1	25	484
1	26	2276
1	27	-3956
2	3	188
2	4	1420
2	5	1604
2	6	-1420
2	7	-1044
2	8	-188
2	9	-1420
2	10	2540
2	11	636
2	12	524
2	13	-188
2	14	2316
2	15	-1308
2	16	3212
2	17	1308
2	18	636
2	19	-1940
2	20	3956
2	21	412
2	22	-1044
2	23	-3172
2	24	-1156
2	25	-2540
2	26	-748
2	27	2204
3	4	-3324
3	5	300
3	6	6460
3	7	-860
3	8	2092
3	9	-2948
3	10	-4444
3	11	-2540
3	12	708
3	13	-1044
3	14	2052
3	15	-6196
3	16	1156
3	17	-76
3	18	3732
3	19	3172
3	20	1084
3	21	820
3	22	-860
3	23	1268
3	24	-748
3	25	4444
3	26	2652
3	27	-972
4	5	1532
4	6	1420
4	7	-2092
4	8	3324
4	9	7692
4	10	-2540
4	11	5636
4	12	2612
4	13	3324
4	14	820
4	15	1308
4	16	-76
4	17	1828
4	18	-636
4	19	-1196
4	20	2316
4	21	-3548
4	22	4180
4	23	3172
4	24	4292
4	25	-3732
4	26	748
4	27	932
5	6	-4668
5	7	-7204
5	8	-300
5	9	1604
5	10	-484
5	11	748
5	12	636
5	13	-3436
5	14	-708
5	15	-1420
5	16	3324
5	17	1420
5	18	748
5	19	4444
5	20	6980
5	21	-2612
5	22	5340
5	23	76
5	24	-4180
5	25	484
5	26	-860
5	27	5452
6	7	2092
6	8	2948
6	9	1716
6	10	-6868
6	11	636
6	12	3660
6	13	-188
6	14	2316
6	15	-1308
6	16	-3060
6	17	-1828
6	18	3772
6	19	-1940
6	20	820
6	21	3548
6	22	-1044
6	23	3100
6	24	5116
6	25	3732
6	26	2388
6	27	-932
7	8	860
7	9	-1044
7	10	-76
7	11	1828
7	12	-1196
7	13	860
7	14	3284
7	15	1980
7	16	-748
7	17	-1980
7	18	-1308
7	19	-5004
7	20	-3284
7	21	2052
7	22	-9036
7	23	-636
7	24	3620
7	25	76
7	26	-1716
7	27	-2876
8	9	-188
8	10	1308
8	11	2540
8	12	5564
8	13	1044
8	14	-2052
8	15	-3212
8	16	-1156
8	17	-6196
8	18	2540
8	19	3100
8	20	2052
8	21	2316
8	22	860
8	23	-4404
8	24	748
8	25	-1308
8	26	-2652
8	27	972
9	10	-3732
9	11	6908
9	12	524
9	13	-188
9	14	2316
9	15	1828
9	16	-3060
9	17	4444
9	18	636
9	19	-1940
9	20	820
9	21	-2724
9	22	2092
9	23	6236
9	24	5116
9	25	596
9	26	2388
9	27	-932
10	11	-1756
10	12	-1644
10	13	-1828
10	14	-6572
10	15	2428
10	16	-1196
10	17	-2428
10	18	-4892
10	19	3956
10	20	-2836
10	21	1604
10	22	-76
10	23	-7356
10	24	-3100
10	25	-5748
10	26	-1268
10	27	-188
11	12	3396
11	13	2540
11	14	1604
11	15	524
11	16	-2428
11	17	-524
11	18	148
11	19	-412
11	20	1532
11	21	372
11	22	-1308
11	23	820
11	24	1940
11	25	1756
11	26	-36
11	27	1716
12	13	2428
12	14	-1420
12	15	412
12	16	-2316
12	17	-6684
12	18	3396
12	19	2836
12	20	4556
12	21	3620
12	22	1940
12	23	-2204
12	24	-1084
12	25	4780
12	26	-3284
12	27	4964
13	14	1084
13	15	-3212
13	16	1980
13	17	76
13	18	-596
13	19	-36
13	20	-4220
13	21	-3956
13	22	860
13	23	1868
13	24	-2388
13	25	1828
13	26	484
13	27	-2164
14	15	-932
14	16	2164
14	17	4068
14	18	4740
14	19	-5228
14	20	76
14	21	-1308
14	22	-2988
14	23	5412
14	24	3396
14	25	3436
14	26	1644
14	27	-3100
15	16	-3172
15	17	-1940
15	18	-2612
15	19	-2052
15	20	932
15	21	3436
15	22	-1156
15	23	-148
15	24	5004
15	25	-2428
15	26	-636
15	27	2092
16	17	36
16	18	-2428
16	19	-2988
16	20	4108
16	21	-5340
16	22	-748
16	23	1380
16	24	-3772
16	25	-1940
16	26	-596
16	27	2276
17	18	-524
17	19	-1084
17	20	-4068
17	21	-6572
17	22	1156
17	23	6420
17	24	1268
17	25	-708
17	26	3772
17	27	-5228
18	19	-412
18	20	1532
18	21	3508
18	22	1828
18	23	820
18	24	1940
18	25	4892
18	26	-36
18	27	-1420
19	20	-1044
19	21	-188
19	22	4404
19	23	-2876
19	24	-4892
19	25	2316
19	26	524
19	27	1156
20	21	1308
20	22	-148
20	23	-2276
20	24	-260
20	25	-300
20	26	-4780
20	27	9372
21	22	-1084
21	23	-5228
21	24	2164
21	25	1532
21	26	-260
21	27	1940
22	23	2500
22	24	-2652
22	25	76
22	26	4556
22	27	260
23	24	2612
23	25	4220
23	26	5564
23	27	-3884
24	25	-3172
24	26	1308
24	27	-2764
25	26	1268
25	27	188
26	27	-4740
