0	1	-212
0	2	212
0	3	-348
0	4	-404
0	5	212
0	6	548
0	7	156
0	8	156
0	9	212
0	10	156
0	11	180
0	12	-156
0	13	-348
1	2	-404
1	3	-180
1	4	548
1	5	-404
1	6	-68
1	7	324
1	8	324
1	9	-404
1	10	324
1	11	12
1	12	-324
1	13	-180
2	3	180
2	4	-548
2	5	404
2	6	68
2	7	-324
2	8	-324
2	9	404
2	10	-324
2	11	-12
2	12	324
2	13	180
3	4	12
3	5	180
3	6	-156
3	7	-548
3	8	-548
3	9	180
3	10	-548
3	11	212
3	12	548
3	13	740
4	5	-548
4	6	-100
4	7	292
4	8	292
4	9	-548
4	10	292
4	11	156
4	12	-292
4	13	12
5	6	68
5	7	-324
5	8	-324
5	9	404
5	10	-324
5	11	-12
5	12	324
5	13	180
6	7	124
6	8	124
6	9	68
6	10	124
6	11	324
6	12	-124
6	13	-156
7	8	516
7	9	-324
7	10	516
7	11	-68
7	12	-516
7	13	-548
8	9	-324
8	10	516
8	11	-68
8	12	-516
8	13	-548
9	10	-324
9	11	-12
9	12	324
9	13	180
10	11	-68
10	12	-516
10	13	-548
11	12	68
11	13	212
12	13	548
