0	1	-264
0	2	-16
0	3	-16
0	4	264
0	5	-40
0	6	-240
0	7	-16
0	8	240
0	9	-296
0	10	520
0	11	-264
0	12	-16
0	13	264
1	2	16
1	3	16
1	4	-264
1	5	40
1	6	240
1	7	16
1	8	-240
1	9	296
1	10	-520
1	11	264
1	12	16
1	13	-264
2	3	488
2	4	-16
2	5	240
2	6	-520
2	7	-296
2	8	-264
2	9	208
2	10	16
2	11	16
2	12	-296
2	13	-16
3	4	-16
3	5	240
3	6	-520
3	7	-296
3	8	-264
3	9	208
3	10	16
3	11	16
3	12	-296
3	13	-16
4	5	-40
4	6	-240
4	7	-16
4	8	240
4	9	-296
4	10	520
4	11	-264
4	12	-16
4	13	264
5	6	-320
5	7	240
5	8	320
5	9	520
5	10	40
5	11	40
5	12	240
5	13	-40
6	7	264
6	8	-40
6	9	-16
6	10	-544
6	11	240
6	12	264
6	13	-240
7	8	520
7	9	208
7	10	16
7	11	16
7	12	488
7	13	-16
8	9	16
8	10	544
8	11	-240
8	12	520
8	13	240
9	10	-488
9	11	296
9	12	208
9	13	-296
10	11	-520
10	12	16
10	13	520
11	12	16
11	13	-264
12	13	-16
