0	1	144
0	2	200
0	3	248
0	4	-144
0	5	-144
0	6	-192
0	7	-536
0	8	-584
0	9	536
0	10	-584
0	11	584
0	12	-144
0	13	-192
1	2	-192
1	3	-144
1	4	248
1	5	248
1	6	200
1	7	-144
1	8	-192
1	9	144
1	10	-192
1	11	192
1	12	248
1	13	200
2	3	584
2	4	192
2	5	192
2	6	256
2	7	-200
2	8	-136
2	9	200
2	10	-136
2	11	136
2	12	192
2	13	256
3	4	144
3	5	144
3	6	192
3	7	-248
3	8	-200
3	9	248
3	10	-200
3	11	200
3	12	144
3	13	192
4	5	536
4	6	584
4	7	144
4	8	192
4	9	-144
4	10	192
4	11	-192
4	12	536
4	13	584
5	6	584
5	7	144
5	8	192
5	9	-144
5	10	192
5	11	-192
5	12	536
5	13	584
6	7	192
6	8	256
6	9	-192
6	10	256
6	11	-256
6	12	584
6	13	648
7	8	584
7	9	-536
7	10	584
7	11	-584
7	12	144
7	13	192
8	9	-584
8	10	648
8	11	-648
8	12	192
8	13	256
9	10	-584
9	11	584
9	12	-144
9	13	-192
10	11	-648
10	12	192
10	13	256
11	12	-192
11	13	-256
12	13	584
