0	1	1020
0	2	-2580
0	3	300
0	4	1060
0	5	4460
0	6	-2060
0	7	20
0	8	-940
0	9	-1140
0	10	-620
0	11	-1340
0	12	-1700
0	13	-1380
0	14	2060
0	15	1420
0	16	1060
0	17	1140
0	18	1020
0	19	-1100
1	2	1700
1	3	2020
1	4	1420
1	5	-540
1	6	1340
1	7	860
1	8	-1380
1	9	260
1	10	-100
1	11	620
1	12	-780
1	13	-1100
1	14	1860
1	15	-3900
1	16	1420
1	17	1340
1	18	1300
1	19	380
2	3	820
2	4	1020
2	5	-3340
2	6	4140
2	7	-1140
2	8	-1780
2	9	660
2	10	1100
2	11	1820
2	12	-1980
2	13	-2300
2	14	660
2	15	-300
2	16	1020
2	17	-2260
2	18	100
2	19	1580
3	4	2300
3	5	180
3	6	-980
3	7	1740
3	8	-500
3	9	-620
3	10	2380
3	11	-100
3	12	3140
3	13	-1980
3	14	980
3	15	-1580
3	16	2300
3	17	620
3	18	420
3	19	2860
4	5	60
4	6	2340
4	7	-380
4	8	-1340
4	9	-740
4	10	2180
4	11	1460
4	12	1900
4	13	-980
4	14	2460
4	15	220
4	16	-940
4	17	-860
4	18	1420
4	19	100
5	6	-3220
5	7	-500
5	8	460
5	9	-1580
5	10	140
5	11	-2340
5	12	-1020
5	13	-1340
5	14	20
5	15	660
5	16	60
5	17	-20
5	18	-540
5	19	-980
6	7	-300
6	8	-1260
6	9	780
6	10	660
6	11	1540
6	12	-1380
6	13	540
6	14	780
6	15	140
6	16	-860
6	17	-780
6	18	1340
6	19	-1420
7	8	2420
7	9	1900
7	10	-460
7	11	-2780
7	12	1340
7	13	60
7	14	1900
7	15	-1940
7	16	2820
7	17	-300
7	18	2460
7	19	-940
8	9	2860
8	10	180
8	11	-2140
8	12	-900
8	13	-580
8	14	-340
8	15	-980
8	16	-1340
8	17	-2860
8	18	1820
8	19	-1900
9	10	-660
9	11	60
9	12	-1820
9	13	-540
9	14	-780
9	15	-140
9	16	-740
9	17	-820
9	18	260
9	19	-180
10	11	-220
10	12	380
10	13	-900
10	14	-660
10	15	1900
10	16	-1020
10	17	-940
10	18	1500
10	19	20
11	12	1100
11	13	-180
11	14	60
11	15	1020
11	16	-1740
11	17	-60
11	18	-980
11	19	900
12	13	20
12	14	1380
12	15	-1180
12	16	300
12	17	220
12	18	-780
12	19	2460
13	14	-2140
13	15	100
13	16	-980
13	17	3740
13	18	500
13	19	-2020
14	15	-140
14	16	860
14	17	-820
14	18	260
14	19	1420
15	16	-1380
15	17	140
15	18	-700
15	19	-820
16	17	740
16	18	1420
16	19	100
17	18	-260
17	19	180
18	19	-2820
