0	1	756
0	2	-1004
0	3	356
0	4	684
0	5	1156
0	6	196
0	7	2044
0	8	-364
0	9	-1404
0	10	-1156
0	11	-1484
0	12	-1956
0	13	-1404
0	14	-284
0	15	676
0	16	-764
0	17	36
0	18	764
0	19	676
1	2	-284
1	3	-524
1	4	-1636
1	5	-1324
1	6	-684
1	7	1324
1	8	356
1	9	-2284
1	10	1324
1	11	836
1	12	-1076
1	13	-2284
1	14	-1164
1	15	-204
1	16	-44
1	17	756
1	18	-1556
1	19	-204
2	3	-684
2	4	-1476
2	5	116
2	6	756
2	7	-116
2	8	196
2	9	756
2	10	-116
2	11	676
2	12	2284
2	13	756
2	14	276
2	15	-1964
2	16	-1804
2	17	596
2	18	204
2	19	-364
3	4	364
3	5	-124
3	6	516
3	7	124
3	8	-1644
3	9	516
3	10	124
3	11	436
3	12	-676
3	13	516
3	14	36
3	15	996
3	16	-444
3	17	-1244
3	18	444
3	19	-604
4	5	1164
4	6	524
4	7	436
4	8	-516
4	9	524
4	10	-1164
4	11	-2596
4	12	-1964
4	13	524
4	14	1004
4	15	44
4	16	1484
4	17	684
4	18	1716
4	19	1644
5	6	1316
5	7	924
5	8	-844
5	9	-284
5	10	-2276
5	11	-1964
5	12	124
5	13	-284
5	14	-764
5	15	196
5	16	356
5	17	-444
5	18	1244
5	19	1796
6	7	284
6	8	-1804
6	9	356
6	10	-1316
6	11	-1324
6	12	1084
6	13	356
6	14	-124
6	15	-764
6	16	-604
6	17	196
6	18	604
6	19	836
7	8	-756
7	9	-1316
7	10	-924
7	11	-1236
7	12	-1724
7	13	-1316
7	14	-836
7	15	-196
7	16	-356
7	17	444
7	18	356
7	19	1404
8	9	-204
8	10	844
8	11	1316
8	12	44
8	13	-204
8	14	916
8	15	276
8	16	436
8	17	-364
8	18	1164
8	19	-1324
9	10	284
9	11	276
9	12	1084
9	13	1956
9	14	1476
9	15	-764
9	16	-604
9	17	196
9	18	604
9	19	-764
10	11	1964
10	12	-124
10	13	284
10	14	764
10	15	-196
10	16	-356
10	17	444
10	18	-1244
10	19	-1796
11	12	1164
11	13	276
11	14	-204
11	15	756
11	16	-684
11	17	-1484
11	18	-916
11	19	-2444
12	13	1084
12	14	-36
12	15	-996
12	16	-1156
12	17	-356
12	18	-444
12	19	-996
13	14	1476
13	15	-764
13	16	-604
13	17	196
13	18	604
13	19	-764
14	15	-1244
14	16	-1084
14	17	1316
14	18	1084
14	19	-1244
15	16	1476
15	17	-2524
15	18	124
15	19	-284
16	17	-764
16	18	-36
16	19	1476
17	18	-836
17	19	676
18	19	124
