0	1	764
0	2	836
0	3	364
0	4	284
0	5	364
0	6	436
0	7	676
0	8	36
0	9	284
0	10	1004
0	11	204
0	12	-1316
0	13	1484
0	14	-1236
0	15	604
0	16	284
0	17	1884
0	18	-436
0	19	364
1	2	-1956
1	3	756
1	4	836
1	5	-844
1	6	-1556
1	7	1404
1	8	-1156
1	9	-764
1	10	116
1	11	-2284
1	12	-764
1	13	1236
1	14	-844
1	15	516
1	16	-2364
1	17	836
1	18	-1644
1	19	-844
2	3	844
2	4	-836
2	5	844
2	6	-44
2	7	-1404
2	8	2756
2	9	764
2	10	-116
2	11	684
2	12	-836
2	13	364
2	14	844
2	15	-516
2	16	2364
2	17	764
2	18	1644
2	19	844
3	4	-364
3	5	1156
3	6	-1956
3	7	-596
3	8	1644
3	9	-1964
3	10	516
3	11	-1884
3	12	-364
3	13	36
3	14	-444
3	15	-684
3	16	-364
3	17	1236
3	18	356
3	19	-444
4	5	-1964
4	6	-436
4	7	924
4	8	-1636
4	9	-284
4	10	596
4	11	-204
4	12	-284
4	13	116
4	14	-364
4	15	996
4	16	-1884
4	17	-284
4	18	-1164
4	19	-364
5	6	-356
5	7	-596
5	8	1644
5	9	-364
5	10	516
5	11	-284
5	12	-364
5	13	-1564
5	14	-444
5	15	-684
5	16	1236
5	17	1236
5	18	356
5	19	1156
6	7	-204
6	8	-844
6	9	1164
6	10	284
6	11	2684
6	12	1164
6	13	764
6	14	-356
6	15	-116
6	16	1164
6	17	-436
6	18	444
6	19	-356
7	8	-2204
7	9	924
7	10	-1556
7	11	-756
7	12	-676
7	13	524
7	14	1004
7	15	-356
7	16	-676
7	17	-676
7	18	204
7	19	1004
8	9	-36
8	10	684
8	11	-116
8	12	-36
8	13	-436
8	14	44
8	15	-1316
8	16	1564
8	17	1564
8	18	844
8	19	44
9	10	-1004
9	11	1396
9	12	-284
9	13	116
9	14	1236
9	15	-604
9	16	1316
9	17	-284
9	18	436
9	19	1236
10	11	676
10	12	596
10	13	-604
10	14	-2684
10	15	276
10	16	-1004
10	17	2196
10	18	-1884
10	19	-1084
11	12	1396
11	13	196
11	14	-284
11	15	-524
11	16	1396
11	17	-204
11	18	516
11	19	-284
12	13	116
12	14	-364
12	15	-2204
12	16	-284
12	17	-284
12	18	436
12	19	-1964
13	14	36
13	15	-204
13	16	116
13	17	116
13	18	836
13	19	-1564
14	15	-684
14	16	1236
14	17	-1964
14	18	1956
14	19	1156
15	16	-604
15	17	-604
15	18	-1484
15	19	916
16	17	-284
16	18	2036
16	19	1236
17	18	-1164
17	19	-364
18	19	356
