0	1	-560
0	2	-1120
0	3	-1120
0	4	-800
0	5	1040
0	6	1040
0	7	-240
0	8	-1440
0	9	-1600
0	10	80
0	11	-240
0	12	2080
0	13	80
0	14	-1120
0	15	-1040
0	16	880
0	17	-640
0	18	1040
0	19	-720
1	3	2560
1	4	320
1	5	560
1	6	-80
1	7	880
1	8	-960
1	9	-480
1	10	560
1	11	880
1	12	-1600
1	13	-400
1	14	-640
1	15	80
1	16	-240
1	17	480
1	18	-80
1	19	-1200
2	3	-80
2	4	-240
2	6	480
2	7	-1280
2	8	-400
2	9	560
2	10	1120
2	11	320
2	12	-560
2	13	640
2	14	1520
2	15	-480
2	16	-1280
2	17	-80
2	18	-1120
2	19	-160
3	4	-400
3	5	960
3	6	160
3	7	2240
3	8	-560
3	9	-1200
3	10	1120
3	11	640
3	12	-1680
3	13	320
3	14	-880
3	15	1440
3	16	-1280
3	17	1040
3	18	160
3	19	-2080
4	5	-1280
4	6	-1440
4	7	-960
4	8	880
4	9	2480
4	10	800
4	11	2240
4	12	-240
4	13	-640
4	14	-400
4	15	-1760
4	16	1600
4	17	-1360
4	18	160
4	19	160
5	6	-80
5	7	880
5	8	-960
5	9	-2080
5	10	560
5	11	-720
5	13	-400
5	14	-640
5	15	80
5	16	-240
5	17	480
5	18	-80
5	19	-1200
6	7	-400
6	8	-1120
6	9	-640
6	10	560
6	11	-400
6	12	480
6	13	2480
6	14	160
6	15	400
6	16	-1840
6	18	-400
6	19	-1520
7	8	320
7	9	-1760
7	10	240
7	11	-400
7	12	320
7	13	-80
7	14	-960
7	15	2000
7	16	-560
7	17	800
7	18	1200
7	19	-880
8	9	1680
8	10	-160
8	11	320
8	12	-400
8	14	-560
8	15	1120
8	16	640
8	17	720
8	18	480
8	19	800
9	11	1440
9	12	-1040
9	13	160
9	14	400
9	15	-960
9	16	800
9	17	-560
9	18	-640
9	19	960
10	11	1840
10	12	1120
10	13	1520
10	14	-480
10	15	-560
10	16	-880
10	17	-960
10	18	560
10	19	-2480
11	12	320
11	13	-80
11	14	-960
11	15	-1200
11	16	1040
11	17	-800
11	18	1200
11	19	-880
12	13	640
12	14	-80
12	15	-480
12	16	320
12	17	-1680
12	18	2080
12	19	-160
13	14	320
13	15	720
13	16	-2480
13	17	-480
13	18	-720
13	19	-2160
14	15	-160
14	16	-1280
14	17	-560
14	18	-1440
14	19	1120
15	16	-1360
15	17	1600
15	18	400
15	19	-80
16	17	-160
16	18	1360
16	19	1520
17	19	320
18	19	80
