0	1	-528
0	2	-288
0	3	608
0	4	448
0	5	-992
0	6	-832
0	7	528
0	8	112
0	9	1808
0	10	2192
0	11	-432
0	12	912
0	13	832
0	14	-352
0	15	-992
0	16	-448
0	17	-1168
0	18	2352
0	19	1008
1	2	-752
1	3	-1168
1	4	-1008
1	5	432
1	6	272
1	7	512
1	8	448
1	9	832
1	10	-32
1	11	1472
1	12	-352
1	13	-272
1	14	-208
1	15	432
1	16	-592
1	17	128
1	18	-192
1	19	32
2	3	672
2	4	832
2	5	672
2	6	512
2	7	-848
2	8	-1392
2	9	1072
2	10	-1872
2	11	-1488
2	12	1008
2	13	-512
2	14	-1568
2	15	-928
2	16	-832
2	17	-112
2	18	-432
2	19	-1328
3	4	1088
3	5	-352
3	6	-192
3	7	1168
3	8	-528
3	9	-752
3	10	-48
3	11	-1392
3	12	272
3	13	192
3	14	-1312
3	15	-352
3	16	512
3	17	-208
3	18	1712
3	19	48
4	5	1088
4	6	-1952
4	7	-592
4	8	-368
4	9	688
4	10	112
4	11	48
4	12	2032
4	13	352
4	14	-1472
4	15	-512
4	16	-928
4	17	-48
4	18	272
4	19	-112
5	6	-192
5	7	-2032
5	8	1072
5	9	848
5	10	-1648
5	11	208
5	12	1872
5	13	1792
5	14	-1312
5	15	1248
5	16	-1088
5	17	-208
5	18	-1488
5	19	48
6	7	-272
6	8	-688
6	9	-592
6	10	-1808
6	11	-1232
6	12	-1488
6	13	32
6	14	448
6	15	-192
6	16	352
6	17	-368
6	18	-48
6	19	-1392
7	8	-448
7	9	-832
7	10	1632
7	11	128
7	12	-1248
7	13	-1328
7	14	208
7	15	-432
7	16	592
7	17	-128
7	18	1792
7	19	-32
8	9	-128
8	10	928
8	11	512
8	12	608
8	13	2288
8	14	432
8	15	2672
8	16	368
8	17	-512
8	18	-832
8	19	2272
9	10	352
9	11	-192
9	12	2272
9	13	592
9	14	-1712
9	15	-752
9	16	-2288
9	17	-1408
9	18	512
9	19	-352
10	11	992
10	12	128
10	13	208
10	14	912
10	15	-48
10	16	-112
10	17	-992
10	18	1888
10	19	1152
11	12	-288
11	13	-368
11	14	848
11	15	208
11	16	-48
11	17	832
11	18	-448
11	19	608
12	13	1488
12	14	-1968
12	15	272
12	16	-2032
12	17	-1312
12	18	-32
12	19	-128
13	14	-448
13	15	1792
13	16	-352
13	17	-1232
13	18	48
13	19	1392
14	15	288
14	16	1472
14	17	752
14	18	-528
14	19	688
15	16	512
15	17	-208
15	18	-1488
15	19	1648
16	17	1648
16	18	-272
16	19	1712
17	18	-1152
17	19	992
18	19	-288
