0	1	480
0	2	80
0	3	-1840
0	4	-640
0	5	2080
0	6	-720
0	7	1200
0	8	-400
0	9	-240
0	11	720
0	12	-1040
0	13	2160
0	14	1440
0	15	160
0	16	400
0	17	2080
0	18	160
0	19	1120
1	2	80
1	3	400
1	4	-800
1	5	960
1	6	-1040
1	7	560
1	8	240
1	9	400
1	10	1760
1	11	1040
1	12	-720
1	13	880
1	14	320
1	16	1040
1	17	960
1	19	640
2	3	160
2	4	-240
2	5	1680
2	6	-1120
2	7	1600
2	8	800
2	9	-3040
2	10	-1200
2	11	1120
2	12	160
2	13	-1440
2	14	1840
2	15	560
2	16	1600
2	17	1680
2	18	-1040
2	19	-80
3	4	1040
3	5	-1200
3	6	800
3	7	-1920
3	8	1120
3	9	-160
3	10	80
3	11	-800
3	12	480
3	13	-1120
3	14	-80
3	15	240
3	16	320
3	17	-1200
3	18	240
3	19	-400
4	5	-800
4	6	1200
4	7	-2320
4	8	-80
4	9	-560
4	10	-320
4	11	-1200
4	12	-720
4	13	880
4	14	-480
4	15	1440
4	16	-880
4	17	-800
4	18	-1760
4	19	800
5	6	-1040
5	7	2160
5	8	240
5	9	-1200
5	10	160
5	11	1040
5	12	-720
5	13	880
5	14	1920
5	16	1040
5	17	2560
5	19	640
6	7	-640
6	8	-1760
6	9	800
6	10	-1040
6	11	-3360
6	12	480
6	13	480
6	14	-880
6	15	400
6	16	-2560
6	17	-1040
6	18	400
6	19	1040
7	8	-320
7	9	-320
7	10	-80
7	11	640
7	12	640
7	13	-960
7	14	1360
7	15	-1520
7	16	480
7	17	2160
7	18	1680
7	19	-560
8	9	-480
8	10	880
8	11	1760
8	12	160
8	13	-1440
8	14	1040
8	15	-880
8	16	1920
8	17	240
8	18	720
8	19	-1840
9	10	1680
9	11	-800
9	12	480
9	13	480
9	14	-1680
9	15	-1360
9	16	-1280
9	17	-1200
9	18	1840
9	19	-400
10	11	1040
10	12	240
10	13	240
10	14	-1440
10	15	-1120
10	16	80
10	17	160
10	18	480
10	19	-160
11	12	-480
11	13	-480
11	14	880
11	15	-400
11	16	2560
11	17	1040
11	18	-400
11	19	-1040
12	13	-2400
12	14	-1200
12	15	-1520
12	16	-640
12	17	-720
12	18	1680
12	19	-880
13	14	400
13	15	1680
13	16	-640
13	17	880
13	18	-1520
13	19	2320
14	15	320
14	16	1840
14	17	1920
14	18	320
14	19	-320
15	16	-80
15	18	-2560
15	19	1600
16	17	1040
16	18	-80
16	19	-1040
17	19	640
18	19	-1600
