0	1	960
0	2	960
0	3	8
0	4	1576
0	5	-960
0	6	8
0	7	-800
0	8	-800
0	9	-960
0	10	-8
0	11	-960
0	12	168
0	13	-8
0	14	-1416
0	15	1592
0	16	-960
0	17	8
0	18	1576
0	19	-448
0	20	976
0	21	8
1	2	888
1	3	80
1	4	272
1	5	-888
1	6	80
1	7	-1224
1	8	-1224
1	9	-888
1	10	-80
1	11	-888
1	12	-256
1	13	-80
1	14	-608
1	15	432
1	16	-888
1	17	80
1	18	272
1	19	360
1	20	1048
1	21	80
2	3	80
2	4	272
2	5	-888
2	6	80
2	7	-1224
2	8	-1224
2	9	-888
2	10	-80
2	11	-888
2	12	-256
2	13	-80
2	14	-608
2	15	432
2	16	-888
2	17	80
2	18	272
2	19	360
2	20	1048
2	21	80
3	4	696
3	5	-80
3	6	888
3	7	256
3	8	256
3	9	-80
3	10	-888
3	11	-80
3	12	1224
3	13	-888
3	14	-360
3	15	536
3	16	-80
3	17	888
3	18	696
3	19	608
3	20	-80
3	21	-1048
4	5	-272
4	6	696
4	7	96
4	8	96
4	9	-272
4	10	-696
4	11	-272
4	12	1064
4	13	-696
4	14	-1224
4	15	1048
4	16	-272
4	17	696
4	18	1592
4	19	-256
4	20	-272
4	21	-1240
5	6	-80
5	7	1224
5	8	1224
5	9	888
5	10	80
5	11	888
5	12	256
5	13	80
5	14	608
5	15	-432
5	16	888
5	17	-80
5	18	-272
5	19	-360
5	20	-1048
5	21	-80
6	7	256
6	8	256
6	9	-80
6	10	-888
6	11	-80
6	12	1224
6	13	-888
6	14	-360
6	15	536
6	16	-80
6	17	888
6	18	696
6	19	608
6	20	-80
6	21	-1048
7	8	2472
7	9	1224
7	10	-256
7	11	1224
7	12	1504
7	13	-256
7	14	1152
7	15	608
7	16	1224
7	17	256
7	18	96
7	19	184
7	20	-712
7	21	256
8	9	1224
8	10	-256
8	11	1224
8	12	1504
8	13	-256
8	14	1152
8	15	608
8	16	1224
8	17	256
8	18	96
8	19	184
8	20	-712
8	21	256
9	10	80
9	11	888
9	12	256
9	13	80
9	14	608
9	15	-432
9	16	888
9	17	-80
9	18	-272
9	19	-360
9	20	-1048
9	21	-80
10	11	80
10	12	-1224
10	13	888
10	14	360
10	15	-536
10	16	80
10	17	-888
10	18	-696
10	19	-608
10	20	80
10	21	1048
11	12	256
11	13	80
11	14	608
11	15	-432
11	16	888
11	17	-80
11	18	-272
11	19	-360
11	20	-1048
11	21	-80
12	13	-1224
12	14	184
12	15	1576
12	16	256
12	17	1224
12	18	1064
12	19	1152
12	20	256
12	21	-712
13	14	360
13	15	-536
13	16	80
13	17	-888
13	18	-696
13	19	-608
13	20	80
13	21	1048
14	15	-8
14	16	608
14	17	-360
14	18	-1224
14	19	800
14	20	608
14	21	1576
15	16	-432
15	17	536
15	18	1048
15	19	960
15	20	1504
15	21	536
16	17	-80
16	18	-272
16	19	-360
16	20	-1048
16	21	-80
17	18	696
17	19	608
17	20	-80
17	21	-1048
18	19	-256
18	20	-272
18	21	-1240
19	20	1576
19	21	608
20	21	1856
