0	1	-96
0	2	-520
0	3	-888
0	4	696
0	5	1240
0	6	-96
0	7	-696
0	8	272
0	9	520
0	10	1064
0	11	80
0	12	96
0	13	520
0	14	448
0	15	-272
0	16	1240
0	17	520
0	18	448
0	19	-872
0	20	448
0	21	696
1	2	1064
1	3	1400
1	4	-888
1	5	888
1	6	256
1	7	888
1	8	-80
1	9	-1064
1	10	-1224
1	11	432
1	12	-2192
1	13	-1064
1	14	96
1	15	80
1	16	888
1	17	-1064
1	18	96
1	19	-1224
1	20	96
1	21	-888
2	3	1856
2	4	272
2	5	-272
2	6	-872
2	7	-272
2	8	-1240
2	9	-1488
2	10	-96
2	11	888
2	12	-1064
2	13	-1488
2	14	520
2	15	1240
2	16	-272
2	17	-1488
2	18	520
2	19	-96
2	20	520
2	21	272
3	4	256
3	5	-256
3	6	-536
3	7	-256
3	8	-1224
3	9	-1856
3	10	-432
3	11	1576
3	12	-1400
3	13	-1856
3	14	888
3	15	1224
3	16	-256
3	17	-1856
3	18	888
3	19	-432
3	20	888
3	21	256
4	5	96
4	6	-888
4	7	-1840
4	8	-872
4	9	-272
4	10	1856
4	11	1224
4	12	888
4	13	-272
4	14	1240
4	15	872
4	16	96
4	17	-272
4	18	1240
4	19	-80
4	20	1240
4	21	1840
5	6	888
5	7	-96
5	8	872
5	9	272
5	10	80
5	11	712
5	12	-888
5	13	272
5	14	696
5	15	-872
5	16	1840
5	17	272
5	18	696
5	19	-1856
5	20	696
5	21	96
6	7	888
6	8	1856
6	9	872
6	10	-1224
6	11	432
6	12	-256
6	13	872
6	14	96
6	15	-1856
6	16	888
6	17	872
6	18	96
6	19	-1224
6	20	96
6	21	-888
7	8	872
7	9	272
7	10	-1856
7	11	-1224
7	12	-888
7	13	272
7	14	-1240
7	15	-872
7	16	-96
7	17	272
7	18	-1240
7	19	80
7	20	-1240
7	21	-1840
8	9	1240
8	10	-888
8	11	-256
8	12	80
8	13	1240
8	14	-272
8	15	-1840
8	16	872
8	17	1240
8	18	-272
8	19	-888
8	20	-272
8	21	-872
9	10	96
9	11	-888
9	12	1064
9	13	1488
9	14	-520
9	15	-1240
9	16	272
9	17	1488
9	18	-520
9	19	96
9	20	-520
9	21	-272
10	11	536
10	12	1224
10	13	96
10	14	872
10	15	888
10	16	80
10	17	96
10	18	872
10	19	256
10	20	872
10	21	1856
11	12	-432
11	13	-888
11	14	1856
11	15	256
11	16	712
11	17	-888
11	18	1856
11	19	-1400
11	20	1856
11	21	1224
12	13	1064
12	14	-96
12	15	-80
12	16	-888
12	17	1064
12	18	-96
12	19	1224
12	20	-96
12	21	888
13	14	-520
13	15	-1240
13	16	272
13	17	1488
13	18	-520
13	19	96
13	20	-520
13	21	-272
14	15	272
14	16	696
14	17	-520
14	18	1488
14	19	-1064
14	20	1488
14	21	1240
15	16	-872
15	17	-1240
15	18	272
15	19	888
15	20	272
15	21	872
16	17	272
16	18	696
16	19	-1856
16	20	696
16	21	96
17	18	-520
17	19	96
17	20	-520
17	21	-272
18	19	-1064
18	20	1488
18	21	1240
19	20	-1064
19	21	-80
20	21	1240
