0	1	1180
0	2	1796
0	3	1180
0	4	564
0	5	-580
0	6	-476
0	7	-36
0	8	-140
0	9	580
0	10	476
0	11	1812
0	12	-124
0	13	-580
0	14	-580
0	15	-52
0	16	-564
0	17	-36
0	18	476
0	19	-756
0	20	-476
0	21	-492
1	2	1020
1	3	1636
1	4	316
1	5	-476
1	6	-404
1	7	1092
1	8	-916
1	9	476
1	10	404
1	11	1180
1	12	-756
1	13	-476
1	14	-476
1	15	932
1	16	-316
1	17	1092
1	18	404
1	19	-300
1	20	-404
1	21	-564
2	3	1020
2	4	1636
2	5	-1092
2	6	212
2	7	-228
2	8	404
2	9	1092
2	10	-212
2	11	1796
2	12	-140
2	13	-1092
2	14	-1092
2	15	316
2	16	-1636
2	17	-228
2	18	-212
2	19	-916
2	20	212
2	21	756
3	4	316
3	5	-476
3	6	-404
3	7	1092
3	8	-916
3	9	476
3	10	404
3	11	1180
3	12	-756
3	13	-476
3	14	-476
3	15	932
3	16	-316
3	17	1092
3	18	404
3	19	-300
3	20	-404
3	21	-564
4	5	-1796
4	6	916
4	7	476
4	8	1636
4	9	1796
4	10	-916
4	11	564
4	12	564
4	13	-1796
4	14	-1796
4	15	1548
4	16	-2868
4	17	476
4	18	-916
4	19	316
4	20	916
4	21	1988
5	6	-228
5	7	-668
5	8	-1092
5	9	-1284
5	10	228
5	11	-580
5	12	-580
5	13	1284
5	14	1284
5	15	-1180
5	16	1796
5	17	-668
5	18	228
5	19	-476
5	20	-228
5	21	-740
6	7	-388
6	8	212
6	9	228
6	10	-1108
6	11	-476
6	12	-476
6	13	-228
6	14	-228
6	15	300
6	16	-916
6	17	-388
6	18	-1108
6	19	-404
6	20	1108
6	21	1796
7	8	-228
7	9	668
7	10	388
7	11	-36
7	12	-36
7	13	-668
7	14	-668
7	15	1796
7	16	-476
7	17	1988
7	18	388
7	19	1092
7	20	-388
7	21	-580
8	9	1092
8	10	-212
8	11	-140
8	12	1796
8	13	-1092
8	14	-1092
8	15	316
8	16	-1636
8	17	-228
8	18	-212
8	19	1020
8	20	212
8	21	756
9	10	-228
9	11	580
9	12	580
9	13	-1284
9	14	-1284
9	15	1180
9	16	-1796
9	17	668
9	18	-228
9	19	476
9	20	228
9	21	740
10	11	476
10	12	476
10	13	228
10	14	228
10	15	-300
10	16	916
10	17	388
10	18	1108
10	19	404
10	20	-1108
10	21	-1796
11	12	-124
11	13	-580
11	14	-580
11	15	-52
11	16	-564
11	17	-36
11	18	476
11	19	-756
11	20	-476
11	21	-492
12	13	-580
12	14	-580
12	15	-52
12	16	-564
12	17	-36
12	18	476
12	19	1180
12	20	-476
12	21	-492
13	14	1284
13	15	-1180
13	16	1796
13	17	-668
13	18	228
13	19	-476
13	20	-228
13	21	-740
14	15	-1180
14	16	1796
14	17	-668
14	18	228
14	19	-476
14	20	-228
14	21	-740
15	16	-1548
15	17	1796
15	18	-300
15	19	932
15	20	300
15	21	668
16	17	-476
16	18	916
16	19	-316
16	20	-916
16	21	-1988
17	18	388
17	19	1092
17	20	-388
17	21	-580
18	19	404
18	20	-1108
18	21	-1796
19	20	-404
19	21	-564
20	21	1796
