0	1	-76
0	2	260
0	3	68
0	4	260
0	5	-268
0	6	-68
0	7	76
0	8	-76
0	9	-76
0	10	-268
0	11	76
1	2	-76
1	3	-268
1	4	-76
1	5	-28
1	6	268
1	7	-164
1	8	164
1	9	164
1	10	-28
1	11	-164
2	3	68
2	4	260
2	5	-268
2	6	-68
2	7	76
2	8	-76
2	9	-76
2	10	-268
2	11	76
3	4	68
3	5	116
3	6	-452
3	7	268
3	8	-268
3	9	-268
3	10	116
3	11	268
4	5	-268
4	6	-68
4	7	76
4	8	-76
4	9	-76
4	10	-268
4	11	76
5	6	-116
5	7	28
5	8	-28
5	9	-28
5	10	356
5	11	28
6	7	-268
6	8	268
6	9	268
6	10	-116
6	11	-268
7	8	-164
7	9	-164
7	10	28
7	11	164
8	9	164
8	10	-28
8	11	-164
9	10	-28
9	11	-164
10	11	28
