0	1	268
0	2	-68
0	3	116
0	4	-268
0	5	68
0	6	452
0	7	68
0	8	268
0	9	-116
0	10	268
0	11	268
1	2	-76
1	3	28
1	4	-164
1	5	76
1	6	268
1	7	76
1	8	164
1	9	-28
1	10	164
1	11	164
2	3	268
2	4	76
2	5	-260
2	6	-68
2	7	-260
2	8	-76
2	9	-268
2	10	-76
2	11	-76
3	4	-28
3	5	-268
3	6	116
3	7	-268
3	8	28
3	9	-356
3	10	28
3	11	28
4	5	-76
4	6	-268
4	7	-76
4	8	-164
4	9	28
4	10	-164
4	11	-164
5	6	68
5	7	260
5	8	76
5	9	268
5	10	76
5	11	76
6	7	68
6	8	268
6	9	-116
6	10	268
6	11	268
7	8	76
7	9	268
7	10	76
7	11	76
8	9	-28
8	10	164
8	11	164
9	10	-28
9	11	-28
10	11	164
