0	1	68
0	2	-76
0	3	76
0	4	76
0	5	-76
0	6	268
0	7	260
0	8	-76
0	9	68
0	10	268
0	11	-260
1	2	-268
1	3	268
1	4	268
1	5	-268
1	6	-116
1	7	68
1	8	-268
1	9	452
1	10	-116
1	11	-68
2	3	-164
2	4	-164
2	5	164
2	6	28
2	7	-76
2	8	164
2	9	-268
2	10	28
2	11	76
3	4	164
3	5	-164
3	6	-28
3	7	76
3	8	-164
3	9	268
3	10	-28
3	11	-76
4	5	-164
4	6	-28
4	7	76
4	8	-164
4	9	268
4	10	-28
4	11	-76
5	6	28
5	7	-76
5	8	164
5	9	-268
5	10	28
5	11	76
6	7	268
6	8	28
6	9	-116
6	10	356
6	11	-268
7	8	-76
7	9	68
7	10	268
7	11	-260
8	9	-268
8	10	28
8	11	76
9	10	-116
9	11	-68
10	11	-268
