0	1	320
0	2	64
0	3	64
0	4	-128
0	5	-64
0	6	256
0	7	64
0	8	-64
0	9	-256
0	10	320
0	11	256
1	2	64
1	3	64
1	4	-128
1	5	-64
1	6	256
1	7	64
1	8	-64
1	9	-256
1	10	320
1	11	256
2	3	128
2	4	-256
2	5	-128
2	6	-64
2	7	128
2	8	-128
2	9	64
2	10	64
2	11	-64
3	4	-256
3	5	-128
3	6	-64
3	7	128
3	8	-128
3	9	64
3	10	64
3	11	-64
4	5	256
4	6	128
4	7	-256
4	8	256
4	9	-128
4	10	-128
4	11	128
5	6	64
5	7	-128
5	8	128
5	9	-64
5	10	-64
5	11	64
6	7	-64
6	8	64
6	9	-320
6	10	256
6	11	320
7	8	-128
7	9	64
7	10	64
7	11	-64
8	9	-64
8	10	-64
8	11	64
9	10	-256
9	11	-320
10	11	256
