0	1	-3260
0	2	-5220
0	3	-1220
0	4	2460
0	5	-4260
0	6	4100
0	7	-2460
0	8	60
0	9	-3740
0	10	3300
0	11	-2780
0	12	-4740
0	13	-3420
0	14	-3460
0	15	4740
0	16	1660
0	17	-7620
0	18	2620
0	19	3100
0	20	-2620
0	21	-6300
0	22	1700
0	23	-9020
0	24	-1700
0	25	3100
0	26	-220
0	27	900
0	28	-1980
0	29	-4580
0	30	-3940
0	31	-6460
0	32	1220
0	33	4900
0	34	2780
0	35	-8860
0	36	9340
0	37	2460
0	38	6820
0	39	-220
1	2	12540
1	3	10140
1	4	-5380
1	5	700
1	6	-7260
1	7	-7420
1	8	-1380
1	9	4100
1	10	-1660
1	11	5060
1	12	6620
1	13	4420
1	14	-4900
1	15	-6620
1	16	220
1	17	3740
1	18	1180
1	19	-4740
1	20	-1180
1	21	1540
1	22	-3260
1	23	5220
1	24	3260
1	25	-4740
1	26	7620
1	27	2340
1	28	-540
1	29	380
1	30	1020
1	31	7780
1	32	-10140
1	33	-60
1	34	-5060
1	35	-1020
1	36	-4900
1	37	7420
1	38	1860
1	39	7620
2	3	11140
2	4	-5340
2	5	1380
2	6	-7620
2	7	-7460
2	8	-2940
2	9	6620
2	10	-420
2	11	5660
2	12	8260
2	13	6300
2	14	-5820
2	15	-8260
2	16	1860
2	17	4740
2	18	900
2	19	-5980
2	20	-900
2	21	2780
2	22	-5220
2	23	5500
2	24	5220
2	25	-5980
2	26	9500
2	27	1980
2	28	-1540
2	29	1700
2	30	1060
2	31	9340
2	32	-11140
2	33	-2020
2	34	-5660
2	35	-1060
2	36	-5820
2	37	7460
2	38	2460
2	39	9500
3	4	-9340
3	5	3780
3	6	-3620
3	7	-9860
3	8	-540
3	9	4220
3	10	-2820
3	11	3260
3	12	4260
3	13	3900
3	14	-3420
3	15	-4260
3	16	-2140
3	17	740
3	18	3300
3	19	-3580
3	20	3100
3	21	380
3	22	-1220
3	23	3100
3	24	7620
3	25	-3580
3	26	7100
3	27	5980
3	28	2460
3	29	-2300
3	30	-2940
3	31	6940
3	32	-13540
3	33	1980
3	34	-3260
3	35	-3460
3	36	-3420
3	37	9860
3	38	60
3	39	7100
4	5	-6300
4	6	60
4	7	6620
4	8	-4220
4	9	1500
4	10	7260
4	11	540
4	12	580
4	13	1180
4	14	-700
4	15	5820
4	16	6980
4	17	-2940
4	18	-6780
4	19	-860
4	20	-6020
4	21	-2340
4	22	2460
4	23	-6020
4	24	-2460
4	25	-860
4	26	-2020
4	27	-3140
4	28	-6660
4	29	6820
4	30	6180
4	31	-8580
4	32	9340
4	33	-7140
4	34	5860
4	35	220
4	36	-700
4	37	-6620
4	38	3740
4	39	-2020
5	6	-260
5	7	-6500
5	8	2500
5	9	1180
5	10	540
5	11	-6180
5	12	-5500
5	13	860
5	14	6020
5	15	-900
5	16	900
5	17	-2620
5	18	-60
5	19	-540
5	20	6460
5	21	3740
5	22	2140
5	23	60
5	24	4260
5	25	-540
5	26	-2340
5	27	9340
5	28	-580
5	29	-5660
5	30	100
5	31	3900
5	32	-3780
5	33	5340
5	34	-6620
5	35	-100
5	36	-380
5	37	100
5	38	-2980
5	39	-2340
6	7	6340
6	8	-2340
6	9	-1340
6	10	-700
6	11	-6780
6	12	-7140
6	13	-1020
6	14	540
6	15	740
6	16	-740
6	17	-3620
6	18	6620
6	19	700
6	20	6180
6	21	2500
6	22	-2300
6	23	-6620
6	24	2300
6	25	700
6	26	-4220
6	27	-3100
6	28	420
6	29	-580
6	30	-6340
6	31	-4060
6	32	3620
6	33	900
6	34	6780
6	35	-60
6	36	6940
6	37	60
6	38	-3580
6	39	-4220
7	8	-2180
7	9	-1500
7	10	-860
7	11	-540
7	12	-580
7	13	-1180
7	14	700
7	15	580
7	16	-580
7	17	2940
7	18	380
7	19	860
7	20	-380
7	21	2340
7	22	-2460
7	23	-380
7	24	-3940
7	25	860
7	26	-4380
7	27	-9660
7	28	260
7	29	5980
7	30	220
7	31	-4220
7	32	9860
7	33	-5660
7	34	6940
7	35	6180
7	36	700
7	37	-6180
7	38	-3740
7	39	-4380
8	9	-7300
8	10	-1540
8	11	-1860
8	12	-3420
8	13	-1220
8	14	8100
8	15	3420
8	16	-9820
8	17	5860
8	18	2020
8	19	7940
8	20	4380
8	21	-4740
8	22	6460
8	23	4380
8	24	-6460
8	25	7940
8	26	-4420
8	27	860
8	28	3740
8	29	-9980
8	30	-4220
8	31	1820
8	32	540
8	33	3260
8	34	-4540
8	35	-2180
8	36	1700
8	37	-4220
8	38	1340
8	39	-4420
9	10	4260
9	11	4580
9	12	7100
9	13	3940
9	14	-4420
9	15	-700
9	16	7100
9	17	-2180
9	18	-4740
9	19	-4260
9	20	-1660
9	21	1060
9	22	-3740
9	23	-1660
9	24	10140
9	25	-4260
9	26	7140
9	27	1860
9	28	-1020
9	29	7260
9	30	1500
9	31	900
9	32	-4220
9	33	-6940
9	34	1820
9	35	-1500
9	36	-4420
9	37	1500
9	38	1380
9	39	7140
10	11	-1180
10	12	60
10	13	4580
10	14	1340
10	15	6340
10	16	6460
10	17	-2820
10	18	-5380
10	19	1500
10	20	-1020
10	21	-4700
10	22	3300
10	23	-7420
10	24	3100
10	25	1500
10	26	1380
10	27	2500
10	28	-6780
10	29	220
10	30	860
10	31	-4860
10	32	2820
10	33	-6300
10	34	1180
10	35	-7260
10	36	1340
10	37	-5540
10	38	8420
10	39	1380
11	12	12540
11	13	-1500
11	14	-5380
11	15	260
11	16	-260
11	17	3260
11	18	-5700
11	19	1180
11	20	-7100
11	21	-4380
11	22	-2780
11	23	5700
11	24	2780
11	25	1180
11	26	8100
11	27	-3580
11	28	6340
11	29	6300
11	30	540
11	31	1860
11	32	-3260
11	33	-5980
11	34	860
11	35	-540
11	36	-5380
11	37	540
11	38	2340
11	39	8100
12	13	380
12	14	-6300
12	15	-1380
12	16	1380
12	17	4260
12	18	-5980
12	19	-60
12	20	-6820
12	21	-3140
12	22	-4740
12	23	5980
12	24	4740
12	25	-60
12	26	9980
12	27	-3940
12	28	5340
12	29	7620
12	30	580
12	31	3420
12	32	-4260
12	33	-7940
12	34	260
12	35	-580
12	36	-6300
12	37	580
12	38	2940
12	39	9980
13	14	1660
13	15	-380
13	16	380
13	17	3900
13	18	1340
13	19	-4580
13	20	5060
13	21	1380
13	22	2980
13	23	-1340
13	24	3420
13	25	-4580
13	26	1060
13	27	2180
13	28	-7100
13	29	540
13	30	1180
13	31	1220
13	32	-3900
13	33	-6620
13	34	1500
13	35	-1180
13	36	-4740
13	37	1180
13	38	1700
13	39	1060
14	15	6300
14	16	-6300
14	17	2980
14	18	-860
14	19	5060
14	20	7260
14	21	-1860
14	22	9340
14	23	860
14	24	-2940
14	25	5060
14	26	-7940
14	27	3740
14	28	220
14	29	-6460
14	30	-700
14	31	-1700
14	32	3420
14	33	-260
14	34	-1020
14	35	700
14	36	-1180
14	37	-7100
14	38	-2180
14	39	-7940
15	16	-1380
15	17	-4260
15	18	-6820
15	19	6460
15	20	420
15	21	-9660
15	22	11140
15	23	-5980
15	24	1660
15	25	6460
15	26	-3580
15	27	3940
15	28	1060
15	29	-1220
15	30	-580
15	31	-9820
15	32	4260
15	33	-4860
15	34	6140
15	35	-5820
15	36	-100
15	37	-6980
15	38	3460
15	39	-3580
16	17	-8540
16	18	-5980
16	19	-6460
16	20	-6820
16	21	3260
16	22	-4740
16	23	-6820
16	24	4740
16	25	-6460
16	26	3580
16	27	2460
16	28	-7460
16	29	7620
16	30	6980
16	31	-2980
16	32	2140
16	33	-1540
16	34	260
16	35	-580
16	36	100
16	37	580
16	38	2940
16	39	3580
17	18	3300
17	19	2820
17	20	3100
17	21	380
17	22	-1220
17	23	9500
17	24	-5180
17	25	2820
17	26	700
17	27	-6820
17	28	2460
17	29	-2300
17	30	-2940
17	31	6940
17	32	-740
17	33	-4420
17	34	-3260
17	35	2940
17	36	-3420
17	37	-2940
17	38	60
17	39	700
18	19	-1020
18	20	6940
18	21	4220
18	22	-3780
18	23	540
18	24	-2620
18	25	-1020
18	26	-1860
18	27	-2980
18	28	-100
18	29	-6140
18	30	-6780
18	31	4380
18	32	-3300
18	33	5820
18	34	-700
18	35	380
18	36	5540
18	37	6020
18	38	-2500
18	39	-1860
19	20	1020
19	21	-8100
19	22	3100
19	23	1020
19	24	-3100
19	25	11300
19	26	-1380
19	27	-2500
19	28	6780
19	29	-6620
19	30	-7260
19	31	-1540
19	32	3580
19	33	-100
19	34	-1180
19	35	-5540
19	36	5060
19	37	-7260
19	38	4380
19	39	-1380
20	21	2180
20	22	3780
20	23	-540
20	24	2620
20	25	1020
20	26	-4540
20	27	2980
20	28	100
20	29	-6660
20	30	-6020
20	31	2020
20	32	-3100
20	33	580
20	34	700
20	35	-380
20	36	860
20	37	380
20	38	-3900
20	39	-4540
21	22	-6300
21	23	2180
21	24	-100
21	25	-8100
21	26	-1820
21	27	-700
21	28	-3580
21	29	3420
21	30	4060
21	31	4740
21	32	-380
21	33	3300
21	34	-2020
21	35	8740
21	36	-1860
21	37	4060
21	38	-7580
21	39	-1820
22	23	-2620
22	24	-1700
22	25	3100
22	26	-6620
22	27	7300
22	28	-1980
22	29	-4580
22	30	2460
22	31	-6460
22	32	1220
22	33	-1500
22	34	2780
22	35	-2460
22	36	-3460
22	37	-3940
22	38	420
22	39	-6620
23	24	-3780
23	25	1020
23	26	1860
23	27	-3420
23	28	6500
23	29	-260
23	30	380
23	31	8420
23	32	-3100
23	33	580
23	34	-5700
23	35	6020
23	36	-5540
23	37	380
23	38	-3900
23	39	1860
24	25	-3100
24	26	6620
24	27	5500
24	28	1980
24	29	4580
24	30	-2460
24	31	60
24	32	-7620
24	33	-4900
24	34	3620
24	35	-3940
24	36	-2940
24	37	3940
24	38	-420
24	39	6620
25	26	-1380
25	27	-2500
25	28	6780
25	29	-6620
25	30	-7260
25	31	-1540
25	32	3580
25	33	-100
25	34	-1180
25	35	-5540
25	36	5060
25	37	-7260
25	38	4380
25	39	-1380
26	27	-1020
26	28	2500
26	29	3740
26	30	-2020
26	31	4420
26	32	-7100
26	33	-3420
26	34	-1700
26	35	-4380
26	36	-1540
26	37	4380
26	38	4900
26	39	10660
27	28	-2780
27	29	-3780
27	30	3260
27	31	-860
27	32	-5980
27	33	4100
27	34	-2820
27	35	-3260
27	36	-2660
27	37	3260
27	38	-380
27	39	-1020
28	29	-900
28	30	-6660
28	31	2660
28	32	-2460
28	33	1220
28	34	60
28	35	260
28	36	220
28	37	-260
28	38	-3260
28	39	2500
29	30	6820
29	31	-2820
29	32	2300
29	33	-7780
29	34	6500
29	35	5980
29	36	-6460
29	37	420
29	38	-3300
29	39	3740
30	31	-2180
30	32	2940
30	33	-740
30	34	-540
30	35	6620
30	36	-7100
30	37	-220
30	38	-2660
30	39	-2020
31	32	-6940
31	33	3140
31	34	-8260
31	35	2180
31	36	-1700
31	37	4220
31	38	-1340
31	39	4420
32	33	-1980
32	34	3260
32	35	3460
32	36	3420
32	37	-9860
32	38	-60
32	39	-7100
33	34	-6820
33	35	740
33	36	6140
33	37	5660
33	38	-2780
33	39	-3420
34	35	540
34	36	-1020
34	37	-540
34	38	-2340
34	39	-1700
35	36	-5700
35	37	220
35	38	-10140
35	39	-4380
36	37	-700
36	38	4220
36	39	-1540
37	38	-2660
37	39	4380
38	39	4900
