0	1	5944
0	2	-616
0	3	6216
0	4	136
0	5	-9256
0	6	-2424
0	7	5624
0	8	-776
0	9	3224
0	10	-184
0	11	1256
0	12	-1096
0	13	-616
0	14	-184
0	15	-5464
0	16	-10216
0	17	2104
0	18	-776
0	19	-776
0	20	-2696
0	21	-1784
0	22	-5144
0	23	616
0	24	-296
0	25	-3176
0	26	3384
0	27	3336
0	28	-6696
0	29	-3224
0	30	-2904
0	31	-7016
0	32	-7016
0	33	2904
0	34	3656
0	35	6104
0	36	3336
0	37	1416
0	38	24
0	39	-8344
1	2	-6696
1	3	-504
1	4	6216
1	5	-2536
1	6	-2744
1	7	5944
1	8	-6856
1	9	-2856
1	10	-504
1	11	936
1	12	-776
1	13	6104
1	14	-504
1	15	616
1	16	-3496
1	17	2424
1	18	-456
1	19	-456
1	20	-2376
1	21	4296
1	22	936
1	23	6696
1	24	24
1	25	3544
1	26	3704
1	27	-3384
1	28	24
1	29	2856
1	30	3176
1	31	-296
1	32	-296
1	33	3224
1	34	-3064
1	35	24
1	36	-3384
1	37	7496
1	38	344
1	39	-2264
2	3	-344
2	4	-6424
2	5	-2696
2	6	-2584
2	7	-616
2	8	-616
2	9	3384
2	10	-344
2	11	-5304
2	12	-936
2	13	-6856
2	14	-344
2	15	776
2	16	-3656
2	17	2264
2	18	-616
2	19	-616
2	20	-2536
2	21	-1944
2	22	-5304
2	23	-5944
2	24	-6536
2	25	-9416
2	26	-2856
2	27	3176
2	28	6264
2	29	-3384
2	30	3336
2	31	-456
2	32	-6856
2	33	3064
2	34	3496
2	35	-6536
2	36	3176
2	37	-5144
2	38	6584
2	39	-2104
3	4	7224
3	5	-4504
3	6	-3016
3	7	-184
3	8	6216
3	9	-4184
3	10	7544
3	11	-296
3	12	6536
3	13	-344
3	14	-5256
3	15	-6376
3	16	-3544
3	17	3336
3	18	-6584
3	19	6216
3	20	-4664
3	21	-3656
3	22	-6696
3	23	344
3	24	-664
3	25	2216
3	26	2056
3	27	4024
3	28	-7064
3	29	-8616
3	30	-8936
3	31	-6744
3	32	-6744
3	33	-3864
3	34	3704
3	35	5736
3	36	4024
3	37	-6856
3	38	-984
3	39	-3496
4	5	2216
4	6	-3336
4	7	136
4	8	136
4	9	-10264
4	10	7224
4	11	-616
4	12	6856
4	13	6376
4	14	-5576
4	15	-296
4	16	3176
4	17	3656
4	18	-6264
4	19	6536
4	20	-4344
4	21	2424
4	22	-616
4	23	6424
4	24	-344
4	25	8936
4	26	2376
4	27	-2696
4	28	-344
4	29	-2536
4	30	-2856
4	31	-24
4	32	-24
4	33	-3544
4	34	-3016
4	35	-344
4	36	-2696
4	37	-776
4	38	-664
4	39	2584
5	6	6056
5	7	-9256
5	8	3544
5	9	1144
5	10	-4504
5	11	3336
5	12	3224
5	13	-2696
5	14	-4504
5	15	9416
5	16	6904
5	17	24
5	18	-2856
5	19	-2856
5	20	1624
5	21	6696
5	22	3336
5	23	2696
5	24	-2376
5	25	7544
5	26	1304
5	27	-984
5	28	4024
5	29	-1144
5	30	-824
5	31	3704
5	32	3704
5	33	824
5	34	-7064
5	35	-2376
5	36	-7384
5	37	3496
5	38	-2056
5	39	6536
6	7	-2424
6	8	3976
6	9	6376
6	10	-9416
6	11	8344
6	12	-2104
6	13	-2584
6	14	-3016
6	15	2264
6	16	616
6	17	-5304
6	18	-2424
6	19	-8824
6	20	-504
6	21	-1416
6	22	1944
6	23	-3816
6	24	3496
6	25	-24
6	26	6216
6	27	6264
6	28	-2904
6	29	24
6	30	-296
6	31	-2584
6	32	3816
6	33	6696
6	34	-456
6	35	3496
6	36	-6536
6	37	1784
6	38	-3224
6	39	-1256
7	8	-7176
7	9	-3176
7	10	-184
7	11	1256
7	12	-7496
7	13	5784
7	14	-184
7	15	-5464
7	16	-3816
7	17	-4296
7	18	-776
7	19	-776
7	20	-2696
7	21	-1784
7	22	1256
7	23	616
7	24	6104
7	25	-3176
7	26	3384
7	27	-3064
7	28	-296
7	29	3176
7	30	3496
7	31	-616
7	32	-616
7	33	2904
7	34	3656
7	35	-296
7	36	3336
7	37	1416
7	38	6424
7	39	-1944
8	9	3224
8	10	-184
8	11	1256
8	12	5304
8	13	-7016
8	14	-184
8	15	936
8	16	2584
8	17	2104
8	18	-776
8	19	-776
8	20	-2696
8	21	-1784
8	22	-5144
8	23	616
8	24	-296
8	25	3224
8	26	-3016
8	27	3336
8	28	-6696
8	29	-3224
8	30	-9304
8	31	-616
8	32	-616
8	33	-3496
8	34	-2744
8	35	6104
8	36	3336
8	37	-4984
8	38	-6376
8	39	-1944
9	10	-10584
9	11	3656
9	12	-3496
9	13	-9416
9	14	2216
9	15	3336
9	16	-6216
9	17	-296
9	18	3224
9	19	-9576
9	20	1304
9	21	616
9	22	-2744
9	23	-3384
9	24	-2696
9	25	-5576
9	26	984
9	27	5736
9	28	-2696
9	29	-824
9	30	-504
9	31	-3016
9	32	-3016
9	33	6904
9	34	-344
9	35	3704
9	36	-664
9	37	3816
9	38	-2376
9	39	-5944
10	11	-6696
10	12	6536
10	13	6056
10	14	1144
10	15	-6376
10	16	2856
10	17	3336
10	18	-184
10	19	12616
10	20	1736
10	21	-3656
10	22	-296
10	23	344
10	24	-664
10	25	2216
10	26	-4344
10	27	-2376
10	28	-664
10	29	-2216
10	30	-2536
10	31	-344
10	32	-344
10	33	-10264
10	34	3704
10	35	-664
10	36	4024
10	37	-6856
10	38	-984
10	39	2904
11	12	-4824
11	13	1096
11	14	-6696
11	15	-1416
11	16	-2104
11	17	-8024
11	18	-5144
11	19	-5144
11	20	3176
11	21	1304
11	22	4664
11	23	-1096
11	24	7176
11	25	3656
11	26	9896
11	27	2584
11	28	-5624
11	29	-3656
11	30	-3976
11	31	-5304
11	32	1096
11	33	3976
11	34	2264
11	35	7176
11	36	-3816
11	37	4504
11	38	456
11	39	1464
12	13	-936
12	14	136
12	15	1256
12	16	2264
12	17	8184
12	18	-1096
12	19	5304
12	20	-3016
12	21	-1464
12	22	-4824
12	23	936
12	24	-7016
12	25	2904
12	26	-3336
12	27	3656
12	28	-616
12	29	-2904
12	30	-2584
12	31	-936
12	32	-936
12	33	-3816
12	34	-2424
12	35	-616
12	36	-2744
12	37	-4664
12	38	-6696
12	39	-1624
13	14	-344
13	15	-5624
13	16	2744
13	17	-4136
13	18	-616
13	19	5784
13	20	3864
13	21	-1944
13	22	7496
13	23	456
13	24	6264
13	25	3384
13	26	3544
13	27	-3224
13	28	-136
13	29	3016
13	30	3336
13	31	-456
13	32	5944
13	33	-3336
13	34	3496
13	35	-136
13	36	-3224
13	37	1256
13	38	184
13	39	4296
14	15	24
14	16	2856
14	17	3336
14	18	12616
14	19	-184
14	20	1736
14	21	-3656
14	22	-296
14	23	344
14	24	-664
14	25	-4184
14	26	-10744
14	27	-2376
14	28	-664
14	29	10584
14	30	3864
14	31	6056
14	32	6056
14	33	-3864
14	34	-2696
14	35	-664
14	36	4024
14	37	-456
14	38	-7384
14	39	-3496
15	16	3976
15	17	4456
15	18	936
15	19	-5464
15	20	-3544
15	21	8024
15	22	-1416
15	23	5624
15	24	-5944
15	25	3336
15	26	-3224
15	27	-3496
15	28	6856
15	29	3064
15	30	2744
15	31	7176
15	32	776
15	33	3656
15	34	-10216
15	35	-5944
15	36	-3496
15	37	4824
15	38	136
15	39	1784
16	17	-936
16	18	2584
16	19	2584
16	20	664
16	21	1256
16	22	4296
16	23	3656
16	24	3064
16	25	6584
16	26	-6056
16	27	-6424
16	28	3064
16	29	6216
16	30	136
16	31	9144
16	32	9144
16	33	-6536
16	34	-6104
16	35	-3336
16	36	-24
16	37	-1944
16	38	-3016
16	39	7496
17	18	2104
17	19	2104
17	20	-6216
17	21	1736
17	22	-8024
17	23	4136
17	24	-10216
17	25	-296
17	26	-6536
17	27	456
17	28	2584
17	29	296
17	30	616
17	31	2264
17	32	-4136
17	33	-616
17	34	-5624
17	35	-3816
17	36	456
17	37	-1464
17	38	-3496
17	39	-4824
18	19	-776
18	20	3704
18	21	-1784
18	22	1256
18	23	616
18	24	-296
18	25	-3176
18	26	-9416
18	27	-3064
18	28	-296
18	29	9576
18	30	3496
18	31	5784
18	32	5784
18	33	-3496
18	34	-2744
18	35	-296
18	36	3336
18	37	1416
18	38	-6376
18	39	-1944
19	20	3704
19	21	-1784
19	22	1256
19	23	616
19	24	-296
19	25	3224
19	26	-3016
19	27	-3064
19	28	-296
19	29	-3224
19	30	-2904
19	31	-616
19	32	-616
19	33	-9896
19	34	3656
19	35	-296
19	36	3336
19	37	-4984
19	38	24
19	39	4456
20	21	136
20	22	9576
20	23	-3864
20	24	4184
20	25	1304
20	26	1464
20	27	-1144
20	28	-2216
20	29	-1304
20	30	-984
20	31	-2536
20	32	3864
20	33	-5416
20	34	5576
20	35	4184
20	36	-1144
20	37	3336
20	38	-1896
20	39	6376
21	22	1304
21	23	8344
21	24	-2264
21	25	7016
21	26	456
21	27	-7176
21	28	4136
21	29	-616
21	30	-936
21	31	4456
21	32	-1944
21	33	936
21	34	-7496
21	35	-2264
21	36	-776
21	37	7544
21	38	3816
21	39	4504
22	23	-1096
22	24	7176
22	25	3656
22	26	3496
22	27	-3816
22	28	776
22	29	2744
22	30	2424
22	31	1096
22	32	7496
22	33	-2424
22	34	2264
22	35	776
22	36	-3816
22	37	4504
22	38	456
22	39	7864
23	24	136
23	25	9416
23	26	-3544
23	27	-9576
23	28	136
23	29	3384
23	30	-3336
23	31	6856
23	32	456
23	33	-3064
23	34	-9896
23	35	136
23	36	3224
23	37	5144
23	38	-184
23	39	2104
24	25	3704
24	26	3864
24	27	-3544
24	28	-6216
24	29	2696
24	30	-3384
24	31	-136
24	32	6264
24	33	-3016
24	34	3176
24	35	6584
24	36	2856
24	37	936
24	38	504
24	39	3976
25	26	984
25	27	-7064
25	28	-2696
25	29	-824
25	30	-6904
25	31	3384
25	32	3384
25	33	-5896
25	34	-6744
25	35	3704
25	36	-664
25	37	3816
25	38	-2376
25	39	6856
26	27	5576
26	28	-2536
26	29	-7384
26	30	-664
26	31	-9256
26	32	-2856
26	33	7064
26	34	5896
26	35	3864
26	36	-7224
26	37	3656
26	38	4184
26	39	296
27	28	-3544
27	29	-5736
27	30	344
27	31	-9624
27	32	-3224
27	33	6056
27	34	6584
27	35	2856
27	36	-5896
27	37	-3976
27	38	-3864
27	39	-7016
28	29	2696
28	30	9416
28	31	6264
28	32	-136
28	33	3384
28	34	-3224
28	35	-12616
28	36	-3544
28	37	936
28	38	6904
28	39	3976
29	30	6904
29	31	9416
29	32	9416
29	33	-504
29	34	-6056
29	35	-3704
29	36	664
29	37	2584
29	38	-4024
29	39	-456
30	31	3336
30	32	3336
30	33	6216
30	34	24
30	35	-9784
30	36	-6056
30	37	2264
30	38	2696
30	39	-776
31	32	5944
31	33	-3336
31	34	-9304
31	35	-6536
31	36	3176
31	37	1256
31	38	184
31	39	4296
32	33	-3336
32	34	-2904
32	35	-136
32	36	-3224
32	37	1256
32	38	-6216
32	39	4296
33	34	-24
33	35	-3016
33	36	-6744
33	37	4136
33	38	3704
33	39	-5624
34	35	3176
34	36	184
34	37	-4296
34	38	2856
34	39	-936
35	36	2856
35	37	936
35	38	-5896
35	39	-2424
36	37	-3976
36	38	2536
36	39	-616
37	38	616
37	39	1304
38	39	3656
