0	1	15372
0	2	-11076
0	3	5756
0	4	10012
0	5	-3324
0	6	12636
0	7	4996
0	8	15028
0	9	1388
0	10	9708
0	11	-1652
0	12	4580
0	13	892
0	14	-3172
0	15	4884
0	16	-10620
0	17	780
0	18	-2148
0	19	2452
0	20	2452
0	21	-14116
0	22	-7468
0	23	6556
0	24	8836
0	25	-4236
0	26	12140
0	27	9252
0	28	1388
0	29	-4884
0	30	-15636
0	31	-17308
0	32	-8532
0	33	13244
0	34	-5644
0	35	-8836
0	36	4428
0	37	-10316
1	2	-3780
1	3	-7316
1	4	2716
1	5	3972
1	6	8380
1	7	-2300
1	8	1956
1	9	2908
1	10	2412
1	11	-5908
1	12	324
1	13	-6404
1	14	-13204
1	15	628
1	16	-3324
1	17	2300
1	18	2108
1	19	-7580
1	20	-7580
1	21	-12596
1	22	8340
1	23	8076
1	24	-6972
1	25	3060
1	26	10620
1	27	-3820
1	28	-2868
1	29	5148
1	30	-8340
1	31	-10012
1	32	1500
1	33	14764
1	34	-1388
1	35	1196
1	36	172
1	37	-3020
2	3	-3972
2	4	-5492
2	5	-5148
2	6	-12292
2	7	6820
2	8	-6252
2	9	-6212
2	10	-20
2	11	-3476
2	12	8532
2	13	-8836
2	14	6556
2	15	3060
2	16	4884
2	17	-6820
2	18	-11876
2	19	628
2	20	-10924
2	21	-4388
2	22	17460
2	23	16284
2	24	-10316
2	25	-6060
2	26	2412
2	27	-476
2	28	-436
2	29	2716
2	30	5644
2	31	3972
2	32	4844
2	33	-5908
2	34	-3820
2	35	10316
2	36	2604
2	37	-588
3	4	-12292
3	5	-172
3	6	1196
3	7	-13052
3	8	11572
3	9	-4884
3	10	-436
3	11	-7620
3	12	-13852
3	13	-8948
3	14	11228
3	15	8948
3	16	-10204
3	17	-10052
3	18	-132
3	19	11380
3	20	-5948
3	21	4844
3	22	-23692
3	23	-4276
3	24	-6556
3	25	6516
3	26	-14420
3	27	20
3	28	6668
3	29	-8948
3	30	-5188
3	31	2260
3	32	476
3	33	588
3	34	3364
3	35	-4996
3	36	-7924
3	37	-4732
4	5	-1692
4	6	5452
4	7	20
4	8	-4236
4	9	-6404
4	10	1084
4	11	8188
4	12	13508
4	13	4124
4	14	9708
4	15	-9900
4	16	11380
4	17	-5796
4	18	7164
4	19	-1692
4	20	9860
4	21	-2452
4	22	932
4	23	-20
4	24	15028
4	25	-6556
4	26	-1348
4	27	13092
4	28	-6404
4	29	4124
4	30	4844
4	31	740
4	32	-9556
4	33	-6708
4	34	-892
4	35	2300
4	36	2108
4	37	5300
5	6	-4540
5	7	-18260
5	8	-2452
5	9	-15788
5	10	-1996
5	11	-1500
5	12	-12596
5	13	-5036
5	14	2756
5	15	5036
5	16	1084
5	17	932
5	18	-13852
5	19	8380
5	20	-8948
5	21	3364
5	22	-1844
5	23	-4844
5	24	-2564
5	25	-4084
5	26	-5340
5	27	3324
5	28	-4236
5	29	740
5	30	1844
5	31	172
5	32	-2908
5	33	-9708
5	34	5756
5	35	8340
5	36	-6972
5	37	-21716
6	7	6212
6	8	16244
6	9	172
6	10	-6404
6	11	2908
6	12	3364
6	13	-3668
6	14	7164
6	15	-7884
6	16	-6060
6	17	-11988
6	18	4844
6	19	7012
6	20	-10316
6	21	1996
6	22	-6252
6	23	-6212
6	24	-3932
6	25	-5452
6	26	7580
6	27	-6860
6	28	5948
6	29	7884
6	30	-11076
6	31	-6972
6	32	-7316
6	33	12028
6	34	-4428
6	35	-1844
6	36	-2564
6	37	20
7	8	6556
7	9	132
7	10	-5452
7	11	8948
7	12	14268
7	13	9140
7	14	10468
7	15	-9140
7	16	-5188
7	17	-5036
7	18	628
7	19	-6708
7	20	-932
7	21	9860
7	22	11724
7	23	6516
7	24	15788
7	25	-20
7	26	9444
7	27	-4996
7	28	-5644
7	29	3364
7	30	11380
7	31	-10052
7	32	7012
7	33	11380
7	34	-1652
7	35	1540
7	36	25972
7	37	284
8	9	-7164
8	10	1844
8	11	13204
8	12	-4580
8	13	-6668
8	14	20500
8	15	892
8	16	-932
8	17	-12332
8	18	2148
8	19	14876
8	20	-8228
8	21	2564
8	22	-21412
8	23	-780
8	24	-3060
8	25	-1540
8	26	5188
8	27	-9252
8	28	4388
8	29	-6668
8	30	-13244
8	31	-11572
8	32	8532
8	33	9860
8	34	-5908
8	35	8836
8	36	7124
8	37	-1236
9	10	4844
9	11	-2564
9	12	3668
9	13	13356
9	14	-21412
9	15	-1804
9	16	20
9	17	5644
9	18	16092
9	19	-21564
9	20	13092
9	21	-3476
9	22	4996
9	23	5644
9	24	2148
9	25	628
9	26	1500
9	27	-7164
9	28	6252
9	29	7580
9	30	-10772
9	31	-6668
9	32	-1844
9	33	12332
9	34	1044
9	35	-7924
9	36	-13812
9	37	23428
10	11	2108
10	12	18980
10	13	-7124
10	14	3628
10	15	1348
10	16	-6252
10	17	11228
10	18	-9860
10	19	3780
10	20	9556
10	21	-8532
10	22	1236
10	23	-324
10	24	-2604
10	25	-1084
10	26	4732
10	27	7620
10	28	-12484
10	29	-1348
10	30	-12788
10	31	6212
10	32	-15028
10	33	-1236
10	34	-6364
10	35	-8948
10	36	-15524
10	37	-780
11	12	6404
11	13	4844
11	14	10204
11	15	-16396
11	16	2756
11	17	-3172
11	18	1804
11	19	4276
11	20	10052
11	21	5036
11	22	-3516
11	23	2604
11	24	4884
11	25	-2412
11	26	4540
11	27	1652
11	28	8988
11	29	4844
11	30	-8036
11	31	-9708
11	32	6972
11	33	3516
11	34	9860
11	35	12444
11	36	17804
11	37	3060
12	13	10164
12	14	4884
12	15	-4388
12	16	-8340
12	17	8836
12	18	1348
12	19	-1044
12	20	10508
12	21	-6060
12	22	13356
12	23	3060
12	24	11116
12	25	-1956
12	26	9860
12	27	1196
12	28	-13660
12	29	10164
12	30	-1804
12	31	2300
12	32	-10812
12	33	3972
12	34	-2148
12	35	436
12	36	-4844
12	37	3516
13	14	-10964
13	15	4084
13	16	-9292
13	17	8188
13	18	22060
13	19	-16588
13	20	12292
13	21	11532
13	22	4276
13	23	2412
13	24	17460
13	25	7428
13	26	1996
13	27	-12444
13	28	1804
13	29	-4084
13	30	7276
13	31	8948
13	32	11116
13	33	1500
13	34	2452
13	35	-132
13	36	4540
13	37	1956
14	15	-12140
14	16	1236
14	17	-22020
14	18	-8228
14	19	14308
14	20	-3020
14	21	15068
14	22	-13548
14	23	-4692
14	24	-2412
14	25	-3932
14	26	-11268
14	27	3172
14	28	-4084
14	29	588
14	30	7772
14	31	6100
14	32	-3060
14	33	-9556
14	34	-172
14	35	8188
14	36	4732
14	37	-4236
15	16	-13812
15	17	3364
15	18	1044
15	19	10812
15	20	-18068
15	21	-11532
15	22	1500
15	23	14916
15	24	-5908
15	25	-1652
15	26	-1996
15	27	-4884
15	28	-1804
15	29	-24796
15	30	-1500
15	31	2604
15	32	6212
15	33	-1500
15	34	-2452
15	35	-5644
15	36	-10316
15	37	-13508
16	17	5188
16	18	10772
16	19	-4692
16	20	12636
16	21	7620
16	22	5452
16	23	-588
16	24	1692
16	25	-5604
16	26	1956
16	27	4844
16	28	-5756
16	29	2260
16	30	6100
16	31	-7124
16	32	4388
16	33	-11228
16	34	-4276
16	35	15636
16	36	3060
16	37	11420
17	18	-628
17	19	-10620
17	20	18260
17	21	-4084
17	22	11380
17	23	-740
17	24	13092
17	25	5796
17	26	13660
17	27	-780
17	28	-11684
17	29	2412
17	30	5948
17	31	-1500
17	32	-1236
17	33	-5604
17	34	13204
17	35	-1540
17	36	-2868
17	37	-11836
18	19	-2300
18	20	9252
18	21	8492
18	22	-4236
18	23	-628
18	24	2868
18	25	10164
18	26	5036
18	27	-15180
18	28	4540
18	29	-6820
18	30	4236
18	31	-5644
18	32	14156
18	33	4236
18	34	-6060
18	35	2908
18	36	1500
18	37	16244
19	20	-14724
19	21	-8188
19	22	-19172
19	23	-10620
19	24	-14116
19	25	-4084
19	26	6212
19	27	-2452
19	28	1540
19	29	-10812
19	30	-9708
19	31	-11380
19	32	2868
19	33	1844
19	34	-5796
19	35	-3212
19	36	4580
19	37	-10164
20	21	3364
20	22	-1844
20	23	-4844
20	24	14764
20	25	1692
20	26	436
20	27	3324
20	28	-4236
20	29	6516
20	30	-3932
20	31	-5604
20	32	-2908
20	33	-3932
20	34	11532
20	35	-3212
20	36	-1196
20	37	7164
21	22	3172
21	23	-4084
21	24	3972
21	25	2452
21	26	-11876
21	27	-3212
21	28	-3476
21	29	-20
21	30	8380
21	31	12484
21	32	7884
21	33	-8948
21	34	-780
21	35	7580
21	36	5340
21	37	2148
22	23	22932
22	24	-2452
22	25	-6708
22	26	4580
22	27	1692
22	28	-12332
22	29	4276
22	30	4692
22	31	6364
22	32	-9404
22	33	-6860
22	34	-740
22	35	2452
22	36	1956
22	37	-628
23	24	-10012
23	25	-11532
23	26	2108
23	27	4996
23	28	-132
23	29	-14916
23	30	172
23	31	-7276
23	32	4540
23	33	5948
23	34	1652
23	35	10012
23	36	2908
23	37	-6060
24	25	2300
24	26	5604
24	27	2716
24	28	-9404
24	29	11684
24	30	14004
24	31	-4996
24	32	-3516
24	33	2452
24	34	5148
24	35	1956
24	36	10964
24	37	-3780
25	26	1348
25	27	-13092
25	28	628
25	29	13204
25	30	932
25	31	10812
25	32	9556
25	33	-4844
25	34	12444
25	35	-8076
25	36	-2108
25	37	6252
26	27	-588
26	28	7276
26	29	1996
26	30	-4580
26	31	-20236
26	32	5644
26	33	18524
26	34	-8796
26	35	172
26	36	10012
26	37	-4124
27	28	10164
27	29	-6668
27	30	4084
27	31	-20
27	32	-14572
27	33	-7468
27	34	-11684
27	35	3060
27	36	-4428
27	37	-1236
28	29	-3972
28	30	-4996
28	31	-6668
28	32	9708
28	33	780
28	34	-4732
28	35	-2148
28	36	-2260
28	37	6100
29	30	-4276
29	31	-2604
29	32	-11988
29	33	1500
29	34	14004
29	35	-5908
29	36	-1236
29	37	7732
30	31	10964
30	32	3628
30	33	-16244
30	34	740
30	35	14876
30	36	9596
30	37	-10924
31	32	-6252
31	33	-23692
31	34	-3364
31	35	-780
31	36	-15180
31	37	4732
32	33	9404
32	34	324
32	35	9292
32	36	12444
32	37	4084
33	34	-5036
33	35	-2452
33	36	9596
33	37	6404
34	35	-5148
34	36	3780
34	37	-10356
35	36	6364
35	37	-1996
36	37	-8188
