0	1	-116
0	2	1180
0	3	-948
0	4	14780
0	5	-4444
0	6	-14780
0	7	-5052
0	8	10372
0	9	-8172
0	10	1180
0	11	18732
0	12	-1708
0	13	-10908
0	14	5132
0	15	16908
0	16	-10372
0	17	9004
0	18	2620
0	19	3612
0	20	268
0	21	-1788
0	22	3308
0	23	572
0	24	5660
0	25	-13260
0	26	-19724
0	27	-10452
0	28	796
0	29	7028
0	30	1100
0	31	9692
0	32	-2396
0	33	-6956
0	34	4444
0	35	-5588
0	36	188
0	37	13188
1	2	7788
1	3	-7412
1	4	-12196
1	5	1860
1	6	6420
1	7	-3308
1	8	-13564
1	9	4980
1	10	-3764
1	11	-4596
1	12	4900
1	13	1940
1	14	3836
1	15	3004
1	16	2012
1	17	10908
1	18	-36
1	19	11132
1	20	14476
1	21	-1404
1	22	11436
1	23	-20484
1	24	-3076
1	25	16452
1	26	-6572
1	27	1484
1	28	1788
1	29	-4444
1	30	-10068
1	31	-6500
1	32	-12348
1	33	9540
1	34	-1860
1	35	2396
1	36	13948
1	37	-15772
2	3	-8852
2	4	-420
2	5	-12348
2	6	420
2	7	21700
2	8	6724
2	9	-268
2	10	16380
2	11	-13796
2	12	-9612
2	13	2772
2	14	-14324
2	15	-4068
2	16	-6724
2	17	5356
2	18	10524
2	19	1484
2	20	9692
2	21	6116
2	22	1180
2	23	-7332
2	24	-3764
2	25	-3836
2	26	-268
2	27	9004
2	28	2924
2	29	-2396
2	30	3228
2	31	-3988
2	32	5508
2	33	948
2	34	-4980
2	35	-15012
2	36	13868
2	37	-492
3	4	-4068
3	5	-2924
3	6	-13260
3	7	-3532
3	8	-2700
3	9	1860
3	10	-26180
3	11	-116
3	12	-5964
3	13	4900
3	14	-4900
3	15	-7716
3	16	-3076
3	17	1708
3	18	1100
3	19	-12196
3	20	-15540
3	21	-9084
3	22	4828
3	23	2092
3	24	4140
3	25	11364
3	26	-9692
3	27	-420
3	28	10828
3	29	-268
3	30	11132
3	31	5436
3	32	-9692
3	33	-20028
3	34	8700
3	35	4444
3	36	-7108
3	37	3156
4	5	10980
4	6	-7564
4	7	5812
4	8	23524
4	9	-15692
4	10	11132
4	11	9388
4	12	-3308
4	13	-7180
4	14	1404
4	15	5436
4	16	-420
4	17	1788
4	18	2396
4	19	2924
4	20	492
4	21	6804
4	22	-2548
4	23	5964
4	24	-6420
4	25	-14860
4	26	1636
4	27	-7636
4	28	-7332
4	29	-2012
4	30	3916
4	31	2620
4	32	-4140
4	33	6196
4	34	6348
4	35	-6724
4	36	-948
4	37	16452
5	6	6348
5	7	-7028
5	8	6572
5	9	-420
5	10	4980
5	11	9156
5	12	-3684
5	13	-3156
5	14	8932
5	15	-4220
5	16	-12348
5	17	5204
5	18	-1180
5	19	-9916
5	20	9844
5	21	5964
5	22	-15996
5	23	4372
5	24	-9692
5	25	7868
5	26	-420
5	27	-8476
5	28	-3004
5	29	-8324
5	30	3076
5	31	-3836
5	32	-6196
5	33	18124
5	34	644
5	35	2164
5	36	-3612
5	37	-340
6	7	5740
6	8	-6196
6	9	4140
6	10	420
6	11	-3612
6	12	-2468
6	13	1404
6	14	-1404
6	15	6116
6	16	6196
6	17	-1788
6	18	-13948
6	19	-2924
6	20	5284
6	21	10524
6	22	-3228
6	23	-5964
6	24	644
6	25	-8244
6	26	9916
6	27	-3916
6	28	-9996
6	29	2012
6	30	-15468
6	31	-2620
6	32	4140
6	33	11132
6	34	-572
6	35	6724
6	36	948
6	37	-10676
7	8	1404
7	9	188
7	10	10148
7	11	-7564
7	12	-10068
7	13	9004
7	14	-3228
7	15	-15164
7	16	-1404
7	17	36
7	18	-6348
7	19	-4748
7	20	-8092
7	21	12348
7	22	724
7	23	-2012
7	24	-9084
7	25	-10068
7	26	11740
7	27	15236
7	28	9156
7	29	-1940
7	30	3684
7	31	-4444
7	32	11740
7	33	-4372
7	34	-4524
7	35	-3004
7	36	8548
7	37	10604
8	9	-11284
8	10	12500
8	11	8020
8	12	-7716
8	13	-2772
8	14	-3004
8	15	-1708
8	16	948
8	17	420
8	18	12580
8	19	4292
8	20	-3916
8	21	-6116
8	22	-1180
8	23	-4220
8	24	-2012
8	25	-1940
8	26	268
8	27	-9004
8	28	-2924
8	29	13948
8	30	2548
8	31	3988
8	32	-5508
8	33	4828
8	34	4980
8	35	-13868
8	36	-13868
8	37	12044
9	10	-6044
9	11	-8092
9	12	2620
9	13	-7332
9	14	1556
9	15	-12044
9	16	-268
9	17	13188
9	18	-9308
9	19	-2700
9	20	-5132
9	21	-4900
9	22	-8172
9	23	-11212
9	24	-12348
9	25	14172
9	26	1484
9	27	-2012
9	28	-7484
9	29	-7940
9	30	9540
9	31	14324
9	32	7260
9	33	268
9	34	-11132
9	35	-1100
9	36	10452
9	37	-18052
10	11	9308
10	12	-15388
10	13	-3004
10	14	14556
10	15	-9844
10	16	4828
10	17	-420
10	18	10524
10	19	1484
10	20	3916
10	21	11892
10	22	-16148
10	23	4220
10	24	-9540
10	25	-3836
10	26	11284
10	27	9004
10	28	2924
10	29	-2396
10	30	-2548
10	31	-9764
10	32	11284
10	33	12500
10	34	-10756
10	35	-9236
10	36	-3460
10	37	5284
11	12	-10908
11	13	6196
11	14	28460
11	15	13036
11	16	9308
11	17	-7940
11	18	-1556
11	19	6876
11	20	4444
11	21	-2924
11	22	-10148
11	23	4140
11	24	6956
11	25	-5132
11	26	-8092
11	27	-36
11	28	11820
11	29	-188
11	30	5740
11	31	6572
11	32	-2316
11	33	-3532
11	34	-3380
11	35	876
11	36	-10676
11	37	8852
12	13	-116
12	14	-5660
12	15	10372
12	16	1940
12	17	2468
12	18	1860
12	19	15924
12	20	6804
12	21	-2548
12	22	9844
12	23	-4444
12	24	4900
12	25	-6724
12	26	-3156
12	27	-5436
12	28	36
12	29	-5284
12	30	6116
12	31	4676
12	32	2620
12	33	3836
12	34	3684
12	35	-572
12	36	5204
12	37	-3380
13	14	10372
13	15	2244
13	16	14324
13	17	-24508
13	18	-796
13	19	11892
13	20	-2092
13	21	3612
13	22	6420
13	23	-13948
13	24	1940
13	25	-116
13	26	4220
13	27	6500
13	28	12580
13	29	-10980
13	30	-5052
13	31	-5740
13	32	-1556
13	33	-8548
13	34	8932
13	35	1636
13	36	1636
13	37	2316
14	15	-2244
14	16	8780
14	17	-4372
14	18	-4980
14	19	5436
14	20	2092
14	21	2164
14	22	-12196
14	23	-3380
14	24	3836
14	25	116
14	26	7332
14	27	5052
14	28	16300
14	29	-12124
14	30	-724
14	31	5740
14	32	1556
14	33	2772
14	34	-8932
14	35	4140
14	36	-7412
14	37	-2316
15	16	1708
15	17	-6116
15	18	6044
15	19	10828
15	20	19948
15	21	-6876
15	22	11132
15	23	-3460
15	24	3004
15	25	-12732
15	26	-12044
15	27	-15540
15	28	-9460
15	29	1636
15	30	-15540
15	31	-1028
15	32	-12044
15	33	9844
15	34	9996
15	35	-8852
15	36	8476
15	37	-4524
16	17	-11972
16	18	-1028
16	19	13036
16	20	-7636
16	21	340
16	22	1180
16	23	-13108
16	24	2012
16	25	7716
16	26	5508
16	27	-2548
16	28	-2852
16	29	-2396
16	30	-2548
16	31	-3988
16	32	5508
16	33	-4828
16	34	-4980
16	35	8092
16	36	2316
16	37	-6268
17	18	13948
17	19	-14404
17	20	492
17	21	-4748
17	22	-2548
17	23	188
17	24	-644
17	25	14020
17	26	-9916
17	27	-13412
17	28	-1556
17	29	-2012
17	30	3916
17	31	2620
17	32	-4140
17	33	6196
17	34	-10980
17	35	-948
17	36	-6724
17	37	-6652
18	19	-3460
18	20	5660
18	21	-9916
18	22	8396
18	23	-420
18	24	5740
18	25	13412
18	26	-9308
18	27	-7028
18	28	-948
18	29	-1404
18	30	-1252
18	31	-3764
18	32	-9308
18	33	1028
18	34	-4596
18	35	-340
18	36	-6116
18	37	4292
19	20	572
19	21	-7868
19	22	9388
19	23	-16452
19	24	-420
19	25	-7180
19	26	3076
19	27	6572
19	28	492
19	29	948
19	30	-4980
19	31	-1556
19	32	-2700
19	33	-1484
19	34	9916
19	35	-5892
19	36	5660
19	37	-3836
20	21	1252
20	22	268
20	23	3308
20	24	2924
20	25	1028
20	26	644
20	27	-1636
20	28	-1940
20	29	-1484
20	30	-1636
20	31	-4900
20	32	-5132
20	33	19188
20	34	-9844
20	35	-8324
20	36	9004
20	37	-12956
21	22	-1788
21	23	948
21	24	-7180
21	25	-14100
21	26	6652
21	27	-2620
21	28	-8092
21	29	-8548
21	30	-2620
21	31	-2396
21	32	876
21	33	-340
21	34	5588
21	35	9844
21	36	9844
21	37	5660
22	23	-10980
22	24	-116
22	25	-1708
22	26	-8172
22	27	-4676
22	28	-10756
22	29	12804
22	30	-10452
22	31	-7636
22	32	-8172
22	33	-6956
22	34	15996
22	35	5964
22	36	5964
22	37	1636
23	24	8396
23	25	-4444
23	26	6116
23	27	9612
23	28	3532
23	29	3988
23	30	9612
23	31	-4596
23	32	11892
23	33	1556
23	34	-10148
23	35	2924
23	36	-14404
23	37	4676
24	25	-876
24	26	-6572
24	27	1484
24	28	7564
24	29	1332
24	30	1484
24	31	5052
24	32	4980
24	33	-19340
24	34	-13412
24	35	13948
24	36	-14932
24	37	1556
25	26	-3156
25	27	-5436
25	28	36
25	29	492
25	30	340
25	31	-12652
25	32	-8932
25	33	3836
25	34	-13644
25	35	5204
25	36	-6348
25	37	-20708
26	27	15316
26	28	-1708
26	29	-7940
26	30	-7788
26	31	-3004
26	32	1484
26	33	6044
26	34	-5356
26	35	-1100
26	36	-1100
26	37	-12276
27	28	17900
27	29	116
27	30	268
27	31	492
27	32	3764
27	33	-9004
27	34	2700
27	35	-4596
27	36	1180
27	37	8548
28	29	-5356
28	30	12124
28	31	188
28	32	4068
28	33	-2924
28	34	-2772
28	35	-15844
28	36	-15844
28	37	8244
29	30	-11436
29	31	-5132
29	32	3612
29	33	-3380
29	34	14100
29	35	-4748
29	36	-16300
29	37	8700
30	31	12044
30	32	15316
30	33	-3228
30	34	-20404
30	35	-4596
30	36	1180
30	37	2772
31	32	-3004
31	33	-7564
31	34	-1940
31	35	-420
31	36	5356
31	37	8020
32	33	-5508
32	34	-16908
32	35	-1100
32	36	-1100
32	37	-724
33	34	-6572
33	35	-13868
33	36	3460
33	37	-11060
34	35	-7940
34	36	-2164
34	37	17668
35	36	7868
35	37	1860
36	37	-3916
