0	1	-16188
0	2	-7676
0	3	8284
0	4	8284
0	5	-8284
0	6	-11780
0	7	988
0	8	-15732
0	9	-5548
0	10	8436
0	11	-1596
0	12	-5700
0	13	988
0	14	4028
0	15	-14972
0	16	18620
0	17	-11172
0	18	9804
0	19	4332
0	20	-532
0	21	-2964
0	22	-2052
0	23	-836
0	24	5852
0	25	-380
0	26	-5548
0	27	-7372
0	28	4636
0	29	-8740
0	30	-2812
0	31	7524
0	32	-3116
0	33	-10716
0	34	2964
0	35	10564
0	36	1748
0	37	14364
1	2	-8588
1	3	-20900
1	4	-3572
1	5	-7980
1	6	-6612
1	7	76
1	8	5244
1	9	-1292
1	10	2052
1	11	532
1	12	4636
1	13	3724
1	14	12236
1	15	2356
1	16	-6004
1	17	4332
1	18	-8740
1	19	-5396
1	20	5244
1	21	7676
1	22	-2660
1	23	5548
1	24	-4788
1	25	-684
1	26	10260
1	27	-5244
1	28	-17252
1	29	7676
1	30	3876
1	31	-684
1	32	-7372
1	33	11780
1	34	-1900
1	35	2052
1	36	-12236
1	37	-13300
2	3	4940
2	4	16492
2	5	836
2	6	7676
2	7	-8436
2	8	-3268
2	9	18772
2	10	-18316
2	11	14820
2	12	1596
2	13	-10868
2	14	-19684
2	15	5092
2	16	8588
2	17	7068
2	18	-5700
2	19	-8436
2	20	2204
2	21	-6916
2	22	6156
2	23	-3268
2	24	-1748
2	25	13604
2	26	-4332
2	27	3268
2	28	8588
2	29	-1140
2	30	12692
2	31	-9196
2	32	-10108
2	33	3268
2	34	1140
2	35	-6460
2	36	8132
2	37	-10260
3	4	1444
3	5	10108
3	6	16036
3	7	2052
3	8	-8892
3	9	-6612
3	10	-4180
3	11	-2660
3	12	-12540
3	13	-76
3	14	-14364
3	15	-10260
3	16	-9196
3	17	-6460
3	18	-684
3	19	14820
3	20	-7372
3	21	-15580
3	22	4788
3	23	-13452
3	24	1140
3	25	-1444
3	26	-836
3	27	14668
3	28	9348
3	29	-4028
3	30	-7524
3	31	8588
3	32	3724
3	33	1900
3	34	-7524
3	35	76
3	36	8588
3	37	15428
4	5	4332
4	6	4484
4	7	2052
4	8	2660
4	9	10716
4	10	-15732
4	11	-2660
4	12	-988
4	13	-5852
4	14	-2812
4	15	-10260
4	16	13908
4	17	5092
4	18	-6460
4	19	3268
4	20	15732
4	21	-9804
4	22	10564
4	23	3876
4	24	1140
4	25	4332
4	26	-6612
4	27	3116
4	28	-2204
4	29	-9804
4	30	15580
4	31	2812
4	32	-7828
4	33	1900
4	34	-7524
4	35	-11476
4	36	8588
4	37	-7676
5	6	7068
5	7	-2052
5	8	8892
5	9	836
5	10	-18924
5	11	-3116
5	12	6764
5	13	-11476
5	14	2812
5	15	-1292
5	16	-8132
5	17	-5092
5	18	684
5	19	8284
5	20	18924
5	21	-13300
5	22	6764
5	23	7676
5	24	-1140
5	25	-4332
5	26	12388
5	27	2660
5	28	2204
5	29	-7524
5	30	-9804
5	31	8740
5	32	2052
5	33	-1900
5	34	-21356
5	35	-11628
5	36	8740
5	37	-3876
6	7	-988
6	8	11172
6	9	-15124
6	10	-6916
6	11	-5396
6	12	-3724
6	13	-8588
6	14	-17100
6	15	10108
6	16	-12236
6	17	2356
6	18	2052
6	19	6308
6	20	-4332
6	21	-12540
6	22	7524
6	23	-10412
6	24	3876
6	25	1596
6	26	-3572
6	27	11932
6	28	6612
6	29	-988
6	30	6764
6	31	5548
6	32	684
6	33	4636
6	34	-10564
6	35	-14516
6	36	-228
6	37	-10716
7	8	-6156
7	9	4332
7	10	13452
7	11	-5396
7	12	-1292
7	13	3572
7	14	-11020
7	15	-15124
7	16	-5852
7	17	15732
7	18	-14364
7	19	6004
7	20	-684
7	21	7524
7	22	-8284
7	23	-6156
7	24	-4636
7	25	-836
7	26	-1444
7	27	-5396
7	28	17252
7	29	-9804
7	30	4028
7	31	11020
7	32	4332
7	33	380
7	34	4028
7	35	2204
7	36	-12084
7	37	4180
8	9	-836
8	10	-9044
8	11	-10564
8	12	10868
8	13	-1596
8	14	1140
8	15	2812
8	16	-684
8	17	16340
8	18	2356
8	19	836
8	20	5700
8	21	-3420
8	22	2660
8	23	6004
8	24	-5244
8	25	5548
8	26	10716
8	27	6764
8	28	-5244
8	29	13908
8	30	3420
8	31	-1140
8	32	9500
8	33	5548
8	34	-8132
8	35	-9956
8	36	4636
8	37	-7980
9	10	-6460
9	11	18164
9	12	2508
9	13	9196
9	14	-5092
9	15	-12540
9	16	10412
9	17	14364
9	18	-9956
9	19	988
9	20	1900
9	21	11020
9	22	1292
9	23	7372
9	24	-8132
9	25	-3724
9	26	2660
9	27	-16492
9	28	1292
9	29	-6308
9	30	12084
9	31	5092
9	32	228
9	33	4180
9	34	6308
9	35	-3420
9	36	5092
9	37	380
10	11	9044
10	12	-836
10	13	11628
10	14	3116
10	15	-4332
10	16	2204
10	17	5244
10	18	10716
10	19	-2356
10	20	-7220
10	21	1900
10	22	-6916
10	23	-1748
10	24	12540
10	25	-1292
10	26	-6460
10	27	-8284
10	28	15276
10	29	-3876
10	30	-1900
10	31	2660
10	32	15124
10	33	1748
10	34	9652
10	35	11476
10	36	-20444
10	37	21052
11	12	684
11	13	7372
11	14	-1140
11	15	8740
11	16	684
11	17	-4788
11	18	9196
11	19	-6612
11	20	5852
11	21	3420
11	22	-2660
11	23	5548
11	24	11020
11	25	-5548
11	26	-10716
11	27	-12540
11	28	-532
11	29	-2356
11	30	8132
11	31	6916
11	32	2052
11	33	6004
11	34	-3420
11	35	4180
11	36	1140
11	37	2204
12	13	-2508
12	14	532
12	15	4636
12	16	4788
12	17	2660
12	18	13300
12	19	-4940
12	20	13300
12	21	-12236
12	22	-10108
12	23	1444
12	24	3572
12	25	1900
12	26	8284
12	27	684
12	28	-4636
12	29	-684
12	30	6460
12	31	11020
12	32	380
12	33	-12996
12	34	-5092
12	35	2508
12	36	-6308
12	37	532
13	14	1444
13	15	-11780
13	16	9652
13	17	3572
13	18	12388
13	19	-4028
13	20	-14668
13	21	11780
13	22	532
13	23	-3420
13	24	2660
13	25	-8740
13	26	-2356
13	27	1596
13	28	-3724
13	29	6004
13	30	5548
13	31	4332
13	32	16796
13	33	9196
13	34	-6004
13	35	-4180
13	36	-7220
13	37	5396
14	15	2812
14	16	836
14	17	-16492
14	18	9348
14	19	4788
14	20	5700
14	21	9044
14	22	9044
14	23	16948
14	24	-11932
14	25	-5700
14	26	684
14	27	-12692
14	28	-18012
14	29	3268
14	30	-9044
14	31	-4484
14	32	7980
14	33	-5396
14	34	2508
14	35	4332
14	36	7068
14	37	8132
15	16	-9044
15	17	-12388
15	18	11020
15	19	-2660
15	20	-1748
15	21	1596
15	22	4940
15	23	-2052
15	24	7068
15	25	-7372
15	26	-6764
15	27	8740
15	28	-8132
15	29	7372
15	30	4180
15	31	-8588
15	32	-1900
15	33	-3724
15	34	-1596
15	35	-5548
15	36	-2812
15	37	-7524
16	17	4484
16	18	8436
16	19	-5244
16	20	-380
16	21	2052
16	22	-2812
16	23	-76
16	24	836
16	25	5244
16	26	-1140
16	27	-5092
16	28	6004
16	29	-3724
16	30	3724
16	31	-6612
16	32	-1748
16	33	76
16	34	3724
16	35	1900
16	36	-6612
16	37	3876
17	18	-10108
17	19	-10412
17	20	2052
17	21	-6156
17	22	1140
17	23	7524
17	24	-8284
17	25	19532
17	26	-2964
17	27	-4788
17	28	12996
17	29	-380
17	30	6156
17	31	-6612
17	32	5852
17	33	9804
17	34	11932
17	35	2204
17	36	-12388
17	37	228
18	19	-8284
18	20	-3420
18	21	-6764
18	22	6004
18	23	2660
18	24	15428
18	25	2204
18	26	-4180
18	27	3420
18	28	-2812
18	29	10564
18	30	988
18	31	2204
18	32	12844
18	33	-8436
18	34	-10564
18	35	-836
18	36	-3572
18	37	6916
19	20	228
19	21	-7980
19	22	14516
19	23	-76
19	24	-684
19	25	-22724
19	26	6764
19	27	-836
19	28	-6156
19	29	-13756
19	30	-9348
19	31	12540
19	32	7676
19	33	76
19	34	-3572
19	35	-13300
19	36	988
19	37	7828
20	21	-12844
20	22	2052
20	23	12388
20	24	-1596
20	25	-4484
20	26	7676
20	27	-11476
20	28	532
20	29	-7068
20	30	7068
20	31	5852
20	32	988
20	33	-6612
20	34	-10260
20	35	8892
20	36	5852
20	37	-4636
21	22	-7068
21	23	-7372
21	24	-10716
21	25	-6916
21	26	5244
21	27	-13908
21	28	-1900
21	29	7828
21	30	15276
21	31	-3268
21	32	3420
21	33	-4180
21	34	9500
21	35	-228
21	36	2508
21	37	-7980
22	23	13908
22	24	-7372
22	25	-3876
22	26	-4484
22	27	3116
22	28	-8892
22	29	-1292
22	30	7068
22	31	-9044
22	32	7372
22	33	-8132
22	34	-4484
22	35	-12084
22	36	-3268
22	37	7220
23	24	-1292
23	25	988
23	26	-4180
23	27	-11780
23	28	-11324
23	29	-13148
23	30	-4180
23	31	380
23	32	1292
23	33	-12084
23	34	7372
23	35	-8132
23	36	6156
23	37	1444
24	25	-1748
24	26	-8132
24	27	11020
24	28	4788
24	29	-4940
24	30	-836
24	31	11932
24	32	-532
24	33	1292
24	34	-6612
24	35	-14212
24	36	-11172
24	37	-6460
25	26	-15276
25	27	228
25	28	6460
25	29	4636
25	30	-4636
25	31	-11628
25	32	-4940
25	33	4788
25	34	6916
25	35	2964
25	36	-5852
25	37	-4788
26	27	836
26	28	1292
26	29	5244
26	30	6308
26	31	-684
26	32	228
26	33	-1596
26	34	-5244
26	35	2356
26	36	5092
26	37	380
27	28	-6308
27	29	9196
27	30	-3420
27	31	-4636
27	32	-3724
27	33	6004
27	34	-14972
27	35	-7372
27	36	-4636
27	37	2204
28	29	-7676
28	30	1900
28	31	684
28	32	7372
28	33	-228
28	34	7676
28	35	3724
28	36	-5092
28	37	7524
29	30	-2052
29	31	-14820
29	32	3420
29	33	7372
29	34	-2052
29	35	11324
29	36	8284
29	37	-7980
30	31	3268
30	32	2356
30	33	-13148
30	34	2052
30	35	-5548
30	36	-2508
30	37	-3572
31	32	3572
31	33	-6156
31	34	-14060
31	35	-10108
31	36	-1292
31	37	-2356
32	33	-1292
32	34	-3420
32	35	-5244
32	36	-2204
32	37	8284
33	34	-13148
33	35	2356
33	36	-6156
33	37	-7220
34	35	6004
34	36	3268
34	37	7980
35	36	-4332
35	37	17708
36	37	-8132
