0	1	-9416
0	2	1376
0	3	9280
0	4	5480
0	5	15952
0	6	3960
0	7	-9432
0	8	-448
0	9	4872
0	10	-920
0	11	-11544
0	12	-5616
0	13	-3048
0	14	-7592
0	15	14144
0	16	3504
0	17	-5008
0	18	-5768
0	19	-1072
0	20	-7912
0	21	-3656
0	22	-1528
0	23	-1376
0	24	6544
0	25	-1984
0	26	2744
0	27	15344
0	28	-2288
0	29	-18704
0	30	-13840
0	31	4112
0	32	-19600
0	33	12472
0	34	-1072
0	35	-3200
0	36	4856
0	37	6848
1	2	-1528
1	3	2120
1	4	5920
1	5	-4248
1	6	7440
1	7	-7744
1	8	-5480
1	9	-5024
1	10	1072
1	11	-160
1	12	11240
1	13	-2576
1	14	7440
1	15	-8520
1	16	-3656
1	17	-12472
1	18	-160
1	19	7000
1	20	2288
1	21	3808
1	22	7456
1	23	1528
1	24	-6696
1	25	7912
1	26	8656
1	27	-3640
1	28	25544
1	29	-4248
1	30	13992
1	31	7288
1	32	7896
1	33	-6848
1	34	12776
1	35	-8200
1	36	1072
1	37	-7000
2	3	2880
2	4	6680
2	5	18096
2	6	2424
2	7	3048
2	8	1056
2	9	1512
2	10	-11240
2	11	600
2	12	448
2	13	19768
2	14	2424
2	15	3792
2	16	2880
2	17	5616
2	18	600
2	19	6240
2	20	1528
2	21	8824
2	22	6696
2	23	12320
2	24	-5936
2	25	12928
2	26	-2136
2	27	1376
2	28	-4096
2	29	-5008
2	30	-4096
2	31	-20832
2	32	8656
2	33	5464
2	34	6240
2	35	2592
2	36	-11240
2	37	11088
3	4	10328
3	5	8672
3	6	-11256
3	7	-6376
3	8	-1072
3	9	-6392
3	10	13992
3	11	-1528
3	12	-1680
3	13	4568
3	14	-11256
3	15	-9888
3	16	752
3	17	3488
3	18	15800
3	19	-14736
3	20	3656
3	21	-12152
3	22	3048
3	23	8672
3	24	9264
3	25	-2272
3	26	-10040
3	27	-2272
3	28	3808
3	29	-2880
3	30	-7744
3	31	5920
3	32	-10800
3	33	-13992
3	34	8368
3	35	-6832
3	36	2440
3	37	-2592
4	5	10648
4	6	-7456
4	7	1376
4	8	-8824
4	9	14736
4	10	-1360
4	11	2272
4	12	-9432
4	13	12320
4	14	-7456
4	15	-312
4	16	-1224
4	17	1512
4	18	-3504
4	19	-1208
4	20	5632
4	21	7152
4	22	-752
4	23	4872
4	24	7288
4	25	5480
4	26	-464
4	27	5480
4	28	5784
4	29	-904
4	30	11560
4	31	-1832
4	32	-1224
4	33	7136
4	34	4568
4	35	-16408
4	36	-1360
4	37	1208
5	6	3352
5	7	-8824
5	8	4720
5	9	10040
5	10	-6088
5	11	5176
5	12	5328
5	13	3336
5	14	3352
5	15	1984
5	16	-8656
5	17	5936
5	18	-6376
5	19	-464
5	20	-13080
5	21	-3048
5	22	4856
5	23	10784
5	24	-5616
5	25	15952
5	26	-3640
5	27	-1376
5	28	9872
5	29	-6544
5	30	-1680
5	31	-2272
5	32	2896
5	33	6088
5	34	5312
5	35	-2592
5	36	-312
5	37	12016
6	7	-144
6	8	-13080
6	9	4704
6	10	-2880
6	11	-1984
6	12	9416
6	13	-6528
6	14	-160
6	15	1208
6	16	6072
6	17	3032
6	18	-19312
6	19	3048
6	20	-7440
6	21	5632
6	22	15056
6	23	-2424
6	24	-2744
6	25	3960
6	26	1056
6	27	-1816
6	28	10040
6	29	-2424
6	30	4264
6	31	-312
6	32	296
6	33	14432
6	34	-2728
6	35	-600
6	36	8672
6	37	-3048
7	8	-4552
7	9	6544
7	10	-8368
7	11	1680
7	12	1832
7	13	-10496
7	14	-144
7	15	-1512
7	16	5176
7	17	13992
7	18	1680
7	19	-8520
7	20	1968
7	21	12000
7	22	-3200
7	23	-8824
7	24	8216
7	25	-3656
7	26	4416
7	27	13672
7	28	-9736
7	29	8504
7	30	13368
7	31	8
7	32	-600
7	33	-3184
7	34	-8520
7	35	6680
7	36	8960
7	37	2744
8	9	-2440
8	10	4264
8	11	-3352
8	12	2272
8	13	616
8	14	-7304
8	15	-5936
8	16	-18400
8	17	1664
8	18	8200
8	19	15968
8	20	-6072
8	21	7000
8	22	-904
8	23	4720
8	24	1664
8	25	-448
8	26	5464
8	27	11104
8	28	-144
8	29	-6832
8	30	-11696
8	31	4096
8	32	4704
8	33	-10040
8	34	-7136
8	35	-5008
8	36	-13064
8	37	-4416
9	10	-7744
9	11	2880
9	12	2728
9	13	160
9	14	-12624
9	15	296
9	16	10936
9	17	-9432
9	18	-14448
9	19	9736
9	20	-6528
9	21	12320
9	22	10192
9	23	10040
9	24	2120
9	25	-6680
9	26	144
9	27	10648
9	28	5176
9	29	4264
9	30	5176
9	31	4552
9	32	-616
9	33	13520
9	34	-7592
9	35	312
9	36	3808
9	37	13368
10	11	10496
10	12	-904
10	13	-7760
10	14	-2880
10	15	-15800
10	16	-3336
10	17	5480
10	18	10496
10	19	-5784
10	20	10480
10	21	-14144
10	22	-464
10	23	-312
10	24	11256
10	25	-12472
10	26	1680
10	27	-6696
10	28	4552
10	29	-6088
10	30	-1224
10	31	3048
10	32	-14888
10	33	-144
10	34	-8
10	35	-2136
10	36	5920
10	37	-11544
11	12	-3960
11	13	1072
11	14	3792
11	15	-17944
11	16	-1528
11	17	6984
11	18	-3808
11	19	-6680
11	20	160
11	21	-9872
11	22	-448
11	23	5176
11	24	1208
11	25	-17320
11	26	5008
11	27	-11544
11	28	11864
11	29	10952
11	30	6088
11	31	-13688
11	32	4248
11	33	-10496
11	34	-6680
11	35	18552
11	36	10496
11	37	6680
12	13	-4552
12	14	3640
12	15	-768
12	16	4096
12	17	-4720
12	18	1816
12	19	-752
12	20	-5464
12	21	1832
12	22	5480
12	23	5328
12	24	-4720
12	25	17488
12	26	-6696
12	27	5936
12	28	6240
12	29	-6224
12	30	464
12	31	3488
12	32	-7456
12	33	6680
12	34	-752
12	35	7152
12	36	10648
12	37	-5024
13	14	-752
13	15	3656
13	16	4568
13	17	-3944
13	18	6848
13	19	3640
13	20	2576
13	21	1056
13	22	3184
13	23	14888
13	24	-9720
13	25	8504
13	26	-7744
13	27	-3048
13	28	-14904
13	29	-2440
13	30	-9128
13	31	-12152
13	32	4568
13	33	1984
13	34	-2136
13	35	-4264
13	36	-7760
13	37	2136
14	15	-4568
14	16	6072
14	17	-2744
14	18	-7760
14	19	3048
14	20	9888
14	21	-144
14	22	3504
14	23	-2424
14	24	-2744
14	25	3960
14	26	-4720
14	27	3960
14	28	4264
14	29	-8200
14	30	4264
14	31	-6088
14	32	296
14	33	-2896
14	34	-8504
14	35	-6376
14	36	-2880
14	37	2728
15	16	1664
15	17	-7152
15	18	-616
15	19	1680
15	20	2744
15	21	-1512
15	22	-9416
15	23	-3792
15	24	-12928
15	25	19920
15	26	2424
15	27	2592
15	28	-14432
15	29	-3792
15	30	-8656
15	31	1056
15	32	-4112
15	33	10024
15	34	13232
15	35	-1968
15	36	-10024
15	37	-1680
16	17	-8064
16	18	-13080
16	19	-3184
16	20	9432
16	21	-600
16	22	14600
16	23	-2880
16	24	3488
16	25	-2272
16	26	-10040
16	27	3504
16	28	-7744
16	29	2896
16	30	-1968
16	31	-5632
16	32	-16576
16	33	9112
16	34	-8960
16	35	4720
16	36	2440
16	37	3184
17	18	6984
17	19	-17472
17	20	-4856
17	21	2440
17	22	-5464
17	23	-5616
17	24	12000
17	25	768
17	26	-7304
17	27	768
17	28	-10480
17	29	11712
17	30	12624
17	31	-8672
17	32	-2288
17	33	-5480
17	34	-144
17	35	1984
17	36	5480
17	37	-5632
18	19	-12456
18	20	5936
18	21	-4096
18	22	-448
18	23	-600
18	24	-4568
18	25	5784
18	26	5008
18	27	8
18	28	-11240
18	29	-6376
18	30	6088
18	31	9416
18	32	-1528
18	33	-4720
18	34	10648
18	35	7000
18	36	4720
18	37	-4872
19	20	10328
19	21	8808
19	22	10936
19	23	5312
19	24	-144
19	25	4704
19	26	7608
19	27	-1072
19	28	10176
19	29	-12016
19	30	-7152
19	31	8976
19	32	8368
19	33	8
19	34	-11712
19	35	-8064
19	36	-23112
19	37	160
20	21	1968
20	22	4096
20	23	4248
20	24	6696
20	25	3640
20	26	-2880
20	27	3640
20	28	-2440
20	29	-13080
20	30	3336
20	31	4264
20	32	-7896
20	33	1072
20	34	-12776
20	35	-9128
20	36	-18400
20	37	1224
21	22	2576
21	23	-14600
21	24	2440
21	25	2120
21	26	10192
21	27	19448
21	28	1816
21	29	-3048
21	30	1816
21	31	-5768
21	32	10952
21	33	8368
21	34	-2744
21	35	904
21	36	3184
21	37	8520
22	23	-920
22	24	312
22	25	4248
22	26	2288
22	27	-1528
22	28	9720
22	29	-920
22	30	3944
22	31	9432
22	32	-8504
22	33	6240
22	34	-12168
22	35	-2744
22	36	-6240
22	37	616
23	24	-11392
23	25	-1376
23	26	-15192
23	27	4400
23	28	-1680
23	29	-6544
23	30	4096
23	31	-2272
23	32	2896
23	33	312
23	34	-6240
23	35	-14144
23	36	-11864
23	37	12016
24	25	-10784
24	26	-13080
24	27	12320
24	28	6848
24	29	-5616
24	30	1072
24	31	2880
24	32	-13840
24	33	-5480
24	34	-11696
24	35	-3792
24	36	-296
24	37	-11408
25	26	-8808
25	27	-7760
25	28	3488
25	29	-7152
25	30	3488
25	31	9888
25	32	3504
25	33	12472
25	34	10480
25	35	-3200
25	36	-12472
25	37	-4704
26	27	2744
26	28	3048
26	29	-3640
26	30	3048
26	31	904
26	32	1512
26	33	-1680
26	34	7608
26	35	3960
26	36	7456
26	37	-7608
27	28	-8064
27	29	-18704
27	30	3488
27	31	-1664
27	32	-13824
27	33	6696
27	34	-12624
27	35	-14752
27	36	4856
27	37	1072
28	29	-7456
28	30	8960
28	31	10192
28	32	9584
28	33	-4552
28	34	4400
28	35	2272
28	36	-1224
28	37	1376
29	30	-1680
29	31	-8048
29	32	8672
29	33	-11240
29	34	5312
29	35	8960
29	36	5464
29	37	464
30	31	10192
30	32	3808
30	33	7000
30	34	4400
30	35	-3504
30	36	4552
30	37	1376
31	32	-11408
31	33	2728
31	34	-2576
31	35	-6224
31	36	-2728
31	37	-3200
32	33	-8216
32	34	8368
32	35	4720
32	36	-3336
32	37	8960
33	34	8
33	35	2136
33	36	5632
33	37	11544
34	35	3488
34	36	5768
34	37	-5616
35	36	15192
35	37	13840
36	37	8
