0	1	-8.7893944e-02
0	2	-7.2518976e-02
0	3	-7.5723684e-02
0	4	-2.2762523e-01
0	5	4.4513987e-02
0	6	2.7438493e-02
0	7	1.3295412e-01
0	8	9.5902573e-02
0	9	8.6445965e-02
0	10	-1.4206638e-02
0	11	-6.1178007e-02
0	12	5.0289698e-02
0	13	-1.9951507e-01
0	14	-6.7859433e-02
0	15	4.1855845e-01
0	16	-1.0853405e-01
0	17	8.2178996e-02
0	18	-8.0104049e-02
0	19	-1.8952695e-02
0	20	-2.7996871e-02
0	21	1.2288179e-01
0	22	5.4434341e-01
0	23	-9.2084844e-03
0	24	-7.4491881e-02
1	2	-1.0983092e-01
1	3	1.9379915e-02
1	4	1.4551779e-02
1	5	-1.5931478e-01
1	6	-8.5437235e-02
1	7	-3.4218228e-02
1	8	1.1780957e-01
1	9	-1.5693860e-02
1	10	-4.0701045e-02
1	11	1.3662742e-01
1	12	-2.5599369e-02
1	13	1.2598608e-01
1	14	1.6529736e-01
1	15	-2.6684643e-02
1	16	-3.9451705e-02
1	17	-1.5202320e-01
1	18	-9.2080681e-02
1	19	-2.1531357e-01
1	20	1.9553382e-02
1	21	-1.4459007e-01
1	22	-1.6575499e-01
1	23	1.0607334e-01
1	24	-3.7072310e-02
2	3	-6.3829042e-03
2	4	-6.1660749e-02
2	5	-1.0380554e-01
2	6	-9.1767359e-02
2	7	-1.0554275e-01
2	8	7.0437996e-02
2	9	1.2098287e-01
2	10	7.1934939e-03
2	11	-2.1865453e-01
2	12	6.3207794e-02
2	13	-5.3425896e-02
2	14	-1.3235571e-01
2	15	-1.5019145e-03
2	16	-1.3502051e-01
2	17	3.8443958e-02
2	18	1.9656246e-01
2	19	1.9265085e-01
2	20	-1.2411018e-01
2	21	9.6836652e-02
2	22	4.9592694e-02
2	23	3.6620405e-02
2	24	-9.7286850e-02
3	4	1.9919158e-02
3	5	-8.4796573e-02
3	6	-6.2410232e-02
3	7	1.4536890e-01
3	8	-6.1021577e-02
3	9	-4.6070936e-02
3	10	5.0535360e-02
3	11	-6.1777843e-02
3	12	-1.1176270e-01
3	13	1.1095892e-02
3	14	6.4627507e-03
3	15	-4.6702319e-03
3	16	-5.2292048e-02
3	17	9.5486212e-02
3	18	-5.0979416e-02
3	19	-4.4775587e-03
3	20	-1.4032696e-01
3	21	-8.7161116e-03
3	22	-1.8304893e-01
3	23	-3.6058952e-02
3	24	1.2813258e-01
4	5	1.3918785e-01
4	6	1.4173926e-01
4	7	2.1201803e-02
4	8	-9.4606542e-02
4	9	-5.0798726e-02
4	10	3.2209245e-02
4	11	1.2613558e-01
4	12	2.0697618e-03
4	13	8.4986011e-02
4	14	4.0535363e-02
4	15	-1.8805841e-01
4	16	3.7010897e-02
4	17	-3.8858763e-02
4	18	-8.8888343e-02
4	19	-1.3119449e-01
4	20	1.0779926e-01
4	21	-8.0998764e-02
4	22	-2.6638127e-01
4	23	-1.2184268e-01
4	24	2.2072955e-01
5	6	2.4039360e-01
5	7	1.4539593e-01
5	8	-9.2259495e-02
5	9	-3.4160466e-02
5	10	1.4701805e-01
5	11	1.1114315e-01
5	12	5.6029832e-02
5	13	-9.6936641e-02
5	14	-1.2871394e-01
5	15	-1.4069953e-01
5	16	1.2092950e-01
5	17	-1.5465480e-02
5	18	-1.3244507e-02
5	19	-1.1178182e-01
5	20	1.0857490e-01
5	21	-5.9140454e-02
5	22	8.0986797e-02
5	23	-1.7929898e-01
5	24	1.4978008e-01
6	7	2.1267618e-02
6	8	-7.8508007e-02
6	9	3.7888011e-03
6	10	3.7001819e-02
6	11	3.9506452e-03
6	12	2.6034243e-02
6	13	-6.6696771e-02
6	14	4.6359535e-02
6	15	2.5759455e-02
6	16	8.0385181e-02
6	17	3.3521896e-02
6	18	2.5464224e-02
6	19	-9.5891392e-02
6	20	3.5930559e-02
6	21	-7.7689224e-03
6	22	2.4129066e-03
6	23	-1.1602772e-01
6	24	2.3059232e-01
7	8	-3.9435813e-02
7	9	-1.5550179e-01
7	10	1.1545078e-01
7	11	8.7312623e-02
7	12	-1.2580059e-01
7	13	-9.7744828e-02
7	14	-9.8624821e-02
7	15	-4.6514363e-03
7	16	4.5423295e-02
7	17	6.3922580e-02
7	18	-4.6042697e-02
7	19	-1.8355366e-01
7	20	-6.2334986e-02
7	21	8.2695900e-02
7	22	1.2519534e-01
7	23	-1.6454447e-01
7	24	1.0627412e-01
8	9	1.7429908e-01
8	10	1.2526478e-02
8	11	-6.5467961e-02
8	12	2.1534640e-02
8	13	4.5204953e-02
8	14	6.7782052e-02
8	15	1.2308232e-01
8	16	-2.9762735e-01
8	17	-1.0880542e-01
8	18	1.1148944e-01
8	19	-2.1761713e-01
8	20	-1.3464633e-01
8	21	-1.1919129e-01
8	22	7.7389083e-02
8	23	1.8924164e-01
8	24	-1.5916775e-01
9	10	1.0690277e-01
9	11	-1.8646148e-01
9	12	1.8786135e-01
9	13	8.1172852e-03
9	14	1.0216543e-01
9	15	1.8352924e-01
9	16	-2.8072624e-01
9	17	-1.7475258e-01
9	18	9.6514606e-02
9	19	-7.4802885e-03
9	20	2.9717597e-02
9	21	-2.7010830e-01
9	22	-1.0061048e-01
9	23	2.8587342e-01
9	24	-2.9388225e-02
10	11	-6.2660560e-03
10	12	4.6801160e-02
10	13	-4.9889121e-02
10	14	-3.0091275e-02
10	15	-5.1714036e-02
10	16	-1.8638288e-02
10	17	-1.1013768e-01
10	18	6.0059539e-02
10	19	-1.0120835e-01
10	20	2.5333081e-02
10	21	-1.3124416e-01
10	22	-7.5759837e-02
10	23	2.6802396e-02
10	24	6.9355129e-02
11	12	6.1005051e-04
11	13	8.0006100e-02
11	14	1.2467655e-02
11	15	-2.0191319e-01
11	16	1.9043002e-01
11	17	-1.5666530e-01
11	18	-2.2955745e-01
11	19	-1.9510802e-01
11	20	2.4008715e-01
11	21	-7.4338953e-02
11	22	-4.6059821e-02
11	23	-9.8383381e-02
11	24	-3.0310302e-03
12	13	-8.3862756e-02
12	14	-5.4064392e-02
12	15	2.6331801e-02
12	16	-1.5724384e-02
12	17	-1.8174418e-01
12	18	-4.2357920e-02
12	19	3.2546718e-02
12	20	1.3688589e-01
12	21	-1.0087335e-01
12	22	4.7262904e-02
12	23	2.0631523e-02
12	24	9.0291601e-03
13	14	1.5875286e-01
13	15	-1.1987821e-01
13	16	-8.4446569e-02
13	17	-3.2047074e-02
13	18	-4.9919433e-02
13	19	-4.2390630e-02
13	20	6.0773125e-02
13	21	-1.6666930e-01
13	22	-2.9971512e-01
13	23	1.6670277e-01
13	24	-8.7075307e-02
14	15	8.8674283e-02
14	16	-5.2081062e-02
14	17	-8.5878495e-02
14	18	1.5778644e-02
14	19	-1.5669830e-01
14	20	3.3854187e-02
14	21	-1.9735111e-01
14	22	-2.6563356e-01
14	23	2.2030806e-01
14	24	4.7753011e-02
15	16	-1.9941872e-01
15	17	9.5340752e-02
15	18	1.1076321e-02
15	19	7.6520425e-03
15	20	-1.2573929e-01
15	21	6.4125728e-02
15	22	2.9094686e-01
15	23	1.0417257e-01
15	24	4.6407408e-03
16	17	-1.8132316e-02
16	18	-2.9724088e-02
16	19	1.0223651e-01
16	20	1.9099237e-01
16	21	1.5489257e-01
16	22	3.6649227e-02
16	23	-2.0101623e-01
16	24	7.4726144e-02
17	18	1.6439260e-02
17	19	2.1226474e-01
17	20	-2.1257034e-01
17	21	2.6974015e-01
17	22	1.4294194e-01
17	23	-1.5012047e-01
17	24	4.2009523e-02
18	19	3.4197975e-02
18	20	-1.6305490e-01
18	21	6.8725082e-02
18	22	3.9425850e-02
18	23	1.2526964e-01
18	24	-8.2561161e-02
19	20	1.2297246e-02
19	21	2.0270562e-01
19	22	7.8339158e-02
19	23	-1.2385684e-02
19	24	-1.2518590e-01
20	21	-1.3467973e-01
20	22	-7.5699944e-02
20	23	3.2350238e-02
20	24	-2.4479676e-02
21	22	3.8205713e-01
21	23	-2.6591812e-01
21	24	-1.7828965e-02
22	23	-1.8677121e-01
22	24	-1.8081676e-01
23	24	-2.0770166e-01
