0	1	-616
0	2	-552
0	3	-936
0	4	-472
0	5	920
0	6	-88
0	7	344
0	8	24
0	9	920
0	10	1128
0	11	488
0	12	168
0	13	344
0	14	1000
0	15	-344
1	2	-552
1	3	88
1	4	552
1	5	-104
1	6	-88
1	7	-680
1	8	-1000
1	9	-1128
1	10	-920
1	11	-536
1	12	168
1	13	344
1	14	-1048
1	15	-344
2	3	152
2	4	488
2	5	-40
2	6	872
2	7	408
2	8	88
2	9	-40
2	10	40
2	11	424
2	12	-920
2	13	-616
2	14	-88
2	15	-408
3	4	-152
3	5	-424
3	6	-792
3	7	-1000
3	8	728
3	9	-424
3	10	-600
3	11	-216
3	12	488
3	13	-1000
3	14	-728
3	15	1000
4	5	40
4	6	152
4	7	-408
4	8	-88
4	9	-984
4	10	-40
4	11	-424
4	12	-104
4	13	616
4	14	-936
4	15	-616
5	6	424
5	7	-168
5	8	-488
5	9	408
5	10	616
5	11	1000
5	12	-344
5	13	-168
5	14	488
5	15	-856
6	7	1000
6	8	-728
6	9	424
6	10	-424
6	11	1240
6	12	-1512
6	13	-24
6	14	728
6	15	-1000
7	8	-40
7	9	856
7	10	168
7	11	552
7	12	-792
7	13	280
7	14	1064
7	15	-280
8	9	536
8	10	488
8	11	-152
8	12	552
8	13	-40
8	14	360
8	15	1064
9	10	616
9	11	1000
9	12	-344
9	13	-168
9	14	1512
9	15	168
10	11	24
10	12	344
10	13	168
10	14	536
10	15	-168
11	12	-1064
11	13	-472
11	14	1176
11	15	-552
12	13	232
12	14	-552
12	15	792
13	14	40
13	15	-280
14	15	-40
