0	1	584
0	2	312
0	3	376
0	4	-264
0	5	-456
0	6	504
0	7	248
0	8	632
0	9	-376
0	10	440
0	11	248
0	12	-584
0	13	-136
0	14	8
0	15	-8
1	2	-200
1	3	888
1	4	248
1	5	56
1	6	-8
1	7	760
1	8	120
1	9	-888
1	10	-72
1	11	-264
1	12	-1096
1	13	-648
1	14	-504
1	15	504
2	3	-760
2	4	-1144
2	5	72
2	6	136
2	7	392
2	8	8
2	9	760
2	10	200
2	11	392
2	12	200
2	13	776
2	14	376
2	15	-376
3	4	840
3	5	8
3	6	72
3	7	328
3	8	-56
3	9	-1224
3	10	136
3	11	-696
3	12	-888
3	13	-1336
3	14	-584
3	15	584
4	5	-376
4	6	712
4	7	-56
4	8	-440
4	9	-840
4	10	-248
4	11	-1080
4	12	-248
4	13	-696
4	14	-200
4	15	200
5	6	-1144
5	7	136
5	8	-248
5	9	-8
5	10	-56
5	11	136
5	12	-56
5	13	-504
5	14	-392
5	15	392
6	7	200
6	8	-184
6	9	-72
6	10	8
6	11	-824
6	12	8
6	13	584
6	14	568
6	15	-568
7	8	-952
7	9	-328
7	10	-760
7	11	-568
7	12	-760
7	13	-184
7	14	-712
7	15	712
8	9	56
8	10	904
8	11	1096
8	12	-120
8	13	456
8	14	696
8	15	-696
9	10	-136
9	11	696
9	12	888
9	13	1336
9	14	584
9	15	-584
10	11	264
10	12	72
10	13	-376
10	14	504
10	15	-504
11	12	264
11	13	840
11	14	312
11	15	-312
12	13	648
12	14	504
12	15	-504
13	14	952
13	15	-952
14	15	-968
