0	1	360
0	2	104
0	3	360
0	4	-88
0	5	280
0	6	856
0	7	-600
0	8	152
0	9	-24
0	10	232
0	11	-280
0	12	744
0	13	-936
0	14	360
0	15	-296
1	2	-552
1	3	216
1	4	664
1	5	168
1	6	616
1	7	152
1	8	296
1	9	-424
1	10	344
1	11	-1192
1	12	-168
1	13	360
1	14	1240
1	15	-280
2	3	472
2	4	-104
2	5	936
2	6	-664
2	7	-616
2	8	40
2	9	-168
2	10	-424
2	11	88
2	12	88
2	13	104
2	14	-552
2	15	-536
3	4	664
3	5	1192
3	6	616
3	7	152
3	8	-728
3	9	-1448
3	10	-680
3	11	-168
3	12	856
3	13	360
3	14	216
3	15	-280
4	5	744
4	6	168
4	7	600
4	8	-152
4	9	-1000
4	10	-232
4	11	-744
4	12	280
4	13	936
4	14	664
4	15	296
5	6	24
5	7	232
5	8	-680
5	9	-1240
5	10	-984
5	11	-472
5	12	552
5	13	280
5	14	168
5	15	-104
6	7	-344
6	8	-104
6	9	-792
6	10	488
6	11	-24
6	12	1000
6	13	-168
6	14	616
6	15	-552
7	8	-664
7	9	-488
7	10	-744
7	11	-232
7	12	-232
7	13	424
7	14	152
7	15	808
8	9	936
8	10	1192
8	11	-344
8	12	-344
8	13	152
8	14	296
8	15	-232
9	10	728
9	11	216
9	12	-808
9	13	-1048
9	14	-424
9	15	360
10	11	-40
10	12	-40
10	13	232
10	14	344
10	15	-408
11	12	472
11	13	-280
11	14	-1192
11	15	104
12	13	-280
12	14	-168
12	15	104
13	14	360
13	15	-296
14	15	-280
