0	1	-244
0	2	500
0	3	12
0	4	396
0	5	-460
0	6	-52
0	7	-692
0	8	756
0	9	-244
0	10	628
0	11	-396
0	12	180
0	13	-844
0	14	-332
0	15	-564
1	2	116
1	3	396
1	4	-244
1	5	180
1	6	332
1	7	-308
1	8	372
1	9	-884
1	10	244
1	11	244
1	12	-204
1	13	820
1	14	308
1	15	844
2	3	-140
2	4	500
2	5	588
2	6	-76
2	7	-460
2	8	-628
2	9	116
2	10	524
2	11	524
2	12	-1076
2	13	-52
2	14	-564
2	15	436
3	4	12
3	5	-76
3	6	588
3	7	-52
3	8	116
3	9	-628
3	10	-1036
3	11	1012
3	12	564
3	13	-460
3	14	1076
3	15	-948
4	5	-460
4	6	-1076
4	7	-692
4	8	-268
4	9	780
4	10	628
4	11	628
4	12	180
4	13	-844
4	14	-332
4	15	-564
5	6	1012
5	7	-396
5	8	-692
5	9	180
5	10	-564
5	11	460
5	12	-1140
5	13	908
5	14	-628
5	15	500
6	7	-116
6	8	180
6	9	-692
6	10	-972
6	11	52
6	12	-396
6	13	628
6	14	116
6	15	12
7	8	-204
7	9	-308
7	10	-332
7	11	-332
7	12	244
7	13	244
7	14	756
7	15	396
8	9	-652
8	10	268
8	11	-756
8	12	716
8	13	-308
8	14	204
8	15	-332
9	10	244
9	11	244
9	12	-204
9	13	-204
9	14	-716
9	15	-180
10	11	-628
10	12	-180
10	13	-180
10	14	-692
10	15	564
11	12	-180
11	13	-180
11	14	332
11	15	-460
12	13	-756
12	14	780
12	15	-908
13	14	-244
13	15	1140
14	15	-396
