0	1	116
0	2	-116
0	3	-396
0	4	-204
0	5	-308
0	6	140
0	7	-12
0	8	-780
0	9	-52
0	10	140
0	11	180
0	12	436
0	13	-396
0	14	-436
0	15	908
1	2	76
1	3	-588
1	4	-396
1	5	908
1	6	332
1	7	820
1	8	52
1	9	140
1	10	-692
1	11	-1036
1	12	244
1	13	-588
1	14	780
1	15	-948
2	3	-436
2	4	396
2	5	116
2	6	-332
2	7	204
2	8	-52
2	9	-1164
2	10	692
2	11	12
2	12	-244
2	13	-436
2	14	-780
2	15	-76
3	4	116
3	5	396
3	6	-180
3	7	-716
3	8	564
3	9	652
3	10	-180
3	11	500
3	12	-268
3	13	948
3	14	268
3	15	588
4	5	204
4	6	652
4	7	-524
4	8	756
4	9	-564
4	10	652
4	11	692
4	12	-76
4	13	116
4	14	76
4	15	396
5	6	-140
5	7	12
5	8	780
5	9	52
5	10	-140
5	11	-180
5	12	-436
5	13	396
5	14	436
5	15	116
6	7	-564
6	8	204
6	9	628
6	10	-588
6	11	268
6	12	1036
6	13	-180
6	14	1012
6	15	-332
7	8	-76
7	9	-756
7	10	460
7	11	-1164
7	12	-908
7	13	-716
7	14	-116
7	15	-820
8	9	12
8	10	204
8	11	116
8	12	-652
8	13	564
8	14	652
8	15	-52
9	10	-1420
9	11	76
9	12	844
9	13	652
9	14	1204
9	15	-140
10	11	268
10	12	-1012
10	13	-180
10	14	-1036
10	15	692
11	12	308
11	13	500
11	14	-308
11	15	1036
12	13	-268
12	14	460
12	15	-244
13	14	268
13	15	588
14	15	-780
