0	1	-24
0	2	616
0	3	232
0	4	-280
0	5	-792
0	6	680
0	7	-24
0	8	-344
0	9	-104
0	10	-680
0	11	936
0	12	-104
0	13	216
0	14	24
0	15	-280
1	2	88
1	3	-552
1	4	-40
1	5	472
1	6	24
1	7	-296
1	8	24
1	9	-600
1	10	1000
1	11	792
1	12	1448
1	13	104
1	14	296
1	15	-40
2	3	-168
2	4	344
2	5	-168
2	6	408
2	7	-936
2	8	408
2	9	-984
2	10	-408
2	11	152
2	12	40
2	13	744
2	14	936
2	15	-680
3	4	-296
3	5	-808
3	6	-232
3	7	472
3	8	792
3	9	680
3	10	232
3	11	-488
3	12	-344
3	13	360
3	14	-472
3	15	728
4	5	728
4	6	-744
4	7	-40
4	8	280
4	9	168
4	10	-280
4	11	-1000
4	12	168
4	13	-152
4	14	40
4	15	-808
5	6	-232
5	7	-552
5	8	-232
5	9	-344
5	10	232
5	11	-488
5	12	680
5	13	-664
5	14	552
5	15	-296
6	7	-1000
6	8	-680
6	9	-920
6	10	-344
6	11	1112
6	12	104
6	13	-216
6	14	1000
6	15	280
7	8	24
7	9	1448
7	10	-24
7	11	-232
7	12	-600
7	13	104
7	14	-1752
7	15	-40
8	9	104
8	10	680
8	11	-936
8	12	104
8	13	808
8	14	-24
8	15	280
9	10	-104
9	11	-664
9	12	-552
9	13	-232
9	14	-1448
9	15	168
10	11	-88
10	12	920
10	13	216
10	14	24
10	15	744
11	12	360
11	13	40
11	14	232
11	15	24
12	13	-232
12	14	600
12	15	168
13	14	-104
13	15	-152
14	15	40
