0	1	5244
0	2	4484
0	3	-6004
0	4	-9652
0	5	-1292
0	6	2204
0	7	988
0	8	17404
0	9	1900
0	10	-5852
0	11	-2052
0	12	6764
0	13	-684
0	14	-6156
0	15	8892
0	16	6612
0	17	2052
0	18	76
0	19	228
0	20	7676
0	21	7220
0	22	-5092
0	23	2356
0	24	1292
0	25	836
0	26	-1748
0	27	-3572
0	28	6004
0	29	4028
0	30	-4028
0	31	-1596
0	32	-988
0	33	1444
0	34	2508
0	35	3116
0	36	-16644
0	37	2964
1	2	4940
1	3	2356
1	4	13300
1	5	-8132
1	6	-5852
1	7	8436
1	8	-3724
1	9	228
1	10	3724
1	11	-76
1	12	1140
1	13	4332
1	14	-7524
1	15	-5244
1	16	-2964
1	17	76
1	18	-15276
1	19	7676
1	20	6004
1	21	13756
1	22	-14364
1	23	7068
1	24	836
1	25	-2964
1	26	3876
1	27	-4332
1	28	-3876
1	29	-1900
1	30	7676
1	31	3724
1	32	-1140
1	33	-5092
1	34	-4636
1	35	-5244
1	36	-4332
1	37	10716
2	3	11020
2	4	-3572
2	5	-7372
2	6	-15428
2	7	-4484
2	8	5548
2	9	13148
2	10	-5548
2	11	-7524
2	12	6460
2	13	-380
2	14	-76
2	15	-2356
2	16	-10412
2	17	7524
2	18	-6004
2	19	-5852
2	20	7372
2	21	1748
2	22	988
2	23	2660
2	24	-4788
2	25	1140
2	26	-2052
2	27	-9044
2	28	-76
2	29	9500
2	30	2052
2	31	-13452
2	32	-6460
2	33	-4636
2	34	8588
2	35	-8132
2	36	-16948
2	37	8436
3	4	7828
3	5	3116
3	6	-6156
3	7	8740
3	8	-9804
3	9	-76
3	10	-7524
3	11	11780
3	12	6612
3	13	4636
3	14	4332
3	15	836
3	16	-8436
3	17	-6004
3	18	-9804
3	19	-4180
3	20	-11628
3	21	2508
3	22	-8284
3	23	1596
3	24	6308
3	25	-8436
3	26	-7980
3	27	-9804
3	28	1596
3	29	3572
3	30	2204
3	31	-8132
3	32	-12388
3	33	-11172
3	34	1444
3	35	-16492
3	36	-4636
3	37	4636
4	5	988
4	6	4484
4	7	10260
4	8	-9196
4	9	-13148
4	10	3420
4	11	7220
4	12	-8284
4	13	-2964
4	14	-2660
4	15	-10716
4	16	-7220
4	17	4332
4	18	-9196
4	19	8284
4	20	-1596
4	21	-836
4	22	-7372
4	23	5852
4	24	3572
4	25	-7220
4	26	6308
4	27	-5852
4	28	-3268
4	29	532
4	30	11020
4	31	684
4	32	14060
4	33	-2052
4	34	228
4	35	-10716
4	36	2964
4	37	11020
5	6	12236
5	7	1900
5	8	-2964
5	9	988
5	10	-8588
5	11	10716
5	12	7676
5	13	9348
5	14	9044
5	15	5548
5	16	-3724
5	17	-4940
5	18	2812
5	19	8436
5	20	-10564
5	21	1444
5	22	7980
5	23	-5244
5	24	1596
5	25	19380
5	26	-1140
5	27	684
5	28	2660
5	29	-1140
5	30	1140
5	31	4484
5	32	9652
5	33	1444
5	34	380
5	35	-228
5	36	7980
5	37	-5852
6	7	5396
6	8	-12236
6	9	-2508
6	10	12236
6	11	2660
6	12	-13148
6	13	1292
6	14	988
6	15	14820
6	16	5548
6	17	-2660
6	18	10868
6	19	4940
6	20	-2508
6	21	-836
6	22	5700
6	23	-1748
6	24	3876
6	25	-228
6	26	1140
6	27	-1596
6	28	4940
6	29	1140
6	30	-6916
6	31	988
6	32	1596
6	33	3724
6	34	-1900
6	35	3268
6	36	10260
6	37	-9348
7	8	-2508
7	9	-12236
7	10	2508
7	11	6308
7	12	-1596
7	13	1900
7	14	2204
7	15	-76
7	16	-8132
7	17	-532
7	18	-14060
7	19	-2356
7	20	-684
7	21	-1748
7	22	-2508
7	23	-836
7	24	16036
7	25	-8132
7	26	-10108
7	27	-12540
7	28	3420
7	29	1444
7	30	-7220
7	31	-15732
7	32	-4180
7	33	4636
7	34	-6460
7	35	-5852
7	36	-1900
7	37	6156
8	9	-6156
8	10	-7220
8	11	-11020
8	12	12084
8	13	-836
8	14	4636
8	15	-4636
8	16	3420
8	17	11020
8	18	-4332
8	19	-10260
8	20	-380
8	21	2812
8	22	-2204
8	23	1900
8	24	-5548
8	25	9196
8	26	3268
8	27	-3724
8	28	7068
8	29	3268
8	30	-3268
8	31	-2660
8	32	5244
8	33	5852
8	34	7524
8	35	1140
8	36	-10716
8	37	4332
9	10	6156
9	11	-3420
9	12	-1292
9	13	12540
9	14	684
9	15	2964
9	16	5244
9	17	-8132
9	18	11172
9	19	-532
9	20	9348
9	21	10412
9	22	-380
9	23	3724
9	24	-7372
9	25	11020
9	26	7220
9	27	3876
9	28	-532
9	29	1444
9	30	4332
9	31	1292
9	32	-10260
9	33	-7524
9	34	-7980
9	35	-2812
9	36	-6764
9	37	2508
10	11	-532
10	12	-17860
10	13	836
10	14	1140
10	15	10412
10	16	2356
10	17	6308
10	18	4332
10	19	-1292
10	20	6156
10	21	-2812
10	22	-3572
10	23	3876
10	24	-228
10	25	-3420
10	26	8284
10	27	-2052
10	28	-1292
10	29	-3268
10	30	-2508
10	31	2660
10	32	-11020
10	33	-76
10	34	-1748
10	35	-1140
10	36	10716
10	37	1444
11	12	1444
11	13	-1140
11	14	-836
11	15	2660
11	16	380
11	17	-3268
11	18	532
11	19	684
11	20	-9196
11	21	-10564
11	22	228
11	23	7676
11	24	13300
11	25	380
11	26	-1292
11	27	-4028
11	28	6460
11	29	-7068
11	30	1292
11	31	10412
11	32	-1444
11	33	-3876
11	34	2052
11	35	-3116
11	36	6916
11	37	3420
12	13	11628
12	14	11324
12	15	2052
12	16	4332
12	17	-1444
12	18	-11020
12	19	6156
12	20	-12844
12	21	3724
12	22	4484
12	23	2812
12	24	-684
12	25	4332
12	26	-3420
12	27	2964
12	28	11932
12	29	2356
12	30	-13908
12	31	2204
12	32	6156
12	33	4940
12	34	2660
12	35	7828
12	36	-11628
12	37	3420
13	14	6308
13	15	4028
13	16	7524
13	17	-4636
13	18	-836
13	19	5092
13	20	-4788
13	21	8132
13	22	1596
13	23	3268
13	24	380
13	25	7524
13	26	8892
13	27	-2660
13	28	5092
13	29	-2660
13	30	2660
13	31	-2508
13	32	-5852
13	33	6308
13	34	-13908
13	35	-1748
13	36	-6004
13	37	-3724
14	15	4332
14	16	-3724
14	17	836
14	18	4636
14	19	-6764
14	20	-16644
14	21	-3116
14	22	1900
14	23	-7980
14	24	11628
14	25	7828
14	26	-2964
14	27	9196
14	28	4788
14	29	-8740
14	30	-8588
14	31	2964
14	32	228
14	33	6004
14	34	-2052
14	35	4332
14	36	5244
14	37	7524
15	16	5548
15	17	3116
15	18	1140
15	19	7068
15	20	-2812
15	21	-5396
15	22	-380
15	23	-4484
15	24	2356
15	25	-228
15	26	-6460
15	27	-4636
15	28	7068
15	29	-684
15	30	-10868
15	31	-532
15	32	-13604
15	33	-3268
15	34	1444
15	35	2052
15	36	7524
15	37	-13300
16	17	-380
16	18	9196
16	19	9348
16	20	-532
16	21	3876
16	22	-2660
16	23	10564
16	24	-6916
16	25	3268
16	26	13148
16	27	4636
16	28	15124
16	29	7372
16	30	-1596
16	31	7524
16	32	1444
16	33	-6764
16	34	-6612
16	35	5548
16	36	-1748
16	37	-5244
17	18	-532
17	19	-684
17	20	-2356
17	21	-12540
17	22	5548
17	23	-7676
17	24	-1748
17	25	5396
17	26	1292
17	27	-7524
17	28	5092
17	29	1292
17	30	4484
17	31	-4636
17	32	7220
17	33	9652
17	34	15276
17	35	3116
17	36	-1140
17	37	2356
18	19	-4484
18	20	-380
18	21	-8740
18	22	3572
18	23	-3876
18	24	228
18	25	9196
18	26	3268
18	27	13604
18	28	-4484
18	29	-2508
18	30	2508
18	31	3116
18	32	-532
18	33	5852
18	34	1748
18	35	6916
18	36	836
18	37	-1444
19	20	5244
19	21	2964
19	22	-2052
19	23	2052
19	24	-11476
19	25	3572
19	26	8892
19	27	7980
19	28	1140
19	29	8892
19	30	2660
19	31	2964
19	32	11172
19	33	-5852
19	34	-3876
19	35	7068
19	36	684
19	37	-1596
20	21	-1140
20	22	-6156
20	23	9500
20	24	-7372
20	25	-6308
20	26	1444
20	27	-1900
20	28	-12084
20	29	1444
20	30	4332
20	31	-10260
20	32	-4484
20	33	-1748
20	34	-7980
20	35	2964
20	36	-6764
20	37	-3268
21	22	-7828
21	23	-380
21	24	-13300
21	25	3876
21	26	12540
21	27	5244
21	28	2964
21	29	6764
21	30	4788
21	31	6916
21	32	2052
21	33	-13148
21	34	-11780
21	35	-5396
21	36	-2356
21	37	5700
22	23	-6916
22	24	4788
22	25	3116
22	26	1748
22	27	-1292
22	28	9500
22	29	1748
22	30	-7524
22	31	1900
22	32	12844
22	33	16492
22	34	4788
22	35	11172
22	36	-1596
22	37	-5092
23	24	-2660
23	25	-6764
23	26	5852
23	27	-11172
23	28	7828
23	29	5852
23	30	-5852
23	31	228
23	32	-2812
23	33	-8284
23	34	684
23	35	-4484
23	36	-9044
23	37	4788
24	25	-6916
24	26	-15276
24	27	-8284
24	28	76
24	29	-15276
24	30	-2052
24	31	1900
24	32	-5092
24	33	10412
24	34	-2812
24	35	-3420
24	36	-380
24	37	3116
25	26	7372
25	27	4636
25	28	3572
25	29	1596
25	30	9956
25	31	7524
25	32	7220
25	33	-988
25	34	4940
25	35	-228
25	36	4028
25	37	532
26	27	11780
26	28	8892
26	29	5092
26	30	12236
26	31	10716
26	32	9196
26	33	-3876
26	34	-11628
26	35	5092
26	36	2660
26	37	6156
27	28	-9348
27	29	-5548
27	30	-228
27	31	11932
27	32	8588
27	33	3420
27	34	-11020
27	35	18468
27	36	8436
27	37	4940
28	29	8892
28	30	-8892
28	31	2964
28	32	5396
28	33	-5852
28	34	1900
28	35	7068
28	36	-5092
28	37	4180
29	30	-5092
29	31	-12388
29	32	3420
29	33	-9652
29	34	11476
29	35	-6460
29	36	-14668
29	37	6156
30	31	6612
30	32	2356
30	33	-7676
30	34	-5700
30	35	-10868
30	36	3116
30	37	-380
31	32	9348
31	33	-4028
31	34	76
31	35	5244
31	36	14060
31	37	228
32	33	6612
32	34	3116
32	35	9500
32	36	76
32	37	8132
33	34	3116
33	35	14060
33	36	-6308
33	37	-2812
34	35	-4332
34	36	-9196
34	37	4636
35	36	1748
35	37	-1748
36	37	-13604
