0	1	-120
0	2	-1000
0	3	384
0	4	272
0	5	-232
0	6	904
0	7	-792
0	8	-232
0	9	-960
0	10	1688
0	11	272
0	12	-736
0	13	-1056
1	2	-552
1	3	-64
1	4	-176
1	5	-680
1	6	-216
1	7	-456
1	8	888
1	9	160
1	10	568
1	11	-960
1	12	-400
1	13	176
2	3	1296
2	4	-160
2	5	1128
2	6	-232
2	7	904
2	8	-1224
2	9	1072
2	10	-1016
2	11	624
2	12	-720
2	13	160
3	4	-456
3	5	608
3	6	64
3	7	48
3	8	-960
3	9	-120
3	10	64
3	11	328
3	12	-680
3	13	-328
4	5	496
4	6	960
4	7	-848
4	8	-288
4	9	-232
4	10	176
4	11	216
4	12	-8
4	13	-216
5	6	-104
5	7	216
5	8	-1576
5	9	48
5	10	-104
5	11	1280
5	12	272
5	13	1072
6	7	-328
6	8	-104
6	9	-160
6	10	216
6	11	176
6	12	-384
6	13	-960
7	8	-568
7	9	272
7	10	-328
7	11	720
7	12	-288
7	13	64
8	9	48
8	10	-104
8	11	-1856
8	12	272
8	13	-496
9	10	-944
9	11	-232
9	12	-456
9	13	232
10	11	176
10	12	-384
10	13	-176
11	12	-8
11	13	568
12	13	1576
