0	1	-1716
0	2	316
0	3	-636
0	4	-92
0	5	244
0	6	1660
0	7	-300
0	8	-692
0	9	412
0	10	-932
0	11	204
0	12	748
0	13	-428
1	2	-356
1	3	1044
1	4	-204
1	5	-652
1	6	-1364
1	7	596
1	8	204
1	9	-484
1	10	1308
1	11	-468
1	12	-932
1	13	244
2	3	-428
2	4	372
2	5	-748
2	6	412
2	7	-1548
2	8	-372
2	9	-132
2	10	428
2	11	300
2	12	316
2	13	-76
3	4	-580
3	5	-132
3	6	-988
3	7	972
3	8	-988
3	9	484
3	10	260
3	11	468
3	12	148
3	13	540
4	5	972
4	6	148
4	7	-1028
4	8	932
4	9	-1212
4	10	-204
4	11	260
4	12	-92
4	13	-1268
5	6	-188
5	7	204
5	8	596
5	9	-92
5	10	-1436
5	11	708
5	12	244
5	13	-932
6	7	-540
6	8	-148
6	9	428
6	10	-580
6	11	-260
6	12	876
6	13	-300
7	8	244
7	9	820
7	10	-188
7	11	-652
7	12	-300
7	13	876
8	9	-356
8	10	204
8	11	-1044
8	12	-692
8	13	-300
9	10	-484
9	11	-244
9	12	412
9	13	804
10	11	-468
10	12	-932
10	13	244
11	12	988
11	13	-188
12	13	356
