0	1	-532
0	2	-364
0	3	196
0	4	364
0	5	868
0	6	-756
0	7	-364
0	8	-364
0	9	308
0	10	420
0	11	1092
0	12	-364
0	13	-980
1	2	252
1	3	-84
1	4	-252
1	5	-1764
1	6	644
1	7	1820
1	8	1036
1	9	-420
1	10	-532
1	11	-980
1	12	-308
1	13	84
2	3	-1372
2	4	364
2	5	-700
2	6	28
2	7	-364
2	8	-1148
2	9	-476
2	10	-364
2	11	-1260
2	12	420
2	13	-196
3	4	-196
3	5	532
3	6	-196
3	7	196
3	8	980
3	9	308
3	10	196
3	11	644
3	12	-252
3	13	812
4	5	-84
4	6	-28
4	7	-420
4	8	-420
4	9	476
4	10	1148
4	11	-308
4	12	-420
4	13	-588
5	6	-308
5	7	-1484
5	8	-700
5	9	756
5	10	84
5	11	1428
5	12	756
5	13	252
6	7	812
6	8	28
6	9	-84
6	10	-756
6	11	-84
6	12	812
6	13	196
7	8	1204
7	9	-476
7	10	-364
7	11	-476
7	12	-364
7	13	-196
8	9	308
8	10	-364
8	11	308
8	12	-364
8	13	588
9	10	-476
9	11	1204
9	12	532
9	13	476
10	11	-476
10	12	-1148
10	13	-980
11	12	420
11	13	140
12	13	1036
