0	1	604
0	2	-1412
0	3	348
0	4	436
0	5	12
0	6	-212
0	7	460
0	8	156
0	9	-324
0	10	-292
0	11	236
0	12	1188
0	13	100
1	2	-572
1	3	292
1	4	-1076
1	5	740
1	6	516
1	7	-380
1	8	212
1	9	-380
1	10	-1020
1	11	180
1	12	-436
1	13	156
2	3	740
2	4	-740
2	5	404
2	6	180
2	7	-716
2	8	-236
2	9	68
2	10	884
2	11	-940
2	12	-772
2	13	-1076
3	4	-324
3	5	660
3	6	-684
3	7	212
3	8	740
3	9	-572
3	10	-380
3	11	-1132
3	12	-516
3	13	-1556
4	5	-660
4	6	-884
4	7	1356
4	8	44
4	9	-212
4	10	-404
4	11	-436
4	12	1300
4	13	-12
5	6	436
5	7	-1020
5	8	1188
5	9	548
5	10	68
5	11	-796
5	12	-180
5	13	-324
6	7	-1580
6	8	180
6	9	772
6	10	628
6	11	212
6	12	44
6	13	1020
7	8	68
7	9	-1468
7	10	-1052
7	11	-460
7	12	940
7	13	-660
8	9	68
8	10	-684
8	11	-940
8	12	12
8	13	-292
9	10	516
9	11	324
9	12	-628
9	13	908
10	11	292
10	12	460
10	13	44
11	12	-404
11	13	1468
12	13	68
