0	1	-1104
0	2	-40
0	3	-240
0	4	-576
0	5	264
0	6	-40
0	7	600
0	8	152
0	9	656
0	10	-632
0	11	-320
0	12	-488
0	13	-128
1	2	-96
1	3	600
1	4	264
1	5	-1248
1	6	-96
1	7	-128
1	8	208
1	9	712
1	10	208
1	11	408
1	12	240
1	13	712
2	3	320
2	4	768
2	5	-744
2	6	184
2	7	376
2	8	-72
2	9	-352
2	10	1496
2	11	-880
2	12	1304
2	13	432
3	4	-488
3	5	-544
3	6	320
3	7	-880
3	8	1136
3	9	-152
3	10	352
3	11	-184
3	12	768
3	13	-152
4	5	-208
4	6	-16
4	7	240
4	8	-880
4	9	-600
4	10	1472
4	11	1048
4	12	432
4	13	184
5	6	40
5	7	-600
5	8	-152
5	9	-656
5	10	-936
5	11	320
5	12	-296
5	13	-656
6	7	1160
6	8	1496
6	9	-1136
6	10	-72
6	11	-96
6	12	520
6	13	432
7	8	296
7	9	-208
7	10	296
7	11	-128
7	12	40
7	13	576
8	9	-544
8	10	-824
8	11	-576
8	12	376
8	13	240
9	10	-544
9	11	-72
9	12	-688
9	13	-264
10	11	208
10	12	1160
10	13	240
11	12	-544
11	13	-72
12	13	880
