0	1	-824
0	2	-136
0	3	-376
0	4	424
0	5	1496
0	6	296
0	7	-1016
0	8	1064
0	9	-904
0	10	-56
0	11	-856
0	12	-296
0	13	1816
0	14	-376
0	15	-1144
0	16	664
0	17	-824
0	18	-616
0	19	-856
1	2	-1544
1	3	296
1	4	1096
1	5	-1416
1	6	-216
1	7	936
1	8	-1144
1	9	-616
1	10	1576
1	11	-824
1	12	1816
1	13	-136
1	14	296
1	15	-376
1	16	856
1	17	904
1	18	-1064
1	19	-824
2	3	344
2	4	-456
2	5	776
2	6	-424
2	7	-296
2	8	184
2	9	1576
2	10	-936
2	11	1464
2	12	-1176
2	13	-504
2	14	344
2	15	1336
2	16	-1816
2	17	56
2	18	1704
2	19	-136
3	4	904
3	5	1016
3	6	-184
3	7	-536
3	8	-56
3	9	216
3	10	424
3	11	-376
3	12	184
3	13	-264
3	14	1704
3	15	1576
3	16	-456
3	17	296
3	18	-136
3	19	-376
4	5	216
4	6	-984
4	7	264
4	8	-856
4	9	-584
4	10	1224
4	11	-1176
4	12	984
4	13	536
4	14	904
4	15	776
4	16	344
4	17	1096
4	18	-936
4	19	-1176
5	6	664
5	7	-1544
5	8	1176
5	9	264
5	10	-904
5	11	-104
5	12	-664
5	13	744
5	14	1016
5	15	504
5	16	-24
5	17	-1416
5	18	-344
5	19	-104
6	7	-1144
6	8	1576
6	9	-136
6	10	-504
6	11	296
6	12	-264
6	13	344
6	14	-184
6	15	-1496
6	16	376
6	17	-1816
6	18	56
6	19	296
7	8	-2296
7	9	856
7	10	-216
7	11	584
7	12	1144
7	13	-1224
7	14	-536
7	15	616
7	16	504
7	17	936
7	18	-776
7	19	584
8	9	-1224
8	10	264
8	11	-536
8	12	-1576
8	13	1496
8	14	-56
8	15	-1464
8	16	-616
8	17	-1144
8	18	1304
8	19	-536
9	10	-1704
9	11	2296
9	12	136
9	13	-1656
9	14	216
9	15	1304
9	16	-824
9	17	-616
9	18	456
9	19	696
10	11	-1656
10	12	504
10	13	1016
10	14	424
10	15	-344
10	16	-136
10	17	1576
10	18	184
10	19	-1656
11	12	-296
11	13	-1384
11	14	-376
11	15	456
11	16	-936
11	17	-824
11	18	984
11	19	744
12	13	-344
12	14	184
12	15	-104
12	16	1224
12	17	216
12	18	-1656
12	19	-296
13	14	-264
13	15	-1416
13	16	296
13	17	-136
13	18	-24
13	19	-1384
14	15	1576
14	16	-456
14	17	296
14	18	-136
14	19	-376
15	16	-1064
15	17	1224
15	18	216
15	19	456
16	17	-744
16	18	-2296
16	19	664
17	18	536
17	19	-824
18	19	-616
