0	1	956
0	2	-1180
0	3	1340
0	4	396
0	5	1844
0	6	172
0	7	-564
0	8	-732
0	9	1124
0	10	-444
0	11	1396
0	12	1460
0	13	-620
1	2	-1172
1	3	1796
1	4	-396
1	5	508
1	6	-956
1	7	-220
1	8	-836
1	9	444
1	10	-340
1	11	172
1	12	108
1	13	620
2	3	-1236
2	4	-164
2	5	-732
2	6	396
2	7	-4
2	8	612
2	9	-1004
2	10	1348
2	11	-1180
2	12	116
2	13	-60
3	4	-332
3	5	1004
3	6	-556
3	7	-620
3	8	-788
3	9	396
3	10	396
3	11	556
3	12	732
3	13	108
4	5	732
4	6	388
4	7	788
4	8	172
4	9	1004
4	10	-564
4	11	1180
4	12	-116
4	13	60
5	6	508
5	7	-900
5	8	-284
5	9	676
5	10	-108
5	11	1060
5	12	1012
5	13	-956
6	7	1348
6	8	-52
6	9	-340
6	10	444
6	11	172
6	12	108
6	13	-164
7	8	444
7	9	732
7	10	-52
7	11	220
7	12	-500
7	13	556
8	9	900
8	10	116
8	11	-732
8	12	-1116
8	13	-1964
9	10	-1292
9	11	1124
9	12	724
9	13	-780
10	11	-444
10	12	-60
10	13	4
11	12	1460
11	13	164
12	13	340
