0	1	-248
0	2	584
0	3	80
0	4	360
0	5	-32
0	6	-808
0	7	976
0	8	816
0	9	1208
0	10	2040
0	11	304
0	12	-88
0	13	-80
1	2	1032
1	3	528
1	4	808
1	5	416
1	6	-472
1	7	640
1	8	368
1	9	760
1	10	-648
1	11	-32
1	12	360
1	13	256
2	3	-80
2	4	424
2	5	32
2	6	-760
2	7	-192
2	8	-32
2	9	1144
2	10	-472
2	11	480
2	12	88
2	13	80
3	4	-640
3	5	-1032
3	6	-480
3	7	1096
3	8	-536
3	9	640
3	10	32
3	11	-1368
3	12	-192
3	13	360
4	5	256
4	6	584
4	7	-752
4	8	528
4	9	-648
4	10	-248
4	11	-80
4	12	1096
4	13	640
5	6	192
5	7	424
5	8	136
5	9	528
5	10	-640
5	11	-472
5	12	-864
5	13	-1320
6	7	-368
6	8	-976
6	9	-584
6	10	-88
6	11	-256
6	12	136
6	13	-304
7	8	360
7	9	1536
7	10	704
7	11	-696
7	12	-304
7	13	-312
8	9	-528
8	10	640
8	11	472
8	12	864
8	13	536
9	10	248
9	11	80
9	12	-1096
9	13	-1424
10	11	592
10	12	-584
10	13	-32
11	12	368
11	13	584
12	13	1760
