0	1	-516
0	2	-492
0	3	-716
0	4	324
0	5	684
0	6	268
0	7	884
0	8	-380
0	9	516
0	10	-604
0	11	-548
0	12	492
0	13	292
1	2	-460
1	3	548
1	4	-940
1	5	-68
1	6	-100
1	7	68
1	8	212
1	9	-684
1	10	1220
1	11	380
1	12	-324
1	13	324
2	3	12
2	4	380
2	5	-156
2	6	324
2	7	-628
2	8	-1220
2	9	460
2	10	-1444
2	11	180
2	12	-236
2	13	-548
3	4	-180
3	5	-380
3	6	1332
3	7	1164
3	8	-660
3	9	1020
3	10	-100
3	11	-44
3	12	-796
3	13	12
4	5	772
4	6	-156
4	7	12
4	8	268
4	9	156
4	10	-1076
4	11	436
4	12	-380
4	13	-404
5	6	716
5	7	548
5	8	-44
5	9	-716
5	10	-268
5	11	572
5	12	156
5	13	-156
6	7	852
6	8	-572
6	9	1668
6	10	-348
6	11	380
6	12	460
6	13	324
7	8	44
7	9	716
7	10	268
7	11	-572
7	12	-156
7	13	156
8	9	-212
8	10	1020
8	11	292
8	12	436
8	13	-436
9	10	-436
9	11	-380
9	12	324
9	13	-324
10	11	68
10	12	660
10	13	124
11	12	604
11	13	-604
12	13	548
