0	1	2.2453335e-01
0	2	2.6995826e-01
0	3	-2.2426746e-01
0	4	-3.4307676e-04
0	5	5.8530663e-02
0	6	1.2645691e-01
0	7	6.1821774e-02
0	8	5.5691055e-02
0	9	-4.9024207e-02
0	10	-1.4615250e-02
0	11	-3.9909255e-02
0	12	-8.7004733e-02
0	13	-1.2913139e-01
0	14	-7.9439121e-02
0	15	-6.6633207e-02
0	16	-1.4815807e-01
0	17	-2.7070054e-01
0	18	3.7686792e-01
0	19	1.7739927e-01
0	20	-2.5004878e-01
0	21	2.5735201e-02
0	22	1.0176516e-02
0	23	4.3898581e-02
0	24	-9.7508711e-02
1	2	2.5467168e-01
1	3	-3.3197541e-01
1	4	-2.2641602e-02
1	5	8.0946697e-02
1	6	1.9112783e-01
1	7	9.5826597e-02
1	8	3.8572778e-02
1	9	-8.4323058e-02
1	10	8.9738671e-02
1	11	4.0056292e-02
1	12	-1.8912576e-01
1	13	-2.4534756e-01
1	14	-6.9925574e-02
1	15	3.6495262e-02
1	16	2.2576014e-04
1	17	-1.5462488e-01
1	18	9.2307509e-02
1	19	7.9768906e-02
1	20	6.5913020e-02
1	21	-3.4472670e-03
1	22	-1.6479087e-02
1	23	-1.9360494e-01
1	24	-3.5588102e-02
2	3	-2.6790161e-01
2	4	-1.5959754e-01
2	5	2.6383278e-01
2	6	1.4305599e-01
2	7	-1.3633545e-01
2	8	1.8759647e-01
2	9	-1.3794007e-01
2	10	-4.2723571e-02
2	11	-3.9604778e-02
2	12	-1.4402632e-01
2	13	-1.9094788e-01
2	14	-1.7303585e-02
2	15	2.3104999e-02
2	16	2.3191426e-02
2	17	-4.3752712e-02
2	18	-2.8385034e-02
2	19	1.6701045e-02
2	20	1.5922519e-01
2	21	2.2723907e-03
2	22	4.1118330e-01
2	23	-7.6652312e-02
2	24	-1.0577282e-01
3	4	3.1063741e-02
3	5	-6.7420978e-02
3	6	-2.7515420e-01
3	7	-5.3082830e-02
3	8	8.0966404e-02
3	9	1.8722579e-01
3	10	-5.9605884e-02
3	11	5.9159352e-02
3	12	1.0365511e-01
3	13	1.3545798e-01
3	14	2.1379100e-02
3	15	1.9404755e-01
3	16	8.8370636e-02
3	17	3.5725251e-01
3	18	-2.1799445e-02
3	19	-2.2524683e-02
3	20	-1.1503779e-02
3	21	-8.1926765e-03
3	22	-1.2134591e-01
3	23	1.0076024e-01
3	24	2.6313004e-01
4	5	9.9927248e-03
4	6	-9.8851770e-02
4	7	1.4640593e-01
4	8	1.9093788e-01
4	9	-2.7258064e-01
4	10	1.4445372e-01
4	11	1.1878738e-01
4	12	1.2760566e-01
4	13	1.8543602e-01
4	14	1.5222367e-01
4	15	6.5541178e-02
4	16	-1.4461278e-02
4	17	4.6770187e-02
4	18	3.0933336e-01
4	19	5.4804547e-02
4	20	-2.1004511e-01
4	21	8.8629793e-02
4	22	-9.2241367e-02
4	23	-9.9652409e-03
4	24	3.7130008e-02
5	6	-2.3646391e-01
5	7	-6.0730888e-02
5	8	1.7954648e-01
5	9	-1.2451355e-01
5	10	-2.7014286e-02
5	11	-4.6674296e-02
5	12	-1.6545198e-01
5	13	-2.3392512e-01
5	14	4.0297162e-02
5	15	-2.6842638e-02
5	16	6.2694087e-02
5	17	1.3912735e-01
5	18	-1.2175757e-02
5	19	1.7627126e-02
5	20	1.7318980e-01
5	21	-1.2390706e-01
5	22	1.7737147e-01
5	23	-1.7770935e-01
5	24	-8.4814836e-02
6	7	-1.1347182e-01
6	8	-2.1826268e-01
6	9	3.1298884e-02
6	10	6.6182928e-02
6	11	5.5575876e-02
6	12	-8.2451638e-02
6	13	9.4411002e-02
6	14	-2.3812043e-01
6	15	-1.3495683e-01
6	16	1.3487262e-01
6	17	-1.9255932e-01
6	18	-2.3187974e-01
6	19	-2.0617511e-01
6	20	-1.1764086e-01
6	21	1.1047284e-01
6	22	2.1685371e-02
6	23	1.8090596e-01
6	24	-2.1988612e-01
7	8	8.2291997e-02
7	9	-1.1605634e-01
7	10	-5.8352019e-02
7	11	4.8728752e-02
7	12	-8.8326471e-02
7	13	-1.6889872e-01
7	14	-1.7625571e-01
7	15	1.4736736e-01
7	16	-1.2712393e-01
7	17	-5.3720239e-02
7	18	1.0572561e-01
7	19	1.7338768e-01
7	20	9.8553083e-03
7	21	1.7868823e-01
7	22	-2.3417124e-01
7	23	8.1758462e-03
7	24	6.7283709e-02
8	9	-7.3321280e-02
8	10	1.2396980e-02
8	11	2.0189924e-02
8	12	-1.6035668e-01
8	13	2.3917485e-02
8	14	8.3638996e-02
8	15	2.5756737e-01
8	16	4.3776927e-02
8	17	1.6156916e-01
8	18	3.5664422e-02
8	19	8.1665562e-02
8	20	-1.6409450e-01
8	21	1.2424071e-01
8	22	1.7001905e-01
8	23	-1.6680775e-01
8	24	1.9250402e-01
9	10	-2.3191207e-01
9	11	5.5406763e-02
9	12	-9.3042668e-02
9	13	2.0757798e-01
9	14	-2.4205808e-01
9	15	1.7567801e-01
9	16	1.1750818e-01
9	17	1.6620700e-01
9	18	-1.3641777e-01
9	19	4.9124669e-02
9	20	-7.0676908e-02
9	21	1.4144779e-01
9	22	-1.1886607e-01
9	23	-8.6411095e-02
9	24	2.7185614e-01
10	11	-8.9534891e-02
10	12	1.0130352e-01
10	13	-7.7146913e-02
10	14	2.1335343e-01
10	15	-9.3823649e-02
10	16	1.6559550e-02
10	17	-1.2310420e-01
10	18	7.1600257e-02
10	19	-1.2075829e-01
10	20	-8.7711261e-02
10	21	-1.4490898e-01
10	22	1.0464449e-01
10	23	-4.9974506e-02
10	24	-8.2085406e-02
11	12	-4.8319508e-02
11	13	5.8950588e-02
11	14	-1.1656565e-01
11	15	3.8063602e-02
11	16	-1.6582171e-02
11	17	6.7810114e-02
11	18	-3.9444091e-02
11	19	7.4268105e-02
11	20	7.4559455e-02
11	21	4.2373300e-02
11	22	-1.8437760e-01
11	23	8.3703706e-02
11	24	1.9398835e-02
12	13	8.9574482e-02
12	14	1.4545690e-01
12	15	-1.3740442e-01
12	16	-7.2547119e-02
12	17	4.3104997e-02
12	18	2.6701650e-01
12	19	7.7693172e-02
12	20	4.7736728e-02
12	21	1.0238419e-02
12	22	3.8853402e-02
12	23	2.0702376e-02
12	24	8.2030662e-02
13	14	3.9213279e-02
13	15	7.9395018e-02
13	16	7.7738013e-02
13	17	8.9839370e-02
13	18	-1.6149581e-02
13	19	-6.8146304e-02
13	20	-3.1760937e-01
13	21	1.6857902e-01
13	22	-4.8109246e-03
13	23	7.5687716e-02
13	24	1.7496339e-01
14	15	-3.5502737e-02
14	16	-7.4371184e-02
14	17	-3.7448669e-02
14	18	1.6760941e-01
14	19	-1.0693446e-01
14	20	-2.6662990e-02
14	21	-1.6747519e-01
14	22	1.6897125e-01
14	23	-2.3726085e-02
14	24	-5.8532619e-02
15	16	3.0103837e-01
15	17	3.8903302e-01
15	18	-8.0495625e-02
15	19	-3.8722216e-02
15	20	4.5899424e-02
15	21	4.3569668e-01
15	22	5.6677180e-03
15	23	-3.5241614e-01
15	24	4.1669275e-01
16	17	3.1078511e-01
16	18	-2.7885203e-01
16	19	-1.9563146e-01
16	20	7.5658683e-02
16	21	1.8518121e-01
16	22	1.0987753e-01
16	23	-2.5554828e-01
16	24	1.6500379e-01
17	18	-1.3770838e-01
17	19	-4.8259672e-02
17	20	2.7347354e-01
17	21	2.8054886e-01
17	22	4.6071200e-02
17	23	-2.4784175e-01
17	24	3.6239457e-01
18	19	3.4256715e-01
18	20	-2.7863767e-01
18	21	1.5613329e-02
18	22	-1.3981319e-01
18	23	-2.1718720e-03
18	24	9.7181517e-02
19	20	-5.6968832e-02
19	21	5.8216789e-02
19	22	-1.6104940e-01
19	23	-6.6723429e-02
19	24	1.6318354e-01
20	21	-5.5996197e-02
20	22	4.2989875e-02
20	23	-1.0317178e-01
20	24	-5.4658725e-02
21	22	-1.8996821e-02
21	23	-1.9876637e-01
21	24	2.9666969e-01
22	23	-1.4288246e-01
22	24	-3.2844807e-02
23	24	-3.4397940e-01
