0	1	-9.0621166e-02
0	2	2.3038614e-01
0	3	-1.3892611e-01
0	4	-8.7779254e-02
0	5	1.5616730e-01
0	6	6.2851317e-02
0	7	-6.1884631e-02
0	8	-1.0857173e-01
0	9	3.0336279e-02
0	10	-1.7491847e-01
0	11	9.2055340e-02
0	12	-1.0760417e-01
0	13	1.4790192e-01
0	14	-2.2560589e-02
0	15	1.3379610e-01
0	16	9.2646257e-04
0	17	-2.8368766e-02
0	18	3.3565425e-01
0	19	1.5211252e-01
0	20	-2.3538795e-01
0	21	-5.8753250e-02
0	22	-1.1276555e-01
0	23	1.9461025e-01
0	24	-1.9604712e-03
1	2	2.0457441e-01
1	3	1.0563809e-01
1	4	-1.7660327e-01
1	5	-4.9574354e-02
1	6	-1.5369472e-01
1	7	-2.4135500e-01
1	8	-1.6163166e-02
1	9	4.3011972e-02
1	10	2.9251082e-01
1	11	8.1996253e-02
1	12	-1.5637987e-01
1	13	-7.1257992e-02
1	14	-1.1691101e-01
1	15	-9.4099826e-02
1	16	-3.3480117e-01
1	17	-2.9324138e-02
1	18	1.5733586e-01
1	19	-1.0895157e-01
1	20	-1.1051787e-02
1	21	-1.9876836e-01
1	22	-2.6535529e-02
1	23	-7.1207564e-02
1	24	2.0489732e-01
2	3	-1.7861548e-01
2	4	-4.0476132e-01
2	5	2.2830754e-01
2	6	-3.8506952e-03
2	7	-8.0874560e-02
2	8	1.2766711e-01
2	9	9.6669232e-02
2	10	3.5646774e-01
2	11	1.0501322e-01
2	12	-2.5904674e-01
2	13	9.2635871e-02
2	14	-2.1299157e-01
2	15	4.9816848e-02
2	16	-3.2408098e-01
2	17	-1.0057709e-01
2	18	1.3290966e-01
2	19	1.6560248e-02
2	20	-5.1799891e-02
2	21	-2.7194444e-01
2	22	-2.4674871e-01
2	23	2.3570416e-02
2	24	2.6952842e-01
3	4	-3.6476515e-02
3	5	-4.7405747e-03
3	6	1.9568335e-01
3	7	-5.4355659e-02
3	8	2.5640085e-01
3	9	-2.4442505e-01
3	10	-2.1435463e-01
3	11	-1.0505431e-01
3	12	2.5926601e-02
3	13	-3.1471496e-01
3	14	-3.6881726e-02
3	15	-1.7003620e-02
3	16	1.8686664e-02
3	17	-4.4466977e-02
3	18	1.6327856e-01
3	19	3.2187419e-02
3	20	1.1567890e-01
3	21	1.9470275e-01
3	22	2.1384130e-01
3	23	-6.3987597e-02
3	24	-5.1813268e-02
4	5	-4.4857601e-02
4	6	-1.1212287e-01
4	7	3.4819596e-02
4	8	-1.4250310e-01
4	9	-1.9726886e-01
4	10	-2.9098233e-01
4	11	-1.9932975e-01
4	12	7.9107909e-02
4	13	-2.1977987e-01
4	14	1.9023978e-01
4	15	-2.1901477e-01
4	16	4.1333097e-01
4	17	-6.1740797e-02
4	18	7.5772408e-02
4	19	3.9788366e-02
4	20	2.1939471e-03
4	21	8.1672741e-02
4	22	2.0632922e-01
4	23	-1.1481360e-01
4	24	-2.4840752e-01
5	6	8.7665695e-02
5	7	-5.9679874e-02
5	8	3.4036241e-01
5	9	-3.2052045e-01
5	10	6.5897962e-02
5	11	5.2083064e-02
5	12	1.2035225e-01
5	13	-7.3844160e-02
5	14	-1.9298068e-01
5	15	-5.1607773e-02
5	16	-1.3392137e-02
5	17	9.9500558e-02
5	18	3.8923529e-02
5	19	4.2245793e-02
5	20	-7.4437516e-02
5	21	-1.2144667e-01
5	22	9.2243869e-02
5	23	6.4328757e-02
5	24	-7.7956101e-02
6	7	-2.3252210e-01
6	8	1.1640385e-01
6	9	-2.2036873e-01
6	10	-3.1126358e-01
6	11	9.6847377e-03
6	12	-1.2229415e-01
6	13	-1.4770546e-01
6	14	1.5874543e-01
6	15	2.2620783e-01
6	16	-1.8999393e-03
6	17	3.7587004e-03
6	18	-3.0716637e-02
6	19	-9.3221505e-02
6	20	1.6898556e-02
6	21	2.1429803e-01
6	22	-1.1260237e-02
6	23	1.4964060e-01
6	24	3.8128684e-02
7	8	-9.2371151e-03
7	9	1.5809355e-01
7	10	6.9302809e-02
7	11	-6.5831317e-02
7	12	3.6520353e-01
7	13	1.1925340e-01
7	14	-6.7043324e-02
7	15	-1.9030965e-01
7	16	1.1756582e-01
7	17	2.3120843e-02
7	18	-1.7068984e-01
7	19	5.5959850e-02
7	20	-1.3836592e-01
7	21	-6.0659417e-02
7	22	1.8457640e-02
7	23	1.3591063e-02
7	24	-1.3110517e-01
8	9	-4.4396071e-01
8	10	-6.0066333e-02
8	11	-1.6332258e-01
8	12	1.5383548e-01
8	13	-3.5571977e-01
8	14	-3.8336781e-01
8	15	-2.0857083e-01
8	16	2.2251701e-01
8	17	2.0563828e-01
8	18	1.2857878e-01
8	19	-3.8170830e-02
8	20	1.3784706e-01
8	21	1.6769779e-02
8	22	3.4307989e-01
8	23	-1.4071298e-01
8	24	8.6975550e-02
9	10	2.5136028e-01
9	11	2.9840517e-02
9	12	-9.5783313e-02
9	13	2.0811754e-01
9	14	7.3523915e-02
9	15	-7.9265847e-02
9	16	2.1727920e-02
9	17	-1.7326876e-01
9	18	-1.7381745e-01
9	19	-7.0017568e-02
9	20	-6.3512553e-02
9	21	-2.4765592e-01
9	22	-2.0302111e-01
9	23	-1.1169293e-01
9	24	9.3370913e-02
10	11	3.1670212e-01
10	12	3.3809908e-02
10	13	2.9678678e-01
10	14	1.9155036e-02
10	15	-4.4198032e-02
10	16	-3.7047849e-01
10	17	-1.0663975e-01
10	18	-2.9845309e-01
10	19	-4.4544738e-02
10	20	1.6958077e-01
10	21	-2.9447062e-01
10	22	-2.8152571e-01
10	23	-1.2367051e-01
10	24	4.2816463e-02
11	12	3.1284222e-02
11	13	3.3238312e-01
11	14	1.5839126e-01
11	15	2.3415579e-01
11	16	-1.5078108e-01
11	17	3.1620174e-02
11	18	-1.3922845e-01
11	19	1.1230672e-02
11	20	-3.4312024e-02
11	21	4.6510651e-02
11	22	-2.2708202e-01
11	23	1.3966827e-01
11	24	-2.1733154e-03
12	13	3.4165627e-02
12	14	-3.5801431e-02
12	15	-2.3640321e-01
12	16	2.4852266e-01
12	17	2.2467644e-01
12	18	-2.9197156e-01
12	19	-2.4005993e-02
12	20	-2.4615394e-01
12	21	-2.4732902e-02
12	22	1.1882196e-01
12	23	1.5556758e-01
12	24	-2.8929279e-01
13	14	4.0875987e-02
13	15	2.3398638e-01
13	16	-3.5165257e-01
13	17	8.9692097e-02
13	18	-2.7155352e-01
13	19	2.7696649e-02
13	20	-7.8047049e-02
13	21	-8.0290067e-02
13	22	-2.4383425e-01
13	23	2.2520232e-01
13	24	6.6837069e-02
14	15	1.6550401e-01
14	16	-3.9286617e-02
14	17	-2.5847418e-01
14	18	-5.8810034e-02
14	19	-3.7563931e-02
14	20	-5.4290797e-02
14	21	1.8439730e-01
14	22	-2.9128814e-01
14	23	1.6019957e-02
14	24	-1.9706051e-01
15	16	-2.8976664e-01
15	17	-1.1568884e-02
15	18	-1.5351436e-02
15	19	6.1087572e-02
15	20	5.7343747e-02
15	21	1.8249518e-01
15	22	-2.4432400e-01
15	23	2.2127888e-01
15	24	1.6807820e-02
16	17	1.6575169e-01
16	18	5.2033259e-02
16	19	-3.3741397e-03
16	20	6.5931661e-03
16	21	8.0602989e-02
16	22	3.5015691e-01
16	23	-1.1175081e-01
16	24	-1.5083316e-01
17	18	-1.9621362e-01
17	19	-3.5785047e-02
17	20	7.5960757e-03
17	21	1.9118087e-02
17	22	2.2185370e-01
17	23	1.8420548e-01
17	24	6.7305873e-02
18	19	2.0391614e-01
18	20	-5.6973668e-02
18	21	7.0394250e-02
18	22	5.4763178e-02
18	23	-1.2561351e-01
18	24	4.3601148e-02
19	20	2.8345003e-02
19	21	6.6427697e-02
19	22	8.3785900e-03
19	23	4.0564186e-02
19	24	-7.1085945e-02
20	21	1.0148180e-01
20	22	1.4674396e-01
20	23	-2.0513715e-01
20	24	1.2591924e-01
21	22	5.0421438e-02
21	23	3.4439046e-02
21	24	-2.2052621e-02
22	23	-1.1935153e-01
22	24	4.2356202e-02
23	24	-8.1325482e-02
