0	1	-1.4224710e-01
0	2	1.0263548e-01
0	3	2.0349230e-01
0	4	1.0925920e-01
0	5	3.3187387e-01
0	6	8.4981246e-02
0	7	-1.5254497e-01
0	8	8.6615572e-02
0	9	2.0500403e-01
0	10	1.6690026e-02
0	11	-6.9706839e-02
0	12	-3.3600518e-01
0	13	-4.5559181e-02
0	14	-1.3825276e-01
0	15	-5.7745602e-02
0	16	-1.0918451e-01
0	17	2.6734600e-02
0	18	-1.1324614e-01
0	19	-1.8979320e-01
0	20	1.3714497e-01
0	21	-8.4528555e-02
0	22	-3.4066642e-01
0	23	2.9942531e-02
0	24	8.1129995e-03
1	2	1.2160086e-01
1	3	2.7163927e-01
1	4	-1.2502764e-01
1	5	-2.0229569e-01
1	6	-2.4719452e-01
1	7	-1.6769118e-01
1	8	2.2083063e-01
1	9	-5.7381767e-02
1	10	1.3116503e-01
1	11	1.5424708e-03
1	12	-9.4651188e-02
1	13	2.7192318e-02
1	14	9.3928485e-02
1	15	5.1172615e-02
1	16	-1.9327224e-01
1	17	2.1854957e-01
1	18	-5.1212494e-02
1	19	1.7422405e-02
1	20	-3.2714088e-01
1	21	6.0125991e-04
1	22	-2.1271416e-02
1	23	-2.6563539e-01
1	24	1.8225123e-02
2	3	3.3556969e-01
2	4	-1.9401264e-01
2	5	-1.7525877e-05
2	6	3.0482776e-02
2	7	-1.7896003e-01
2	8	-1.6179903e-02
2	9	-3.3727665e-02
2	10	8.3674315e-02
2	11	7.6934407e-02
2	12	1.8724772e-01
2	13	4.3040062e-03
2	14	3.9345990e-03
2	15	2.1599533e-01
2	16	5.5312054e-02
2	17	-8.6130911e-02
2	18	8.5465188e-04
2	19	-6.8592633e-02
2	20	1.8695400e-01
2	21	2.0773465e-02
2	22	-2.4799305e-01
2	23	-5.8464212e-02
2	24	-9.3836405e-03
3	4	5.2440279e-02
3	5	7.4886486e-02
3	6	-3.5007709e-02
3	7	-2.7578668e-01
3	8	3.0426510e-04
3	9	-1.7080828e-01
3	10	2.0499408e-01
3	11	-2.6244395e-01
3	12	2.6554652e-02
3	13	9.1666317e-02
3	14	-1.4670695e-01
3	15	3.5079680e-01
3	16	-2.0420532e-02
3	17	1.4783297e-01
3	18	3.1817442e-02
3	19	2.1375895e-02
3	20	4.0740812e-01
3	21	5.8819949e-02
3	22	-1.1601431e-01
3	23	2.2183217e-02
3	24	-3.0657386e-01
4	5	1.5278333e-01
4	6	-2.3914591e-01
4	7	2.9079501e-01
4	8	9.5408193e-02
4	9	2.8115117e-02
4	10	-1.6696857e-01
4	11	1.3395923e-01
4	12	-3.4604465e-01
4	13	5.5809478e-02
4	14	-1.0399463e-01
4	15	-9.8333872e-02
4	16	1.8316931e-01
4	17	-2.8529380e-01
4	18	-1.7845304e-01
4	19	1.6203535e-01
4	20	1.3521956e-01
4	21	6.0741020e-02
4	22	-1.4868578e-01
4	23	1.0447510e-01
4	24	-4.4275942e-02
5	6	-1.3998333e-01
5	7	-8.3360122e-02
5	8	-1.3251916e-02
5	9	2.7609633e-01
5	10	-2.7840914e-02
5	11	-7.7157622e-03
5	12	-6.0013829e-02
5	13	4.9481529e-02
5	14	-2.3808494e-01
5	15	-8.9765290e-02
5	16	-1.2666157e-01
5	17	-2.5495055e-01
5	18	1.5192524e-01
5	19	7.3618296e-02
5	20	1.7981622e-01
5	21	1.1492698e-01
5	22	-6.4118974e-02
5	23	2.2153984e-02
5	24	1.6218533e-02
6	7	-2.1487659e-01
6	8	-7.3431384e-02
6	9	-5.6863389e-02
6	10	1.5883354e-01
6	11	-2.8786714e-01
6	12	1.4277738e-01
6	13	-2.5333210e-01
6	14	-3.0369278e-02
6	15	-7.1502522e-02
6	16	7.3504272e-02
6	17	2.4303870e-01
6	18	9.8787547e-02
6	19	-2.3401678e-01
6	20	1.0416862e-01
6	21	-4.4187970e-02
6	22	-7.6656254e-02
6	23	-3.0846759e-02
6	24	-3.7759954e-02
7	8	-6.3692402e-02
7	9	-1.0767587e-01
7	10	-1.7249044e-01
7	11	2.8388852e-01
7	12	-2.7738422e-01
7	13	1.1914716e-01
7	14	5.4272649e-02
7	15	-1.1909227e-01
7	16	2.3205188e-01
7	17	-1.7893500e-01
7	18	-3.0764580e-02
7	19	1.3904651e-01
7	20	-1.3595019e-01
7	21	-9.3142392e-02
7	22	1.3599263e-01
7	23	1.0416507e-01
7	24	-6.2828651e-02
8	9	-1.0517599e-02
8	10	-4.7435874e-02
8	11	2.7177563e-02
8	12	-7.7585959e-02
8	13	-6.3816575e-02
8	14	-3.1713417e-03
8	15	-1.9305900e-01
8	16	5.1110557e-02
8	17	5.3305359e-02
8	18	-2.0994419e-01
8	19	2.1183845e-02
8	20	-1.4719813e-01
8	21	9.5999415e-03
8	22	-9.3755871e-02
8	23	2.8626874e-02
8	24	-1.5805892e-02
9	10	-2.2373781e-01
9	11	9.0368189e-02
9	12	-6.5811132e-02
9	13	-2.1096777e-02
9	14	-3.1708978e-01
9	15	-2.0354880e-01
9	16	-2.2425590e-01
9	17	-3.3466588e-01
9	18	-1.4491441e-01
9	19	2.5297780e-02
9	20	-1.3316978e-01
9	21	3.3786210e-02
9	22	-1.6043734e-01
9	23	-1.7062423e-01
9	24	1.2914287e-01
10	11	-2.1810476e-01
10	12	2.8276480e-02
10	13	3.8430710e-02
10	14	-2.4707346e-03
10	15	1.1717992e-01
10	16	4.2897100e-02
10	17	2.3139838e-01
10	18	3.0871261e-01
10	19	-9.4582590e-03
10	20	1.3155603e-01
10	21	-6.9748501e-02
10	22	3.7434133e-02
10	23	-1.0573984e-01
10	24	-1.0813981e-01
11	12	-1.3238663e-01
11	13	7.3032130e-02
11	14	-8.3410392e-02
11	15	-2.2004486e-02
11	16	4.3309973e-02
11	17	-3.5030275e-01
11	18	-2.1972221e-01
11	19	1.7142540e-01
11	20	-3.5878128e-02
11	21	-6.1327152e-02
11	22	-7.0328490e-02
11	23	1.0856004e-01
11	24	1.0443366e-01
12	13	-7.9060844e-02
12	14	1.3335111e-01
12	15	1.4811431e-01
12	16	2.3398618e-02
12	17	-2.8505369e-02
12	18	1.5848435e-01
12	19	-1.2516494e-02
12	20	1.2062984e-01
12	21	2.3471591e-01
12	22	8.8835536e-02
12	23	9.6473591e-03
12	24	6.5718741e-02
13	14	-2.2212291e-02
13	15	1.7689450e-01
13	16	8.5701944e-03
13	17	-8.4729292e-02
13	18	-5.9385628e-03
13	19	2.5325210e-01
13	20	5.3519040e-02
13	21	-1.2958854e-01
13	22	1.2344714e-01
13	23	-9.6327521e-02
13	24	-1.1894682e-01
14	15	2.1478825e-01
14	16	5.3161838e-02
14	17	2.3314618e-01
14	18	1.1208733e-03
14	19	-2.2376938e-01
14	20	-1.2459351e-01
14	21	8.5293774e-02
14	22	7.3673182e-03
14	23	7.3136962e-02
14	24	1.9531783e-01
15	16	-8.7236111e-02
15	17	8.8430608e-02
15	18	-1.3668249e-03
15	19	1.9374178e-02
15	20	2.8956303e-01
15	21	-3.3574313e-02
15	22	-6.1700415e-02
15	23	5.2028395e-02
15	24	3.5188709e-02
16	17	-2.2550391e-01
16	18	5.9823652e-02
16	19	-1.3786182e-02
16	20	1.0749048e-01
16	21	4.5914134e-02
16	22	-1.3494055e-01
16	23	-5.6958901e-02
16	24	-1.2688623e-01
17	18	4.7238940e-02
17	19	-1.4395912e-01
17	20	-1.1011168e-01
17	21	-1.5130595e-01
17	22	2.7000185e-01
17	23	1.2911217e-01
17	24	-9.5757563e-02
18	19	-6.7009527e-02
18	20	1.0255981e-01
18	21	1.2673353e-01
18	22	2.4540946e-01
18	23	-1.1753881e-01
18	24	-7.2721378e-02
19	20	8.6384012e-02
19	21	-5.9636398e-02
19	22	1.4982730e-01
19	23	3.9576182e-02
19	24	-1.3156105e-01
20	21	5.0529668e-02
20	22	-1.3680879e-01
20	23	1.1555897e-01
20	24	-1.2686974e-01
21	22	-2.1415764e-02
21	23	1.8030941e-02
21	24	1.0109039e-01
22	23	1.0706147e-01
22	24	-1.7102134e-01
23	24	1.5328527e-02
