0	1	-1.8387722e-01
0	2	1.5415333e-01
0	3	-1.1750936e-02
0	4	-7.1237155e-02
0	5	-1.4434344e-01
0	6	4.9289387e-02
0	7	-9.5402101e-02
0	8	1.0328738e-01
0	9	-2.8265916e-03
0	10	1.9705376e-02
0	11	-1.2447914e-01
0	12	-2.0826071e-03
0	13	-1.5688830e-01
0	14	4.0692148e-02
0	15	1.1131291e-02
0	16	-6.2072225e-02
0	17	1.2373361e-01
0	18	1.9006165e-01
0	19	1.6487341e-01
0	20	2.9763122e-02
0	21	-1.4671378e-01
0	22	1.6100226e-01
0	23	1.8981457e-01
0	24	1.6696441e-01
1	2	2.7625198e-01
1	3	-6.0505769e-02
1	4	5.2231444e-02
1	5	4.0780168e-02
1	6	-2.1966019e-01
1	7	1.9848172e-01
1	8	-2.4414945e-01
1	9	7.1941160e-02
1	10	-9.5606925e-02
1	11	-7.5426303e-02
1	12	9.8146411e-02
1	13	2.1488184e-01
1	14	2.2252915e-01
1	15	3.6414401e-02
1	16	1.4627109e-01
1	17	-1.8521858e-02
1	18	-5.0834344e-01
1	19	-3.0261037e-01
1	20	1.4187700e-01
1	21	1.8746742e-01
1	22	1.2294500e-02
1	23	3.8233858e-02
1	24	-2.8191568e-01
2	3	-1.4091775e-02
2	4	-5.0517322e-01
2	5	-2.1312606e-01
2	6	-4.5443361e-01
2	7	4.5403903e-02
2	8	-3.9198003e-01
2	9	-1.6684043e-01
2	10	5.0249731e-02
2	11	-2.3644538e-01
2	12	1.6488057e-01
2	13	-6.5282447e-02
2	14	8.7421112e-02
2	15	9.1254541e-02
2	16	-1.3232162e-03
2	17	3.1208525e-01
2	18	-4.5756898e-01
2	19	-2.1608248e-01
2	20	1.2091322e-01
2	21	9.7078794e-02
2	22	1.7340072e-01
2	23	1.3359780e-01
2	24	-1.0673500e-01
3	4	-1.2988523e-01
3	5	-3.2270940e-02
3	6	-9.4418387e-02
3	7	-1.3513277e-02
3	8	5.7802866e-02
3	9	-5.7359572e-03
3	10	-7.1302606e-02
3	11	-8.5627508e-02
3	12	5.0301401e-02
3	13	2.2804002e-01
3	14	1.3779552e-01
3	15	-1.3446510e-01
3	16	-5.7586029e-02
3	17	-8.9722628e-02
3	18	1.0327624e-01
3	19	1.0758730e-01
3	20	-1.1943663e-01
3	21	-1.6550740e-02
3	22	1.5801114e-02
3	23	9.1560680e-02
3	24	6.2112217e-03
4	5	1.0009602e-01
4	6	2.9919336e-01
4	7	-7.5716217e-02
4	8	1.2023780e-01
4	9	1.9827012e-01
4	10	-4.0421854e-02
4	11	2.3292250e-01
4	12	-8.6267687e-02
4	13	-1.9128776e-01
4	14	-1.3685402e-01
4	15	2.5425573e-01
4	16	2.4955676e-01
4	17	-2.0947747e-01
4	18	1.0694374e-01
4	19	3.1105174e-02
4	20	1.9735106e-01
4	21	9.8455683e-02
4	22	1.1077526e-01
4	23	1.4631966e-01
4	24	2.9388183e-01
5	6	1.5011394e-01
5	7	-6.3753866e-02
5	8	6.0599292e-02
5	9	5.1567787e-02
5	10	-1.9603212e-01
5	11	2.9250860e-01
5	12	-5.5603595e-02
5	13	1.4990711e-01
5	14	-2.3615600e-01
5	15	-9.7027165e-02
5	16	-1.8236251e-02
5	17	-1.1837207e-01
5	18	4.8609175e-02
5	19	-8.8611023e-02
5	20	4.2502409e-02
5	21	8.3897482e-04
5	22	-2.4973852e-01
5	23	-3.2520818e-01
5	24	-1.3341593e-01
6	7	8.1401700e-02
6	8	3.6352505e-01
6	9	2.2054434e-01
6	10	-3.1877346e-01
6	11	3.6989483e-01
6	12	-2.7632185e-01
6	13	9.6945224e-02
6	14	-4.1469020e-01
6	15	7.1420940e-02
6	16	-1.9911199e-01
6	17	-6.0454527e-02
6	18	5.3952258e-01
6	19	3.5290947e-02
6	20	1.6933282e-01
6	21	-1.6392349e-01
6	22	4.5730463e-03
6	23	-2.9661841e-01
6	24	1.0367993e-01
7	8	6.5847627e-02
7	9	-1.5316217e-01
7	10	-1.7202975e-01
7	11	-9.0250420e-02
7	12	-1.2154339e-01
7	13	5.5205305e-02
7	14	6.2953539e-02
7	15	-1.2799579e-01
7	16	-1.2552087e-01
7	17	1.1381314e-01
7	18	-1.9183126e-01
7	19	-1.6145616e-01
7	20	6.4710157e-02
7	21	-6.8096834e-02
7	22	2.0582484e-01
7	23	-4.6206933e-02
7	24	7.0502028e-03
8	9	7.0661122e-02
8	10	-1.0412789e-01
8	11	6.4203374e-02
8	12	-1.6338624e-01
8	13	8.5908886e-02
8	14	-1.1553943e-02
8	15	-1.6401101e-01
8	16	-1.7063878e-01
8	17	-9.2987955e-02
8	18	4.9359082e-01
8	19	1.9891000e-01
8	20	-9.9568522e-03
8	21	-2.2579944e-01
8	22	-2.1519359e-02
8	23	-9.8207552e-02
8	24	4.1745543e-02
9	10	5.1798570e-02
9	11	5.5296901e-02
9	12	6.5342410e-02
9	13	1.7524633e-01
9	14	3.0132566e-02
9	15	1.7603680e-01
9	16	1.1448004e-01
9	17	-1.7180294e-01
9	18	2.2693472e-01
9	19	-2.3075248e-02
9	20	-1.0242871e-02
9	21	7.4348466e-02
9	22	-1.2177256e-01
9	23	3.1275671e-02
9	24	-1.8664256e-01
10	11	-1.8079656e-01
10	12	1.0098486e-01
10	13	-1.7139558e-01
10	14	1.5813590e-01
10	15	2.1419300e-01
10	16	3.0749152e-01
10	17	-2.4577973e-02
10	18	-3.4988947e-02
10	19	7.9311036e-02
10	20	-7.9115736e-02
10	21	1.3381454e-01
10	22	-4.2090055e-03
10	23	1.0799639e-01
10	24	-1.1160456e-01
11	12	-1.1239745e-01
11	13	5.5493551e-02
11	14	-5.3193221e-01
11	15	1.2621437e-01
11	16	1.9731423e-03
11	17	-1.3111501e-01
11	18	1.8795767e-01
11	19	-1.4378183e-01
11	20	1.6859809e-01
11	21	5.7071079e-02
11	22	-1.8950494e-01
11	23	-3.5481475e-01
11	24	3.9690064e-04
12	13	2.3950513e-02
12	14	1.7261152e-01
12	15	4.8993850e-02
12	16	9.9639919e-02
12	17	-1.4115086e-02
12	18	-1.0337818e-01
12	19	-3.9197656e-02
12	20	-1.7513338e-01
12	21	1.2186488e-01
12	22	-1.0899047e-01
12	23	2.5947052e-01
12	24	-1.0826939e-01
13	14	1.2519929e-01
13	15	-1.7012079e-01
13	16	-1.3367857e-01
13	17	-1.9438556e-01
13	18	5.8088912e-03
13	19	-1.3267748e-01
13	20	-5.8805470e-02
13	21	-3.3944517e-02
13	22	-2.2965784e-01
13	23	-1.9306017e-01
13	24	-4.8838076e-01
14	15	-1.7287906e-01
14	16	7.8662629e-02
14	17	-8.3352845e-02
14	18	-2.1787994e-01
14	19	7.1216424e-02
14	20	-2.7240587e-01
14	21	-2.8973661e-02
14	22	-4.1937563e-02
14	23	4.1631478e-01
14	24	-2.5328300e-01
15	16	3.0793446e-01
15	17	-1.5983359e-01
15	18	1.1786194e-02
15	19	-2.0866104e-01
15	20	2.1316770e-01
15	21	2.1230259e-01
15	22	2.2701729e-01
15	23	2.9160485e-02
15	24	-5.0131717e-02
16	17	-2.0868490e-01
16	18	-1.4715889e-01
16	19	-9.3524007e-02
16	20	3.5065399e-02
16	21	2.1957339e-01
16	22	5.3285946e-02
16	23	1.2983263e-01
16	24	-2.7201337e-02
17	18	-1.5525816e-01
17	19	5.8094284e-02
17	20	5.6557020e-02
17	21	-7.7110040e-02
17	22	1.3603479e-01
17	23	8.2780765e-02
17	24	2.3523992e-01
18	19	4.1800730e-01
18	20	-9.9635228e-02
18	21	-1.4244444e-01
18	22	2.7818177e-03
18	23	-1.4118529e-01
18	24	2.1246279e-01
19	20	-1.2169219e-01
19	21	-1.2029103e-01
19	22	1.7475749e-01
19	23	1.4416753e-01
19	24	4.3089544e-01
20	21	1.3176782e-02
20	22	2.7684668e-01
20	23	-1.8130266e-01
20	24	1.1218527e-01
21	22	-1.7908360e-02
21	23	4.7374134e-02
21	24	-2.8091097e-02
22	23	1.8915965e-01
22	24	5.4018751e-01
23	24	2.9462147e-01
