0	1	-6.6755630e-02
0	2	-1.3198294e-01
0	3	-7.2188163e-02
0	4	-1.6482589e-01
0	5	1.1604049e-01
0	6	-1.4666215e-01
0	7	1.5101976e-01
0	8	-6.0314707e-02
0	9	-1.0955984e-01
0	10	1.6514852e-02
0	11	-1.2127663e-01
0	12	-6.5273210e-02
0	13	4.7218275e-02
0	14	2.3799851e-01
0	15	7.7163883e-02
0	16	1.6336038e-01
0	17	-8.1427926e-02
0	18	1.0548288e-01
0	19	-1.7952766e-01
0	20	-6.4742046e-02
0	21	1.8438703e-02
0	22	-5.3999396e-02
0	23	3.5113072e-02
0	24	1.8754720e-01
1	2	8.4329131e-02
1	3	7.1337239e-02
1	4	1.6339458e-01
1	5	-1.4597900e-01
1	6	-1.0813930e-01
1	7	-5.6533586e-02
1	8	1.0215788e-01
1	9	-5.2239177e-02
1	10	-9.7972784e-02
1	11	1.0625475e-01
1	12	-8.1625564e-02
1	13	1.0108355e-02
1	14	1.4120747e-01
1	15	-6.5539558e-02
1	16	-6.7129766e-02
1	17	-5.4755509e-02
1	18	1.1203202e-01
1	19	3.4918257e-01
1	20	1.3319618e-01
1	21	5.1494087e-03
1	22	-1.1950099e-03
1	23	1.3986477e-01
1	24	2.0282084e-02
2	3	-1.6353946e-01
2	4	-7.1196917e-02
2	5	-5.6722241e-02
2	6	-7.0503564e-02
2	7	3.0225645e-01
2	8	-3.8527706e-01
2	9	-1.1211828e-01
2	10	1.1759594e-02
2	11	-1.4171549e-01
2	12	-8.7482057e-03
2	13	9.9032931e-02
2	14	2.3360406e-01
2	15	-1.9277088e-01
2	16	-5.6231632e-01
2	17	1.4359220e-01
2	18	-4.2334532e-01
2	19	1.4073972e-01
2	20	-1.4421028e-02
2	21	-2.1244989e-01
2	22	-2.2513562e-01
2	23	-1.2873914e-01
2	24	7.1827737e-02
3	4	-1.1027629e-01
3	5	9.6692497e-02
3	6	-3.9717619e-02
3	7	-3.2439482e-01
3	8	2.3695055e-01
3	9	-9.9472480e-02
3	10	-1.1218170e-01
3	11	2.0759944e-01
3	12	1.2620770e-04
3	13	-1.0504503e-01
3	14	-4.9329521e-02
3	15	-6.8681296e-02
3	16	2.0896624e-01
3	17	9.5443711e-02
3	18	-2.6143236e-02
3	19	5.9045516e-02
3	20	-4.5817474e-02
3	21	-1.8591519e-01
3	22	-8.0890059e-02
3	23	2.3119366e-01
3	24	-1.6646916e-01
4	5	-1.8232823e-01
4	6	5.6193892e-03
4	7	-2.1323676e-02
4	8	2.3327862e-01
4	9	3.4873090e-01
4	10	4.8559890e-02
4	11	-8.9271679e-02
4	12	-1.0386827e-01
4	13	2.2170741e-01
4	14	2.4919716e-02
4	15	2.2423408e-01
4	16	-1.2817006e-01
4	17	-1.3093736e-01
4	18	1.3403511e-01
4	19	1.6229110e-01
4	20	-7.5525489e-03
4	21	1.0048338e-01
4	22	2.7995081e-01
4	23	-5.4850606e-02
4	24	-1.2954557e-01
5	6	7.9297160e-02
5	7	-1.5067294e-06
5	8	9.0832022e-02
5	9	-1.4942101e-01
5	10	8.1087579e-02
5	11	-1.8354679e-02
5	12	1.0858242e-01
5	13	2.3720262e-03
5	14	4.4905076e-02
5	15	1.3479638e-01
5	16	7.5766024e-02
5	17	1.4966102e-01
5	18	-9.1377456e-02
5	19	-2.1156956e-01
5	20	9.5767539e-02
5	21	-5.8570160e-02
5	22	-9.4040824e-02
5	23	-1.7445493e-02
5	24	-7.0565774e-02
6	7	-4.4561616e-02
6	8	7.7458174e-02
6	9	4.1382903e-02
6	10	1.3770229e-01
6	11	2.2059435e-01
6	12	1.4190013e-01
6	13	1.6996672e-02
6	14	-2.3080689e-01
6	15	1.6767709e-02
6	16	3.1809347e-02
6	17	2.7556517e-01
6	18	-9.8496446e-02
6	19	-1.6220402e-02
6	20	2.3655965e-01
6	21	8.7310524e-02
6	22	1.6084377e-01
6	23	-1.4653194e-01
6	24	-3.0981874e-02
7	8	-4.8602936e-01
7	9	9.8574551e-02
7	10	2.3248102e-01
7	11	-1.5332457e-01
7	12	-5.1536017e-02
7	13	1.3458327e-01
7	14	-1.0972407e-01
7	15	-9.2459938e-02
7	16	-3.2497762e-01
7	17	-2.7084553e-01
7	18	-9.2196439e-02
7	19	-9.6825500e-02
7	20	3.6503913e-02
7	21	-2.5996127e-04
7	22	-1.7202027e-01
7	23	-2.4722617e-01
7	24	3.7546761e-01
8	9	-8.1670463e-03
8	10	-7.8765821e-04
8	11	1.0135751e-01
8	12	-9.4044137e-03
8	13	1.6165228e-01
8	14	3.8448809e-02
8	15	2.6964980e-01
8	16	2.8373352e-01
8	17	1.2421623e-01
8	18	1.0017163e-01
8	19	2.8040134e-02
8	20	8.7183106e-03
8	21	-1.9545257e-02
8	22	3.5020229e-01
8	23	2.5472343e-01
8	24	-4.0393223e-01
9	10	1.9839448e-02
9	11	1.7702524e-01
9	12	-1.8336006e-01
9	13	1.0252130e-01
9	14	-1.7715953e-01
9	15	1.1508057e-01
9	16	7.3833910e-02
9	17	-1.2831111e-01
9	18	1.0027066e-01
9	19	1.9156969e-01
9	20	7.9476623e-02
9	21	9.3647044e-02
9	22	1.7092461e-01
9	23	3.3319022e-02
9	24	1.2766142e-01
10	11	-8.5561440e-02
10	12	-1.8262833e-02
10	13	1.4644517e-01
10	14	-2.5296254e-01
10	15	1.4680147e-01
10	16	-1.2185772e-03
10	17	-3.4354839e-02
10	18	-2.0771108e-01
10	19	-1.2543474e-01
10	20	1.4310008e-02
10	21	-8.6781140e-03
10	22	-6.4588482e-02
10	23	-1.0802270e-01
10	24	-1.1810111e-01
11	12	-2.1218426e-02
11	13	-1.2059532e-01
11	14	-2.1459754e-01
11	15	-2.0981711e-01
11	16	2.8400458e-01
11	17	2.1311724e-01
11	18	4.3463893e-03
11	19	2.4807227e-01
11	20	2.3159632e-01
11	21	-7.8896720e-02
11	22	8.8137421e-02
11	23	2.5647110e-01
11	24	1.8540137e-01
12	13	-1.6791052e-01
12	14	-5.9930302e-02
12	15	-1.8863455e-02
12	16	-2.3754718e-01
12	17	2.5778578e-01
12	18	-9.0082755e-02
12	19	-1.4927494e-01
12	20	1.8226586e-01
12	21	9.5108054e-02
12	22	8.2944051e-02
12	23	6.2169090e-03
12	24	-1.8316181e-01
13	14	1.1775654e-01
13	15	6.6994240e-02
13	16	-8.2870934e-02
13	17	-1.0503066e-01
13	18	-7.2452792e-02
13	19	-2.6841862e-02
13	20	-1.8672189e-01
13	21	-1.2512113e-01
13	22	1.8786690e-01
13	23	-6.4026680e-02
13	24	-3.2045503e-02
14	15	5.4022955e-02
14	16	-1.2106918e-01
14	17	1.3448865e-01
14	18	1.5325635e-01
14	19	6.2615616e-03
14	20	-8.1597139e-02
14	21	-6.6328434e-02
14	22	4.8242268e-02
14	23	1.4422181e-02
14	24	1.2600087e-01
15	16	1.3586339e-01
15	17	7.1825367e-02
15	18	2.9676885e-02
15	19	-6.0073940e-02
15	20	1.7831472e-01
15	21	2.2594836e-01
15	22	1.7991390e-01
15	23	2.7892934e-02
15	24	-1.9395114e-01
16	17	-2.0081056e-02
16	18	1.8205290e-01
16	19	-2.0304614e-02
16	20	-3.7185494e-02
16	21	1.7654105e-02
16	22	-4.5489291e-02
16	23	2.1074221e-01
16	24	8.3072169e-03
17	18	-3.0625123e-01
17	19	2.3013632e-02
17	20	2.4648560e-01
17	21	-2.9006688e-02
17	22	1.1202467e-01
17	23	1.3736479e-01
17	24	-1.2772274e-01
18	19	4.4165184e-02
18	20	9.6878908e-02
18	21	2.6023354e-01
18	22	1.9815249e-01
18	23	-6.9975674e-02
18	24	2.1804935e-01
19	20	2.0093274e-01
19	21	7.6491388e-02
19	22	1.3311152e-01
19	23	1.5567076e-01
19	24	1.8458127e-01
20	21	3.0058515e-01
20	22	1.5004244e-01
20	23	4.4282869e-02
20	24	1.1081278e-01
21	22	3.1179544e-01
21	23	-8.5231044e-02
21	24	1.7349034e-01
22	23	1.2151198e-01
22	24	2.2645204e-01
23	24	-9.4714228e-02
