0	1	-3.6836847e-02
0	2	-1.9251397e-02
0	3	-7.5349380e-02
0	4	9.8951532e-02
0	5	1.9294041e-01
0	6	-3.8096492e-02
0	7	-1.5090219e-01
0	8	-5.5404493e-02
0	9	-1.5666670e-01
0	10	-1.4215726e-01
0	11	-9.6807287e-02
0	12	-6.2094861e-02
0	13	-1.1752896e-01
0	14	2.4517732e-01
0	15	-2.3299543e-01
0	16	-6.3057608e-02
0	17	4.0772471e-01
0	18	4.9942396e-02
0	19	-2.5572074e-01
0	20	-5.0131230e-02
0	21	1.5738111e-01
0	22	-2.4027665e-01
0	23	1.6691506e-02
0	24	-5.6444832e-02
1	2	1.1216033e-01
1	3	-1.9355304e-02
1	4	-1.9131261e-01
1	5	-6.9352943e-02
1	6	-9.0016681e-02
1	7	9.1413642e-02
1	8	2.3208551e-01
1	9	-2.3144782e-01
1	10	-1.3053329e-01
1	11	1.9552791e-01
1	12	-2.2088893e-02
1	13	1.5702417e-01
1	14	-2.0740092e-01
1	15	-2.1386533e-02
1	16	-9.4138512e-02
1	17	-3.5921629e-02
1	18	-3.2122893e-02
1	19	7.5896757e-02
1	20	1.7504969e-02
1	21	-1.1437704e-01
1	22	-1.7967978e-01
1	23	7.0777934e-02
1	24	8.9250968e-02
2	3	1.6351874e-01
2	4	-1.3750058e-01
2	5	4.0105619e-02
2	6	-2.7260065e-02
2	7	-1.6540631e-02
2	8	-9.5456110e-02
2	9	1.2437459e-01
2	10	-1.4095487e-01
2	11	-2.7333631e-02
2	12	8.3462180e-02
2	13	8.9181385e-02
2	14	2.9139036e-02
2	15	1.5447047e-01
2	16	1.3589256e-01
2	17	1.9295025e-02
2	18	1.4853290e-01
2	19	1.6529412e-01
2	20	8.5994205e-02
2	21	-8.0412580e-02
2	22	-8.0049978e-02
2	23	2.7808800e-02
2	24	8.0713252e-02
3	4	-2.0382120e-02
3	5	-7.6224443e-02
3	6	2.4911706e-01
3	7	-8.2151050e-02
3	8	6.9116223e-02
3	9	7.5253169e-02
3	10	-1.2779157e-01
3	11	-1.0178628e-01
3	12	6.1065163e-02
3	13	1.0586231e-01
3	14	-1.6664828e-01
3	15	1.7054753e-01
3	16	2.9476760e-01
3	17	1.7972654e-01
3	18	-1.9819663e-01
3	19	7.4242800e-04
3	20	1.7248136e-01
3	21	1.2162946e-02
3	22	2.9983375e-01
3	23	-5.4340670e-02
3	24	4.9438654e-02
4	5	2.2628471e-02
4	6	1.4572331e-01
4	7	-1.0707333e-02
4	8	-1.4217189e-01
4	9	-2.4969493e-02
4	10	1.6472111e-01
4	11	2.6940639e-02
4	12	-4.5021550e-02
4	13	-1.2396058e-01
4	14	1.9485885e-01
4	15	-1.3373846e-01
4	16	1.7611049e-01
4	17	2.3940634e-01
4	18	5.1260852e-03
4	19	-5.0935481e-03
4	20	-7.9975747e-02
4	21	-1.2346358e-02
4	22	1.6969394e-01
4	23	-6.4993065e-02
4	24	-3.4932158e-02
5	6	1.3877865e-01
5	7	-1.9734548e-02
5	8	-1.2442734e-01
5	9	-9.4306266e-02
5	10	-2.6819211e-02
5	11	7.3458731e-02
5	12	-5.1072945e-02
5	13	6.0090614e-02
5	14	1.5273417e-01
5	15	-8.4762430e-02
5	16	6.4813777e-02
5	17	1.1885071e-01
5	18	8.1777128e-02
5	19	-3.1487018e-01
5	20	-5.1655562e-02
5	21	1.1518882e-01
5	22	-2.5307299e-01
5	23	1.2848184e-01
5	24	1.1262344e-01
6	7	-1.1733622e-02
6	8	1.7385263e-01
6	9	-9.8531882e-02
6	10	2.9205341e-01
6	11	2.0705430e-02
6	12	-1.3103921e-01
6	13	6.3909776e-02
6	14	-4.0826005e-02
6	15	-4.2965998e-01
6	16	3.7993392e-01
6	17	1.3399255e-01
6	18	-1.1890317e-01
6	19	-2.2386522e-01
6	20	1.8373656e-01
6	21	1.2951837e-01
6	22	1.1755422e-01
6	23	-1.2571458e-01
6	24	7.7724029e-02
7	8	-4.1367509e-02
7	9	1.3539244e-01
7	10	-2.9702610e-02
7	11	1.0373321e-01
7	12	-8.0763364e-02
7	13	1.2215137e-01
7	14	-2.5918880e-02
7	15	3.8153021e-01
7	16	-6.0274168e-02
7	17	-1.8467313e-01
7	18	-1.8295014e-01
7	19	2.9300837e-01
7	20	-1.5352795e-01
7	21	-2.4495313e-02
7	22	3.5115446e-02
7	23	-7.4780900e-02
7	24	-1.6904189e-01
8	9	6.5073768e-03
8	10	1.7867718e-01
8	11	3.5297202e-03
8	12	-1.4876138e-01
8	13	-1.1596403e-02
8	14	-2.1185662e-01
8	15	-3.4490647e-01
8	16	-1.9732718e-01
8	17	-4.4557476e-02
8	18	3.2649993e-03
8	19	-1.4610496e-01
8	20	1.5207810e-01
8	21	8.8623091e-02
8	22	-1.1531978e-01
8	23	2.2845028e-02
8	24	-1.3614349e-01
9	10	9.1881673e-02
9	11	-1.1749508e-01
9	12	-6.6344300e-02
9	13	6.1264737e-02
9	14	5.7389351e-03
9	15	2.2529393e-01
9	16	-4.1785063e-02
9	17	-5.2914584e-02
9	18	8.9017366e-02
9	19	1.7168913e-01
9	20	-8.8737673e-02
9	21	8.2762243e-02
9	22	-2.0014517e-02
9	23	1.0265656e-01
9	24	-1.8620126e-01
10	11	2.9061415e-02
10	12	-1.5287506e-01
10	13	-2.8349483e-02
10	14	-1.6082255e-01
10	15	-3.1010816e-01
10	16	-5.4053473e-02
10	17	-3.8669992e-01
10	18	3.7024049e-02
10	19	-1.1076915e-01
10	20	-4.3788466e-03
10	21	1.2486093e-01
10	22	4.4280508e-02
10	23	1.2295766e-01
10	24	-4.7835682e-02
11	12	8.1696478e-02
11	13	2.1200843e-01
11	14	-7.3331623e-02
11	15	8.3145077e-02
11	16	1.6180957e-01
11	17	-1.4788331e-01
11	18	4.9724642e-02
11	19	3.0287264e-03
11	20	-8.2736115e-02
11	21	-5.9802493e-02
11	22	-4.3552030e-02
11	23	1.5784569e-01
11	24	1.2417684e-01
12	13	9.7775517e-02
12	14	-1.0233639e-01
12	15	1.7213272e-01
12	16	1.3473483e-01
12	17	-7.5245362e-02
12	18	1.3587461e-02
12	19	1.8284631e-01
12	20	-6.7619050e-03
12	21	-2.3326076e-01
12	22	1.1376678e-01
12	23	-5.1604825e-03
12	24	1.1648602e-01
13	14	-2.5572478e-01
13	15	2.1754800e-01
13	16	2.2805846e-01
13	17	-1.3440502e-01
13	18	-7.3777007e-02
13	19	5.1560139e-02
13	20	-1.7463124e-01
13	21	2.2869423e-02
13	22	-6.5752109e-02
13	23	2.5711065e-01
13	24	1.4420591e-01
14	15	-1.4732526e-01
14	16	8.3343239e-02
14	17	4.7014843e-01
14	18	2.5383728e-01
14	19	-1.0612353e-01
14	20	-7.4742082e-03
14	21	9.3582439e-02
14	22	-1.2530964e-01
14	23	-1.7338616e-01
14	24	-4.5540333e-02
15	16	1.1488566e-01
15	17	-3.7872390e-01
15	18	-2.9704985e-01
15	19	3.5277798e-01
15	20	-2.7413171e-01
15	21	8.7377896e-03
15	22	4.1795938e-01
15	23	9.5323647e-02
15	24	-6.5214999e-02
16	17	3.3886174e-01
16	18	-2.6837447e-02
16	19	-1.9301235e-02
16	20	5.4970594e-04
16	21	4.9323540e-02
16	22	2.3893355e-01
16	23	1.9632434e-02
16	24	2.3944482e-01
17	18	1.2631811e-01
17	19	-1.9043342e-01
17	20	-1.4765748e-02
17	21	4.5028163e-02
17	22	-2.4247502e-01
17	23	-1.7007691e-01
17	24	-8.8592476e-04
18	19	-8.9232319e-02
18	20	-4.7475227e-02
18	21	-7.0375896e-02
18	22	-2.7783500e-01
18	23	4.6984520e-02
18	24	1.2358421e-01
19	20	-6.9903941e-02
19	21	-3.5849323e-01
19	22	2.0844192e-01
19	23	-2.0896097e-01
19	24	-1.1045253e-01
20	21	-3.3489094e-02
20	22	9.4601442e-02
20	23	-1.2958511e-01
20	24	-2.0096540e-02
21	22	-7.1821390e-02
21	23	1.9429980e-01
21	24	-1.2073140e-01
22	23	-2.2309965e-01
22	24	1.2123629e-02
23	24	6.5553224e-02
