0	1	2772
0	2	-84
0	3	2004
0	4	3252
0	5	-2700
0	6	876
0	7	-2604
0	8	780
0	9	2868
0	10	-6420
0	11	-84
0	12	-5580
0	13	564
0	14	-2484
0	15	3924
0	16	2028
0	17	-4332
0	18	-1716
0	19	-2868
0	20	-1428
0	21	180
0	22	972
0	23	1140
1	2	7860
1	3	-2868
1	4	492
1	5	-468
1	6	2292
1	7	-564
1	8	4692
1	9	-1428
1	10	-1932
1	11	948
1	12	-2196
1	13	876
1	14	-1260
1	15	-180
1	16	-1164
1	17	3468
1	18	-2028
1	19	-876
1	20	-12
1	21	1260
1	22	-2412
1	23	-2004
2	3	-2124
2	4	1428
2	5	-2220
2	6	5004
2	7	180
2	8	300
2	9	-1260
2	10	-2292
2	11	-564
2	12	-492
2	13	5652
2	14	-2964
2	15	-2508
2	16	-3060
2	17	5364
2	18	-2196
2	19	1260
2	20	2700
2	21	2964
2	22	492
2	23	-2988
3	4	-3348
3	5	-6612
3	6	-780
3	7	204
3	8	-2988
3	9	1644
3	10	1908
3	11	-2124
3	12	-6036
3	13	1644
3	14	2580
3	15	2892
3	16	-1932
3	17	1932
3	18	4116
3	19	2964
3	20	-3084
3	21	2028
3	22	3732
3	23	1068
4	5	-948
4	6	2772
4	7	-3348
4	8	2868
4	9	396
4	10	-3756
4	11	6036
4	12	1932
4	13	2700
4	14	-3084
4	15	-660
4	16	-684
4	17	-6228
4	18	-1548
4	19	-396
4	20	2772
4	21	780
4	22	-1932
4	23	2124
5	6	-876
5	7	-2004
5	8	3828
5	9	-564
5	10	-492
5	11	2388
5	12	3276
5	13	-5172
5	14	-2124
5	15	684
5	16	2580
5	17	-276
5	18	1716
5	19	-1740
5	20	-876
5	21	-2484
5	22	-972
5	23	1164
6	7	-3084
6	8	-1044
6	9	84
6	10	-5940
6	11	2700
6	12	-1452
6	13	84
6	14	-4308
6	15	3444
6	16	204
6	17	-204
6	18	-3540
6	19	-2388
6	20	-948
6	21	2004
6	22	3756
6	23	2964
7	8	-684
7	9	1644
7	10	1908
7	11	-2124
7	12	876
7	13	-660
7	14	2580
7	15	-4020
7	16	-4236
7	17	1932
7	18	-492
7	19	5268
7	20	3828
7	21	-4884
7	22	-3180
7	23	-3540
8	9	180
8	10	876
8	11	300
8	12	948
8	13	2484
8	14	2508
8	15	3540
8	16	108
8	17	-108
8	18	-1332
8	19	-180
8	20	-1044
8	21	-2508
8	22	-948
8	23	756
9	10	468
9	11	-1260
9	12	-4596
9	13	-1524
9	14	1140
9	15	-276
9	16	1236
9	17	-1236
9	18	372
9	19	-780
9	20	2388
9	21	1164
9	22	2292
9	23	204
10	11	12
10	12	3540
10	13	468
10	14	4524
10	15	-780
10	16	-180
10	17	2484
10	18	2988
10	19	-468
10	20	972
10	21	2388
10	22	-3540
10	23	-3564
11	12	4116
11	13	-3564
11	14	-5268
11	15	-204
11	16	1548
11	17	-3852
11	18	108
11	19	-3348
11	20	-1908
11	21	2964
11	22	-4116
11	23	-2988
12	13	-2292
12	14	-396
12	15	-5652
12	16	2004
12	17	-2004
12	18	-1164
12	19	-2316
12	20	-1452
12	21	396
12	22	-6156
12	23	-5172
13	14	1140
13	15	2028
13	16	-5676
13	17	1068
13	18	-1932
13	19	3828
13	20	4692
13	21	1164
13	22	4596
13	23	204
14	15	-108
14	16	-3156
14	17	3156
14	18	-2292
14	19	3468
14	20	300
14	21	756
14	22	2700
14	23	1716
15	16	-12
15	17	-2292
15	18	-3180
15	19	-2028
15	20	-1164
15	21	-2196
15	22	5652
15	23	3756
16	17	-1356
16	18	-84
16	19	-10452
16	20	-4404
16	21	3156
16	22	-2004
16	23	-492
17	18	84
17	19	3540
17	20	-204
17	21	1452
17	22	2004
17	23	-1812
18	19	1932
18	20	-3540
18	21	2292
18	22	-3444
18	23	948
19	20	2220
19	21	-3468
19	22	2316
19	23	-204
20	21	-4908
20	22	-852
20	23	2964
21	22	1908
21	23	-4020
22	23	2868
