0	1	20056
0	2	14776
0	3	-7464
0	4	-5976
0	5	-11256
0	6	-8584
0	7	-696
0	8	5064
0	9	7944
0	10	-1176
0	11	-15256
0	12	-8536
0	13	7304
0	14	8904
0	15	-2936
0	16	13544
0	17	1064
0	18	-9016
0	19	-4904
0	20	7096
0	21	-6136
0	22	-4376
0	23	6776
0	24	-1016
0	25	-5704
0	26	536
0	27	13224
0	28	9496
0	29	4584
0	30	-8696
0	31	-4216
0	32	8424
0	33	-4264
0	34	-536
0	35	3304
0	36	5336
0	37	-856
0	38	-24216
0	39	2024
1	2	11304
1	3	-4856
1	4	-7304
1	5	-2024
1	6	-3736
1	7	-18984
1	8	-11944
1	9	10776
1	10	-5704
1	11	-10824
1	12	20856
1	13	-1384
1	14	-9384
1	15	2456
1	16	-1224
1	17	-7944
1	18	-10664
1	19	-13816
1	20	-19416
1	21	5656
1	22	3896
1	23	104
1	24	6936
1	25	-13016
1	26	-56
1	27	5496
1	28	3784
1	29	14136
1	30	-4584
1	31	-9064
1	32	16696
1	33	-8056
1	34	6456
1	35	9016
1	36	-11256
1	37	-12424
1	38	4536
1	39	-8904
2	3	13224
2	4	216
2	5	-7304
2	6	-17656
2	7	-5064
2	8	-4424
2	9	-7304
2	10	-4584
2	11	3096
2	12	15576
2	13	6136
2	14	-8264
2	15	9976
2	16	-6504
2	17	-424
2	18	-3144
2	19	4264
2	20	-14136
2	21	6776
2	22	-1384
2	23	-7416
2	24	-4744
2	25	-14136
2	26	-13976
2	27	216
2	28	2664
2	29	8856
2	30	2936
2	31	11256
2	32	-1384
2	33	-9176
2	34	1176
2	35	-15464
2	36	6824
2	37	-4904
2	38	18456
2	39	-1384
3	4	9976
3	5	8856
3	6	-8216
3	7	17496
3	8	-1064
3	9	2456
3	10	-1224
3	11	56
3	12	-264
3	13	3096
3	14	-4904
3	15	536
3	16	-3144
3	17	-3464
3	18	25816
3	19	-11896
3	20	1704
3	21	3736
3	22	1976
3	23	-17176
3	24	-1384
3	25	-4696
3	26	8264
3	27	3576
3	28	5704
3	29	-6984
3	30	6296
3	31	1816
3	32	-4424
3	33	6664
3	34	4536
3	35	-12104
3	36	3464
3	37	-1544
3	38	15416
3	39	-4424
4	5	9704
4	6	-10344
4	7	13864
4	8	-5976
4	9	-3096
4	10	-5816
4	11	-19896
4	12	-6776
4	13	2664
4	14	4264
4	15	-20376
4	16	-3896
4	17	2824
4	18	-20056
4	19	-264
4	20	5336
4	21	2024
4	22	3784
4	23	11416
4	24	7144
4	25	11736
4	26	11576
4	27	-4216
4	28	-5064
4	29	-12856
4	30	-536
4	31	10344
4	32	3784
4	33	376
4	34	1224
4	35	11464
4	36	16376
4	37	13704
4	38	15944
4	39	-15416
5	6	14136
5	7	8584
5	8	-4856
5	9	10824
5	10	8104
5	11	-5976
5	12	13544
5	13	-2616
5	14	-1016
5	15	6344
5	16	-15576
5	17	-15256
5	18	13064
5	19	5016
5	20	-2184
5	21	3144
5	22	11304
5	23	-2504
5	24	-4536
5	25	4216
5	26	4056
5	27	-9496
5	28	216
5	29	-18136
5	30	-12216
5	31	5064
5	32	-20696
5	33	-7144
5	34	-10456
5	35	12584
5	36	8856
5	37	2024
5	38	-8536
5	39	-1496
6	7	9976
6	8	-2184
6	9	26936
6	10	-15144
6	11	24536
6	12	-7784
6	13	-23624
6	14	-6024
6	15	5816
6	16	-10664
6	17	1816
6	18	5496
6	19	8424
6	20	2824
6	21	-3784
6	22	7256
6	23	3144
6	24	29496
6	25	22024
6	26	-9816
6	27	-3944
6	28	-12376
6	29	4696
6	30	-14024
6	31	696
6	32	856
6	33	7784
6	34	-9384
6	35	5976
6	36	-21016
6	37	-2664
6	38	-4904
6	39	20056
7	8	-19896
7	9	8584
7	10	-13336
7	11	-8216
7	12	-14296
7	13	-11256
7	14	9544
7	15	4104
7	16	-11416
7	17	14504
7	18	-1976
7	19	7256
7	20	6456
7	21	-11896
7	22	-10136
7	23	-13064
7	24	6024
7	25	6456
7	26	12696
7	27	26664
7	28	2456
7	29	5224
7	30	-20856
7	31	2824
7	32	2664
7	33	20696
7	34	104
7	35	-8856
7	36	-1704
7	37	6184
7	38	2024
7	39	2664
8	9	-4856
8	10	11624
8	11	10344
8	12	10664
8	13	7304
8	14	-23096
8	15	-2936
8	16	7144
8	17	7464
8	18	10184
8	19	14296
8	20	696
8	21	6664
8	22	14824
8	23	13176
8	24	-13816
8	25	7096
8	26	6936
8	27	-5976
8	28	3096
8	29	-8216
8	30	4104
8	31	-4216
8	32	-10776
8	33	-17064
8	34	-6936
8	35	-3096
8	36	5336
8	37	-7256
8	38	-17816
8	39	-4376
9	10	-4696
9	11	6824
9	12	-5656
9	13	-9016
9	14	-1016
9	15	-12856
9	16	-9176
9	17	-2456
9	18	-12536
9	19	5016
9	20	-14984
9	21	-9656
9	22	-7896
9	23	-8904
9	24	8264
9	25	-2184
9	26	-2344
9	27	9704
9	28	-12584
9	29	-5336
9	30	-5816
9	31	-7736
9	32	17704
9	33	5656
9	34	-23256
9	35	6184
9	36	2456
9	37	-10776
9	38	-14936
9	39	17704
10	11	-8696
10	12	-1976
10	13	1064
10	14	-3736
10	15	-2776
10	16	-18296
10	17	-5176
10	18	3944
10	19	1336
10	20	-25064
10	21	424
10	22	-10616
10	23	-12584
10	24	-7256
10	25	-5864
10	26	13176
10	27	-12216
10	28	2936
10	29	-8056
10	30	4264
10	31	-4056
10	32	-4216
10	33	-10824
10	34	-6776
10	35	3464
10	36	5176
10	37	-696
10	38	-11256
10	39	-23416
11	12	-3256
11	13	-13016
11	14	-11416
11	15	2344
11	16	-376
11	17	-56
11	18	9064
11	19	-3784
11	20	-10984
11	21	5544
11	22	-5496
11	23	1496
11	24	-2136
11	25	8216
11	26	1656
11	27	-7096
11	28	10616
11	29	9864
11	30	9384
11	31	-5336
11	32	-18296
11	33	3256
11	34	11144
11	35	2184
11	36	-12744
11	37	-21176
11	38	13064
11	39	13704
12	13	104
12	14	-17496
12	15	9064
12	16	-12856
12	17	6664
12	18	-3416
12	19	8696
12	20	-11304
12	21	12264
12	22	14024
12	23	-5224
12	24	-14616
12	25	1496
12	26	1336
12	27	-376
12	28	-2504
12	29	-2616
12	30	-3096
12	31	7784
12	32	-5176
12	33	-3464
12	34	-1336
12	35	8904
12	36	12536
12	37	4744
12	38	584
12	39	-17976
13	14	-8056
13	15	-696
13	16	15784
13	17	-3096
13	18	-6776
13	19	-7144
13	20	-1544
13	21	-3896
13	22	4264
13	23	4536
13	24	-24376
13	25	-1544
13	26	11096
13	27	15464
13	28	7256
13	29	-5976
13	30	-56
13	31	-8376
13	32	-14936
13	33	-6504
13	34	-11096
13	35	5544
13	36	9496
13	37	7784
13	38	-2776
13	39	-2136
14	15	-5496
14	16	10984
14	17	-20696
14	18	-5176
14	19	-8744
14	20	22456
14	21	-15096
14	22	-19736
14	23	2936
14	24	15624
14	25	-9544
14	26	3096
14	27	-2136
14	28	5656
14	29	-4376
14	30	-4856
14	31	6024
14	32	12264
14	33	4696
14	34	3304
14	35	-5656
14	36	-17704
14	37	-9816
14	38	-1176
14	39	-536
15	16	5544
15	17	-536
15	18	2184
15	19	3096
15	20	2296
15	21	-1336
15	22	19624
15	23	-4424
15	24	-2616
15	25	-4104
15	26	-10664
15	27	-1176
15	28	4696
15	29	-3416
15	30	-10296
15	31	-5816
15	32	-5976
15	33	-2664
15	34	-8536
15	35	-4696
15	36	-12264
15	37	-2456
15	38	-19416
15	39	424
16	17	-3256
16	18	-536
16	19	-584
16	20	30616
16	21	-4056
16	22	16904
16	23	17496
16	24	-18136
16	25	5016
16	26	-1544
16	27	-10296
16	28	7416
16	29	-12536
16	30	6184
16	31	-8536
16	32	10504
16	33	56
16	34	7944
16	35	-1016
16	36	3256
16	37	1224
16	38	-2936
16	39	10504
17	18	-6616
17	19	11896
17	20	-1704
17	21	2664
17	22	-1976
17	23	4376
17	24	-5016
17	25	23896
17	26	-1864
17	27	9224
17	28	-18504
17	29	6984
17	30	-6296
17	31	-1816
17	32	-1976
17	33	12536
17	34	-10936
17	35	5704
17	36	2936
17	37	-4856
17	38	-2616
17	39	-1976
18	19	-16424
18	20	1976
18	21	11784
18	22	7144
18	23	-4744
18	24	-8696
18	25	-10824
18	26	-4584
18	27	-20056
18	28	4376
18	29	-3096
18	30	-3576
18	31	7304
18	32	-18456
18	33	3416
18	34	-8216
18	35	-17176
18	36	216
18	37	-2136
18	38	104
18	39	7144
19	20	-856
19	21	-12904
19	22	17336
19	23	5864
19	24	1176
19	25	18344
19	26	-13496
19	27	-264
19	28	-16056
19	29	-4424
19	30	-3944
19	31	4376
19	32	4536
19	33	-2296
19	34	696
19	35	3256
19	36	904
19	37	7416
19	38	-1224
19	39	10936
20	21	-13704
20	22	10136
20	23	6664
20	24	376
20	25	19144
20	26	-6296
20	27	-1064
20	28	-2456
20	29	-5224
20	30	14456
20	31	16376
20	32	-2664
20	33	4904
20	34	12696
20	35	-10344
20	36	-4696
20	37	13016
20	38	-2024
20	39	10136
21	22	-9176
21	23	-1224
21	24	-12216
21	25	-904
21	26	5336
21	27	-10776
21	28	7896
21	29	6184
21	30	-13496
21	31	10184
21	32	-9176
21	33	6936
21	34	-18136
21	35	11304
21	36	10136
21	37	744
21	38	15784
21	39	-15576
22	23	9816
22	24	-10456
22	25	10136
22	26	-2824
22	27	-9016
22	28	-6664
22	29	-17656
22	30	1064
22	31	-13656
22	32	-1016
22	33	-1224
22	34	9224
22	35	-6136
22	36	8376
22	37	15304
22	38	-1656
22	39	5384
23	24	56
23	25	6664
23	26	-12376
23	27	-14184
23	28	-14936
23	29	-11944
23	30	1336
23	31	3256
23	32	3416
23	33	-1176
23	34	-424
23	35	21336
23	36	2024
23	37	-6504
23	38	4056
23	39	16216
24	25	6776
24	26	-12584
24	27	744
24	28	-10024
24	29	11304
24	30	-14776
24	31	-3896
24	32	8744
24	33	-4584
24	34	6184
24	35	3624
24	36	-26984
24	37	-13336
24	38	1704
24	39	8744
25	26	-6296
25	27	11736
25	28	-15256
25	29	7576
25	30	1656
25	31	3576
25	32	-9064
25	33	-1496
25	34	6296
25	35	15256
25	36	-4696
25	37	-6184
25	38	4376
25	39	-9064
26	27	11576
26	28	10504
26	29	1016
26	30	-4904
26	31	-9384
26	32	-2824
26	33	5064
26	34	6136
26	35	2296
26	36	1864
26	37	6456
26	38	4216
26	39	-28424
27	28	7736
27	29	25544
27	30	-536
27	31	-8856
27	32	-2616
27	33	13176
27	34	-5176
27	35	-1336
27	36	-2824
27	37	-5496
27	38	-3256
27	39	-9016
28	29	-2824
28	30	4056
28	31	-424
28	32	-13064
28	33	-10296
28	34	8696
28	35	-14344
28	36	-7096
28	37	9016
28	38	376
28	39	-6664
29	30	-2776
29	31	-11096
29	32	14344
29	33	9016
29	34	-1016
29	35	-3576
29	36	-13384
29	37	-14136
29	38	7304
29	39	-17656
30	31	7624
30	32	1064
30	33	3096
30	34	17704
30	35	-10456
30	36	6296
30	37	10984
30	38	6824
30	39	1064
31	32	-13656
31	33	5016
31	34	-3416
31	35	-12376
31	36	8216
31	37	15464
31	38	17704
31	39	-856
32	33	5176
32	34	2824
32	35	-6136
32	36	1976
32	37	2504
32	38	-8056
32	39	-7416
33	34	-11464
33	35	3896
33	36	264
33	37	20856
33	38	5816
33	39	-1224
34	35	-8696
34	36	-8264
34	37	-56
34	38	21384
34	39	-3576
35	36	7096
35	37	-9016
35	38	-13176
35	39	-6136
36	37	17656
36	38	-10184
36	39	1976
37	38	1864
37	39	-3896
38	39	-1656
