0	1	5632
0	2	-3648
0	3	-1792
0	4	9312
0	5	19072
0	6	16352
0	7	-608
0	8	-4192
0	9	-10848
0	10	-13088
0	11	4672
0	12	-512
0	13	13472
0	14	5888
0	15	-12672
0	16	-12512
0	17	-3872
0	18	2272
0	19	1792
0	20	2432
0	21	32
0	22	13088
0	23	13312
0	24	3648
0	25	-14752
0	26	11232
0	27	24768
0	28	-16608
0	29	4672
0	30	-1472
0	31	-10912
0	32	15552
0	33	-8992
0	34	-14528
0	35	-832
0	36	6528
0	37	-3872
0	38	15968
0	39	192
1	2	1248
1	3	-2208
1	4	1088
1	5	16928
1	6	13248
1	7	-8192
1	8	192
1	9	2048
1	10	4288
1	11	-13472
1	12	-3488
1	13	-9472
1	14	2912
1	15	-10528
1	16	2112
1	17	6272
1	18	-4672
1	19	-4192
1	20	1568
1	21	-8832
1	22	8512
1	23	-9312
1	24	-1248
1	25	-2048
1	26	-7232
1	27	3232
1	28	-11392
1	29	12128
1	30	-2528
1	31	13312
1	32	1248
1	33	-1408
1	34	5728
1	35	3232
1	36	8672
1	37	-128
1	38	5632
1	39	-8992
2	3	-11488
2	4	3968
2	5	-12192
2	6	3328
2	7	-5312
2	8	3712
2	9	-1472
2	10	-12032
2	11	8608
2	12	-6368
2	13	-12992
2	14	-12768
2	15	-608
2	16	12032
2	17	3392
2	18	-1792
2	19	-7712
2	20	-14752
2	21	448
2	22	-768
2	23	-6432
2	24	-4128
2	25	20672
2	26	-4352
2	27	6752
2	28	-14912
2	29	8608
2	30	-11808
2	31	4032
2	32	-8672
2	33	2112
2	34	8608
2	35	-6048
2	36	12192
2	37	-15808
2	38	-3648
2	39	-6112
3	4	-4928
3	5	4832
3	6	-17088
3	7	4352
3	8	-2752
3	9	6912
3	10	-8128
3	11	-9568
3	12	928
3	13	12032
3	14	928
3	15	1568
3	16	8128
3	17	3968
3	18	-5568
3	19	-6048
3	20	-5408
3	21	-1408
3	22	-11072
3	23	5472
3	24	5088
3	25	-19712
3	26	35392
3	27	-5792
3	28	20352
3	29	-9568
3	30	6368
3	31	3328
3	32	-5088
3	33	5248
3	34	16032
3	35	-18592
3	36	-4832
3	37	-8832
3	38	11008
3	39	17952
4	5	-12352
4	6	-16032
4	7	-11872
4	8	-21728
4	9	4768
4	10	-5792
4	11	-10752
4	12	6592
4	13	-25952
4	14	-12608
4	15	-6848
4	16	-608
4	17	3552
4	18	-1952
4	19	-14272
4	20	-2112
4	21	-6112
4	22	5792
4	23	12608
4	24	8832
4	25	1632
4	26	-4512
4	27	512
4	28	-15072
4	29	-4352
4	30	7552
4	31	-15008
4	32	16768
4	33	2272
4	34	14848
4	35	512
4	36	-13248
4	37	-9248
4	38	9312
4	39	-12672
5	6	6208
5	7	-2432
5	8	832
5	9	-17792
5	10	-9152
5	11	-7712
5	12	-2848
5	13	15488
5	14	16352
5	15	-9888
5	16	-3648
5	17	512
5	18	-11712
5	19	-4832
5	20	13728
5	21	-3072
5	22	9152
5	23	9248
5	24	-7008
5	25	-14208
5	26	4928
5	27	3872
5	28	-5632
5	29	5088
5	30	4512
5	31	13952
5	32	608
5	33	-768
5	34	-1312
5	35	-2528
5	36	9312
5	37	6912
5	38	-128
5	39	3168
6	7	6688
6	8	10912
6	9	10528
6	10	-32
6	11	-11392
6	12	832
6	13	18208
6	14	26432
6	15	192
6	16	32
6	17	16992
6	18	3808
6	19	-8512
6	20	10048
6	21	12448
6	22	6432
6	23	-832
6	24	3072
6	25	-10528
6	26	-17952
6	27	26752
6	28	-9312
6	29	27008
6	30	-11008
6	31	4832
6	32	-3072
6	33	-16288
6	34	-24192
6	35	7552
6	36	19392
6	37	-2208
6	38	3552
6	39	5888
7	8	13152
7	9	-4512
7	10	-2272
7	11	-20032
7	12	9472
7	13	15968
7	14	9472
7	15	15232
7	16	-10528
7	17	32
7	18	7968
7	19	-10752
7	20	20608
7	21	3808
7	22	-4128
7	23	-3072
7	24	11712
7	25	-1888
7	26	11808
7	27	3392
7	28	7648
7	29	-832
7	30	-2368
7	31	7072
7	32	1088
7	33	11552
7	34	-26432
7	35	3392
7	36	-16768
7	37	12832
7	38	-608
7	39	22848
8	9	-3488
8	10	-5728
8	11	12032
8	12	4928
8	13	14432
8	14	11328
8	15	-832
8	16	5728
8	17	-4832
8	18	16032
8	19	-3648
8	20	-3008
8	21	-5408
8	22	-13472
8	23	1472
8	24	-10112
8	25	3488
8	26	-608
8	27	-1792
8	28	9952
8	29	5632
8	30	-2432
8	31	-5472
8	32	-9088
8	33	-3552
8	34	-7168
8	35	-1792
8	36	5568
8	37	1568
8	38	-4192
8	39	13952
9	10	-4832
9	11	-3392
9	12	-13568
9	13	-5792
9	14	12032
9	15	-7808
9	16	4832
9	17	8992
9	18	-13792
9	19	-6912
9	20	-13952
9	21	1248
9	22	11232
9	23	7168
9	24	7872
9	25	7072
9	26	-3552
9	27	12352
9	28	5088
9	29	-3392
9	30	6592
9	31	9632
9	32	4928
9	33	-17888
9	34	3008
9	35	-448
9	36	4992
9	37	-16608
9	38	14752
9	39	13888
10	11	-1152
10	12	9792
10	13	-9952
10	14	-3008
10	15	21952
10	16	-3808
10	17	6752
10	18	1248
10	19	8128
10	20	-5312
10	21	16288
10	22	8992
10	23	-28992
10	24	12032
10	25	4832
10	26	-7712
10	27	-9088
10	28	928
10	29	-7552
10	30	-14848
10	31	-11808
10	32	-12032
10	33	-928
10	34	18048
10	35	16512
10	36	9152
10	37	-12448
10	38	-288
10	39	3328
11	12	-4448
11	13	-2112
11	14	-10848
11	15	-11488
11	16	1152
11	17	-7488
11	18	9088
11	19	9568
11	20	-23072
11	21	-7872
11	22	1152
11	23	4448
11	24	-15008
11	25	16192
11	26	12928
11	27	-4128
11	28	2368
11	29	288
11	30	-9888
11	31	5952
11	32	-10592
11	33	4032
11	34	288
11	35	-4128
11	36	7712
11	37	-1088
11	38	4672
11	39	-20832
12	13	10752
12	14	2208
12	15	15648
12	16	-3392
12	17	-7552
12	18	18752
12	19	5472
12	20	-288
12	21	-9088
12	22	-9792
12	23	10592
12	24	12768
12	25	768
12	26	14912
12	27	14688
12	28	12672
12	29	8352
12	30	1248
12	31	-8192
12	32	32
12	33	6528
12	34	8352
12	35	1888
12	36	-16352
12	37	-1152
12	38	-6912
12	39	-2528
13	14	23552
13	15	-9088
13	16	-9248
13	17	1312
13	18	19488
13	19	768
13	20	128
13	21	-10272
13	22	-2848
13	23	2048
13	24	192
13	25	-608
13	26	10528
13	27	11072
13	28	19168
13	29	-2112
13	30	-1088
13	31	1952
13	32	-192
13	33	-6368
13	34	-21312
13	35	4672
13	36	3712
13	37	14112
13	38	-5728
13	39	15168
14	15	2848
14	16	-28992
14	17	11648
14	18	-448
14	19	-928
14	20	12512
14	21	3712
14	22	-3392
14	23	16992
14	24	6368
14	25	-5632
14	26	2112
14	27	1888
14	28	-6528
14	29	8352
14	30	1248
14	31	11008
14	32	-6368
14	33	-19072
14	34	-17248
14	35	-4512
14	36	9248
14	37	-1152
14	38	-512
14	39	3872
15	16	-9152
15	17	-512
15	18	-1088
15	19	-1568
15	20	11872
15	21	22272
15	22	-2752
15	23	-9248
15	24	7008
15	25	-11392
15	26	-4928
15	27	-3872
15	28	12032
15	29	-5088
15	30	-17312
15	31	-7552
15	32	-7008
15	33	13568
15	34	1312
15	35	-3872
15	36	-9312
15	37	-512
15	38	-12672
15	39	9632
16	17	-6752
16	18	5152
16	19	-1728
16	20	-1088
16	21	9312
16	22	-8992
16	23	-3008
16	24	-5632
16	25	7968
16	26	-5088
16	27	-3712
16	28	18272
16	29	-5248
16	30	2048
16	31	5408
16	32	-7168
16	33	928
16	34	13952
16	35	2688
16	36	10048
16	37	-352
16	38	288
16	39	9472
17	18	-9888
17	19	2432
17	20	-9728
17	21	7072
17	22	-6752
17	23	7552
17	24	-3392
17	25	-8992
17	26	-7328
17	27	11328
17	28	3232
17	29	11712
17	30	-2112
17	31	1248
17	32	-9408
17	33	-3232
17	34	11712
17	35	4928
17	36	5888
17	37	-10912
17	38	-3872
17	39	-5568
18	19	-7232
18	20	-1472
18	21	-11872
18	22	5152
18	23	-5952
18	24	8192
18	25	7392
18	26	8928
18	27	-6528
18	28	11168
18	29	-3712
18	30	-18688
18	31	9952
18	32	4608
18	33	8032
18	34	-16512
18	35	6272
18	36	-1088
18	37	22112
18	38	-10528
18	39	7168
19	20	-7392
19	21	1408
19	22	-8128
19	23	928
19	24	14112
19	25	512
19	26	-9792
19	27	-608
19	28	18048
19	29	-9632
19	30	25632
19	31	-3328
19	32	-7712
19	33	-5248
19	34	3168
19	35	5792
19	36	-7968
19	37	-3968
19	38	-4608
19	39	1248
20	21	7168
20	22	-1088
20	23	288
20	24	1952
20	25	-5248
20	26	-10432
20	27	6432
20	28	-1792
20	29	8928
20	30	7072
20	31	-2688
20	32	10848
20	33	14592
20	34	-16672
20	35	32
20	36	-13728
20	37	15872
20	38	8832
20	39	608
21	22	9312
21	23	-10112
21	24	-6848
21	25	-14048
21	26	-8032
21	27	-2368
21	28	7008
21	29	-1472
21	30	-1728
21	31	-11488
21	32	-31552
21	33	-7008
21	34	4928
21	35	10432
21	36	9472
21	37	7072
21	38	6432
21	39	9408
22	23	-9408
22	24	13568
22	25	7968
22	26	-5088
22	27	9088
22	28	-928
22	29	1152
22	30	-17152
22	31	-7392
22	32	12032
22	33	-5472
22	34	-11648
22	35	2688
22	36	10048
22	37	-352
22	38	6688
22	39	3072
23	24	-6368
23	25	-13568
23	26	10688
23	27	10912
23	28	128
23	29	4448
23	30	17952
23	31	1792
23	32	12768
23	33	-6528
23	34	-8352
23	35	-8288
23	36	3552
23	37	1152
23	38	6912
23	39	-10272
24	25	-1472
24	26	-14848
24	27	-6752
24	28	8512
24	29	-8608
24	30	-992
24	31	-4032
24	32	15072
24	33	-2112
24	34	4192
24	35	-13152
24	36	-5792
24	37	-9792
24	38	-2752
24	39	12512
25	26	-2848
25	27	-5952
25	28	7712
25	29	3392
25	30	-192
25	31	3168
25	32	-4928
25	33	-1312
25	34	3392
25	35	448
25	36	-11392
25	37	-2592
25	38	-8352
25	39	-7488
26	27	2432
26	28	2208
26	29	6528
26	30	3072
26	31	12512
26	32	-17152
26	33	10592
26	34	128
26	35	-3968
26	36	-4928
26	37	-928
26	38	4832
26	39	4608
27	28	-6208
27	29	2272
27	30	928
27	31	-8512
27	32	13152
27	33	-12992
27	34	-10528
27	35	1568
27	36	2528
27	37	-14272
27	38	-832
27	39	4192
28	29	-16832
28	30	7232
28	31	-2528
28	32	-8512
28	33	1952
28	34	2368
28	35	6592
28	36	-13568
28	37	3232
28	38	-3808
28	39	6848
29	30	-3488
29	31	5952
29	32	-10592
29	33	-2368
29	34	-6112
29	35	15072
29	36	7712
29	37	11712
29	38	4672
29	39	-14432
30	31	10048
30	32	992
30	33	-20032
30	34	9312
30	35	7328
30	36	-23712
30	37	-2112
30	38	4928
30	39	-1568
31	32	-2368
31	33	-10272
31	34	-6848
31	35	4288
31	36	-7552
31	37	7648
31	38	1888
31	39	1472
32	33	-4288
32	34	-10592
32	35	352
32	36	-7008
32	37	-3008
32	38	-3648
32	39	-6112
33	34	-2368
33	35	-12992
33	36	-12032
33	37	9568
33	38	-2592
33	39	-448
34	35	-4128
34	36	1312
34	37	-13888
34	38	4672
34	39	-8032
35	36	2528
35	37	11328
35	38	5568
35	39	4192
36	37	-512
36	38	-6272
36	39	-3168
37	38	-16672
37	39	832
38	39	6592
