0	1	-8848
0	2	18288
0	3	5072
0	4	2192
0	5	-10512
0	6	11088
0	7	-9712
0	8	-4912
0	9	13488
0	10	-528
0	11	3408
0	12	-432
0	13	-848
0	14	-16592
0	15	-6288
0	16	-13968
0	17	19152
0	18	-752
0	19	3152
0	20	1008
0	21	-6128
0	22	-4688
0	23	3472
0	24	-9392
0	25	12592
0	26	-4048
0	27	-6768
0	28	-11728
0	29	-22128
0	30	-20208
0	31	3248
0	32	-4368
0	33	9968
0	34	9488
0	35	21808
0	36	8432
0	37	10672
0	38	-3088
0	39	-24112
1	2	1808
1	3	-10448
1	4	-528
1	5	-1392
1	6	7408
1	7	-592
1	8	4208
1	9	3408
1	10	-3248
1	11	-6672
1	12	8688
1	13	-9968
1	14	5328
1	15	3792
1	16	-3888
1	17	-2768
1	18	-10832
1	19	-18768
1	20	10128
1	21	3952
1	22	24592
1	23	7152
1	24	-13072
1	25	-2928
1	26	-6768
1	27	3312
1	28	11152
1	29	-18448
1	30	-3728
1	31	-432
1	32	-13488
1	33	-6512
1	34	-6992
1	35	-1072
1	36	5712
1	37	-24048
1	38	592
1	39	-2192
2	3	688
2	4	3568
2	5	-8048
2	6	-10448
2	7	-2448
2	8	-7248
2	9	-6448
2	10	-112
2	11	10032
2	12	7472
2	13	208
2	14	-8368
2	15	-7152
2	16	6928
2	17	-592
2	18	-5008
2	19	-3792
2	20	-368
2	21	-912
2	22	4048
2	23	2288
2	24	-9168
2	25	18768
2	26	3408
2	27	6128
2	28	4688
2	29	-4112
2	30	-6032
2	31	10192
2	32	10128
2	33	3472
2	34	16752
2	35	10832
2	36	-9072
2	37	7888
2	38	-3952
2	39	-7248
3	4	6992
3	5	-8912
3	6	-112
3	7	-8112
3	8	-3312
3	9	8688
3	10	-2128
3	11	11408
3	12	-11632
3	13	-2448
3	14	10608
3	15	-1488
3	16	-9168
3	17	4752
3	18	848
3	19	7952
3	20	2608
3	21	-14128
3	22	6512
3	23	-10928
3	24	-1392
3	25	-27408
3	26	7152
3	27	-8368
3	28	-6928
3	29	-10928
3	30	-15408
3	31	-7952
3	32	-5968
3	33	17968
3	34	-14512
3	35	-2192
3	36	6832
3	37	15472
3	38	-11088
3	39	-3312
4	5	6768
4	6	-3632
4	7	-5232
4	8	12368
4	9	-14032
4	10	1392
4	11	-11312
4	12	10448
4	13	1072
4	14	13488
4	15	-23568
4	16	-5648
4	17	-23728
4	18	-9072
4	19	11472
4	20	-7312
4	21	-29808
4	22	3632
4	23	-1008
4	24	1488
4	25	-4688
4	26	-2128
4	27	-4848
4	28	-9808
4	29	11792
4	30	912
4	31	-11472
4	32	-8848
4	33	-4752
4	34	7568
4	35	-5712
4	36	-2448
4	37	6192
4	38	-7568
4	39	-6832
5	6	-13648
5	7	-5648
5	8	-16848
5	9	-3248
5	10	9488
5	11	13232
5	12	-2128
5	13	3408
5	14	1232
5	15	-3952
5	16	-2672
5	17	-16592
5	18	-1808
5	19	-592
5	20	2832
5	21	-4112
5	22	848
5	23	11888
5	24	6832
5	25	-3632
5	26	-12592
5	27	15728
5	28	1488
5	29	11888
5	30	22768
5	31	-5808
5	32	6928
5	33	-12528
5	34	-5648
5	35	-11568
5	36	-18672
5	37	-1712
5	38	-752
5	39	2352
6	7	-1648
6	8	-48
6	9	-5648
6	10	11888
6	11	-1968
6	12	-4528
6	13	-6992
6	14	-1168
6	15	-1552
6	16	-6672
6	17	11408
6	18	2192
6	19	-17392
6	20	432
6	21	4688
6	22	9648
6	23	-4912
6	24	-1968
6	25	5168
6	26	-3792
6	27	-7472
6	28	3888
6	29	-24112
6	30	-432
6	31	4592
6	32	-9872
6	33	4272
6	34	-14448
6	35	5232
6	36	22128
6	37	7088
6	38	1648
6	39	-12848
7	8	14352
7	9	2352
7	10	23088
7	11	-13168
7	12	16272
7	13	10608
7	14	-5968
7	15	-9552
7	16	4528
7	17	3408
7	18	10192
7	19	13008
7	20	2032
7	21	-3312
7	22	-17552
7	23	12688
7	24	6032
7	25	3568
7	26	-5392
7	27	10128
7	28	2288
7	29	6288
7	30	17168
7	31	-208
7	32	7728
7	33	-528
7	34	-19248
7	35	6832
7	36	7728
7	37	-912
7	38	12848
7	39	7952
8	9	3952
8	10	-4112
8	11	7632
8	12	17872
8	13	2608
8	14	14832
8	15	-4752
8	16	15728
8	17	-10992
8	18	5392
8	19	17808
8	20	-15568
8	21	-4912
8	22	6448
8	23	-14512
8	24	1232
8	25	8368
8	26	18608
8	27	2128
8	28	13488
8	29	4688
8	30	-10032
8	31	-11408
8	32	6128
8	33	1072
8	34	7952
8	35	-4368
8	36	6128
8	37	3888
8	38	4848
8	39	-9648
9	10	1488
9	11	8432
9	12	-528
9	13	14608
9	14	-3568
9	15	13648
9	16	14928
9	17	1008
9	18	-208
9	19	10608
9	20	-8368
9	21	7088
9	22	-13552
9	23	-2512
9	24	2032
9	25	-5232
9	26	11408
9	27	-11472
9	28	-12912
9	29	-21712
9	30	-4432
9	31	-4208
9	32	-1072
9	33	-4528
9	34	-4048
9	35	9232
9	36	11728
9	37	9488
9	38	4048
9	39	-2448
10	11	-2192
10	12	368
10	13	-8048
10	14	-9392
10	15	-688
10	16	4432
10	17	11952
10	18	12848
10	19	-4048
10	20	8208
10	21	5872
10	22	-5488
10	23	21872
10	24	10608
10	25	18192
10	26	-4848
10	27	-7568
10	28	-12528
10	29	-3728
10	30	-1808
10	31	16848
10	32	1232
10	33	10768
10	34	-21712
10	35	-2992
10	36	20432
10	37	-9328
10	38	-16688
10	39	8688
11	12	-22448
11	13	-1872
11	14	-12688
11	15	9968
11	16	4848
11	17	-2672
11	18	3472
11	19	13328
11	20	-4688
11	21	9808
11	22	1968
11	23	-6192
11	24	-13488
11	25	-2512
11	26	7728
11	27	10448
11	28	15408
11	29	-6192
11	30	11088
11	31	12272
11	32	20848
11	33	11952
11	34	6032
11	35	-6288
11	36	-17552
11	37	5808
11	38	-12432
11	39	1232
12	13	688
12	14	23152
12	15	-13072
12	16	20208
12	17	-19312
12	18	7312
12	19	9488
12	20	-848
12	21	-13232
12	22	10928
12	23	-3632
12	24	9552
12	25	12848
12	26	10288
12	27	6608
12	28	17968
12	29	2768
12	30	-5552
12	31	-9488
12	32	-2192
12	33	-9808
12	34	-2928
12	35	-2448
12	36	10608
12	37	8368
12	38	15728
12	39	-14128
13	14	-9072
13	15	-13808
13	16	10512
13	17	-1168
13	18	368
13	19	8432
13	20	2128
13	21	-20048
13	22	-18608
13	23	-4048
13	24	4528
13	25	-14128
13	26	-5168
13	27	-1488
13	28	6352
13	29	-4048
13	30	17072
13	31	-14832
13	32	20112
13	33	-1712
13	34	10608
13	35	3728
13	36	-5488
13	37	9552
13	38	8592
13	39	15408
14	15	2768
14	16	-2352
14	17	-3472
14	18	4272
14	19	-6672
14	20	-3888
14	21	-3792
14	22	26768
14	23	-13392
14	24	6512
14	25	-3312
14	26	13328
14	27	3248
14	28	14608
14	29	-592
14	30	-15312
14	31	-31728
14	32	-5552
14	33	-6448
14	34	-5968
14	35	-5488
14	36	7248
14	37	11408
14	38	5968
14	39	-4368
15	16	-1328
15	17	12592
15	18	-592
15	19	-3408
15	20	-11632
15	21	19312
15	22	-4848
15	23	-15888
15	24	-2832
15	25	6032
15	26	2192
15	27	-528
15	28	912
15	29	-3088
15	30	-13968
15	31	9808
15	32	-4528
15	33	3728
15	34	-3152
15	35	-3632
15	36	1872
15	37	-15088
15	38	-9648
15	39	8048
16	17	-1488
16	18	688
16	19	-4688
16	20	2448
16	21	11632
16	22	-12528
16	23	-10768
16	24	4848
16	25	4752
16	26	20112
16	27	-1808
16	28	6032
16	29	8432
16	30	3952
16	31	11088
16	32	592
16	33	-20592
16	34	17328
16	35	-8752
16	36	592
16	37	-3568
16	38	1872
16	39	9328
17	18	-432
17	19	-22768
17	20	14128
17	21	25552
17	22	-5008
17	23	-3248
17	24	-9072
17	25	-528
17	26	8432
17	27	-7088
17	28	-5648
17	29	-16048
17	30	-20528
17	31	3568
17	32	-11088
17	33	10288
17	34	-2992
17	35	22128
17	36	14512
17	37	-15248
17	38	-16208
17	39	8208
18	19	2768
18	20	5872
18	21	-7152
18	22	-8592
18	23	2448
18	24	-9328
18	25	-272
18	26	-2832
18	27	12688
18	28	11248
18	29	8848
18	30	-5872
18	31	3632
18	32	16688
18	33	9712
18	34	-21808
18	35	-21328
18	36	-15312
18	37	20848
18	38	15408
18	39	-7408
19	20	-27472
19	21	-9648
19	22	-8208
19	23	-12848
19	24	528
19	25	-3728
19	26	-1168
19	27	-3888
19	28	-2448
19	29	19152
19	30	8272
19	31	368
19	32	11312
19	33	7088
19	34	6608
19	35	-6672
19	36	-14288
19	37	7152
19	38	-6608
19	39	5008
20	21	-5392
20	22	-432
20	23	10608
20	24	-11088
20	25	1488
20	26	-1072
20	27	20848
20	28	208
20	29	-14992
20	30	-10512
20	31	1872
20	32	-752
20	33	-11248
20	34	-10768
20	35	-3888
20	36	12048
20	37	-9392
20	38	4368
20	39	-2768
21	22	-4688
21	23	-9328
21	24	9808
21	25	12592
21	26	15152
21	27	-13168
21	28	20272
21	29	-2928
21	30	-7408
21	31	22448
21	32	-10768
21	33	16368
21	34	-16112
21	35	15408
21	36	14832
21	37	-21328
21	38	-9488
21	39	14288
22	23	-1488
22	24	-4432
22	25	7632
22	26	3792
22	27	1072
22	28	8912
22	29	-14288
22	30	-5968
22	31	-10992
22	32	-2928
22	33	8528
22	34	-4752
22	35	13968
22	36	3472
22	37	-13488
22	38	-14448
22	39	-19152
23	24	6608
23	25	9392
23	26	-26448
23	27	-3568
23	28	-14928
23	29	-6128
23	30	8592
23	31	19248
23	32	5232
23	33	368
23	34	-6512
23	35	-592
23	36	-1168
23	37	1072
23	38	6512
23	39	-8112
24	25	16688
24	26	-5072
24	27	-2352
24	28	2608
24	29	6608
24	30	11088
24	31	-528
24	32	1648
24	33	-848
24	34	-6768
24	35	112
24	36	14448
24	37	-592
24	38	368
24	39	7632
25	26	1872
25	27	-848
25	28	592
25	29	-3408
25	30	-14288
25	31	10128
25	32	-11248
25	33	-8752
25	34	3568
25	35	9488
25	36	14352
25	37	-9008
25	38	2832
25	39	-4432
26	27	-11088
26	28	3152
26	29	-7248
26	30	-11728
26	31	1168
26	32	-2288
26	33	7888
26	34	1008
26	35	6928
26	36	4112
26	37	-48
26	38	5392
26	39	-592
27	28	6832
27	29	9232
27	30	4752
27	31	-2512
27	32	20592
27	33	-14992
27	34	-2672
27	35	-9552
27	36	-17808
27	37	3632
27	38	15472
27	39	-4272
28	29	-8528
28	30	6192
28	31	2448
28	32	15632
28	33	15568
28	34	-10512
28	35	-4592
28	36	2832
28	37	-1328
28	38	-2288
28	39	688
29	30	14992
29	31	48
29	32	-7568
29	33	-12432
29	34	6288
29	35	-19792
29	36	-26768
29	37	-5328
29	38	6512
29	39	23888
30	31	-1872
30	32	13552
30	33	-1552
30	34	-2032
30	35	-2512
30	36	-18448
30	37	-3408
30	38	2032
30	39	9168
31	32	7888
31	33	18512
31	34	-6608
31	35	-6128
31	36	-4912
31	37	-13552
31	38	-6192
31	39	1392
32	33	14608
32	34	14128
32	35	-5552
32	36	-21808
32	37	18832
32	38	-1328
32	39	-13072
33	34	-19728
33	35	12752
33	36	8208
33	37	-6832
33	38	-12272
33	39	-11728
34	35	432
34	36	-11472
34	37	5488
34	38	-6352
34	39	-4848
35	36	20048
35	37	-7792
35	38	-6832
35	39	-17168
36	37	-13168
36	38	-14128
36	39	-13072
37	38	20112
37	39	-15312
38	39	-1552
