0	1	-3732
0	2	924
0	3	4044
0	4	1780
0	5	1676
0	6	-4172
0	7	2404
0	8	-3212
0	9	12
0	10	1468
0	11	-2820
0	12	3212
0	13	-636
0	14	-1444
0	15	-820
0	16	404
0	17	2692
0	18	2172
0	19	-4252
0	20	-1780
0	21	-2692
0	22	1260
0	23	-612
0	24	612
0	25	428
1	2	-1884
1	3	-1468
1	4	4588
1	5	-3628
1	6	1132
1	7	2508
1	8	5004
1	9	2820
1	10	-3836
1	11	2484
1	12	404
1	13	4668
1	14	1364
1	15	-3420
1	16	5708
1	17	-2820
1	18	-3340
1	19	1260
1	20	820
1	21	-2588
1	22	-4044
1	23	-508
1	24	3212
1	25	532
2	3	1572
2	4	3420
2	5	-1884
2	6	-1028
2	7	-2612
2	8	300
2	9	-2924
2	10	-1676
2	11	-2380
2	12	-300
2	13	-1860
2	14	3940
2	15	3316
2	16	-2900
2	17	-2484
2	18	3444
2	19	1340
2	20	-3420
2	21	-220
2	22	1236
2	23	-2300
2	24	-404
2	25	2068
3	4	1132
3	5	1236
3	6	-1444
3	7	508
3	8	716
3	9	196
3	10	1444
3	11	-92
3	12	-3420
3	13	-2276
3	14	-6460
3	15	1028
3	16	4796
3	17	-196
3	18	-5084
3	19	4460
3	20	4276
3	21	196
3	22	1652
3	23	3524
3	24	-820
3	25	-220
4	5	1884
4	6	-4380
4	7	-92
4	8	-300
4	9	-2484
4	10	-1028
4	11	2380
4	12	3004
4	13	4564
4	14	1468
4	15	-612
4	16	196
4	17	-220
4	18	-740
4	19	-1340
4	20	-1988
4	21	-2484
4	22	-3940
4	23	-404
4	24	404
4	25	-2068
5	6	-1572
5	7	-5604
5	8	-5812
5	9	-2588
5	10	1572
5	11	2484
5	12	3108
5	13	-740
5	14	1364
5	15	1988
5	16	-2404
5	17	2588
5	18	2068
5	19	-4148
5	20	-1884
5	21	2820
5	22	1364
5	23	-3212
5	24	-2196
5	25	-2172
6	7	404
6	8	3316
6	9	92
6	10	1340
6	11	2716
6	12	-612
6	13	-2172
6	14	1548
6	15	3628
6	16	2196
6	17	-8204
6	18	-2276
6	19	1652
6	20	1676
6	21	-2612
6	22	1548
6	23	-1988
6	24	1988
6	25	5084
7	8	5732
7	9	-1860
7	10	-404
7	11	-3652
7	12	-324
7	13	3940
7	14	-3316
7	15	12
7	16	2276
7	17	1860
7	18	-4068
7	19	1988
7	20	2796
7	21	-4564
7	22	-612
7	23	-2484
7	24	2484
7	25	-1444
8	9	-2068
8	10	-3316
8	11	-740
8	12	-116
8	13	4148
8	14	1884
8	15	-196
8	16	-220
8	17	-3340
8	18	-3860
8	19	7188
8	20	5708
8	21	-4772
8	22	-820
8	23	-5396
8	24	-12
8	25	-1652
9	10	-5500
9	11	4148
9	12	-636
9	13	-1780
9	14	-300
9	15	-5084
9	16	4668
9	17	1548
9	18	-1676
9	19	-404
9	20	-2924
9	21	1156
9	22	2404
9	23	3236
9	24	-532
9	25	-1132
10	11	-12
10	12	3316
10	13	-532
10	14	-1548
10	15	4484
10	16	508
10	17	-2612
10	18	2276
10	19	1052
10	20	1028
10	21	-2796
10	22	-1548
10	23	-716
10	24	716
10	25	3028
11	12	-1964
11	13	4588
11	14	196
11	15	-428
11	16	-1860
11	17	-1444
11	18	-3628
11	19	3004
11	20	3028
11	21	1444
11	22	-2508
11	23	2068
11	24	-2068
11	25	1028
12	13	-1444
12	14	3524
12	15	196
12	16	220
12	17	636
12	18	6564
12	19	-1780
12	20	-5708
12	21	-636
12	22	3524
12	23	-5420
12	24	12
12	25	-3756
13	14	-324
13	15	1756
13	16	-4044
13	17	1780
13	18	-3108
13	19	2484
13	20	3548
13	21	-4484
13	22	-324
13	23	-1156
13	24	1156
13	25	-2196
14	15	-3836
14	16	-4692
14	17	-2404
14	18	7892
14	19	844
14	20	-4172
14	21	-3004
14	22	-4460
14	23	-9036
14	24	-4484
14	25	116
15	16	-5316
15	17	-324
15	18	1860
15	19	-1236
15	20	3316
15	21	-2380
15	22	4276
15	23	-300
15	24	5708
15	25	6148
16	17	-4668
16	18	-6852
16	19	-1884
16	20	-2900
16	21	-740
16	22	716
16	23	2588
16	24	116
16	25	-1156
17	18	1676
17	19	-2300
17	20	2924
17	21	6956
17	22	300
17	23	2172
17	24	-2172
17	25	-1572
18	19	-2820
18	20	-4668
18	21	1028
18	22	-220
18	23	-3756
18	24	-1652
18	25	612
19	20	4044
19	21	-404
19	22	-1860
19	23	-3732
19	24	-4380
19	25	-5396
20	21	2484
20	22	-4172
20	23	3108
20	24	-404
20	25	4772
21	22	-300
21	23	5940
21	24	-5940
21	25	-1132
22	23	1780
22	24	3628
22	25	-2588
23	24	2796
23	25	3652
24	25	7164
