0	1	-3488
0	2	-368
0	3	-472
0	4	1720
0	5	-5568
0	6	1296
0	7	-4000
0	8	-3488
0	9	784
0	10	256
0	11	4424
0	12	-4416
0	13	472
0	14	2128
0	15	568
0	16	7232
0	17	4312
0	18	3272
0	19	680
0	20	3384
0	21	672
0	22	4528
0	23	-1616
0	24	4208
0	25	576
1	2	1400
1	3	-1408
1	4	-48
1	5	-1096
1	6	-5048
1	7	-3064
1	8	3688
1	9	1720
1	10	-680
1	11	-48
1	12	7336
1	13	4112
1	14	3896
1	15	-5776
1	16	-5352
1	17	3376
1	18	2336
1	19	-1088
1	20	-1088
1	21	-264
1	22	56
1	23	-5256
1	24	-4840
1	25	-1192
2	3	-992
2	4	2240
2	5	-6088
2	6	776
2	7	-776
2	8	1400
2	9	4008
2	10	-2968
2	11	4944
2	12	-3896
2	13	992
2	14	-1096
2	15	48
2	16	-3064
2	17	1088
2	18	2752
2	19	-4208
2	20	-4208
2	21	152
2	22	2344
2	23	-4840
2	24	-4424
2	25	3800
3	4	-360
3	5	1920
3	6	-2032
3	7	2032
3	8	1296
3	9	-1296
3	10	-3072
3	11	-360
3	12	1616
3	13	3800
3	14	1504
3	15	-2760
3	16	2448
3	17	984
3	18	-2760
3	19	1304
3	20	-4104
3	21	2752
3	22	-256
3	23	-2240
3	24	-1824
3	25	-1504
4	5	-3376
4	6	576
4	7	-576
4	8	2656
4	9	-2656
4	10	1616
4	11	-888
4	12	-2864
4	13	360
4	14	2448
4	15	4008
4	16	-992
4	17	5672
4	18	-1400
4	19	152
4	20	-2552
4	21	-1504
4	22	1712
4	23	-4624
4	24	368
4	25	5664
5	6	-1720
5	7	4424
5	8	-1096
5	9	1096
5	10	2648
5	11	-8784
5	12	4008
5	13	-1920
5	14	-3592
5	15	256
5	16	-3272
5	17	-6816
5	18	-2448
5	19	992
5	20	992
5	21	360
5	22	-568
5	23	6184
5	24	-1512
5	25	888
6	7	-5144
6	8	-2344
6	9	-360
6	10	-1304
6	11	5984
6	12	-2856
6	13	-672
6	14	-4840
6	15	1712
6	16	680
6	17	48
6	18	1712
6	19	-464
6	20	-464
6	21	-6296
6	22	6088
6	23	2232
6	24	2648
6	25	-568
7	8	2344
7	9	-2344
7	10	-1400
7	11	-5984
7	12	-2552
7	13	-4736
7	14	-568
7	15	3696
7	16	-680
7	17	-2752
7	18	-7120
7	19	-4944
7	20	-2240
7	21	888
7	22	-6088
7	23	3176
7	24	-2648
7	25	3272
8	9	1720
8	10	-3384
8	11	-2752
8	12	1928
8	13	1408
8	14	1192
8	15	5040
8	16	2760
8	17	3376
8	18	-3072
8	19	-1088
8	20	1616
8	21	2440
8	22	56
8	23	-7960
8	24	-2136
8	25	-1192
9	10	680
9	11	2752
9	12	776
9	13	4000
9	14	-1192
9	15	3072
9	16	-56
9	17	-672
9	18	3072
9	19	-4320
9	20	3792
9	21	5672
9	22	-56
9	23	-152
9	24	-568
9	25	3896
10	11	1616
10	12	888
10	13	-2336
10	14	-472
10	15	3376
10	16	-984
10	17	1712
10	18	-2032
10	19	5984
10	20	3280
10	21	776
10	22	-3688
10	23	1192
10	24	1608
10	25	5880
11	12	-2864
11	13	3064
11	14	-256
11	15	-1400
11	16	1712
11	17	5672
11	18	4008
11	19	152
11	20	152
11	21	1200
11	22	1712
11	23	-1920
11	24	368
11	25	256
12	13	3792
12	14	4424
12	15	-2128
12	16	-5672
12	17	-464
12	18	-2128
12	19	3584
12	20	880
12	21	472
12	22	-2968
12	23	-2648
12	24	-360
12	25	-4424
13	14	1200
13	15	56
13	16	256
13	17	4424
13	18	2760
13	19	4104
13	20	-4008
13	21	8064
13	22	256
13	23	-3168
13	24	1824
13	25	1504
14	15	-2864
14	16	2552
14	17	6288
14	18	-160
14	19	1408
14	20	1408
14	21	-56
14	22	-2856
14	23	-5048
14	24	-1928
14	25	-1400
15	16	4112
15	17	-680
15	18	-4424
15	19	264
15	20	2968
15	21	1088
15	22	-4000
15	23	-1200
15	24	7328
15	25	5568
16	17	3072
16	18	-1296
16	19	2752
16	20	2752
16	21	1304
16	22	1608
16	23	-1816
16	24	5880
16	25	-2552
17	18	-680
17	19	1928
17	20	1928
17	21	2128
17	22	368
17	23	-5568
17	24	-2448
17	25	1824
18	19	264
18	20	264
18	21	1088
18	22	6816
18	23	-1200
18	24	-3488
18	25	160
19	20	-1512
19	21	2864
19	22	48
19	23	-256
19	24	4736
19	25	-1408
20	21	-2544
20	22	-2656
20	23	2448
20	24	2032
20	25	-1408
21	22	-1400
21	23	-1096
21	24	-680
21	25	2760
22	23	-1816
22	24	-2232
22	25	-2552
23	24	2440
23	25	-360
24	25	-776
