0	1	2704
0	2	2392
0	3	3432
0	4	-1040
0	5	-4472
0	6	-6552
0	7	3432
0	8	4472
0	9	2184
0	10	3432
0	11	-3224
0	12	-1144
0	13	-3016
0	14	3744
0	15	-3120
0	16	-4368
0	17	-5616
0	18	-1248
0	19	-4368
0	20	-2496
0	21	4160
0	22	-3640
0	23	2288
0	24	208
0	25	832
1	2	-1768
1	3	-520
1	4	-2288
1	5	2184
1	6	-5096
1	7	-3224
1	8	312
1	9	3432
1	10	-3432
1	11	-4472
1	12	312
1	13	-4472
1	14	2288
1	15	832
1	16	-5824
1	17	1248
1	18	-2496
1	19	-416
1	20	-1248
1	21	2704
1	22	520
1	23	832
1	24	1456
1	25	2080
2	3	-2496
2	4	-728
2	5	3536
2	6	-6032
2	7	2912
2	9	-416
2	10	-1664
2	11	4160
2	12	-624
2	13	2080
2	14	-7384
2	15	2184
2	16	-1976
2	17	-1560
2	18	2184
2	19	728
2	20	4264
2	21	312
2	22	4576
2	23	-3224
2	24	-6552
2	25	-1768
3	4	3848
3	5	-1248
3	6	-1664
3	7	-5200
3	8	-3120
3	9	2704
3	10	-1456
3	11	-3744
3	12	-1664
3	13	-5200
3	14	4264
3	15	-5304
3	16	-1144
3	17	1976
3	18	-1768
3	19	1560
3	20	-4680
3	21	7384
3	22	-6864
3	23	5512
3	24	3432
3	25	1352
4	5	3224
4	6	-728
4	7	-4264
4	8	-1352
4	9	-936
4	10	312
4	11	-104
4	12	4680
4	13	-3432
4	14	-2080
4	15	4576
4	16	624
4	17	208
4	18	-832
4	19	3328
4	20	-2912
4	21	3744
4	22	-5928
4	23	4576
4	24	-208
4	25	416
5	6	-2080
5	7	-6656
5	8	-6656
5	9	6448
5	10	-8320
5	11	2704
5	12	6032
5	13	832
5	14	-3224
5	15	3640
5	16	-520
5	17	-312
5	18	3432
5	19	4888
5	20	-2392
5	21	-936
5	22	3120
5	23	936
5	24	-2392
5	25	-3016
6	7	-1664
6	8	-3952
6	9	-832
6	10	3120
6	11	-208
6	12	-3536
6	13	2080
6	14	728
6	15	1976
6	16	3432
6	17	2808
6	18	-936
6	19	-1976
6	20	-104
6	21	-4264
6	22	-624
6	23	-728
6	24	-104
6	25	3224
7	8	7696
7	9	-2704
7	10	3952
7	11	1664
7	12	-4368
7	13	2912
7	14	-1144
7	15	2808
7	16	1560
7	17	-3432
7	18	936
7	19	-3848
7	20	3432
7	21	-6136
7	22	1248
7	23	-2600
7	24	-1976
7	25	-1352
8	9	-5200
8	10	7072
8	11	-1872
8	12	-1248
8	13	-2704
8	14	-1352
8	15	-2600
8	16	-1352
8	17	-2184
8	18	-1144
8	19	-1352
8	20	2184
8	21	-1768
8	22	1248
8	23	-2600
8	24	2184
8	25	-1144
9	10	-6864
9	11	-4160
9	12	-832
9	13	-416
9	14	936
9	15	2392
9	16	-1768
9	17	936
9	18	4680
9	19	-1768
9	20	-3640
9	21	-2184
9	22	-1040
9	23	5096
9	24	-3640
9	25	1144
10	11	-208
10	12	416
10	13	1040
10	14	-312
10	15	-1560
10	16	-312
10	17	-520
10	18	-4888
10	19	-312
10	20	520
10	21	1976
10	22	-2496
10	23	-4264
10	24	-2184
10	25	-104
11	12	5200
11	13	1456
11	14	-2600
11	15	4056
11	16	5512
11	17	-4680
11	18	2392
11	19	5512
11	20	1976
11	21	-2184
11	22	5408
11	23	-1352
11	24	-728
11	25	-104
12	13	2080
12	14	728
12	15	-728
12	16	728
12	17	-2600
12	18	-936
12	19	6136
12	20	-104
12	21	3848
12	22	2080
12	23	1976
12	24	-104
12	25	-4888
13	14	728
13	15	-520
13	16	3432
13	17	1144
13	18	4888
13	19	-1976
13	20	1560
13	21	-2392
13	22	1872
13	23	-5928
13	24	-3848
13	25	-4472
14	15	-4576
14	16	2080
14	17	-208
14	18	-1872
14	19	-3328
14	20	-7904
14	21	1664
14	22	-2184
14	23	3536
14	24	8320
14	25	-416
15	16	832
15	17	1040
15	18	2080
15	19	832
15	20	1664
15	21	-4992
15	22	1768
15	23	2288
15	24	-6448
15	25	3744
16	17	-208
16	18	832
16	19	-624
16	20	-2496
16	21	-3744
16	22	3224
16	23	-1872
16	24	2912
16	25	-3120
17	19	-208
17	20	1664
17	21	208
17	22	312
17	23	1040
17	24	-1040
17	25	2288
18	19	832
18	20	2704
18	21	-4160
18	22	1976
18	23	2080
18	24	-2704
18	25	624
19	20	-2496
19	21	1664
19	22	-2184
19	23	832
19	24	-2496
19	25	-5824
20	21	-208
20	22	5096
20	23	-1040
20	24	-4368
20	25	3120
21	22	-4472
21	23	416
21	24	-208
21	25	-832
22	23	-936
22	24	-312
22	25	312
23	24	1664
23	25	3744
24	25	416
