0	1	-5136
0	2	2640
0	3	-2536
0	4	5344
0	5	4304
0	6	-688
0	7	1288
0	8	-664
0	9	-792
0	10	-664
0	11	-3912
0	12	-1496
0	13	2224
0	14	144
0	15	-1832
0	16	-1000
0	17	-4640
0	18	2248
0	19	2224
0	20	-272
0	21	7736
0	22	376
0	23	1728
0	24	2664
0	25	-3080
1	2	2016
1	3	792
1	4	-688
1	5	-1728
1	6	-1312
1	7	-4744
1	8	2664
1	9	-1416
1	10	-40
1	11	3576
1	12	-872
1	13	-1104
1	14	-480
1	15	2952
1	16	1080
1	17	144
1	18	-2536
1	19	1600
1	20	1808
1	21	-1000
1	22	-1704
1	23	-352
1	24	-2120
1	25	1704
2	3	-584
2	4	480
2	5	-3888
2	6	-4304
2	7	-872
2	8	2952
2	9	3912
2	10	-2456
2	11	-3784
2	12	-1624
2	13	-1808
2	14	272
2	15	-456
2	16	-3992
2	17	-352
2	18	-2664
2	19	3600
2	20	3392
2	21	-1912
2	22	-792
2	23	3264
2	24	-376
2	25	-1912
3	4	2120
3	5	-1624
3	6	4200
3	7	768
3	8	-2848
3	9	1392
3	10	-144
3	11	976
3	12	-976
3	13	-3704
3	14	5032
3	15	5760
3	16	1184
3	17	248
3	18	-2640
3	19	-1000
3	20	1912
3	21	1808
3	22	3600
3	23	2248
3	24	480
3	25	-6304
4	5	1520
4	6	-1600
4	7	-3576
4	8	-2456
4	9	-1496
4	10	-2456
4	11	-3784
4	12	1080
4	13	896
4	14	272
4	15	-456
4	16	1416
4	17	-352
4	18	40
4	19	896
4	20	-2016
4	21	6200
4	22	1912
4	23	11376
4	24	-5784
4	25	-1912
5	6	2144
5	7	168
5	8	4616
5	9	-3160
5	10	1912
5	11	-2744
5	12	-2664
5	13	1936
5	14	1312
5	15	584
5	16	2456
5	17	-4720
5	18	1704
5	19	-3472
5	20	-976
5	21	1832
5	22	6280
5	23	-480
5	24	-1416
5	25	4536
6	7	2456
6	8	-376
6	9	1832
6	10	7736
6	11	4952
6	12	456
6	13	-1184
6	14	-1808
6	15	2872
6	16	-664
6	17	-5136
6	18	-3288
6	19	-3888
6	20	-1392
6	21	1416
6	22	1288
6	23	-2768
6	24	4408
6	25	1416
7	8	-3808
7	9	2560
7	10	1600
7	11	2976
7	12	2432
7	13	-3160
7	14	-1080
7	15	-1808
7	16	-2640
7	17	1000
7	18	1392
7	19	-3160
7	20	2040
7	21	-3264
7	22	560
7	23	-3496
7	24	6384
7	25	-560
8	9	4928
8	10	4432
8	11	-896
8	12	-7216
8	13	2536
8	14	456
8	15	1184
8	16	2016
8	17	-7032
8	18	1936
8	19	-2872
8	20	40
8	21	-64
8	22	64
8	23	-3992
8	24	-352
8	25	5344
9	10	7632
9	11	2352
9	12	-2352
9	13	-1080
9	14	1000
9	15	2976
9	16	-560
9	17	-5032
9	18	2016
9	19	-6488
9	20	4120
9	21	1520
9	22	1184
9	23	-2872
9	24	4304
9	25	-1184
10	11	4512
10	12	-4512
10	13	-168
10	14	456
10	15	3888
10	16	-688
10	17	-7032
10	18	-768
10	19	-5576
10	20	-2664
10	21	5344
10	22	2768
10	23	-3992
10	24	2352
10	25	2640
11	12	2640
11	13	2040
11	14	-1288
11	15	688
11	16	-144
11	17	792
11	18	4304
11	19	-6072
11	20	-872
11	21	-768
11	22	-1936
11	23	-5992
11	24	3888
11	25	-768
12	13	-2040
12	14	-4120
12	15	2016
12	16	-2560
12	17	4616
12	18	1104
12	19	664
12	20	3576
12	21	-4640
12	22	-3472
12	23	584
12	24	-1184
12	25	-1936
13	14	688
13	15	-8152
13	16	1832
13	17	-2640
13	18	5032
13	19	-1392
13	20	-1600
13	21	1208
13	22	1496
13	23	-2560
13	24	-792
13	25	-1496
14	15	2040
14	16	-4200
14	17	-560
14	18	2952
14	19	-2016
14	20	-2224
14	21	3288
14	22	7528
14	23	768
14	24	-2872
14	25	584
15	16	480
15	17	-3992
15	18	-4432
15	19	-40
15	20	-248
15	21	2560
15	22	2848
15	23	-1208
15	24	560
15	25	-144
16	17	-2120
16	18	-896
16	19	-3576
16	20	1624
16	21	1728
16	22	976
16	23	-376
16	24	1392
16	25	-3680
17	18	872
17	19	2768
17	20	-144
17	21	-5448
17	22	-2664
17	23	4096
17	24	-4952
17	25	-2744
18	19	-5784
18	20	2536
18	21	2432
18	22	-2432
18	23	-3784
18	24	-144
18	25	-272
19	20	-4304
19	21	-1496
19	22	-6616
19	23	2848
19	24	-792
19	25	-1496
20	21	-1704
20	22	-1000
20	23	-2352
20	24	2120
20	25	-4408
21	22	1600
21	23	2952
21	24	-688
21	25	-4304
22	23	2456
22	24	-2016
22	25	1600
23	24	-8776
23	25	-2456
24	25	-688
