0	1	-692
0	2	8140
0	3	-2972
0	4	-12548
0	5	7668
0	6	4020
0	7	-15876
0	8	-15420
0	9	-4644
0	10	3108
0	11	-9948
0	12	6468
0	13	-6452
0	14	-5844
0	15	5540
0	16	10876
0	17	10876
0	18	-3580
0	19	2500
0	20	-4948
0	21	-12532
0	22	-4172
0	23	-3260
0	24	2212
0	25	3716
0	26	5404
0	27	6300
0	28	-18156
0	29	6164
0	30	-7380
0	31	-9948
0	32	5084
0	33	-8596
0	34	-3732
0	35	-7988
0	36	-6148
0	37	-6908
1	2	7668
1	3	-12836
1	4	-9036
1	5	-372
1	6	-8276
1	7	8580
1	8	2348
1	9	6164
1	10	-7364
1	11	2652
1	12	-2212
1	13	-12396
1	14	4324
1	15	-4020
1	16	4932
1	17	4932
1	18	-676
1	19	-980
1	20	6468
1	21	5236
1	22	-14676
1	23	-9812
1	24	7820
1	25	-19524
1	26	-1148
1	27	12548
1	28	-6468
1	29	-1908
1	30	3124
1	31	-3124
1	32	-9340
1	33	-7212
1	34	-524
1	35	3732
1	36	4628
1	37	-388
2	3	5388
2	4	-4188
2	5	4476
2	6	6604
2	7	-18460
2	8	-18004
2	9	-7836
2	10	-84
2	11	-980
2	12	-19220
2	13	-9036
2	14	-8428
2	15	13900
2	16	8292
2	17	2516
2	18	-996
2	19	-6468
2	20	9188
2	21	13764
2	22	-12532
2	23	-11620
2	24	5404
2	25	-11028
2	26	20148
2	27	-2668
2	28	2364
2	29	-13748
2	30	980
2	31	-6756
2	32	1892
2	33	-11788
2	34	-1148
2	35	11924
2	36	8596
2	37	13612
3	4	4796
3	5	1908
3	6	-220
3	7	-11028
3	8	68
3	9	-14660
3	10	6468
3	11	372
3	12	1284
3	13	8428
3	14	-9508
3	15	9812
3	16	-8900
3	17	2652
3	18	1604
3	19	-16028
3	20	-14356
3	21	-8596
3	22	372
3	23	5236
3	24	-236
3	25	-5692
3	26	13900
3	27	-14052
3	28	-14524
3	29	7364
3	30	5404
3	31	372
3	32	-7060
3	33	844
3	34	-4020
3	35	11788
3	36	8124
3	37	3108
4	5	-17396
4	6	9356
4	7	2500
4	8	13596
4	9	6468
4	10	4492
4	11	8124
4	12	-2516
4	13	16180
4	14	-1756
4	15	2060
4	16	-1148
4	17	-6924
4	18	5404
4	19	-676
4	20	6772
4	21	-844
4	22	-3428
4	23	7212
4	24	-15588
4	25	-1892
4	26	-1452
4	27	-4476
4	28	16332
4	29	-13764
4	30	9204
4	31	-3428
4	32	-14812
4	33	-6908
4	34	-11772
4	35	-13292
4	36	4324
4	37	10860
5	6	-16636
5	7	-6164
5	8	-6620
5	9	-2196
5	10	-9948
5	11	-540
5	12	372
5	13	-9812
5	14	6908
5	15	-828
5	16	-4036
5	17	-4036
5	18	-3260
5	19	-3564
5	20	-13444
5	21	7820
5	22	-6316
5	23	-1452
5	24	10404
5	25	996
5	26	1436
5	27	-1588
5	28	1892
5	29	18004
5	30	12092
5	31	-540
5	32	11180
5	33	7532
5	34	2668
5	35	12700
5	36	1436
5	37	7972
6	7	-4036
6	8	-4492
6	9	-15876
6	10	5252
6	11	13140
6	12	-3276
6	13	3868
6	14	-2516
6	15	2820
6	16	3868
6	17	3868
6	18	-5388
6	19	5860
6	20	19084
6	21	-1604
6	22	7364
6	23	-5100
6	24	-4796
6	25	4644
6	26	9340
6	27	7836
6	28	4020
6	29	-8748
6	30	-18916
6	31	1588
6	32	3276
6	33	-372
6	34	-5236
6	35	-6756
6	36	3564
6	37	4324
7	8	4188
7	9	16180
7	10	828
7	11	9660
7	12	-8580
7	13	7380
7	14	13764
7	15	-14068
7	16	1604
7	17	7380
7	18	17244
7	19	-5556
7	20	4324
7	21	-4476
7	22	-1892
7	23	10572
7	24	-7060
7	25	-4340
7	26	-26972
7	27	9796
7	28	7228
7	29	2668
7	30	-3884
7	31	15436
7	32	2804
7	33	6452
7	34	5540
7	35	7060
7	36	-3868
7	37	-4628
8	9	9948
8	10	-5404
8	11	10116
8	12	3428
8	13	2060
8	14	14220
8	15	-8748
8	16	-15268
8	17	-15268
8	18	-6316
8	19	5540
8	20	-1908
8	21	1756
8	22	-7212
8	23	-524
8	24	-828
8	25	-4796
8	26	-3412
8	27	-2212
8	28	1908
8	29	-8428
8	30	12988
8	31	4340
8	32	2348
8	33	11772
8	34	-6468
8	35	-10724
8	36	-3412
8	37	1604
9	10	-9188
9	11	-7076
9	12	-388
9	13	-4796
9	14	6148
9	15	-11620
9	16	6756
9	17	-10572
9	18	3276
9	19	8748
9	20	-6908
9	21	1284
9	22	-1300
9	23	15116
9	24	3868
9	25	1756
9	26	-10876
9	27	-828
9	28	1132
9	29	5692
9	30	12852
9	31	4476
9	32	388
9	33	2516
9	34	-8124
9	35	-3868
9	36	-10876
9	37	1436
10	11	6452
10	12	1588
10	13	-14372
10	14	-9204
10	15	3732
10	16	2956
10	17	8732
10	18	-4476
10	19	-10556
10	20	2668
10	21	-2516
10	22	676
10	23	-236
10	24	-11484
10	25	-5996
10	26	-8900
10	27	-8580
10	28	8884
10	29	-9660
10	30	5100
10	31	-10876
10	32	-1588
10	33	-11012
10	34	-4324
10	35	5708
10	36	25756
10	37	20740
11	12	-14204
11	13	1756
11	14	8140
11	15	-8444
11	16	-4020
11	17	-4020
11	18	5540
11	19	-5708
11	20	4172
11	21	7228
11	22	-1740
11	23	4948
11	24	-12684
11	25	-4492
11	26	-3716
11	27	9644
11	28	13156
11	29	-8732
11	30	7516
11	31	-7516
11	32	8428
11	33	524
11	34	11164
11	35	-4644
11	36	2060
11	37	12852
12	13	-4932
12	14	-15876
12	15	4020
12	16	-4932
12	17	-10708
12	18	-10876
12	19	6756
12	20	-6468
12	21	-11012
12	22	-2652
12	23	-1740
12	24	-2044
12	25	2196
12	26	6924
12	27	-18324
12	28	692
12	29	7684
12	30	-3124
12	31	-8428
12	32	-2212
12	33	-4340
12	34	-5252
12	35	-15284
12	36	-16180
12	37	-11164
13	14	84
13	15	-388
13	16	-524
13	17	5252
13	18	30924
13	19	-9204
13	20	-5100
13	21	-12380
13	22	1756
13	23	8444
13	24	-3412
13	25	15116
13	26	-220
13	27	372
13	28	5100
13	29	540
13	30	-7532
13	31	7532
13	32	-844
13	33	8580
13	34	13444
13	35	-8140
13	36	-11772
13	37	-12532
14	15	-6772
14	16	84
14	17	84
14	18	1436
14	19	-4036
14	20	5844
14	21	5556
14	22	-9188
14	23	-8276
14	24	-2804
14	25	2956
14	26	-11164
14	27	5540
14	28	-5844
14	29	1148
14	30	3412
14	31	8140
14	32	4324
14	33	2196
14	34	1284
14	35	8580
14	36	-5388
14	37	-372
15	16	16940
15	17	-388
15	18	-1132
15	19	-1436
15	20	236
15	21	-5860
15	22	-2668
15	23	7972
15	24	-9052
15	25	-2652
15	26	10860
15	27	-28340
15	28	-11788
15	29	4324
15	30	-3108
15	31	3108
15	32	-4020
15	33	-1892
15	34	-6756
15	35	9052
15	36	10860
15	37	68
16	17	5252
16	18	-3732
16	19	-3428
16	20	6452
16	21	-12380
16	22	1756
16	23	19996
16	24	-9188
16	25	9340
16	26	-220
16	27	-5404
16	28	-6452
16	29	6316
16	30	-1756
16	31	-4020
16	32	10708
16	33	8580
16	34	-9660
16	35	9188
16	36	-220
16	37	-980
17	18	7820
17	19	-9204
17	20	676
17	21	-18156
17	22	-4020
17	23	-3108
17	24	8140
17	25	-2212
17	26	-5996
17	27	17700
17	28	-6452
17	29	-5236
17	30	-7532
17	31	7532
17	32	-844
17	33	2804
17	34	7668
17	35	9188
17	36	5556
17	37	-980
18	19	-9644
18	20	-13748
18	21	-3428
18	22	-236
18	23	4628
18	24	4932
18	25	6468
18	26	-4036
18	27	3884
18	28	2196
18	29	6756
18	30	236
18	31	-236
18	32	-676
18	33	-4324
18	34	19692
18	35	844
18	36	1740
18	37	-3276
19	20	9052
19	21	8428
19	22	5844
19	23	-844
19	24	-540
19	25	6164
19	26	13596
19	27	3580
19	28	8276
19	29	1284
19	30	-11620
19	31	5844
19	32	-980
19	33	6924
19	34	-9492
19	35	-5236
19	36	2044
19	37	-2972
20	21	18308
20	22	-7380
20	23	-14068
20	24	-7988
20	25	-9492
20	26	6148
20	27	5252
20	28	12380
20	29	-17716
20	30	-15724
20	31	4172
20	32	692
20	33	-2956
20	34	-7820
20	35	2212
20	36	6148
20	37	1132
21	22	-4324
21	23	-9188
21	24	-9492
21	25	-7684
21	26	5252
21	27	6452
21	28	4796
21	29	-11316
21	30	-1452
21	31	-10100
21	32	5236
21	33	-19996
21	34	2196
21	35	-2060
21	36	11028
21	37	10268
22	23	10724
22	24	-1132
22	25	18612
22	26	2060
22	27	-1908
22	28	-4172
22	29	8596
22	30	7516
22	31	9812
22	32	-3124
22	33	524
22	34	5388
22	35	6908
22	36	2060
22	37	-16028
23	24	-11772
23	25	11924
23	26	-8580
23	27	-8596
23	28	-3260
23	29	15284
23	30	6604
23	31	-828
23	32	1740
23	33	22716
23	34	-1300
23	35	5996
23	36	-8580
23	37	2212
24	25	676
24	26	8444
24	27	9036
24	28	-3564
24	29	9204
24	30	1132
24	31	-1132
24	32	7820
24	33	11468
24	34	-996
24	35	12076
24	36	2668
24	37	1908
25	26	9036
25	27	-3412
25	28	9492
25	29	14052
25	30	-7060
25	31	-4492
25	32	9356
25	33	5708
25	34	844
25	35	5100
25	36	-14068
25	37	-7532
26	27	-11484
26	28	-372
26	29	844
26	30	-2060
26	31	-9492
26	32	-1148
26	33	2500
26	34	-4188
26	35	8884
26	36	5860
26	37	-6452
27	28	-5252
27	29	-6468
27	30	-9644
27	31	-1908
27	32	996
27	33	-2652
27	34	9812
27	35	-14812
27	36	68
27	37	828
28	29	-16940
28	30	-1604
28	31	-4172
28	32	5084
28	33	2956
28	34	-3732
28	35	3564
28	36	-372
28	37	16196
29	30	2956
29	31	8596
29	32	3868
29	33	13292
29	34	6604
29	35	13900
29	36	844
29	37	-5692
30	31	-4036
30	32	-8428
30	33	-524
30	34	-5388
30	35	4644
30	36	3716
30	37	16028
31	32	2652
31	33	12076
31	34	11164
31	35	12684
31	36	2060
31	37	-16028
32	33	10116
32	34	5252
32	35	9508
32	36	-1148
32	37	-388
33	34	1604
33	35	11636
33	36	-3276
33	37	3260
34	35	-4780
34	36	1588
34	37	-9204
35	36	14660
35	37	3868
36	37	22428
