0	1	-2860
0	2	-6508
0	3	-4892
0	4	-8484
0	5	-124
0	6	-9300
0	7	-16140
0	8	332
0	9	1852
0	10	3372
0	11	-1396
0	12	-3772
0	13	2764
0	14	-5348
0	15	6412
0	16	21612
0	17	6108
0	18	-5044
0	19	-2460
0	20	-2916
0	21	2404
0	22	-7876
0	23	3372
0	24	-6108
0	25	4836
0	26	4132
0	27	-9452
0	28	15020
0	29	6508
0	30	-10156
0	31	7932
0	32	12796
0	33	1796
0	34	2708
0	35	1244
0	36	4076
0	37	10308
1	2	2252
1	3	3372
1	4	4228
1	5	1644
1	6	7780
1	7	8844
1	8	-4588
1	9	-332
1	10	9700
1	11	-124
1	12	5292
1	13	-1244
1	14	3828
1	15	-4892
1	16	-14316
1	17	1188
1	18	-13804
1	19	6716
1	20	1396
1	21	-9700
1	22	-7932
1	23	-1852
1	24	4588
1	25	10972
1	26	-2612
1	27	7932
1	28	788
1	29	-2252
1	30	124
1	31	5140
1	32	-5500
1	33	2460
1	34	13100
1	35	6052
1	36	11732
1	37	-17604
2	3	5500
2	4	-9452
2	5	-484
2	6	-1644
2	7	16748
2	8	-6716
2	9	3316
2	10	1796
2	11	7780
2	12	8940
2	13	-9148
2	14	180
2	15	4532
2	16	-10668
2	17	-6716
2	18	5652
2	19	-8484
2	20	3524
2	21	15532
2	22	1492
2	23	7572
2	24	-10612
2	25	1548
2	26	1036
2	27	-7268
2	28	-2860
2	29	-5900
2	30	3772
2	31	-8540
2	32	-7628
2	33	-1188
2	34	3676
2	35	-13404
2	36	-3468
2	37	-3924
3	4	3524
3	5	332
3	6	1796
3	7	6508
3	8	-10764
3	9	2308
3	10	-7724
3	11	-1852
3	12	-9092
3	13	-8332
3	14	5748
3	15	12644
3	16	4740
3	17	-4988
3	18	-5500
3	19	-2916
3	20	2404
3	21	1948
3	22	4132
3	23	3828
3	24	-6564
3	25	-1396
3	26	10364
3	27	-4132
3	28	3012
3	29	276
3	30	19180
3	31	-3164
3	32	-9852
3	33	-15988
3	34	-3524
3	35	1700
3	36	3620
3	37	-7476
4	5	-4284
4	6	2156
4	7	3220
4	8	6812
4	9	-6260
4	10	3772
4	11	5804
4	12	-6412
4	13	21708
4	14	-1796
4	15	-5044
4	16	-2916
4	17	1036
4	18	-2100
4	19	1092
4	20	-10004
4	21	-9548
4	22	-13860
4	23	-7780
4	24	22068
4	25	-11980
4	26	-8540
4	27	2308
4	28	18268
4	29	3676
4	30	-11580
4	31	-6564
4	32	5900
4	33	-8940
4	34	7476
4	35	5900
4	36	6108
4	37	-5900
5	6	16292
5	7	-5748
5	8	-1548
5	9	-3068
5	10	-4588
5	11	2612
5	12	14108
5	13	-15532
5	14	-4988
5	15	-13404
5	16	276
5	17	4228
5	18	6260
5	19	-7876
5	20	4132
5	21	10364
5	22	-4892
5	23	-4588
5	24	-15780
5	25	-3620
5	26	6204
5	27	4892
5	28	3524
5	29	-11068
5	30	3164
5	31	-3372
5	32	3316
5	33	5196
5	34	4284
5	35	-8236
5	36	8692
5	37	-3316
6	7	-9452
6	8	-580
6	9	12492
6	10	-9092
6	11	5292
6	12	6868
6	13	-3924
6	14	7116
6	15	-6052
6	16	-2404
6	17	-12132
6	18	1644
6	19	-7324
6	20	-2004
6	21	3316
6	22	2764
6	23	2460
6	24	-10972
6	25	11524
6	26	-2556
6	27	-2764
6	28	10156
6	29	-9908
6	30	12036
6	31	1244
6	32	6108
6	33	-3068
6	34	9396
6	35	-5444
6	36	4988
6	37	-17660
7	8	484
7	9	7780
7	10	9300
7	11	10004
7	12	7932
7	13	-2860
7	14	-11276
7	15	788
7	16	-18668
7	17	-5292
7	18	-5196
7	19	3164
7	20	2708
7	21	-3524
7	22	3828
7	23	3524
7	24	-6260
7	25	-18420
7	26	4284
7	27	-3828
7	28	-8236
7	29	-5196
7	30	-10004
7	31	-9244
7	32	-21708
7	33	7420
7	34	-3220
7	35	-10156
7	36	3924
7	37	-7172
8	9	-20852
8	10	-5044
8	11	-2708
8	12	2100
8	13	1340
8	14	7020
8	15	-2308
8	16	-180
8	17	3772
8	18	6716
8	19	4132
8	20	10364
8	21	-6508
8	22	-5348
8	23	-22372
8	24	7780
8	25	-8940
8	26	-5804
8	27	-11980
8	28	3980
8	29	-16388
8	30	-8844
8	31	1948
8	32	14412
8	33	-124
8	34	16292
8	35	2860
8	36	-8180
8	37	8692
9	10	-6564
9	11	4588
9	12	-5196
9	13	-180
9	14	-14564
9	15	-3828
9	16	-1700
9	17	-9300
9	18	-9092
9	19	-11676
9	20	-5444
9	21	788
9	22	-6868
9	23	22316
9	24	-8028
9	25	-1644
9	26	-1548
9	27	6868
9	28	5500
9	29	8236
9	30	1188
9	31	-5348
9	32	-4436
9	33	-4380
9	34	6260
9	35	-10212
9	36	10668
9	37	-18668
10	11	332
10	12	10612
10	13	4076
10	14	-7268
10	15	6204
10	16	-8996
10	17	-5044
10	18	-1796
10	19	12948
10	20	7628
10	21	-9244
10	22	3164
10	23	3468
10	24	16596
10	25	-124
10	26	2708
10	27	-3164
10	28	-4532
10	29	3980
10	30	-6108
10	31	-12644
10	32	-5956
10	33	2916
10	34	7780
10	35	-180
10	36	636
10	37	11732
11	12	10516
11	13	-276
11	14	-13860
11	15	3372
11	16	-16084
11	17	-8484
11	18	9548
11	19	-22524
11	20	-5652
11	21	5444
11	22	12188
11	23	332
11	24	-3068
11	25	-9452
11	26	6868
11	27	-6412
11	28	6508
11	29	3772
11	30	-18972
11	31	-884
11	32	9756
11	33	-940
11	34	-28
11	35	-1796
11	36	-10212
11	37	1796
12	13	-11884
12	14	-8636
12	15	1796
12	16	-7628
12	17	2100
12	18	2612
12	19	28
12	20	484
12	21	6716
12	22	4532
12	23	-12492
12	24	-7876
12	25	-1492
12	26	-1700
12	27	1244
12	28	-11676
12	29	-3164
12	30	-4740
12	31	-5500
12	32	-4588
12	33	7324
12	34	12188
12	35	-16140
12	36	-732
12	37	10364
13	14	3676
13	15	1036
13	16	3164
13	17	-10212
13	18	3372
13	19	6564
13	20	7020
13	21	-9852
13	22	3772
13	23	4076
13	24	4436
13	25	5044
13	26	-2460
13	27	2004
13	28	12188
13	29	9148
13	30	-17052
13	31	11068
13	32	17756
13	33	8084
13	34	7172
13	35	-5348
13	36	28
13	37	-428
14	15	1548
14	16	10972
14	17	7020
14	18	-180
14	19	13956
14	20	7724
14	21	-4284
14	22	-1188
14	23	-7268
14	24	-1244
14	25	21252
14	26	5044
14	27	-10364
14	28	2556
14	29	-11732
14	30	8084
14	31	3068
14	32	7932
14	33	-10668
14	34	-9756
14	35	2156
14	36	-2612
14	37	-7932
15	16	-6260
15	17	-8084
15	18	7020
15	19	-1340
15	20	4892
15	21	-428
15	22	17452
15	23	-5348
15	24	2308
15	25	8692
15	26	11220
15	27	-11676
15	28	-1492
15	29	12796
15	30	-9148
15	31	18972
15	32	-8996
15	33	-5596
15	34	-6508
15	35	-3220
15	36	-2100
15	37	14772
16	17	5596
16	18	-884
16	19	2308
16	20	2764
16	21	3220
16	22	-3524
16	23	2556
16	24	-5596
16	25	6564
16	26	-3980
16	27	-2252
16	28	13708
16	29	-6660
16	30	4532
16	31	-2004
16	32	4684
16	33	-1948
16	34	2916
16	35	4684
16	36	1548
16	37	-4684
17	18	-4836
17	19	-7420
17	20	-1188
17	21	16596
17	22	-16900
17	23	-10820
17	24	2004
17	25	-3164
17	26	5748
17	27	5348
17	28	-13348
17	29	940
17	30	-3068
17	31	-15380
17	32	-8692
17	33	5652
17	34	-6812
17	35	14412
17	36	3372
17	37	8692
18	19	-8844
18	20	19580
18	21	7572
18	22	15836
18	23	-7572
18	24	-6716
18	25	-1548
18	26	4740
18	27	-10060
18	28	-2916
18	29	-5652
18	30	-3772
18	31	8540
18	32	1852
18	33	1188
18	34	-3676
18	35	-3924
18	36	-19636
18	37	9700
19	20	-940
19	21	-12948
19	22	1700
19	23	-4380
19	24	1644
19	25	1036
19	26	-9396
19	27	-13252
19	28	-332
19	29	-3068
19	30	5196
19	31	5956
19	32	-732
19	33	9548
19	34	-6868
19	35	-732
19	36	6052
19	37	-5044
20	21	9700
20	22	7932
20	23	-3924
20	24	-10364
20	25	6356
20	26	19940
20	27	-7932
20	28	-6564
20	29	-3524
20	30	5652
20	31	6412
20	32	5500
20	33	-2460
20	34	4228
20	35	-11828
20	36	-5956
20	37	6052
21	22	2612
21	23	8084
21	24	-16596
21	25	-5652
21	26	8844
21	27	-2612
21	28	-1244
21	29	1796
21	30	17660
21	31	1092
21	32	180
21	33	8636
21	34	-7780
21	35	180
21	36	5140
21	37	5596
22	23	-2612
22	24	-6204
22	25	180
22	26	-3372
22	27	-14412
22	28	-15780
22	29	4284
22	30	-636
22	31	10156
22	32	-12036
22	33	8996
22	34	-9244
22	35	-6260
22	36	-10612
22	37	6260
23	24	-6508
23	25	-124
23	26	-3068
23	27	19940
23	28	7020
23	29	9756
23	30	11220
23	31	4684
23	32	5596
23	33	8692
23	34	-9548
23	35	-5956
23	36	12188
23	37	-5596
24	25	-14164
24	26	-17300
24	27	11980
24	28	-3980
24	29	4836
24	30	-2708
24	31	-7724
24	32	-2860
24	33	-11428
24	34	6812
24	35	14468
24	36	-3372
24	37	8636
25	26	12188
25	27	-180
25	28	6964
25	29	-1548
25	30	3676
25	31	10212
25	32	9300
25	33	-6260
25	34	428
25	35	3524
25	36	7572
25	37	-9300
26	27	-8180
26	28	-3772
26	29	10516
26	30	4684
26	31	-1852
26	32	4836
26	33	-13652
26	34	-8788
26	35	-6716
26	36	7172
26	37	12492
27	28	-1548
27	29	1492
27	30	6412
27	31	7172
27	32	-5292
27	33	2556
27	34	-2308
27	35	484
27	36	10612
27	37	-484
28	29	-2916
28	30	-6508
28	31	11580
28	32	22220
28	33	-7628
28	34	4836
28	35	4892
28	36	6204
28	37	-22220
29	30	-3772
29	31	2764
29	32	7628
29	33	1188
29	34	-3676
29	35	1852
29	36	-2308
29	37	9700
30	31	884
30	32	-3980
30	33	-10612
30	34	-5748
30	35	1796
30	36	10212
30	37	-1796
31	32	12588
31	33	13252
31	34	-10764
31	35	1036
31	36	5196
31	37	4740
32	33	788
32	34	11428
32	35	1948
32	36	-1492
32	37	3828
33	34	-2612
33	35	12340
33	36	4532
33	37	4988
34	35	-124
34	36	-332
34	37	124
35	36	-1492
35	37	-1948
36	37	-10060
