0	1	2144
0	2	21568
0	3	3784
0	4	928
0	5	6064
0	6	6704
0	7	-3360
0	8	7464
0	9	-12144
0	10	-12448
0	11	-12904
0	12	-776
0	13	1808
0	14	6400
0	15	-5184
0	16	-6856
0	17	-9744
0	18	-15032
0	19	5152
0	20	-1384
0	21	-3632
0	22	-17952
0	23	2144
0	24	-5944
0	25	10776
0	26	-10048
0	27	9288
0	28	5912
0	29	2752
0	30	2264
0	31	-7464
0	32	-7768
0	33	7920
0	34	-5488
0	35	-5944
0	36	-11720
0	37	-15976
1	2	-11992
1	3	-5760
1	4	-4728
1	5	-2264
1	6	12600
1	7	1384
1	8	288
1	9	-14760
1	10	-20232
1	11	-14000
1	12	10352
1	13	1992
1	14	1352
1	15	8984
1	16	10656
1	17	-15336
1	18	-6096
1	19	-7128
1	20	-12144
1	21	5608
1	22	10200
1	23	-168
1	24	9744
1	25	-12752
1	26	2296
1	27	-7312
1	28	3664
1	29	-6552
1	30	-4240
1	31	-6064
1	32	11568
1	33	5608
1	34	-8040
1	35	15520
1	36	3968
1	37	-3328
2	3	6368
2	4	-18984
2	5	-20232
2	6	4120
2	7	-776
2	8	10656
2	9	8376
2	10	-3480
2	11	-15488
2	12	7584
2	13	-1384
2	14	9592
2	15	8952
2	16	-10048
2	17	-7160
2	18	-6064
2	19	1960
2	20	1200
2	21	5336
2	22	-3816
2	23	11112
2	24	-3360
2	25	13360
2	26	-7464
2	27	12480
2	28	2720
2	29	5944
2	30	-928
2	31	896
2	32	-10960
2	33	11112
2	34	2872
2	35	-3360
2	36	-20688
2	37	-7616
3	4	-1200
3	5	-3360
3	6	-1200
3	7	4544
3	8	5336
3	9	3056
3	10	2752
3	11	8072
3	12	-10200
3	13	9712
3	14	4272
3	15	-3056
3	16	-10504
3	17	9712
3	18	-17160
3	19	7280
3	20	-5032
3	21	17344
3	22	-10048
3	23	5792
3	24	1960
3	25	1352
3	26	-7920
3	27	7160
3	28	13816
3	29	-10928
3	30	-1384
3	31	440
3	32	-17192
3	33	16
3	34	-3360
3	35	-9592
3	36	-9592
3	37	3480
4	5	8072
4	6	-3512
4	7	-11384
4	8	-4272
4	9	-1992
4	10	4088
4	11	-7008
4	12	-2416
4	13	776
4	14	2568
4	15	-9560
4	16	-2112
4	17	6552
4	18	-10656
4	19	3208
4	20	-7584
4	21	-16280
4	22	-8344
4	23	-4728
4	24	-8800
4	25	9136
4	26	-4696
4	27	-320
4	28	-3328
4	29	440
4	30	11872
4	31	4272
4	32	-6976
4	33	-10504
4	34	8072
4	35	2752
4	36	20080
4	37	1232
5	6	-3480
5	7	-4728
5	8	-8496
5	9	-5000
5	10	6248
5	11	17344
5	12	3632
5	13	440
5	14	-3784
5	15	-6552
5	16	3328
5	17	440
5	18	3664
5	19	-7768
5	20	3024
5	21	-13816
5	22	-1992
5	23	-13816
5	24	-1536
5	25	9408
5	26	136
5	27	-896
5	28	-7008
5	29	9896
5	30	-4880
5	31	-3056
5	32	-9136
5	33	9288
5	34	-6856
5	35	-1536
5	36	4240
5	37	5760
6	7	168
6	8	13056
6	9	-19320
6	10	-7464
6	11	-1232
6	12	-2416
6	13	6552
6	14	-14760
6	15	-3784
6	16	-2112
6	17	776
6	18	-4880
6	19	-8344
6	20	-1808
6	21	1048
6	22	-2568
6	23	6824
6	24	8528
6	25	-8192
6	26	6856
6	27	-6096
6	28	2448
6	29	-5336
6	30	-5456
6	31	4272
6	32	4576
6	33	6824
6	34	2296
6	35	14304
6	36	8528
6	37	-4544
7	8	-10624
7	9	-1352
7	10	4120
7	11	15216
7	12	-16
7	13	-8984
7	14	11416
7	15	7128
7	16	5456
7	17	2568
7	18	1536
7	19	-5640
7	20	10928
7	21	12936
7	22	136
7	23	24488
7	24	-10960
7	25	-16
7	26	-9288
7	27	2752
7	28	6672
7	29	-3784
7	30	3024
7	31	-6704
7	32	4544
7	33	-4392
7	34	6824
7	35	6368
7	36	-5184
7	37	-3664
8	9	-14304
8	10	3328
8	11	3784
8	12	4120
8	13	-4240
8	14	1808
8	15	2752
8	16	4424
8	17	1536
8	18	-11416
8	19	-7584
8	20	4728
8	21	288
8	22	-1808
8	23	-5488
8	24	15064
8	25	4120
8	26	13392
8	27	-1080
8	28	-8344
8	29	-11872
8	30	6856
8	31	-744
8	32	-440
8	33	-5488
8	34	-14272
8	35	-2264
8	36	-2264
8	37	-3784
9	10	11384
9	11	-5488
9	12	-3936
9	13	5032
9	14	9864
9	15	6248
9	16	-9408
9	17	-744
9	18	-3360
9	19	7464
9	20	8224
9	21	-8984
9	22	1688
9	23	-3208
9	24	-16096
9	25	13392
9	26	5336
9	27	-4576
9	28	928
9	29	1960
9	30	-18528
9	31	-3024
9	32	-8496
9	33	2568
9	34	12328
9	35	-10320
9	36	1232
9	37	11264
10	11	17920
10	12	-10016
10	13	4728
10	14	10168
10	15	5944
10	16	13392
10	17	10504
10	18	2720
10	19	1384
10	20	13696
10	21	-2904
10	22	1384
10	23	-8680
10	24	-16400
10	25	24640
10	26	-744
10	27	-10048
10	28	-16704
10	29	-3512
10	30	4272
10	31	2448
10	32	-8800
10	33	2872
10	34	472
10	35	928
10	36	6704
10	37	10960
11	12	1080
11	13	-1504
11	14	-928
11	15	-288
11	16	12936
11	17	15824
11	18	3176
11	19	-10624
11	20	13240
11	21	3328
11	22	-4848
11	23	-2448
11	24	-5304
11	25	-4696
11	26	4576
11	27	-9592
11	28	-5608
11	29	2720
11	30	3816
11	31	1992
11	32	-3480
11	33	-2448
11	34	-5760
11	35	472
11	36	472
11	37	10504
12	13	-6400
12	14	-2720
12	15	3936
12	16	2264
12	17	-12176
12	18	10504
12	19	-20384
12	20	-3816
12	21	-1200
12	22	2720
12	23	4576
12	24	3176
12	25	-3208
12	26	-928
12	27	168
12	28	-8072
12	29	10960
12	30	11384
12	31	-4120
12	32	7128
12	33	4576
12	34	3632
12	35	8952
12	36	-2600
12	37	-6856
13	14	-5304
13	15	744
13	16	-6704
13	17	-9592
13	18	2144
13	19	-472
13	20	-1232
13	21	1992
13	22	5304
13	23	-9560
13	24	-16
13	25	10928
13	26	1656
13	27	-2416
13	28	288
13	29	-3176
13	30	-9136
13	31	-13088
13	32	-19168
13	33	7768
13	34	440
13	35	5760
13	36	-16
13	37	-4272
14	15	19016
14	16	14912
14	17	472
14	18	-16128
14	19	8680
14	20	9440
14	21	7128
14	22	-14424
14	23	1352
14	24	-9104
14	25	8832
14	26	6552
14	27	-16
14	28	2144
14	29	744
14	30	5792
14	31	-7584
14	32	-7280
14	33	7128
14	34	-3784
14	35	-3328
14	36	-3328
14	37	12480
15	16	9408
15	17	-5032
15	18	3360
15	19	-7464
15	20	-14000
15	21	8984
15	22	15640
15	23	-8344
15	24	-1232
15	25	9712
15	26	-5336
15	27	-1200
15	28	-6704
15	29	-1960
15	30	-4576
15	31	-2752
15	32	-14608
15	33	8984
15	34	-6552
15	35	4544
15	36	4544
15	37	6064
16	17	-6704
16	18	-744
16	19	2416
16	20	7432
16	21	10656
16	22	2416
16	23	-6672
16	24	-8680
16	25	2264
16	26	4544
16	27	472
16	28	3176
16	29	11264
16	30	11080
16	31	7128
16	32	6824
16	33	10656
16	34	-8224
16	35	14424
16	36	-2904
16	37	-1384
17	18	-3632
17	19	-472
17	20	4544
17	21	-3784
17	22	-12024
17	23	13544
17	24	5760
17	25	-12176
17	26	-4120
17	27	3360
17	28	288
17	29	-3176
17	30	2416
17	31	10016
17	32	-7616
17	33	-15336
17	34	440
17	35	-16
17	36	-16
17	37	13056
18	19	-12752
18	20	-11992
18	21	5456
18	22	21904
18	23	-11872
18	24	9896
18	25	-1048
18	26	-9104
18	27	9864
18	28	-7736
18	29	4848
18	30	7464
18	31	-5912
18	32	11720
18	33	-6096
18	34	9440
18	35	9896
18	36	-1656
18	37	2600
19	20	-3664
19	21	-1352
19	22	-8680
19	23	4424
19	24	-2448
19	25	8496
19	26	-776
19	27	5792
19	28	3632
19	29	-744
19	30	5760
19	31	-3968
19	32	1504
19	33	4424
19	34	-7768
19	35	-14000
19	36	-8224
19	37	-6704
20	21	-6368
20	22	-20992
20	23	5184
20	24	-14760
20	25	1960
20	26	15792
20	27	-5000
20	28	-8680
20	29	16
20	30	-12328
20	31	6824
20	32	744
20	33	-592
20	34	-2752
20	35	2568
20	36	-3208
20	37	-1688
21	22	4424
21	23	-168
21	24	15520
21	25	-12752
21	26	-3480
21	27	10016
21	28	9440
21	29	-776
21	30	13088
21	31	-288
21	32	16
21	33	5608
21	34	-2264
21	35	3968
21	36	-1808
21	37	2448
22	23	-7128
22	24	3328
22	25	8496
22	26	-12328
22	27	-5760
22	28	-2144
22	29	10808
22	30	-16
22	31	1808
22	32	1504
22	33	-1352
22	34	-1992
22	35	3328
22	36	3328
22	37	-928
23	24	-1808
23	25	-6976
23	26	-9256
23	27	4240
23	28	9440
23	29	-6552
23	30	7312
23	31	-288
23	32	5792
23	33	-11720
23	34	3512
23	35	-1808
23	36	-13360
23	37	-9104
24	25	-19928
24	26	17008
24	27	11112
24	28	4088
24	29	-12752
24	30	6216
24	31	-20840
24	32	1960
24	33	3968
24	34	-13088
24	35	3784
24	36	9560
24	37	-472
25	26	-12480
25	27	5944
25	28	-13848
25	29	5184
25	30	-168
25	31	-4120
25	32	-21752
25	33	-1200
25	34	-2144
25	35	-2600
25	36	-8376
25	37	-1080
26	27	-7888
26	28	-16
26	29	-8648
26	30	-9440
26	31	-7616
26	32	3632
26	33	8072
26	34	-17192
26	35	-320
26	36	11232
26	37	6976
27	28	5032
27	29	-7920
27	30	-2872
27	31	1080
27	32	-4392
27	33	-1536
27	34	4880
27	35	11112
27	36	-23544
27	37	-1960
28	29	10048
28	30	-5032
28	31	-8984
28	32	-3512
28	33	9440
28	34	4544
28	35	-7464
28	36	-1688
28	37	-5944
29	30	7920
29	31	11872
29	32	-10928
29	33	5000
29	34	-1656
29	35	-6976
29	36	-1200
29	37	-2720
30	31	-1080
30	32	4392
30	33	-10016
30	34	896
30	35	-11112
30	36	440
30	37	-9592
31	32	440
31	33	-11840
31	34	2720
31	35	-3512
31	36	-9288
31	37	9560
32	33	-5760
32	34	8192
32	35	7736
32	36	-3816
32	37	-2296
33	34	-2264
33	35	9744
33	36	9744
33	37	-9104
34	35	-1536
34	36	4240
34	37	-16
35	36	3784
35	37	-6248
36	37	-472
