0	1	8024
0	2	-3464
0	3	8544
0	4	-14320
0	5	-8392
0	6	2464
0	7	-792
0	8	4528
0	9	6568
0	10	18120
0	11	-1856
0	12	5352
0	13	-8240
0	14	-8936
0	15	3768
0	16	4832
0	17	17056
0	18	24592
0	19	5200
0	20	-5136
0	21	17904
0	22	-4136
0	23	-9608
0	24	3160
0	25	-2920
0	26	5440
0	27	880
0	28	8480
0	29	4288
0	30	-1944
0	31	12128
0	32	-8088
0	33	-6416
0	34	12648
0	35	3984
0	36	4528
0	37	17968
1	2	-8480
1	3	-8024
1	4	-9304
1	5	-9152
1	6	-8328
1	7	-7328
1	8	-19336
1	9	1552
1	10	1552
1	11	3160
1	12	11888
1	13	2552
1	14	14928
1	15	3008
1	16	4072
1	17	-5288
1	18	728
1	19	5960
1	20	-10152
1	21	5592
1	22	-4896
1	23	1184
1	24	-3376
1	25	-9456
1	26	-12648
1	27	120
1	28	13496
1	29	-6504
1	30	4592
1	31	11368
1	32	-8848
1	33	4376
1	34	7632
1	35	4744
1	36	-7784
1	37	7176
2	3	9240
2	4	8088
2	5	2160
2	6	-2008
2	7	6112
2	8	792
2	9	-336
2	10	-336
2	11	12952
2	12	-10672
2	13	13560
2	14	3616
2	15	-10000
2	16	12040
2	17	728
2	18	-1944
2	19	6808
2	20	-184
2	21	22072
2	22	-2096
2	23	3376
2	24	13712
2	25	-14864
2	26	-120
2	27	-1336
2	28	-3160
2	29	7720
2	30	-3376
2	31	-1032
2	32	-3920
2	33	184
2	34	-12192
2	35	2248
2	36	-4984
2	37	-11736
3	4	8544
3	5	2616
3	6	9088
3	7	18120
3	8	12800
3	9	10760
3	10	4984
3	11	7632
3	12	-11128
3	13	-3312
3	14	-14168
3	15	2008
3	16	6720
3	17	-5504
3	18	-1488
3	19	-5200
3	20	-6416
3	21	10976
3	22	-13192
3	23	-1944
3	24	-8936
3	25	14472
3	26	336
3	27	-6656
3	28	8848
3	29	13040
3	30	1944
3	31	-6352
3	32	2312
3	33	12192
3	34	-1096
3	35	7568
3	36	-4528
3	37	-640
4	5	8936
4	6	8240
4	7	4984
4	8	-1248
4	9	-4984
4	10	-4984
4	11	9696
4	12	-11976
4	13	9088
4	14	2616
4	15	-7784
4	16	-944
4	17	-11824
4	18	-21616
4	19	-576
4	20	12192
4	21	-5200
4	22	7416
4	23	7720
4	24	3160
4	25	-2920
4	26	-336
4	27	880
4	28	2704
4	29	4288
4	30	9608
4	31	-10976
4	32	-8088
4	33	5136
4	34	1096
4	35	9760
4	36	-1248
4	37	-10912
5	6	8088
5	7	-640
5	8	-6872
5	9	-16688
5	10	640
5	11	4072
5	12	5200
5	13	-2312
5	14	8240
5	15	3920
5	16	-6568
5	17	-11976
5	18	-4136
5	19	5048
5	20	6264
5	21	-16600
5	22	-3984
5	23	13648
5	24	-2464
5	25	-2768
5	26	5592
5	27	-4744
5	28	2856
5	29	-7416
5	30	-2096
5	31	-22376
5	32	-2160
5	33	16840
5	34	-10608
5	35	9608
5	36	-6872
5	37	488
6	7	488
6	8	944
6	9	-12040
6	10	-6264
6	11	13104
6	12	728
6	13	7936
6	14	-2312
6	15	13256
6	16	-5136
6	17	-5200
6	18	-1792
6	19	6656
6	20	-6112
6	21	-880
6	22	3832
6	23	-13800
6	24	8088
6	25	2616
6	26	5808
6	27	10368
6	28	-8784
6	29	-9760
6	30	-3528
6	31	-18208
6	32	7784
6	33	336
6	34	-792
6	35	2096
6	36	-10608
6	37	5440
7	8	728
7	9	-6960
7	10	-1184
7	11	-11432
7	12	3376
7	13	5288
7	14	-5136
7	15	-5808
7	16	12584
7	17	-8024
7	18	3464
7	19	-8328
7	20	4440
7	21	-3224
7	22	9392
7	23	3920
7	24	-6416
7	25	-944
7	26	-4136
7	27	-2920
7	28	-12648
7	29	2312
7	30	-3920
7	31	-14776
7	32	-6112
7	33	1336
7	34	-6656
7	35	2008
7	36	-10824
7	37	4440
8	9	10824
8	10	10824
8	11	-6112
8	12	3832
8	13	-6720
8	14	-10456
8	15	-488
8	16	6352
8	17	9760
8	18	-2768
8	19	-7872
8	20	-880
8	21	7872
8	22	-8392
8	23	-8088
8	24	4680
8	25	10152
8	26	12736
8	27	2400
8	28	-1552
8	29	8544
8	30	2312
8	31	-3680
8	32	16536
8	33	-4896
8	34	5352
8	35	8240
8	36	11824
8	37	-880
9	10	1184
9	11	11432
9	12	-14928
9	13	-5288
9	14	-6416
9	15	32
9	16	4744
9	17	13800
9	18	8088
9	19	-14776
9	20	-10216
9	21	9000
9	22	-9392
9	23	-3920
9	24	-10912
9	25	6720
9	26	-13192
9	27	-8632
9	28	6872
9	29	9240
9	30	3920
9	31	14776
9	32	336
9	33	4440
9	34	6656
9	35	-2008
9	36	16600
9	37	-10216
10	11	-5896
10	12	-3376
10	13	-5288
10	14	-640
10	15	-5744
10	16	4744
10	17	8024
10	18	2312
10	19	2552
10	20	-4440
10	21	9000
10	22	-15168
10	23	1856
10	24	6416
10	25	944
10	26	-1640
10	27	8696
10	28	1096
10	29	3464
10	30	-13408
10	31	-8328
10	32	336
10	33	10216
10	34	880
10	35	-2008
10	36	10824
10	37	1336
11	12	-12888
11	13	-1552
11	14	-4072
11	15	4680
11	16	-5808
11	17	-1184
11	18	8176
11	19	10064
11	20	-6048
11	21	7264
11	22	-3224
11	23	-8696
11	24	4072
11	25	-7784
11	26	-10976
11	27	7568
11	28	9392
11	29	9152
11	30	2920
11	31	1488
11	32	-12952
11	33	6048
11	34	184
11	35	3072
11	36	-6112
11	37	-6048
12	13	-728
12	14	-5200
12	15	10368
12	16	3528
12	17	3464
12	18	1096
12	19	9544
12	20	8328
12	21	-9544
12	22	-4832
12	23	640
12	24	10976
12	25	-272
12	26	14472
12	27	1704
12	28	-120
12	29	-6872
12	30	-6416
12	31	-3768
12	32	4896
12	33	-2552
12	34	-3680
12	35	4984
12	36	-13496
12	37	2552
13	14	13864
13	15	-1704
13	16	5136
13	17	10976
13	18	-9760
13	19	-880
13	20	11888
13	21	6656
13	22	13496
13	23	8024
13	24	3464
13	25	-19944
13	26	-32
13	27	1184
13	28	-2768
13	29	-1792
13	30	3528
13	31	-4896
13	32	3768
13	33	-336
13	34	-4984
13	35	21008
13	36	-6720
13	37	-22768
14	15	-3920
14	16	792
14	17	-11128
14	18	-1640
14	19	-5048
14	20	-12040
14	21	-728
14	22	3984
14	23	3680
14	24	2464
14	25	2768
14	26	-17144
14	27	-6808
14	28	-2856
14	29	-9912
14	30	2096
14	31	-6504
14	32	2160
14	33	-5288
14	34	-12496
14	35	7720
14	36	-4680
14	37	-6264
15	16	5592
15	17	-1032
15	18	13800
15	19	4440
15	20	-120
15	21	-10216
15	22	2400
15	23	-14624
15	24	-7632
15	25	3616
15	26	17752
15	27	1640
15	28	-13864
15	29	-2248
15	30	8848
15	31	-4440
15	32	4224
15	33	-11432
15	34	336
15	35	14776
15	36	-6264
15	37	-120
16	17	3680
16	18	-8240
16	19	-8176
16	20	10368
16	21	2400
16	22	3464
16	23	9544
16	24	-12344
16	25	-1096
16	26	-10064
16	27	8480
16	28	-12800
16	29	2464
16	30	2008
16	31	2400
16	32	-488
16	33	-4592
16	34	-6504
16	35	13712
16	36	-5200
16	37	-1184
17	18	18576
17	19	-2160
17	20	8176
17	21	19488
17	22	6872
17	23	12344
17	24	-424
17	25	-5896
17	26	-2704
17	27	1856
17	28	32
17	29	-1248
17	30	4984
17	31	7936
17	32	-728
17	33	-2400
17	34	1944
17	35	-944
17	36	3984
17	37	-3376
18	19	6720
18	20	-15168
18	21	10608
18	22	5896
18	23	-5352
18	24	-4136
18	25	-4440
18	26	-1856
18	27	-12192
18	28	1184
18	29	32
18	30	-424
18	31	-944
18	32	-9608
18	33	-7936
18	34	-3160
18	35	-272
18	36	-2768
18	37	13712
19	20	-8848
19	21	7632
19	22	6568
19	23	488
19	24	28152
19	25	-6200
19	26	8544
19	27	1552
19	28	-6048
19	29	-944
19	30	5288
19	31	1856
19	32	-6808
19	33	3072
19	34	13800
19	35	-640
19	36	3680
19	37	-3072
20	21	-8480
20	22	19336
20	23	7480
20	24	-5288
20	25	-10760
20	26	15536
20	27	8544
20	28	944
20	29	3616
20	30	-1704
20	31	3072
20	32	184
20	33	4288
20	34	-10520
20	35	21248
20	36	-6656
20	37	1488
21	22	-792
21	23	-6264
21	24	12280
21	25	-11128
21	26	3008
21	27	-1552
21	28	6048
21	29	12496
21	30	488
21	31	3920
21	32	1032
21	33	2704
21	34	9304
21	35	640
21	36	7872
21	37	3072
22	23	6352
22	24	1792
22	25	-15840
22	26	4072
22	27	5288
22	28	-15992
22	29	-5896
22	30	10976
22	31	-792
22	32	-9456
22	33	-7784
22	34	2464
22	35	16904
22	36	-2616
22	37	7784
23	24	-15232
23	25	-3984
23	26	-12952
23	27	-11736
23	28	7416
23	29	-424
23	30	-880
23	31	-6264
23	32	-20704
23	33	15624
23	34	-9392
23	35	5048
23	36	-2312
23	37	-9848
24	25	-2768
24	26	11368
24	27	12584
24	28	-8696
24	29	4136
24	30	-2096
24	31	-5048
24	32	9392
24	33	-6264
24	34	6720
24	35	-7720
24	36	4680
24	37	-5288
25	26	-6264
25	27	-10824
25	28	-9000
25	29	-1336
25	30	-1792
25	31	6200
25	32	9088
25	33	-6568
25	34	-4528
25	35	-18968
25	36	4376
25	37	792
26	27	-2464
26	28	-640
26	29	7632
26	30	7176
26	31	-2768
26	32	5896
26	33	-3984
26	34	10216
26	35	13104
26	36	6960
26	37	3984
27	28	-5200
27	29	6416
27	30	5960
27	31	-1552
27	32	1336
27	33	-8544
27	34	3224
27	35	336
27	36	-3376
27	37	2768
28	29	16144
28	30	-1640
28	31	6048
28	32	-8392
28	33	10608
28	34	-4376
28	35	10064
28	36	-7328
28	37	944
29	30	-5352
29	31	-4832
29	32	-7720
29	33	2160
29	34	-2616
29	35	11824
29	36	2768
29	37	-13712
30	31	17816
30	32	-8176
30	33	-4072
30	34	9392
30	35	12280
30	36	2312
30	37	-1704
31	32	-10520
31	33	-8848
31	34	9304
31	35	-5136
31	36	7872
31	37	3072
32	33	-5960
32	34	-5136
32	35	-2248
32	36	-792
32	37	184
33	34	-6808
33	35	7632
33	36	880
33	37	-1488
34	35	-8088
34	36	28456
34	37	6808
35	36	-3312
35	37	-1856
36	37	4896
