0	1	12372
0	2	-6932
0	3	-3284
0	4	-11156
0	5	14804
0	6	2340
0	7	5564
0	8	10244
0	9	16628
0	10	3588
0	11	5108
0	12	12708
0	13	-5108
0	14	3100
0	15	10276
0	16	5716
0	17	13164
0	18	-2980
0	19	-5380
0	20	2828
0	21	972
0	22	17116
0	23	-5532
0	24	-92
0	25	5836
0	26	5380
0	27	-11004
0	28	-6476
0	29	7812
0	30	14652
0	31	4620
0	32	10732
0	33	5988
0	34	-12068
0	35	-2492
0	36	16932
0	37	-7692
1	2	-3404
1	3	-7052
1	4	4164
1	5	9516
1	6	-1124
1	7	4772
1	8	2524
1	9	1916
1	10	-22132
1	11	5228
1	12	3404
1	13	12100
1	14	-1884
1	15	60
1	16	4620
1	17	8724
1	18	-7356
1	19	-1612
1	20	7508
1	21	6020
1	22	10548
1	23	-1460
1	24	-4468
1	25	1156
1	26	1612
1	27	4012
1	28	1916
1	29	-6596
1	30	3892
1	31	-9180
1	32	5380
1	33	6780
1	34	-700
1	35	-4500
1	36	-9940
1	37	3132
2	3	-10852
2	4	2188
2	5	-5836
2	6	6628
2	7	2796
2	8	-1276
2	9	-13436
2	10	-1004
2	11	-2524
2	12	1428
2	13	2524
2	14	92
2	15	-7692
2	16	-8908
2	17	972
2	18	11948
2	19	7964
2	20	-6020
2	21	-9332
2	22	2796
2	23	13892
2	24	14836
2	25	-8420
2	26	-19516
2	27	7812
2	28	9668
2	29	-16172
2	30	-11460
2	31	10124
2	32	-8148
2	33	8756
2	34	-8452
2	35	16628
2	36	-13740
2	37	10884
3	4	-11492
3	5	-9484
3	6	-2796
3	7	6444
3	8	-4924
3	9	6020
3	10	-3132
3	11	6900
3	12	-700
3	13	-12676
3	14	-3556
3	15	-4044
3	16	-5260
3	17	-1156
3	18	-20580
3	19	60
3	20	3404
3	21	-1428
3	22	-10884
3	23	-11340
3	24	-6140
3	25	-516
3	26	11492
3	27	5684
3	28	-5532
3	29	-2492
3	30	2220
3	31	700
3	32	-4500
3	33	-6444
3	34	12524
3	35	2948
3	36	5716
3	37	1460
4	5	6596
4	6	-5868
4	7	-15108
4	8	-9516
4	9	2644
4	10	-5532
4	11	-9788
4	12	-2188
4	13	9788
4	14	6444
4	15	-4620
4	16	8148
4	17	9820
4	18	364
4	19	2828
4	20	-23620
4	21	4316
4	22	2220
4	23	8452
4	24	-2524
4	25	-2372
4	26	2948
4	27	-2796
4	28	-8908
4	29	-6172
4	30	-16660
4	31	7964
4	32	1612
4	33	9332
4	34	-9636
4	35	5716
4	36	-2828
4	37	12980
5	6	-3556
5	7	-4348
5	8	92
5	9	5260
5	10	-2372
5	11	7660
5	12	60
5	13	-1884
5	14	1460
5	15	2492
5	16	7052
5	17	5380
5	18	-9788
5	19	820
5	20	-1612
5	21	9364
5	22	12980
5	23	972
5	24	-1124
5	25	-1276
5	26	16508
5	27	668
5	28	-12068
5	29	-3252
5	30	-4316
5	31	11492
5	32	7812
5	33	4348
5	34	1732
5	35	-2068
5	36	4956
5	37	700
6	7	12068
6	8	-4772
6	9	396
6	10	-3284
6	11	12524
6	12	-852
6	13	4804
6	14	-9180
6	15	-4196
6	16	364
6	17	10244
6	18	-3100
6	19	5684
6	20	-8300
6	21	10276
6	22	12068
6	23	5836
6	24	17116
6	25	-364
6	26	5868
6	27	5532
6	28	-11156
6	29	-2340
6	30	-9180
6	31	852
6	32	6900
6	33	11036
6	34	-4956
6	35	2796
6	36	-17236
6	37	7388
7	8	-14684
7	9	3252
7	10	-364
7	11	12708
7	12	8756
7	13	-6932
7	14	1276
7	15	-5228
7	16	-4012
7	17	-8116
7	18	12524
7	19	-9332
7	20	10428
7	21	-6628
7	22	-4164
7	23	7844
7	24	3860
7	25	4012
7	26	-2220
7	27	2372
7	28	-2524
7	29	11764
7	30	7052
7	31	-2980
7	32	-4772
7	33	9940
7	34	7084
7	35	-6444
7	36	-2220
7	37	2036
8	9	-1732
8	10	-1156
8	11	3100
8	12	7052
8	13	-3100
8	14	-5532
8	15	3708
8	16	-9060
8	17	12372
8	18	-5228
8	19	13588
8	20	5380
8	21	8148
8	22	8420
8	23	2188
8	24	-13892
8	25	-2492
8	26	-2036
8	27	-9668
8	28	4044
8	29	1308
8	30	11796
8	31	-1276
8	32	3252
8	33	-8420
8	34	-2828
8	35	-12404
8	36	-7812
8	37	-516
9	10	-6324
9	11	9484
9	12	-3892
9	13	-15260
9	14	11188
9	15	15868
9	16	-2676
9	17	7204
9	18	-5836
9	19	-3132
9	20	212
9	21	7540
9	22	3252
9	23	-14532
9	24	-2948
9	25	2676
9	26	3132
9	27	-3284
9	28	3436
9	29	700
9	30	5412
9	31	-1884
9	32	21188
9	33	-9028
9	34	-2220
9	35	-6020
9	36	3132
9	37	-12676
10	11	-6596
10	12	1004
10	13	-4956
10	14	14804
10	15	4348
10	16	-212
10	17	-10092
10	18	8724
10	19	-11308
10	20	-8876
10	21	-10428
10	22	-11916
10	23	92
10	24	5836
10	25	212
10	26	5532
10	27	6172
10	28	-548
10	29	19516
10	30	-2524
10	31	4772
10	32	-972
10	33	364
10	34	-6444
10	35	3132
10	36	11308
10	37	-13316
11	12	-3252
11	13	-12252
11	14	-9820
11	15	-5684
11	16	1308
11	17	2980
11	18	-10124
11	19	-4012
11	20	4196
11	21	5380
11	22	1156
11	23	-4164
11	24	-7236
11	25	-7084
11	26	15564
11	27	-3860
11	28	3708
11	29	6444
11	30	1732
11	31	-2524
11	32	12100
11	33	-1156
11	34	-10700
11	35	-12676
11	36	4012
11	37	-3284
12	13	3252
12	14	11460
12	15	13468
12	16	-2644
12	17	-12524
12	18	5380
12	19	3588
12	20	-11308
12	21	-13772
12	22	-8572
12	23	20764
12	24	14044
12	25	2644
12	26	-3588
12	27	3740
12	28	1884
12	29	10396
12	30	11460
12	31	-4348
12	32	-9180
12	33	-8756
12	34	-8876
12	35	-5076
12	36	-3588
12	37	12220
13	14	-1732
13	15	-11644
13	16	10244
13	17	14348
13	18	-1428
13	19	4012
13	20	-9972
13	21	396
13	22	10396
13	23	4164
13	24	13012
13	25	-10244
13	26	-4012
13	27	3860
13	28	-3708
13	29	-6444
13	30	-7508
13	31	-3252
13	32	-12100
13	33	6932
13	34	-852
13	35	18452
13	36	-4012
13	37	3284
14	15	2340
14	16	1124
14	17	-12100
14	18	1916
14	19	6444
14	20	-7540
14	21	-19364
14	22	-4500
14	23	-4956
14	24	4804
14	25	4652
14	26	-6444
14	27	516
14	28	-364
14	29	14228
14	30	7388
14	31	-11460
14	32	13436
14	33	-7052
14	34	-15748
14	35	3556
14	36	-668
14	37	-16476
15	16	700
15	17	-14956
15	18	2036
15	19	-4620
15	20	-2188
15	21	5988
15	22	-22556
15	23	1004
15	24	4924
15	25	5076
15	26	4620
15	27	7084
15	28	15868
15	29	7052
15	30	8116
15	31	-1916
15	32	11492
15	33	-12100
15	34	244
15	35	-1732
15	36	-1156
15	37	-2676
16	17	-2188
16	18	6596
16	19	-9180
16	20	-972
16	21	-12556
16	22	1764
16	23	-9332
16	24	3708
16	25	-1916
16	26	9180
16	27	-3252
16	28	-8452
16	29	5836
16	30	6900
16	31	-3132
16	32	-4620
16	33	9788
16	34	-4316
16	35	11036
16	36	14956
16	37	7660
17	18	-6628
17	19	4044
17	20	-5076
17	21	20428
17	22	20764
17	23	-1884
17	24	-9516
17	25	2188
17	26	1732
17	27	-18908
17	28	-4348
17	29	-13164
17	30	-12100
17	31	972
17	32	-2948
17	33	2340
17	34	-2644
17	35	6932
17	36	-4044
17	37	5988
18	19	364
18	20	-2068
18	21	-19060
18	22	-10580
18	23	6292
18	24	10884
18	25	4956
18	26	-6140
18	27	5988
18	28	-5836
18	29	8756
18	30	1916
18	31	396
18	32	-9972
18	33	-972
18	34	7052
18	35	3252
18	36	5412
18	37	6932
19	20	-6292
19	21	4316
19	22	2220
19	23	8452
19	24	3252
19	25	-8148
19	26	-2828
19	27	8756
19	28	-3132
19	29	-396
19	30	6444
19	31	7964
19	32	7388
19	33	-2220
19	34	1916
19	35	-60
19	36	-8604
19	37	7204
20	21	1884
20	22	-1124
20	23	-12220
20	24	-4956
20	25	-10580
20	26	-5260
20	27	-6140
20	28	11764
20	29	-2828
20	30	15564
20	31	-11796
20	32	-7508
20	33	6900
20	34	10124
20	35	-14956
20	36	516
20	37	-6780
21	22	10700
21	23	-1308
21	24	-10396
21	25	-4772
21	26	1460
21	27	-1612
21	28	7540
21	29	-972
21	30	-2036
21	31	-9332
21	32	17084
21	33	6628
21	34	11004
21	35	-10124
21	36	-4316
21	37	2980
22	23	-3708
22	24	-1916
22	25	9788
22	26	-7996
22	27	-14956
22	28	-14076
22	29	-11340
22	30	1276
22	31	2796
22	32	6780
22	33	15716
22	34	1308
22	35	-668
22	36	-2220
22	37	2036
23	24	3404
23	25	3556
23	26	-8452
23	27	-2948
23	28	8572
23	29	-244
23	30	-4956
23	31	13892
23	32	-15868
23	33	3708
23	34	-4012
23	35	5564
23	36	-8452
23	37	24684
24	25	-15260
24	26	2524
24	27	26204
24	28	-2948
24	29	-11460
24	30	-6748
24	31	-2492
24	32	-12860
24	33	7692
24	34	-7388
24	35	17692
24	36	-9028
24	37	4044
25	26	-9180
25	27	-19852
25	28	-8876
25	29	-60
25	30	-1124
25	31	-2644
25	32	4620
25	33	1764
25	34	10092
25	35	-5260
25	36	-3404
25	37	-1884
26	27	8572
26	28	-19972
26	29	6172
26	30	-12220
26	31	9364
26	32	4164
26	33	-9332
26	34	3860
26	35	60
26	36	8604
26	37	4348
27	28	2492
27	29	-548
27	30	516
27	31	2036
27	32	1764
27	33	-2372
27	34	7844
27	35	5868
27	36	-8756
27	37	1276
28	29	700
28	30	5412
28	31	-7660
28	32	-1916
28	33	-9028
28	34	-13772
28	35	-244
28	36	-8420
28	37	-6900
29	30	8452
29	31	-4620
29	32	23924
29	33	-5988
29	34	-5260
29	35	-14836
29	36	11948
29	37	-3860
30	31	-11460
30	32	1884
30	33	-7052
30	34	7356
30	35	-13772
30	36	16660
30	37	-4924
31	32	-2372
31	33	-2796
31	34	-2676
31	35	10852
31	36	3588
31	37	5108
32	33	-6780
32	34	-5076
32	35	-12828
32	36	4164
32	37	-14684
33	34	-1308
33	35	6444
33	36	-3556
33	37	3740
34	35	-6748
34	36	3860
34	37	13892
35	36	5836
35	37	4316
36	37	-7204
