0	1	-20
0	2	20
0	3	692
0	4	-636
0	5	-372
0	6	-356
0	7	-76
0	8	92
0	9	92
0	10	372
0	11	-372
0	12	-260
0	13	-972
1	2	468
1	3	-428
1	4	-300
1	5	76
1	6	764
1	7	-524
1	8	428
1	9	-356
1	10	708
1	11	76
1	12	972
1	13	-636
2	3	-356
2	4	-484
2	5	-76
2	6	20
2	7	524
2	8	356
2	9	356
2	10	76
2	11	708
2	12	-188
2	13	-148
3	4	188
3	5	36
3	6	-876
3	7	412
3	8	244
3	9	244
3	10	-36
3	11	36
3	12	-860
3	13	-260
4	5	692
4	6	148
4	7	-356
4	8	-188
4	9	-188
4	10	-692
4	11	-92
4	12	20
4	13	1100
5	6	412
5	7	132
5	8	748
5	9	-36
5	10	-316
5	11	316
5	12	204
5	13	244
6	7	-860
6	8	92
6	9	-692
6	10	372
6	11	-372
6	12	1308
6	13	-188
7	8	372
7	9	372
7	10	-132
7	11	916
7	12	-1324
7	13	92
8	9	540
8	10	36
8	11	748
8	12	76
8	13	-524
9	10	-748
9	11	748
9	12	-708
9	13	260
10	11	-316
10	12	580
10	13	-1028
11	12	-580
11	13	244
12	13	-428
