0	1	304
0	2	480
0	3	88
0	4	368
0	5	-528
0	6	-472
0	7	-648
0	8	-648
0	9	536
0	10	24
0	11	528
0	12	-80
0	13	-760
1	2	-584
1	3	-192
1	4	88
1	5	760
1	6	32
1	7	-368
1	8	-368
1	9	256
1	10	-480
1	11	-760
1	12	-360
1	13	304
2	3	192
2	4	-88
2	5	-760
2	6	-32
2	7	368
2	8	368
2	9	528
2	10	480
2	11	-24
2	12	-424
2	13	-304
3	4	-480
3	5	-368
3	6	-424
3	7	-24
3	8	-24
3	9	-648
3	10	872
3	11	-416
3	12	752
3	13	88
4	5	136
4	6	80
4	7	-528
4	8	256
4	9	-144
4	10	-416
4	11	648
4	12	-312
4	13	-416
5	6	192
5	7	144
5	8	144
5	9	-32
5	10	-528
5	11	-248
5	12	-200
5	13	256
6	7	200
6	8	200
6	9	-88
6	10	-472
6	11	-192
6	12	-1040
6	13	312
7	8	248
7	9	424
7	10	136
7	11	-144
7	12	-192
7	13	136
8	9	-360
8	10	136
8	11	-144
8	12	-192
8	13	136
9	10	-248
9	11	32
9	12	-480
9	13	-248
10	11	-256
10	12	704
10	13	24
11	12	200
11	13	-1040
12	13	-80
