0	1	-612
0	2	-340
0	3	52
0	4	-844
0	5	1284
0	6	-340
0	7	172
0	8	-164
0	9	388
0	10	-396
0	11	780
0	12	340
0	13	276
1	2	612
1	3	1004
1	4	108
1	5	-900
1	6	612
1	7	4
1	8	-332
1	9	-228
1	10	556
1	11	-620
1	12	172
1	13	-340
2	3	732
2	4	60
2	5	-500
2	6	-444
2	7	612
2	8	164
2	9	396
2	10	-388
2	11	-780
2	12	-340
2	13	508
3	4	-332
3	5	-108
3	6	-52
3	7	220
3	8	-228
3	9	4
3	10	4
3	11	-388
3	12	52
3	13	116
4	5	-780
4	6	60
4	7	108
4	8	444
4	9	-668
4	10	116
4	11	-276
4	12	-844
4	13	-556
5	6	-500
5	7	-116
5	8	220
5	9	340
5	10	-444
5	11	732
5	12	500
5	13	452
6	7	-172
6	8	-620
6	9	-388
6	10	396
6	11	4
6	12	444
6	13	-276
7	8	-332
7	9	556
7	10	-1012
7	11	164
7	12	-612
7	13	444
8	9	108
8	10	108
8	11	-284
8	12	-164
8	13	-4
9	10	-332
9	11	60
9	12	388
9	13	564
10	11	60
10	12	388
10	13	-1004
11	12	-4
11	13	-612
12	13	276
