0	1	2.2660787e-01
0	2	-7.8065664e-02
0	3	-1.5609233e-01
0	4	-8.4871643e-02
0	5	2.0224767e-01
0	6	-1.5257464e-01
0	7	-5.8831530e-02
0	8	-1.2385140e-02
0	9	1.2792198e-01
0	10	2.1358752e-01
0	11	-9.5175626e-02
0	12	1.1343990e-01
0	13	-2.2964181e-01
0	14	1.1919801e-02
0	15	3.6107474e-02
0	16	-1.3588919e-01
0	17	2.0433834e-01
0	18	1.3112137e-01
0	19	1.0830464e-02
0	20	4.4626233e-02
0	21	-4.8949695e-02
0	22	-6.7952640e-02
0	23	-2.3207543e-02
0	24	8.2105724e-02
1	2	-4.6619841e-02
1	3	-7.5197451e-02
1	4	-4.5701392e-02
1	5	3.6350036e-02
1	6	-7.7749630e-02
1	7	-4.7645658e-04
1	8	1.0113650e-01
1	9	1.3839475e-01
1	10	1.3877376e-01
1	11	-1.0838901e-01
1	12	8.8391561e-02
1	13	-1.0212024e-01
1	14	3.7779250e-02
1	15	5.5995765e-04
1	16	-1.0457160e-01
1	17	1.1747467e-01
1	18	9.7775636e-02
1	19	-4.9090170e-02
1	20	-2.8114438e-02
1	21	-1.0906122e-01
1	22	-1.5430469e-01
1	23	6.6678709e-02
1	24	5.3750411e-02
2	3	-2.5514221e-02
2	4	6.1756001e-02
2	5	9.9001399e-02
2	6	1.0520703e-01
2	7	1.2512803e-02
2	8	4.3864691e-02
2	9	-1.7797671e-01
2	10	-1.2916482e-02
2	11	-1.5641832e-02
2	12	1.0241054e-03
2	13	-6.5685158e-03
2	14	8.9716889e-02
2	15	-1.2383048e-01
2	16	2.9563893e-03
2	17	-6.3126573e-02
2	18	7.9777393e-02
2	19	6.0003023e-02
2	20	1.2642596e-01
2	21	-8.6371517e-02
2	22	-2.0565978e-01
2	23	7.7698178e-02
2	24	1.2139487e-02
3	4	2.5940932e-02
3	5	-1.9378506e-01
3	6	8.0945675e-02
3	7	9.4003891e-02
3	8	4.2226408e-02
3	9	-1.9440134e-04
3	10	-1.5808584e-01
3	11	2.6579080e-02
3	12	-3.2703231e-02
3	13	1.4821597e-01
3	14	-1.3286664e-01
3	15	4.2146222e-02
3	16	5.8860810e-02
3	17	-1.0381789e-01
3	18	-9.7622159e-02
3	19	-1.3656241e-02
3	20	-6.9044281e-02
3	21	3.9607003e-02
3	22	-9.8001078e-03
3	23	8.3664381e-02
3	24	-3.5943823e-02
4	5	-6.1901796e-02
4	6	7.8964714e-02
4	7	-2.0940018e-02
4	8	-1.8506664e-02
4	9	-7.2674609e-02
4	10	-2.7811317e-02
4	11	7.6402702e-02
4	12	-2.8473586e-02
4	13	9.6197164e-02
4	14	1.3630592e-02
4	15	-5.5495318e-02
4	16	-1.7384738e-02
4	17	-4.6880681e-02
4	18	7.9022865e-03
4	19	6.1097156e-02
4	20	2.9143824e-02
4	21	-2.4281751e-02
4	22	-6.1963608e-02
4	23	-1.4545400e-02
4	24	-2.9155049e-03
5	6	-1.5312193e-01
5	7	-1.1779639e-01
5	8	-1.1769184e-01
5	9	-5.2766986e-02
5	10	1.8829012e-01
5	11	-6.7313758e-02
5	12	3.5045920e-02
5	13	-3.0460412e-01
5	14	1.6499995e-01
5	15	-1.7905687e-02
5	16	-4.7975597e-03
5	17	1.3751600e-01
5	18	1.0144160e-01
5	19	9.6609811e-03
5	20	1.3866882e-01
5	21	3.2736456e-02
5	22	1.4623788e-01
5	23	-1.4129950e-01
5	24	3.3229062e-02
6	7	1.3715932e-02
6	8	-1.6275584e-02
6	9	-1.1168751e-01
6	10	-1.0089672e-01
6	11	1.2028330e-01
6	12	-3.9281100e-02
6	13	1.8674155e-01
6	14	-6.6921503e-02
6	15	-5.8406609e-02
6	16	-2.0093320e-02
6	17	-9.7490103e-02
6	18	-1.3751727e-02
6	19	1.0819655e-01
6	20	3.4873013e-02
6	21	-2.0415822e-02
6	22	-1.3146660e-01
6	23	2.6787136e-02
6	24	-6.0004423e-03
7	8	1.2704593e-01
7	9	7.0190329e-02
7	10	-1.2660631e-01
7	11	-1.0546157e-01
7	12	1.7775906e-02
7	13	3.0700380e-02
7	14	-1.2676753e-01
7	15	7.6462864e-02
7	16	7.3580807e-02
7	17	-6.2443592e-02
7	18	-7.8045929e-02
7	19	-9.8296181e-02
7	20	-9.1953859e-02
7	21	1.6148902e-02
7	22	-4.2728799e-02
7	23	1.6923003e-01
7	24	-2.5164229e-02
8	9	1.4923661e-01
8	10	-6.9627504e-03
8	11	-2.0748678e-01
8	12	4.3843533e-02
8	13	-2.6408355e-03
8	14	9.1573321e-02
8	15	-1.2498455e-02
8	16	3.6081551e-02
8	17	-2.9769679e-02
8	18	4.6846371e-03
8	19	-2.1562258e-01
8	20	-1.4632682e-01
8	21	-1.4289291e-01
8	22	-1.6555259e-01
8	23	2.1989622e-01
8	24	-1.5850857e-02
9	10	4.6185734e-02
9	11	-1.6038535e-01
9	12	5.8380341e-02
9	13	-7.6810664e-02
9	14	-7.8809584e-04
9	15	7.8711403e-02
9	16	1.2638438e-03
9	17	6.4861046e-02
9	18	-1.2874809e-02
9	19	-1.6929451e-01
9	20	-1.4181744e-01
9	21	-4.1731289e-02
9	22	1.1265427e-03
9	23	9.9839956e-02
9	24	2.4825894e-03
10	11	-4.0777402e-02
10	12	4.8800179e-02
10	13	-1.5734571e-01
10	14	2.0695006e-01
10	15	-7.3638659e-02
10	16	-1.0615815e-01
10	17	1.4240252e-01
10	18	1.4248797e-01
10	19	-6.6246178e-03
10	20	5.1869853e-02
10	21	-1.0201769e-01
10	22	-3.9077307e-02
10	23	-9.2641321e-02
10	24	5.1059901e-02
11	12	-6.3639852e-02
11	13	1.6681268e-01
11	14	-8.1831075e-02
11	15	-4.8545884e-02
11	16	-6.5870902e-02
11	17	-3.8605123e-02
11	18	-3.5680171e-03
11	19	2.2831421e-01
11	20	1.0792458e-01
11	21	6.2126394e-02
11	22	1.5934244e-02
11	23	-1.5962499e-01
11	24	9.3254457e-03
12	13	-6.5812363e-02
12	14	-1.4862695e-02
12	15	1.6780095e-02
12	16	-3.8664546e-02
12	17	5.3723079e-02
12	18	3.9081634e-02
12	19	-1.9491450e-02
12	20	-4.0647272e-03
12	21	-3.4229252e-02
12	22	-7.1062111e-02
12	23	4.7805491e-02
12	24	2.6146878e-02
13	14	-1.1128233e-01
13	15	-4.2578584e-02
13	16	-1.3930881e-02
13	17	-1.3852646e-01
13	18	-6.4905414e-02
13	19	9.8842418e-02
13	20	-3.0783044e-02
13	21	-1.1671545e-02
13	22	-1.1493420e-01
13	23	3.0314642e-02
13	24	-2.5205079e-02
14	15	-1.6517997e-01
14	16	-5.8380133e-03
14	17	4.5016207e-02
14	18	1.1918933e-01
14	19	-1.2909525e-01
14	20	4.0741564e-03
14	21	-1.6257785e-01
14	22	5.7789703e-03
14	23	-8.1008350e-02
14	24	-5.5800252e-03
15	16	5.3326933e-02
15	17	9.4153059e-03
15	18	-8.2830874e-02
15	19	-4.1659029e-02
15	20	-5.5395884e-02
15	21	1.0474856e-01
15	22	1.1537148e-01
15	23	3.8348103e-02
15	24	-1.2657559e-02
16	17	-7.6050913e-02
16	18	-1.0195853e-01
16	19	-1.1043783e-01
16	20	-6.1555710e-02
16	21	7.6188658e-02
16	22	1.5850726e-01
16	23	3.7774373e-02
16	24	-5.7224239e-02
17	18	7.8387401e-02
17	19	7.4003171e-03
17	20	3.1311648e-02
17	21	-2.3623121e-02
17	22	7.0534523e-04
17	23	-5.3191591e-02
17	24	4.3636407e-02
18	19	4.5352783e-02
18	20	6.9135029e-02
18	21	-1.0200165e-01
18	22	-1.3425579e-01
18	23	-2.9950092e-02
18	24	4.7636894e-02
19	20	1.6266980e-01
19	21	4.9909183e-02
19	22	-6.9634896e-02
19	23	-1.2864713e-01
19	24	4.3225592e-02
20	21	1.9092636e-02
20	22	-2.7849669e-02
20	23	-1.0498984e-01
20	24	3.4095499e-02
21	22	2.1656395e-01
21	23	-7.1419864e-02
21	24	-2.6037309e-02
22	23	-1.8224379e-01
22	24	-6.4469032e-02
23	24	-8.8369382e-03
