0	1	-2.9383338e-02
0	2	2.1417254e-02
0	3	2.2369619e-02
0	4	5.6458678e-04
0	5	3.6443481e-02
0	6	3.4133452e-02
0	7	2.1275205e-02
0	8	-2.7413323e-02
0	9	-2.4443081e-02
0	10	5.7533163e-02
0	11	-7.3763892e-02
0	12	1.4775589e-02
0	13	3.8132763e-02
0	14	5.2561346e-02
0	15	-1.5529604e-02
0	16	-7.8972097e-03
0	17	-9.6354749e-03
0	18	-2.0489046e-02
0	19	-2.2300899e-02
0	20	1.3176293e-01
0	21	-5.3647387e-02
0	22	2.7626629e-02
0	23	-2.0195106e-02
0	24	-4.9858898e-02
1	2	5.1504488e-03
1	3	1.4749546e-02
1	4	3.7469971e-02
1	5	3.6639553e-02
1	6	-1.0967868e-01
1	7	1.7231306e-02
1	8	1.1732125e-01
1	9	5.7992719e-02
1	10	5.2604788e-02
1	11	8.3664204e-02
1	12	-5.2721832e-02
1	13	-2.6444700e-04
1	14	-5.1582833e-02
1	15	4.9158245e-02
1	16	5.7862349e-02
1	17	2.6967317e-02
1	18	1.4464651e-01
1	19	3.5446183e-02
1	20	-6.8028734e-02
1	21	1.1232619e-01
1	22	-3.1762496e-02
1	23	2.0004121e-01
1	24	6.3613141e-02
2	3	-6.6793555e-02
2	4	-1.1788208e-02
2	5	7.6976434e-02
2	6	-3.7856157e-06
2	7	3.0148530e-02
2	8	2.6551803e-02
2	9	-4.6470568e-02
2	10	-3.4413399e-02
2	11	-7.2679812e-02
2	12	-1.8988515e-03
2	13	-7.5996896e-02
2	14	-6.2002990e-02
2	15	1.3889479e-02
2	16	3.6463795e-02
2	17	6.7372226e-03
2	18	-5.1887986e-03
2	19	-3.9062013e-02
2	20	3.4453277e-02
2	21	-4.2152842e-03
2	22	-6.4230953e-02
2	23	-7.8628458e-02
2	24	-2.7949135e-02
3	4	-7.5352264e-03
3	5	1.8062182e-02
3	6	-6.3803362e-03
3	7	4.1609343e-03
3	8	-2.3282920e-02
3	9	2.2118457e-02
3	10	1.5039806e-01
3	11	3.5057896e-02
3	12	8.4239660e-03
3	13	1.2031166e-01
3	14	1.4346999e-01
3	15	-2.6345750e-02
3	16	-1.4439050e-02
3	17	-1.8553342e-02
3	18	2.5347400e-02
3	19	5.2076844e-02
3	20	6.3647187e-02
3	21	1.4562511e-02
3	22	7.9845863e-02
3	23	1.3884898e-01
3	24	1.0649396e-02
4	5	-1.0598416e-01
4	6	-3.4202085e-02
4	7	1.3217148e-02
4	8	1.0012423e-02
4	9	5.3225553e-02
4	10	5.6189713e-02
4	11	-2.8949115e-02
4	12	-2.9635676e-02
4	13	6.9910050e-02
4	14	-2.5701953e-02
4	15	3.3216777e-03
4	16	-1.2538336e-02
4	17	1.3409645e-02
4	18	7.6291031e-02
4	19	-2.9765767e-02
4	20	7.9334401e-02
4	21	-1.6703881e-02
4	22	5.7133499e-02
4	23	1.2665905e-01
4	24	-6.1480343e-03
5	6	4.7343987e-02
5	7	-3.1476968e-02
5	8	1.3663831e-01
5	9	-5.2529672e-02
5	10	-1.1874364e-01
5	11	1.5071420e-01
5	12	3.0230084e-02
5	13	-1.4741442e-01
5	14	4.0162195e-02
5	15	9.2261349e-02
5	16	6.8364617e-02
5	17	9.7764591e-03
5	18	-6.5760198e-02
5	19	9.3349608e-02
5	20	-1.0629656e-01
5	21	4.0933534e-02
5	22	-1.7032750e-01
5	23	-1.8996213e-01
5	24	-4.9975018e-03
6	7	-3.8378755e-02
6	8	-5.5272250e-02
6	9	-3.3142593e-02
6	10	-8.6071900e-02
6	11	-5.4535378e-03
6	12	4.8430903e-02
6	13	-1.3039077e-02
6	14	5.7069150e-02
6	15	-5.1807319e-03
6	16	-4.7989572e-02
6	17	-1.3809529e-02
6	18	-1.3197828e-01
6	19	-2.4801557e-03
6	20	4.2566127e-02
6	21	-1.0633966e-01
6	22	1.8819219e-03
6	23	-2.0311246e-01
6	24	-6.0580675e-02
7	8	-2.4793324e-02
7	9	-2.7240379e-02
7	10	1.0872914e-01
7	11	-1.1900229e-01
7	12	-1.2332102e-02
7	13	3.0020901e-02
7	14	-4.1557274e-03
7	15	-3.4665194e-02
7	16	2.2262779e-02
7	17	-7.3554314e-03
7	18	4.7325490e-02
7	19	-4.3891636e-02
7	20	1.0316004e-01
7	21	1.3051781e-02
7	22	2.5938675e-02
7	23	8.2354853e-02
7	24	-1.3110078e-02
8	9	5.0107651e-02
8	10	-7.8556378e-02
8	11	1.5621887e-01
8	12	-3.3965011e-02
8	13	-7.4763927e-02
8	14	-6.8146215e-02
8	15	9.2166807e-02
8	16	5.3957909e-02
8	17	3.5733393e-02
8	18	7.7645748e-02
8	19	5.7713970e-02
8	20	-1.3394875e-01
8	21	8.2542931e-02
8	22	-9.6627021e-02
8	23	4.6048598e-02
8	24	4.8843733e-02
9	10	5.5036510e-03
9	11	9.7275912e-02
9	12	-2.6745654e-02
9	13	5.1903228e-02
9	14	-5.6514625e-03
9	15	3.3186206e-02
9	16	-1.2424820e-02
9	17	1.8462370e-02
9	18	6.7969704e-02
9	19	3.0723958e-02
9	20	-3.5093804e-02
9	21	1.8257358e-02
9	22	3.0874919e-02
9	23	1.2055326e-01
9	24	3.0464471e-02
10	11	-1.8985938e-01
10	12	-2.5614042e-02
10	13	2.2467064e-01
10	14	1.3413166e-01
10	15	-9.4567836e-02
10	16	7.1372186e-03
10	17	-2.7953122e-02
10	18	1.4093956e-01
10	19	-4.0267238e-02
10	20	2.8838601e-01
10	21	2.1405566e-02
10	22	1.7180345e-01
10	23	3.5325433e-01
10	24	-1.5239744e-02
11	12	-7.8485707e-03
11	13	-7.5089649e-02
11	14	-1.2842965e-03
11	15	1.1644916e-01
11	16	7.2077568e-03
11	17	3.2214550e-02
11	18	2.4066046e-03
11	19	1.5574977e-01
11	20	-3.2336629e-01
11	21	8.9567949e-02
11	22	-9.7209669e-02
11	23	-2.2178248e-02
11	24	9.6784511e-02
12	13	-8.3604437e-03
12	14	3.7042151e-02
12	15	-1.1607033e-02
12	16	-1.7178202e-02
12	17	-1.1507321e-02
12	18	-6.4947560e-02
12	19	3.3712184e-03
12	20	1.1062316e-02
12	21	-3.6343156e-02
12	22	-8.8093531e-04
12	23	-9.1348838e-02
12	24	-2.1978158e-02
13	14	1.2827250e-01
13	15	-5.7452149e-02
13	16	-4.9207742e-02
13	17	-1.6912409e-02
13	18	6.7232791e-02
13	19	-1.4907972e-02
13	20	2.1275053e-01
13	21	-4.8780608e-02
13	22	1.7114034e-01
13	23	2.2786456e-01
13	24	-2.5773045e-02
14	15	-4.1138535e-02
14	16	-4.0838463e-02
14	17	-3.0672419e-02
14	18	-4.5947718e-02
14	19	4.0327491e-02
14	20	1.2670329e-01
14	21	-5.1729141e-02
14	22	9.3954188e-02
14	23	3.7651698e-02
14	24	-3.2910016e-02
15	16	1.8980955e-02
15	17	2.3381030e-02
15	18	1.6020271e-02
15	19	3.8745850e-02
15	20	-9.2986279e-02
15	21	2.4013410e-02
15	22	-6.5757141e-02
15	23	-2.9087852e-02
15	24	1.9096768e-02
16	17	8.5458302e-03
16	18	4.5931859e-02
16	19	7.1540918e-03
16	20	-4.2915226e-02
16	21	6.3783234e-02
16	22	-5.3802993e-02
16	23	3.5229573e-02
16	24	2.4718364e-02
17	18	2.2224727e-02
17	19	5.3997762e-03
17	20	-2.8812995e-02
17	21	1.2525013e-02
17	22	-1.9156457e-02
17	23	1.1758806e-02
17	24	9.5621712e-03
18	19	-1.8884765e-03
18	20	2.6028226e-02
18	21	9.7062413e-02
18	22	3.1926290e-02
18	23	2.9415367e-01
18	24	5.2090349e-02
19	20	-1.2524439e-01
19	21	4.8866377e-02
19	22	-3.2838427e-02
19	23	8.8020127e-03
19	24	4.3536853e-02
20	21	-1.6236986e-01
20	22	1.8166458e-01
20	23	1.1961179e-01
20	24	-1.4299779e-01
21	22	-5.9271528e-02
21	23	1.3672186e-01
21	24	9.0242183e-02
22	23	1.5482812e-01
22	24	-2.9203713e-02
23	24	8.1663779e-02
