0	1	3368
0	2	2072
0	3	2344
0	4	-7104
0	5	-3024
0	6	5952
0	7	7104
0	8	-1736
0	9	-1528
0	10	3232
0	11	4520
0	12	-12752
0	13	-2824
0	14	-5680
0	15	-3096
0	16	-784
0	17	3704
0	18	4520
0	19	-984
0	20	920
0	21	4112
0	22	-3504
0	23	-2480
0	24	-4656
0	25	6424
0	26	-104
0	27	-11592
0	28	-376
0	29	920
0	30	7856
0	31	1192
0	32	-7104
0	33	-1056
1	2	-6496
1	3	3024
1	4	-3160
1	5	-3704
1	6	-3976
1	7	-1464
1	8	-1056
1	9	2416
1	10	-2072
1	11	576
1	12	1800
1	13	7104
1	14	-376
1	15	6832
1	16	-4728
1	17	-240
1	18	576
1	19	7584
1	20	240
1	21	4792
1	22	1800
1	23	1464
1	24	-712
1	25	2480
1	26	5200
1	27	1600
1	28	304
1	29	4864
1	30	2552
1	31	5136
1	32	-3160
1	33	8872
2	3	5408
2	4	3976
2	5	9144
2	6	9416
2	7	9896
2	8	-4384
2	9	-1600
2	10	-1736
2	11	-1392
2	12	-7240
2	13	-3296
2	14	-440
2	15	-3024
2	16	8536
2	17	-576
2	18	-1392
2	19	-6768
2	20	576
2	21	-5608
2	22	-2616
2	23	-9896
2	24	-3096
2	25	-7920
2	26	-6016
2	27	-5408
2	28	-1120
2	29	-4048
2	30	2888
2	31	304
2	32	-648
2	33	-5064
3	4	-376
3	5	4792
3	6	5064
3	7	5000
3	8	-13904
3	9	-1328
3	10	-6088
3	11	2960
3	12	-2888
3	13	1056
3	14	-712
3	15	1328
3	16	3640
3	17	-5472
3	18	2960
3	19	2752
3	20	-3776
3	21	3368
3	22	-2888
3	23	-5000
3	24	-2824
3	25	-3568
3	26	-1664
3	27	-512
3	28	-1392
3	29	848
3	30	3160
3	31	9824
3	32	-376
3	33	3912
4	5	-304
4	6	4048
4	7	4384
4	8	168
4	9	-3432
4	10	-3296
4	11	-2824
4	12	3024
4	13	-920
4	14	5472
4	15	-5816
4	16	1120
4	17	-3640
4	18	1800
4	19	-2888
4	20	3640
4	21	-3232
4	22	3024
4	23	240
4	24	2688
4	25	-920
4	26	1800
4	27	5000
4	28	1528
4	29	-5608
4	30	-3296
4	31	-5336
4	32	9488
4	33	-3776
5	6	3504
5	7	4928
5	8	-3912
5	9	648
5	10	784
5	11	-2280
5	12	-1056
5	13	-376
5	14	1392
5	15	3976
5	16	6288
5	17	1528
5	18	-2280
5	19	1192
5	20	-1528
5	21	-7312
5	22	-1056
5	23	-9552
5	24	-7104
5	25	-9624
5	26	-2280
5	27	-168
5	28	-2552
5	29	-1528
5	30	784
5	31	3368
5	32	-304
5	33	1392
6	7	9824
6	8	-3640
6	9	-8872
6	10	-8736
6	11	-2008
6	12	-10032
6	13	-104
6	14	-2960
6	15	-5000
6	16	11184
6	17	-2824
6	18	-2008
6	19	-3704
6	20	2824
6	21	-2416
6	22	-784
6	23	-5200
6	24	-2752
6	25	-104
6	26	-2008
6	27	-440
6	28	6968
6	29	-1800
6	30	5136
6	31	3096
6	32	-576
6	33	-2960
7	8	-4792
7	9	-5816
7	10	-1328
7	11	2824
7	12	-7648
7	13	-3704
7	14	-848
7	15	-8056
7	16	3504
7	17	-984
7	18	2824
7	19	-1736
7	20	5608
7	21	-1392
7	22	-3024
7	23	-9488
7	24	-7312
7	25	-3704
7	26	-1800
7	27	-5000
7	28	3096
7	29	-8264
7	30	7920
7	31	712
7	32	-240
7	33	-5472
8	9	3840
8	10	3704
8	11	-2208
8	12	1192
8	13	512
8	14	-1256
8	15	784
8	16	-1528
8	17	7856
8	18	-6832
8	19	-5952
8	20	6016
8	21	-1800
8	22	1192
8	23	4792
8	24	2344
8	25	512
8	26	2416
8	27	32
8	28	2688
8	29	1392
8	30	-920
8	31	-8128
8	32	168
8	33	-1256
9	10	6904
9	11	5472
9	12	2072
9	13	-1872
9	14	4520
9	15	7104
9	16	-9080
9	17	4656
9	18	848
9	19	-1936
9	20	-32
9	21	440
9	22	2072
9	23	5816
9	24	3640
9	25	-1872
9	26	5472
9	27	-3296
9	28	-4048
9	29	4592
9	30	-6968
9	31	240
9	32	1192
9	33	4520
10	11	712
10	12	1936
10	13	-2008
10	14	4384
10	15	-2280
10	16	-9216
10	17	4520
10	18	5336
10	19	-1800
10	20	104
10	21	304
10	22	-2688
10	23	1328
10	24	-848
10	25	2616
10	26	712
10	27	-7784
10	28	-4184
10	29	-4520
10	30	-2208
10	31	-4248
10	32	1328
10	33	-240
11	12	-440
11	13	-5744
11	14	-2888
11	15	-848
11	16	-7784
11	17	6224
11	18	5408
11	19	4928
11	20	3024
11	21	1192
11	22	-440
11	23	1800
11	24	-648
11	25	-1120
11	26	5408
11	27	-2960
11	28	1056
11	29	-1600
11	30	712
11	31	2752
11	32	1800
11	33	-2888
12	13	6904
12	14	512
12	15	2552
12	16	-4384
12	17	376
12	18	-440
12	19	6152
12	20	-376
12	21	-32
12	22	-1664
12	23	3024
12	24	5200
12	25	-2344
12	26	4184
12	27	7512
12	28	-168
12	29	-376
12	30	-7312
12	31	-648
12	32	7648
12	33	512
13	14	-4792
13	15	1872
13	16	4184
13	17	-304
13	18	-1120
13	19	2208
13	20	-4320
13	21	3912
13	22	-6968
13	23	-920
13	24	5880
13	25	1600
13	26	-1120
13	27	3568
13	28	3776
13	29	4928
13	30	2616
13	31	4656
13	32	-920
13	33	4456
14	15	104
14	16	-6832
14	17	-6696
14	18	1736
14	19	-648
14	20	2072
14	21	-2480
14	22	9760
14	23	5472
14	24	-1600
14	25	-168
14	26	1736
14	27	5336
14	28	2008
14	29	-7176
14	30	-4864
14	31	1800
14	32	5472
14	33	7312
15	16	-168
15	17	4592
15	18	-5472
15	19	6560
15	20	-4592
15	21	-5064
15	22	7176
15	23	3432
15	24	984
15	25	-2752
15	26	3776
15	27	3296
15	28	-5200
15	29	9280
15	30	-6904
15	31	4384
15	32	-1192
15	33	9352
16	17	-2344
16	18	-7784
16	19	-5000
16	20	-2280
16	21	-2752
16	22	-4384
16	23	-8128
16	24	-1328
16	25	-5064
16	26	-7784
16	27	984
16	28	1736
16	29	2344
16	30	4656
16	31	2072
16	32	-3504
16	33	-2208
17	18	1600
17	19	4112
17	20	-2416
17	21	-7240
17	22	376
17	23	984
17	24	3160
17	25	-304
17	26	1600
17	27	-3776
17	28	-2752
17	29	2208
17	30	-104
17	31	-2688
17	32	984
17	33	-2072
18	19	4928
18	20	-6224
18	21	1192
18	22	-440
18	23	1800
18	24	3976
18	25	8128
18	26	784
18	27	-2960
18	28	-3568
18	29	-1600
18	30	712
18	31	-1872
18	32	1800
18	33	-2888
19	20	-4112
19	21	-4728
19	22	6152
19	23	1736
19	24	-440
19	25	2208
19	26	4928
19	27	6496
19	28	32
19	29	512
19	30	-1800
19	31	5408
19	32	1736
19	33	3976
20	21	2616
20	22	-376
20	23	-984
20	24	-7784
20	25	-4320
20	26	7648
20	27	-848
20	28	7376
20	29	-6832
20	30	104
20	31	-1936
20	32	3640
20	33	-2552
21	22	-9280
21	23	1392
21	24	-1056
21	25	3912
21	26	1192
21	27	-3368
21	28	1464
21	29	2616
21	30	4928
21	31	2344
21	32	-3232
21	33	2144
22	23	7648
22	24	576
22	25	2280
22	26	4184
22	27	7512
22	28	-168
22	29	-376
22	30	-7312
22	31	-648
22	32	3024
22	33	5136
23	24	7312
23	25	8328
23	26	6424
23	27	5000
23	28	1528
23	29	3640
23	30	-7920
23	31	-712
23	32	4864
23	33	5472
24	25	5880
24	26	-648
24	27	2824
24	28	-920
24	29	6088
24	30	-5472
24	31	-2888
24	32	2688
24	33	-1600
25	26	3504
25	27	-1056
25	28	-848
25	29	4928
25	30	-2008
25	31	-4592
25	32	-920
25	33	-168
26	27	1664
26	28	1056
26	29	3024
26	30	-8536
26	31	-1872
26	32	6424
26	33	1736
27	28	6016
27	29	-848
27	30	-3160
27	31	4048
27	32	5000
27	33	5336
28	29	-6496
28	30	5064
28	31	7104
28	32	1528
28	33	2008
29	30	-4520
29	31	-1936
29	32	-5608
29	33	2072
30	31	5000
30	32	-7920
30	33	-240
31	32	-712
31	33	11048
32	33	848
