0	1	-3824
0	2	344
0	3	-5416
0	4	3496
0	5	2984
0	6	704
0	7	4664
0	8	9136
0	9	224
0	10	-1936
0	11	3856
0	12	-10456
0	13	-464
0	14	2624
0	15	-16
0	16	2024
0	17	-2536
0	18	2984
0	19	2384
0	20	-704
0	21	-4304
0	22	-5504
0	23	-5504
0	24	1064
0	25	-6104
0	26	3224
0	27	3224
0	28	-344
0	29	3584
1	2	-1096
1	3	344
1	4	-5864
1	5	-2056
1	6	2864
1	7	3224
1	8	-3824
1	9	-1216
1	10	-3376
1	11	-5504
1	12	-1096
1	13	-6224
1	14	-2416
1	15	-1456
1	16	-3016
1	17	-3976
1	18	5144
1	19	-6256
1	20	-6464
1	21	-6464
1	22	-4064
1	23	6736
1	24	-376
1	25	2536
1	26	-1816
1	27	1784
1	28	-2504
1	29	2144
2	3	-7664
2	4	-1216
2	5	-1664
2	6	616
2	7	3856
2	8	344
2	9	1096
2	10	-344
2	11	2024
2	12	4576
2	13	2744
2	14	-1304
2	15	-5864
2	16	-4304
2	17	3856
2	18	1936
2	19	-1064
2	20	-616
2	21	-616
2	22	584
2	23	7784
2	24	256
2	25	-6016
2	26	-9104
2	27	-9104
2	28	2624
2	29	8536
3	4	224
3	5	-6704
3	6	-4424
3	7	-4784
3	8	-5416
3	9	-344
3	10	1816
3	11	-3736
3	12	-464
3	13	-3016
3	14	-6344
3	15	3496
3	16	1456
3	17	-1184
3	18	-3104
3	19	-2504
3	20	8024
3	21	-2776
3	22	2024
3	23	-1576
3	24	2416
3	25	6224
3	26	-3344
3	27	7456
3	28	464
3	29	-104
4	5	1424
4	6	-856
4	7	3104
4	8	10696
4	9	-1336
4	10	7304
4	11	-1784
4	12	5984
4	13	4696
4	14	1064
4	15	2024
4	16	4064
4	17	-4096
4	18	-5776
4	19	4424
4	20	856
4	21	856
4	22	-3944
4	23	-7544
4	24	-7696
4	25	-944
4	26	1664
4	27	-1936
4	28	-5984
4	29	5624
5	6	1576
5	7	1216
5	8	2984
5	9	2056
5	10	-2984
5	11	1064
5	12	-1664
5	13	-5416
5	14	3256
5	15	-4904
5	16	256
5	17	4816
5	18	2896
5	19	-3704
5	20	-1576
5	21	5624
5	22	-376
5	23	6824
5	24	-9584
5	25	3824
5	26	6256
5	27	-944
5	28	-5536
5	29	-1304
6	7	7096
6	8	704
6	9	7936
6	10	2896
6	11	2384
6	12	-2984
6	13	-496
6	14	1936
6	15	-9824
6	16	-1064
6	17	7096
6	18	-5624
6	19	2176
6	20	3344
6	21	6944
6	22	944
6	23	4544
6	24	-104
6	25	-5656
6	26	-2264
6	27	-2264
6	28	6584
6	29	-2624
7	8	4664
7	9	-3224
7	10	6136
7	11	-856
7	12	-6944
7	13	-136
7	14	1576
7	15	-6584
7	16	-5024
7	17	-464
7	18	4816
7	19	5416
7	20	7304
7	21	3704
7	22	1304
7	23	-2296
7	24	-464
7	25	-5296
7	26	976
7	27	-6224
7	28	-3856
7	29	-2984
8	9	-6976
8	10	8864
8	11	-6944
8	12	-3256
8	13	3136
8	14	6224
8	15	-16
8	16	5624
8	17	-2536
8	18	-616
8	19	-1216
8	20	2896
8	21	-704
8	22	-1904
8	23	-5504
8	24	1064
8	25	-9704
8	26	-376
8	27	-3976
8	28	-3944
8	29	7184
9	10	3376
9	11	1904
9	12	1096
9	13	-976
9	14	-1184
9	15	-5744
9	16	-584
9	17	376
9	18	2056
9	19	2656
9	20	-736
9	21	-736
9	22	4064
9	23	7664
9	24	-6824
9	25	1064
9	26	-5384
9	27	-5384
9	28	6104
9	29	-5744
10	11	-7456
10	12	-3944
10	13	7664
10	14	976
10	15	16
10	16	5176
10	17	-1064
10	18	616
10	19	1216
10	20	11504
10	21	704
10	22	9104
10	23	-5296
10	24	-4664
10	25	-1096
10	26	-3224
10	27	-6824
10	28	344
10	29	3616
11	12	-1576
11	13	-2144
11	14	-2896
11	15	-1936
11	16	104
11	17	-856
11	18	1064
11	19	7664
11	20	-5984
11	21	-2384
11	22	16
11	23	16
11	24	-856
11	25	3016
11	26	4904
11	27	4904
11	28	5176
11	29	1664
12	13	2744
12	14	2296
12	15	1336
12	16	-704
12	17	256
12	18	-5264
12	19	-4664
12	20	-7816
12	21	-616
12	22	584
12	23	4184
12	24	-3344
12	25	1184
12	26	-5504
12	27	-1904
12	28	2624
12	29	-2264
13	14	5024
13	15	-1216
13	16	824
13	17	3464
13	18	-1816
13	19	1184
13	20	496
13	21	-3104
13	22	2896
13	23	-7904
13	24	-136
13	25	2296
13	26	2024
13	27	-1576
13	28	856
13	29	2384
14	15	6256
14	16	616
14	17	5176
14	18	-3944
14	19	-10544
14	20	-1936
14	21	1664
14	22	-736
14	23	2864
14	24	5176
14	25	-3736
14	26	-4184
14	27	-4184
14	28	4904
14	29	-4544
15	16	3256
15	17	-2984
15	18	-4904
15	19	-4304
15	20	-976
15	21	2624
15	22	-3376
15	23	-3376
15	24	616
15	25	824
15	26	2056
15	27	5656
15	28	2264
15	29	-1904
16	17	-1424
16	18	-3344
16	19	-2744
16	20	1064
16	21	-6136
16	22	2264
16	23	2264
16	24	-5024
16	25	2864
16	26	16
16	27	3616
16	28	-2896
16	29	-344
17	18	-9584
17	19	-5384
17	20	7304
17	21	7304
17	22	4904
17	23	4904
17	24	3136
17	25	1904
17	26	-2624
17	27	976
17	28	3344
17	29	-2984
18	19	-104
18	20	-1576
18	21	-8776
18	22	3224
18	23	-376
18	24	-2384
18	25	224
18	26	2656
18	27	-4544
18	28	-1936
18	29	-1304
19	20	1424
19	21	5024
19	22	2624
19	23	-8176
19	24	-1784
19	25	-3976
19	26	6856
19	27	-344
19	28	-2536
19	29	-704
20	21	7456
20	22	6256
20	23	-4544
20	24	3704
20	25	-5144
20	26	-4936
20	27	-4936
20	28	616
20	29	-976
21	22	-944
21	23	-944
21	24	104
21	25	-5144
21	26	2264
21	27	-4936
21	28	616
21	29	-4576
22	23	1456
22	24	1304
22	25	856
22	26	-136
22	27	-136
22	28	6616
22	29	-6976
23	24	-5896
23	25	856
23	26	-7336
23	27	-136
23	28	3016
23	29	-3376
24	25	-8896
24	26	-6224
24	27	-2624
24	28	6944
24	29	616
25	26	7664
25	27	7664
25	28	-8384
25	29	-2776
26	27	9616
26	28	-5296
26	29	-5144
27	28	1904
27	29	-1544
28	29	-1336
