0	1	6876
0	2	-684
0	3	-4284
0	4	-1764
0	5	1356
0	6	2124
0	7	1644
0	8	-756
0	9	1956
0	10	564
0	11	-9516
0	12	-156
0	13	-444
0	14	11196
0	15	-756
0	16	-6564
0	17	1764
0	18	-444
0	19	-564
0	20	4236
0	21	-6204
0	22	876
0	23	1476
0	24	11844
0	25	2004
0	26	-6444
0	27	-7404
0	28	3324
0	29	-1644
1	2	-3564
1	3	-3564
1	4	-1044
1	5	-8724
1	6	-2196
1	7	924
1	8	-5076
1	9	-4524
1	10	7044
1	11	-3036
1	12	-4476
1	13	276
1	14	4716
1	15	-1476
1	16	1356
1	17	4644
1	18	276
1	19	156
1	20	-2244
1	21	-1884
1	22	-2004
1	23	2196
1	24	3924
1	25	1284
1	26	-2124
1	27	-3084
1	28	-996
1	29	-4524
2	3	3276
2	4	5796
2	5	1716
2	6	5364
2	7	4884
2	8	9684
2	9	2316
2	10	3804
2	11	-2676
2	12	6684
2	13	3516
2	14	4356
2	15	2484
2	16	-2604
2	17	-2196
2	18	-84
2	19	-204
2	20	-2604
2	21	-2244
2	22	4836
2	23	-1764
2	24	684
2	25	5244
2	26	-2484
2	27	156
2	28	-636
2	29	5916
3	4	-1404
3	5	1716
3	6	1764
3	7	1284
3	8	2484
3	9	-1284
3	10	204
3	11	924
3	12	13884
3	13	3516
3	14	-2844
3	15	2484
3	16	996
3	17	-2196
3	18	-84
3	19	-3804
3	20	8196
3	21	-5844
3	22	-2364
3	23	-1764
3	24	4284
3	25	-5556
3	26	1116
3	27	156
3	28	2964
3	29	9516
4	5	636
4	6	-4356
4	7	2364
4	8	-36
4	9	-2364
4	10	-2316
4	11	2004
4	12	-3036
4	13	-1164
4	14	-3924
4	15	-36
4	16	-10884
4	17	6084
4	18	2436
4	19	-4884
4	20	-84
4	21	276
4	22	3756
4	23	-2844
4	24	5364
4	25	2724
4	26	7236
4	27	2676
4	28	4044
4	29	1236
5	6	-276
5	7	-756
5	8	4044
5	9	756
5	10	-1836
5	11	2484
5	12	4644
5	13	1956
5	14	-804
5	15	4044
5	16	-4164
5	17	-636
5	18	-5244
5	19	1836
5	20	-564
5	21	-3804
5	22	-3924
5	23	276
5	24	2244
5	25	-3996
5	26	3156
5	27	-5004
5	28	-2676
5	29	7956
6	7	-2724
6	8	-324
6	9	-876
6	10	5556
6	11	-2364
6	12	2676
6	13	1524
6	14	7884
6	15	3276
6	16	-3156
6	17	-2844
6	18	1524
6	19	1644
6	20	-3156
6	21	84
6	22	204
6	23	6804
6	24	-2124
6	25	-3084
6	26	324
6	27	-2316
6	28	-4404
6	29	2724
7	8	156
7	9	9444
7	10	2436
7	11	-9084
7	12	3156
7	13	1044
7	14	3804
7	15	-7044
7	16	-3636
7	17	4836
7	18	8244
7	19	-9636
7	20	-3636
7	21	3204
7	22	3324
7	23	-876
7	24	1956
7	25	4596
7	26	-7356
7	27	4404
7	28	3276
7	29	2244
8	9	-156
8	10	-2364
8	11	-3084
8	12	1956
8	13	-1356
8	14	1404
8	15	6156
8	16	4764
8	17	-7164
8	18	-1356
8	19	2364
8	20	-6036
8	21	-2796
8	22	8124
8	23	-6876
8	24	-2844
8	25	3396
8	26	-2556
8	27	2004
8	28	-1524
8	29	7044
9	10	4764
9	11	-8916
9	12	4044
9	13	2556
9	14	3396
9	15	-7356
9	16	-3564
9	17	5964
9	18	9756
9	19	-8364
9	20	36
9	21	-3204
9	22	7476
9	23	876
9	24	5244
9	25	2604
9	26	-7044
9	27	-804
9	28	7524
9	29	4956
10	11	-804
10	12	4236
10	13	10764
10	14	6324
10	15	1236
10	16	-1116
10	17	-1284
10	18	7164
10	19	84
10	20	-4716
10	21	2124
10	22	-1356
10	23	5244
10	24	3036
10	25	2076
10	26	-1236
10	27	-276
10	28	756
10	29	1164
11	12	-84
11	13	684
11	14	-3756
11	15	-3084
11	16	3204
11	17	-9204
11	18	-10116
11	19	11604
11	20	-3996
11	21	2844
11	22	-4236
11	23	2364
11	24	-1284
11	25	-9444
11	26	10284
11	27	-3156
11	28	-3564
11	29	-5316
12	13	6444
12	14	2004
12	15	-1644
12	16	-1836
12	17	-4164
12	18	-756
12	19	-636
12	20	8964
12	21	-5796
12	22	-2076
12	23	924
12	24	7356
12	25	-4404
12	26	-1956
12	27	-4596
12	28	1476
12	29	11244
13	14	8196
13	15	2244
13	16	-2364
13	17	1164
13	18	3756
13	19	36
13	20	-2364
13	21	-5604
13	22	-2124
13	23	5676
13	24	4044
13	25	1404
13	26	4956
13	27	-6804
13	28	2724
13	29	-1044
14	15	1404
14	16	-5124
14	17	324
14	18	-2604
14	19	4476
14	20	-5124
14	21	-8364
14	22	5916
14	23	6516
14	24	6804
14	25	4164
14	26	-1404
14	27	-5964
14	28	-1716
14	29	-3804
15	16	-2436
15	17	-3564
15	18	-4956
15	19	5964
15	20	1164
15	21	-2796
15	22	924
15	23	3924
15	24	-2844
15	25	6996
15	26	1044
15	27	2004
15	28	-8724
15	29	3444
16	17	-7116
16	18	-2364
16	19	1116
16	20	-1284
16	21	2676
16	22	-4644
16	23	-4044
16	24	-15036
16	25	324
16	26	-1164
16	27	-2124
16	28	1644
16	29	-3564
17	18	4764
17	19	-9516
17	20	84
17	21	-3876
17	22	3444
17	23	-756
17	24	1836
17	25	876
17	26	3564
17	27	924
17	28	6756
17	29	-1236
18	19	-14364
18	20	-2364
18	21	5196
18	22	1476
18	23	2076
18	24	444
18	25	5004
18	26	-2244
18	27	396
18	28	9924
18	29	2556
19	20	-2484
19	21	1476
19	22	-2244
19	23	1956
19	24	564
19	25	-2076
19	26	1236
19	27	276
19	28	-11556
19	29	-4764
20	21	-4524
20	22	-4644
20	23	-4044
20	24	6564
20	25	324
20	26	-4764
20	27	-2124
20	28	1644
20	29	3636
21	22	-4284
21	23	-3684
21	24	-8196
21	25	-36
21	26	-804
21	27	9036
21	28	-2316
21	29	-6804
22	23	-3804
22	24	-876
22	25	3684
22	26	-924
22	27	1716
22	28	5004
22	29	276
23	24	2124
23	25	-516
23	26	-324
23	27	-8484
23	28	-2796
23	29	876
24	25	-2004
24	26	-756
24	27	-3396
24	28	3876
24	29	5244
25	26	-3396
25	27	4764
25	28	-684
25	29	-996
26	27	-2004
26	28	5124
26	29	-3444
27	28	-4716
27	29	-804
28	29	324
