0	1	7572
0	2	-252
0	3	-8412
0	4	-8148
0	5	-7788
0	6	-1428
0	7	-4668
0	8	-8172
0	9	468
0	10	6732
0	11	6468
0	12	-1452
0	13	-3708
0	14	3588
0	15	-8508
0	16	8148
0	17	-7452
0	18	-2988
0	19	948
0	20	-1332
0	21	-6492
0	22	-372
0	23	228
0	24	2148
0	25	-7308
0	26	2292
0	27	-6588
0	28	3852
0	29	3108
1	2	3228
1	3	2268
1	4	-8028
1	5	-4068
1	6	-8508
1	7	-8148
1	8	2508
1	9	348
1	10	-348
1	11	6348
1	12	-1572
1	13	3612
1	14	-132
1	15	-4788
1	16	828
1	17	-3972
1	18	4332
1	19	4428
1	20	5748
1	21	-3012
1	22	6708
1	23	108
1	24	-8772
1	25	-3588
1	26	2412
1	27	732
1	28	7572
1	29	-4212
2	3	-5988
2	4	4548
2	5	588
2	6	-2172
2	7	1068
2	8	-9828
2	9	-4068
2	10	7668
2	11	4332
2	12	5052
2	13	108
2	14	-7188
2	15	-5892
2	16	-4548
2	17	7452
2	18	2988
2	19	-948
2	20	-5868
2	21	2892
2	22	-3228
2	23	6972
2	24	1452
2	25	-7092
2	26	1308
2	27	-612
2	28	-252
2	29	-3108
3	4	-12
3	5	-372
3	6	4068
3	7	3708
3	8	16332
3	9	4092
3	10	-4092
3	11	-1908
3	12	-4788
3	13	-4452
3	14	972
3	15	348
3	16	-10788
3	17	-2388
3	18	2028
3	19	-3588
3	20	2292
3	21	252
3	22	4932
3	23	732
3	24	-8388
3	25	6348
3	26	3948
3	27	2028
3	28	-1212
3	29	-5748
4	5	1812
4	6	4572
4	7	1332
4	8	3828
4	9	1668
4	10	1932
4	11	-6732
4	12	6948
4	13	-1308
4	14	-6012
4	15	1092
4	16	-5052
4	17	11748
4	18	-4188
4	19	2148
4	20	-3732
4	21	1908
4	22	-2772
4	23	1428
4	24	3348
4	25	5892
4	26	-2508
4	27	-588
4	28	-948
4	29	708
5	6	-2268
5	7	5292
5	8	-132
5	9	4908
5	10	-4908
5	11	108
5	12	2988
5	13	2652
5	14	-2772
5	15	5052
5	16	-1812
5	17	7788
5	18	3372
5	19	1788
5	20	6708
5	21	1548
5	22	4068
5	23	4668
5	24	-4212
5	25	6252
5	26	1452
5	27	3372
5	28	3012
5	29	7548
6	7	852
6	8	708
6	9	2148
6	10	-2148
6	11	948
6	12	228
6	13	-1788
6	14	8868
6	15	-6588
6	16	-4572
6	17	-2172
6	18	-1068
6	19	-4572
6	20	-3252
6	21	-1212
6	22	-5892
6	23	5508
6	24	3828
6	25	1812
6	26	4212
6	27	-8268
6	28	-5028
6	29	-6012
7	8	348
7	9	5388
7	10	-1788
7	11	-3012
7	12	3468
7	13	-5028
7	14	-5892
7	15	972
7	16	-8532
7	17	-2532
7	18	-7908
7	19	-4932
7	20	-12
7	21	-5172
7	22	948
7	23	8748
7	24	7068
7	25	2172
7	26	972
7	27	-708
7	28	-1068
7	29	4428
8	9	3852
8	10	-3852
8	11	-2148
8	12	-1428
8	13	-612
8	14	-2868
8	15	4188
8	16	-7428
8	17	972
8	18	-1332
8	19	-228
8	20	2052
8	21	3612
8	22	4692
8	23	-3108
8	24	-8628
8	25	6588
8	26	588
8	27	2268
8	28	2628
8	29	-5988
9	10	-2412
9	11	-3588
9	12	7932
9	13	828
9	14	2892
9	15	2028
9	16	-5268
9	17	-468
9	18	108
9	19	-5268
9	20	7812
9	21	2172
9	22	6852
9	23	-4548
9	24	-2868
9	25	8028
9	26	-1572
9	27	3708
9	28	7668
9	29	3372
10	11	-12
10	12	2868
10	13	-4428
10	14	-2892
10	15	-2028
10	16	5268
10	17	468
10	18	-3708
10	19	1668
10	20	-11412
10	21	1428
10	22	348
10	23	4548
10	24	2868
10	25	-4428
10	26	-2028
10	27	-3708
10	28	3132
10	29	228
11	12	-1668
11	13	-372
11	14	-6708
11	15	828
11	16	-468
11	17	-6468
11	18	-1092
11	19	-468
11	20	-1788
11	21	-228
11	22	852
11	23	252
11	24	-5268
11	25	-7572
11	26	828
11	27	2508
11	28	-732
11	29	972
12	13	9708
12	14	-5988
12	15	3708
12	16	252
12	17	8652
12	18	-1812
12	19	-3348
12	20	2532
12	21	492
12	22	-5628
12	23	972
12	24	6252
12	25	-1092
12	26	108
12	27	1788
12	28	2148
12	29	-1908
13	14	348
13	15	1932
13	16	4908
13	17	7308
13	18	7452
13	19	4908
13	20	2628
13	21	4668
13	22	-3612
13	23	-3012
13	24	2508
13	25	-468
13	26	-1668
13	27	3852
13	28	-108
13	29	-3732
14	15	-5652
14	16	2412
14	17	-7188
14	18	6828
14	19	2412
14	20	4692
14	21	-4548
14	22	-3468
14	23	-468
14	24	1212
14	25	3948
14	26	1548
14	27	-3972
14	28	-12
14	29	252
15	16	2508
15	17	1308
15	18	-4548
15	19	-4692
15	20	3828
15	21	5868
15	22	1188
15	23	-5412
15	24	108
15	25	1932
15	26	-2868
15	27	13452
15	28	-1308
15	29	8268
16	17	-948
16	18	588
16	19	5052
16	20	-7068
16	21	1692
16	22	2772
16	23	-1428
16	24	252
16	25	-2292
16	26	-1092
16	27	588
16	28	948
16	29	2892
17	18	6588
17	19	-948
17	20	-2268
17	21	10092
17	22	-3228
17	23	3372
17	24	1452
17	25	3708
17	26	1308
17	27	-612
17	28	3348
17	29	-3108
18	19	588
18	20	1908
18	21	3948
18	22	2868
18	23	-132
18	24	-5412
18	25	3852
18	26	-948
18	27	972
18	28	612
18	29	-4452
19	20	132
19	21	-5508
19	22	-828
19	23	-1428
19	24	-3348
19	25	1308
19	26	-1092
19	27	-3012
19	28	4548
19	29	2892
20	21	-6828
20	22	-2148
20	23	-2748
20	24	-1068
20	25	2628
20	26	3828
20	27	5508
20	28	2268
20	29	5172
21	22	3012
21	23	-4788
21	24	-6708
21	25	1068
21	26	-1332
21	27	7548
21	28	708
21	29	-7668
22	23	-3708
22	24	-9228
22	25	7188
22	26	-6012
22	27	2868
22	28	6828
22	29	612
23	24	4572
23	25	-3012
23	26	8988
23	27	-7332
23	28	228
23	29	12
24	25	-4692
24	26	108
24	27	-5412
24	28	-1452
24	29	1692
25	26	-12468
25	27	3852
25	28	-108
25	29	3468
26	27	-4548
26	28	2292
26	29	-2532
27	28	-6588
27	29	6348
28	29	-492
