0	1	-2208
0	2	-3312
0	3	3912
0	4	5928
0	5	-1272
0	6	-3072
0	7	-2448
0	8	4968
0	9	2232
0	10	7368
0	11	-768
0	12	-2472
0	13	7392
0	14	-3192
0	15	6792
0	16	2568
0	17	-1248
0	18	6528
0	19	-648
0	20	4488
0	21	-2712
0	22	-3168
0	23	1392
0	24	-1032
0	25	8448
0	26	-3528
0	27	3408
0	28	-2808
0	29	-672
1	2	-1632
1	3	-4968
1	4	-3192
1	5	408
1	6	-1392
1	7	-528
1	8	3048
1	9	-6648
1	10	1848
1	11	-2448
1	12	2808
1	13	2112
1	14	-1512
1	15	1512
1	16	-6552
1	17	672
1	18	1008
1	19	-2328
1	20	-4632
1	21	-1032
1	22	-4848
1	23	-3888
1	24	7848
1	25	-672
1	26	1992
1	27	1488
1	28	-888
1	29	1008
2	3	6648
2	4	5112
2	5	-2088
2	6	3312
2	7	-4992
2	8	-1128
2	9	-2472
2	10	-3528
2	11	528
2	12	-888
2	13	-432
2	14	-168
2	15	3768
2	16	-2328
2	17	-2592
2	18	-6288
2	19	7608
2	20	6552
2	21	6552
2	22	2928
2	23	1968
2	24	-2328
2	25	-8208
2	26	3288
2	27	432
2	28	-1032
2	29	-6288
3	4	5088
3	5	5088
3	6	-312
3	7	-12408
3	8	528
3	9	-528
3	10	2928
3	11	72
3	12	-6912
3	13	1032
3	14	-432
3	15	4032
3	16	5328
3	17	-408
3	18	2088
3	19	3792
3	20	48
3	21	3648
3	22	1272
3	23	2232
3	24	1728
3	25	-6792
3	26	4512
3	27	9768
3	28	1632
3	29	-5112
4	5	-4128
4	6	-2328
4	7	-2952
4	8	4032
4	9	-432
4	10	1632
4	11	6168
4	12	4272
4	13	12408
4	14	1392
4	15	2208
4	16	-768
4	17	-552
4	18	-4728
4	19	2448
4	20	912
4	21	-9888
4	22	1368
4	23	408
4	24	-7968
4	25	552
4	26	-9072
4	27	1992
4	28	-9792
4	29	-1128
5	6	1272
5	7	648
5	8	432
5	9	6768
5	10	-5568
5	11	-4632
5	12	-2928
5	13	-1992
5	14	1392
5	15	-4992
5	16	2832
5	17	-552
5	18	2472
5	19	6048
5	20	912
5	21	4512
5	22	-5832
5	23	4008
5	24	-768
5	25	-3048
5	26	1728
5	27	-5208
5	28	1008
5	29	-4728
6	7	-4752
6	8	-4968
6	9	1368
6	10	-168
6	11	-2832
6	12	6072
6	13	-3792
6	14	-7608
6	15	408
6	16	-2568
6	17	1248
6	18	-6528
6	19	11448
6	20	-888
6	21	2712
6	22	-4032
6	23	2208
6	24	1032
6	25	-1248
6	26	3528
6	27	-7008
6	28	-792
6	29	-2928
7	8	-3912
7	9	312
7	10	-5112
7	11	4512
7	12	3048
7	13	1872
7	14	2328
7	15	-9528
7	16	888
7	17	-3168
7	18	4848
7	19	-6168
7	20	-792
7	21	-4392
7	22	-1488
7	23	-528
7	24	-2712
7	25	6768
7	26	-5448
7	27	-5472
7	28	-4728
7	29	1248
8	9	-1392
8	10	-4608
8	11	8808
8	12	1632
8	13	4248
8	14	2352
8	15	1248
8	16	192
8	17	-1512
8	18	-168
8	19	5088
8	20	-1728
8	21	-5328
8	22	408
8	23	-4152
8	24	192
8	25	1512
8	26	768
8	27	-648
8	28	48
8	29	3432
9	10	-2592
9	11	-5208
9	12	-1632
9	13	-4248
9	14	4848
9	15	-4848
9	16	7008
9	17	1512
9	18	168
9	19	5712
9	20	1728
9	21	1728
9	22	-4008
9	23	4152
9	24	-192
9	25	-1512
9	26	-4368
9	27	-2952
9	28	-48
9	29	-3432
10	11	-10392
10	12	-4368
10	13	-552
10	14	-10848
10	15	3648
10	16	1392
10	17	4488
10	18	8232
10	19	-3312
10	20	-4128
10	21	-4128
10	22	-792
10	23	1848
10	24	-2208
10	25	-888
10	26	6768
10	27	7752
10	28	-1152
10	29	4632
11	12	8568
11	13	7152
11	14	4248
11	15	-648
11	16	-792
11	17	-1488
11	18	-4032
11	19	-888
11	20	1128
11	21	-2472
11	22	3792
11	23	-6048
11	24	2808
11	25	1488
11	26	-3768
11	27	3648
11	28	-3048
11	29	-432
12	13	7608
12	14	-1008
12	15	-2592
12	16	432
12	17	1848
12	18	-10728
12	19	1248
12	20	2112
12	21	-5088
12	22	-3432
12	23	2808
12	24	-3168
12	25	1752
12	26	-3072
12	27	-4008
12	28	-3792
12	29	72
13	14	3288
13	15	3912
13	16	1848
13	17	3072
13	18	-1392
13	19	-3528
13	20	-3432
13	21	-10632
13	22	-9648
13	23	-5088
13	24	-1752
13	25	7728
13	26	-10008
13	27	-4512
13	28	-12888
13	29	-4992
14	15	-3312
14	16	8352
14	17	1128
14	18	792
14	19	-3072
14	20	-4368
14	21	-4368
14	22	-4152
14	23	2088
14	24	1152
14	25	-1128
14	26	-3792
14	27	-3288
14	28	2688
14	29	-2808
15	16	-4752
15	17	-8328
15	18	2808
15	19	-528
15	20	4368
15	21	768
15	22	552
15	23	-2088
15	24	2448
15	25	4728
15	26	3792
15	27	3288
15	28	912
15	29	2808
16	17	3288
16	18	2232
16	19	-912
16	20	-2928
16	21	-2928
16	22	-1992
16	23	11448
16	24	2592
16	25	-3288
16	26	1968
16	27	1752
16	28	1248
16	29	-4968
17	18	-3552
17	19	-1368
17	20	-1992
17	21	1608
17	22	-7488
17	23	-2928
17	24	-312
17	25	-5232
17	26	-648
17	27	528
17	28	-3528
17	29	-3552
18	19	-552
18	20	-6888
18	21	-3288
18	22	-1632
18	23	-2592
18	24	2232
18	25	3552
18	26	5928
18	27	4992
18	28	1608
18	29	5472
19	20	1008
19	21	1008
19	22	312
19	23	1272
19	24	-912
19	25	-5832
19	26	3552
19	27	-3672
19	28	-2928
19	29	-552
20	21	9552
20	22	7128
20	23	6168
20	24	-6528
20	25	-1608
20	26	-3312
20	27	3432
20	28	3168
20	29	312
21	22	3528
21	23	-1032
21	24	4272
21	25	-8808
21	26	3888
21	27	3432
21	28	10368
21	29	-3288
22	23	2352
22	24	-1992
22	25	-3312
22	26	1032
22	27	9648
22	28	5352
22	29	5568
23	24	-2952
23	25	-672
23	26	1992
23	27	-2112
23	28	2712
23	29	-2592
24	25	312
24	26	1968
24	27	1752
24	28	-2352
24	29	-8568
25	26	-6552
25	27	-7728
25	28	-7272
25	29	-48
26	27	6408
26	28	8592
26	29	5928
27	28	5688
27	29	4992
28	29	8808
