0	1	2868
0	2	-1548
0	3	492
0	4	-1068
0	5	-3540
0	6	2100
0	7	-1644
0	8	-1140
0	9	-1548
0	10	-12
0	11	2772
0	12	2292
0	13	-876
0	14	-3948
0	15	-4812
0	16	1356
0	17	-2028
0	18	-684
0	19	-1932
0	20	492
0	21	1452
0	22	2796
0	23	-3636
1	2	-4716
1	3	-948
1	4	2676
1	5	-2676
1	6	1236
1	7	-2508
1	8	-2580
1	9	-108
1	10	-876
1	11	-396
1	12	1428
1	13	564
1	14	-4812
1	15	-3372
1	16	2220
1	17	-588
1	18	756
1	19	-492
1	20	-948
1	21	4620
1	22	1356
1	23	-468
2	3	1164
2	4	-4044
2	5	4044
2	6	-876
2	7	4596
2	8	4140
2	9	-2220
2	10	3924
2	11	-204
2	12	1620
2	13	-1548
2	14	6900
2	15	-876
2	16	2028
2	17	1908
2	18	-1356
2	19	2004
2	20	3468
2	21	-2484
2	22	1164
2	23	-660
3	4	684
3	5	-684
3	6	-4788
3	7	-1044
3	8	-780
3	9	1164
3	10	1932
3	11	-852
3	12	-2676
3	13	-1812
3	14	3564
3	15	-180
3	16	-972
3	17	1644
3	18	300
3	19	1548
3	20	-2412
3	21	-1068
3	22	-4716
3	23	1716
4	5	-1044
4	6	4212
4	7	-4140
4	8	-3252
4	9	-1740
4	10	-2508
4	11	-2028
4	12	-204
4	13	3540
4	14	-1836
4	15	1908
4	16	1548
4	17	-2220
4	18	-876
4	19	180
4	20	684
4	21	1644
4	22	-1620
4	23	3468
5	6	396
5	7	-468
5	8	948
5	9	-2868
5	10	2508
5	11	-276
5	12	2508
5	13	-1236
5	14	1836
5	15	2700
5	16	-1548
5	17	2220
5	18	-3732
5	19	4428
5	20	-684
5	21	-1644
5	22	-684
5	23	-1164
6	7	-972
6	8	492
6	9	-3180
6	10	-1644
6	11	1140
6	12	660
6	13	4404
6	14	-3276
6	15	-1836
6	16	684
6	17	-1356
6	18	-4620
6	19	-1260
6	20	4428
6	21	780
6	22	4428
6	23	-2004
7	8	4236
7	9	-12
7	10	-780
7	11	-300
7	12	-780
7	13	660
7	14	2196
7	15	-3276
7	16	2124
7	17	1812
7	18	-1452
7	19	1908
7	20	1260
7	21	-2388
7	22	1260
7	23	-564
8	9	-2772
8	10	4908
8	11	-180
8	12	300
8	13	3468
8	14	1932
8	15	492
8	16	660
8	17	4620
8	18	-3636
8	19	-84
8	20	1524
8	21	-1740
8	22	1524
8	23	1044
9	10	-5292
9	11	-2508
9	12	-5292
9	13	-1548
9	14	-12
9	15	-876
9	16	-2580
9	17	-396
9	18	3252
9	19	-300
9	20	-3444
9	21	-180
9	22	-3444
9	23	1644
10	11	-972
10	12	3156
10	13	-12
10	14	3828
10	15	2964
10	16	492
10	17	3444
10	18	-2124
10	19	1236
10	20	1932
10	21	588
10	22	1932
10	23	108
11	12	1332
11	13	-1836
11	14	-2604
11	15	-1164
11	16	12
11	17	-684
11	18	660
11	19	-2892
11	20	1452
11	21	-2196
11	22	1452
11	23	-2676
12	13	-2316
12	14	-780
12	15	660
12	16	5100
12	17	-1164
12	18	180
12	19	1236
12	20	1932
12	21	588
12	22	4236
12	23	-2196
13	14	-1644
13	15	-2508
13	16	-948
13	17	2580
13	18	-5292
13	19	-1932
13	20	492
13	21	1452
13	22	-1812
13	23	3276
14	15	1332
14	16	-180
14	17	-492
14	18	852
14	19	-396
14	20	1260
14	21	-84
14	22	-1044
14	23	-564
15	16	-1620
15	17	948
15	18	2292
15	19	1044
15	20	-180
15	21	-1524
15	22	-180
15	23	2604
16	17	-2100
16	18	1164
16	19	2412
16	20	1332
16	21	-1932
16	22	3636
16	23	852
17	18	-1836
17	19	1524
17	20	1644
17	21	300
17	22	-660
17	23	2124
18	19	-1740
18	20	300
18	21	1260
18	22	300
18	23	780
19	20	-756
19	21	-2100
19	22	-756
19	23	2028
20	21	1236
20	22	4500
20	23	-588
21	22	1236
21	23	-1548
22	23	-5196
