0	1	-1068
0	2	-3636
0	3	180
0	4	1620
0	5	1644
0	6	-756
0	7	852
0	8	-1644
0	9	-1452
0	10	84
0	11	756
0	12	-1932
0	13	-972
0	14	3756
0	15	1332
0	16	492
0	17	2388
0	18	-204
0	19	2988
0	20	276
0	21	-4524
0	22	-1260
0	23	948
1	2	-372
1	3	-3084
1	4	660
1	5	-2004
1	6	2508
1	7	-108
1	8	-300
1	9	6804
1	10	-3180
1	11	-2508
1	12	1716
1	13	372
1	14	108
1	15	-1932
1	16	-852
1	17	-5484
1	18	1140
1	19	-2964
1	20	-5292
1	21	-876
1	22	2388
1	23	-2316
2	3	684
2	4	3852
2	5	-204
2	6	-108
2	7	12
2	8	2508
2	9	2316
2	10	780
2	11	-2196
2	12	492
2	13	-468
2	14	-2316
2	15	1836
2	16	-1356
2	17	-3828
2	18	-1236
2	19	-1548
2	20	2892
2	21	780
2	22	2124
2	23	-2388
3	4	-396
3	5	-948
3	6	1260
3	7	-5772
3	8	-1356
3	9	-1164
3	10	4980
3	11	1044
3	12	2964
3	13	-2988
3	14	-1140
3	15	-684
3	16	204
3	17	372
3	18	-4524
3	19	-1908
3	20	2868
3	21	372
3	22	-5580
3	23	1236
4	5	-84
4	6	-180
4	7	276
4	8	2388
4	9	2580
4	10	-2796
4	11	180
4	12	-204
4	13	756
4	14	4332
4	15	-1548
4	16	3372
4	17	-492
4	18	-780
4	19	-1044
4	20	2004
4	21	-2796
4	22	468
4	23	-1932
5	6	1524
5	7	2988
5	8	3180
5	9	684
5	10	-852
5	11	-1524
5	12	-3444
5	13	2508
5	14	-684
5	15	2508
5	16	276
5	17	3756
5	18	1740
5	19	4692
5	20	3564
5	21	1452
5	22	492
5	23	588
6	7	588
6	8	-1524
6	9	588
6	10	-948
6	11	2988
6	12	3372
6	13	-2196
6	14	1716
6	15	108
6	16	-1932
6	17	-948
6	18	-660
6	19	-2124
6	20	-1140
6	21	1356
6	22	396
6	23	2796
7	8	-684
7	9	-492
7	10	-3564
7	11	-588
7	12	-5580
7	13	2292
7	14	492
7	15	2292
7	16	-468
7	17	1044
7	18	5364
7	19	6636
7	20	-1068
7	21	1044
7	22	6612
7	23	-396
8	9	1620
8	10	-1452
8	11	-3084
8	12	1140
8	13	2100
8	14	-1620
8	15	-2508
8	16	2028
8	17	852
8	18	564
8	19	-2388
8	20	1044
8	21	-1452
8	22	-492
8	23	-2892
9	10	-1260
9	11	-5196
9	12	-972
9	13	2292
9	14	492
9	15	-2316
9	16	1836
9	17	-3564
9	18	756
9	19	-2580
9	20	-3372
9	21	1044
9	22	2004
9	23	-2700
10	11	-3660
10	12	564
10	13	1524
10	14	-1044
10	15	-780
10	16	300
10	17	-2028
10	18	-12
10	19	-1812
10	20	468
10	21	2580
10	22	-3372
10	23	-1164
11	12	3540
11	13	-7020
11	14	2892
11	15	2196
11	16	-2676
11	17	3252
11	18	-1644
11	19	-180
11	20	3444
11	21	-3660
11	22	-2700
11	23	4116
12	13	-5100
12	14	-1332
12	15	-2796
12	16	-2292
12	17	-1740
12	18	-4332
12	19	-6708
12	20	-1548
12	21	-4044
12	22	-3084
12	23	1428
13	14	12
13	15	468
13	16	5964
13	17	-780
13	18	3540
13	19	1548
13	20	-2892
13	21	3828
13	22	2484
13	23	-2220
14	15	12
14	16	2772
14	17	1260
14	18	1548
14	19	-2028
14	20	-1236
14	21	-1044
14	22	-2004
14	23	2700
15	16	-948
15	17	-780
15	18	1236
15	19	3852
15	20	1716
15	21	-780
15	22	180
15	23	2388
16	17	2604
16	18	588
16	19	-1068
16	20	-2196
16	21	300
16	22	-660
16	23	-564
17	18	-2316
17	19	2796
17	20	2772
17	21	276
17	22	-1068
17	23	3444
18	19	3084
18	20	-2124
18	21	-12
18	22	3252
18	23	-3756
19	20	2604
19	21	492
19	22	4140
19	23	-372
20	21	468
20	22	-3180
20	23	-972
21	22	1236
21	23	1140
22	23	-2508
