0	1	-952
0	2	184
0	3	1240
0	4	-5000
0	5	-3464
0	6	280
0	7	2680
0	8	760
0	9	-5000
0	10	-1912
0	11	-1448
0	12	-2984
0	13	-88
0	14	-1928
0	15	872
0	16	-1832
0	17	-1528
0	18	-1448
0	19	-1624
0	20	664
0	21	488
0	22	664
0	23	-1912
1	2	1928
1	3	872
1	4	200
1	5	968
1	6	4136
1	7	-568
1	8	-952
1	9	200
1	10	4408
1	11	1256
1	12	488
1	13	-2024
1	14	4040
1	15	1624
1	16	1640
1	17	-2888
1	18	-1048
1	19	-5096
1	20	-856
1	21	4312
1	22	-3160
1	23	-2504
2	3	664
2	4	-968
2	5	-1736
2	6	2008
2	7	2104
2	8	184
2	9	-968
2	10	-1336
2	11	280
2	12	-3560
2	13	-1816
2	14	-2504
2	15	-3160
2	16	-104
2	17	1352
2	18	280
2	19	-1048
2	20	88
2	21	5672
2	22	-2216
2	23	968
3	4	-2216
3	5	-2984
3	6	-1544
3	7	3160
3	8	1240
3	9	88
3	10	-88
3	11	-968
3	12	-200
3	13	-568
3	14	-3752
3	15	-1912
3	16	-1352
3	17	296
3	18	-3272
3	19	-2104
3	20	1144
3	21	8
3	22	-1160
3	23	2216
4	5	-8
4	6	-872
4	7	-7688
4	8	1912
4	9	3064
4	10	3848
4	11	-296
4	12	2776
4	13	3368
4	14	3832
4	15	-280
4	16	3928
4	17	-376
4	18	2008
4	19	1832
4	20	-488
4	21	-664
4	22	-488
4	23	1544
5	6	-1640
5	7	-1544
5	8	-5768
5	9	6904
5	10	-2296
5	11	1240
5	12	-296
5	13	-472
5	14	760
5	15	5096
5	16	856
5	17	2696
5	18	3544
5	19	296
5	20	-1256
5	21	104
5	22	1048
5	23	8
6	7	-104
6	8	280
6	9	-3176
6	10	872
6	11	4984
6	12	1144
6	13	-1912
6	14	2200
6	15	-952
6	16	-2312
6	17	-1048
6	18	376
6	19	-1144
6	20	-4424
6	21	3272
6	22	-2120
6	23	872
7	8	376
7	9	-3080
7	10	-3832
7	11	472
7	12	-3368
7	13	-2008
7	14	-4616
7	15	-1048
7	16	-4520
7	17	1160
7	18	-1832
7	19	-3544
7	20	280
7	21	872
7	22	-2024
7	23	-1528
8	9	-5000
8	10	392
8	11	3160
8	12	-680
8	13	2216
8	14	-1928
8	15	-3736
8	16	472
8	17	-1528
8	18	-6056
8	19	-1624
8	20	664
8	21	2792
8	22	-1640
8	23	392
9	10	1544
9	11	-296
9	12	2776
9	13	3368
9	14	1528
9	15	4328
9	16	1624
9	17	1928
9	18	4312
9	19	1832
9	20	1816
9	21	-664
9	22	1816
9	23	3848
10	11	-2008
10	12	6440
10	13	1240
10	14	3080
10	15	280
10	16	2984
10	17	-1928
10	18	2600
10	19	-1832
10	20	2792
10	21	-1640
10	22	-1816
10	23	760
11	12	-584
11	13	2120
11	14	472
11	15	3080
11	16	-1736
11	17	-1624
11	18	-1352
11	19	584
11	20	-1544
11	21	5000
11	22	760
11	23	4904
12	13	1352
12	14	1240
12	15	8
12	16	1336
12	17	2216
12	18	1720
12	19	-184
12	20	3832
12	21	-2680
12	22	-3080
12	23	1832
13	14	296
13	15	3064
13	16	2504
13	17	856
13	18	2120
13	19	952
13	20	2312
13	21	-1160
13	22	2312
13	23	3544
14	15	3560
14	16	88
14	17	-5752
14	18	472
14	19	1064
14	20	-2024
14	21	872
14	22	2584
14	23	-1528
15	16	1160
15	17	-2408
15	18	3080
15	19	-8
15	20	968
15	21	184
15	22	3272
15	23	2584
16	17	1064
16	18	568
16	19	968
16	20	2680
16	21	-1528
16	22	376
16	23	680
17	18	2984
17	19	-2216
17	20	872
17	21	-2024
17	22	-3736
17	23	376
18	19	584
18	20	-1544
18	21	-4216
18	22	760
18	23	2600
19	20	776
19	21	-1928
19	22	5384
19	23	2776
20	21	584
20	22	-1736
20	23	488
21	22	-1720
21	23	664
22	23	2792
