0	1	-1780
0	2	2356
0	3	-716
0	4	332
0	5	-4556
0	6	-1108
0	7	-2924
0	8	-820
0	9	3412
0	10	1868
0	11	140
0	12	620
0	13	-1396
0	14	2452
0	15	2636
0	16	-3212
0	17	820
0	18	-2540
0	19	-1196
0	20	-140
0	21	1484
0	22	-2548
0	23	-1580
1	2	812
1	3	-724
1	4	-1196
1	5	3116
1	6	2548
1	7	-820
1	8	2260
1	9	2060
1	10	-2732
1	11	-3308
1	12	-1484
1	13	532
1	14	3020
1	15	3412
1	16	-2836
1	17	44
1	18	1100
1	19	2060
1	20	1004
1	21	-2348
1	22	-620
1	23	140
2	3	1300
2	4	2924
2	5	-236
2	6	1484
2	7	-908
2	8	-532
2	9	820
2	10	2156
2	11	-1876
2	12	-1396
2	13	1196
2	14	-140
2	15	2924
2	16	-3500
2	17	-1772
2	18	-524
2	19	-1484
2	20	-428
2	21	-532
2	22	-4564
2	23	-1868
3	4	3692
3	5	-1004
3	6	-2356
3	7	-3980
3	8	-4372
3	9	52
3	10	2924
3	11	-1108
3	12	1676
3	13	1964
3	14	-908
3	15	1388
3	16	2644
3	17	2068
3	18	-3596
3	19	52
3	20	-1196
3	21	-2068
3	22	3116
3	23	-332
4	5	-1684
4	6	436
4	7	-1012
4	8	-2156
4	9	-436
4	10	-236
4	11	-812
4	12	1012
4	13	-1580
4	14	-1780
4	15	3604
4	16	-3028
4	17	2156
4	18	908
4	19	-436
4	20	812
4	21	148
4	22	-5036
4	23	-52
5	6	1484
5	7	1396
5	8	1772
5	9	-1484
5	10	-2452
5	11	-1876
5	12	-1396
5	13	1196
5	14	-140
5	15	-1684
5	16	1108
5	17	-4076
5	18	1780
5	19	820
5	20	-428
5	21	-532
5	22	2348
5	23	-1868
6	7	-148
6	8	1588
6	9	2732
6	10	-3404
6	11	628
6	12	-2156
6	13	2164
6	14	1388
6	15	436
6	16	-2164
6	17	-1588
6	18	4076
6	19	2732
6	20	1676
6	21	1588
6	22	-1292
6	23	3116
7	8	4748
7	9	-4460
7	10	-1780
7	11	1100
7	12	-724
7	13	1868
7	14	-812
7	15	-3316
7	16	436
7	17	-2444
7	18	3412
7	19	-4460
7	20	3508
7	21	2444
7	22	-1588
7	23	2068
8	9	716
8	10	-3692
8	11	-4268
8	12	-2444
8	13	-428
8	14	1676
8	15	-2156
8	16	428
8	17	-3604
8	18	4364
8	19	-1588
8	20	-340
8	21	1300
8	22	724
8	23	-1204
9	10	-1204
9	11	-2932
9	12	2156
9	13	-2164
9	14	916
9	15	-436
9	16	-4748
9	17	-716
9	18	-1772
9	19	1876
9	20	628
9	21	716
9	22	1292
9	23	-812
10	11	-44
10	12	4084
10	13	-812
10	14	-244
10	15	-2540
10	16	812
10	17	1388
10	18	-4468
10	19	-3508
10	20	44
10	21	-3692
10	22	340
10	23	1484
11	12	1204
11	13	916
11	14	332
11	15	-812
11	16	1388
11	17	4268
11	18	716
11	19	-628
11	20	620
11	21	340
11	22	-236
11	23	2060
12	13	-4172
12	14	-1492
12	15	-3596
12	16	-2740
12	17	4748
12	18	-3412
12	19	-148
12	20	1100
12	21	-4748
12	22	1588
12	23	236
13	14	3404
13	15	724
13	16	4460
13	17	-1876
13	18	-3124
13	19	140
13	20	1388
13	21	4180
13	22	1300
13	23	5132
14	15	524
14	16	1204
14	17	628
14	18	-2732
14	19	-1388
14	20	-332
14	21	1676
14	22	-52
14	23	2836
15	16	-3028
15	17	2156
15	18	908
15	19	4172
15	20	812
15	21	148
15	22	-5036
15	23	-2356
16	17	-428
16	18	-1484
16	19	-140
16	20	-3692
16	21	428
16	22	5612
16	23	1780
17	18	-2060
17	19	1588
17	20	340
17	21	-3604
17	22	-724
17	23	1204
18	19	532
18	20	-716
18	21	-244
18	22	-1972
18	23	-2156
19	20	-1676
19	21	-1588
19	22	1292
19	23	-812
20	21	1964
20	22	-2068
20	23	2548
21	22	-1580
21	23	3404
22	23	-628
