0	1	1964
0	2	1492
0	3	140
0	4	-724
0	5	-916
0	6	524
0	7	-3692
0	8	-332
0	9	3700
0	10	-1396
0	11	1876
0	12	-1868
0	13	-812
0	14	-1876
0	15	1780
0	16	-812
0	17	332
0	18	-1684
0	19	1676
0	20	724
0	21	-1972
0	22	724
0	23	1204
1	2	532
1	3	1100
1	4	236
1	5	-2260
1	6	-3124
1	7	-44
1	8	-3596
1	9	436
1	10	-2740
1	11	916
1	12	1780
1	13	-1772
1	14	-5524
1	15	820
1	16	532
1	17	1292
1	18	-724
1	19	2636
1	20	-236
1	21	-1012
1	22	-236
1	23	244
2	3	52
2	4	916
2	5	-1196
2	6	6580
2	7	1196
2	8	140
2	9	3020
2	10	1588
2	11	236
2	12	-628
2	13	620
2	14	2068
2	15	-1972
2	16	-1684
2	17	-2444
2	18	-5036
2	19	820
2	20	-3220
2	21	-2444
2	22	-3220
2	23	-1396
3	4	-1588
3	5	2828
3	6	-340
3	7	-524
3	8	532
3	9	-44
3	10	-4564
3	11	2740
3	12	1300
3	13	2356
3	14	-436
3	15	340
3	16	52
3	17	1772
3	18	-244
3	19	-1492
3	20	-716
3	21	-532
3	22	-716
3	23	-236
4	5	-2644
4	6	-1204
4	7	-1964
4	8	1396
4	9	3124
4	10	-3124
4	11	-3308
4	12	-2444
4	13	-3692
4	14	1004
4	15	1204
4	16	916
4	17	-1396
4	18	1196
4	19	-4660
4	20	-2156
4	21	-3700
4	22	148
4	23	-1676
5	6	-1396
5	7	532
5	8	3892
5	9	-3596
5	10	-1012
5	11	-812
5	12	-2252
5	13	3412
5	14	812
5	15	-908
5	16	1108
5	17	-1588
5	18	-1300
5	19	-2548
5	20	340
5	21	3020
5	22	340
5	23	820
6	7	1396
6	8	148
6	9	4180
6	10	428
6	11	52
6	12	-1388
6	13	1972
6	14	4556
6	15	-2348
6	16	-2636
6	17	-2452
6	18	-4468
6	19	1196
6	20	-1100
6	21	-2452
6	22	-3404
6	23	-620
7	8	716
7	9	-3316
7	10	3316
7	11	-3796
7	12	-2356
7	13	1196
7	14	-812
7	15	-3700
7	16	-1108
7	17	-716
7	18	-3308
7	19	244
7	20	1964
7	21	3892
7	22	-2644
7	23	1484
8	9	-2068
8	10	-236
8	11	-244
8	12	-3412
8	13	-2164
8	14	244
8	15	-2452
8	16	140
8	17	340
8	18	2356
8	19	-5612
8	20	3212
8	21	340
8	22	-1396
8	23	-1876
9	10	-3116
9	11	332
9	12	-532
9	13	716
9	14	1972
9	15	-1876
9	16	716
9	17	-236
9	18	-524
9	19	724
9	20	-820
9	21	-4844
9	22	-820
9	23	-3604
10	11	-332
10	12	532
10	13	-716
10	14	332
10	15	-428
10	16	-716
10	17	236
10	18	-1780
10	19	1580
10	20	-1484
10	21	2540
10	22	820
10	23	1300
11	12	3596
11	13	236
11	14	148
11	15	-52
11	16	236
11	17	2548
11	18	4564
11	19	1204
11	20	1004
11	21	244
11	22	1004
11	23	-1780
12	13	-628
12	14	1012
12	15	1388
12	16	-628
12	17	1108
12	18	3124
12	19	4372
12	20	-2164
12	21	-3500
12	22	140
12	23	-2644
13	14	2068
13	15	-4276
13	16	-1684
13	17	2164
13	18	-2732
13	19	820
13	20	1388
13	21	4468
13	22	1388
13	23	908
14	15	52
14	16	-2540
14	17	-4852
14	18	44
14	19	1100
14	20	-1004
14	21	-2548
14	22	1300
14	23	-524
15	16	-1972
15	17	-2156
15	18	-140
15	19	1108
15	20	-3508
15	21	-2156
15	22	3404
15	23	2924
16	17	-2444
16	18	1876
16	19	-1484
16	20	-3220
16	21	-140
16	22	-5524
16	23	-1396
17	18	2252
17	19	-1300
17	20	3700
17	21	1964
17	22	3700
17	23	-428
18	19	-1012
18	20	3412
18	21	-52
18	22	1108
18	23	-3020
19	20	52
19	21	-1300
19	22	52
19	23	2836
20	21	3700
20	22	2156
20	23	-628
21	22	1396
21	23	1876
22	23	1676
