0	1	-1.8017267e-02
0	2	2.4330008e-01
0	3	-9.3673807e-02
0	4	1.0833542e-01
0	5	-1.8035946e-01
0	6	-2.9855810e-02
0	7	1.6307727e-01
0	8	-1.9581479e-01
0	9	1.5952776e-01
0	10	4.1589020e-01
0	11	-6.9852794e-02
0	12	2.3581203e-03
0	13	-7.5639054e-02
0	14	2.3697065e-02
0	15	-1.4065918e-01
0	16	1.3261539e-01
0	17	-3.8612624e-02
0	18	1.0840178e-01
0	19	-1.4977031e-01
0	20	2.0837352e-02
0	21	2.8655472e-01
0	22	-3.2838251e-02
0	23	2.7880401e-01
0	24	-3.8735215e-02
1	2	-9.0871579e-02
1	3	1.1659035e-01
1	4	2.3566375e-01
1	5	-4.5406054e-02
1	6	-1.1418192e-01
1	7	-3.0531139e-01
1	8	1.4211962e-01
1	9	-1.0351424e-01
1	10	-1.8184407e-01
1	11	-6.3941068e-02
1	12	1.0190832e-03
1	13	-7.3979709e-02
1	14	5.0274631e-02
1	15	1.4692406e-01
1	16	-1.5627642e-01
1	17	-6.6578527e-02
1	18	1.2899069e-02
1	19	4.4808046e-02
1	20	2.5312899e-01
1	21	-1.6876142e-01
1	22	9.4375003e-02
1	23	-1.4499043e-01
1	24	-1.4550523e-01
2	3	-9.0971790e-02
2	4	-3.8305000e-03
2	5	3.7347304e-02
2	6	-5.1196179e-03
2	7	3.2641942e-01
2	8	-1.7273801e-02
2	9	-1.4186553e-01
2	10	1.1174731e-01
2	11	5.6839068e-02
2	12	6.7928783e-02
2	13	3.7938791e-01
2	14	-2.6621981e-01
2	15	-2.1477798e-01
2	16	2.8092851e-01
2	17	-3.7322484e-02
2	18	5.5455755e-02
2	19	-1.5399285e-01
2	20	1.5702914e-01
2	21	2.6490451e-01
2	22	1.9567964e-03
2	23	1.4466862e-02
2	24	1.7176897e-01
3	4	9.1720063e-02
3	5	-6.4816904e-02
3	6	-6.9296827e-03
3	7	2.5896900e-02
3	8	2.7436428e-02
3	9	1.6000866e-01
3	10	-2.9780117e-01
3	11	1.0563663e-01
3	12	-1.0119005e-02
3	13	-1.5021786e-01
3	14	-1.2885510e-01
3	15	9.4514836e-02
3	16	-1.5397344e-01
3	17	1.7409812e-02
3	18	-1.9774751e-02
3	19	1.2618266e-01
3	20	8.7126213e-02
3	21	1.7211341e-01
3	22	-1.7677119e-02
3	23	-2.5512181e-01
3	24	-2.3875983e-01
4	5	-5.5841000e-02
4	6	-1.2176748e-01
4	7	-1.6668247e-01
4	8	2.1735389e-01
4	9	-2.5467281e-01
4	10	4.8356833e-02
4	11	-3.7806219e-02
4	12	2.4169138e-01
4	13	-3.9590675e-01
4	14	-1.3313262e-03
4	15	7.1517472e-02
4	16	-3.7325723e-01
4	17	1.6192382e-02
4	18	9.3655670e-02
4	19	3.9785131e-02
4	20	2.2319343e-01
4	21	1.7931391e-01
4	22	1.4688128e-01
4	23	1.7527574e-01
4	24	1.2730501e-02
5	6	-2.3266035e-01
5	7	4.9759686e-02
5	8	-3.3702783e-02
5	9	3.8262159e-02
5	10	-3.7497722e-01
5	11	9.8197502e-03
5	12	-4.2535017e-02
5	13	3.0503687e-01
5	14	-1.9417414e-02
5	15	-1.5398459e-01
5	16	-2.3143576e-01
5	17	2.4921233e-01
5	18	-1.5966732e-01
5	19	2.4672501e-01
5	20	5.2753702e-02
5	21	1.0267958e-01
5	22	8.2266856e-02
5	23	-5.7392706e-01
5	24	1.6569953e-01
6	7	-9.6145167e-03
6	8	-1.3382669e-01
6	9	-9.4297159e-03
6	10	2.9852873e-01
6	11	2.0300897e-01
6	12	-6.6972313e-02
6	13	-1.7602719e-01
6	14	1.8736209e-03
6	15	9.0736180e-02
6	16	2.6864637e-01
6	17	8.7614755e-02
6	18	-7.9287780e-03
6	19	-1.7184304e-01
6	20	-2.1199464e-01
6	21	3.2726721e-03
6	22	-8.8492131e-02
6	23	1.8261562e-01
6	24	1.2008006e-01
7	8	-5.8054037e-02
7	9	-1.5108065e-01
7	10	6.6722859e-02
7	11	1.3538853e-02
7	12	1.7077971e-02
7	13	2.5469692e-01
7	14	-2.3996335e-01
7	15	-2.8453361e-02
7	16	5.7543208e-02
7	17	-6.6882560e-02
7	18	4.2558858e-02
7	19	-1.6224468e-01
7	20	-9.7046100e-02
7	21	4.5230349e-01
7	22	-4.7225160e-02
7	23	4.0654809e-02
7	24	1.1657709e-01
8	9	-9.1384563e-02
8	10	-2.8137450e-01
8	11	-7.1994152e-02
8	12	-1.3475623e-01
8	13	1.0695438e-01
8	14	-3.7136262e-01
8	15	1.2665381e-01
8	16	4.8068037e-02
8	17	-3.0184342e-01
8	18	-4.3067363e-02
8	19	-1.4387582e-01
8	20	4.7759273e-02
8	21	-5.3402852e-02
8	22	8.4133862e-02
8	23	8.3753177e-02
8	24	5.0467114e-02
9	10	1.3369231e-01
9	11	2.2272498e-01
9	12	-6.1665984e-01
9	13	-5.1068760e-02
9	14	-1.0540168e-01
9	15	-2.0339305e-01
9	16	-7.8411760e-04
9	17	1.7555983e-01
9	18	-2.1463900e-01
9	19	7.1099289e-02
9	20	-3.9767451e-02
9	21	1.8911625e-01
9	22	-6.1502375e-02
9	23	-5.4608632e-01
9	24	-2.9541894e-01
10	11	-4.9796740e-02
10	12	-1.7408423e-01
10	13	-2.7227079e-01
10	14	2.2336849e-01
10	15	-4.5183132e-02
10	16	1.2386727e-02
10	17	3.2001146e-02
10	18	1.6685324e-01
10	19	-3.0627400e-01
10	20	-1.8410664e-01
10	21	1.2487836e-01
10	22	-1.0981146e-02
10	23	5.1712422e-01
10	24	1.3296538e-01
11	12	-1.8724672e-01
11	13	-1.4774514e-01
11	14	-1.8441947e-01
11	15	9.1455541e-02
11	16	1.9756850e-02
11	17	1.0774968e-01
11	18	-7.4323684e-02
11	19	-1.4162845e-01
11	20	-9.9662463e-03
11	21	1.7708875e-01
11	22	6.6306496e-02
11	23	-2.8249793e-01
11	24	1.0974450e-01
12	13	7.5607975e-03
12	14	2.5834920e-01
12	15	-2.6512428e-02
12	16	-4.3831414e-02
12	17	1.3576017e-01
12	18	1.0051285e-01
12	19	1.7021009e-01
12	20	1.2100796e-01
12	21	-4.2563394e-02
12	22	-8.8247147e-02
12	23	3.3728737e-01
12	24	-3.7643591e-02
13	14	-3.5473006e-01
13	15	-1.1398987e-01
13	16	1.8990211e-01
13	17	-5.6613363e-02
13	18	-1.9407077e-01
13	19	-1.8219690e-01
13	20	1.4686325e-01
13	21	3.5834752e-01
13	22	-1.0118993e-01
13	23	-3.5988944e-01
13	24	2.5412398e-02
14	15	-3.1798402e-02
14	16	-9.1199731e-02
14	17	1.0307908e-01
14	18	2.3378494e-01
14	19	3.4241357e-01
14	20	-1.0237610e-01
14	21	-4.1089544e-01
14	22	-4.8679176e-02
14	23	7.4133927e-02
14	24	-2.3110681e-01
15	16	-1.5342307e-01
15	17	-1.8407079e-01
15	18	6.2792669e-02
15	19	-2.9234790e-01
15	20	-1.9720593e-03
15	21	1.7280557e-01
15	22	3.1980643e-02
15	23	1.0046516e-02
15	24	2.9603223e-02
16	17	-3.3194754e-01
16	18	1.9413274e-01
16	19	-1.8542271e-01
16	20	-1.8754660e-01
16	21	-5.0424638e-01
16	22	-1.6127160e-01
16	23	3.6116381e-01
16	24	7.8608148e-02
17	18	-2.2421382e-01
17	19	2.4043011e-01
17	20	4.9770403e-02
17	21	2.7914170e-01
17	22	3.2024589e-02
17	23	-2.3747300e-01
17	24	4.4512494e-02
18	19	8.2724240e-02
18	20	6.3712071e-02
18	21	-1.2236759e-01
18	22	-6.5533582e-02
18	23	7.3194292e-02
18	24	-4.1592878e-02
19	20	6.6157009e-02
19	21	-2.5910224e-01
19	22	-5.6914078e-02
19	23	-2.6772378e-01
19	24	-2.2010272e-01
20	21	1.7042614e-01
20	22	-2.7989309e-03
20	23	-2.4546901e-01
20	24	-1.3451136e-01
21	22	-5.3043913e-02
21	23	-4.4762594e-01
21	24	-9.2822222e-03
22	23	-4.9301991e-02
22	24	1.5530985e-01
23	24	2.5039431e-01
