0	1	-952
0	2	1224
0	3	520
0	4	-264
0	5	8
0	6	440
0	7	-264
0	8	-952
0	9	-392
0	10	-520
0	11	120
0	12	8
0	13	-8
0	14	-568
0	15	776
1	2	-1224
1	3	-520
1	4	264
1	5	-8
1	6	-440
1	7	264
1	8	952
1	9	392
1	10	520
1	11	-120
1	12	-8
1	13	8
1	14	568
1	15	-776
2	3	376
2	4	-632
2	5	-136
2	6	712
2	7	-632
2	8	-1224
2	9	-504
2	10	-376
2	11	8
2	12	-136
2	13	136
2	14	-584
2	15	1144
3	4	712
3	5	568
3	6	8
3	7	712
3	8	-520
3	9	-184
3	10	-1080
3	11	328
3	12	568
3	13	-568
3	14	-904
3	15	-200
4	5	1224
4	6	248
4	7	568
4	8	264
4	9	-584
4	10	-712
4	11	-72
4	12	200
4	13	-200
4	14	-376
4	15	-1080
5	6	520
5	7	200
5	8	-8
5	9	-696
5	10	-568
5	11	-184
5	12	56
5	13	-56
5	14	-392
5	15	-712
6	7	-776
6	8	-440
6	9	-904
6	10	-8
6	11	-392
6	12	-504
6	13	504
6	14	-56
6	15	264
7	8	264
7	9	440
7	10	-712
7	11	952
7	12	1224
7	13	-1224
7	14	-376
7	15	-1080
8	9	392
8	10	520
8	11	-120
8	12	-8
8	13	8
8	14	568
8	15	-776
9	10	184
9	11	-200
9	12	328
9	13	-328
9	14	-248
9	15	72
10	11	-328
10	12	-568
10	13	568
10	14	904
10	15	200
11	12	840
11	13	-840
11	14	264
11	15	-440
12	13	-1080
12	14	-392
12	15	-712
13	14	392
13	15	712
14	15	-136
