0	1	-868
0	2	540
0	3	-676
0	4	92
0	5	-868
0	6	-1116
0	7	-804
0	8	-292
0	9	228
0	10	-156
0	11	-604
0	12	156
0	13	-92
0	14	92
0	15	228
1	2	-420
1	3	412
1	4	156
1	5	1244
1	6	868
1	7	284
1	8	-228
1	9	164
1	10	-220
1	11	356
1	12	-804
1	13	-156
1	14	156
1	15	164
2	3	-1252
2	4	540
2	5	-420
2	6	-540
2	7	-356
2	8	156
2	9	804
2	10	420
2	11	-28
2	12	604
2	13	-540
2	14	540
2	15	804
3	4	-676
3	5	412
3	6	676
3	7	476
3	8	-36
3	9	-1052
3	10	-412
3	11	164
3	12	-612
3	13	676
3	14	-676
3	15	-1052
4	5	156
4	6	-92
4	7	220
4	8	-292
4	9	228
4	10	868
4	11	420
4	12	156
4	13	-92
4	14	92
4	15	228
5	6	868
5	7	284
5	8	-228
5	9	164
5	10	-220
5	11	356
5	12	-804
5	13	-156
5	14	156
5	15	164
6	7	804
6	8	292
6	9	-228
6	10	156
6	11	604
6	12	-156
6	13	92
6	14	-92
6	15	-228
7	8	-164
7	9	-924
7	10	740
7	11	292
7	12	284
7	13	804
7	14	-804
7	15	-924
8	9	612
8	10	228
8	11	804
8	12	796
8	13	-732
8	14	732
8	15	612
9	10	-164
9	11	284
9	12	164
9	13	-1252
9	14	1252
9	15	1500
10	11	668
10	12	804
10	13	156
10	14	-156
10	15	-164
11	12	356
11	13	-420
11	14	420
11	15	284
12	13	-156
12	14	156
12	15	164
13	14	-1116
13	15	-1252
14	15	1252
