0	1	328
0	2	-72
0	3	120
0	4	-56
0	5	-376
0	6	-456
0	7	-1096
0	8	-248
0	9	-824
0	10	200
0	11	888
0	12	8
0	13	376
0	14	456
0	15	-824
1	2	696
1	3	-136
1	4	-824
1	5	-120
1	6	312
1	7	-328
1	8	8
1	9	456
1	10	-568
1	11	632
1	12	264
1	13	120
1	14	-312
1	15	456
2	3	-120
2	4	56
2	5	376
2	6	456
2	7	72
2	8	248
2	9	824
2	10	-200
2	11	136
2	12	-8
2	13	648
2	14	-456
2	15	824
3	4	248
3	5	-456
3	6	-760
3	7	-120
3	8	-584
3	9	-8
3	10	-1032
3	11	-56
3	12	1208
3	13	-568
3	14	760
3	15	-8
4	5	520
4	6	-328
4	7	56
4	8	-376
4	9	72
4	10	72
4	11	-8
4	12	-120
4	13	504
4	14	328
4	15	72
5	6	-8
5	7	376
5	8	-696
5	9	776
5	10	-248
5	11	312
5	12	-440
5	13	824
5	14	8
5	15	776
6	7	456
6	8	888
6	9	440
6	10	440
6	11	-504
6	12	-392
6	13	8
6	14	-840
6	15	440
7	8	248
7	9	824
7	10	-200
7	11	-888
7	12	-8
7	13	-376
7	14	-456
7	15	824
8	9	-120
8	10	904
8	11	-840
8	12	-312
8	13	-328
8	14	-888
8	15	-120
9	10	-696
9	11	-264
9	12	136
9	13	248
9	14	-440
9	15	1352
10	11	-264
10	12	-888
10	13	248
10	14	-440
10	15	-696
11	12	-72
11	13	712
11	14	504
11	15	-264
12	13	-584
12	14	392
12	15	136
13	14	-8
13	15	248
14	15	-440
