0	1	604
0	2	356
0	3	28
0	4	-292
0	5	-476
0	6	-92
0	7	-604
0	8	-292
0	9	804
0	10	92
0	11	-28
0	12	-476
0	13	-420
0	14	1252
0	15	28
1	2	740
1	3	-356
1	4	348
1	5	-92
1	6	292
1	7	-1244
1	8	348
1	9	164
1	10	-292
1	11	356
1	12	-92
1	13	-804
1	14	612
1	15	-356
2	3	292
2	4	-412
2	5	-868
2	6	796
2	7	-740
2	8	-412
2	9	-100
2	10	-796
2	11	-292
2	12	-868
2	13	-284
2	14	476
2	15	292
3	4	-228
3	5	-540
3	6	-156
3	7	356
3	8	-228
3	9	-284
3	10	-868
3	11	-92
3	12	-540
3	13	-356
3	14	164
3	15	92
4	5	804
4	6	-860
4	7	-348
4	8	476
4	9	-988
4	10	-164
4	11	1252
4	12	804
4	13	-676
4	14	-540
4	15	-1252
5	6	-420
5	7	92
5	8	804
5	9	-292
5	10	420
5	11	540
5	12	988
5	13	-92
5	14	-740
5	15	-540
6	7	-292
6	8	164
6	9	348
6	10	-220
6	11	-868
6	12	-420
6	13	292
6	14	-100
6	15	868
7	8	-348
7	9	-164
7	10	292
7	11	-356
7	12	92
7	13	804
7	14	-612
7	15	356
8	9	36
8	10	-164
8	11	228
8	12	804
8	13	-676
8	14	-540
8	15	-228
9	10	676
9	11	-740
9	12	-292
9	13	164
9	14	1052
9	15	740
10	11	-156
10	12	420
10	13	732
10	14	100
10	15	156
11	12	540
11	13	-668
11	14	-164
11	15	-1116
12	13	-92
12	14	-740
12	15	-540
13	14	-412
13	15	668
14	15	164
