0	1	300
0	2	36
0	3	132
0	4	252
0	5	84
0	6	-444
0	7	-396
0	8	252
0	9	-732
0	10	564
0	11	-108
1	2	204
1	3	684
1	4	84
1	5	-420
1	6	108
1	7	60
1	8	84
1	9	-180
1	10	252
1	11	348
2	3	228
2	4	156
2	5	180
2	6	-348
2	7	-300
2	8	-420
2	9	-60
2	10	-492
2	11	-588
3	4	60
3	5	-300
3	6	-252
3	7	-204
3	8	-516
3	9	-540
3	10	-396
3	11	84
4	5	108
4	6	-516
4	7	588
4	8	-444
4	9	348
4	10	204
4	11	-276
5	6	-300
5	7	-252
5	8	-468
5	9	-12
5	10	-444
5	11	-540
6	7	-204
6	8	636
6	9	36
6	10	180
6	11	660
7	8	12
7	9	660
7	10	228
7	11	132
8	9	-228
8	10	780
8	11	876
9	10	-108
9	11	-204
10	11	516
