0	1	136
0	2	-200
0	3	-8
0	4	-8
0	5	-856
0	6	88
0	7	-184
0	8	-136
0	9	152
0	10	-232
0	11	-344
1	2	-280
1	3	104
1	4	-472
1	5	-392
1	6	-568
1	7	-488
1	8	-536
1	9	328
1	10	712
1	11	-136
2	3	-712
2	4	440
2	5	424
2	6	344
2	7	-248
2	8	280
2	9	-8
2	10	376
2	11	-376
3	4	248
3	5	-536
3	6	152
3	7	520
3	8	472
3	9	760
3	10	-8
3	11	8
4	5	40
4	6	152
4	7	-56
4	8	1048
4	9	184
4	10	-8
4	11	-568
5	6	-440
5	7	344
5	8	-184
5	9	-1048
5	10	-280
5	11	280
6	7	40
6	8	568
6	9	856
6	10	88
6	11	-88
7	8	-88
7	9	-376
7	10	-760
7	11	184
8	9	824
8	10	-136
8	11	136
9	10	728
9	11	-152
10	11	-344
