0	1	556
0	2	-308
0	3	124
0	4	268
0	5	164
0	6	500
0	7	-76
0	8	-116
0	9	-308
0	10	-604
0	11	940
1	2	-268
1	3	-124
1	4	884
1	5	412
1	6	652
1	7	652
1	8	-460
1	9	308
1	10	-548
1	11	212
2	3	164
2	4	20
2	5	700
2	6	364
2	7	-212
2	8	-172
2	9	20
2	10	316
2	11	-76
3	4	164
3	5	556
3	6	220
3	7	220
3	8	-28
3	9	-412
3	10	172
3	11	68
4	5	700
4	6	364
4	7	940
4	8	-172
4	9	20
4	10	-260
4	11	-76
5	6	68
5	7	644
5	8	-260
5	9	124
5	10	116
5	11	220
6	7	-172
6	8	-596
6	9	-212
6	10	-700
6	11	460
7	8	556
7	9	364
7	10	452
7	11	-116
8	9	-172
8	10	1084
8	11	308
9	10	316
9	11	-652
10	11	-164
