0	1	-136
0	2	-56
0	3	296
0	4	296
0	5	440
0	6	-248
0	7	-8
0	8	-280
0	9	-8
0	10	152
0	11	200
1	2	56
1	3	-296
1	4	-296
1	5	136
1	6	248
1	7	584
1	8	-296
1	9	8
1	10	424
1	11	-200
2	3	488
2	4	-664
2	5	56
2	6	136
2	7	-776
2	8	-664
2	9	-200
2	10	920
2	11	-184
3	4	-152
3	5	-296
3	6	-472
3	7	-712
3	8	-728
3	9	440
3	10	568
3	11	-632
4	5	-296
4	6	-472
4	7	440
4	8	424
4	9	440
4	10	-584
4	11	-56
5	6	248
5	7	8
5	8	-296
5	9	-568
5	10	-152
5	11	-200
6	7	184
6	8	104
6	9	-392
6	10	536
6	11	584
7	8	440
7	9	-152
7	10	-280
7	11	344
8	9	440
8	10	-584
8	11	520
9	10	296
9	11	-232
10	11	88
