0	1	240
0	2	-96
0	3	-240
0	4	240
0	6	-432
0	7	-432
0	8	672
0	9	720
0	10	-768
0	11	288
1	2	-720
1	3	288
1	4	-384
1	5	-528
1	6	768
1	7	192
1	8	144
1	9	192
1	10	336
1	11	336
2	3	-48
2	4	-144
2	5	960
2	6	-48
2	7	-48
2	8	-96
2	9	-48
2	10	-576
2	11	-480
3	4	-864
3	5	-48
3	6	96
3	7	96
3	8	48
3	9	96
3	10	432
3	11	240
4	5	48
4	6	-384
4	7	192
4	8	-432
4	9	192
4	10	-240
4	11	336
5	6	-432
5	7	144
5	8	-384
5	9	144
5	10	-96
6	8	48
6	9	-576
6	10	48
6	11	-144
7	8	-528
7	10	624
7	11	-144
8	9	48
8	10	-576
8	11	-672
9	10	48
9	11	432
10	11	192
