0	1	-52
0	2	-388
0	3	-476
0	4	244
0	5	44
0	6	860
0	7	-148
0	8	476
0	9	-52
0	10	236
0	11	524
1	2	-140
1	3	-148
1	4	860
1	5	4
1	6	-236
1	7	-380
1	8	-428
1	9	1252
1	10	-188
1	11	-476
2	3	92
2	4	-628
2	5	-812
2	6	100
2	7	-44
2	8	-668
2	9	-140
2	10	-428
2	11	-140
3	4	-236
3	5	-52
3	6	-388
3	7	908
3	8	-196
3	9	-148
3	10	140
3	11	428
4	5	380
4	6	44
4	7	-388
4	8	236
4	9	860
4	10	572
4	11	-292
5	6	-332
5	7	100
5	8	628
5	9	4
5	10	-284
5	11	-572
6	7	-716
6	8	388
6	9	-236
6	10	52
6	11	340
7	8	-332
7	9	-380
7	10	484
7	11	196
8	9	-428
8	10	-140
8	11	148
9	10	-188
9	11	-476
10	11	388
