0	1	-380
0	2	44
0	3	-476
0	4	244
0	5	532
0	6	196
0	7	628
0	8	140
0	9	-716
0	10	284
0	11	620
1	2	-244
1	3	-188
1	4	-44
1	5	-332
1	6	-92
1	7	-236
1	8	-148
1	9	148
1	10	572
1	11	-244
2	3	428
2	4	284
2	5	-580
2	6	332
2	7	-100
2	8	-668
2	9	668
2	10	340
2	11	4
3	4	-140
3	5	148
3	6	388
3	7	-908
3	8	-52
3	9	628
3	10	668
3	11	-148
4	5	-284
4	6	-44
4	7	-188
4	8	380
4	9	-380
4	10	-52
4	11	-292
5	6	244
5	7	100
5	8	668
5	9	-668
5	10	236
5	11	572
6	7	-236
6	8	428
6	9	148
6	10	572
6	11	332
7	8	-4
7	9	-572
7	10	-436
7	11	476
8	9	-964
8	10	-332
8	11	-92
9	10	332
9	11	92
10	11	340
