0 1 -3.1953428201811125
0 2 0.47865459249676584
0 3 -0.6727037516170763
0 4 -3.389391979301423
0 5 0.8667529107373868
0 6 5.912031047865459
0 7 3.1953428201811125
0 8 -1.84993531694696
0 9 1.84993531694696
0 10 3.389391979301423
0 11 -4.566623544631307
0 12 -1.84993531694696
0 13 2.0439844760672705
0 14 0.47865459249676584
0 15 -7.2833117723156535
0 16 -0.8667529107373868
0 17 -0.8667529107373868
0 18 3.389391979301423
0 19 -5.912031047865459
0 20 -1.84993531694696
0 21 -4.566623544631307
0 22 -1.84993531694696
0 23 5.912031047865459
0 24 -3.5834411384217333
0 25 4.566623544631307
0 26 1.6558861578266495
0 27 -3.1953428201811125
0 28 -0.47865459249676584
0 29 -4.566623544631307
0 30 -0.524706318831101
0 31 0.8705118438966397
1 2 -6.507115135834411
1 3 0.49159120310478654
1 4 3.596377749029754
1 5 -0.2975420439844761
1 6 -6.895213454075033
1 7 -9.61190168175938
1 8 -3.014230271668823
1 9 -8.628719275549805
1 10 2.22509702457956
1 11 5.912031047865459
1 12 8.628719275549805
1 13 3.2082794307891334
1 14 -6.507115135834411
1 15 3.1953428201811125
1 16 6.11901681759379
1 17 -5.523932729624838
1 18 2.22509702457956
1 19 1.073738680465718
1 20 2.8072445019404917
1 21 5.912031047865459
1 22 8.628719275549805
1 23 -1.073738680465718
1 24 3.4023285899094438
1 25 -0.09055627425614489
1 26 2.820181112548512
1 27 -2.0310478654592496
1 28 -5.135834411384217
1 29 0.09055627425614489
1 36 0.403548400062161
1 37 -0.198121638105768
2 3 -3.2082794307891334
2 4 -0.49159120310478654
2 5 3.014230271668823
2 6 3.7904269081500646
2 7 6.507115135834411
2 8 5.730918499353169
2 9 5.912031047865459
2 10 0.49159120310478654
2 11 -3.1953428201811125
2 12 -5.912031047865459
2 13 -0.1034928848641656
2 14 9.223803363518758
2 15 -0.47865459249676584
2 16 -3.014230271668823
2 17 8.628719275549805
2 18 -5.329883570504528
2 19 -3.7904269081500646
2 20 -5.912031047865459
2 21 -3.1953428201811125
2 22 -5.912031047865459
2 23 3.7904269081500646
2 24 -0.2975420439844761
2 25 3.1953428201811125
2 26 0.2846054333764554
2 27 5.135834411384217
2 28 2.4191461836998704
2 29 -3.1953428201811125
2 42 0.005989386707605515
2 43 -0.7311520749686011
3 4 0.2975420439844761
3 5 3.001293661060802
3 6 2.22509702457956
3 7 -0.49159120310478654
3 8 0.2846054333764554
3 9 -0.2846054333764554
3 10 -6.11901681759379
3 11 -2.4320827943078913
3 12 0.2846054333764554
3 13 -5.912031047865459
3 14 -3.2082794307891334
3 15 0.6727037516170763
3 16 -3.001293661060802
3 17 -3.001293661060802
3 18 5.523932729624838
3 19 3.596377749029754
3 20 6.106080206985769
3 21 -2.4320827943078913
3 22 0.2846054333764554
3 23 -3.596377749029754
3 24 0.1034928848641656
3 25 -3.389391979301423
3 26 -0.47865459249676584
3 27 0.49159120310478654
3 28 3.2082794307891334
3 29 3.389391979301423
3 48 0.11944204416747994
3 49 -0.43164572507437216
4 5 -0.1034928848641656
4 6 -6.701164294954721
4 7 -3.596377749029754
4 8 3.001293661060802
4 9 -3.001293661060802
4 10 -3.4023285899094438
4 11 6.106080206985769
4 12 3.001293661060802
4 13 -2.8072445019404917
4 14 -0.49159120310478654
4 15 3.389391979301423
4 16 0.1034928848641656
4 17 0.1034928848641656
4 18 2.4191461836998704
4 19 0.8796895213454075
4 20 -2.820181112548512
4 21 6.106080206985769
4 22 3.001293661060802
4 23 -0.8796895213454075
4 24 -2.6131953428201813
4 25 -0.2846054333764554
4 26 2.6261319534282017
4 27 3.596377749029754
4 28 0.49159120310478654
4 29 0.2846054333764554
4 54 -0.6217041208435237
4 55 0.5853509590259298
5 6 3.4023285899094438
5 7 0.2975420439844761
5 8 5.342820181112549
5 9 0.47865459249676584
5 10 0.1034928848641656
5 11 -3.5834411384217333
5 12 -0.47865459249676584
5 13 0.2846054333764554
5 14 3.014230271668823
5 15 -0.8667529107373868
5 16 -2.6261319534282017
5 17 3.1953428201811125
5 18 0.1034928848641656
5 19 -3.4023285899094438
5 20 -0.47865459249676584
5 21 -3.5834411384217333
5 22 -0.47865459249676584
5 23 3.4023285899094438
5 24 0.09055627425614489
5 25 3.5834411384217333
5 26 0.6727037516170763
5 27 5.523932729624838
5 28 2.8072445019404917
5 29 -3.5834411384217333
5 60 -0.3926480543037889
5 61 -0.7951012212881925
6 7 6.895213454075033
6 8 0.2975420439844761
6 9 5.523932729624838
6 10 0.8796895213454075
6 11 -8.628719275549805
6 12 -5.523932729624838
6 13 -0.49159120310478654
6 14 3.7904269081500646
6 15 -5.912031047865459
6 16 -3.4023285899094438
6 17 2.4191461836998704
6 18 0.8796895213454075
6 19 -4.178525226390685
6 20 0.2975420439844761
6 21 -8.628719275549805
6 22 -5.523932729624838
6 23 4.178525226390685
6 24 -0.685640362225097
6 25 2.8072445019404917
6 26 -0.1034928848641656
6 27 -1.073738680465718
6 28 2.0310478654592496
6 29 -2.8072445019404917
6 66 0.9876991699091195
6 67 0.8059114257353053
7 8 3.014230271668823
7 9 8.628719275549805
7 10 -2.22509702457956
7 11 -5.912031047865459
7 12 -8.628719275549805
7 13 -3.2082794307891334
7 14 6.507115135834411
7 15 -3.1953428201811125
7 16 -6.11901681759379
7 17 5.523932729624838
7 18 -2.22509702457956
7 19 -1.073738680465718
7 20 -2.8072445019404917
7 21 -5.912031047865459
7 22 -8.628719275549805
7 23 1.073738680465718
7 24 -3.4023285899094438
7 25 0.09055627425614489
7 26 -2.820181112548512
7 27 2.0310478654592496
7 28 5.135834411384217
7 29 -0.09055627425614489
7 72 -0.7545494923707083
7 73 -0.9638589674356253
8 9 3.5834411384217333
8 10 -3.001293661060802
8 11 -0.8667529107373868
8 12 -3.5834411384217333
8 13 -2.4320827943078913
8 14 5.730918499353169
8 15 1.84993531694696
8 16 -5.342820181112549
8 17 6.30012936610608
8 18 -3.001293661060802
8 19 -0.2975420439844761
8 20 -3.5834411384217333
8 21 -0.8667529107373868
8 22 -3.5834411384217333
8 23 0.2975420439844761
8 24 -2.6261319534282017
8 25 0.8667529107373868
8 26 -2.0439844760672705
8 27 8.628719275549805
8 28 5.912031047865459
8 29 -0.8667529107373868
8 78 -0.5600228906803073
8 79 -0.5383265528012102
9 10 -2.820181112548512
9 11 -4.954721862871928
9 12 -8.059508408796896
9 13 -3.389391979301423
9 14 5.912031047865459
9 15 -1.84993531694696
9 16 -6.30012936610608
9 17 5.342820181112549
9 18 -2.820181112548512
9 19 0.2975420439844761
9 20 -2.238033635187581
9 21 -4.954721862871928
9 22 -8.059508408796896
9 23 -0.2975420439844761
9 24 -3.1953428201811125
9 25 -0.8667529107373868
9 26 -3.777490297542044
9 27 3.014230271668823
9 28 5.730918499353169
9 29 0.8667529107373868
9 84 -0.045673876931422
9 85 -0.47783084119222474
10 11 -0.2846054333764554
10 12 2.820181112548512
10 13 8.628719275549805
10 14 0.49159120310478654
10 15 -3.389391979301423
10 16 5.717981888745149
10 17 -0.1034928848641656
10 18 -2.4191461836998704
10 19 -6.701164294954721
10 20 -3.001293661060802
10 21 -0.2846054333764554
10 22 2.820181112548512
10 23 6.701164294954721
10 24 2.6131953428201813
10 25 6.106080206985769
10 26 3.1953428201811125
10 27 -3.596377749029754
10 28 -6.313065976714101
10 29 -6.106080206985769
10 90 -0.4074806699591327
10 91 0.08230059827113556
11 12 4.954721862871928
11 13 0.6727037516170763
11 14 -3.1953428201811125
11 15 4.566623544631307
11 16 3.5834411384217333
11 17 -2.238033635187581
11 18 -0.2846054333764554
11 19 2.8072445019404917
11 20 -0.8667529107373868
11 21 7.671410090556274
11 22 4.954721862871928
11 23 -2.8072445019404917
11 24 0.47865459249676584
11 25 -1.84993531694696
11 26 1.0608020698576972
11 27 0.09055627425614489
11 28 -2.6261319534282017
11 29 1.84993531694696
11 96 0.09772663663242409
11 97 0.017497327618247516
12 13 3.389391979301423
12 14 -5.912031047865459
12 15 1.84993531694696
12 16 6.30012936610608
12 17 -5.342820181112549
12 18 2.820181112548512
12 19 -0.2975420439844761
12 20 2.238033635187581
12 21 4.954721862871928
12 22 8.059508408796896
12 23 0.2975420439844761
12 24 3.1953428201811125
12 25 0.8667529107373868
12 26 3.777490297542044
12 27 -3.014230271668823
12 28 -5.730918499353169
12 29 -0.8667529107373868
12 102 -0.7842018459706435
12 103 -0.4969988208360341
13 14 -0.1034928848641656
13 15 -2.0439844760672705
13 16 5.536869340232859
13 17 -0.2846054333764554
13 18 -3.014230271668823
13 19 -5.329883570504528
13 20 -2.4320827943078913
13 21 0.6727037516170763
13 22 3.389391979301423
13 23 5.329883570504528
13 24 2.820181112548512
13 25 5.148771021992238
13 26 2.238033635187581
13 27 -2.6131953428201813
13 28 -5.717981888745149
13 29 -5.148771021992238
13 108 -0.4762160457837219
13 109 0.9977716115855035
14 15 -0.47865459249676584
14 16 -3.014230271668823
14 17 8.628719275549805
14 18 -5.329883570504528
14 19 -3.7904269081500646
14 20 -5.912031047865459
14 21 -3.1953428201811125
14 22 -5.912031047865459
14 23 3.7904269081500646
14 24 -0.2975420439844761
14 25 3.1953428201811125
14 26 0.2846054333764554
14 27 5.135834411384217
14 28 2.4191461836998704
14 29 -3.1953428201811125
14 114 0.588997453015069
14 115 -0.5703040537465025
15 16 0.8667529107373868
15 17 0.8667529107373868
15 18 -3.389391979301423
15 19 5.912031047865459
15 20 1.84993531694696
15 21 4.566623544631307
15 22 1.84993531694696
15 23 -5.912031047865459
15 24 3.5834411384217333
15 25 -4.566623544631307
15 26 -1.6558861578266495
15 27 3.1953428201811125
15 28 0.47865459249676584
15 29 4.566623544631307
15 120 -0.13266162541795445
15 121 0.9509090705956582
16 17 -3.1953428201811125
16 18 -0.1034928848641656
16 19 -2.4191461836998704
16 20 0.47865459249676584
16 21 3.5834411384217333
16 22 6.30012936610608
16 23 2.4191461836998704
16 24 5.730918499353169
16 25 2.238033635187581
16 26 5.148771021992238
16 27 -5.523932729624838
16 28 -8.628719275549805
16 29 -2.238033635187581
16 126 -0.9418901312285548
16 127 -0.07782741449647168
17 18 -5.92496765847348
17 19 -2.4191461836998704
17 20 -5.342820181112549
17 21 -2.238033635187581
17 22 -5.342820181112549
17 23 2.4191461836998704
17 24 -0.09055627425614489
17 25 2.238033635187581
17 26 -0.6727037516170763
17 27 6.11901681759379
17 28 3.014230271668823
17 29 -2.238033635187581
17 132 0.2466336922267207
17 133 -0.7361515042371585
18 19 -0.8796895213454075
18 20 2.820181112548512
18 21 -0.2846054333764554
18 22 2.820181112548512
18 23 0.8796895213454075
18 24 -3.2082794307891334
18 25 0.2846054333764554
18 26 3.1953428201811125
18 27 -3.596377749029754
18 28 -0.49159120310478654
18 29 -0.2846054333764554
18 138 0.8874669666506905
18 139 0.6117653982722964
19 20 5.523932729624838
19 21 2.8072445019404917
19 22 -0.2975420439844761
19 23 -10.0
19 24 0.685640362225097
19 25 -8.628719275549805
19 26 -5.717981888745149
19 27 1.073738680465718
19 28 3.7904269081500646
19 29 8.628719275549805
19 144 0.8207334164012587
19 145 -0.5472550465631278
20 21 -0.8667529107373868
20 22 2.238033635187581
20 23 -5.523932729624838
20 24 3.1953428201811125
20 25 -4.954721862871928
20 26 -2.0439844760672705
20 27 -3.014230271668823
20 28 0.09055627425614489
20 29 4.954721862871928
20 150 0.34601506288694384
20 151 0.3605885952450105
21 22 4.954721862871928
21 23 -2.8072445019404917
21 24 0.47865459249676584
21 25 -1.84993531694696
21 26 1.0608020698576972
21 27 0.09055627425614489
21 28 -2.6261319534282017
21 29 1.84993531694696
21 156 0.5320746288350875
21 157 -0.34725021752949004
22 23 0.2975420439844761
22 24 3.1953428201811125
22 25 0.8667529107373868
22 26 3.777490297542044
22 27 -3.014230271668823
22 28 -5.730918499353169
22 29 -0.8667529107373868
22 162 0.7465615569107014
22 163 0.6660389878872843
23 24 -0.685640362225097
23 25 8.628719275549805
23 26 5.717981888745149
23 27 -1.073738680465718
23 28 -3.7904269081500646
23 29 -8.628719275549805
23 168 0.050286270182859916
23 169 0.5822741645161682
24 25 -0.47865459249676584
24 26 2.4320827943078913
24 27 -2.4191461836998704
24 28 -5.523932729624838
24 29 0.47865459249676584
24 174 0.10400692940435152
24 175 0.4529234081331195
25 26 4.760672703751617
25 27 -0.09055627425614489
25 28 -3.1953428201811125
25 29 -7.671410090556274
25 180 0.2126289166687474
25 181 0.47825368692042347
26 27 -3.001293661060802
26 28 -6.106080206985769
26 29 -4.760672703751617
26 186 0.4462723478666015
26 187 0.5745080781510181
27 28 6.507115135834411
27 29 0.09055627425614489
27 192 0.3661598994514754
27 193 -0.7245599480595495
28 29 3.1953428201811125
28 198 -0.8960592735914368
28 199 -0.615290420160566
29 204 0.8840198550524783
29 205 -0.8700494121908005
30 32 -0.3663067751448912
30 33 -0.4210417203776544
30 110 -0.555320615899781
31 34 -0.43710898274238463
31 35 0.0237835134358384
31 202 0.3411116054970864
33 72 -0.4755927554859156
33 96 -0.7541532347927444
33 194 -0.18386921171909165
34 51 0.9248094188220177
34 52 0.19413117176715367
36 38 -0.7916849188525839
36 39 0.009230472079830188
37 40 -0.1574038463363865
37 41 -0.24769247335346156
37 90 -0.8422860879351197
37 133 -0.6302532769558669
40 54 0.6595392154949193
40 166 0.21413282751808826
42 44 -0.6021677430580776
42 45 -0.4043371034205494
42 140 -0.913041903993151
43 46 0.03352530099182549
43 47 -0.7124966297748703
43 64 -0.5501289660175686
44 164 -0.17639151881885784
45 122 0.9810763199018651
48 50 -0.7871525354784221
48 51 -0.20998415371889267
49 52 -0.3471351659755779
49 53 -0.7120226689137092
49 180 -0.4743676745037002
52 205 -0.927345288668866
53 173 -0.7629673272646738
54 56 0.03624639901392279
54 57 0.25943809842872234
55 58 0.46418903768954634
55 59 -0.8074161847390644
60 62 -0.415362014431117
60 63 0.3700491610288579
61 64 -0.7265788923859076
61 65 -0.9610640637348296
61 138 0.012127979160995173
62 148 -0.18061365879808022
62 175 0.5206903341978746
65 162 0.6203032916484919
66 68 -0.22108686338835737
66 69 0.1423852955706988
67 70 -0.4221784283530903
67 71 -0.22629097816773558
72 74 -0.930443576089157
72 75 -0.49489227460062235
73 76 -0.8538078390031232
73 77 -0.7795240962498526
73 105 0.3483094418326613
78 80 -0.5138349402434623
78 81 -0.9818386982949483
79 82 0.08622599199281211
79 83 -0.45817920106107324
81 145 -0.5936401799420834
81 192 0.3615214103677957
82 191 -0.857199510693984
84 86 -0.9619202316135176
84 87 -0.854327230610644
84 89 0.7979481308584593
85 88 -0.19354821587294313
85 89 -0.6316624335839451
88 119 -0.011008469528934306
88 145 -0.34343455429445857
90 92 -0.24847222528312884
90 93 -0.5095019891599375
90 186 -0.628600380918477
91 94 -0.5175741476381837
91 95 -0.9942814035697729
92 157 -0.5868225561100684
92 197 0.39740365937265
93 188 -0.7099969551233343
96 98 -0.8052239560095584
96 99 0.5281732855716079
97 100 0.3742398992455027
97 101 0.4749981044147247
98 102 0.44879247589709204
99 197 -0.6563088779023851
102 104 0.18002469974175872
102 105 0.1607612999079917
103 106 -0.5449057266851156
103 107 -0.14647923045375588
104 111 -0.3933890220739218
105 195 -0.10705888486814574
105 209 -0.9863941172019779
107 194 -0.6472853897830835
108 110 0.09473538662144398
108 111 -0.749173538891817
109 112 -0.4604360688022713
109 113 -0.20978329322085054
109 165 0.4857754261025935
110 195 -0.12956348051565025
114 116 -0.5337081706068865
114 117 -0.9052130603207929
114 126 -0.5491398611025915
115 118 -0.11740470072501052
115 119 -0.30401373917730257
120 122 -0.6857688443020842
120 123 -0.33481319703574886
120 186 0.9251565726116386
121 124 -0.47922376334800965
121 125 0.049085013473863404
124 136 0.6632869079448411
124 157 -0.6283995589141556
126 128 -0.7044139072909474
126 129 0.0287907752571126
127 130 -0.19319205602388867
127 131 0.2853667070817676
132 134 -0.36592516668117003
132 135 -0.6261113247341064
133 136 0.5043964814202315
133 137 -0.5619679003366909
134 197 0.2751293455088315
138 140 -0.5737995065408776
138 141 0.554816996511182
139 142 -0.5285930403669516
139 143 -0.9418359882328797
144 146 -0.8208289607589272
144 147 -0.9505605790360059
145 148 -0.3497755583846165
145 149 0.8722530751386985
150 152 -0.9639281278449345
150 153 0.01583683294411431
150 155 0.4624309270951352
151 154 -0.9668914864818583
151 155 0.36852143626281664
156 158 -0.42684943682649656
156 159 -0.4649924019225069
157 160 -0.5091962757591448
157 161 0.19821188557100267
162 164 -0.901609104047411
162 165 -0.9486344363712342
163 166 -0.8974705590692362
163 167 -0.7213799091744657
168 170 -0.4534779123818946
168 171 0.21552515226073732
168 208 0.07178858844447289
169 172 -0.9308446429798849
169 173 -0.6690244403304464
174 176 -0.24587450950192435
174 177 -0.576586419591619
175 178 -0.5106001902680448
175 179 -0.6347335701920636
180 182 -0.49728475787228277
180 183 -0.6729718223679642
181 184 -0.082308890723916
181 185 -0.20343295291078212
182 206 -0.059065897658540756
186 188 -0.8100854954775525
186 189 -0.08250195327036502
187 190 -0.7468978281273639
187 191 -0.06534680465290887
192 194 -0.8804535429732754
192 195 -0.31326991697755746
193 196 -0.6269104182083676
193 197 -0.7957075667768485
198 200 -0.7716684304109149
198 201 -0.5202670395673514
199 202 -0.7230839671668079
199 203 0.20714613371911095
204 206 0.07222420366077298
204 207 -0.09877919443349215
205 208 -0.8572359469219664
205 209 -0.7784159857017912
0 0 1.0235559976507038
1 1 1.72968069364615
2 2 1.042273159028622
3 3 -1.275181482598475
4 4 -1.8387589258263237
5 5 0.5932886522904419
6 6 1.3088595366527334
7 7 -0.5454376304105129
8 8 -1.8343701811964375
9 9 -1.3501817949661141
10 10 -0.4604735039287014
11 11 0.03137730899329494
12 12 -1.1514843831135195
13 13 -1.6473785034628394
14 14 -0.33869761470534826
15 15 -0.6261237531644355
16 16 -1.1692642552775716
17 17 0.7272270349706021
18 18 1.0237472276414321
19 19 1.5376655664488141
20 20 1.6138731329214306
21 21 -1.5600664106151327
22 22 1.4874365122286552
23 23 -0.4849628544271911
24 24 1.3578314008157157
25 25 -1.9496586234197566
26 26 -1.7537436405377562
27 27 -0.8568128332714969
28 28 1.8001093655322775
29 29 1.961971073487152
30 30 1.6605762086739575
31 31 -1.0575180740999865
32 32 -0.5997784704685807
33 33 1.7405549240888096
34 34 0.9300430976264109
35 35 0.5976534495505517
36 36 1.0104203922476342
37 37 0.4972342350828973
38 38 -1.20194047788529
39 39 0.7026829618666057
40 40 1.0424944140149983
41 41 -1.8479795291425305
42 42 1.5353299604738344
43 43 -1.3966469051192787
44 44 -0.45018586153212814
45 45 0.7291133592479282
46 46 -0.4391153819615021
47 47 -0.5298810609512623
48 48 -1.708520554375479
49 49 -1.413506060419709
50 50 0.5499631776067444
51 51 1.2207136443199111
52 52 -1.166107373658463
53 53 0.7442915132536942
54 54 -0.4826293499259049
55 55 -0.8133999822645888
56 56 -1.8472007320418349
57 57 -1.8979400591770537
58 58 0.14371738571340975
59 59 -0.7392962775968348
60 60 0.6982289497644638
61 61 -1.2351860879003675
62 62 0.09700334612635642
63 63 -1.976103400675535
64 64 0.05358380916972472
65 65 0.015686422943896883
66 66 -1.2732491030936253
67 67 0.13331214692282645
68 68 -0.2603863011857728
69 69 -0.18552720612382867
70 70 1.079192267834963
71 71 0.5318904727202649
72 72 -0.11479958868575935
73 73 -1.4946972981381337
74 74 1.7025784621665063
75 75 0.6709560879277787
76 76 1.707766238298638
77 77 -1.222190462737463
78 78 1.8890121003246452
79 79 -1.4212249488272382
80 80 1.0675417191580072
81 81 0.7278167803370472
82 82 -0.8269918272047962
83 83 -1.2360687642698207
84 84 -0.9793689204430122
85 85 -0.21102009765988727
86 86 -0.3815317837564041
87 87 -1.2784341149890075
88 88 0.8895373481401819
89 89 -1.06243887735164
90 90 1.3182247984007467
91 91 -0.44170211253030756
92 92 0.552172727636937
93 93 0.7307642224090354
94 94 -1.2382360495237164
95 95 0.3271380202360761
96 96 1.4017995901428817
97 97 1.7656508263747759
98 98 -0.6341933415217587
99 99 1.3263432614262594
100 100 -0.972194028404191
101 101 1.605018789905647
102 102 -0.287698484594908
103 103 -1.6580529738181227
104 104 0.2708552627802532
105 105 0.4714356299219342
106 106 -0.6239801359410593
107 107 0.12895760093212116
108 108 -1.9431562707388896
109 109 1.4332969217152107
110 110 -0.5324317805813785
111 111 -0.607810359865331
112 112 1.0173522538075934
113 113 -1.956571456226338
114 114 0.8825786565274387
115 115 0.026261125637109917
116 116 1.8478070944260274
117 117 -0.3272376920612241
118 118 -1.9675327928480322
119 119 0.7415556100168673
120 120 0.12080718239054233
121 121 -0.7595781992227445
122 122 1.4380709171880128
123 123 1.9224239059505157
124 124 -1.6059970144311286
125 125 1.046533274571908
126 126 -1.064975891537971
127 127 0.652294199230445
128 128 -1.6278154293153377
129 129 -1.5480752266729836
130 130 0.9185788706361588
131 131 -0.42872934227554094
132 132 -0.035932963873208656
133 133 -1.0524112032094175
134 134 -0.70208695223018
135 135 1.3445782619447575
136 136 0.5152573332309469
137 137 -1.811842939107915
138 138 -1.3247470719153163
139 139 -0.23074751860795353
140 140 0.020064781712958002
141 141 1.9553043482629544
142 142 0.7612286045818513
143 143 1.9261078399262275
144 144 -1.5288700832230993
145 145 0.6481843482414509
146 146 -0.8455641845084227
147 147 -1.871850949885904
148 148 1.4826096160739946
149 149 1.0136410030180798
150 150 1.9709587292988562
151 151 0.20551554215971857
152 152 1.7129372045846536
153 153 0.4636996461002605
154 154 1.277898311404698
155 155 0.49914668221362973
156 156 1.9399014536463515
157 157 -0.8952446098188843
158 158 0.6690513039099337
159 159 -0.7709519609687897
160 160 0.46776221587947303
161 161 1.5600772198409085
162 162 -0.7258212183070172
163 163 -0.9326308007706743
164 164 -1.9444324744882324
165 165 1.9406283724804645
166 166 0.3911194728087626
167 167 -0.40453752817617294
168 168 -0.009194515349725485
169 169 0.05778367635252657
170 170 -0.008941128356276806
171 171 -1.7517917832875949
172 172 -0.6362583089030078
173 173 -1.0842326825653603
174 174 1.3550197338810137
175 175 1.2391907687099284
176 176 -0.20925689935416925
177 177 1.107526206368755
178 178 0.8284019375721351
179 179 -1.0628320649809644
180 180 1.3906965962734041
181 181 1.8357300047218017
182 182 -0.3541973123131475
183 183 0.03269749764409635
184 184 1.313446045248594
185 185 -0.2309659012043923
186 186 -0.8577728461873974
187 187 0.29606459245149663
188 188 1.425149212788448
189 189 1.9033565198349636
190 190 -0.6801367270406411
191 191 0.2941373174824884
192 192 -0.39125142496185017
193 193 0.7608581923841791
194 194 1.9423334367436904
195 195 0.33285479434015697
196 196 1.5818131357881304
197 197 -0.2790680845269513
198 198 -1.4279764658138285
199 199 1.305289824249003
200 200 0.2456194839213004
201 201 1.7185136716014482
202 202 1.7018901939124875
203 203 1.0779955798894298
204 204 -1.6361395242692578
205 205 -1.251572354156946
206 206 -1.4741556356951468
207 207 -0.5749988524540397
208 208 1.888456093990646
209 209 -1.0996745011180042
