0	1	-1.7106813e-02
0	2	1.1407259e-01
0	3	-8.9106044e-02
0	4	-3.4642656e-03
0	5	-4.2421360e-02
0	6	5.4496845e-02
0	7	3.5538082e-03
0	8	-1.4130160e-02
0	9	-5.0288207e-02
0	10	1.8383183e-03
0	11	-3.0996823e-02
0	12	-2.1444437e-02
0	13	-1.3034674e-01
0	14	3.7009382e-02
0	15	-3.4317558e-03
0	16	7.4760646e-02
0	17	3.0355317e-02
0	18	5.1506113e-02
0	19	-3.1399317e-02
0	20	2.3905655e-02
0	21	-5.8103050e-04
0	22	-3.6449166e-02
0	23	-1.5683819e-02
0	24	-7.0824797e-02
1	2	-8.6290098e-02
1	3	1.4729430e-01
1	4	-7.7038955e-02
1	5	7.9859349e-02
1	6	1.7762213e-01
1	7	-3.9158316e-02
1	8	1.8331897e-01
1	9	-3.0705560e-02
1	10	1.6570817e-02
1	11	2.9963947e-02
1	12	-3.6968909e-02
1	13	-5.0187445e-02
1	14	-3.6746546e-02
1	15	-8.2933637e-02
1	16	6.3503702e-02
1	17	-3.8746365e-03
1	18	-5.6630553e-02
1	19	6.4177797e-02
1	20	-6.2360253e-02
1	21	1.1548919e-01
1	22	-6.0358510e-02
1	23	8.6743757e-02
1	24	5.4360974e-02
2	3	-1.8885060e-01
2	4	1.3705809e-01
2	5	-3.9216290e-02
2	6	-1.2937581e-01
2	7	1.1056706e-01
2	8	-1.9423385e-01
2	9	-1.5037544e-01
2	10	-1.4988603e-01
2	11	-1.7048986e-01
2	12	5.2401019e-02
2	13	2.9763242e-02
2	14	7.4778866e-02
2	15	1.4828778e-01
2	16	7.8906364e-02
2	17	2.0925201e-03
2	18	2.8977708e-02
2	19	-5.2351046e-02
2	20	1.6994065e-01
2	21	7.3770054e-02
2	22	-6.0460581e-02
2	23	-7.0963137e-02
2	24	3.1791651e-02
3	4	5.3898267e-02
3	5	5.3987233e-02
3	6	1.6477032e-01
3	7	-1.2633478e-01
3	8	2.6813142e-01
3	9	-2.7624019e-02
3	10	-1.2181971e-02
3	11	4.0018320e-02
3	12	2.3870396e-02
3	13	9.7463546e-02
3	14	-1.0874944e-01
3	15	-7.4710616e-02
3	16	-1.3231644e-01
3	17	-8.1411471e-02
3	18	-8.2257156e-02
3	19	3.9819181e-02
3	20	-1.1143085e-02
3	21	3.7767557e-02
3	22	-6.3893519e-03
3	23	5.3085709e-02
3	24	1.0294105e-01
4	5	-4.2632389e-02
4	6	-5.4122719e-04
4	7	-1.4318716e-01
4	8	-1.5779837e-02
4	9	-2.2570474e-01
4	10	-4.1970093e-02
4	11	-1.5955457e-01
4	12	1.0764924e-01
4	13	1.1218279e-01
4	14	-4.6863657e-02
4	15	1.6008232e-01
4	16	-2.4028862e-01
4	17	-1.3698490e-01
4	18	-1.0118806e-02
4	19	-2.4222039e-01
4	20	1.9653456e-01
4	21	-1.1962671e-01
4	22	3.7675014e-02
4	23	-2.2466559e-01
4	24	-3.9993763e-04
5	6	6.5075354e-02
5	7	-5.6175777e-02
5	8	3.8112497e-02
5	9	1.1400361e-02
5	10	1.0632583e-01
5	11	2.1494314e-03
5	12	-3.8141586e-02
5	13	-1.6130032e-01
5	14	7.8429778e-02
5	15	-9.0320787e-03
5	16	9.3751431e-02
5	17	6.8141276e-02
5	18	-3.4938301e-02
5	19	-7.0078047e-02
5	20	-2.5347049e-01
5	21	1.5424513e-01
5	22	-1.2988559e-01
5	23	-1.0121016e-02
5	24	-7.8283136e-03
6	7	-1.5332100e-01
6	8	3.7432949e-01
6	9	-3.0845294e-01
6	10	1.9760763e-01
6	11	-1.8123425e-01
6	12	-1.3464475e-01
6	13	-1.5148011e-01
6	14	-1.1747679e-01
6	15	-5.4929402e-02
6	16	6.9507318e-02
6	17	-8.8025833e-02
6	18	-9.4080775e-02
6	19	1.6180867e-02
6	20	-2.3327324e-02
6	21	1.4454799e-01
6	22	-1.3531280e-01
6	23	4.0283416e-02
6	24	-4.2328656e-02
7	8	-1.0290075e-01
7	9	-9.5897649e-03
7	10	-1.6144581e-02
7	11	-4.7744710e-02
7	12	-9.3166613e-02
7	13	2.3895296e-01
7	14	-7.2036699e-02
7	15	4.6150998e-02
7	16	2.4360536e-01
7	17	-5.2657279e-02
7	18	4.8909561e-02
7	19	2.0709143e-01
7	20	1.4527153e-01
7	21	-1.1246366e-01
7	22	-2.7069657e-02
7	23	1.4572868e-01
7	24	2.8558446e-02
8	9	-1.1530017e-01
8	10	1.0191635e-01
8	11	-9.8930557e-02
8	12	-6.8672470e-02
8	13	1.1137220e-01
8	14	-1.8017109e-01
8	15	-9.5174900e-02
8	16	-1.1023387e-01
8	17	-1.3095168e-01
8	18	-3.4934348e-02
8	19	1.4264268e-01
8	20	-6.6726907e-02
8	21	2.2074031e-02
8	22	-1.6619537e-01
8	23	1.3988258e-01
8	24	3.3489742e-02
9	10	-7.4985601e-02
9	11	3.0777015e-01
9	12	6.3895758e-02
9	13	-8.1799676e-02
9	14	1.2204392e-01
9	15	-1.3386316e-01
9	16	-4.8925452e-02
9	17	1.6697658e-01
9	18	7.6632721e-02
9	19	5.1605380e-02
9	20	-2.3085439e-01
9	21	-3.4378541e-02
9	22	7.2766506e-02
9	23	6.8941140e-02
9	24	-6.5861055e-03
10	11	-8.3096293e-02
10	12	-1.2982187e-01
10	13	-1.3824997e-01
10	14	-1.0934503e-02
10	15	2.3136271e-03
10	16	9.6884830e-02
10	17	-4.2585803e-03
10	18	2.1385650e-02
10	19	-5.2632750e-02
10	20	-1.8744899e-01
10	21	-2.9400349e-02
10	22	-1.1953837e-01
10	23	-1.6039053e-02
10	24	-1.4162156e-01
11	12	5.2549842e-02
11	13	-1.8382577e-01
11	14	9.9796479e-02
11	15	-1.6004636e-01
11	16	2.9570186e-02
11	17	1.4719599e-01
11	18	3.5854064e-02
11	19	-1.5950300e-02
11	20	-1.2114178e-01
11	21	-2.4504337e-02
11	22	1.3633097e-01
11	23	3.4617696e-02
11	24	-4.6554568e-03
12	13	4.4989200e-02
12	14	3.3407887e-02
12	15	1.7132880e-02
12	16	-1.6164864e-01
12	17	1.0256652e-02
12	18	-9.2888503e-03
12	19	-6.2244431e-02
12	20	4.9781031e-02
12	21	1.3890052e-03
12	22	7.8254664e-02
12	23	-6.5245610e-02
12	24	5.7513357e-02
13	14	-2.6551145e-01
13	15	1.2141964e-01
13	16	-2.2777402e-01
13	17	-2.6430858e-01
13	18	-4.2609026e-02
13	19	2.7896564e-01
13	20	3.3882604e-01
13	21	-1.8480327e-01
13	22	3.9885956e-02
13	23	1.2667697e-01
13	24	2.0742754e-01
14	15	-1.3070923e-02
14	16	6.5652245e-02
14	17	1.5438434e-01
14	18	3.0861021e-02
14	19	-1.2955690e-01
14	20	-1.6857790e-01
14	21	9.7717028e-02
14	22	-2.0702443e-03
14	23	-7.6080206e-02
14	24	-5.7616921e-02
15	16	-3.8942105e-02
15	17	-6.5996058e-02
15	18	-7.1766725e-03
15	19	-6.2958722e-02
15	20	1.0066171e-01
15	21	-3.1419037e-02
15	22	-1.6324947e-02
15	23	-8.7320438e-02
15	24	4.9243908e-03
16	17	9.3384072e-02
16	18	1.7676955e-02
16	19	6.2597425e-02
16	20	-5.3649726e-02
16	21	9.0455578e-02
16	22	-7.9453107e-02
16	23	9.9573631e-02
16	24	-6.5220355e-02
17	18	2.8312482e-02
17	19	-6.1312294e-02
17	20	-1.8614485e-01
17	21	9.9776388e-02
17	22	5.7491747e-03
17	23	-1.4399921e-02
17	24	-5.0194183e-02
18	19	-2.3107090e-02
18	20	-4.3768872e-02
18	21	-1.2090756e-01
18	22	-2.9762863e-02
18	23	-6.4911201e-03
18	24	-8.8478269e-02
19	20	7.8386973e-02
19	21	1.3990730e-02
19	22	-2.9270884e-02
19	23	2.4074645e-01
19	24	1.1421869e-01
20	21	-1.4537683e-01
20	22	1.8025011e-01
20	23	-1.2464671e-02
20	24	1.1093690e-01
21	22	-7.6500819e-02
21	23	3.0525976e-02
21	24	9.3707977e-02
22	23	-5.2260042e-02
22	24	4.1404899e-02
23	24	6.7628277e-02
