0	1	-20
0	2	-852
0	3	-1428
0	4	852
0	5	-236
0	6	-212
0	7	-340
0	8	-1108
0	9	532
0	10	492
0	11	-300
0	12	1324
0	13	-1172
0	14	1324
0	15	-556
1	2	-1108
1	3	364
1	4	-940
1	5	2068
1	6	-468
1	7	-596
1	8	-340
1	9	788
1	10	236
1	11	-44
1	12	44
1	13	620
1	14	44
1	15	-1324
2	3	-468
2	4	-108
2	5	-1196
2	6	-276
2	7	620
2	8	876
2	9	-428
2	10	-596
2	11	788
2	12	-788
2	13	812
2	14	-788
2	15	1556
3	4	-556
3	5	404
3	6	172
3	7	44
3	8	300
3	9	148
3	10	-148
3	11	340
3	12	-340
3	13	236
3	14	-340
3	15	84
4	5	-1876
4	6	1300
4	7	-620
4	8	-876
4	9	-1620
4	10	596
4	11	236
4	12	788
4	13	-812
4	14	-236
4	15	492
5	6	-812
5	7	340
5	8	84
5	9	1516
5	10	532
5	11	-724
5	12	-300
5	13	148
5	14	-300
5	15	-1492
6	7	-788
6	8	-532
6	9	-2092
6	10	44
6	11	148
6	12	-148
6	13	-596
6	14	-1172
6	15	-108
7	8	364
7	9	1108
7	10	940
7	11	-748
7	12	-276
7	13	-724
7	14	-276
7	15	1044
8	9	-172
8	10	-852
8	11	1044
8	12	-20
8	13	556
8	14	-1044
8	15	788
9	10	276
9	11	-468
9	12	468
9	13	-108
9	14	1492
9	15	-212
10	11	-556
10	12	556
10	13	-916
10	14	-468
10	15	212
11	12	660
11	13	1108
11	14	-364
11	15	620
12	13	-1108
12	14	364
12	15	404
13	14	-84
13	15	-172
14	15	-620
