0	1	-736
0	2	1568
0	3	1440
0	4	-1440
0	5	416
0	6	96
0	7	96
0	8	864
0	9	224
0	10	864
0	11	1248
0	12	864
0	13	-480
0	14	-1888
0	15	1248
1	2	224
1	3	96
1	4	-736
1	5	96
1	6	-608
1	7	416
1	8	544
1	9	544
1	10	-480
1	11	-480
1	12	-864
1	13	-160
1	14	480
1	15	-1504
2	3	1120
2	4	-1120
2	5	96
2	6	-608
2	7	416
2	8	672
2	9	-736
2	10	-352
2	11	1312
2	12	672
2	13	-32
2	14	-672
2	15	288
3	4	-2016
3	5	1248
3	6	288
3	7	1312
3	8	-224
3	9	160
3	10	-224
3	11	1184
3	12	-480
3	13	-1184
3	14	-800
3	15	160
4	5	-992
4	6	-544
4	7	-1568
4	8	-416
4	9	352
4	10	-416
4	11	-672
4	12	-288
4	13	1056
4	14	1440
4	15	352
5	6	288
5	7	288
5	8	-1248
5	9	160
5	10	-1248
5	11	160
5	12	-480
5	13	-1184
5	14	224
5	15	160
6	7	224
6	8	736
6	9	-672
6	10	736
6	11	352
6	12	-32
6	13	672
6	14	-736
6	15	-672
7	8	-288
7	9	-672
7	10	-288
7	11	352
7	12	-1056
7	13	-352
7	14	-736
7	15	-672
8	9	-416
8	10	1376
8	11	608
8	12	992
8	13	1312
8	14	-1376
8	15	-416
9	10	608
9	11	-544
9	12	-928
9	13	-1248
9	14	416
9	15	480
10	11	-416
10	12	992
10	13	288
10	14	-1376
10	15	608
11	12	96
11	13	-224
11	14	-608
11	15	-544
12	13	416
12	14	-992
12	15	1120
13	14	-288
13	15	-224
14	15	-608
