0	1	1380
0	2	-220
0	3	100
0	4	604
0	5	-1052
0	6	-548
0	7	-92
0	8	668
0	9	156
0	10	-668
0	11	-668
0	12	284
0	13	668
0	14	676
0	15	-156
1	2	676
1	3	-28
1	4	732
1	5	-1180
1	6	604
1	7	804
1	8	796
1	9	284
1	10	228
1	11	-796
1	12	412
1	13	796
1	14	-476
1	15	740
2	3	420
2	4	284
2	5	292
2	6	-868
2	7	228
2	8	348
2	9	-164
2	10	-348
2	11	-348
2	12	988
2	13	348
2	14	-2076
2	15	164
3	4	988
3	5	-412
3	6	-164
3	7	1572
3	8	1052
3	9	1564
3	10	-28
3	11	-1052
3	12	-356
3	13	1052
3	14	292
3	15	484
4	5	92
4	6	484
4	7	156
4	8	292
4	9	-220
4	10	732
4	11	732
4	12	-348
4	13	292
4	14	-612
4	15	-804
5	6	-1060
5	7	-604
5	8	-868
5	9	-356
5	10	-156
5	11	868
5	12	796
5	13	-868
5	14	-860
5	15	-1692
6	7	1052
6	8	-604
6	9	-92
6	10	604
6	11	604
6	12	-1244
6	13	420
6	14	284
6	15	1116
7	8	220
7	9	1756
7	10	-220
7	11	-1244
7	12	-164
7	13	1244
7	14	100
7	15	1316
8	9	740
8	10	796
8	11	-1252
8	12	-412
8	13	228
8	14	476
8	15	284
9	10	284
9	11	-1764
9	12	100
9	13	740
9	14	988
9	15	796
10	11	228
10	12	-612
10	13	-228
10	14	548
10	15	-284
11	12	-612
11	13	-228
11	14	-476
11	15	-1308
12	13	-412
12	14	-932
12	15	-100
13	14	476
13	15	284
14	15	36
