0	1	-484
0	2	-420
0	3	-860
0	4	-36
0	5	-412
0	6	668
0	7	-356
0	8	476
0	9	1308
0	10	-284
0	11	-1436
0	12	36
0	13	412
0	14	228
0	15	996
1	2	-348
1	3	-1444
1	4	-732
1	5	1180
1	6	612
1	7	612
1	8	-1244
1	9	996
1	10	1052
1	11	156
1	12	-292
1	13	868
1	14	1564
1	15	1820
2	3	668
2	4	228
2	5	220
2	6	-476
2	7	-476
2	8	-284
2	9	-1116
2	10	92
2	11	-804
2	12	-228
2	13	-1244
2	14	-420
2	15	-164
3	4	1052
3	5	-476
3	6	-292
3	7	-292
3	8	540
3	9	-676
3	10	-348
3	11	548
3	12	996
3	13	-1572
3	14	-1884
3	15	-2140
4	5	-420
4	6	-860
4	7	-860
4	8	356
4	9	-476
4	10	-548
4	11	-420
4	12	1180
4	13	-604
4	14	-1060
4	15	-804
5	6	284
5	7	284
5	8	-932
5	9	924
5	10	100
5	11	-28
5	12	-604
5	13	28
5	14	612
5	15	356
6	7	-540
6	8	676
6	9	868
6	10	156
6	11	284
6	12	860
6	13	740
6	14	668
6	15	924
7	8	-348
7	9	868
7	10	1180
7	11	1308
7	12	-164
7	13	-284
7	14	-356
7	15	-100
8	9	36
8	10	-36
8	11	92
8	12	1692
8	13	-92
8	14	-548
8	15	-292
9	10	796
9	11	-100
9	12	476
9	13	100
9	14	284
9	15	540
10	11	100
10	12	548
10	13	-100
10	14	-284
10	15	484
11	12	420
11	13	28
11	14	-412
11	15	-668
12	13	-420
12	14	-988
12	15	-220
13	14	1436
13	15	1692
14	15	2020
