0	1	-48
0	2	1488
0	3	1200
0	4	-1200
0	5	-912
0	6	-1872
0	7	48
0	8	-144
0	9	-432
0	10	912
0	11	2160
0	12	720
0	13	-1584
0	14	-144
0	15	144
0	16	144
0	17	-1008
0	18	48
0	19	-336
0	20	912
0	21	2928
0	22	3504
0	23	1200
1	2	2736
1	3	144
1	4	-144
1	5	144
1	6	1680
1	7	-1008
1	8	1104
1	9	816
1	10	-144
1	11	-1200
1	12	1776
1	13	1968
1	14	-1200
1	15	-1104
1	16	-912
1	17	-2256
1	18	-1200
1	19	720
1	20	-2448
1	21	-432
1	22	-48
1	23	-48
2	3	720
2	4	-3024
2	5	1296
2	6	1488
2	7	-432
2	8	-240
2	9	2352
2	10	-1296
2	11	-240
2	12	1968
2	13	1200
2	14	-2544
2	15	-2064
2	16	-528
2	17	-912
2	18	336
2	19	720
2	20	-1296
2	21	1296
2	22	1488
2	23	1488
3	4	-1008
3	5	1008
3	6	-528
3	7	-144
3	8	-2256
3	9	-1968
3	10	-1008
3	11	48
3	12	-624
3	13	1488
3	14	-2256
3	15	-48
3	16	2064
3	17	-1200
3	18	48
3	19	-1872
3	20	1296
3	21	-720
3	22	1200
3	23	1200
4	5	-1008
4	6	-1776
4	7	144
4	8	2256
4	9	-336
4	10	1008
4	11	-48
4	12	-1680
4	13	-1488
4	14	2256
4	15	48
4	16	240
4	17	-1104
4	18	-2352
4	19	-432
4	20	-1296
4	21	-1584
4	22	-1200
4	23	-1200
5	6	2544
5	7	2160
5	8	-336
5	9	1680
5	10	-3888
5	11	-2640
5	12	-1392
5	13	528
5	14	-2640
5	15	336
5	16	2256
5	17	1488
5	18	240
5	19	-144
5	20	720
5	21	-1872
5	22	-912
5	23	-912
6	7	624
6	8	816
6	9	1104
6	10	-2544
6	11	-3792
6	12	912
6	13	2256
6	14	-1488
6	15	1488
6	16	528
6	17	336
6	18	-720
6	19	1968
6	20	-240
6	21	-2256
6	22	-1872
6	23	-1872
7	8	1200
7	9	1488
7	10	-2160
7	11	-1104
7	12	-1776
7	13	-1968
7	14	-1104
7	15	1104
7	16	912
7	17	2256
7	18	1200
7	19	-720
7	20	144
7	21	432
7	22	48
7	23	-2256
8	9	1680
8	10	336
8	11	-912
8	12	336
8	13	-1776
8	14	1392
8	15	912
8	16	-1200
8	17	-240
8	18	-1296
8	19	1392
8	20	-1968
8	21	624
8	22	-144
8	23	-2448
9	10	-1680
9	11	-624
9	12	48
9	13	-1488
9	14	-624
9	15	-1680
9	16	-912
9	17	1776
9	18	720
9	19	1104
9	20	-1680
9	21	912
9	22	-432
9	23	-432
10	11	2640
10	12	1392
10	13	-528
10	14	2640
10	15	-336
10	16	-2256
10	17	-1488
10	18	-240
10	19	144
10	20	-720
10	21	1872
10	22	912
10	23	912
11	12	336
11	13	-1776
11	14	1392
11	15	-1392
11	16	-1200
11	17	-240
11	18	1008
11	19	-912
11	20	336
11	21	2928
11	22	2160
11	23	2160
12	13	1200
12	14	336
12	15	-336
12	16	-1680
12	17	-1488
12	18	-432
12	19	1488
12	20	-912
12	21	1104
12	22	720
12	23	720
13	14	-1776
13	15	-528
13	16	240
13	17	-1680
13	18	-432
13	19	-48
13	20	-528
13	21	-2544
13	22	-1584
13	23	720
14	15	912
14	16	-1200
14	17	-240
14	18	-1296
14	19	1392
14	20	336
14	21	624
14	22	-144
14	23	-144
15	16	1200
15	17	240
15	18	-1008
15	19	912
15	20	1968
15	21	-624
15	22	144
15	23	-2160
16	17	48
16	18	-1008
16	19	-624
16	20	2352
16	21	-1968
16	22	144
16	23	144
17	18	2448
17	19	-240
17	20	816
17	21	528
17	22	-1008
17	23	-1008
18	19	-1488
18	20	-240
18	21	1776
18	22	48
18	23	48
19	20	144
19	21	-144
19	22	-336
19	23	-336
20	21	-432
20	22	912
20	23	912
21	22	2928
21	23	624
22	23	1200
