0	1	524
0	2	-436
0	3	1876
0	4	-2836
0	5	1876
0	6	-1012
0	7	620
0	8	-436
0	9	2924
0	10	-1484
0	11	628
0	12	812
0	13	1484
0	14	-1580
0	15	820
0	16	1876
0	17	1100
0	18	2444
0	19	-812
0	20	-716
0	21	-716
0	22	-2636
0	23	1780
1	2	-2060
1	3	2924
1	4	340
1	5	2924
1	6	-1484
1	7	-812
1	8	-2060
1	9	1492
1	10	-2932
1	11	-436
1	12	-1004
1	13	628
1	14	1772
1	15	-628
1	16	620
1	17	1012
1	18	1972
1	19	1004
1	20	-1396
1	21	-1396
1	22	524
1	23	-1588
2	3	-2644
2	4	1300
2	5	-2644
2	6	1780
2	7	-2156
2	8	3508
2	9	148
2	10	3020
2	11	908
2	12	-44
2	13	-3020
2	14	812
2	15	716
2	16	-340
2	17	-332
2	18	-1676
2	19	44
2	20	-52
2	21	-52
2	22	-436
2	23	2060
3	4	-436
3	5	4084
3	6	-3220
3	7	716
3	8	-2644
3	9	716
3	10	-3884
3	11	-1772
3	12	908
3	13	1580
3	14	628
3	15	724
3	16	-524
3	17	1196
3	18	2540
3	19	-908
3	20	-812
3	21	-812
3	22	-428
3	23	-620
4	5	-436
4	6	-428
4	7	-2060
4	8	1300
4	9	-2060
4	10	620
4	11	-1492
4	12	52
4	13	-2924
4	14	3020
4	15	620
4	16	-2740
4	17	-236
4	18	-1580
4	19	-52
4	20	-148
4	21	-148
4	22	1772
4	23	-340
5	6	-3220
5	7	716
5	8	-2644
5	9	716
5	10	-3884
5	11	-1772
5	12	908
5	13	1580
5	14	628
5	15	724
5	16	-524
5	17	1196
5	18	2540
5	19	-908
5	20	-812
5	21	-812
5	22	-428
5	23	-620
6	7	-1580
6	8	1780
6	9	724
6	10	2444
6	11	2636
6	12	-1772
6	13	-140
6	14	236
6	15	140
6	16	1388
6	17	-2060
6	18	-1100
6	19	1772
6	20	-628
6	21	-628
6	22	-1012
6	23	1484
7	8	-2156
7	9	-908
7	10	-532
7	11	-340
7	12	1204
7	13	2836
7	14	-2740
7	15	-532
7	16	716
7	17	916
7	18	-428
7	19	-1204
7	20	1004
7	21	1004
7	22	620
7	23	-1492
8	9	148
8	10	3020
8	11	908
8	12	-44
8	13	-3020
8	14	812
8	15	716
8	16	-340
8	17	-332
8	18	-1676
8	19	44
8	20	-52
8	21	-52
8	22	-436
8	23	2060
9	10	-532
9	11	1964
9	12	-1100
9	13	532
9	14	-436
9	15	-532
9	16	3020
9	17	916
9	18	1876
9	19	1100
9	20	-1300
9	21	-1300
9	22	-1684
9	23	812
10	11	1780
10	12	-340
10	13	-1972
10	14	-428
10	15	-332
10	16	724
10	17	-52
10	18	-3316
10	19	340
10	20	436
10	21	436
10	22	820
10	23	628
11	12	-2452
11	13	524
11	14	-620
11	15	-524
11	16	2836
11	17	140
11	18	-820
11	19	148
11	20	-2060
11	21	-2060
11	22	628
11	23	436
12	13	340
12	14	-244
12	15	1964
12	16	-1396
12	17	724
12	18	-620
12	19	-1012
12	20	1196
12	21	1196
12	22	-1492
12	23	1004
13	14	-1876
13	15	332
13	16	1580
13	17	52
13	18	1012
13	19	-340
13	20	-436
13	21	-436
13	22	-820
13	23	-628
14	15	1876
14	16	-1676
14	17	44
14	18	-916
14	19	244
14	20	-1964
14	21	-1964
14	22	724
14	23	532
15	16	-1580
15	17	-52
15	18	-1012
15	19	-1964
15	20	-1868
15	21	-1868
15	22	-1484
15	23	2932
16	17	1196
16	18	236
16	19	1396
16	20	-812
16	21	-812
16	22	-428
16	23	-620
17	18	-908
17	19	-724
17	20	-820
17	21	-820
17	22	1100
17	23	-1012
18	19	620
18	20	524
18	21	524
18	22	-2164
18	23	332
19	20	1108
19	21	1108
19	22	-812
19	23	-1004
20	21	3508
20	22	-716
20	23	-908
21	22	-716
21	23	-908
22	23	-2828
