0	1	-196
0	2	-196
0	3	-676
0	4	292
0	5	2980
0	6	2980
0	7	-3748
0	8	860
0	9	-1252
0	10	-4988
0	11	580
0	12	-196
0	13	2404
0	14	-196
0	15	-1820
0	16	476
0	17	-580
0	18	1916
0	19	-1348
0	20	-476
0	21	-476
0	22	3932
0	23	2308
1	2	-772
1	3	-1252
1	4	-1436
1	5	1252
1	6	1252
1	7	284
1	8	284
1	9	-1828
1	10	196
1	11	1156
1	12	3836
1	13	676
1	14	-772
1	15	1060
1	16	-100
1	17	-1156
1	18	1340
1	19	380
1	20	100
1	21	100
1	22	-1252
1	23	-1724
2	3	1052
2	4	868
2	5	-1052
2	6	-1052
2	7	284
2	8	2588
2	9	476
2	10	196
2	11	-1148
2	12	-772
2	13	676
2	14	-772
2	15	1060
2	16	-2404
2	17	1148
2	18	-964
2	19	-1924
2	20	2404
2	21	2404
2	22	1052
2	23	-1724
3	4	-956
3	5	-572
3	6	-572
3	7	2108
3	8	-196
3	9	2300
3	10	676
3	11	-668
3	12	-1252
3	13	-1148
3	14	1052
3	15	1540
3	16	-2884
3	17	668
3	18	-3748
3	19	-100
3	20	2884
3	21	2884
3	22	572
3	23	-1244
4	5	-1348
4	6	-1348
4	7	-188
4	8	-188
4	9	1924
4	10	-292
4	11	1052
4	12	-1436
4	13	-772
4	14	868
4	15	1148
4	16	196
4	17	-1052
4	18	1060
4	19	-284
4	20	-196
4	21	-196
4	22	1348
4	23	-676
5	6	2876
5	7	-2108
5	8	196
5	9	-2300
5	10	-2980
5	11	668
5	12	1252
5	13	1148
5	14	-1052
5	15	-1540
5	16	580
5	17	-668
5	18	1444
5	19	100
5	20	-580
5	21	-580
5	22	1732
5	23	1244
6	7	-2108
6	8	196
6	9	-2300
6	10	-2980
6	11	668
6	12	1252
6	13	1148
6	14	-1052
6	15	-1540
6	16	580
6	17	-668
6	18	1444
6	19	100
6	20	-580
6	21	-580
6	22	1732
6	23	1244
7	8	-964
7	9	1532
7	10	3748
7	11	100
7	12	284
7	13	-2684
7	14	284
7	15	2308
7	16	-1348
7	17	-100
7	18	-2212
7	19	1436
7	20	1348
7	21	1348
7	22	-2500
7	23	-2780
8	9	-772
8	10	-860
8	11	100
8	12	284
8	13	1924
8	14	284
8	15	4
8	16	-1348
8	17	-100
8	18	92
8	19	-868
8	20	1348
8	21	1348
8	22	-196
8	23	-476
9	10	1252
9	11	-92
9	12	-1828
9	13	-572
9	14	2780
9	15	2116
9	16	-1156
9	17	92
9	18	-2020
9	19	-676
9	20	1156
9	21	1156
9	22	-4
9	23	-668
10	11	-580
10	12	196
10	13	-2404
10	14	196
10	15	1820
10	16	-476
10	17	580
10	18	-1916
10	19	1348
10	20	476
10	21	476
10	22	-3932
10	23	-2308
11	12	1156
11	13	-1060
11	14	1156
11	15	860
11	16	484
11	17	-3068
11	18	1348
11	19	2308
11	20	-484
11	21	-484
11	22	-668
11	23	-964
12	13	676
12	14	-772
12	15	1060
12	16	-100
12	17	-1156
12	18	1340
12	19	380
12	20	100
12	21	100
12	22	-1252
12	23	-1724
13	14	676
13	15	-964
13	16	4
13	17	1060
13	18	868
13	19	-2780
13	20	-4
13	21	-4
13	22	1156
13	23	1820
14	15	1060
14	16	-100
14	17	-1156
14	18	-964
14	19	380
14	20	100
14	21	100
14	22	-1252
14	23	580
15	16	-1916
15	17	-860
15	18	-1052
15	19	-92
15	20	1916
15	21	1916
15	22	-764
15	23	-3172
16	17	-484
16	18	2012
16	19	1052
16	20	-2876
16	21	-2876
16	22	-580
16	23	2212
17	18	-1348
17	19	-2308
17	20	484
17	21	484
17	22	668
17	23	964
18	19	188
18	20	-2012
18	21	-2012
18	22	860
18	23	772
19	20	-1052
19	21	-1052
19	22	-2404
19	23	-572
20	21	2876
20	22	580
20	23	-2212
21	22	580
21	23	-2212
22	23	1060
