0	1	1692
0	2	-636
0	3	-1380
0	4	-156
0	5	2556
0	6	-1692
0	7	-900
0	8	3204
0	9	2556
0	10	636
0	11	2244
0	12	1308
0	13	-540
0	14	-2628
0	15	-924
0	16	-636
0	17	-2148
0	18	2460
0	19	-156
0	20	348
0	21	132
0	22	-2340
0	23	3804
1	2	540
1	3	-3132
1	4	2364
1	5	2148
1	6	-708
1	7	-1308
1	8	1308
1	9	2148
1	10	-540
1	11	-36
1	12	1092
1	13	444
1	14	-1884
1	15	-1476
1	16	540
1	17	-60
1	18	-60
1	19	60
1	20	2052
1	21	-228
1	22	132
1	23	900
2	3	-228
2	4	996
2	5	1404
2	6	1764
2	7	-2052
2	8	-2556
2	9	1404
2	10	-2820
2	11	-1212
2	12	156
2	13	612
2	14	828
2	15	-2076
2	16	2820
2	17	-996
2	18	1308
2	19	996
2	20	1500
2	21	-1020
2	22	1116
2	23	348
3	4	-3012
3	5	-1692
3	6	828
3	7	1764
3	8	-1764
3	9	-1692
3	10	228
3	11	-804
3	12	-2748
3	13	-324
3	14	1188
3	15	2364
3	16	-228
3	17	708
3	18	708
3	19	-708
3	20	-1788
3	21	1308
3	22	-1404
3	23	-636
4	5	924
4	6	-60
4	7	-228
4	8	228
4	9	924
4	10	-996
4	11	-732
4	12	1980
4	13	1092
4	14	348
4	15	-1596
4	16	996
4	17	828
4	18	-1476
4	19	-828
4	20	1020
4	21	-540
4	22	636
4	23	-132
5	6	156
5	7	-2172
5	8	-132
5	9	3588
5	10	-1404
5	11	828
5	12	228
5	13	1308
5	14	-2748
5	15	-2916
5	16	1404
5	17	-924
5	18	1380
5	19	924
5	20	1188
5	21	-1668
5	22	-732
5	23	2340
6	7	-996
6	8	-1308
6	9	156
6	10	-1764
6	11	-2268
6	12	-1092
6	13	-444
6	14	1884
6	15	-828
6	16	1764
6	17	60
6	18	60
6	19	2244
6	20	252
6	21	-2076
6	22	2172
6	23	-900
7	8	1020
7	9	-2172
7	10	2052
7	11	-324
7	12	-924
7	13	156
7	14	708
7	15	2844
7	16	-2052
7	17	2532
7	18	-2076
7	19	-2532
7	20	-2268
7	21	1788
7	22	-1884
7	23	-1116
8	9	-132
8	10	2556
8	11	324
8	12	924
8	13	-2460
8	14	-708
8	15	1764
8	16	-2556
8	17	-228
8	18	-228
8	19	228
8	20	-36
8	21	516
8	22	-420
8	23	1116
9	10	-1404
9	11	828
9	12	228
9	13	1308
9	14	-2748
9	15	-2916
9	16	1404
9	17	-924
9	18	1380
9	19	924
9	20	1188
9	21	-1668
9	22	-732
9	23	2340
10	11	1212
10	12	-156
10	13	-612
10	14	-828
10	15	2076
10	16	-2820
10	17	996
10	18	-1308
10	19	-996
10	20	-1500
10	21	1020
10	22	-1116
10	23	-348
11	12	1884
11	13	1188
11	14	-2052
11	15	-1500
11	16	-1212
11	17	-1572
11	18	732
11	19	-732
11	20	-1380
11	21	-444
11	22	-1764
11	23	2076
12	13	60
12	14	804
12	15	-1860
12	16	156
12	17	-1980
12	18	324
12	19	-324
12	20	132
12	21	-612
12	22	516
12	23	1284
13	14	-1572
13	15	-1980
13	16	612
13	17	1212
13	18	-1092
13	19	-1212
13	20	-900
13	21	-924
13	22	-1284
13	23	252
14	15	1116
14	16	828
14	17	-348
14	18	-348
14	19	348
14	20	-540
14	21	60
14	22	2148
14	23	-1692
15	16	-2076
15	17	1596
15	18	-708
15	19	-1596
15	20	-516
15	21	3300
15	22	-900
15	23	-1668
16	17	-996
16	18	1308
16	19	996
16	20	1500
16	21	-1020
16	22	1116
16	23	348
17	18	-3132
17	19	-1476
17	20	-1020
17	21	540
17	22	-636
17	23	-2172
18	19	828
18	20	1284
18	21	540
18	22	-636
18	23	2436
19	20	1020
19	21	-2844
19	22	2940
19	23	-132
20	21	732
20	22	1476
20	23	-60
21	22	-1956
21	23	-420
22	23	-1980
