0	1	900
0	2	-2580
0	3	-900
0	4	-660
0	5	-3180
0	6	2460
0	7	-4860
0	8	-60
0	9	-1380
0	10	-5100
0	11	3420
0	12	-3180
0	13	-2220
0	14	-3300
0	15	1620
0	16	1620
0	17	-900
0	18	-1260
0	19	780
0	20	420
0	21	1020
0	22	180
0	23	2700
0	24	780
0	25	-1980
0	26	-660
0	27	2340
0	28	-1620
0	29	540
1	2	420
1	3	-540
1	4	-780
1	5	1020
1	6	-1020
1	7	-900
1	8	-1380
1	9	2820
1	10	60
1	11	-1980
1	12	1020
1	13	60
1	14	1860
1	15	540
1	16	540
1	17	-540
1	18	-900
1	19	1380
1	20	1740
1	21	420
1	22	-2340
1	23	2340
1	24	1380
1	25	540
1	26	-780
1	27	-900
1	28	180
1	29	900
2	3	-420
2	4	-660
2	5	900
2	6	-1140
2	7	2580
2	8	2340
2	9	-900
2	10	3780
2	11	-2100
2	12	900
2	13	-60
2	14	1980
2	15	660
2	16	-2940
2	17	-420
2	18	-1020
2	19	-2100
2	20	1860
2	21	300
2	22	-2460
2	23	-1380
2	24	-2100
2	25	660
2	26	-660
2	27	-1020
2	28	300
2	29	780
3	4	-2820
3	5	-1020
3	6	1020
3	7	900
3	8	-2220
3	9	780
3	10	-60
3	11	1980
3	12	-1020
3	13	-60
3	14	1740
3	15	-4140
3	16	-540
3	17	4140
3	18	900
3	19	2220
3	20	1860
3	21	-420
3	22	2340
3	23	-2340
3	24	2220
3	25	-540
3	26	-2820
3	27	-2700
3	28	-3780
3	29	-900
4	5	2340
4	6	-2820
4	7	660
4	8	1620
4	9	540
4	10	180
4	11	-1860
4	12	2340
4	13	3300
4	14	-1620
4	15	3300
4	16	-300
4	17	-2820
4	18	660
4	19	-1140
4	20	-5100
4	21	-660
4	22	-1500
4	23	1020
4	24	-1140
4	25	-300
4	26	4620
4	27	660
4	28	3660
4	29	-1140
5	6	-4140
5	7	3180
5	8	-1860
5	9	3300
5	10	3180
5	11	-5100
5	12	5100
5	13	4140
5	14	1380
5	15	60
5	16	60
5	17	-1020
5	18	-420
5	19	900
5	20	-2340
5	21	-2700
5	22	-1860
5	23	-780
5	24	900
5	25	3660
5	26	2340
5	27	-420
5	28	3300
5	29	1380
6	7	-2460
6	8	180
6	9	-2340
6	10	-1980
6	11	3660
6	12	-4140
6	13	-5100
6	14	-180
6	15	-1500
6	16	2100
6	17	1020
6	18	1140
6	19	-660
6	20	3300
6	21	2460
6	22	3300
6	23	780
6	24	-660
6	25	-1500
6	26	-2820
6	27	1140
6	28	-1860
6	29	-660
7	8	60
7	9	1380
7	10	5100
7	11	-3420
7	12	3180
7	13	2220
7	14	3300
7	15	-1620
7	16	-1620
7	17	900
7	18	1260
7	19	-780
7	20	-420
7	21	-1020
7	22	-180
7	23	-2700
7	24	-780
7	25	1980
7	26	660
7	27	-2340
7	28	1620
7	29	-540
8	9	-3660
8	10	780
8	11	1140
8	12	-1860
8	13	-900
8	14	-1020
8	15	3900
8	16	-3300
8	17	-2220
8	18	60
8	19	-4140
8	20	-900
8	21	2340
8	22	-2100
8	23	420
8	24	-4140
8	25	-3300
8	26	1620
8	27	60
8	28	660
8	29	-1740
9	10	1380
9	11	-3300
9	12	3300
9	13	2340
9	14	3180
9	15	-1740
9	16	1860
9	17	780
9	18	1380
9	19	2700
9	20	-540
9	21	-900
9	22	-60
9	23	1020
9	24	2700
9	25	1860
9	26	540
9	27	-2220
9	28	1500
9	29	-420
10	11	-4620
10	12	3180
10	13	540
10	14	4740
10	15	-1140
10	16	-1140
10	17	-60
10	18	1500
10	19	-1980
10	20	1260
10	21	180
10	22	-660
10	23	-1740
10	24	-1980
10	25	2460
10	26	180
10	27	-2100
10	28	2820
10	29	-300
11	12	-5100
11	13	-2460
11	14	-2820
11	15	-540
11	16	-540
11	17	1980
11	18	180
11	19	300
11	20	660
11	21	1500
11	22	2340
11	23	-180
11	24	300
11	25	-4140
11	26	-1860
11	27	180
11	28	-4500
11	29	-1620
12	13	4140
12	14	1380
12	15	60
12	16	60
12	17	-1020
12	18	-420
12	19	900
12	20	-2340
12	21	-2700
12	22	-1860
12	23	-780
12	24	900
12	25	3660
12	26	2340
12	27	-420
12	28	3300
12	29	1380
13	14	-1260
13	15	1020
13	16	-2580
13	17	-60
13	18	-1380
13	19	1860
13	20	-4980
13	21	-3660
13	22	-2820
13	23	-1740
13	24	1860
13	25	1020
13	26	3300
13	27	-1380
13	28	660
13	29	420
14	15	-2940
14	16	660
14	17	1740
14	18	3300
14	19	-180
14	20	3060
14	21	1980
14	22	1140
14	23	60
14	24	-180
14	25	660
14	26	-1620
14	27	-3900
14	28	1020
14	29	-2100
15	16	-1620
15	17	-4140
15	18	-1620
15	19	-2460
15	20	-2820
15	21	660
15	22	-3780
15	23	2340
15	24	-2460
15	25	-1620
15	26	3300
15	27	1980
15	28	2340
15	29	180
16	17	-540
16	18	1980
16	19	1140
16	20	780
16	21	660
16	22	3420
16	23	2340
16	24	1140
16	25	1980
16	26	-300
16	27	1980
16	28	2340
16	29	180
17	18	900
17	19	2220
17	20	1860
17	21	-420
17	22	2340
17	23	-2340
17	24	2220
17	25	-540
17	26	-2820
17	27	-2700
17	28	-3780
17	29	-900
18	19	-780
18	20	-420
18	21	2580
18	22	3420
18	23	900
18	24	-780
18	25	-1620
18	26	660
18	27	-2340
18	28	1620
18	29	-4140
19	20	-60
19	21	-2100
19	22	660
19	23	-420
19	24	3900
19	25	1140
19	26	-1140
19	27	-780
19	28	-2100
19	29	1020
20	21	1860
20	22	1020
20	23	-60
20	24	-60
20	25	780
20	26	-5100
20	27	-420
20	28	-2460
20	29	1380
21	22	1140
21	23	2220
21	24	-2100
21	25	-2940
21	26	-660
21	27	-1020
21	28	300
21	29	-2820
22	23	-540
22	24	660
22	25	-180
22	26	-1500
22	27	-180
22	28	-540
22	29	-1980
23	24	-420
23	25	-1260
23	26	1020
23	27	900
23	28	1980
23	29	-900
24	25	1140
24	26	-1140
24	27	-780
24	28	-2100
24	29	1020
25	26	-300
25	27	1980
25	28	2340
25	29	3780
26	27	660
26	28	3660
26	29	-1140
27	28	1620
27	29	3060
28	29	-180
