0	1	748
0	2	-932
0	3	2188
0	4	2068
0	5	2308
0	6	-1412
0	7	-748
0	8	1828
0	9	-932
0	10	-2732
0	11	-2188
0	12	-812
0	13	-2308
0	14	2308
0	15	748
0	16	2492
0	17	-148
0	18	-1172
0	19	4412
0	20	1412
0	21	-748
0	22	-2068
0	23	1412
0	24	-268
0	25	-1292
0	26	-1412
0	27	5308
0	28	-1292
0	29	-148
1	2	2972
1	3	-148
1	4	-28
1	5	-268
1	6	-3748
1	7	-1292
1	8	212
1	9	-628
1	10	1172
1	11	148
1	12	2852
1	13	-3332
1	14	-268
1	15	1292
1	16	-932
1	17	1708
1	18	-388
1	19	748
1	20	148
1	21	-1292
1	22	28
1	23	3748
1	24	1828
1	25	-268
1	26	-148
1	27	332
1	28	-268
1	29	5308
2	3	-2068
2	4	1652
2	5	-2188
2	6	-2068
2	7	628
2	8	-1708
2	9	1052
2	10	-748
2	11	2068
2	12	932
2	13	-1412
2	14	-2188
2	15	-628
2	16	-2612
2	17	28
2	18	-2308
2	19	-932
2	20	-1532
2	21	628
2	22	-1652
2	23	2068
2	24	148
2	25	1412
2	26	1532
2	27	-1588
2	28	1412
2	29	3628
3	4	-1468
3	5	1892
3	6	2012
3	7	-3452
3	8	2372
3	9	-2068
3	10	-268
3	11	-5612
3	12	1412
3	13	1708
3	14	1892
3	15	-148
3	16	508
3	17	-452
3	18	-1828
3	19	2188
3	20	1588
3	21	-3452
3	22	-2132
3	23	1588
3	24	3268
3	25	-5308
3	26	-1588
3	27	2492
3	28	-5308
3	29	-452
4	5	-1588
4	6	-1468
4	7	3628
4	8	-1108
4	9	1652
4	10	-3748
4	11	1468
4	12	-2068
4	13	-2012
4	14	-1588
4	15	-28
4	16	388
4	17	-572
4	18	-1708
4	19	2068
4	20	-2132
4	21	3628
4	22	-2252
4	23	-2132
4	24	-452
4	25	2012
4	26	2132
4	27	2612
4	28	2012
4	29	-572
5	6	-1708
5	7	-3332
5	8	-1348
5	9	1412
5	10	-388
5	11	-1892
5	12	1292
5	13	-1772
5	14	5372
5	15	3332
5	16	628
5	17	3268
5	18	1652
5	19	2308
5	20	5308
5	21	-3332
5	22	1588
5	23	1708
5	24	-212
5	25	-1828
5	26	-5308
5	27	2372
5	28	-1828
5	29	-332
6	7	148
6	8	2372
6	9	-2068
6	10	-268
6	11	-2012
6	12	-2188
6	13	5308
6	14	-1708
6	15	-3748
6	16	508
6	17	-4052
6	18	-1828
6	19	-1412
6	20	-2012
6	21	148
6	22	-2132
6	23	-2012
6	24	-332
6	25	-1708
6	26	2012
6	27	-1108
6	28	-1708
6	29	-4052
7	8	-212
7	9	628
7	10	-1172
7	11	3452
7	12	-2852
7	13	-268
7	14	-3332
7	15	-1292
7	16	932
7	17	-1708
7	18	388
7	19	-748
7	20	-3748
7	21	4892
7	22	-28
7	23	-3748
7	24	-1828
7	25	3868
7	26	3748
7	27	-332
7	28	3868
7	29	-1708
8	9	-5308
8	10	92
8	11	-2372
8	12	-1828
8	13	1348
8	14	-1348
8	15	-3388
8	16	3748
8	17	-4412
8	18	-1468
8	19	1828
8	20	-2372
8	21	-212
8	22	-2492
8	23	1228
8	24	-692
8	25	-1348
8	26	2372
8	27	2852
8	28	-1348
8	29	-812
9	10	-748
9	11	2068
9	12	932
9	13	-1412
9	14	1412
9	15	2972
9	16	-2612
9	17	3628
9	18	1292
9	19	-932
9	20	2068
9	21	628
9	22	1948
9	23	-1532
9	24	148
9	25	1412
9	26	-2068
9	27	-1588
9	28	1412
9	29	28
10	11	268
10	12	2732
10	13	388
10	14	-388
10	15	1172
10	16	-812
10	17	1828
10	18	3092
10	19	-2732
10	20	268
10	21	-1172
10	22	3748
10	23	268
10	24	1948
10	25	-388
10	26	-268
10	27	-3388
10	28	-388
10	29	1828
11	12	-1412
11	13	-1708
11	14	-1892
11	15	148
11	16	-508
11	17	452
11	18	1828
11	19	-2188
11	20	-1588
11	21	3452
11	22	2132
11	23	-1588
11	24	-3268
11	25	5308
11	26	1588
11	27	-2492
11	28	5308
11	29	452
12	13	-1292
12	14	1292
12	15	2852
12	16	-2492
12	17	3748
12	18	1172
12	19	-812
12	20	2188
12	21	-2852
12	22	2068
12	23	2188
12	24	3868
12	25	-2308
12	26	-2188
12	27	-1708
12	28	-2308
12	29	3748
13	14	-1772
13	15	-3332
13	16	-628
13	17	-3268
13	18	-1652
13	19	-2308
13	20	-1708
13	21	-268
13	22	-1588
13	23	-1708
13	24	212
13	25	-1772
13	26	1708
13	27	-2372
13	28	-1772
13	29	-3268
14	15	3332
14	16	628
14	17	3268
14	18	1652
14	19	2308
14	20	5308
14	21	-3332
14	22	1588
14	23	1708
14	24	-212
14	25	-1828
14	26	-5308
14	27	2372
14	28	-1828
14	29	-332
15	16	-932
15	17	5308
15	18	3212
15	19	748
15	20	3748
15	21	-1292
15	22	3628
15	23	148
15	24	1828
15	25	-268
15	26	-3748
15	27	332
15	28	-268
15	29	1708
16	17	-2068
16	18	748
16	19	2492
16	20	-508
16	21	932
16	22	-388
16	23	-508
16	24	-2188
16	25	628
16	26	508
16	27	3628
16	28	628
16	29	-2068
17	18	3388
17	19	-148
17	20	4052
17	21	-1708
17	22	4172
17	23	452
17	24	2372
17	25	-332
17	26	-4052
17	27	-932
17	28	-332
17	29	2492
18	19	-1172
18	20	1828
18	21	388
18	22	5308
18	23	-1772
18	24	-92
18	25	1652
18	26	-1828
18	27	-1348
18	28	1652
18	29	-212
19	20	1412
19	21	-748
19	22	-2068
19	23	1412
19	24	-268
19	25	-1292
19	26	-1412
19	27	5308
19	28	-1292
19	29	-148
20	21	-3748
20	22	2132
20	23	2012
20	24	332
20	25	-1892
20	26	-5612
20	27	1108
20	28	-1892
20	29	452
21	22	-28
21	23	-3748
21	24	-1828
21	25	3868
21	26	3748
21	27	-332
21	28	3868
21	29	-1708
22	23	-1468
22	24	452
22	25	1588
22	26	-2132
22	27	-2612
22	28	1588
22	29	572
23	24	332
23	25	-1892
23	26	-2012
23	27	1108
23	28	-1892
23	29	4052
24	25	-3812
24	26	-332
24	27	-812
24	28	-3812
24	29	2372
25	26	1892
25	27	-1228
25	28	5372
25	29	-332
26	27	-1108
26	28	1892
26	29	-452
27	28	-1228
27	29	-932
28	29	-332
