0	1	1324
0	2	1484
0	3	-2764
0	4	-756
0	5	-284
0	6	-356
0	7	2036
0	8	-2756
0	9	1484
0	10	-1396
0	11	3796
0	12	-1156
0	13	-3404
0	14	436
0	15	-1396
0	16	1956
0	17	3076
0	18	-524
0	19	-764
1	2	2124
1	3	-204
1	4	-3316
1	5	676
1	6	-2916
1	7	-204
1	8	1084
1	9	524
1	10	844
1	11	-44
1	12	-516
1	13	756
1	14	-204
1	15	-756
1	16	1316
1	17	2436
1	18	-1164
1	19	1796
2	3	-1964
2	4	-6356
2	5	516
2	6	444
2	7	2836
2	8	-3556
2	9	684
2	10	-596
2	11	-1804
2	12	-356
2	13	596
2	14	-1964
2	15	-2196
2	16	-444
2	17	676
2	18	-1324
2	19	1636
3	4	1876
3	5	764
3	6	-1724
3	7	-1556
3	8	3876
3	9	2836
3	10	916
3	11	-1716
3	12	-2524
3	13	684
3	14	1644
3	15	4116
3	16	1724
3	17	-2596
3	18	-596
3	19	-1956
4	5	-444
4	6	-196
4	7	-1324
4	8	2204
4	9	44
4	10	364
4	11	2036
4	12	604
4	13	-364
4	14	276
4	15	1964
4	16	1796
4	17	-1884
4	18	2516
4	19	-924
5	6	2356
5	7	-836
5	8	1556
5	9	-2684
5	10	3396
5	11	-996
5	12	-1644
5	13	-1796
5	14	-2436
5	15	196
5	16	844
5	17	1324
5	18	124
5	19	-1236
6	7	-124
6	8	-2196
6	9	-1156
6	10	-836
6	11	-1564
6	12	1004
6	13	-2364
6	14	-1724
6	15	-2436
6	16	-204
6	17	916
6	18	2116
6	19	1876
7	8	-4124
7	9	1236
7	10	-684
7	11	-116
7	12	-924
7	13	-2516
7	14	-1556
7	15	916
7	16	1724
7	17	-996
7	18	-2196
7	19	1244
8	9	-356
8	10	1564
8	11	836
8	12	204
8	13	1636
8	14	2276
8	15	1564
8	16	596
8	17	116
8	18	-284
8	19	-2124
9	10	-2196
9	11	1396
9	12	1244
9	13	596
9	14	2836
9	15	2604
9	16	1156
9	17	676
9	18	276
9	19	1636
10	11	-524
10	12	-3236
10	13	1876
10	14	916
10	15	-1876
10	16	-764
10	17	-1244
10	18	-1644
10	19	-1884
11	12	836
11	13	-2676
11	14	1484
11	15	-2124
11	16	-1636
11	17	444
11	18	-756
11	19	-516
12	13	1636
12	14	676
12	15	-36
12	16	-1004
12	17	3316
12	18	2916
12	19	2676
13	14	684
13	15	276
13	16	-836
13	17	-1956
13	18	44
13	19	1884
14	15	916
14	16	124
14	17	604
14	18	-596
14	19	-3556
15	16	2436
15	17	-1244
15	18	-44
15	19	-284
16	17	684
16	18	-2116
16	19	-276
17	18	1564
17	19	204
18	19	604
