0	1	-1800
0	2	-920
0	3	-200
0	4	-2920
0	5	-280
0	6	2360
0	7	1880
0	8	40
0	9	-1240
0	10	1720
0	11	1000
0	12	-1800
0	13	3000
0	14	-2520
0	15	-1000
0	16	1400
0	17	40
0	18	-1000
0	19	3720
1	2	1320
1	3	-1800
1	4	-680
1	5	680
1	6	2040
1	7	920
1	8	360
1	9	3240
1	10	280
1	11	200
1	12	600
1	13	-1800
1	14	-280
1	15	-2600
1	16	-1000
1	17	360
1	18	600
1	19	-920
2	3	-280
2	4	200
2	5	-200
2	6	2280
2	7	200
2	8	1720
2	9	440
2	10	-4600
2	11	-680
2	12	-120
2	13	-1880
2	14	-840
2	15	520
2	16	-120
2	17	120
2	18	2120
2	19	-1160
3	4	920
3	5	2280
3	6	-1160
3	7	920
3	8	-1240
3	9	40
3	10	1880
3	11	-1400
3	12	3800
3	13	1400
3	14	-1880
3	15	-1000
3	16	2200
3	17	1960
3	18	2200
3	19	680
4	5	4360
4	6	-40
4	7	-1160
4	8	-760
4	9	520
4	10	-840
4	11	-1880
4	12	1080
4	13	920
4	14	3400
4	15	120
4	16	1080
4	17	840
4	18	120
4	19	200
5	6	1640
5	7	2760
5	8	-840
5	9	1080
5	10	-760
5	11	-2920
5	12	520
5	13	680
5	14	1400
5	15	-1720
5	16	520
5	17	-840
5	18	1480
5	19	-200
6	7	-40
6	8	-1880
6	9	1000
6	10	-1960
6	11	-760
6	12	1560
6	13	440
6	14	-2520
6	15	-3560
6	16	1560
6	17	1320
6	18	-360
6	19	1320
7	8	-760
7	9	2120
7	10	-840
7	11	-1880
7	12	-520
7	13	-680
7	14	200
7	15	-1480
7	16	-2120
7	17	840
7	18	120
7	19	200
8	9	-1800
8	10	-440
8	11	1560
8	12	-2360
8	13	-1240
8	14	120
8	15	2760
8	16	840
8	17	-5320
8	18	1160
8	19	-520
9	10	-120
9	11	-360
9	12	1160
9	13	-1560
9	14	440
9	15	-2360
9	16	-440
9	17	-200
9	18	4040
9	19	760
10	11	3080
10	12	-680
10	13	1880
10	14	200
10	15	-520
10	16	2520
10	17	-440
10	18	-520
10	19	2600
11	12	-1400
11	13	-1400
11	14	2520
11	15	2600
11	16	1800
11	17	-1640
11	18	1000
11	19	-2120
12	13	2200
12	14	-1720
12	15	-1800
12	16	600
12	17	2440
12	18	-200
12	19	-280
13	14	-1880
13	15	-1000
13	16	3800
13	17	360
13	18	-4200
13	19	3880
14	15	3720
14	16	-1720
14	17	120
14	18	520
14	19	-1160
15	16	-200
15	17	-440
15	18	-200
15	19	-1720
16	17	-760
16	18	-200
16	19	2920
17	18	-2040
17	19	1080
18	19	-1720
