0	1	1168
0	2	1072
0	3	-3152
0	4	-176
0	5	2096
0	6	1136
0	7	-2192
0	8	-2512
0	9	464
0	10	1712
0	11	-880
0	12	-3056
0	13	-4528
0	14	-80
0	15	-208
0	16	-688
0	17	1456
0	18	304
0	19	-2000
0	20	-1136
0	21	2768
0	22	-1136
0	23	112
1	2	-1328
1	3	-944
1	4	-272
1	5	2192
1	6	-1072
1	7	-2288
1	8	-2416
1	9	-1744
1	10	1808
1	11	-784
1	12	-848
1	13	2480
1	14	-2480
1	15	2192
1	16	1712
1	17	1360
1	18	2512
1	19	-2096
1	20	1072
1	21	2864
1	22	1072
1	23	16
2	3	-1040
2	4	6544
2	5	2288
2	6	-976
2	7	2224
2	8	-2320
2	9	-1648
2	10	-400
2	11	3920
2	12	-3248
2	13	272
2	14	-2576
2	15	4592
2	16	1808
2	17	3568
2	18	112
2	19	-4496
2	20	-3632
2	21	-1648
2	22	-1328
2	23	-80
3	4	16
3	5	-400
3	6	-1360
3	7	4912
3	8	4208
3	9	2576
3	10	-3088
3	11	3536
3	12	1744
3	13	-112
3	14	2416
3	15	-400
3	16	-880
3	17	-5264
3	18	496
3	19	496
3	20	-3248
3	21	2576
3	22	1360
3	23	304
4	5	3536
4	6	2576
4	7	976
4	8	-1072
4	9	-2704
4	10	848
4	11	5168
4	12	112
4	13	-784
4	14	-1520
4	15	3536
4	16	752
4	17	2320
4	18	1168
4	19	-1136
4	20	-4880
4	21	-400
4	22	-272
4	23	-1328
5	6	-2192
5	7	944
5	8	-3152
5	9	-1520
5	10	-464
5	11	2128
5	12	1808
5	13	-1136
5	14	1136
5	15	1456
5	16	1936
5	17	-400
5	18	752
5	19	-3856
5	20	-2416
5	21	784
5	22	-2416
5	23	944
6	7	-2320
6	8	112
6	9	-2864
6	10	2800
6	11	-1520
6	12	-3760
6	13	-176
6	14	-2128
6	15	112
6	16	-1712
6	17	944
6	18	-208
6	19	4400
6	20	-1072
6	21	-2864
6	22	3536
6	23	2288
7	8	944
7	9	-688
7	10	560
7	11	2576
7	12	-1904
7	13	-1072
7	14	3376
7	15	944
7	16	464
7	17	-2000
7	18	-848
7	19	-848
7	20	-4592
7	21	-688
7	22	-2288
7	23	-1040
8	9	784
8	10	-2768
8	11	-176
8	12	1808
8	13	-1136
8	14	3440
8	15	-3152
8	16	-4976
8	17	-400
8	18	-1552
8	19	3056
8	20	-2416
8	21	3088
8	22	-112
8	23	-1360
9	10	-3440
9	11	-848
9	12	2480
9	13	496
9	14	-496
9	15	-3824
9	16	1264
9	17	-2032
9	18	-880
9	19	1424
9	20	2864
9	21	2416
9	22	560
9	23	1616
10	11	-4400
10	12	-3184
10	13	-3056
10	14	752
10	15	-464
10	16	2320
10	17	1520
10	18	-1936
10	19	2672
10	20	-496
10	21	-3440
10	22	-496
10	23	-4048
11	12	1136
11	13	-464
11	14	-1840
11	15	2128
11	16	-2000
11	17	-1072
11	18	2384
11	19	-4528
11	20	-5392
11	21	1456
11	22	1520
11	23	272
12	13	-208
12	14	2512
12	15	-496
12	16	-976
12	17	-2864
12	18	-1712
12	19	592
12	20	1456
12	21	2480
12	22	-3152
12	23	400
13	14	-3184
13	15	1168
13	16	1648
13	17	-112
13	18	1040
13	19	-1264
13	20	4784
13	21	-1808
13	22	2480
13	23	3536
14	15	-1168
14	16	-1648
14	17	-2192
14	18	-1040
14	19	1264
14	20	-176
14	21	4112
14	22	-4784
14	23	-3536
15	16	1936
15	17	1904
15	18	3056
15	19	-1552
15	20	-2416
15	21	784
15	22	-2416
15	23	944
16	17	-880
16	18	272
16	19	272
16	20	1712
16	21	-3344
16	22	1712
16	23	464
17	18	496
17	19	496
17	20	-944
17	21	272
17	22	-3248
17	23	-2000
18	19	-656
18	20	208
18	21	3728
18	22	208
18	23	-3152
19	20	208
19	21	-880
19	22	208
19	23	-848
20	21	560
20	22	1072
20	23	16
21	22	-4048
21	23	-2992
22	23	2320
