0	1	-1860
0	2	-1668
0	3	-1692
0	4	-1572
0	5	-1860
0	6	-4356
0	7	-36
0	8	-1476
0	9	1188
0	10	-1788
0	11	2556
0	12	-708
0	13	-2340
0	14	1596
0	15	3204
0	16	540
0	17	-708
0	18	-924
0	19	-1404
0	20	-1692
0	21	-156
0	22	-1956
0	23	-1116
1	2	828
1	3	5028
1	4	3228
1	5	5244
1	6	2748
1	7	2460
1	8	-3588
1	9	3300
1	10	324
1	11	-4164
1	12	-5124
1	13	156
1	14	-5124
1	15	-1596
1	16	5340
1	17	-516
1	18	3492
1	19	-3900
1	20	420
1	21	-348
1	22	-1764
1	23	996
2	3	-2076
2	4	1116
2	5	-3780
2	6	-1668
2	7	-1956
2	8	-3396
2	9	804
2	10	2436
2	11	5244
2	12	1980
2	13	348
2	14	-324
2	15	-1788
2	16	924
2	17	-324
2	18	3300
2	19	-1788
2	20	2532
2	21	-540
2	22	-1572
2	23	3108
3	4	132
3	5	7332
3	6	612
3	7	5508
3	8	36
3	9	-2052
3	10	3228
3	11	-1692
3	12	-5340
3	13	3204
3	14	-3036
3	15	-1764
3	16	2628
3	17	-5340
3	18	60
3	19	540
3	20	-3780
3	21	-708
3	22	516
3	23	252
4	5	924
4	6	3036
4	7	444
4	8	-996
4	9	3012
4	10	2340
4	11	-1572
4	12	-2532
4	13	-1860
4	14	-2532
4	15	2724
4	16	3324
4	17	-2532
4	18	900
4	19	-1884
4	20	132
4	21	1668
4	22	828
4	23	708
5	6	2748
5	7	2460
5	8	1020
5	9	-1308
5	10	324
5	11	-4164
5	12	-5124
5	13	2460
5	14	-2820
5	15	708
5	16	3036
5	17	-2820
5	18	1188
5	19	708
5	20	-1884
5	21	1956
5	22	540
5	23	-1308
6	7	-2340
6	8	-1476
6	9	-1116
6	10	516
6	11	-4356
6	12	-3012
6	13	2268
6	14	-5316
6	15	-1404
6	16	-1764
6	17	-708
6	18	-924
6	19	-1404
6	20	612
6	21	-156
6	22	348
6	23	-1116
7	8	540
7	9	-828
7	10	3108
7	11	-36
7	12	-3300
7	13	-324
7	14	-996
7	15	-1116
7	16	2556
7	17	-996
7	18	1668
7	19	1188
7	20	-1404
7	21	132
7	22	2364
7	23	1476
8	9	-1692
8	10	-60
8	11	828
8	12	-132
8	13	-4068
8	14	2172
8	15	2628
8	16	-1188
8	17	2172
8	18	804
8	19	4932
8	20	-2268
8	21	1572
8	22	5532
8	23	612
9	10	-1956
9	11	-1116
9	12	2148
9	13	-3132
9	14	2148
9	15	2268
9	16	5508
9	17	2148
9	18	1788
9	19	-36
9	20	-2052
9	21	1020
9	22	-1212
9	23	1980
10	11	2820
10	12	-5436
10	13	3108
10	14	-828
10	15	636
10	16	-2076
10	17	-828
10	18	156
10	19	636
10	20	-1380
10	21	-612
10	22	2724
10	23	-4260
11	12	1596
11	13	-2340
11	14	1596
11	15	900
11	16	540
11	17	-708
11	18	1380
11	19	3204
11	20	-1692
11	21	-156
11	22	348
11	23	1188
12	13	-996
12	14	5244
12	15	-444
12	16	-420
12	17	636
12	18	-2268
12	19	1860
12	20	1572
12	21	804
12	22	-612
12	23	4452
13	14	-996
13	15	-3420
13	16	-4356
13	17	-3300
13	18	-2940
13	19	-1116
13	20	900
13	21	-2172
13	22	-2244
13	23	-3132
14	15	1860
14	16	-420
14	17	636
14	18	36
14	19	1860
14	20	-732
14	21	5412
14	22	3996
14	23	-156
15	16	2916
15	17	1860
15	18	-2532
15	19	2556
15	20	-1764
15	21	1308
15	22	804
15	23	-2340
16	17	-420
16	18	3396
16	19	612
16	20	-1980
16	21	1860
16	22	-1668
16	23	3204
17	18	2340
17	19	1860
17	20	1572
17	21	-1500
17	22	-612
17	23	-2460
18	19	-228
18	20	60
18	21	3132
18	22	1284
18	23	1788
19	20	-6372
19	21	-996
19	22	804
19	23	-36
20	21	1596
20	22	516
20	23	252
21	22	6660
21	23	1020
22	23	1092
