0	1	-3548
0	2	-1028
0	3	924
0	4	-1132
0	5	612
0	6	-2068
0	7	1780
0	8	1132
0	9	7188
0	10	-1548
0	11	-1052
0	12	-92
0	13	-196
0	14	-3444
0	15	-5108
0	16	-1964
0	17	-3652
0	18	-3940
0	19	1988
0	20	-5108
0	21	-508
0	22	116
0	23	3732
0	24	-1676
0	25	-4564
1	2	2924
1	3	-3028
1	4	-5292
1	5	-3340
1	6	7292
1	7	-2380
1	8	-5524
1	9	-2380
1	10	2404
1	11	404
1	12	-6956
1	13	-1652
1	14	716
1	15	-948
1	16	1988
1	17	3212
1	18	12
1	19	3236
1	20	1756
1	21	740
1	22	1364
1	23	-220
1	24	2484
1	25	2092
2	3	-1548
2	4	-3652
2	5	-1236
2	6	-12
2	7	-1156
2	8	948
2	9	-3860
2	10	-5940
2	11	428
2	12	716
2	13	820
2	14	8228
2	15	4484
2	16	7996
2	17	324
2	18	-844
2	19	-4068
2	20	-6332
2	21	-1572
2	22	3212
2	23	1052
2	24	-1652
2	25	2484
3	4	-1652
3	5	3836
3	6	-2588
3	7	3964
3	8	-1052
3	9	1260
3	10	3340
3	11	-3236
3	12	4796
3	13	1988
3	14	-220
3	15	820
3	16	-2484
3	17	-3132
3	18	-1756
3	19	-1236
3	20	-1884
3	21	4380
3	22	-3108
3	23	1548
3	24	-1156
3	25	324
4	5	1364
4	6	-5316
4	7	-1052
4	8	6252
4	9	-1052
4	10	2276
4	11	324
4	12	3524
4	13	-1780
4	14	12
4	15	-1028
4	16	-2716
4	17	220
4	18	1964
4	19	1444
4	20	-1028
4	21	-4172
4	22	612
4	23	948
4	24	948
4	25	-116
5	6	-7684
5	7	-1132
5	8	1340
5	9	-1132
5	10	948
5	11	-6252
5	12	5108
5	13	-404
5	14	-532
5	15	-2196
5	16	532
5	17	4668
5	18	3964
5	19	1780
5	20	508
5	21	-716
5	22	-2796
5	23	-4172
5	24	-4172
5	25	3340
6	7	-116
6	8	-5500
6	9	-116
6	10	508
6	11	2092
6	12	-6356
6	13	1860
6	14	-924
6	15	740
6	16	-1780
6	17	-716
6	18	196
6	19	2380
6	20	3444
6	21	2172
6	22	-1156
6	23	2716
6	24	5420
6	25	-1884
7	8	1052
7	9	1444
7	10	-636
7	11	532
7	12	-2092
7	13	3420
7	14	220
7	15	-820
7	16	-5628
7	17	-2276
7	18	-948
7	19	-4172
7	20	-820
7	21	3732
7	22	-2300
7	23	3860
7	24	1156
7	25	2380
8	9	-4356
8	10	-2276
8	11	-3028
8	12	4588
8	13	1780
8	14	2692
8	15	3732
8	16	12
8	17	-2924
8	18	-1964
8	19	-1444
8	20	-4380
8	21	-1236
8	22	2092
8	23	-948
8	24	-948
8	25	2820
9	10	2068
9	11	3236
9	12	-2092
9	13	-1988
9	14	-7892
9	15	-6228
9	16	-2924
9	17	-2276
9	18	-3652
9	19	1236
9	20	-820
9	21	-1676
9	22	-2300
9	23	3860
9	24	-1548
9	25	-8436
10	11	-92
10	12	-1468
10	13	-4068
10	14	-3108
10	15	-4148
10	16	-5004
10	17	-196
10	18	-324
10	19	4564
10	20	1260
10	21	-1052
10	22	-1676
10	23	-2172
10	24	3236
10	25	-2404
11	12	-4044
11	13	-1444
11	14	508
11	15	-1156
11	16	2196
11	17	300
11	18	-2484
11	19	740
11	20	1548
11	21	948
11	22	4276
11	23	2276
11	24	-428
11	25	-5812
12	13	-116
12	14	3756
12	15	2716
12	16	1652
12	17	-1444
12	18	-1780
12	19	-2300
12	20	-2692
12	21	196
12	22	-428
12	23	-716
12	24	-3420
12	25	1548
13	14	948
13	15	2612
13	16	-3652
13	17	1156
13	18	3732
13	19	508
13	20	2612
13	21	-2404
13	22	-324
13	23	-820
13	24	4588
13	25	1652
14	15	4564
14	16	4588
14	17	612
14	18	-92
14	19	-2276
14	20	-3548
14	21	636
14	22	3964
14	23	-116
14	24	-116
14	25	4692
15	16	3548
15	17	-3756
15	18	1572
15	19	-6020
15	20	196
15	21	2300
15	22	220
15	23	-1780
15	24	-1780
15	25	3652
16	17	2092
16	18	-2612
16	19	-3132
16	20	-1860
16	21	2068
16	22	4148
16	23	-2588
16	24	-5292
16	25	716
17	18	5524
17	19	3340
17	20	4356
17	21	-1860
17	22	4172
17	23	-3028
17	24	2380
17	25	2196
18	19	1548
18	20	4276
18	21	-4068
18	22	-1988
18	23	-1860
18	24	3548
18	25	2692
19	20	2092
19	21	-1884
19	22	196
19	23	1364
19	24	1364
19	25	-3236
20	21	2300
20	22	-2484
20	23	-4484
20	24	924
20	25	948
21	22	-12
21	23	1572
21	24	-3836
21	25	1964
22	23	-508
22	24	2196
22	25	-1364
23	24	-1052
23	25	-2484
24	25	220
