0	1	5100
0	2	2804
0	3	4268
0	4	-1036
0	5	516
0	6	-1556
0	7	-4684
0	8	-6444
0	9	1140
0	10	-5204
0	11	-2396
0	12	316
0	13	1764
0	14	-420
0	15	-2604
0	16	204
0	17	3436
0	18	-836
0	19	2596
0	20	1356
0	21	-108
0	22	2180
0	23	-1660
0	24	2188
0	25	2396
1	2	7596
1	3	-1148
1	4	1452
1	5	1772
1	6	4676
1	7	-1140
1	8	-3956
1	9	3852
1	10	-3324
1	11	-3428
1	12	100
1	13	3228
1	14	4
1	15	-3220
1	16	-3324
1	17	2388
1	18	3124
1	19	2396
1	20	-940
1	21	2396
1	22	108
1	23	-3332
1	24	932
1	25	3428
2	3	-1348
2	4	-1244
2	5	724
2	6	940
2	7	-1772
2	8	-3948
2	9	1348
2	10	-4996
2	11	-4892
2	12	2812
2	13	4676
2	14	-212
2	15	-5100
2	16	-2292
2	17	5932
2	18	4780
2	19	5508
2	20	-1556
2	21	100
2	22	-316
2	23	-1868
2	24	-724
2	25	4892
3	4	-3124
3	5	3644
3	6	100
3	7	-1972
3	8	-5828
3	9	316
3	10	-1452
3	11	-1556
3	12	932
3	13	5100
3	14	-828
3	15	1356
3	16	1252
3	17	516
3	18	-3116
3	19	-1140
3	20	5300
3	21	1564
3	22	4684
3	23	2908
3	24	1764
3	25	-1148
4	5	1044
4	6	5404
4	7	836
4	8	4884
4	9	3124
4	10	-1348
4	11	6660
4	12	-1876
4	13	-204
4	14	1980
4	15	1460
4	16	1356
4	17	-2292
4	18	2396
4	19	4372
4	20	2492
4	21	-3740
4	22	-6028
4	23	-5308
4	24	1660
4	25	-6660
5	6	3228
5	7	1348
5	8	-1660
5	9	-940
5	10	-1876
5	11	-1772
5	12	-308
5	13	5092
5	14	-2500
5	15	-1980
5	16	-1876
5	17	2812
5	18	-2916
5	19	516
5	20	732
5	21	516
5	22	100
5	23	-2284
5	24	-3844
5	25	1772
6	7	316
6	8	-4
6	9	5308
6	10	-1868
6	11	732
6	12	-1356
6	13	1980
6	14	1460
6	15	940
6	16	836
6	17	-1772
6	18	1876
6	19	1148
6	20	3012
6	21	1148
6	22	-1140
6	23	-2084
6	24	-3228
6	25	-732
7	8	836
7	9	-6140
7	10	3740
7	11	1140
7	12	-516
7	13	-108
7	14	-4996
7	15	932
7	16	-1668
7	17	-2804
7	18	-2708
7	19	724
7	20	-2180
7	21	724
7	22	308
7	23	212
7	24	1356
7	25	1564
8	9	420
8	10	1356
8	11	3956
8	12	828
8	13	-8316
8	14	4684
8	15	4164
8	16	1356
8	17	-4996
8	18	2396
8	19	-1036
8	20	-2916
8	21	-1036
8	22	-3324
8	23	-2604
8	24	-1044
8	25	-3956
9	10	-1252
9	11	1556
9	12	4476
9	13	308
9	14	3532
9	15	1348
9	16	4156
9	17	2188
9	18	3116
9	19	-1564
9	20	2812
9	21	-1564
9	22	724
9	23	-204
9	24	-1764
9	25	-1556
10	11	620
10	12	-2700
10	13	-3332
10	14	-5516
10	15	412
10	16	516
10	17	-2284
10	18	-3228
10	19	-2500
10	20	-4364
10	21	204
10	22	-212
10	23	3436
10	24	1876
10	25	-620
11	12	-100
11	13	-3228
11	14	2700
11	15	516
11	16	-2084
11	17	-5092
11	18	-420
11	19	308
11	20	940
11	21	-5100
11	22	-2812
11	23	-4780
11	24	4476
11	25	-6132
12	13	1148
12	14	3332
12	15	2812
12	16	2708
12	17	4468
12	18	3748
12	19	316
12	20	1140
12	21	-2388
12	22	732
12	23	1452
12	24	-2396
12	25	100
13	14	-3956
13	15	-732
13	16	-628
13	17	6972
13	18	1036
13	19	1764
13	20	4892
13	21	-940
13	22	1348
13	23	1876
13	24	-2388
13	25	524
14	15	2492
14	16	-108
14	17	-4364
14	18	4260
14	19	-420
14	20	4372
14	21	-420
14	22	-3540
14	23	-1348
14	24	-204
14	25	-5404
15	16	5820
15	17	-2180
15	18	-628
15	19	-5308
15	20	3852
15	21	-2604
15	22	-316
15	23	3540
15	24	-3428
15	25	-5924
16	17	3124
16	18	-524
16	19	-2500
16	20	1044
16	21	-2500
16	22	2492
16	23	6140
16	24	-3532
16	25	-620
17	18	4164
17	19	732
17	20	-1980
17	21	-1972
17	22	1148
17	23	3740
17	24	-5516
17	25	5092
18	19	1868
18	20	-620
18	21	1868
18	22	-3956
18	23	1772
18	24	-2492
18	25	420
19	20	1356
19	21	-2812
19	22	-3228
19	23	-4364
19	24	2188
19	25	-308
20	21	-1348
20	22	-932
20	23	412
20	24	-732
20	25	-6348
21	22	2180
21	23	1044
21	24	2188
21	25	5100
22	23	4164
22	24	2604
22	25	5516
23	24	-3124
23	25	2076
24	25	-1772
