0	1	1180
0	2	2636
0	3	-36
0	4	-4924
0	5	140
0	6	1420
0	7	-5860
0	8	-692
0	9	-588
0	10	-1836
0	11	2220
0	12	2636
0	13	-452
0	14	-1836
0	15	-2044
0	16	-3260
0	17	-7452
0	18	5132
0	19	-3884
0	20	4436
0	21	-556
0	22	452
0	23	-1004
0	24	-2876
0	25	2428
1	2	-1908
1	3	2012
1	4	1492
1	5	-7524
1	6	-2148
1	7	-276
1	8	-3988
1	9	1316
1	10	-5548
1	11	1212
1	12	6204
1	13	-2980
1	14	-140
1	15	2772
1	16	-5580
1	17	2772
1	18	-1700
1	19	452
1	20	2948
1	21	-172
1	22	276
1	23	-972
1	24	-4508
1	25	-1700
2	3	764
2	4	-2460
2	5	1836
2	6	-3396
2	7	-4228
2	8	-36
2	9	-140
2	10	3812
2	11	-2948
2	12	-3364
2	13	1180
2	14	-1596
2	15	-6796
2	16	-1420
2	17	-1388
2	18	2252
2	19	-3500
2	20	4404
2	21	-4124
2	22	-6588
2	23	-5132
2	24	2148
2	25	-3156
3	4	2356
3	5	972
3	6	-2116
3	7	-1284
3	8	-2564
3	9	2948
3	10	1700
3	11	348
3	12	-1940
3	13	-3988
3	14	-1004
3	15	-1212
3	16	-4092
3	17	4196
3	18	3260
3	19	692
3	20	6308
3	21	-1388
3	22	-4124
3	23	-2876
3	24	6068
3	25	556
4	5	-2252
4	6	1108
4	7	1940
4	8	-3084
4	9	-276
4	10	3884
4	11	-172
4	12	244
4	13	-764
4	14	-1524
4	15	972
4	16	-3572
4	17	3676
4	18	36
4	19	-1492
4	20	-3988
4	21	1836
4	22	764
4	23	2012
4	24	140
4	25	36
5	6	4924
5	7	-1316
5	8	2460
5	9	-348
5	10	900
5	11	-3156
5	12	-3572
5	13	-1316
5	14	900
5	15	-1596
5	16	4196
5	17	-1596
5	18	4748
5	19	2116
5	20	-796
5	21	4196
5	22	-4092
5	23	2772
5	24	4644
5	25	2044
6	7	-2532
6	8	1388
6	9	-1212
6	10	244
6	11	-1108
6	12	-692
6	13	-2532
6	14	2948
6	15	5444
6	16	2772
6	17	-2668
6	18	1804
6	19	-556
6	20	-3052
6	21	2772
6	22	2532
6	23	1076
6	24	-796
6	25	-900
7	8	556
7	9	-2044
7	10	-588
7	11	-1940
7	12	1180
7	13	3708
7	14	2116
7	15	1908
7	16	-1804
7	17	1908
7	18	972
7	19	276
7	20	-4924
7	21	900
7	22	-1004
7	23	5652
7	24	1076
7	25	-1732
8	9	-4924
8	10	1732
8	11	-5028
8	12	-2740
8	13	-2148
8	14	4436
8	15	-764
8	16	660
8	17	-3468
8	18	-2532
8	19	-1420
8	20	-1628
8	21	660
8	22	-3260
8	23	-1804
8	24	68
8	25	172
9	10	-3780
9	11	276
9	12	-140
9	13	-2044
9	14	-3780
9	15	-868
9	16	3468
9	17	4540
9	18	-2636
9	19	4092
9	20	-1524
9	21	-1940
9	22	2044
9	23	-1908
9	24	-36
9	25	68
10	11	-1180
10	12	-7004
10	13	2116
10	14	-2532
10	15	-2324
10	16	-484
10	17	-2324
10	18	-1388
10	19	-5268
10	20	-2772
10	21	-484
10	22	588
10	23	-3364
10	24	3916
10	25	1316
11	12	2460
11	13	3468
11	14	-1180
11	15	1732
11	16	868
11	17	-972
11	18	-36
11	19	1492
11	20	3988
11	21	-1836
11	22	4644
11	23	692
11	24	-2844
11	25	2668
12	13	1180
12	14	-1596
12	15	4020
12	16	-4124
12	17	-1388
12	18	2252
12	19	1908
12	20	1700
12	21	1284
12	22	1524
12	23	2980
12	24	-8668
12	25	2252
13	14	-588
13	15	1908
13	16	900
13	17	-3500
13	18	972
13	19	-2428
13	20	484
13	21	-4508
13	22	4404
13	23	2948
13	24	-1628
13	25	-1732
14	15	3084
14	16	2220
14	17	380
14	18	-1388
14	19	140
14	20	2636
14	21	-3188
14	22	-2116
14	23	-660
14	24	1212
14	25	-4092
15	16	2012
15	17	588
15	18	-1180
15	19	2636
15	20	-276
15	21	-692
15	22	6204
15	23	-452
15	24	-3988
15	25	-1180
16	17	2012
16	18	-4332
16	19	5580
16	20	-2324
16	21	-1908
16	22	4508
16	23	-2356
16	24	1180
16	25	1076
17	18	-3884
17	19	8044
17	20	-276
17	21	-692
17	22	-1908
17	23	-452
17	24	4124
17	25	-1180
18	19	-3708
18	20	4196
18	21	1076
18	22	-3676
18	23	3188
18	24	2356
18	25	-244
19	20	-244
19	21	172
19	22	-276
19	23	972
19	24	-900
19	25	4404
20	21	-5028
20	22	-3188
20	23	-4644
20	24	1596
20	25	-1212
21	22	-900
21	23	5756
21	24	1180
21	25	3780
22	23	-244
22	24	-3780
22	25	1732
23	24	380
23	25	484
24	25	-3052
