0	1	-4424
0	2	10408
0	3	-184
0	4	-4280
0	5	-248
0	6	2920
0	7	904
0	8	-2488
0	9	-5368
0	10	-2920
0	11	-1336
0	12	5000
0	13	-760
0	14	-7304
0	15	4424
0	16	3992
0	17	968
0	18	-2056
0	19	2552
0	20	4568
0	21	7304
0	22	-2920
0	23	-2920
0	24	-5224
0	25	-40
0	26	1976
0	27	184
0	28	-1544
0	29	760
0	30	1976
0	31	-2696
0	32	-8104
0	33	7160
0	34	-1976
0	35	184
1	2	-1544
1	3	-8968
1	4	4504
1	5	-1832
1	6	1336
1	7	-680
1	8	-904
1	9	6584
1	10	-1336
1	11	5432
1	12	1400
1	13	824
1	14	6664
1	15	-4360
1	16	392
1	17	2552
1	18	4712
1	19	4136
1	20	968
1	21	-6664
1	22	3848
1	23	3848
1	24	1544
1	25	1544
1	26	3560
1	27	3784
1	28	2056
1	29	4360
1	30	3560
1	31	904
1	32	3848
1	33	3560
1	34	-8744
1	35	8968
2	3	2120
2	4	-1400
2	5	-2552
2	6	5800
2	7	-1400
2	8	-5368
2	9	-3064
2	10	-5800
2	11	968
2	12	7304
2	13	1544
2	14	-4424
2	15	1544
2	16	6296
2	17	3272
2	18	248
2	19	4856
2	20	1688
2	21	4424
2	22	-5800
2	23	-616
2	24	-2920
2	25	2264
2	26	4280
2	27	-2120
2	28	-3848
2	29	3640
2	30	-904
2	31	-5000
2	32	-5800
2	33	4280
2	34	904
2	35	3064
3	4	1256
3	5	2408
3	6	-760
3	7	1256
3	8	328
3	9	-1976
3	10	760
3	11	-6008
3	12	-1976
3	13	3784
3	14	-6088
3	15	3784
3	16	-968
3	17	-3128
3	18	-104
3	19	-4712
3	20	-6728
3	21	6088
3	22	-9608
3	23	760
3	24	-2120
3	25	-2120
3	26	1048
3	27	-3208
3	28	-1480
3	29	-3784
3	30	-4136
3	31	-5512
3	32	760
3	33	-4136
3	34	9320
3	35	-3208
4	5	3496
4	6	1480
4	7	4648
4	8	4136
4	9	1256
4	10	8888
4	11	5288
4	12	1256
4	13	5864
4	14	1624
4	15	-4504
4	16	248
4	17	2408
4	18	-616
4	19	-1192
4	20	824
4	21	-1624
4	22	-1480
4	23	3704
4	24	6584
4	25	1400
4	26	3416
4	27	-1256
4	28	7384
4	29	-680
4	30	-6952
4	31	-4136
4	32	3704
4	33	-1768
4	34	1768
4	35	3928
5	6	-4856
5	7	3496
5	8	104
5	9	-2776
5	10	4856
5	11	1256
5	12	-2776
5	13	1832
5	14	-4712
5	15	7016
5	16	6584
5	17	3560
5	18	-9832
5	19	-10408
5	20	1976
5	21	4712
5	22	-328
5	23	4856
5	24	-2632
5	25	-2632
5	26	-616
5	27	2776
5	28	1048
5	29	-1832
5	30	-616
5	31	-104
5	32	4856
5	33	-616
5	34	616
5	35	2776
6	7	-3704
6	8	2120
6	9	-5944
6	10	-3496
6	11	3272
6	12	9608
6	13	-1336
6	14	3640
6	15	-6520
6	16	-1768
6	17	392
6	18	2552
6	19	7160
6	20	3992
6	21	-3640
6	22	-3496
6	23	-3496
6	24	4568
6	25	4568
6	26	6584
6	27	-9608
6	28	4216
6	29	6520
6	30	-3784
6	31	3064
6	32	1688
6	33	6584
6	34	-1400
6	35	-4424
7	8	-1048
7	9	1256
7	10	8888
7	11	-5080
7	12	1256
7	13	680
7	14	-3560
7	15	680
7	16	248
7	17	-7960
7	18	-616
7	19	-6376
7	20	6008
7	21	3560
7	22	3704
7	23	3704
7	24	1400
7	25	6584
7	26	-6952
7	27	-1256
7	28	2200
7	29	-680
7	30	-1768
7	31	1048
7	32	3704
7	33	3416
7	34	1768
7	35	-1256
8	9	-4856
8	10	3064
8	11	-3704
8	12	328
8	13	-4280
8	14	-3208
8	15	904
8	16	-9032
8	17	-6008
8	18	2200
8	19	2776
8	20	760
8	21	3208
8	22	-2120
8	23	-2120
8	24	184
8	25	-5000
8	26	3352
8	27	-328
8	28	11768
8	29	-904
8	30	-1832
8	31	-2632
8	32	-2120
8	33	3352
8	34	-3352
8	35	-5512
9	10	760
9	11	4360
9	12	-7160
9	13	3784
9	14	4280
9	15	-1400
9	16	-968
9	17	2056
9	18	5080
9	19	472
9	20	-6728
9	21	-4280
9	22	760
9	23	5944
9	24	-2120
9	25	-2120
9	26	-4136
9	27	7160
9	28	-6664
9	29	-3784
9	30	1048
9	31	-328
9	32	760
9	33	-4136
9	34	-1048
9	35	7160
10	11	1912
10	12	-4424
10	13	6520
10	14	1544
10	15	-3848
10	16	-3416
10	17	-392
10	18	-2552
10	19	-7160
10	20	1192
10	21	-1544
10	22	3496
10	23	-1688
10	24	5800
10	25	616
10	26	-1400
10	27	-760
10	28	6152
10	29	-6520
10	30	-1400
10	31	2120
10	32	3496
10	33	-1400
10	34	1400
10	35	-760
11	12	-824
11	13	4936
11	14	8312
11	15	-5432
11	16	5368
11	17	13576
11	18	-4136
11	19	1624
11	20	-392
11	21	-8312
11	22	1912
11	23	1912
11	24	4216
11	25	-968
11	26	2200
11	27	824
11	28	-2632
11	29	248
11	30	-2984
11	31	3704
11	32	1912
11	33	-2984
11	34	-2200
11	35	6008
12	13	-6584
12	14	-904
12	15	-1400
12	16	4216
12	17	-3128
12	18	-104
12	19	5656
12	20	8824
12	21	904
12	22	760
12	23	760
12	24	3064
12	25	8248
12	26	1048
12	27	-8392
12	28	3704
12	29	11768
12	30	-4136
12	31	-328
12	32	760
12	33	6232
12	34	-1048
12	35	-3208
13	14	3704
13	15	-6008
13	16	-392
13	17	7816
13	18	472
13	19	-4136
13	20	-6152
13	21	-3704
13	22	-3848
13	23	-3848
13	24	3640
13	25	-1544
13	26	6808
13	27	1400
13	28	-2056
13	29	-9544
13	30	1624
13	31	-904
13	32	1336
13	33	-3560
13	34	3560
13	35	6584
14	15	-11848
14	16	-1912
14	17	5432
14	18	2408
14	19	1832
14	20	-1336
14	21	-14152
14	22	6728
14	23	-3640
14	24	9608
14	25	4424
14	26	1256
14	27	-4280
14	28	-824
14	29	1480
14	30	1256
14	31	8392
14	32	6728
14	33	-3928
14	34	-1256
14	35	904
15	16	4792
15	17	-2552
15	18	-4712
15	19	-4136
15	20	-968
15	21	11848
15	22	-3848
15	23	6520
15	24	-11912
15	25	-6728
15	26	-3560
15	27	6584
15	28	-2056
15	29	824
15	30	1624
15	31	-6088
15	32	-3848
15	33	1624
15	34	-1624
15	35	1400
16	17	8248
16	18	-9464
16	19	-3704
16	20	4648
16	21	1912
16	22	1768
16	23	6952
16	24	-1112
16	25	4072
16	26	-3128
16	27	968
16	28	-7672
16	29	5576
16	30	-3128
16	31	-1336
16	32	1768
16	33	-3128
16	34	3128
16	35	6152
17	18	-6440
17	19	-680
17	20	-2696
17	21	-5432
17	22	-392
17	23	-392
17	24	1912
17	25	-3272
17	26	5080
17	27	3128
17	28	-5512
17	29	-2632
17	30	-104
17	31	824
17	32	-392
17	33	-5288
17	34	104
17	35	8312
18	19	7528
18	20	-4856
18	21	-2408
18	22	-2552
18	23	-2552
18	24	-248
18	25	-248
18	26	2920
18	27	104
18	28	1832
18	29	-472
18	30	2920
18	31	-2200
18	32	-2552
18	33	2920
18	34	-2920
18	35	104
19	20	904
19	21	-1832
19	22	-1976
19	23	-1976
19	24	328
19	25	328
19	26	3496
19	27	-472
19	28	1256
19	29	4136
19	30	-1688
19	31	-2776
19	32	-7160
19	33	3496
19	34	-3496
19	35	-472
20	21	1336
20	22	6376
20	23	1192
20	24	3496
20	25	8680
20	26	-3704
20	27	-3640
20	28	3272
20	29	6152
20	30	-3704
20	31	4424
20	32	1192
20	33	6664
20	34	-1480
20	35	-3640
21	22	-6728
21	23	3640
21	24	-9608
21	25	-4424
21	26	-1256
21	27	4280
21	28	824
21	29	-1480
21	30	-1256
21	31	-8392
21	32	-6728
21	33	3928
21	34	1256
21	35	-904
22	23	-1688
22	24	5800
22	25	5800
22	26	-6584
22	27	-760
22	28	968
22	29	3848
22	30	3784
22	31	7304
22	32	3496
22	33	-1400
22	34	-3784
22	35	-760
23	24	-4568
23	25	616
23	26	-6584
23	27	4424
23	28	-4216
23	29	3848
23	30	-6584
23	31	-3064
23	32	3496
23	33	-1400
23	34	1400
23	35	4424
24	25	8104
24	26	904
24	27	-8248
24	28	3848
24	29	1544
24	30	-4280
24	31	5000
24	32	5800
24	33	-4280
24	34	4280
24	35	-3064
25	26	-4280
25	27	-8248
25	28	-1336
25	29	6728
25	30	-4280
25	31	5000
25	32	5800
25	33	904
25	34	4280
25	35	-3064
26	27	-1048
26	28	5864
26	29	-1624
26	30	4072
26	31	-3352
26	32	-1400
26	33	4072
26	34	-4072
26	35	4136
27	28	-3704
27	29	-6584
27	30	4136
27	31	-4856
27	32	-5944
27	33	-1048
27	34	-4136
27	35	8392
28	29	2056
28	30	680
28	31	-1400
28	32	968
28	33	5864
28	34	-5864
28	35	-3704
29	30	-1624
29	31	904
29	32	3848
29	33	3560
29	34	-3560
29	35	-1400
30	31	1832
30	32	-1400
30	33	4072
30	34	-9256
30	35	4136
31	32	7304
31	33	1832
31	34	-1832
31	35	-4856
32	33	-1400
32	34	1400
32	35	-760
33	34	-9256
33	35	-1048
34	35	-4136
