0	1	2528
0	2	3536
0	3	6832
0	4	2384
0	5	1952
0	6	368
0	7	1936
0	8	-2816
0	9	2512
0	10	9136
0	11	-4240
0	12	-2224
0	13	-2368
0	14	-80
0	15	2368
0	16	2800
0	17	1792
0	18	4096
0	19	2384
0	20	4528
0	21	6688
0	22	-7136
0	23	-1088
0	24	-784
0	25	-4976
0	26	3952
0	27	-80
0	28	-1792
0	29	-4976
0	30	2224
0	31	-3808
0	32	1792
0	33	4976
0	34	-7280
0	35	-6848
1	2	-1216
1	3	1216
1	4	-2368
1	5	-2800
1	6	800
1	7	6688
1	8	1936
1	9	-3104
1	10	3520
1	11	-3808
1	12	3392
1	13	-1936
1	14	-512
1	15	1936
1	16	-2816
1	17	6544
1	18	3664
1	19	2816
1	20	-1088
1	21	11440
1	22	-7568
1	23	3664
1	24	-352
1	25	-5408
1	26	3520
1	27	-5696
1	28	-1360
1	29	-224
1	30	-3392
1	31	1808
1	32	-3824
1	33	-4960
1	34	-2528
1	35	-2096
2	3	208
2	4	-1360
2	5	-1792
2	6	-8560
2	7	496
2	8	928
2	9	1072
2	10	2512
2	11	-2800
2	12	4400
2	13	-928
2	14	3664
2	15	6112
2	16	1360
2	17	-4832
2	18	-2528
2	19	-6544
2	20	3088
2	21	64
2	22	1792
2	23	-7712
2	24	-4528
2	25	-1232
2	26	-2672
2	27	-6704
2	28	-352
2	29	3952
2	30	5968
2	31	2816
2	32	-4832
2	33	1232
2	34	-3536
2	35	2080
3	4	-3824
3	5	1792
3	6	3376
3	7	-496
3	8	-928
3	9	-1072
3	10	13040
3	11	2800
3	12	-4400
3	13	928
3	14	1520
3	15	4256
3	16	3824
3	17	-352
3	18	-2656
3	19	6544
3	20	7280
3	21	5120
3	22	-6976
3	23	-2656
3	24	-656
3	25	-3952
3	26	2672
3	27	1520
3	28	5536
3	29	-3952
3	30	-784
3	31	2368
3	32	4832
3	33	9136
3	34	-1648
3	35	-2080
4	5	7424
4	6	656
4	7	6832
4	8	2080
4	9	2224
4	10	-1520
4	11	-9136
4	12	3248
4	13	-2080
4	14	-368
4	15	-3104
4	16	2512
4	17	1504
4	18	8992
4	19	-2512
4	20	-944
4	21	1216
4	22	-2240
4	23	-1376
4	24	-496
4	25	-5264
4	26	3664
4	27	-368
4	28	-6688
4	29	-80
4	30	1936
4	31	-8704
4	32	-3680
4	33	80
4	34	-7568
4	35	-7136
5	6	224
5	7	2080
5	8	2512
5	9	-2528
5	10	4096
5	11	-4384
5	12	2816
5	13	2672
5	14	64
5	15	2512
5	16	-2240
5	17	1936
5	18	9424
5	19	-2944
5	20	4672
5	21	1648
5	22	-1808
5	23	-944
5	24	4256
5	25	352
5	26	-1088
5	27	64
5	28	-1936
5	29	352
5	30	2368
5	31	-3952
5	32	1936
5	33	4832
5	34	-1952
5	35	-6704
6	7	-1520
6	8	-6272
6	9	4240
6	10	496
6	11	4400
6	12	-3952
6	13	-4096
6	14	-3536
6	15	-1088
6	16	4528
6	17	3520
6	18	640
6	19	656
6	20	1072
6	21	-1952
6	22	-224
6	23	640
6	24	-2512
6	25	1936
6	26	496
6	27	6832
6	28	1664
6	29	-8432
6	30	-1232
6	31	4832
6	32	3520
6	33	3248
6	34	4816
6	35	64
7	8	3968
7	9	-6544
7	10	2384
7	11	-12464
7	12	1072
7	13	-3968
7	14	6416
7	15	3968
7	16	-1648
7	17	-640
7	18	7424
7	19	1648
7	20	1808
7	21	10016
7	22	-7264
7	23	2240
7	24	-368
7	25	-9424
7	26	2384
7	27	-3952
7	28	640
7	29	944
7	30	-6256
7	31	-7712
7	32	-11008
7	33	-944
7	34	-7120
7	35	-7552
8	9	-6976
8	10	1952
8	11	-1664
8	12	6688
8	13	6832
8	14	5984
8	15	-1648
8	16	-2080
8	17	-1072
8	18	1808
8	19	2080
8	20	-3808
8	21	4400
8	22	-2512
8	23	-3376
8	24	64
8	25	-4672
8	26	-3232
8	27	-4384
8	28	1072
8	29	10880
8	30	-1504
8	31	-2096
8	32	-1072
8	33	-5696
8	34	-2368
8	35	2384
9	10	-3376
9	11	3664
9	12	1648
9	13	-3392
9	14	-9712
9	15	-6976
9	16	8144
9	17	3968
9	18	-3520
9	19	-2960
9	20	-3952
9	21	-6112
9	22	2528
9	23	-3520
9	24	-4976
9	25	368
9	26	6992
9	27	656
9	28	-9152
9	29	-4816
9	30	8720
9	31	3232
9	32	3968
9	33	-368
9	34	-2512
9	35	2240
10	11	-80
10	12	-2096
10	13	3232
10	14	4400
10	15	7136
10	16	1520
10	17	-2656
10	18	224
10	19	3664
10	20	4976
10	21	8000
10	22	-9280
10	23	224
10	24	1648
10	25	-6256
10	26	368
10	27	-784
10	28	2656
10	29	-1072
10	30	2096
10	31	-512
10	32	2528
10	33	6256
10	34	-3952
10	35	-4384
11	12	-3376
11	13	6848
11	14	-4112
11	15	-1664
11	16	3952
11	17	-2240
11	18	-10304
11	19	1232
11	20	-4688
11	21	-7712
11	22	4384
11	23	64
11	24	-1936
11	25	6544
11	26	-5264
11	27	6256
11	28	2240
11	29	1360
11	30	3376
11	31	10592
11	32	8128
11	33	-1360
11	34	9424
11	35	9856
12	13	-1504
12	14	-944
12	15	-3680
12	16	-3248
12	17	6112
12	18	3232
12	19	-7120
12	20	-1520
12	21	640
12	22	2368
12	23	-7136
12	24	80
12	25	-656
12	26	3088
12	27	-11312
12	28	-6112
12	29	4528
12	30	6544
12	31	2240
12	32	928
12	33	-4528
12	34	-2960
12	35	2656
13	14	-800
13	15	1648
13	16	2080
13	17	-4112
13	18	-1808
13	19	3104
13	20	-6560
13	21	784
13	22	-2672
13	23	3376
13	24	-64
13	25	-512
13	26	-7136
13	27	4384
13	28	-1072
13	29	9856
13	30	1504
13	31	2096
13	32	1072
13	33	-4672
13	34	2368
13	35	2800
14	15	5984
14	16	-4816
14	17	-8992
14	18	-928
14	19	-368
14	20	3824
14	21	1664
14	22	-64
14	23	-928
14	24	2800
14	25	-2224
14	26	-5968
14	27	-1936
14	28	8992
14	29	2960
14	30	-4240
14	31	-4544
14	32	-3808
14	33	2224
14	34	80
14	35	-352
15	16	-2080
15	17	-6256
15	18	1808
15	19	-3104
15	20	6560
15	21	4400
15	22	-2512
15	23	1808
15	24	64
15	25	512
15	26	-8416
15	27	800
15	28	6256
15	29	512
15	30	-1504
15	31	3088
15	32	-6256
15	33	4672
15	34	2816
15	35	-2800
16	17	-1504
16	18	-3808
16	19	2512
16	20	-4240
16	21	-1216
16	22	-2944
16	23	-3808
16	24	-9872
16	25	-5104
16	26	1520
16	27	5552
16	28	-3680
16	29	80
16	30	3248
16	31	3520
16	32	-1504
16	33	-80
16	34	-2800
16	35	1952
17	18	7568
17	19	1504
17	20	1952
17	21	4976
17	22	-1936
17	23	-2800
17	24	-512
17	25	1088
17	26	7712
17	27	-3808
17	28	-4688
17	29	-4096
17	30	-928
17	31	2512
17	32	4688
17	33	-1088
17	34	-1792
17	35	-2224
18	19	-1376
18	20	4832
18	21	7856
18	22	-4240
18	23	80
18	24	1792
18	25	-1216
18	26	224
18	27	-928
18	28	-2384
18	29	-1216
18	30	-3232
18	31	-5552
18	32	-2800
18	33	1216
18	34	-4096
18	35	-9712
19	20	-944
19	21	6400
19	22	-7424
19	23	3808
19	24	-496
19	25	-5264
19	26	3664
19	27	4816
19	28	3680
19	29	-80
19	30	-8432
19	31	-3520
19	32	1504
19	33	80
19	34	-2384
19	35	-1952
20	21	2240
20	22	512
20	23	-5536
20	24	2224
20	25	3536
20	26	-208
20	27	-1360
20	28	8416
20	29	-6832
20	30	-3664
20	31	64
20	32	1952
20	33	12016
20	34	656
20	35	-4960
21	22	-12016
21	23	2672
21	24	-800
21	25	-8992
21	26	2816
21	27	-3520
21	28	208
21	29	1376
21	30	-5824
21	31	-2960
21	32	-5392
21	33	-1376
21	34	-6688
21	35	-7120
22	23	-4240
22	24	928
22	25	10016
22	26	-4096
22	27	-64
22	28	1936
22	29	-352
22	30	2816
22	31	3952
22	32	3248
22	33	352
22	34	7136
22	35	6704
23	24	6976
23	25	-1216
23	26	224
23	27	4256
23	28	-2384
23	29	-1216
23	30	-3232
23	31	-5552
23	32	-2800
23	33	-3968
23	34	1088
23	35	-4528
24	25	3088
24	26	1648
24	27	-2384
24	28	512
24	29	-2096
24	30	-80
24	31	-6688
24	32	4672
24	33	2096
24	34	784
24	35	-3968
25	26	-6256
25	27	2960
25	28	4096
25	29	-2512
25	30	656
25	31	6112
25	32	6272
25	33	2512
25	34	10160
25	35	4544
26	27	-5968
26	28	-7712
26	29	-6256
26	30	2096
26	31	-5696
26	32	2528
26	33	1072
26	34	-9136
26	35	-4384
27	28	3808
27	29	-2224
27	30	-4240
27	31	640
27	32	1376
27	33	2224
27	34	5264
27	35	-352
28	29	-1088
28	30	-9440
28	31	2672
28	32	496
28	33	6272
28	34	6976
28	35	2224
29	30	656
29	31	928
29	32	-4096
29	33	-7856
29	34	-208
29	35	4544
30	31	2944
30	32	4256
30	33	-656
30	34	-2224
30	35	2528
31	32	2512
31	33	-928
31	34	8992
31	35	9424
32	33	4096
32	34	3392
32	35	2960
33	34	208
33	35	-4544
34	35	6848
