0	1	-5720
0	2	-3272
0	3	11336
0	4	5512
0	5	3352
0	6	536
0	7	-8248
0	8	-3704
0	9	2632
0	10	8104
0	11	-680
0	12	2776
0	13	5944
0	14	-3064
0	15	-2488
0	16	-2840
0	17	-2056
0	18	-3496
0	19	536
0	20	8392
0	21	-3128
0	22	-3064
0	23	5720
0	24	-2632
0	25	-104
0	26	8680
0	27	-392
0	28	-40
0	29	-5720
0	30	-184
0	31	5512
0	32	3704
0	33	-5144
0	34	392
0	35	5864
1	2	-3208
1	3	-10040
1	4	-6808
1	5	536
1	6	-4424
1	7	4360
1	8	-2776
1	9	6440
1	10	968
1	11	-5800
1	12	-9256
1	13	3128
1	14	4360
1	15	3784
1	16	1544
1	17	-1832
1	18	4792
1	19	760
1	20	-9688
1	21	1832
1	22	-824
1	23	-4424
1	24	-6440
1	25	-1192
1	26	-4792
1	27	-904
1	28	1336
1	29	-760
1	30	-8888
1	31	3560
1	32	2776
1	33	-1336
1	34	904
1	35	5800
2	3	2776
2	4	-4072
2	5	-1912
2	6	-1976
2	7	-3560
2	8	-40
2	9	-6376
2	10	-1480
2	11	-3064
2	12	9032
2	13	680
2	14	1624
2	15	1048
2	16	-904
2	17	-4568
2	18	-3128
2	19	-1976
2	20	-1768
2	21	-616
2	22	1624
2	23	3208
2	24	-3992
2	25	6728
2	26	-2056
2	27	-3352
2	28	-1400
2	29	-3208
2	30	3928
2	31	-4072
2	32	40
2	33	-3784
2	34	3352
2	35	-2120
3	4	1192
3	5	4216
3	6	-328
3	7	-3928
3	8	-2840
3	9	-1688
3	10	3784
3	11	5368
3	12	8824
3	13	1624
3	14	1256
3	15	-8536
3	16	-7160
3	17	-2920
3	18	-4360
3	19	-5512
3	20	4072
3	21	-2264
3	22	-3928
3	23	4856
3	24	1688
3	25	760
3	26	4360
3	27	-4712
3	28	4280
3	29	328
3	30	4136
3	31	1192
3	32	-2344
3	33	-4280
3	34	-5656
3	35	-184
4	5	-5512
4	6	1624
4	7	-5144
4	8	6728
4	9	-4792
4	10	104
4	11	3704
4	12	248
4	13	-2920
4	14	-5144
4	15	4648
4	16	5864
4	17	4216
4	18	472
4	19	6808
4	20	10184
4	21	-4216
4	22	5224
4	23	1624
4	24	-392
4	25	-2056
4	26	4712
4	27	8600
4	28	-2984
4	29	-1624
4	30	2344
4	31	-2488
4	32	3640
4	33	2984
4	34	1768
4	35	-3704
5	6	-536
5	7	3064
5	8	-11848
5	9	2552
5	10	-2920
5	11	-4504
5	12	2408
5	13	4424
5	14	3064
5	15	-2696
5	16	-7528
5	17	2056
5	18	-6872
5	19	-5720
5	20	-3208
5	21	3128
5	22	-7304
5	23	-536
5	24	2632
5	25	104
5	26	1688
5	27	-4792
5	28	5224
5	29	5720
5	30	-5000
5	31	-328
5	32	1480
5	33	5144
5	34	-5576
5	35	4504
6	7	824
6	8	2776
6	9	-1256
6	10	-968
6	11	616
6	12	4072
6	13	2056
6	14	-9544
6	15	-3784
6	16	3640
6	17	1832
6	18	-4792
6	19	4424
6	20	4504
6	21	3352
6	22	824
6	23	4424
6	24	6440
6	25	-3992
6	26	4792
6	27	-4280
6	28	-6520
6	29	760
6	30	3704
6	31	1624
6	32	2408
6	33	1336
6	34	4280
6	35	-5800
7	8	1192
7	9	-2840
7	10	-7736
7	11	4216
7	12	-2696
7	13	472
7	14	2408
7	15	-2200
7	16	-3128
7	17	3416
7	18	1976
7	19	-4360
7	20	-7448
7	21	1768
7	22	-2776
7	23	-4360
7	24	2840
7	25	-5576
7	26	-7160
7	27	-5864
7	28	248
7	29	9544
7	30	-5080
7	31	40
7	32	-6376
7	33	4936
7	34	-4504
7	35	-4216
8	9	-5944
8	10	-1048
8	11	7736
8	12	-904
8	13	-4072
8	14	-3992
8	15	616
8	16	4712
8	17	184
8	18	6808
8	19	2776
8	20	3848
8	21	-5368
8	22	6376
8	23	2776
8	24	760
8	25	-3208
8	26	-1624
8	27	2264
8	28	-7016
8	29	-2776
8	30	3496
8	31	1544
8	32	-5576
8	33	-3352
8	34	2920
8	35	-7736
9	10	8168
9	11	-3784
9	12	-7240
9	13	-40
9	14	2344
9	15	-3416
9	16	-1624
9	17	-3848
9	18	2776
9	19	-1256
9	20	-2488
9	21	3848
9	22	-2840
9	23	-1256
9	24	1912
9	25	824
9	26	2408
9	27	1112
9	28	4504
9	29	-3928
9	30	-536
9	31	5576
9	32	760
9	33	-4504
9	34	-1112
9	35	8968
10	11	1112
10	12	-2344
10	13	-328
10	14	-2552
10	15	-3128
10	16	3272
10	17	-3560
10	18	3064
10	19	4216
10	20	2408
10	21	-1624
10	22	-2552
10	23	-968
10	24	-2984
10	25	536
10	26	2120
10	27	824
10	28	-392
10	29	-9400
10	30	4936
10	31	5288
10	32	1048
10	33	-9976
10	34	4360
10	35	4072
11	12	1256
11	13	-7096
11	14	-968
11	15	-6728
11	16	1688
11	17	3208
11	18	4648
11	19	616
11	20	824
11	21	-3208
11	22	-968
11	23	-4568
11	24	3784
11	25	-6232
11	26	-4648
11	27	-760
11	28	1192
11	29	4568
11	30	6520
11	31	-1480
11	32	-7736
11	33	-1192
11	34	-4424
11	35	-9896
12	13	-184
12	14	-2696
12	15	-3272
12	16	-1768
12	17	1480
12	18	-7448
12	19	-1112
12	20	2552
12	21	-1480
12	22	-2696
12	23	4072
12	24	2056
12	25	680
12	26	2264
12	27	-4216
12	28	-536
12	29	1112
12	30	4792
12	31	-4936
12	32	904
12	33	536
12	34	-968
12	35	-6440
13	14	472
13	15	-104
13	16	-4936
13	17	-5720
13	18	-4280
13	19	-3128
13	20	-616
13	21	536
13	22	472
13	23	7240
13	24	-5144
13	25	2696
13	26	4280
13	27	-7384
13	28	-2552
13	29	-2056
13	30	-7592
13	31	7448
13	32	4072
13	33	-2632
13	34	2200
13	35	7096
14	15	-2200
14	16	-8312
14	17	-6952
14	18	1976
14	19	-9544
14	20	-7448
14	21	1768
14	22	2408
14	23	824
14	24	-2344
14	25	4792
14	26	-1976
14	27	-680
14	28	10616
14	29	4360
14	30	-5080
14	31	40
14	32	-1192
14	33	-248
14	34	-9688
14	35	6152
15	16	6664
15	17	3992
15	18	2552
15	19	6584
15	20	2344
15	21	1192
15	22	2984
15	23	-3784
15	24	-6952
15	25	-968
15	26	-2552
15	27	9112
15	28	-4360
15	29	-1400
15	30	-4504
15	31	-5720
15	32	4568
15	33	4360
15	34	6440
15	35	1544
16	17	6232
16	18	2488
16	19	14008
16	20	2984
16	21	-1048
16	22	2056
16	23	-6728
16	24	-3560
16	25	-4072
16	26	-2488
16	27	6584
16	28	-6152
16	29	-3640
16	30	4360
16	31	-4504
16	32	5656
16	33	968
16	34	8968
16	35	-6872
17	18	-2200
17	19	7016
17	20	1912
17	21	-4424
17	22	-6952
17	23	-8536
17	24	3848
17	25	-6584
17	26	-2984
17	27	3496
17	28	-3928
17	29	3352
17	30	1112
17	31	-6152
17	32	-184
17	33	9112
17	34	1688
17	35	-8392
18	19	392
18	20	-1832
18	21	2200
18	22	1976
18	23	-4792
18	24	-2776
18	25	-5144
18	26	-6728
18	27	4936
18	28	-184
18	29	-392
18	30	-328
18	31	472
18	32	-6808
18	33	-5000
18	34	248
18	35	536
19	20	4504
19	21	-1832
19	22	824
19	23	-5944
19	24	-3928
19	25	-3992
19	26	-392
19	27	6088
19	28	-6520
19	29	-4424
19	30	3704
19	31	-3560
19	32	7592
19	33	1336
19	34	9464
19	35	-5800
20	21	-1912
20	22	2920
20	23	4504
20	24	2488
20	25	248
20	26	7016
20	27	5720
20	28	-5288
20	29	-4504
20	30	5224
20	31	-184
20	32	1336
20	33	104
20	34	4648
20	35	-824
21	22	1768
21	23	-1832
21	24	1336
21	25	-3784
21	26	-2200
21	27	1688
21	28	3928
21	29	7016
21	30	-1112
21	31	-4216
21	32	184
21	33	1256
21	34	-1688
21	35	3208
22	23	6008
22	24	-2344
22	25	4792
22	26	3208
22	27	4504
22	28	248
22	29	-824
22	30	104
22	31	40
22	32	3992
22	33	-248
22	34	680
22	35	968
23	24	1256
23	25	6376
23	26	9976
23	27	-4280
23	28	-1336
23	29	-4424
23	30	-1480
23	31	6808
23	32	2408
23	33	-3848
23	34	-904
23	35	4568
24	25	-824
24	26	2776
24	27	-1112
24	28	680
24	29	3928
24	30	5720
24	31	-392
24	32	-5944
24	33	4504
24	34	-4072
24	35	-3784
25	26	5144
25	27	-1336
25	28	1768
25	29	-6376
25	30	1912
25	31	3128
25	32	3208
25	33	-1768
25	34	1336
25	35	6232
26	27	248
26	28	184
26	29	-4792
26	30	328
26	31	4712
26	32	6808
26	33	-184
26	34	-248
26	35	4648
27	28	1480
27	29	-904
27	30	1624
27	31	-6952
27	32	2920
27	33	3704
27	34	1048
27	35	760
28	29	6520
28	30	-2056
28	31	-2984
28	32	1832
28	33	1912
28	34	-11848
28	35	3992
29	30	-3704
29	31	-6808
29	32	-2408
29	33	9032
29	34	-9464
29	35	-4568
30	31	-2840
30	32	-3496
30	33	-3128
30	34	3560
30	35	-6520
31	32	-1544
31	33	-7384
31	34	1768
31	35	6664
32	33	3352
32	34	2264
32	35	2552
33	34	-3704
33	35	-3992
34	35	-760
