0	1	-1.6763589e-01
0	2	-1.3568123e-03
0	3	1.9366869e-01
0	4	2.1493469e-01
0	5	3.4282792e-01
0	6	-1.4874486e-01
0	7	-1.9277948e-01
0	8	2.3608995e-01
0	9	5.5317618e-02
0	10	1.1222788e-01
0	11	8.9723889e-02
0	12	2.2912962e-01
0	13	2.0258001e-01
0	14	-3.0675934e-02
0	15	-2.2563432e-01
0	16	1.4215064e-01
0	17	-5.4672625e-02
0	18	2.8836886e-02
0	19	-4.7824426e-01
0	20	8.4327064e-02
0	21	-2.0196951e-01
0	22	2.5864521e-02
0	23	1.0400145e-02
0	24	1.2810901e-01
1	2	-1.7398420e-01
1	3	-9.2303729e-02
1	4	-3.4319518e-01
1	5	4.0946215e-02
1	6	1.2887697e-01
1	7	1.2769419e-01
1	8	1.3930435e-01
1	9	-9.0060263e-02
1	10	-1.7583671e-01
1	11	-1.9882048e-01
1	12	-1.9468248e-01
1	13	3.5626356e-02
1	14	7.7303559e-02
1	15	1.1761062e-01
1	16	5.5184674e-02
1	17	-2.5378511e-01
1	18	-1.6458357e-01
1	19	8.8282127e-02
1	20	2.2022242e-01
1	21	-8.8976360e-02
1	22	-9.7443619e-02
1	23	-1.2733934e-01
1	24	2.8119166e-01
2	3	5.2120098e-02
2	4	1.5368381e-01
2	5	1.7859325e-01
2	6	-1.0709031e-01
2	7	-5.0589071e-02
2	8	-1.7385393e-01
2	9	-1.0930143e-01
2	10	2.3062657e-01
2	11	-8.8851814e-02
2	12	-3.8124500e-02
2	13	5.1663720e-03
2	14	-1.6259632e-01
2	15	6.0121183e-02
2	16	-9.0942095e-02
2	17	1.3131128e-01
2	18	1.0042430e-02
2	19	1.5141127e-01
2	20	6.2014352e-02
2	21	-1.2237259e-01
2	22	-2.1022228e-01
2	23	1.2645538e-01
2	24	-1.0868604e-01
3	4	-1.7109383e-01
3	5	-1.7648465e-01
3	6	-7.7699377e-02
3	7	-9.8284375e-02
3	8	3.7148959e-02
3	9	2.1373343e-01
3	10	3.9069652e-01
3	11	-2.5812153e-01
3	12	3.3923697e-01
3	13	-3.4730891e-02
3	14	1.5211988e-01
3	15	-2.6872163e-01
3	16	1.6357414e-01
3	17	-1.0419708e-01
3	18	-1.7067970e-01
3	19	-2.4485019e-01
3	20	3.0796516e-02
3	21	7.7016646e-02
3	22	-5.6948820e-01
3	23	-1.3148185e-01
3	24	-4.2418669e-02
4	5	2.2297822e-01
4	6	-4.0922034e-01
4	7	-5.9316112e-03
4	8	1.1823448e-02
4	9	1.1390547e-01
4	10	-1.4179543e-01
4	11	4.8697887e-01
4	12	-1.6341284e-02
4	13	6.4353866e-02
4	14	-2.0903305e-01
4	15	-1.8052460e-01
4	16	1.8473650e-03
4	17	4.4896565e-01
4	18	3.4034091e-01
4	19	-1.2350408e-01
4	20	-3.7175856e-01
4	21	-4.9649334e-02
4	22	2.1782689e-01
4	23	1.7679336e-01
4	24	-2.0807353e-01
5	6	-2.5730978e-01
5	7	-1.2529283e-01
5	8	2.8476703e-01
5	9	-1.6591678e-01
5	10	-1.1317573e-01
5	11	-5.4517387e-02
5	12	-1.2312078e-01
5	13	5.5203209e-02
5	14	-1.4573177e-01
5	15	1.7141981e-01
5	16	9.8674921e-02
5	17	1.2924432e-01
5	18	1.3983833e-02
5	19	-1.5338481e-01
5	20	3.3706816e-01
5	21	-1.9479675e-01
5	22	-1.8309327e-01
5	23	-2.0156938e-01
5	24	8.6505319e-02
6	7	5.5732588e-03
6	8	1.7304901e-02
6	9	4.0652372e-02
6	10	-1.0654282e-02
6	11	-4.0413832e-01
6	12	-1.1147557e-01
6	13	2.5065825e-02
6	14	1.5029577e-01
6	15	2.0374972e-01
6	16	3.3254874e-02
6	17	4.5524957e-02
6	18	-2.9018138e-01
6	19	1.2002070e-01
6	20	2.4819803e-01
6	21	-2.4859877e-02
6	22	-2.0329565e-02
6	23	1.8680137e-01
6	24	4.0055560e-01
7	8	-1.0661230e-01
7	9	1.0989261e-01
7	10	-6.1421930e-02
7	11	5.3420281e-02
7	12	-1.9180292e-01
7	13	1.7073651e-01
7	14	2.5542300e-02
7	15	-6.8637032e-03
7	16	-1.8082286e-01
7	17	-1.6053407e-01
7	18	1.5829107e-01
7	19	9.8706961e-02
7	20	5.3948076e-02
7	21	-1.2630918e-03
7	22	1.0857823e-01
7	23	-2.6713380e-02
7	24	7.3603325e-02
8	9	4.8353254e-02
8	10	-7.1084745e-02
8	11	-1.0356202e-02
8	12	4.3177091e-02
8	13	1.5861382e-01
8	14	4.1011287e-01
8	15	1.3278289e-01
8	16	3.4782823e-01
8	17	-3.0513412e-03
8	18	-2.2726790e-02
8	19	-1.8556552e-01
8	20	2.9104246e-01
8	21	-5.4984602e-03
8	22	-2.9332900e-01
8	23	-1.0514556e-01
8	24	2.2646994e-01
9	10	-3.9785210e-02
9	11	3.1366271e-01
9	12	6.7398287e-02
9	13	1.6124144e-01
9	14	-4.1132016e-04
9	15	-1.9985115e-01
9	16	7.8348281e-02
9	17	-3.5458467e-02
9	18	2.9246402e-02
9	19	-2.0838595e-02
9	20	-4.2605421e-01
9	21	3.4838000e-02
9	22	1.5443403e-01
9	23	-6.3081278e-02
9	24	7.3230849e-02
10	11	-2.3678208e-01
10	12	2.9148183e-01
10	13	1.9911245e-02
10	14	1.0028683e-01
10	15	-1.4232077e-01
10	16	-2.5053349e-02
10	17	3.1660781e-02
10	18	-5.8964580e-02
10	19	1.0357828e-01
10	20	2.4019287e-02
10	21	3.0413556e-02
10	22	-2.7428354e-01
10	23	7.4486515e-02
10	24	-1.3863124e-01
11	12	1.8666831e-02
11	13	1.7669294e-01
11	14	-1.7423770e-01
11	15	-2.5827766e-01
11	16	3.6950912e-02
11	17	7.4053511e-02
11	18	4.7000588e-01
11	19	-3.1469658e-02
11	20	-8.2909076e-01
11	21	2.0859812e-01
11	22	5.5127219e-01
11	23	-8.7200174e-02
11	24	-2.1860638e-01
12	13	-2.4620483e-01
12	14	4.9945201e-01
12	15	-1.7844209e-01
12	16	-1.9001409e-01
12	17	-2.7503063e-01
12	18	-6.0605028e-02
12	19	2.1583746e-01
12	20	-2.3979091e-02
12	21	-8.3387443e-04
12	22	-8.7383219e-02
12	23	-7.6679554e-02
12	24	-3.1735770e-01
13	14	1.2410855e-02
13	15	-1.5720740e-01
13	16	1.0488966e-01
13	17	-2.0717499e-01
13	18	6.1465352e-02
13	19	4.6103666e-02
13	20	-6.7865400e-02
13	21	1.1327704e-01
13	22	1.2936657e-01
13	23	1.0710583e-01
13	24	2.3561613e-01
14	15	1.1775185e-01
14	16	-1.7813198e-02
14	17	-2.8217236e-01
14	18	-9.5564097e-02
14	19	-2.5949163e-02
14	20	4.6189461e-01
14	21	2.3964026e-02
14	22	-3.3918843e-01
14	23	1.0558908e-03
14	24	2.5844190e-02
15	16	-4.0347842e-02
15	17	1.8632517e-01
15	18	8.9932312e-02
15	19	1.1164614e-01
15	20	4.8141166e-01
15	21	-2.7705837e-02
15	22	-1.7147402e-01
15	23	-4.3729400e-02
15	24	1.2171491e-01
16	17	1.6332683e-01
16	18	8.5802430e-02
16	19	-2.2056184e-01
16	20	-1.4361573e-01
16	21	6.9067747e-02
16	22	-1.5700508e-01
16	23	6.7309784e-02
16	24	8.2671990e-02
17	18	3.2780843e-01
17	19	-1.5157914e-01
17	20	-1.4702503e-01
17	21	1.6691447e-01
17	22	5.5252240e-03
17	23	3.5359179e-02
17	24	-1.2505225e-01
18	19	-7.1566466e-02
18	20	-1.8152573e-01
18	21	3.7195638e-01
18	22	2.5049655e-01
18	23	1.8255668e-02
18	24	-2.7148276e-01
19	20	-2.1898897e-01
19	21	2.5302756e-01
19	22	1.4028962e-01
19	23	1.5626356e-01
19	24	-4.2008452e-02
20	21	-1.0862336e-01
20	22	-6.6926584e-01
20	23	-6.1705480e-02
20	24	2.7662141e-01
21	22	2.0262064e-01
21	23	-1.6785802e-01
21	24	-1.6451032e-01
22	23	5.2064726e-02
22	24	-6.1920153e-02
23	24	2.0673144e-02
