0	1	-632
0	2	-1016
0	3	-5000
0	4	-5496
0	5	1032
0	6	-5752
0	7	2552
0	8	-9096
0	9	3336
0	10	-1288
0	11	1400
0	12	1400
0	13	1800
0	14	6648
0	15	5000
0	16	4344
0	17	4360
0	18	-5240
0	19	392
0	20	-1928
0	21	7048
0	22	4872
0	23	3832
0	24	-1416
0	25	-6136
0	26	-5112
0	27	1800
0	28	-1144
0	29	-5880
0	30	5752
0	31	7672
1	2	5384
1	3	888
1	4	-3192
1	5	3336
1	6	648
1	7	4344
1	8	888
1	9	1544
1	10	504
1	11	-904
1	12	-13192
1	13	8
1	14	-7944
1	15	-888
1	16	-2056
1	17	-13816
1	18	1160
1	19	2696
1	20	12152
1	21	1160
1	22	-5112
1	23	1528
1	24	4472
1	25	-7928
1	26	5384
1	27	4104
1	28	-2936
1	29	-3576
1	30	-648
1	31	9464
2	3	-2824
2	4	-3576
2	5	-1144
2	6	-3832
2	7	8824
2	8	1272
2	9	-2936
2	10	888
2	11	-520
2	12	-4616
2	13	3720
2	14	-3464
2	15	2824
2	16	-1672
2	17	-1912
2	18	-3320
2	19	2312
2	20	4344
2	21	-7416
2	22	-1400
2	23	6008
2	24	8952
2	25	-120
2	26	904
2	27	-376
2	28	776
2	29	4232
2	30	3832
2	31	-6536
3	4	5752
3	5	-4872
3	6	6008
3	7	-6904
3	8	648
3	9	-3080
3	10	-7160
3	11	-1656
3	12	2440
3	13	2552
3	14	-2808
3	15	3448
3	16	-8696
3	17	-8200
3	18	-2696
3	19	-8328
3	20	-2424
3	21	1400
3	22	3576
3	23	-8184
3	24	-2936
3	25	-1800
3	26	5368
3	27	-1544
3	28	-10888
3	29	-6152
3	30	-6008
3	31	-3832
4	5	-5624
4	6	3976
4	7	1016
4	8	1656
4	9	4872
4	10	1272
4	11	3960
4	12	3960
4	13	-4856
4	14	-3080
4	15	2440
4	16	-1288
4	17	-6392
4	18	392
4	19	-2168
4	20	-7560
4	21	392
4	22	2312
4	23	6392
4	24	-2952
4	25	11784
4	26	520
4	27	-760
4	28	-7800
4	29	-248
4	30	-3976
4	31	2040
5	6	-9976
5	7	-1416
5	8	3320
5	9	3208
5	10	2936
5	11	1528
5	12	1528
5	13	-2424
5	14	-9608
5	15	776
5	16	4472
5	17	4232
5	18	2824
5	19	264
5	20	2296
5	21	2824
5	22	-3448
5	23	3960
5	24	2808
5	25	-6264
5	26	2952
5	27	1672
5	28	2824
5	29	-1912
5	30	1784
5	31	7800
6	7	-6920
6	8	6008
6	9	520
6	10	-6664
6	11	4216
6	12	4216
6	13	-5112
6	14	1272
6	15	-1912
6	16	-1032
6	17	-6648
6	18	-3960
6	19	1672
6	20	-3208
6	21	136
6	22	-2040
6	23	-5640
6	24	-6792
6	25	-760
6	26	-3832
6	27	-1016
6	28	-3960
6	29	-504
6	30	-3720
6	31	-5896
7	8	1288
7	9	-3720
7	10	1672
7	11	-5112
7	12	-9208
7	13	1912
7	14	-2168
7	15	-1288
7	16	4232
7	17	-4744
7	18	4856
7	19	3320
7	20	10504
7	21	-3336
7	22	11128
7	23	4744
7	24	5896
7	25	5752
7	26	632
7	27	-2184
7	28	4856
7	29	1400
7	30	-1272
7	31	904
8	9	-3080
8	10	1032
8	11	-5752
8	12	-1656
8	13	-5640
8	14	1288
8	15	-648
8	16	-4600
8	17	-8
8	18	1400
8	19	3960
8	20	1672
8	21	-6792
8	22	-520
8	23	-4088
8	24	1160
8	25	2296
8	26	-2824
8	27	6648
8	28	-2696
8	29	6136
8	30	-6008
8	31	-3832
9	10	-3464
9	11	7416
9	12	3320
9	13	-4216
9	14	376
9	15	-1016
9	16	6264
9	17	2440
9	18	-3064
9	19	-1528
9	20	-4104
9	21	5128
9	22	-1144
9	23	9848
9	24	-3592
9	25	4232
9	26	1160
9	27	-120
9	28	-7160
9	29	392
9	30	7672
9	31	9592
10	11	-1272
10	12	-1272
10	13	6264
10	14	-2424
10	15	-1032
10	16	-4216
10	17	-392
10	18	5112
10	19	7672
10	20	2056
10	21	1016
10	22	-5000
10	23	4488
10	24	1544
10	25	-2184
10	26	-7304
10	27	10360
10	28	5112
10	29	1656
10	30	-5624
10	31	4744
11	12	8328
11	13	-3336
11	14	-1016
11	15	1656
11	16	1288
11	17	-1800
11	18	-392
11	19	-1928
11	20	-12920
11	21	-392
11	22	-6408
11	23	5896
11	24	-5240
11	25	504
11	26	3576
11	27	760
11	28	3704
11	29	248
11	30	8072
11	31	2056
12	13	-3336
12	14	3080
12	15	1656
12	16	-2808
12	17	6392
12	18	-8584
12	19	-1928
12	20	-12920
12	21	3704
12	22	1784
12	23	-2296
12	24	-9336
12	25	504
12	26	-4616
12	27	760
12	28	-392
12	29	248
12	30	3976
12	31	-6136
13	14	1912
13	15	-6648
13	16	3704
13	17	-3192
13	18	-504
13	19	9224
13	20	1528
13	21	-504
13	22	1416
13	23	7288
13	24	10232
13	25	-1400
13	26	-8568
13	27	6536
13	28	7688
13	29	-5240
13	30	-7176
13	31	-5256
14	15	2808
14	16	-3960
14	17	7544
14	18	760
14	19	-776
14	20	-5880
14	21	760
14	22	2936
14	23	-3448
14	24	-2296
14	25	1656
14	26	-7560
14	27	6008
14	28	760
14	29	1400
14	30	2824
14	31	-3192
15	16	-7688
15	17	8
15	18	2696
15	19	-8056
15	20	-1672
15	21	-1400
15	22	4616
15	23	-8
15	24	-1160
15	25	-2296
15	26	2824
15	27	-2552
15	28	-9592
15	29	-2040
15	30	6008
15	31	3832
16	17	5240
16	18	2552
16	19	9208
16	20	520
16	21	-1544
16	22	632
16	23	11144
16	24	8
16	25	3448
16	26	-5768
16	27	-8584
16	28	2552
16	29	-904
16	30	-3064
16	31	-888
17	18	-2040
17	19	-504
17	20	-5128
17	21	-2040
17	22	-120
17	23	632
17	24	-4616
17	25	1160
17	26	-1912
17	27	-3192
17	28	2056
17	29	5512
17	30	6648
17	31	-3720
18	19	-1912
18	20	4472
18	21	648
18	22	-1528
18	23	-2056
18	24	888
18	25	-248
18	26	776
18	27	-504
18	28	648
18	29	-4088
18	30	-8328
18	31	5880
19	20	7032
19	21	-10104
19	22	8
19	23	8696
19	24	-648
19	25	1288
19	26	-14072
19	27	5128
19	28	2184
19	29	-2552
19	30	-9864
19	31	-7944
20	21	-3720
20	22	6648
20	23	-3064
20	24	2184
20	25	-2824
20	26	248
20	27	-2568
20	28	-3720
20	29	-3080
20	30	-4984
20	31	1288
21	22	-1528
21	23	-2056
21	24	888
21	25	-8440
21	26	776
21	27	3592
21	28	648
21	29	-8184
21	30	-136
21	31	14072
22	23	120
22	24	-1032
22	25	5768
22	26	-1400
22	27	-6776
22	28	-5624
22	29	-2168
22	30	-2056
22	31	-4232
23	24	8712
23	25	7032
23	26	-2184
23	27	-904
23	28	2040
23	29	-1416
23	30	1544
23	31	3720
24	25	1784
24	26	760
24	27	2040
24	28	9080
24	29	1528
24	30	-1400
24	31	776
25	26	-120
25	27	-5496
25	28	-248
25	29	7304
25	30	760
25	31	-5512
26	27	-8568
26	28	776
26	29	136
26	30	7928
26	31	5752
27	28	3592
27	29	-1144
27	30	1016
27	31	7032
28	29	4104
28	30	3960
28	31	-2312
29	30	8696
29	31	-5768
30	31	5896
