0	1	-3460
0	2	-1276
0	3	-6780
0	4	-1020
0	5	5884
0	6	4988
0	7	-900
0	8	5636
0	9	3452
0	10	9596
0	11	260
0	12	-1788
0	13	-7932
0	14	1532
0	15	-7172
0	16	3460
0	17	-1668
0	18	4740
0	19	-2692
0	20	2564
0	21	124
0	22	-9220
0	23	-1532
0	24	1276
0	25	-900
0	26	5252
0	27	5500
0	28	3580
0	29	-3836
0	30	-1788
0	31	-260
1	2	7420
1	3	-3460
1	4	-5124
1	5	260
1	6	-2940
1	7	-1148
1	8	508
1	9	-1404
1	10	-7548
1	11	-2308
1	12	-260
1	13	1788
1	14	516
1	15	1028
1	16	-5508
1	17	-4476
1	18	-6788
1	19	644
1	20	3580
1	21	1924
1	22	-1020
1	23	7676
1	24	-3324
1	25	2948
1	26	892
1	27	644
1	28	-1532
1	29	5884
1	30	3836
1	31	6404
2	3	-1276
2	4	-3708
2	5	380
2	6	-516
2	7	1788
2	8	2948
2	9	2044
2	10	-4100
2	11	-2428
2	12	3716
2	13	-2428
2	14	124
2	15	3708
2	16	-3324
2	17	-3076
2	18	-2044
2	19	-4
2	20	-124
2	21	2812
2	22	-2436
2	23	3972
2	24	3964
2	25	1788
2	26	2564
2	27	-4
2	28	2172
2	29	5764
2	30	3716
2	31	2428
3	4	3076
3	5	-2308
3	6	892
3	7	3196
3	8	-2556
3	9	-644
3	10	-2692
3	11	260
3	12	2308
3	13	260
3	14	-2564
3	15	1020
3	16	-636
3	17	-5764
3	18	644
3	19	1404
3	20	-9724
3	21	-3972
3	22	7164
3	23	-1532
3	24	5372
3	25	-900
3	26	-2940
3	27	-2692
3	28	3580
3	29	-3836
3	30	6404
3	31	-260
4	5	4220
4	6	7420
4	7	1532
4	8	-892
4	9	1788
4	10	-260
4	11	1924
4	12	-4220
4	13	1924
4	14	-4228
4	15	3452
4	16	1028
4	17	4860
4	18	2308
4	19	3836
4	20	-3964
4	21	-5636
4	22	5500
4	23	-3964
4	24	-388
4	25	-6660
4	26	-1276
4	27	-8452
4	28	1916
4	29	-2172
4	30	-124
4	31	-1924
5	6	4100
5	7	-2300
5	8	1660
5	9	5636
5	10	3588
5	11	2940
5	12	-3204
5	13	-5252
5	14	-4732
5	15	-4220
5	16	-260
5	17	-1532
5	18	6652
5	19	-508
5	20	636
5	21	772
5	22	-2172
5	23	636
5	24	-380
5	25	-2300
5	26	6140
5	27	-508
5	28	5508
5	29	-5252
5	30	892
5	31	1156
6	7	2692
6	8	764
6	9	-1660
6	10	4484
6	11	2044
6	12	-4100
6	13	-2052
6	14	-3836
6	15	-3324
6	16	2940
6	17	-636
6	18	-2436
6	19	4484
6	20	-4356
6	21	-6524
6	22	-1276
6	23	-260
6	24	4612
6	25	-5500
6	26	1148
6	27	-3708
6	28	6404
6	29	-2052
6	30	4092
6	31	-2044
7	8	3068
7	9	-3964
7	10	-1916
7	11	252
7	12	2300
7	13	252
7	14	-2044
7	15	2564
7	16	5244
7	17	1156
7	18	-4228
7	19	-1916
7	20	2044
7	21	-636
7	22	4612
7	23	-6148
7	24	6404
7	25	388
7	26	-644
7	27	2180
7	28	4
7	29	252
7	30	6396
7	31	-4348
8	9	-772
8	10	1276
8	11	-3708
8	12	2436
8	13	-3708
8	14	5500
8	15	892
8	16	-4604
8	17	-1796
8	18	772
8	19	-6916
8	20	2692
8	21	4092
8	22	-5252
8	23	-1404
8	24	1148
8	25	-1028
8	26	-2812
8	27	1276
8	28	-644
8	29	-3708
8	30	-1660
8	31	-388
9	10	1924
9	11	-3588
9	12	2556
9	13	-7684
9	14	-2300
9	15	2308
9	16	1404
9	17	900
9	18	8316
9	19	-2172
9	20	-1796
9	21	-892
9	22	-3836
9	23	-1796
9	24	-2044
9	25	4228
9	26	7804
9	27	-2172
9	28	3844
9	29	508
9	30	-1540
9	31	-508
10	11	2556
10	12	-3588
10	13	-5636
10	14	-252
10	15	-7932
10	16	3452
10	17	-1148
10	18	6268
10	19	-124
10	20	252
10	21	1156
10	22	-5884
10	23	252
10	24	4100
10	25	-1916
10	26	5756
10	27	3972
10	28	1796
10	29	-5636
10	30	-3588
10	31	-2556
11	12	-2940
11	13	3204
11	14	-5508
11	15	-6020
11	16	-1788
11	17	-516
11	18	-508
11	19	2556
11	20	1412
11	21	5372
11	22	4220
11	23	1412
11	24	2428
11	25	-7940
11	26	4
11	27	2556
11	28	636
11	29	-4988
11	30	-2940
11	31	892
12	13	-2940
12	14	636
12	15	4220
12	16	260
12	17	1532
12	18	-2556
12	19	-7684
12	20	-636
12	21	3324
12	22	-1924
12	23	-4732
12	24	380
12	25	6396
12	26	-2044
12	27	508
12	28	2684
12	29	1156
12	30	-892
12	31	-5252
13	14	2684
13	15	2172
13	16	-1788
13	17	3580
13	18	-4604
13	19	2556
13	20	1412
13	21	1276
13	22	8316
13	23	1412
13	24	-1668
13	25	-3844
13	26	-8188
13	27	-1540
13	28	-7556
13	29	3204
13	30	-2940
13	31	892
14	15	132
14	16	-516
14	17	-1276
14	18	2300
14	19	-4348
14	20	380
14	21	1028
14	22	-1916
14	23	380
14	24	-124
14	25	2052
14	26	-6404
14	27	3844
14	28	-6524
14	29	2684
14	30	-3460
14	31	1412
15	16	-1028
15	17	7428
15	18	-2308
15	19	260
15	20	-132
15	21	-2556
15	22	2692
15	23	-4228
15	24	-3708
15	25	2564
15	26	-2820
15	27	-7932
15	28	-1916
15	29	6268
15	30	124
15	31	-2172
16	17	4476
16	18	2692
16	19	-644
16	20	516
16	21	-6020
16	22	1020
16	23	-7676
16	24	3324
16	25	5244
16	26	3204
16	27	3452
16	28	1532
16	29	2308
16	30	4356
16	31	-6404
17	18	-900
17	19	-1148
17	20	5372
17	21	132
17	22	1284
17	23	-6916
17	24	-5116
17	25	1156
17	26	-1412
17	27	-5244
17	28	-3324
17	29	3580
17	30	-6660
17	31	-7676
18	19	-1924
18	20	-2300
18	21	892
18	22	-260
18	23	-2300
18	24	2044
18	25	-132
18	26	4484
18	27	2172
18	28	252
18	29	-4604
18	30	-2556
18	31	508
19	20	-3844
19	21	-7036
19	22	2308
19	23	4348
19	24	4
19	25	-6012
19	26	1660
19	27	-4220
19	28	1796
19	29	2556
19	30	4604
19	31	5636
20	21	7164
20	22	-2180
20	23	-380
20	24	-3972
20	25	2044
20	26	2308
20	27	4348
20	28	-5764
20	29	1412
20	30	-4732
20	31	-1412
21	22	-508
21	23	3068
21	24	1284
21	25	-636
21	26	380
21	27	5252
21	28	-5116
21	29	-2820
21	30	-8964
21	31	-1276
22	23	-2180
22	24	2436
22	25	-3580
22	26	-4868
22	27	-1788
22	28	-3964
22	29	124
22	30	2172
22	31	-124
23	24	124
23	25	-2052
23	26	2308
23	27	252
23	28	-1668
23	29	1412
23	30	-636
23	31	6780
24	25	-1788
24	26	1532
24	27	4100
24	28	1924
24	29	-1668
24	30	4476
24	31	-2428
25	26	3452
25	27	2180
25	28	4
25	29	4348
25	30	2300
25	31	-4348
26	27	1660
26	28	3836
26	29	4
26	30	2052
26	31	-4
27	28	-2300
27	29	-1540
27	30	508
27	31	1540
28	29	-3460
28	30	6780
28	31	-636
29	30	1156
29	31	892
30	31	2940
