0	1	2836
0	2	2412
0	3	492
0	4	-4204
0	5	364
0	6	2196
0	7	-788
0	8	-108
0	9	-620
0	10	-2156
0	11	-2412
0	12	1684
0	13	-3180
0	14	148
0	15	364
0	16	236
0	17	-3860
0	18	-1684
0	19	-3604
0	20	-7828
0	21	1684
0	22	-108
0	23	3988
0	24	-1172
0	25	2796
0	26	4884
0	27	1772
0	28	-3820
0	29	-6804
0	30	4588
0	31	620
1	2	1044
1	3	2964
1	4	4844
1	5	-1004
1	6	-5652
1	7	148
1	8	4844
1	9	1260
1	10	2796
1	11	-5140
1	12	-1044
1	13	3820
1	14	-3604
1	15	-1004
1	16	-876
1	17	-4972
1	18	5140
1	19	-1132
1	20	3092
1	21	-5140
1	22	748
1	23	-7444
1	24	532
1	25	-3436
1	26	-148
1	27	1684
1	28	364
1	29	-6124
1	30	2964
1	31	2836
2	3	-5908
2	4	2196
2	5	-1940
2	6	404
2	7	1004
2	8	2196
2	9	1684
2	10	-3948
2	11	-4204
2	12	3988
2	13	-4972
2	14	-1644
2	15	2156
2	16	6124
2	17	2028
2	18	108
2	19	-5908
2	20	-1940
2	21	-108
2	22	2196
2	23	-1900
2	24	-3476
2	25	-3604
2	26	3092
2	27	-532
2	28	2580
2	29	-9108
2	30	6380
2	31	2412
3	4	20
3	5	4332
3	6	-1772
3	7	-5012
3	8	20
3	9	-492
3	10	-2028
3	11	1812
3	12	-2284
3	13	1044
3	14	4372
3	15	236
3	16	-3988
3	17	-3988
3	18	2284
3	19	4460
3	20	236
3	21	1812
3	22	20
3	23	20
3	24	2796
3	25	-1428
3	26	5012
3	27	5740
3	28	404
3	29	1260
3	30	-3732
3	31	492
4	5	148
4	6	-6804
4	7	5396
4	8	3692
4	9	108
4	10	1644
4	11	1900
4	12	-2196
4	13	2668
4	14	-4756
4	15	148
4	16	276
4	17	276
4	18	2196
4	19	20
4	20	148
4	21	-2196
4	22	-4500
4	23	-8596
4	24	-2412
4	25	-2284
4	26	-1300
4	27	-5356
4	28	3308
4	29	3220
4	30	20
4	31	-108
5	6	2452
5	7	-1044
5	8	148
5	9	-8556
5	10	-1900
5	11	6036
5	12	-2156
5	13	-2924
5	14	8596
5	15	4204
5	16	-8212
5	17	-20
5	18	-1940
5	19	4332
5	20	-3988
5	21	1940
5	22	-3948
5	23	4244
5	24	-5524
5	25	-1556
5	26	5140
5	27	1516
5	28	-3564
5	29	1132
5	30	-3860
5	31	4460
6	7	-492
6	8	1388
6	9	-2196
6	10	-660
6	11	-404
6	12	-404
6	13	-3732
6	14	1132
6	15	6548
6	16	-1516
6	17	-1516
6	18	-3692
6	19	2324
6	20	-1644
6	21	3692
6	22	-2708
6	23	9580
6	24	3988
6	25	20
6	26	492
6	27	1044
6	28	1004
6	29	-2668
6	30	-1772
6	31	2196
7	8	1300
7	9	788
7	10	7444
7	11	3092
7	12	-1004
7	13	-1772
7	14	-6636
7	15	3052
7	16	-1172
7	17	-5268
7	18	1004
7	19	-916
7	20	-1044
7	21	-1004
7	22	-2796
7	23	-2796
7	24	-2580
7	25	-2708
7	26	-1900
7	27	-3732
7	28	1684
7	29	4076
7	30	-916
7	31	3308
8	9	108
8	10	-2452
8	11	-6292
8	12	-2196
8	13	-1428
8	14	-4756
8	15	4244
8	16	-3820
8	17	276
8	18	2196
8	19	-4076
8	20	148
8	21	-2196
8	22	-404
8	23	-404
8	24	1684
8	25	-2284
8	26	-1300
8	27	2836
8	28	3308
8	29	-4972
8	30	4116
8	31	-108
9	10	2156
9	11	-1684
9	12	2412
9	13	3180
9	14	-8340
9	15	-364
9	16	7956
9	17	-4332
9	18	1684
9	19	-492
9	20	3732
9	21	-1684
9	22	108
9	23	-3988
9	24	1172
9	25	-2796
9	26	-4884
9	27	2324
9	28	-276
9	29	-1388
9	30	-492
9	31	-620
10	11	3948
10	12	-148
10	13	4716
10	14	-6804
10	15	-1900
10	16	-1772
10	17	-5868
10	18	4244
10	19	2068
10	20	6292
10	21	-4244
10	22	-2452
10	23	-2452
10	24	-364
10	25	-236
10	26	-3348
10	27	-3308
10	28	1260
10	29	5268
10	30	-2028
10	31	6036
11	12	-3988
11	13	876
11	14	1644
11	15	1940
11	16	-2028
11	17	-2028
11	18	-108
11	19	5908
11	20	-2156
11	21	4204
11	22	-6292
11	23	1900
11	24	-4716
11	25	-492
11	26	1004
11	27	-3564
11	28	-2580
11	29	9108
11	30	-6380
11	31	1684
12	13	876
12	14	1644
12	15	-6252
12	16	2068
12	17	2068
12	18	-4204
12	19	-2284
12	20	1940
12	21	-8084
12	22	1900
12	23	-2196
12	24	-4716
12	25	3604
12	26	1004
12	27	532
12	28	-2580
12	29	-3180
12	30	1812
12	31	5780
13	14	-1684
13	15	-2924
13	16	1300
13	17	1300
13	18	-876
13	19	5140
13	20	5268
13	21	-7316
13	22	-1428
13	23	-5524
13	24	2708
13	25	6932
13	26	-2324
13	27	-4332
13	28	-1812
13	29	4244
13	30	-3052
13	31	916
14	15	404
14	16	-3564
14	17	4628
14	18	-5740
14	19	4372
14	20	-3692
14	21	1644
14	22	3436
14	23	3436
14	24	-2156
14	25	2068
14	26	6636
14	27	3092
14	28	-5140
14	29	-620
14	30	-3820
14	31	148
15	16	-20
15	17	-4116
15	18	-1940
15	19	4332
15	20	-3988
15	21	6036
15	22	-3948
15	23	4244
15	24	2668
15	25	-5652
15	26	1044
15	27	1516
15	28	532
15	29	-2964
15	30	-3860
15	31	364
16	17	-148
16	18	-2068
16	19	108
16	20	-20
16	21	2068
16	22	276
16	23	-3820
16	24	2540
16	25	-1684
16	26	-2924
16	27	-2708
16	28	660
16	29	-3092
16	30	108
16	31	-3860
17	18	-2068
17	19	-3988
17	20	-20
17	21	-2028
17	22	4372
17	23	276
17	24	-1556
17	25	6508
17	26	1172
17	27	-2708
17	28	660
17	29	1004
17	30	4204
17	31	-3860
18	19	-5908
18	20	6252
18	21	-108
18	22	6292
18	23	-1900
18	24	620
18	25	-3604
18	26	3092
18	27	3564
18	28	6676
18	29	-916
18	30	6380
18	31	2412
19	20	236
19	21	1812
19	22	-8172
19	23	20
19	24	2796
19	25	-1428
19	26	-3180
19	27	-2452
19	28	-3692
19	29	5356
19	30	-11924
19	31	492
20	21	-6252
20	22	4244
20	23	-3948
20	24	2668
20	25	-1556
20	26	-3052
20	27	1516
20	28	4628
20	29	1132
20	30	236
20	31	4460
21	22	-2196
21	23	5996
21	24	3476
21	25	-4588
21	26	1004
21	27	532
21	28	1516
21	29	916
21	30	-2284
21	31	-6508
22	23	-404
22	24	1684
22	25	1812
22	26	6892
22	27	6932
22	28	3308
22	29	-4972
22	30	8212
22	31	-108
23	24	1684
23	25	1812
23	26	2796
23	27	2836
23	28	-788
23	29	-876
23	30	20
23	31	-108
24	25	1004
24	26	-1516
24	27	-20
24	28	6164
24	29	-404
24	30	-1300
24	31	-5268
25	26	2708
25	27	-4244
25	28	-1900
25	29	3564
25	30	2668
25	31	-1300
26	27	3732
26	28	2412
26	29	-4076
26	30	5012
26	31	4884
27	28	-876
27	29	-5652
27	30	1644
27	31	1772
28	29	-492
28	30	4500
28	31	276
29	30	-6932
29	31	-2708
30	31	492
