0	1	-3580
0	2	-764
0	3	8444
0	4	7556
0	5	2436
0	6	-5380
0	7	-4356
0	8	1284
0	9	-132
0	10	-2684
0	11	-2308
0	12	4860
0	13	3068
0	14	-124
0	15	-6908
0	16	1412
0	17	-4092
0	18	772
0	19	764
0	20	2428
0	21	-3076
0	22	8580
0	23	1532
0	24	892
0	25	3068
0	26	-2300
0	27	124
0	28	1916
0	29	2812
0	30	-2308
0	31	-4348
1	2	5124
1	3	2556
1	4	1156
1	5	132
1	6	1020
1	7	-2052
1	8	7172
1	9	-1924
1	10	-892
1	11	-4100
1	12	-5124
1	13	1276
1	14	-2428
1	15	3076
1	16	3204
1	17	-2300
1	18	2564
1	19	-1028
1	20	636
1	21	3324
1	22	-1916
1	23	7932
1	24	-900
1	25	1276
1	26	-4604
1	27	2428
1	28	-3972
1	29	5116
1	30	8188
1	31	-2556
2	3	3836
2	4	-124
2	5	-1148
2	6	2300
2	7	-8964
2	8	5892
2	9	3452
2	10	-2172
2	11	1276
2	12	252
2	13	6652
2	14	4484
2	15	1796
2	16	1924
2	17	-3580
2	18	1284
2	19	-3844
2	20	1916
2	21	4604
2	22	4996
2	23	1020
2	24	380
2	25	-1540
2	26	-1788
2	27	-388
2	28	1404
2	29	2300
2	30	5372
2	31	-7932
3	4	3708
3	5	636
3	6	-1788
3	7	-6908
3	8	5884
3	9	1156
3	10	-2436
3	11	-764
3	12	260
3	13	2052
3	14	3196
3	15	-6404
3	16	1660
3	17	-1028
3	18	6396
3	19	260
3	20	2692
3	21	-4092
3	22	2684
3	23	3588
3	24	132
3	25	-2044
3	26	-6916
3	27	900
3	28	-892
3	29	2308
3	30	3332
3	31	-8964
4	5	-1020
4	6	-6020
4	7	-900
4	8	1924
4	9	-772
4	10	-6140
4	11	-7044
4	12	124
4	13	6524
4	14	-3580
4	15	-2172
4	16	6148
4	17	-3452
4	18	1412
4	19	4220
4	20	5884
4	21	-3716
4	22	5124
4	23	9084
4	24	-3844
4	25	2428
4	26	-1660
4	27	3580
4	28	1276
4	29	2172
4	30	1148
4	31	388
5	6	-900
5	7	124
5	8	-3196
5	9	252
5	10	5124
5	11	2172
5	12	1148
5	13	-644
5	14	-508
5	15	-3196
5	16	1028
5	17	-4476
5	18	4484
5	19	5244
5	20	-1284
5	21	1404
5	22	4
5	23	-2180
5	24	5372
5	25	-644
5	26	-6780
5	27	4604
5	28	-1796
5	29	-900
5	30	-6020
5	31	-636
6	7	-1276
6	8	252
6	9	2692
6	10	4220
6	11	772
6	12	-6396
6	13	-508
6	14	5756
6	15	4348
6	16	124
6	17	1532
6	18	-3332
6	19	-2300
6	20	-3964
6	21	5636
6	22	1148
6	23	-3068
6	24	1668
6	25	-508
6	26	-260
6	27	-5756
6	28	-3452
6	29	3844
6	30	4868
6	31	-2308
7	8	-2820
7	9	-6524
7	10	1148
7	11	-252
7	12	772
7	13	-5628
7	14	-1412
7	15	1276
7	16	-2948
7	17	-1540
7	18	-2308
7	19	772
7	20	-4988
7	21	516
7	22	-6020
7	23	4
7	24	644
7	25	-1532
7	26	4860
7	27	5508
7	28	-4476
7	29	-1276
7	30	-4348
7	31	11004
8	9	-2692
8	10	-4220
8	11	-4868
8	12	-1796
8	13	4604
8	14	2436
8	15	-252
8	16	-124
8	17	-1532
8	18	3332
8	19	-1796
8	20	-132
8	21	2556
8	22	-1148
8	23	7164
8	24	2428
8	25	508
8	26	260
8	27	1660
8	28	-644
8	29	4348
8	30	7420
8	31	-1788
9	10	5372
9	11	7812
9	12	644
9	13	2436
9	14	-1284
9	15	1404
9	16	5372
9	17	-1412
9	18	1916
9	19	644
9	20	-1020
9	21	-3708
9	22	2300
9	23	-4220
9	24	516
9	25	2436
9	26	-3204
9	27	-6908
9	28	-508
9	29	-5500
9	30	-380
9	31	-5252
10	11	7292
10	12	2172
10	13	-3716
10	14	-1532
10	15	3972
10	16	4
10	17	-1404
10	18	-636
10	19	-1924
10	20	-4356
10	21	2428
10	22	-1020
10	23	-5252
10	24	6396
10	25	380
10	26	-3708
10	27	-2564
10	28	-4868
10	29	-3972
10	30	-4996
10	31	-1660
11	12	6916
11	13	-3580
11	14	636
11	15	-772
11	16	-900
11	17	-3588
11	18	-260
11	19	-5372
11	20	-7036
11	21	-1532
11	22	124
11	23	-10236
11	24	2692
11	25	-3580
11	26	-1284
11	27	-636
11	28	-2428
11	29	-7420
11	30	-6396
11	31	-3332
12	13	1540
12	14	-388
12	15	-1796
12	16	-1924
12	17	-4612
12	18	-1284
12	19	-4348
12	20	-1916
12	21	-508
12	22	3196
12	23	-5116
12	24	3716
12	25	-2556
12	26	1788
12	27	4484
12	28	2692
12	29	-6396
12	30	-9468
12	31	-260
13	14	1916
13	15	508
13	16	4476
13	17	-2308
13	18	1020
13	19	1540
13	20	3972
13	21	1284
13	22	5500
13	23	4868
13	24	1412
13	25	-764
13	26	-4
13	27	2180
13	28	4484
13	29	-508
13	30	516
13	31	-2052
14	15	-1660
14	16	-5628
14	17	1156
14	18	1924
14	19	-388
14	20	1276
14	21	3964
14	22	1540
14	23	-3716
14	24	3836
14	25	-6276
14	26	2948
14	27	-1028
14	28	764
14	29	1660
14	30	636
14	31	-3196
15	16	3972
15	17	-1532
15	18	-4860
15	19	-1796
15	20	-132
15	21	6652
15	22	-1148
15	23	-1028
15	24	-1668
15	25	4604
15	26	260
15	27	-2436
15	28	-644
15	29	252
15	30	3324
15	31	2308
16	17	-5500
16	18	-636
16	19	2172
16	20	-260
16	21	-1668
16	22	3076
16	23	2940
16	24	-5892
16	25	4476
16	26	-7804
16	27	1532
16	28	-772
16	29	124
16	30	3196
16	31	-1660
17	18	2052
17	19	3580
17	20	5244
17	21	-4356
17	22	-6524
17	23	252
17	24	-388
17	25	-2308
17	26	3076
17	27	-5252
17	28	4732
17	29	-2564
17	30	508
17	31	1028
18	19	6908
18	20	4476
18	21	-5124
18	22	-5756
18	23	3580
18	24	2940
18	25	-3076
18	26	-4348
18	27	2172
18	28	-132
18	29	-3332
18	30	-260
18	31	-2300
19	20	6276
19	21	-4604
19	22	-4996
19	23	3076
19	24	-380
19	25	1540
19	26	-2308
19	27	388
19	28	2692
19	29	-2300
19	30	-1276
19	31	3836
20	21	-2172
20	22	764
20	23	5508
20	24	-2044
20	25	-124
20	26	-644
20	27	-1276
20	28	5124
20	29	132
20	30	1156
20	31	-2692
21	22	3452
21	23	-1276
21	24	3460
21	25	1284
21	26	2044
21	27	132
21	28	-1660
21	29	5636
21	30	2564
21	31	-4
22	23	-132
22	24	-772
22	25	1404
22	26	-636
22	27	-1540
22	28	252
22	29	5244
22	30	124
22	31	-6780
23	24	-1148
23	25	772
23	26	-1540
23	27	3716
23	28	-2172
23	29	5124
23	30	6148
23	31	508
24	25	-2684
24	26	1916
24	27	260
24	28	-1532
24	29	-2428
24	30	-5500
24	31	-132
25	26	-4
25	27	-6012
25	28	388
25	29	3588
25	30	4612
25	31	2044
26	27	-2948
26	28	2940
26	29	-260
26	30	-1284
26	31	6916
27	28	-764
27	29	-1660
27	30	-4732
27	31	3196
28	29	-3452
28	30	-2428
28	31	892
29	30	8964
29	31	-2308
30	31	-3332
