0	1	-4996
0	2	-2948
0	3	4604
0	4	-1284
0	5	900
0	6	2692
0	7	-5116
0	8	-2948
0	9	-892
0	10	2940
0	11	1276
0	12	-3460
0	13	-1028
0	14	-1284
0	15	5372
0	16	-772
0	17	1276
0	18	3068
0	19	-1156
0	20	-2948
0	21	-2556
0	22	3452
0	23	-2948
0	24	-3452
0	25	-1532
0	26	-1404
0	27	1788
0	28	2820
0	29	-764
0	30	-2556
0	31	3452
1	2	6916
1	3	-636
1	4	-7036
1	5	-4868
1	6	5628
1	7	5244
1	8	6916
1	9	5116
1	10	-3068
1	11	-1404
1	12	3332
1	13	-7292
1	14	-7036
1	15	-1404
1	16	4740
1	17	6788
1	18	-3196
1	19	5124
1	20	2820
1	21	2684
1	22	516
1	23	2820
1	24	3580
1	25	1660
1	26	1532
1	27	-6012
1	28	1404
1	29	892
1	30	-1412
1	31	516
2	3	-2684
2	4	-4988
2	5	-2820
2	6	3580
2	7	-900
2	8	772
2	9	-1028
2	10	-5116
2	11	644
2	12	1284
2	13	-5244
2	14	-4988
2	15	-3452
2	16	2692
2	17	4740
2	18	2948
2	19	3076
2	20	772
2	21	636
2	22	-1532
2	23	772
2	24	1532
2	25	-388
2	26	3580
2	27	132
2	28	3452
2	29	2940
2	30	636
2	31	-1532
3	4	-252
3	5	636
3	6	2940
3	7	2556
3	8	1412
3	9	2428
3	10	-380
3	11	1284
3	12	-6268
3	13	-4604
3	14	-252
3	15	-2812
3	16	3332
3	17	1284
3	18	-508
3	19	-4476
3	20	-2684
3	21	-4100
3	22	-892
3	23	5508
3	24	892
3	25	3068
3	26	-5252
3	27	-3324
3	28	-1284
3	29	-1796
3	30	-4
3	31	7300
4	5	7036
4	6	-2948
4	7	-7428
4	8	-9084
4	9	-3460
4	10	1412
4	11	3076
4	12	3716
4	13	1284
4	14	9732
4	15	-5116
4	16	-3068
4	17	-9212
4	18	-2812
4	19	-2684
4	20	-4988
4	21	-1796
4	22	-3196
4	23	-892
4	24	-900
4	25	1276
4	26	1148
4	27	2564
4	28	-7172
4	29	-3588
4	30	-1796
4	31	-3196
5	6	-1532
5	7	-5244
5	8	-2820
5	9	3076
5	10	-1028
5	11	-2692
5	12	764
5	13	-900
5	14	7036
5	15	-2692
5	16	-644
5	17	-2692
5	18	3196
5	19	-1028
5	20	-2820
5	21	1412
5	22	-516
5	23	-2820
5	24	-3580
5	25	-5756
5	26	2564
5	27	6012
5	28	-1404
5	29	-892
5	30	-2684
5	31	3580
6	7	644
6	8	3580
6	9	772
6	10	-2820
6	11	-388
6	12	3068
6	13	-6788
6	14	-2948
6	15	-388
6	16	5756
6	17	-388
6	18	1404
6	19	1276
6	20	3580
6	21	-4988
6	22	-2308
6	23	3580
6	24	-1788
6	25	132
6	26	260
6	27	-8068
6	28	388
6	29	900
6	30	-892
6	31	1788
7	8	11388
7	9	1156
7	10	-3204
7	11	-4868
7	12	-1412
7	13	1020
7	14	-3332
7	15	3324
7	16	5372
7	17	3324
7	18	-3076
7	19	892
7	20	3196
7	21	-508
7	22	-2692
7	23	3196
7	24	2692
7	25	516
7	26	-3452
7	27	-4356
7	28	772
7	29	1284
7	30	3588
7	31	1404
8	9	3068
8	10	-5116
8	11	-7548
8	12	1284
8	13	-1148
8	14	-4988
8	15	4740
8	16	6788
8	17	4740
8	18	-1148
8	19	3076
8	20	4868
8	21	636
8	22	-1532
8	23	772
8	24	1532
8	25	-388
8	26	-516
8	27	-3964
8	28	3452
8	29	-1156
8	30	636
8	31	2564
9	10	764
9	11	-900
9	12	-1540
9	13	-7300
9	14	-3460
9	15	-900
9	16	1148
9	17	7292
9	18	892
9	19	764
9	20	3068
9	21	7812
9	22	5372
9	23	3068
9	24	2820
9	25	-3452
9	26	-3324
9	27	-388
9	28	900
9	29	1412
9	30	-4476
9	31	5372
10	11	7044
10	12	-508
10	13	5252
10	14	5508
10	15	-1148
10	16	-11388
10	17	-1148
10	18	-2940
10	19	1284
10	20	-1020
10	21	-1668
10	22	8964
10	23	-5116
10	24	3324
10	25	1404
10	26	1276
10	27	-1660
10	28	-2948
10	29	4732
10	30	-1668
10	31	-3324
11	12	-2940
11	13	-1276
11	14	3076
11	15	-7676
11	16	-5628
11	17	-3580
11	18	-5372
11	19	-5244
11	20	644
11	21	-3332
11	22	6532
11	23	644
11	24	1660
11	25	3836
11	26	-388
11	27	4
11	28	-8708
11	29	3068
11	30	4860
11	31	-1660
12	13	-636
12	14	3716
12	15	1156
12	16	-892
12	17	-2940
12	18	-4732
12	19	7684
12	20	1284
12	21	124
12	22	-1020
12	23	-6908
12	24	5116
12	25	3196
12	26	7164
12	27	-3452
12	28	-1156
12	29	-5764
12	30	-8068
12	31	-9212
13	14	5380
13	15	2820
13	16	-7420
13	17	-5372
13	18	1028
13	19	1156
13	20	-1148
13	21	-1540
13	22	644
13	23	-5244
13	24	-644
13	25	1532
13	26	1404
13	27	2308
13	28	1276
13	29	764
13	30	2556
13	31	-3452
14	15	-5116
14	16	-7164
14	17	-9212
14	18	-2812
14	19	1412
14	20	-4988
14	21	-1796
14	22	900
14	23	-4988
14	24	3196
14	25	1276
14	26	1148
14	27	2564
14	28	-7172
14	29	508
14	30	-1796
14	31	-3196
15	16	2564
15	17	4612
15	18	2820
15	19	2948
15	20	644
15	21	764
15	22	-1660
15	23	-3452
15	24	-2436
15	25	-4356
15	26	-388
15	27	4
15	28	7676
15	29	-1028
15	30	-3332
15	31	-1660
16	17	2564
16	18	772
16	19	-3196
16	20	2692
16	21	-1284
16	22	-7804
16	23	6788
16	24	-4484
16	25	-2308
16	26	-2436
16	27	-2044
16	28	1532
16	29	-3076
16	30	2812
16	31	4484
17	18	2820
17	19	2948
17	20	644
17	21	4860
17	22	2436
17	23	644
17	24	1660
17	25	-4356
17	26	-388
17	27	4
17	28	7676
17	29	3068
17	30	-3332
17	31	2436
18	19	1156
18	20	-1148
18	21	2556
18	22	-3452
18	23	2948
18	24	-4740
18	25	-6660
18	26	-2692
18	27	2308
18	28	9468
18	29	4860
18	30	-1540
18	31	4740
19	20	-5116
19	21	6524
19	22	772
19	23	-5116
19	24	7420
19	25	1404
19	26	1276
19	27	-1660
19	28	5244
19	29	636
19	30	-9860
19	31	-3324
20	21	-3460
20	22	2564
20	23	772
20	24	-2564
20	25	-388
20	26	3580
20	27	-3964
20	28	-644
20	29	-1156
20	30	4732
20	31	-1532
21	22	2940
21	23	636
21	24	5252
21	25	-1020
21	26	-4988
21	27	5372
21	28	3332
21	29	-252
21	30	-6140
21	31	2940
22	23	-5628
22	24	3836
22	25	1916
22	26	1788
22	27	1924
22	28	-2436
22	29	1148
22	30	-1156
22	31	260
23	24	-2564
23	25	-388
23	26	-8708
23	27	-3964
23	28	-644
23	29	2940
23	30	4732
23	31	6660
24	25	6276
24	26	-1788
24	27	-1924
24	28	-1660
24	29	-1148
24	30	-7036
24	31	-4356
25	26	132
25	27	-3844
25	28	-3836
25	29	-7420
25	30	-1020
25	31	-2180
26	27	124
26	28	388
26	29	-3196
26	30	-892
26	31	-6404
27	28	-4
27	29	-516
27	30	1276
27	31	1924
28	29	1028
28	30	-4860
28	31	1660
29	30	3844
29	31	1148
30	31	2940
