0	1	628
0	2	-5364
0	3	2292
0	4	5620
0	5	-11252
0	6	5516
0	7	-244
0	8	4980
0	9	-1268
0	10	652
0	11	7948
0	12	2444
0	13	-500
0	14	6644
0	15	-268
0	16	500
0	17	-2444
0	18	4748
0	19	-116
0	20	-3956
0	21	5388
0	22	-10380
0	23	-1548
0	24	3060
0	25	-268
0	26	-6004
0	27	12
0	28	1908
0	29	500
0	30	628
0	31	1548
1	2	1908
1	3	5260
1	4	-6260
1	5	-4492
1	6	3316
1	7	4980
1	8	6668
1	9	-2188
1	10	-4108
1	11	4980
1	12	-1804
1	13	1140
1	14	-3188
1	15	-4468
1	16	-5236
1	17	-2292
1	18	-12
1	19	756
1	20	-7692
1	21	3444
1	22	1548
1	23	-7284
1	24	-3700
1	25	3724
1	26	-1548
1	27	628
1	28	-2548
1	29	2956
1	30	-9460
1	31	-9100
2	3	-4620
2	4	-5388
2	5	3852
2	6	-3956
2	7	-1524
2	8	-1932
2	9	1548
2	10	-628
2	11	-1524
2	12	-2932
2	13	-5876
2	14	-4364
2	15	1012
2	16	1780
2	17	-1164
2	18	-4724
2	19	-1396
2	20	2956
2	21	-4084
2	22	7284
2	23	-268
2	24	4340
2	25	1012
2	26	5004
2	27	2828
2	28	-5004
2	29	5876
2	30	-2188
2	31	268
3	4	268
3	5	-2828
3	6	884
3	7	6644
3	8	908
3	9	-524
3	10	-2444
3	11	2548
3	12	-140
3	13	2804
3	14	-756
3	15	-6132
3	16	1292
3	17	140
3	18	-2444
3	19	2420
3	20	-10124
3	21	1012
3	22	-4212
3	23	-4852
3	24	-5364
3	25	2060
3	26	116
3	27	-1804
3	28	-116
3	29	-6900
3	30	-2932
3	31	756
4	5	-3596
4	6	4212
4	7	-2316
4	8	1676
4	9	-1292
4	10	4980
4	11	1780
4	12	7284
4	13	-2060
4	14	4108
4	15	2828
4	16	2060
4	17	-3188
4	18	4980
4	19	1652
4	20	-2700
4	21	244
4	22	-3444
4	23	12
4	24	-500
4	25	-1268
4	26	-652
4	27	-6668
4	28	652
4	29	-2036
4	30	1932
4	31	4084
5	6	-5748
5	7	-3316
5	8	-4236
5	9	-244
5	10	-2420
5	11	-7412
5	12	-4724
5	13	524
5	14	-6668
5	15	2804
5	16	-524
5	17	628
5	18	-2420
5	19	908
5	20	5260
5	21	-5876
5	22	9076
5	23	1524
5	24	-2060
5	25	-1292
5	26	7308
5	27	1036
5	28	884
5	29	-524
5	30	3700
5	31	2572
6	7	-2932
6	8	3572
6	9	-3956
6	10	-2036
6	11	5260
6	12	-244
6	13	5004
6	14	1140
6	15	6516
6	16	-5004
6	17	244
6	18	6156
6	19	-2804
6	20	-2548
6	21	-1396
6	22	-3596
6	23	1140
6	24	-2444
6	25	-5772
6	26	-500
6	27	1420
6	28	500
6	29	-908
6	30	-780
6	31	-5236
7	8	1140
7	9	6668
7	10	396
7	11	3596
7	12	2188
7	13	-756
7	14	2804
7	15	-8204
7	16	756
7	17	1908
7	18	-7796
7	19	-372
7	20	-8308
7	21	1036
7	22	-1932
7	23	-1292
7	24	-4876
7	25	4084
7	26	-6260
7	27	-244
7	28	-1932
7	29	-3340
7	30	-7308
7	31	-2804
8	9	-6028
8	10	244
8	11	5236
8	12	2548
8	13	1396
8	14	652
8	15	-628
8	16	-5492
8	17	-2548
8	18	244
8	19	1012
8	20	-7436
8	21	-396
8	22	-2804
8	23	-7540
8	24	-3956
8	25	-628
8	26	-1292
8	27	884
8	28	-2804
8	29	2700
8	30	-5620
8	31	-4748
9	10	-4724
9	11	2572
9	12	-2932
9	13	-1780
9	14	3828
9	15	-3084
9	16	5876
9	17	-1164
9	18	-4724
9	19	-5492
9	20	-1140
9	21	12
9	22	-908
9	23	3828
9	24	244
9	25	1012
9	26	-7284
9	27	2828
9	28	-908
9	29	1780
9	30	-2188
9	31	4364
10	11	-3700
10	12	11276
10	13	-3956
10	14	1908
10	15	-908
10	16	-140
10	17	5108
10	18	-2804
10	19	4620
10	20	780
10	21	1932
10	22	1268
10	23	1908
10	24	2420
10	25	3188
10	26	2828
10	27	-7540
10	28	-2828
10	29	-4236
10	30	-12
10	31	-1908
11	12	-1908
11	13	-756
11	14	2804
11	15	-12
11	16	-3340
11	17	-2188
11	18	396
11	19	-372
11	20	-8308
11	21	1036
11	22	-6028
11	23	-1292
11	24	-780
11	25	-12
11	26	-6260
11	27	3852
11	28	2164
11	29	756
11	30	-3212
11	31	-2804
12	13	-2164
12	14	4212
12	15	-2700
12	16	2164
12	17	3316
12	18	-1012
12	19	2316
12	20	-1524
12	21	3724
12	22	-524
12	23	116
12	24	628
12	25	1396
12	26	524
12	27	-9844
12	28	-4620
12	29	-1932
12	30	-1804
12	31	-116
13	14	-1036
13	15	4340
13	16	-3084
13	17	6260
13	18	140
13	19	-4724
13	20	-372
13	21	-3316
13	22	-1676
13	23	3060
13	24	-4620
13	25	-7948
13	26	1676
13	27	3596
13	28	-1676
13	29	-3084
13	30	1140
13	31	-3060
14	15	-2292
14	16	5132
14	17	-116
14	18	1908
14	19	-5516
14	20	2420
14	21	5364
14	22	-8564
14	23	3084
14	24	2572
14	25	-2292
14	26	-7820
14	27	-1548
14	28	-372
14	29	1036
14	30	908
14	31	5108
15	16	-4340
15	17	2700
15	18	3188
15	19	-4236
15	20	3700
15	21	-5644
15	22	2444
15	23	5900
15	24	1292
15	25	-7668
15	26	5748
15	27	3828
15	28	-1652
15	29	-244
15	30	3724
15	31	-1804
16	17	-2164
16	18	-140
16	19	-3468
16	20	4468
16	21	3316
16	22	-2420
16	23	1036
16	24	4620
16	25	-244
16	26	-1676
16	27	-3596
16	28	-2420
16	29	3084
16	30	2956
16	31	11252
17	18	-7180
17	19	-2316
17	20	1524
17	21	-3724
17	22	524
17	23	8076
17	24	-628
17	25	-5492
17	26	3572
17	27	1652
17	28	-3572
17	29	-6260
17	30	1804
17	31	-3980
18	19	524
18	20	4876
18	21	6028
18	22	-2828
18	23	-2188
18	24	2420
18	25	-908
18	26	-1268
18	27	-3444
18	28	5364
18	29	3956
18	30	4084
18	31	2188
19	20	-4084
19	21	1164
19	22	2036
19	23	-5516
19	24	-908
19	25	8052
19	26	2060
19	27	-4212
19	28	6132
19	29	-3468
19	30	756
19	31	-2676
20	21	1420
20	22	1780
20	23	6516
20	24	7028
20	25	-4492
20	26	2316
20	27	140
20	28	1780
20	29	4468
20	30	8692
20	31	5772
21	22	-3468
21	23	-2828
21	24	5876
21	25	6644
21	26	-4724
21	27	-6900
21	28	628
21	29	3316
21	30	-652
21	31	2828
22	23	-372
22	24	-884
22	25	2444
22	26	7924
22	27	-2188
22	28	-3828
22	29	1676
22	30	-2548
22	31	-3724
23	24	2572
23	25	-6388
23	26	372
23	27	2548
23	28	-372
23	29	-3060
23	30	5004
23	31	1012
24	25	1292
24	26	884
24	27	-1036
24	28	-884
24	29	4620
24	30	4492
24	31	5620
25	26	-2444
25	27	-4364
25	28	2444
25	29	-244
25	30	-4468
25	31	-1804
26	27	-1908
26	28	-4364
26	29	-1676
26	30	2548
26	31	-372
27	28	1908
27	29	500
27	30	628
27	31	-2548
28	29	-2420
28	30	5644
28	31	372
29	30	-1140
29	31	3060
30	31	7284
