0	1	-3256
0	2	-3944
0	3	-11096
0	4	5384
0	5	3096
0	6	10296
0	7	-2824
0	8	-7736
0	9	5976
0	10	1704
0	11	4216
0	12	-7096
0	13	-424
0	14	13336
0	15	8104
0	16	-1064
0	17	6184
0	18	-1496
0	19	536
0	20	-7416
0	21	5496
0	22	11464
0	23	-1176
0	24	7304
0	25	-11464
0	26	2664
0	27	-6024
0	28	4536
0	29	2184
0	30	-4216
0	31	856
0	32	4856
0	33	-12904
0	34	-2616
0	35	-3096
0	36	6136
0	37	1016
0	38	4216
0	39	-6296
1	2	3736
1	3	-5976
1	4	-21496
1	5	17176
1	6	-7624
1	7	4856
1	8	-9016
1	9	13656
1	10	6824
1	11	11896
1	12	-1976
1	13	-5544
1	14	-10984
1	15	424
1	16	216
1	17	-1496
1	18	-9176
1	19	-4584
1	20	4104
1	21	-6024
1	22	-2616
1	23	-2456
1	24	-376
1	25	9016
1	26	14184
1	27	-4744
1	28	12216
1	29	904
1	30	-11896
1	31	-17064
1	32	12536
1	33	1176
1	34	2504
1	35	8424
1	36	7416
1	37	2296
1	38	-20104
1	39	11624
2	3	-1224
2	4	-4904
2	5	-3576
2	6	-10776
2	7	-10456
2	8	-4584
2	9	6344
2	10	11576
2	11	-4696
2	12	-11624
2	13	-56
2	14	-7416
2	15	-7624
2	16	-5816
2	17	696
2	18	1976
2	19	-13816
2	20	-4904
2	21	-5976
2	22	8216
2	23	-11144
2	24	-424
2	25	4584
2	26	4216
2	27	5544
2	28	1384
2	29	-8104
2	30	4696
2	31	-1336
2	32	7464
2	33	12424
2	34	3096
2	35	3576
2	36	-13016
2	37	-7896
2	38	1704
2	39	6776
3	4	9064
3	5	-584
3	6	-6184
3	7	6296
3	8	-4056
3	9	-4104
3	10	-1016
3	11	536
3	12	-3416
3	13	2296
3	14	-3144
3	15	-1016
3	16	1656
3	17	-9336
3	18	8584
3	19	-9544
3	20	2664
3	21	14616
3	22	8744
3	23	2504
3	24	-8216
3	25	-8744
3	26	-6456
3	27	3096
3	28	-5544
3	29	-6936
3	30	-536
3	31	3576
3	32	1176
3	33	2616
3	34	1064
3	35	584
3	36	-3944
3	37	3736
3	38	536
3	39	-15416
4	5	-17064
4	6	9336
4	7	9016
4	8	6024
4	9	-7784
4	10	-10136
4	11	-3144
4	12	13064
4	13	5016
4	14	12376
4	15	2664
4	16	-2024
4	17	-5656
4	18	12264
4	19	-424
4	20	-6456
4	21	23736
4	22	6024
4	23	6184
4	24	1864
4	25	376
4	26	-2776
4	27	12216
4	28	-9224
4	29	-3256
4	30	15944
4	31	12696
4	32	-2504
4	33	5336
4	34	4744
4	35	-8536
4	36	-1224
4	37	6456
4	38	9656
4	39	-5336
5	6	-5016
5	7	-4696
5	8	-10344
5	9	12104
5	10	12216
5	11	13864
5	12	-4584
5	13	-696
5	14	-8056
5	15	5816
5	16	-6456
5	17	-11464
5	18	-3784
5	19	-8056
5	20	-4264
5	21	-19416
5	22	-3944
5	23	-10504
5	24	216
5	25	3944
5	26	4856
5	27	-27096
5	28	13544
5	29	11736
5	30	-7464
5	31	-14776
5	32	6824
5	33	-1016
5	34	-2664
5	35	17016
5	36	11944
5	37	4264
5	38	-5336
5	39	7416
6	7	13704
6	8	-3144
6	9	-1496
6	10	6616
6	11	264
6	12	2616
6	13	-7896
6	14	10344
6	15	216
6	16	-13656
6	17	2136
6	18	9816
6	19	-2456
6	20	-9864
6	21	-1016
6	22	3256
6	23	-3304
6	24	20216
6	25	-3256
6	26	-19944
6	27	-2296
6	28	6344
6	29	-19464
6	30	6136
6	31	-9176
6	32	-376
6	33	-14616
6	34	4536
6	35	-1384
6	36	-1656
6	37	3464
6	38	264
6	39	-4584
7	8	9336
7	9	-7576
7	10	-104
7	11	6984
7	12	2296
7	13	-1176
7	14	-2136
7	15	-6504
7	16	-536
7	17	1816
7	18	15896
7	19	4264
7	20	9016
7	21	12104
7	22	9336
7	23	2776
7	24	7096
7	25	-2936
7	26	-1064
7	27	-1976
7	28	6664
7	29	-19784
7	30	-584
7	31	-2456
7	32	6344
7	33	-7896
7	34	-2184
7	35	11096
7	36	11464
7	37	10184
7	38	-12216
7	39	1496
8	9	-13864
8	10	-10456
8	11	3576
8	12	-56
8	13	11736
8	14	-104
8	15	-4056
8	16	11096
8	17	424
8	18	11944
8	19	19096
8	20	6024
8	21	-1544
8	22	-696
8	23	5864
8	24	1544
8	25	-5704
8	26	3304
8	27	6136
8	28	-2504
8	29	2824
8	30	-3576
8	31	6616
8	32	-14984
8	33	5656
8	34	-8376
8	35	3944
8	36	-904
8	37	6776
8	38	9976
8	39	744
9	10	-4104
9	11	4584
9	12	-8104
9	13	-9976
9	14	1864
9	15	2296
9	16	-2936
9	17	10616
9	18	-904
9	19	-17336
9	20	-1384
9	21	-3096
9	22	-1064
9	23	-14024
9	24	3096
9	25	-5336
9	26	1336
9	27	-4376
9	28	4264
9	29	1816
9	30	1816
9	31	-11256
9	32	3944
9	33	8904
9	34	-6184
9	35	696
9	36	-16536
9	37	-11416
9	38	4584
9	39	10296
10	11	6936
10	12	-3416
10	13	-4104
10	14	3256
10	15	-7416
10	16	-4744
10	17	3464
10	18	2184
10	19	-3144
10	20	-10136
10	21	-10984
10	22	8744
10	23	-3896
10	24	10984
10	25	10456
10	26	-56
10	27	-9704
10	28	13656
10	29	-6936
10	30	5864
10	31	-2824
10	32	1176
10	33	-3784
10	34	1064
10	35	584
10	36	8856
10	37	3736
10	38	-12264
10	39	-2616
11	12	-9864
11	13	4584
11	14	-9176
11	15	6936
11	16	5224
11	17	-3944
11	18	3736
11	19	-2776
11	20	3256
11	21	-1336
11	22	16376
11	23	3416
11	24	1336
11	25	-3576
11	26	12376
11	27	-9016
11	28	18824
11	29	6456
11	30	-19144
11	31	-15896
11	32	-696
11	33	-2136
11	34	-7944
11	35	5336
11	36	4424
11	37	-3256
11	38	-6456
11	39	-4264
12	13	-14504
12	14	5656
12	15	2984
12	16	10456
12	17	-5336
12	18	-216
12	19	5656
12	20	-6136
12	21	10616
12	22	-19256
12	23	-6296
12	24	-4216
12	25	12856
12	26	-2456
12	27	11896
12	28	-9544
12	29	9864
12	30	16264
12	31	12376
12	32	-2824
12	33	11416
12	34	5064
12	35	-1816
12	36	4856
12	37	6136
12	38	-3464
12	39	7784
13	14	1864
13	15	-10504
13	16	-9336
13	17	-2184
13	18	5496
13	19	14664
13	20	5016
13	21	-3096
13	22	11736
13	23	17976
13	24	-3304
13	25	1064
13	26	7736
13	27	-10776
13	28	10664
13	29	1816
13	30	-4584
13	31	-4856
13	32	-2456
13	33	-3896
13	34	6616
13	35	7096
13	36	9064
13	37	1384
13	38	-1816
13	39	-8904
14	15	3256
14	16	2504
14	17	11576
14	18	6456
14	19	7304
14	20	-19624
14	21	8744
14	22	-6504
14	23	-264
14	24	16856
14	25	6504
14	26	-4104
14	27	7464
14	28	-3096
14	29	2776
14	30	21976
14	31	13384
14	32	-9816
14	33	-11256
14	34	13976
14	35	-11144
14	36	-4696
14	37	6824
14	38	3624
14	39	-1544
15	16	8056
15	17	-22136
15	18	-4216
15	19	3256
15	20	-3736
15	21	1816
15	22	-4056
15	23	2504
15	24	-1816
15	25	-8744
15	26	-56
15	27	3096
15	28	-11944
15	29	12264
15	30	-13336
15	31	-2824
15	32	1176
15	33	-3784
15	34	-5336
15	35	-5816
15	36	2456
15	37	10136
15	38	536
15	39	3784
16	17	3576
16	18	4856
16	19	2504
16	20	-2024
16	21	3944
16	22	-1704
16	23	-1864
16	24	-10344
16	25	-4696
16	26	13496
16	27	9064
16	28	-7896
16	29	13976
16	30	-5224
16	31	14984
16	32	-14616
16	33	3144
16	34	-6824
16	35	-6344
16	36	3304
16	37	2024
16	38	5224
16	39	-3144
17	18	264
17	19	-1224
17	20	7144
17	21	3736
17	22	424
17	23	584
17	24	2664
17	25	-424
17	26	-1976
17	27	5016
17	28	9176
17	29	-8856
17	30	10344
17	31	5496
17	32	-9704
17	33	-1864
17	34	-856
17	35	-7736
17	36	-8424
17	37	-13544
17	38	2456
17	39	-4536
18	19	56
18	20	-13336
18	21	5016
18	22	5544
18	23	-7096
18	24	1384
18	25	856
18	26	3144
18	27	-104
18	28	10456
18	29	-3736
18	30	2664
18	31	-6024
18	32	-8424
18	33	5816
18	34	-2136
18	35	3784
18	36	-7144
18	37	6936
18	38	3736
18	39	6984
19	20	5976
19	21	2344
19	22	-6504
19	23	12536
19	24	4056
19	25	104
19	26	8696
19	27	1064
19	28	3304
19	29	9176
19	30	-3624
19	31	6984
19	32	-9816
19	33	-4856
19	34	-5224
19	35	1656
19	36	14504
19	37	6824
19	38	-9176
19	39	-1544
20	21	4536
20	22	6024
20	23	18984
20	24	-10936
20	25	-18824
20	26	-9176
20	27	-584
20	28	-2824
20	29	-9656
20	30	-16056
20	31	-104
20	32	10296
20	33	5336
20	34	-14456
20	35	4264
20	36	5176
20	37	-6344
20	38	-3144
20	39	-5336
21	22	4856
21	23	11096
21	24	-3784
21	25	-4856
21	26	856
21	27	21704
21	28	-8056
21	29	-5064
21	30	7736
21	31	8424
21	32	4424
21	33	2984
21	34	-264
21	35	-12584
21	36	-3256
21	37	8264
21	38	-7736
21	39	-2984
22	23	5864
22	24	-4856
22	25	-12104
22	26	3304
22	27	-6664
22	28	10296
22	29	-9976
22	30	-9976
22	31	-6184
22	32	10616
22	33	-7144
22	34	-8376
22	35	-2456
22	36	5496
22	37	-6024
22	38	-2824
22	39	-12056
23	24	-4696
23	25	-5864
23	26	-2936
23	27	5976
23	28	-2664
23	29	-3416
23	30	-9816
23	31	56
23	32	4056
23	33	-7304
23	34	-1816
23	35	-15096
23	36	11736
23	37	13016
23	38	-9384
23	39	-5496
24	25	-1544
24	26	-7256
24	27	-2504
24	28	1656
24	29	-14136
24	30	11464
24	31	4376
24	32	-4424
24	33	-9384
24	34	6664
24	35	6184
24	36	-3144
24	37	4536
24	38	1336
24	39	-3416
25	26	15896
25	27	264
25	28	8904
25	29	9976
25	30	16376
25	31	-216
25	32	-4216
25	33	744
25	34	21176
25	35	-3944
25	36	7304
25	37	-376
25	38	-9976
25	39	12056
26	27	-4264
26	28	12696
26	29	19624
26	30	-5976
26	31	2616
26	32	-6184
26	33	1656
26	34	2024
26	35	1544
26	36	14296
26	37	-3624
26	38	-6824
26	39	4744
27	28	-15736
27	29	-3784
27	30	9016
27	31	7144
27	32	-3256
27	33	8104
27	34	1016
27	35	-17704
27	36	-17336
27	37	6984
27	38	-2616
27	39	4696
28	29	376
28	30	-6024
28	31	-16216
28	32	5384
28	33	-8856
28	34	5176
28	35	12056
28	36	10504
28	37	-9976
28	38	-13176
28	39	2456
29	30	-6456
29	31	3096
29	32	-5704
29	33	8536
29	34	-4856
29	35	-5336
29	36	1976
29	37	-3144
29	38	6456
29	39	10664
30	31	15896
30	32	-5704
30	33	2136
30	34	14344
30	35	-5336
30	36	-4424
30	37	3256
30	38	56
30	39	4264
31	32	-10136
31	33	1224
31	34	7896
31	35	-4424
31	36	7784
31	37	-6296
31	38	16104
31	39	-14024
32	33	-2776
32	34	-904
32	35	5976
32	36	3784
32	37	2504
32	38	-13496
32	39	15576
33	34	-12264
33	35	1016
33	36	-16856
33	37	-5336
33	38	10664
33	39	10616
34	35	2664
34	36	6776
34	37	-4744
34	38	-1544
34	39	-6936
35	36	7256
35	37	-4264
35	38	-1064
35	39	-1016
36	37	7624
36	38	-14776
36	39	-8744
37	38	-16056
37	39	11736
38	39	-10664
