0	1	2208
0	2	-9792
0	3	-5632
0	4	-4992
0	5	4832
0	6	-2688
0	7	4352
0	8	2048
0	9	1888
0	10	-4288
0	11	4288
0	12	-8928
0	13	5632
0	14	28608
0	15	16288
0	16	-2368
0	17	-8512
0	18	-4192
0	19	-992
0	20	-2432
0	21	8768
0	22	-672
0	23	-832
0	24	3552
0	25	-8928
0	26	-11488
0	27	-6208
0	28	-11168
0	29	1792
0	30	-992
0	31	672
0	32	2912
0	33	-7072
0	34	-4288
0	35	992
0	36	4352
0	37	-4672
0	38	1472
0	39	4352
1	2	-5568
1	3	3072
1	4	-3968
1	5	10528
1	6	11648
1	7	-1792
1	8	8192
1	9	14752
1	10	448
1	11	12352
1	12	17888
1	13	-3072
1	14	7232
1	15	-6048
1	16	-7872
1	17	-13248
1	18	-4768
1	19	-7968
1	20	-128
1	21	-4928
1	22	-1888
1	23	-1728
1	24	11808
1	25	-7712
1	26	1248
1	27	-4032
1	28	-11872
1	29	-5632
1	30	4832
1	31	14688
1	32	-352
1	33	10912
1	34	448
1	35	1568
1	36	11008
1	37	-10688
1	38	1088
1	39	-1792
2	3	8672
2	4	-4768
2	5	-7872
2	6	-352
2	7	5408
2	8	992
2	9	1152
2	10	1248
2	11	-1248
2	12	-512
2	13	-15072
2	14	-19168
2	15	-448
2	16	12128
2	17	-7648
2	18	-5568
2	19	-2368
2	20	-7328
2	21	-5728
2	22	3712
2	23	-8928
2	24	-12992
2	25	5888
2	26	-4352
2	27	3168
2	28	8128
2	29	7968
2	30	-8768
2	31	-3712
2	32	-5952
2	33	-9088
2	34	14048
2	35	2368
2	36	-992
2	37	14112
2	38	-10912
2	39	-7392
3	4	3872
3	5	15488
3	6	3808
3	7	9568
3	8	9632
3	9	3392
3	10	11808
3	11	-11808
3	12	10048
3	13	-4512
3	14	-10528
3	15	8192
3	16	-9312
3	17	992
3	18	-3328
3	19	-12928
3	20	1312
3	21	9312
3	22	-448
3	23	-288
3	24	3968
3	25	16448
3	26	-6592
3	27	928
3	28	-512
3	29	12128
3	30	-6528
3	31	-5952
3	32	17408
3	33	12352
3	34	5408
3	35	-6272
3	36	3168
3	37	9952
3	38	-13152
3	39	3168
4	5	-3072
4	6	-8352
4	7	-2592
4	8	-3808
4	9	-16448
4	10	12448
4	11	-6048
4	12	4288
4	13	8928
4	14	-4768
4	15	7552
4	16	4128
4	17	352
4	18	8832
4	19	-768
4	20	672
4	21	-4128
4	22	-7488
4	23	5472
4	24	11008
4	25	-2112
4	26	448
4	27	1568
4	28	-12672
4	29	-6432
4	30	-7168
4	31	-5312
4	32	-1152
4	33	11712
4	34	-352
4	35	7168
4	36	-8992
4	37	-3488
4	38	13088
4	39	10208
5	6	1792
5	7	2432
5	8	3968
5	9	10208
5	10	192
5	11	6208
5	12	1952
5	13	10112
5	14	-1472
5	15	-992
5	16	-10688
5	17	6208
5	18	-2272
5	19	928
5	20	-6912
5	21	4288
5	22	7648
5	23	13888
5	24	14432
5	25	-4448
5	26	-13408
5	27	17472
5	28	-6688
5	29	-6528
5	30	-5472
5	31	-7648
5	32	13792
5	33	7648
5	34	192
5	35	-7328
5	36	15232
5	37	3648
5	38	-6848
5	39	2432
6	7	1312
6	8	11488
6	9	4928
6	10	-928
6	11	7328
6	12	832
6	13	2592
6	14	-352
6	15	128
6	16	-11808
6	17	7328
6	18	-7552
6	19	2048
6	20	608
6	21	11808
6	22	-10432
6	23	-4192
6	24	512
6	25	832
6	26	-1728
6	27	-9248
6	28	-1408
6	29	-7648
6	30	-4352
6	31	4032
6	32	-128
6	33	-4032
6	34	-928
6	35	4352
6	36	1312
6	37	-1632
6	38	-1568
6	39	1312
7	8	4448
7	9	4288
7	10	-288
7	11	-6112
7	12	-4928
7	13	16032
7	14	-992
7	15	5888
7	16	-17568
7	17	288
7	18	4608
7	19	1408
7	20	-6432
7	21	4768
7	22	-4672
7	23	1568
7	24	-5248
7	25	7872
7	26	-13888
7	27	-21408
7	28	-7168
7	29	5792
7	30	1408
7	31	-14528
7	32	-5888
7	33	-4672
7	34	6112
7	35	17792
7	36	8352
7	37	-2272
7	38	-7328
7	39	1952
8	9	8512
8	10	13088
8	11	6112
8	12	4928
8	13	3168
8	14	992
8	15	512
8	16	-8032
8	17	-288
8	18	-4608
8	19	-14208
8	20	-12768
8	21	8032
8	22	-1728
8	23	-14368
8	24	-1152
8	25	11328
8	26	-5312
8	27	-4192
8	28	-12032
8	29	608
8	30	-14208
8	31	1728
8	32	-6912
8	33	17472
8	34	-6112
8	35	-4992
8	36	4448
8	37	2272
8	38	13728
8	39	10848
9	10	-6272
9	11	-128
9	12	4768
9	13	-3392
9	14	1152
9	15	-12128
9	16	-1792
9	17	-6528
9	18	-4448
9	19	-7648
9	20	192
9	21	-4608
9	22	17632
9	23	-7808
9	24	-7712
9	25	11168
9	26	-5472
9	27	2048
9	28	608
9	29	-5952
9	30	5152
9	31	7968
9	32	-672
9	33	-1568
9	34	6528
9	35	-5152
9	36	10688
9	37	8832
9	38	768
9	39	4288
10	11	-10272
10	12	-768
10	13	7392
10	14	-5152
10	15	1728
10	16	-608
10	17	8928
10	18	448
10	19	-9152
10	20	-4192
10	21	608
10	22	-2432
10	23	-8992
10	24	5312
10	25	-7168
10	26	-3328
10	27	-4448
10	28	-3008
10	29	3552
10	30	-9152
10	31	2432
10	32	4672
10	33	10368
10	34	-8928
10	35	2752
10	36	-6688
10	37	6368
10	38	3232
10	39	-6688
11	12	768
11	13	-992
11	14	-1248
11	15	-8128
11	16	608
11	17	-8928
11	18	-13248
11	19	2752
11	20	-8608
11	21	5792
11	22	-3968
11	23	2592
11	24	1088
11	25	-12032
11	26	-9472
11	27	10848
11	28	-3392
11	29	-3552
11	30	2752
11	31	-2432
11	32	-11072
11	33	8832
11	34	8928
11	35	-2752
11	36	19488
11	37	-12768
11	38	3168
11	39	288
12	13	-10048
12	14	-512
12	15	-6432
12	16	-5248
12	17	-5632
12	18	-7712
12	19	-4512
12	20	6848
12	21	-7552
12	22	2208
12	23	2048
12	24	672
12	25	13792
12	26	11232
12	27	-2688
12	28	-7648
12	29	5312
12	30	8288
12	31	10592
12	32	32
12	33	15008
12	34	-768
12	35	-1888
12	36	1472
12	37	-1792
12	38	4992
12	39	1472
13	14	4128
13	15	4608
13	16	-9888
13	17	11808
13	18	9728
13	19	6528
13	20	-1312
13	21	3488
13	22	-5952
13	23	6688
13	24	2432
13	25	-10048
13	26	-6208
13	27	-7328
13	28	-5888
13	29	-5728
13	30	-6272
13	31	-13248
13	32	-11008
13	33	448
13	34	-11808
13	35	12672
13	36	-3168
13	37	-9952
13	38	6752
13	39	3232
14	15	12352
14	16	-7072
14	17	-14048
14	18	832
14	19	4032
14	20	-928
14	21	672
14	22	-2688
14	23	3872
14	24	6208
14	25	-6912
14	26	2048
14	27	-9632
14	28	-17472
14	29	-4832
14	30	-2368
14	31	9088
14	32	6848
14	33	-2688
14	34	-11552
14	35	2368
14	36	-992
14	37	-11488
14	38	1888
14	39	5408
15	16	-192
15	17	-1728
15	18	6752
15	19	3552
15	20	-1408
15	21	12992
15	22	-3168
15	23	3392
15	24	13088
15	25	-32
15	26	2528
15	27	-2752
15	28	-10592
15	29	8448
15	30	-15648
15	31	-3232
15	32	7328
15	33	-9568
15	34	-17472
15	35	9248
15	36	-6912
15	37	-11968
15	38	-4032
15	39	5888
16	17	-5792
16	18	4928
16	19	1728
16	20	288
16	21	-1312
16	22	14848
16	23	-10912
16	24	-5568
16	25	-5248
16	26	4992
16	27	10272
16	28	11712
16	29	5472
16	30	-4672
16	31	4352
16	32	192
16	33	-4352
16	34	5792
16	35	-8128
16	36	-11168
16	37	4448
16	38	5152
16	39	-11168
17	18	5952
17	19	2752
17	20	4192
17	21	5792
17	22	2432
17	23	2592
17	24	1088
17	25	768
17	26	3328
17	27	-1952
17	28	9408
17	29	2848
17	30	2752
17	31	-2432
17	32	1728
17	33	-10368
17	34	-16672
17	35	3648
17	36	-6112
17	37	6432
17	38	3168
17	39	-6112
18	19	-7968
18	20	6272
18	21	-4928
18	22	4512
18	23	-1728
18	24	-992
18	25	5088
18	26	7648
18	27	2368
18	28	-11872
18	29	768
18	30	-1568
18	31	-4512
18	32	6048
18	33	-8288
18	34	-12352
18	35	7968
18	36	-1792
18	37	-10688
18	38	7488
18	39	-1792
19	20	-3328
19	21	-1728
19	22	-5088
19	23	14272
19	24	8608
19	25	-10912
19	26	-1952
19	27	-832
19	28	10528
19	29	-8832
19	30	-4768
19	31	-7712
19	32	-3552
19	33	-11488
19	34	-2752
19	35	4768
19	36	1408
19	37	-1088
19	38	-2112
19	39	-4992
20	21	-288
20	22	-3648
20	23	-3488
20	24	-5632
20	25	6848
20	26	3008
20	27	-2272
20	28	15488
20	29	8928
20	30	15872
20	31	-9152
20	32	1408
20	33	-3648
20	34	2208
20	35	3328
20	36	-6432
20	37	-6048
20	38	2848
20	39	6368
21	22	-2048
21	23	-1888
21	24	-832
21	25	5248
21	26	-4992
21	27	-3872
21	28	1088
21	29	7328
21	30	-1728
21	31	-4352
21	32	6208
21	33	4352
21	34	7008
21	35	1728
21	36	-1632
21	37	-10848
21	38	1248
21	39	-1632
22	23	-11648
22	24	-10272
22	25	8608
22	26	4768
22	27	5888
22	28	-1952
22	29	-2112
22	30	1312
22	31	11808
22	32	3168
22	33	-11808
22	34	-2432
22	35	-1312
22	36	1728
22	37	4992
22	38	-1792
22	39	1728
23	24	8768
23	25	-4352
23	26	-1792
23	27	12128
23	28	-2112
23	29	-2272
23	30	-4928
23	31	-7552
23	32	9408
23	33	1152
23	34	-2592
23	35	4928
23	36	1568
23	37	-7648
23	38	-8352
23	39	-4832
24	25	-18528
24	26	4512
24	27	3392
24	28	-7968
24	29	-1408
24	30	-4192
24	31	3872
24	32	12512
24	33	8928
24	34	-13888
24	35	-8608
24	36	1152
24	37	-1472
24	38	-1728
24	39	1152
25	26	4832
25	27	-2688
25	28	-1248
25	29	5312
25	30	1888
25	31	-2208
25	32	32
25	33	2208
25	34	5632
25	35	-1888
25	36	1472
25	37	4608
25	38	4992
25	39	14272
26	27	-5248
26	28	-3808
26	29	2752
26	30	4448
26	31	20832
26	32	-2528
26	33	-1632
26	34	-16128
26	35	-4448
26	36	-20288
26	37	-5632
26	38	2432
26	39	-1088
27	28	1472
27	29	-4768
27	30	-7232
27	31	-5888
27	32	9152
27	33	5888
27	34	1952
27	35	-11968
27	36	10592
27	37	1888
27	38	1312
27	39	-2208
28	29	9472
28	30	4128
28	31	-10848
28	32	-2208
28	33	-8352
28	34	9792
28	35	-10528
28	36	-7168
28	37	13248
28	38	-10048
28	39	-7168
29	30	3968
29	31	-4288
29	32	10752
29	33	4288
29	34	-2848
29	35	-3968
29	36	-7008
29	37	288
29	38	-9888
29	39	-13408
30	31	5088
30	32	-3552
30	33	1312
30	34	10048
30	35	-1632
30	36	7808
30	37	-1088
30	38	4288
30	39	-4992
31	32	3232
31	33	-992
31	34	-10368
31	35	-5088
31	36	-8128
31	37	1408
31	38	1792
31	39	-8128
32	33	3168
32	34	-1728
32	35	-9248
32	36	512
32	37	5568
32	38	-15168
32	39	-12288
33	34	10368
33	35	-14112
33	36	1728
33	37	-1408
33	38	11008
33	39	1728
34	35	-3648
34	36	6112
34	37	6368
34	38	-3168
34	39	-288
35	36	-1408
35	37	-18112
35	38	2112
35	39	-1408
36	37	-2272
36	38	-928
36	39	1952
37	38	-5792
37	39	-2272
38	39	5472
