0	1	-7376
0	2	9048
0	3	8128
0	4	5848
0	5	-8288
0	6	-12992
0	7	2808
0	8	6008
0	9	840
0	10	-984
0	11	4184
0	12	-2360
0	13	-5848
0	14	-2504
0	15	5696
0	16	-7528
0	17	-840
0	18	-840
0	19	10712
0	20	4488
0	21	-5552
0	22	-13600
0	23	832
0	24	11016
0	25	-2200
0	26	-6000
0	27	9200
0	28	-5088
0	29	-2048
0	30	-2208
0	31	-4024
0	32	3272
0	33	384
0	34	4640
0	35	-5240
0	36	-6304
0	37	-1448
1	2	-384
1	3	6312
1	4	-2960
1	5	-376
1	6	-1448
1	7	80
1	8	8432
1	9	7824
1	10	-7680
1	11	10256
1	12	-528
1	13	-8592
1	14	-6160
1	15	2968
1	16	4640
1	17	-7824
1	18	-2048
1	19	-7824
1	20	-1600
1	21	2664
1	22	4936
1	23	-3720
1	24	3424
1	25	-6464
1	26	3112
1	27	-6312
1	28	2200
1	29	-6616
1	30	-680
1	31	6912
1	32	11168
1	33	2504
1	34	9800
1	35	2352
1	36	-2360
1	37	-12992
2	3	-2208
2	4	7064
2	5	4480
2	6	-2656
2	7	-1752
2	8	-984
2	9	-376
2	10	-2200
2	11	2968
2	12	-1144
2	13	-18616
2	14	-3720
2	15	6912
2	16	-536
2	17	376
2	18	376
2	19	376
2	20	-2504
2	21	-4336
2	22	2512
2	23	2048
2	24	680
2	25	-9192
2	26	-12992
2	27	2208
2	28	-528
2	29	-9040
2	30	-6768
2	31	6312
2	32	7832
2	33	-6608
2	34	3424
2	35	5096
2	36	4032
2	37	-232
3	4	-6912
3	5	1448
3	6	-3272
3	7	-3872
3	8	23936
3	9	224
3	10	-9504
3	11	-3120
3	12	1296
3	13	1136
3	14	3568
3	15	-6760
3	16	688
3	17	-224
3	18	-6000
3	19	-11776
3	20	2352
3	21	-7064
3	22	-8440
3	23	9656
3	24	22576
3	25	-2512
3	26	-4488
3	27	-2360
3	28	6152
3	29	3112
3	30	6920
3	31	5088
3	32	9344
3	33	12232
3	34	2200
3	35	-11024
3	36	1592
3	37	-5392
4	5	-7824
4	6	6000
4	7	4184
4	8	-1448
4	9	3720
4	10	5544
4	11	376
4	12	-7976
4	13	-1144
4	14	-16040
4	15	7072
4	16	-8584
4	17	-3720
4	18	-9496
4	19	7832
4	20	72
4	21	6768
4	22	-4944
4	23	384
4	24	1752
4	25	-10568
4	26	-992
4	27	6912
4	28	3872
4	29	-4944
4	30	-13904
4	31	-2968
4	32	7064
4	33	-1600
4	34	-80
4	35	4024
4	36	-6464
4	37	2664
5	6	9192
5	7	992
5	8	1744
5	9	-4640
5	10	-8592
5	11	-2208
5	12	-5392
5	13	2048
5	14	10256
5	15	-1896
5	16	5552
5	17	10416
5	18	10416
5	19	-12688
5	20	3264
5	21	-7976
5	22	4024
5	23	-8584
5	24	4336
5	25	15728
5	26	2200
5	27	-13000
5	28	1288
5	29	4024
5	30	232
5	31	224
5	32	-1296
5	33	13144
5	34	-2664
5	35	-4336
5	36	8280
5	37	11024
6	7	-2816
6	8	-5696
6	9	688
6	10	-6912
6	11	-1744
6	12	-2208
6	13	11328
6	14	-2656
6	15	72
6	16	-1600
6	17	-688
6	18	-688
6	19	-688
6	20	-7216
6	21	6152
6	22	-2200
6	23	-4792
6	24	-384
6	25	9200
6	26	-376
6	27	-2504
6	28	12088
6	29	9352
6	30	-2056
6	31	-4176
6	32	-2656
6	33	6008
6	34	-7064
6	35	-5392
6	36	-6456
6	37	10256
7	8	1288
7	9	12232
7	10	-3272
7	11	3112
7	12	6616
7	13	-4184
7	14	-7528
7	15	-1440
7	16	232
7	17	5096
7	18	-680
7	19	-680
7	20	8584
7	21	4032
7	22	3568
7	23	-8128
7	24	-984
7	25	-7832
7	26	1744
7	27	-1904
7	28	-4944
7	29	-7984
7	30	-10864
7	31	11320
7	32	9800
7	33	1136
7	34	8432
7	35	6760
7	36	-3728
7	37	-72
8	9	8136
8	10	-5240
8	11	-5848
8	12	1896
8	13	-4328
8	14	10568
8	15	-1600
8	16	8280
8	17	-2360
8	18	3416
8	19	-8136
8	20	6008
8	21	-1296
8	22	-528
8	23	10864
8	24	15272
8	25	-6456
8	26	1296
8	27	-832
8	28	7984
8	29	-6304
8	30	2048
8	31	9048
8	32	4792
8	33	13456
8	34	6160
8	35	-15272
8	36	-4784
8	37	-8744
9	10	1144
9	11	-5240
9	12	7064
9	13	-9496
9	14	-376
9	15	9344
9	16	-3880
9	17	-8744
9	18	-2968
9	19	8584
9	20	6616
9	21	3872
9	22	-5696
9	23	-12848
9	24	3112
9	25	-11624
9	26	7680
9	27	-6000
9	28	-8736
9	29	-5696
9	30	-4336
9	31	3880
9	32	11176
9	33	2512
9	34	6768
9	35	-3112
9	36	-9952
9	37	-3576
10	11	-12840
10	12	3112
10	13	-5544
10	14	3576
10	15	-6160
10	16	9496
10	17	-1144
10	18	4632
10	19	4632
10	20	-984
10	21	5696
10	22	9808
10	23	-5248
10	24	-12392
10	25	-7672
10	26	80
10	27	3728
10	28	992
10	29	-7520
10	30	3264
10	31	-9496
10	32	-7976
10	33	688
10	34	-6608
10	35	6616
10	36	-224
10	37	-1752
11	12	-7832
11	13	-6152
11	14	-14360
11	15	6000
11	16	-1448
11	17	-12088
11	18	-536
11	19	11016
11	20	-7368
11	21	-5248
11	22	-2352
11	23	1136
11	24	5544
11	25	3272
11	26	5248
11	27	-14208
11	28	384
11	29	3424
11	30	-7680
11	31	1448
11	32	8744
11	33	-11472
11	34	15888
11	35	6008
11	36	-832
11	37	4632
12	13	-3576
12	14	4632
12	15	-2048
12	16	11176
12	17	10264
12	18	-7064
12	19	-1288
12	20	9192
12	21	3424
12	22	-1600
12	23	-2960
12	24	-7368
12	25	-1448
12	26	-9200
12	27	4480
12	28	1440
12	29	-1600
12	30	80
12	31	17704
12	32	-1144
12	33	1744
12	34	-2512
12	35	7368
12	36	2656
12	37	-6456
13	14	-1288
13	15	4480
13	16	-8744
13	17	9496
13	18	-7832
13	19	-2056
13	20	5704
13	21	4784
13	22	-832
13	23	-384
13	24	-1752
13	25	16344
13	26	6768
13	27	10416
13	28	1904
13	29	4944
13	30	8128
13	31	-14360
13	32	-12840
13	33	7376
13	34	-11472
13	35	-4024
13	36	-5088
13	37	8888
14	15	-10416
14	16	5240
14	17	6152
14	18	17704
14	19	-5400
14	20	9048
14	21	-4336
14	22	2512
14	23	2048
14	24	-5096
14	25	8136
14	26	-7216
14	27	-3568
14	28	-528
14	29	2512
14	30	16336
14	31	536
14	32	-9496
14	33	10720
14	34	-8128
14	35	-12232
14	36	-1744
14	37	-232
15	16	-8432
15	17	-9344
15	18	-9344
15	19	7984
15	20	5696
15	21	6920
15	22	680
15	23	-5240
15	24	1904
15	25	832
15	26	16184
15	27	984
15	28	-13608
15	29	-5096
15	30	-7976
15	31	-3120
15	32	1136
15	33	-7528
15	34	-232
15	35	-1904
15	36	-6616
15	37	-2960
16	17	3880
16	18	15432
16	19	-1896
16	20	-1752
16	21	-2960
16	22	16336
16	23	-3568
16	24	-7976
16	25	4936
16	26	2960
16	27	-688
16	28	7824
16	29	-6768
16	30	-6304
16	31	6760
16	32	-12088
16	33	2352
16	34	-1904
16	35	7976
16	36	3264
16	37	-7064
17	18	2968
17	19	-8584
17	20	4936
17	21	7680
17	22	-80
17	23	1296
17	24	-8888
17	25	5848
17	26	-7680
17	27	11776
17	28	2960
17	29	5696
17	30	4336
17	31	7672
17	32	-5400
17	33	9040
17	34	-6768
17	35	8888
17	36	9952
17	37	-2200
18	19	2968
18	20	-840
18	21	-3872
18	22	11472
18	23	-4480
18	24	-8888
18	25	11624
18	26	3872
18	27	-5552
18	28	-2816
18	29	-80
18	30	4336
18	31	1896
18	32	-11176
18	33	3264
18	34	-992
18	35	-2664
18	36	-7376
18	37	-2200
19	20	-6616
19	21	-3872
19	22	-11632
19	23	-4480
19	24	-3112
19	25	5848
19	26	3872
19	27	224
19	28	-2816
19	29	-80
19	30	-7216
19	31	-9656
19	32	-5400
19	33	-2512
19	34	4784
19	35	3112
19	36	-7376
19	37	3576
20	21	224
20	22	3728
20	23	-10720
20	24	-536
20	25	-2200
20	26	-224
20	27	3424
20	28	-16640
20	29	-7824
20	30	3568
20	31	1752
20	32	3272
20	33	384
20	34	-6912
20	35	6312
20	36	-12080
20	37	4328
21	22	6760
21	23	232
21	24	-9952
21	25	-10416
21	26	10712
21	27	7064
21	28	-1752
21	29	6760
21	30	3272
21	31	2960
21	32	1440
21	33	-1448
21	34	-5704
21	35	4176
21	36	-536
21	37	-9040
22	23	-4184
22	24	-17104
22	25	-2960
22	26	4792
22	27	-3112
22	28	-72
22	29	-14360
22	30	-1448
22	31	992
22	32	-9040
22	33	-6152
22	34	-7672
22	35	5552
22	36	-1288
22	37	-6464
23	24	6768
23	25	-4032
23	26	-6008
23	27	1896
23	28	10408
23	29	1592
23	30	2664
23	31	9344
23	32	2048
23	33	-840
23	34	6456
23	35	-6768
23	36	5848
23	37	-9648
24	25	376
24	26	4176
24	27	-5248
24	28	-2512
24	29	6000
24	30	4032
24	31	2200
24	32	18008
24	33	9344
24	34	10864
24	35	-8136
24	36	-1296
24	37	3272
25	26	4640
25	27	-3264
25	28	-224
25	29	8592
25	30	4480
25	31	-4936
25	32	-14968
25	33	11024
25	34	-7824
25	35	-6152
25	36	-1440
25	37	5240
26	27	-7064
26	28	-15576
26	29	4792
26	30	-3272
26	31	-2960
26	32	-1440
26	33	-4328
26	34	5704
26	35	1600
26	36	-5240
26	37	-2512
27	28	-376
27	29	-3112
27	30	4632
27	31	-5088
27	32	-9344
27	33	-680
27	34	-7976
27	35	5248
27	36	-1592
27	37	-384
28	29	-72
28	30	-4184
28	31	-2048
28	32	-6304
28	33	8136
28	34	840
28	35	-9040
28	36	7224
28	37	2352
29	30	10104
29	31	992
29	32	2512
29	33	-376
29	34	-7672
29	35	-6000
29	36	10264
29	37	5088
30	31	-5248
30	32	4784
30	33	7672
30	34	-2360
30	35	-4032
30	36	-2968
30	37	4944
31	32	12088
31	33	-2352
31	34	7680
31	35	3576
31	36	2512
31	37	-16040
32	33	-832
32	34	14976
32	35	5096
32	36	-1744
32	37	-232
33	34	-5240
33	35	-9344
33	36	1144
33	37	-3120
34	35	6464
34	36	-6152
34	37	4176
35	36	1296
35	37	2504
36	37	-2208
