0	1	-3628
0	2	3932
0	3	20
0	4	-324
0	5	-1348
0	6	-5340
0	7	7428
0	8	-9748
0	9	-1236
0	10	8988
0	11	5796
0	12	2604
0	13	5036
0	14	2868
0	15	-7276
0	16	-3324
0	17	-3932
0	18	-6708
0	19	5948
0	20	-10468
0	21	1692
0	22	-172
0	23	4428
0	24	3820
0	25	-3172
0	26	1692
0	27	5188
0	28	7428
0	29	-6860
0	30	-2108
0	31	-3972
0	32	2452
0	33	-11572
0	34	-9860
0	35	9100
0	36	3060
0	37	-10660
1	2	6556
1	3	6820
1	4	5036
1	5	2412
1	6	4276
1	7	-2716
1	8	-2868
1	9	172
1	10	-13700
1	11	1044
1	12	-1540
1	13	1804
1	14	-3932
1	15	-3212
1	16	4388
1	17	-780
1	18	-132
1	19	-10660
1	20	-20
1	21	-6404
1	22	-892
1	23	2412
1	24	-8532
1	25	-1540
1	26	5148
1	27	-4124
1	28	8836
1	29	5796
1	30	8948
1	31	2908
1	32	4388
1	33	4732
1	34	5148
1	35	7164
1	36	3780
1	37	-1956
2	3	-1348
2	4	1044
2	5	3060
2	6	1804
2	7	-14308
2	8	-2604
2	9	132
2	10	1844
2	11	-7124
2	12	-4540
2	13	9444
2	14	-7316
2	15	-2868
2	16	6860
2	17	-5300
2	18	-11116
2	19	-1196
2	20	-284
2	21	324
2	22	-10356
2	23	3060
2	24	2452
2	25	7012
2	26	324
2	27	-7732
2	28	8796
2	29	284
2	30	-3476
2	31	3172
2	32	1084
2	33	1348
2	34	324
2	35	4692
2	36	1692
2	37	2260
3	4	-14420
3	5	-7012
3	6	2148
3	7	932
3	8	-10772
3	9	-1956
3	10	-5796
3	11	8948
3	12	588
3	13	-7620
3	14	-284
3	15	4692
3	16	-10812
3	17	-15980
3	18	9292
3	19	3020
3	20	7884
3	21	1500
3	22	14308
3	23	10316
3	24	-12180
3	25	588
3	26	-4276
3	27	-7772
3	28	932
3	29	3668
3	30	-476
3	31	6556
3	32	740
3	33	8380
3	34	7276
3	35	5036
3	36	132
3	37	-9860
4	5	7316
4	6	3324
4	7	-1236
4	8	-1084
4	9	7428
4	10	-11228
4	11	-14420
4	12	-284
4	13	7924
4	14	-20
4	15	-4388
4	16	16892
4	17	10508
4	18	-3820
4	19	-2716
4	20	-1804
4	21	-1196
4	22	-8836
4	23	-10012
4	24	932
4	25	5492
4	26	4580
4	27	2300
4	28	-7012
4	29	1804
4	30	12332
4	31	-6860
4	32	-6212
4	33	-8684
4	34	-6972
4	35	-11116
4	36	172
4	37	3780
5	6	6556
5	7	-436
5	8	-6364
5	9	14004
5	10	-4428
5	11	-12788
5	12	-9596
5	13	11076
5	14	-7428
5	15	-5492
5	16	2108
5	17	-3060
5	18	-3628
5	19	4388
5	20	3476
5	21	2868
5	22	-10164
5	23	-17196
5	24	-5036
5	25	1956
5	26	8644
5	27	-12180
5	28	-11988
5	29	2300
5	30	892
5	31	10964
5	32	7884
5	33	-4540
5	34	8644
5	35	-2108
5	36	-10052
5	37	324
6	7	-476
6	8	-11876
6	9	2412
6	10	-436
6	11	-15180
6	12	-1044
6	13	7164
6	14	740
6	15	628
6	16	-6972
6	17	-1804
6	18	2716
6	19	-3476
6	20	3212
6	21	-1956
6	22	-8076
6	23	780
6	24	-5604
6	25	10508
6	26	3820
6	27	1540
6	28	-6252
6	29	8340
6	30	20
6	31	5452
6	32	4580
6	33	-7924
6	34	9596
6	35	-4580
6	36	5188
6	37	10316
7	8	892
7	9	3628
7	10	9900
7	11	12484
7	12	-2260
7	13	172
7	14	7732
7	15	-588
7	16	-2412
7	17	8532
7	18	3932
7	19	1084
7	20	1996
7	21	2604
7	22	10468
7	23	-436
7	24	4732
7	25	-13812
7	26	2604
7	27	11876
7	28	6516
7	29	-13548
7	30	4580
7	31	892
7	32	3364
7	33	-6708
7	34	8380
7	35	8188
7	36	3972
7	37	5756
8	9	-7772
8	10	9748
8	11	780
8	12	3364
8	13	-5756
8	14	2108
8	15	-12292
8	16	8988
8	17	2604
8	18	4084
8	19	-4844
8	20	1844
8	21	14004
8	22	-6708
8	23	-588
8	24	4580
8	25	3364
8	26	8228
8	27	5948
8	28	6668
8	29	-7620
8	30	4428
8	31	1044
8	32	-2564
8	33	-780
8	34	-3324
8	35	-3212
8	36	-13508
8	37	5908
9	10	-4540
9	11	-1956
9	12	-5148
9	13	8836
9	14	-932
9	15	-9252
9	16	12028
9	17	-11684
9	18	1044
9	19	3972
9	20	-892
9	21	-6060
9	22	-3972
9	23	-3324
9	24	7620
9	25	-5148
9	26	5492
9	27	8988
9	28	-19476
9	29	-4884
9	30	13244
9	31	9556
9	32	-11076
9	33	7732
9	34	17044
9	35	-476
9	36	1084
9	37	2868
10	11	5756
10	12	3172
10	13	740
10	14	2908
10	15	-10052
10	16	-2452
10	17	3932
10	18	-4844
10	19	5604
10	20	-1084
10	21	4084
10	22	-5604
10	23	1348
10	24	1956
10	25	-2604
10	26	-1692
10	27	12140
10	28	9900
10	29	-10468
10	30	-3668
10	31	-1804
10	32	-2452
10	33	-5756
10	34	-1692
10	35	8228
10	36	-8836
10	37	4884
11	12	588
11	13	-19172
11	14	5492
11	15	4692
11	16	-5036
11	17	1348
11	18	3516
11	19	8796
11	20	2108
11	21	1500
11	22	14308
11	23	10316
11	24	5148
11	25	-16740
11	26	-10052
11	27	3780
11	28	6708
11	29	-7884
11	30	-6252
11	31	-4996
11	32	-5036
11	33	8380
11	34	7276
11	35	10812
11	36	132
11	37	1692
12	13	-4428
12	14	-3476
12	15	-3668
12	16	3932
12	17	-7012
12	18	11876
12	19	-11116
12	20	-12028
12	21	-6860
12	22	-436
12	23	-3820
12	24	-3212
12	25	3780
12	26	-1084
12	27	6972
12	28	3516
12	29	476
12	30	2716
12	31	-8188
12	32	-7620
12	33	5188
12	34	-6860
12	35	-3932
12	36	14876
12	37	-7276
13	14	4732
13	15	-6100
13	16	7276
13	17	2108
13	18	-20348
13	19	-7772
13	20	-14460
13	21	-3516
13	22	-9556
13	23	-476
13	24	5908
13	25	7124
13	26	2260
13	27	4540
13	28	172
13	29	2908
13	30	284
13	31	5796
13	32	1500
13	33	1844
13	34	-3516
13	35	-7276
13	36	892
13	37	932
14	15	-1804
14	16	2148
14	17	1540
14	18	-12180
14	19	-132
14	20	-4996
14	21	7164
14	22	5908
14	23	9900
14	24	9292
14	25	-9252
14	26	-15940
14	27	4884
14	28	-3820
14	29	-6556
14	30	-2412
14	31	-9444
14	32	-3628
14	33	-5492
14	34	1388
14	35	-13700
14	36	-3020
14	37	1196
15	16	-20844
15	17	8644
15	18	1996
15	19	-1236
15	20	3628
15	21	-8532
15	22	24340
15	23	284
15	24	892
15	25	2108
15	26	-14308
15	27	-6252
15	28	-588
15	29	2148
15	30	-4732
15	31	5036
15	32	2260
15	33	1084
15	34	3020
15	35	-2260
15	36	7428
15	37	-5604
16	17	4692
16	18	-5604
16	19	-5188
16	20	-324
16	21	-932
16	22	-17916
16	23	-3668
16	24	2716
16	25	-7620
16	26	4844
16	27	1348
16	28	-2412
16	29	-5452
16	30	8644
16	31	-8340
16	32	-13244
16	33	5036
16	34	-932
16	35	-4084
16	36	3476
16	37	9900
17	18	-11988
17	19	-4580
17	20	284
17	21	-6100
17	22	-1196
17	23	-3060
17	24	3324
17	25	-7012
17	26	-6100
17	27	1956
17	28	8532
17	29	-284
17	30	-2300
17	31	-3172
17	32	-1084
17	33	-7124
17	34	-6100
17	35	1084
17	36	-1692
17	37	9292
18	19	3668
18	20	10356
18	21	-588
18	22	7884
18	23	-3628
18	24	-10012
18	25	324
18	26	10964
18	27	2908
18	28	-7620
18	29	-4580
18	30	7164
18	31	4084
18	32	172
18	33	-3516
18	34	5188
18	35	5604
18	36	6556
18	37	-2604
19	20	7732
19	21	7124
19	22	2908
19	23	4388
19	24	-780
19	25	-5340
19	26	-4428
19	27	-2148
19	28	-10468
19	29	3820
19	30	-12180
19	31	-4844
19	32	6364
19	33	-3020
19	34	1348
19	35	5188
19	36	-11572
19	37	7620
20	21	6212
20	22	3820
20	23	-2300
20	24	-19020
20	25	-6252
20	26	6212
20	27	-14612
20	28	-3780
20	29	-6820
20	30	4236
20	31	1844
20	32	-324
20	33	-2108
20	34	11988
20	35	6100
20	36	-6708
20	37	8532
21	22	-7124
21	23	-2908
21	24	-2300
21	25	4692
21	26	5604
21	27	-9444
21	28	2604
21	29	-6212
21	30	-2148
21	31	-3324
21	32	4844
21	33	-7276
21	34	-172
21	35	-4844
21	36	-18868
21	37	9140
22	23	7164
22	24	780
22	25	-6212
22	26	-12900
22	27	2148
22	28	-1084
22	29	-3820
22	30	628
22	31	4844
22	32	-588
22	33	3020
22	34	4428
22	35	588
22	36	5796
22	37	-13396
23	24	6516
23	25	-3820
23	26	-2908
23	27	10924
23	28	5340
23	29	8076
23	30	-10660
23	31	5188
23	32	2108
23	33	7012
23	34	2868
23	35	3668
23	36	1500
23	37	324
24	25	-3212
24	26	-8076
24	27	17308
24	28	-1044
24	29	1692
24	30	-4276
24	31	4580
24	32	-3060
24	33	628
24	34	-2300
24	35	-8492
24	36	7884
24	37	-284
25	26	4692
25	27	1196
25	28	-2260
25	29	6252
25	30	-3060
25	31	3364
25	32	-1844
25	33	-588
25	34	-6860
25	35	-9708
25	36	-8228
25	37	-1500
26	27	2108
26	28	2604
26	29	-436
26	30	9404
26	31	8228
26	32	4844
26	33	-1500
26	34	-172
26	35	6708
26	36	-1540
26	37	3364
27	28	324
27	29	-2716
27	30	5908
27	31	172
27	32	-10204
27	33	1996
27	34	-3668
27	35	-1348
27	36	6516
27	37	1084
28	29	-1996
28	30	-1196
28	31	-4884
28	32	9140
28	33	-932
28	34	-8948
28	35	13964
28	36	3972
28	37	-20
29	30	-10012
29	31	3932
29	32	11876
29	33	7884
29	34	-6212
29	35	-6100
29	36	932
29	37	-2756
30	31	4428
30	32	-8684
30	33	-5300
30	34	3628
30	35	2908
30	36	2260
30	37	-6212
31	32	3212
31	33	-780
31	34	14004
31	35	2564
31	36	-7732
31	37	-11420
32	33	-12292
32	34	-932
32	35	13244
32	36	-2300
32	37	-1652
33	34	4276
33	35	-5036
33	36	5644
33	37	4084
34	35	6708
34	36	-1540
34	37	9140
35	36	2300
35	37	1652
36	37	-1044
