0	1	7572
0	2	8692
0	3	2252
0	4	124
0	5	-4284
0	6	7020
0	7	-6412
0	8	-8388
0	9	-8484
0	10	1948
0	11	-5900
0	12	-8028
0	13	-8636
0	14	484
0	15	-8940
0	16	-7420
0	17	-1492
0	18	-11524
0	19	-5900
0	20	-3316
0	21	-11124
0	22	-7476
0	23	-9244
0	24	3828
0	25	1700
0	26	-3828
0	27	-5748
0	28	8540
0	29	-17300
0	30	732
0	31	-2404
0	32	-5956
0	33	7476
0	34	-3372
0	35	-3772
0	36	-3220
0	37	-3164
1	2	2100
1	3	-7268
1	4	6412
1	5	-6508
1	6	15324
1	7	-10156
1	8	-8180
1	9	1948
1	10	-1188
1	11	-636
1	12	-4284
1	13	-3676
1	14	4532
1	15	-3372
1	16	884
1	17	6508
1	18	-788
1	19	-636
1	20	-3220
1	21	332
1	22	-3316
1	23	8484
1	24	-4588
1	25	-8236
1	26	4588
1	27	-6564
1	28	13804
1	29	-6564
1	30	11580
1	31	-9908
1	32	12492
1	33	-2460
1	34	-7420
1	35	8788
1	36	-7572
1	37	-3372
2	3	14108
2	4	-16900
2	5	-9756
2	6	-4836
2	7	-332
2	8	3468
2	9	8540
2	10	2252
2	11	-428
2	12	-2556
2	13	2612
2	14	180
2	15	-3468
2	16	-7724
2	17	-7572
2	18	-6052
2	19	-428
2	20	-3620
2	21	732
2	22	4380
2	23	2004
2	24	9300
2	25	1396
2	26	-3524
2	27	-6052
2	28	-3316
2	29	5500
2	30	1036
2	31	-2708
2	32	124
2	33	1396
2	34	8484
2	35	-4076
2	36	8636
2	37	-3468
3	4	-11372
3	5	-6964
3	6	-7324
3	7	6716
3	8	2916
3	9	2404
3	10	-1644
3	11	11372
3	12	1948
3	13	2556
3	14	-788
3	15	2860
3	16	-15988
3	17	-10364
3	18	11220
3	19	-11732
3	20	3012
3	21	5652
3	22	13556
3	23	-2612
3	24	1644
3	25	9548
3	26	-7420
3	27	5444
3	28	-3068
3	29	5444
3	30	-6204
3	31	2100
3	32	-5292
3	33	3772
3	34	-2100
3	35	-2308
3	36	3524
3	37	-8692
4	5	12492
4	6	13652
4	7	-8484
4	8	-6508
4	9	-11276
4	10	484
4	11	-8084
4	12	-180
4	13	-5348
4	14	8636
4	15	6508
4	16	4988
4	17	10612
4	18	3316
4	19	-2308
4	20	6660
4	21	-3772
4	22	-1644
4	23	-4740
4	24	-6260
4	25	-4132
4	26	484
4	27	-8236
4	28	6356
4	29	-8236
4	30	-4076
4	31	-28
4	32	-3164
4	33	-4132
4	34	28
4	35	7116
4	36	-17452
4	37	6508
5	6	9244
5	7	-4076
5	8	-7876
5	9	-4132
5	10	4892
5	11	-6716
5	12	-10364
5	13	-9756
5	14	-1548
5	15	7876
5	16	6356
5	17	-5348
5	18	-1092
5	19	-940
5	20	8028
5	21	12188
5	22	-8788
5	23	2404
5	24	-4892
5	25	3012
5	26	-6660
5	27	4684
5	28	1948
5	29	-1092
5	30	-16996
5	31	12892
5	32	7020
5	33	-14316
5	34	-7116
5	35	8484
5	36	-13044
5	37	2100
6	7	-4436
6	8	-636
6	9	-4684
6	10	-7628
6	11	-7876
6	12	-10004
6	13	-16388
6	14	10060
6	15	-5140
6	16	7932
6	17	-3468
6	18	3828
6	19	3676
6	20	484
6	21	2404
6	22	6052
6	23	332
6	24	-9700
6	25	-276
6	26	-7628
6	27	-1948
6	28	6564
6	29	-1948
6	30	2708
6	31	1396
6	32	7572
6	33	-11828
6	34	-1396
6	35	11580
6	36	-24348
6	37	-5140
7	8	5804
7	9	-484
7	10	-10308
7	11	-3068
7	12	4836
7	13	5444
7	14	-3676
7	15	5748
7	16	4228
7	17	-13252
7	18	2556
7	19	2708
7	20	124
7	21	2764
7	22	4892
7	23	276
7	24	-1244
7	25	884
7	26	1244
7	27	8332
7	28	-180
7	29	8332
7	30	2460
7	31	10764
7	32	-8180
7	33	-4892
7	34	-4988
7	35	-5196
7	36	6412
7	37	-28
8	9	3316
8	10	-2556
8	11	6508
8	12	2860
8	13	9244
8	14	5900
8	15	-2004
8	16	8028
8	17	-9452
8	18	6356
8	19	6508
8	20	15476
8	21	-1036
8	22	12644
8	23	-7476
8	24	-3220
8	25	4684
8	26	-2556
8	27	6356
8	28	-2156
8	29	12132
8	30	10212
8	31	-8540
8	32	-428
8	33	4684
8	34	14316
8	35	-1396
8	36	2612
8	37	3772
9	10	-3676
9	11	17052
9	12	-2404
9	13	14316
9	14	-16996
9	15	-9092
9	16	3980
9	17	-7420
9	18	-5900
9	19	5500
9	20	-3468
9	21	12132
9	22	10004
9	23	13708
9	24	-2100
9	25	7324
9	26	2100
9	27	-124
9	28	-3164
9	29	17204
9	30	12436
9	31	-14108
9	32	17300
9	33	1548
9	34	-3220
9	35	1852
9	36	2708
9	37	-3316
10	11	-484
10	12	7420
10	13	-3524
10	14	-1092
10	15	2556
10	16	6812
10	17	6660
10	18	-636
10	19	-484
10	20	2708
10	21	180
10	22	-15020
10	23	-8692
10	24	7116
10	25	-8084
10	26	-7116
10	27	-636
10	28	-9148
10	29	-6412
10	30	-5900
10	31	-3980
10	32	788
10	33	9244
10	34	-1796
10	35	3164
10	36	3828
10	37	2556
11	12	5956
11	13	11124
11	14	-14412
11	15	-6508
11	16	-4988
11	17	940
11	18	2460
11	19	-9244
11	20	4892
11	21	9548
11	22	13196
11	23	10516
11	24	-5292
11	25	4132
11	26	-484
11	27	8236
11	28	-580
11	29	8236
11	30	9852
11	31	-11524
11	32	8940
11	33	9908
11	34	-5804
11	35	-1340
11	36	5900
11	37	-6508
12	13	8996
12	14	-10764
12	15	2916
12	16	-1340
12	17	4588
12	18	11884
12	19	-11372
12	20	-3012
12	21	-5652
12	22	3772
12	23	2612
12	24	4132
12	25	-9548
12	26	13196
12	27	332
12	28	-2708
12	29	332
12	30	6204
12	31	-7876
12	32	-12036
12	33	13556
12	34	7876
12	35	-3468
12	36	8028
12	37	8692
13	14	-11372
13	15	-3468
13	16	-7724
13	17	-1796
13	18	-276
13	19	-428
13	20	2156
13	21	-5044
13	22	4380
13	23	13556
13	24	-2252
13	25	-4380
13	26	13804
13	27	11276
13	28	2460
13	29	5500
13	30	6812
13	31	-14260
13	32	124
13	33	1396
13	34	2708
13	35	1700
13	36	20188
13	37	2308
14	15	5652
14	16	1396
14	17	7324
14	18	8844
14	19	8692
14	20	-276
14	21	-8388
14	22	1036
14	23	-11980
14	24	1092
14	25	-6812
14	26	-6868
14	27	-2708
14	28	28
14	29	-2708
14	30	-8084
14	31	6412
14	32	-8996
14	33	-12588
14	34	10916
14	35	-732
14	36	-6260
14	37	-5900
15	16	3524
15	17	3676
15	18	-580
15	19	-6508
15	20	1852
15	21	1036
15	22	-1092
15	23	-4076
15	24	8996
15	25	-10460
15	26	8332
15	27	-6356
15	28	7932
15	29	5196
15	30	-10212
15	31	20092
15	32	-11124
15	33	-4684
15	34	8788
15	35	-4380
15	36	-2612
15	37	-3772
16	17	5196
16	18	-4836
16	19	6564
16	20	3372
16	21	11068
16	22	-2612
16	23	-8332
16	24	4740
16	25	-3164
16	26	-4740
16	27	-4836
16	28	-2100
16	29	12492
16	30	5596
16	31	-1492
16	32	10460
16	33	-3164
16	34	1492
16	35	-2860
16	36	-9908
16	37	3524
17	18	-4684
17	19	-10612
17	20	-2252
17	21	-6412
17	22	-2764
17	23	3372
17	24	4892
17	25	-14564
17	26	884
17	27	-4684
17	28	-7724
17	29	-4684
17	30	-6108
17	31	-1340
17	32	-1244
17	33	2764
17	34	7116
17	35	-8484
17	36	1492
17	37	-7876
18	19	-3316
18	20	5044
18	21	3620
18	22	7268
18	23	-6660
18	24	-5140
18	25	-1492
18	26	-636
18	27	8388
18	28	-428
18	29	2612
18	30	-1852
18	31	-5596
18	32	-2764
18	33	-1492
18	34	-180
18	35	4588
18	36	-5804
18	37	-580
19	20	-6660
19	21	-7780
19	22	-4132
19	23	-6812
19	24	-5292
19	25	4132
19	26	-484
19	27	-3316
19	28	-6356
19	29	2460
19	30	9852
19	31	28
19	32	3164
19	33	-7420
19	34	-28
19	35	10212
19	36	124
19	37	5044
20	21	6964
20	22	-940
20	23	-4228
20	24	-8484
20	25	6716
20	26	-8844
20	27	5044
20	28	2004
20	29	-732
20	30	1492
20	31	-3164
20	32	6356
20	33	940
20	34	-8388
20	35	-4532
20	36	-8236
20	37	1852
21	22	3828
21	23	7116
21	24	-180
21	25	7724
21	26	-11372
21	27	3620
21	28	884
21	29	15172
21	30	-4380
21	31	276
21	32	19636
21	33	-3828
21	34	-11828
21	35	1644
21	36	-6204
21	37	1036
22	23	4988
22	24	3468
22	25	5596
22	26	-3468
22	27	7268
22	28	-1244
22	29	13044
22	30	3524
22	31	-1852
22	32	-1340
22	33	-180
22	34	13404
22	35	-484
22	36	-4076
22	37	-12644
23	24	-8636
23	25	-4988
23	26	8636
23	27	10668
23	28	1852
23	29	4892
23	30	1644
23	31	-3316
23	32	12284
23	33	-10764
23	34	-8236
23	35	6868
23	36	9244
23	37	-4076
24	25	-9244
24	26	7116
24	27	-5140
24	28	3372
24	29	6412
24	30	-5652
24	31	3980
24	32	-6564
24	33	2308
24	34	13348
24	35	-8940
24	36	7724
24	37	-2556
25	26	-13860
25	27	-1492
25	28	-4532
25	29	-1492
25	30	2252
25	31	-3924
25	32	7116
25	33	5956
25	34	-7628
25	35	484
25	36	-7476
25	37	6868
26	27	-6412
26	28	13956
26	29	5140
26	30	11428
26	31	-3980
26	32	-4988
26	33	-2308
26	34	3980
26	35	3164
26	36	9604
26	37	8332
27	28	-428
27	29	-3164
27	30	-7628
27	31	180
27	32	3012
27	33	-7268
27	34	-5956
27	35	4588
27	36	11524
27	37	-12132
28	29	-6204
28	30	6964
28	31	-2860
28	32	276
28	33	-4532
28	34	-2916
28	35	1548
28	36	-2764
28	37	2156
29	30	3924
29	31	180
29	32	8788
29	33	-7268
29	34	5596
29	35	-1188
29	36	-28
29	37	-580
30	31	-16748
30	32	7780
30	33	8028
30	34	-6356
30	35	1948
30	36	-732
30	37	7116
31	32	-11884
31	33	-9700
31	34	2252
31	35	-3620
31	36	-3372
31	37	-8788
32	33	-4436
32	34	-16996
32	35	12588
32	36	-5596
32	37	428
33	34	3924
33	35	-5292
33	36	4076
33	37	6868
34	35	-7932
34	36	3372
34	37	-2764
35	36	-2004
35	37	7172
36	37	3164
