0	1	-636
0	2	-5596
0	3	-2404
0	4	-1092
0	5	11124
0	6	-3924
0	7	-4228
0	8	940
0	9	4836
0	10	-2004
0	11	2308
0	12	8692
0	13	1244
0	14	2156
0	15	732
0	16	4380
0	17	-10764
0	18	4076
0	19	12948
0	20	2708
0	21	-10972
0	22	3676
0	23	11124
0	24	5748
0	25	3676
0	26	3620
0	27	6052
0	28	-5348
0	29	-10972
0	30	-4836
0	31	7476
0	32	484
0	33	2156
0	34	1244
0	35	-2404
0	36	5956
0	37	-7724
1	2	15684
1	3	7324
1	4	732
1	5	-2252
1	6	-11524
1	7	5500
1	8	10668
1	9	-10668
1	10	-11732
1	11	6260
1	12	6868
1	13	-12132
1	14	-11220
1	15	2556
1	16	428
1	17	4740
1	18	124
1	19	-6204
1	20	-12796
1	21	-3372
1	22	-3924
1	23	-8028
1	24	-3980
1	25	1852
1	26	-6108
1	27	2100
1	28	-3524
1	29	-3372
1	30	10668
1	31	-124
1	32	4436
1	33	-5444
1	34	-580
1	35	-4228
1	36	-13196
1	37	-9548
2	3	4684
2	4	10364
2	5	8484
2	6	6204
2	7	732
2	8	1340
2	9	-7116
2	10	-276
2	11	17300
2	12	-636
2	13	-10516
2	14	124
2	15	2764
2	16	-884
2	17	1492
2	18	-580
2	19	-10668
2	20	-22316
2	21	8692
2	22	-1396
2	23	-3068
2	24	-2252
2	25	-7172
2	26	-5900
2	27	8996
2	28	3068
2	29	2916
2	30	12892
2	31	-5196
2	32	-9756
2	33	-11428
2	34	-4740
2	35	-1092
2	36	-15228
2	37	4228
3	4	13556
3	5	-484
3	6	3012
3	7	9092
3	8	3924
3	9	-3924
3	10	8692
3	11	2556
3	12	-3828
3	13	3620
3	14	14260
3	15	5956
3	16	-3468
3	17	-1700
3	18	8388
3	19	3468
3	20	-7572
3	21	332
3	22	-16140
3	23	-484
3	24	6716
3	25	-10364
3	26	8844
3	27	6412
3	28	-11068
3	29	332
3	30	-1852
3	31	-2612
3	32	4380
3	33	-3068
3	34	-2156
3	35	7268
3	36	-1092
3	37	-4740
4	5	9756
4	6	17812
4	7	11732
4	8	-428
4	9	6204
4	10	5140
4	11	-4836
4	12	-15780
4	13	5652
4	14	6564
4	15	2100
4	16	5748
4	17	-580
4	18	-332
4	19	5804
4	20	-13252
4	21	-3828
4	22	-3468
4	23	-1796
4	24	-4436
4	25	-3468
4	26	-788
4	27	7420
4	28	-9756
4	29	7724
4	30	-428
4	31	-11220
4	32	-884
4	33	-10764
4	34	-124
4	35	2004
4	36	4588
4	37	2460
5	6	1036
5	7	7116
5	8	-3828
5	9	-1948
5	10	4892
5	11	580
5	12	-28
5	13	-4132
5	14	6508
5	15	-9396
5	16	10060
5	17	-9452
5	18	-1188
5	19	7268
5	20	-5596
5	21	2308
5	22	-788
5	23	9092
5	24	2916
5	25	-788
5	26	-6508
5	27	14164
5	28	2460
5	29	2308
5	30	7724
5	31	1188
5	32	-14924
5	33	-10820
5	34	-4132
5	35	-6260
5	36	-3068
5	37	10612
6	7	-940
6	8	-11884
6	9	332
6	10	-4380
6	11	-1700
6	12	-13860
6	13	5140
6	14	4228
6	15	-7116
6	16	-4988
6	17	5596
6	18	-4684
6	19	-788
6	20	-3316
6	21	4588
6	22	2708
6	23	-4740
6	24	-6356
6	25	-8844
6	26	7324
6	27	-884
6	28	4740
6	29	4588
6	30	-6108
6	31	-1092
6	32	-5652
6	33	-1548
6	34	-636
6	35	-2764
6	36	-5348
6	37	-3220
7	8	5748
7	9	28
7	10	6868
7	11	-1396
7	12	-2004
7	13	5444
7	14	4532
7	15	4132
7	16	484
7	17	5900
7	18	788
7	19	-484
7	20	-3620
7	21	4284
7	22	-14316
7	23	1340
7	24	4892
7	25	3012
7	26	1244
7	27	4588
7	28	-7116
7	29	10060
7	30	-28
7	31	-6564
7	32	428
7	33	-1244
7	34	-11884
7	35	-2460
7	36	6508
7	37	2860
8	9	-580
8	10	6260
8	11	-788
8	12	4380
8	13	276
8	14	-12188
8	15	-2252
8	16	-124
8	17	12284
8	18	180
8	19	-5652
8	20	1548
8	21	-2100
8	22	-13708
8	23	-3828
8	24	-7268
8	25	-2156
8	26	-5140
8	27	3980
8	28	-1948
8	29	9452
8	30	-10972
8	31	-11732
8	32	6812
8	33	5140
8	34	6052
8	35	3924
8	36	1340
8	37	9244
9	10	11068
9	11	-4988
9	12	-4380
9	13	5500
9	14	6412
9	15	13804
9	16	124
9	17	-732
9	18	-180
9	19	11428
9	20	-1548
9	21	-3676
9	22	2156
9	23	-1948
9	24	1492
9	25	7932
9	26	5140
9	27	-9756
9	28	-3828
9	29	-3676
9	30	-580
9	31	180
9	32	4740
9	33	6412
9	34	-6052
9	35	1852
9	36	15988
9	37	8084
10	11	1852
10	12	2460
10	13	788
10	14	7476
10	15	6964
10	16	-6716
10	17	332
10	18	4532
10	19	-4836
10	20	-8388
10	21	1036
10	22	-14108
10	23	4892
10	24	428
10	25	-2556
10	26	-1700
10	27	6508
10	28	-4892
10	29	6812
10	30	-5292
10	31	1244
10	32	28
10	33	1700
10	34	788
10	35	2916
10	36	5500
10	37	14924
11	12	3012
11	13	4684
11	14	3772
11	15	4892
11	16	-16084
11	17	-6412
11	18	-4228
11	19	-12796
11	20	-14412
11	21	10820
11	22	2252
11	23	580
11	24	5652
11	25	-9300
11	26	2004
11	27	11124
11	28	5196
11	29	-732
11	30	4988
11	31	-1548
11	32	-11884
11	33	-7780
11	34	-6868
11	35	2556
11	36	-11580
11	37	2100
12	13	-7476
12	14	-2612
12	15	5500
12	16	7628
12	17	-1244
12	18	13708
12	19	-7628
12	20	3524
12	21	-5900
12	22	-4132
12	23	-28
12	24	484
12	25	7420
12	26	-8940
12	27	180
12	28	28
12	29	-5900
12	30	4380
12	31	15172
12	32	4836
12	33	-2612
12	34	-1700
12	35	-3828
12	36	-636
12	37	-10060
13	14	-940
13	15	3828
13	16	-5596
13	17	428
13	18	-5292
13	19	5596
13	20	7628
13	21	-1796
13	22	3316
13	23	-4132
13	24	10364
13	25	-8236
13	26	6716
13	27	4284
13	28	-1644
13	29	-1796
13	30	-11276
13	31	-6260
13	32	732
13	33	-6716
13	34	-28
13	35	3620
13	36	6812
13	37	3164
14	15	10516
14	16	1092
14	17	-12036
14	18	7172
14	19	10460
14	20	-3012
14	21	4892
14	22	-3372
14	23	6508
14	24	17052
14	25	-3372
14	26	13404
14	27	5196
14	28	-6508
14	29	-6660
14	30	5140
14	31	-1396
14	32	-180
14	33	-1852
14	34	-6716
14	35	2708
14	36	11676
14	37	-3524
15	16	1796
15	17	-8180
15	18	7268
15	19	3980
15	20	-11428
15	21	-2004
15	22	484
15	23	-3620
15	24	8940
15	25	12036
15	26	6812
15	27	-8084
15	28	-7932
15	29	-13556
15	30	3524
15	31	4284
15	32	8844
15	33	-1036
15	34	-13500
15	35	11732
15	36	8540
15	37	-5140
16	17	-276
16	18	5140
16	19	6108
16	20	9548
16	21	-4132
16	22	-3164
16	23	4284
16	24	1036
16	25	14164
16	26	-6868
16	27	-4436
16	28	-4284
16	29	-4132
16	30	5652
16	31	6412
16	32	5196
16	33	-4684
16	34	-5596
16	35	8084
16	36	10668
16	37	-3012
17	18	28
17	19	-11276
17	20	7172
17	21	3524
17	22	-7780
17	23	-9452
17	24	-1644
17	25	-2004
17	26	6260
17	27	-7724
17	28	3676
17	29	9300
17	30	-5044
17	31	-5804
17	32	6964
17	33	11068
17	34	428
17	35	-1700
17	36	1492
17	37	3620
18	19	636
18	20	3468
18	21	1340
18	22	2916
18	23	4588
18	24	6508
18	25	2916
18	26	-1396
18	27	-4740
18	28	-10364
18	29	1340
18	30	11732
18	31	940
18	32	5500
18	33	1396
18	34	484
18	35	2612
18	36	10972
18	37	-8484
19	20	2004
19	21	-13196
19	22	3164
19	23	7268
19	24	10516
19	25	-2612
19	26	6868
19	27	-1340
19	28	-7268
19	29	-13196
19	30	-5652
19	31	-6412
19	32	6356
19	33	-1092
19	34	-180
19	35	-8084
19	36	12436
19	37	-2764
20	21	-28
20	22	-1492
20	23	180
20	24	5140
20	25	4284
20	26	3012
20	27	-11884
20	28	-180
20	29	-28
20	30	-4228
20	31	2308
20	32	6868
20	33	14316
20	34	1852
20	35	3980
20	36	12340
20	37	-7116
21	22	-5140
21	23	8084
21	24	-2764
21	25	636
21	26	-4892
21	27	-2460
21	28	15020
21	29	3620
21	30	3676
21	31	4436
21	32	-14108
21	33	-884
21	34	-7572
21	35	6108
21	36	-2860
21	37	6564
22	23	-6564
22	24	1244
22	25	884
22	26	3372
22	27	940
22	28	788
22	29	-5140
22	30	9396
22	31	-2916
22	32	-1700
22	33	-9148
22	34	9092
22	35	-4588
22	36	-1396
22	37	732
23	24	2916
23	25	4988
23	26	-6508
23	27	8388
23	28	8236
23	29	2308
23	30	-3828
23	31	6964
23	32	-14924
23	33	732
23	34	1644
23	35	-484
23	36	8484
23	37	4836
24	25	-4532
24	26	17604
24	27	2708
24	28	-8692
24	29	-8540
24	30	10060
24	31	-6508
24	32	3828
24	33	5500
24	34	-6964
24	35	940
24	36	9300
24	37	-4380
25	26	-2404
25	27	-16388
25	28	6564
25	29	-5140
25	30	3620
25	31	14412
25	32	-1700
25	33	8180
25	34	-14012
25	35	12740
25	36	10156
25	37	-5044
26	27	-5196
26	28	-5044
26	29	-4892
26	30	-5140
26	31	-4380
26	32	5956
26	33	13404
26	34	-10612
26	35	8844
26	36	5652
26	37	-2252
27	28	-2612
27	29	9092
27	30	-1796
27	31	-6812
27	32	-8028
27	33	-17908
27	34	15836
27	35	-10916
27	36	-8332
27	37	12644
28	29	-2308
28	30	-7724
28	31	10364
28	32	-19732
28	33	-732
28	34	-1644
28	35	484
28	36	-8484
28	37	6716
29	30	3676
29	31	-12892
29	32	-8332
29	33	4892
29	34	3980
29	35	332
29	36	-2860
29	37	18116
30	31	-180
30	32	-4740
30	33	-636
30	34	-5500
30	35	-1852
30	36	-4436
30	37	-2308
31	32	-5500
31	33	-1396
31	34	-6260
31	35	3164
31	36	-5196
31	37	-8844
32	33	5596
32	34	6508
32	35	-1396
32	36	7572
32	37	-13404
33	34	-6716
33	35	8484
33	36	5900
33	37	-3524
34	35	-13708
34	36	-4740
34	37	3164
35	36	4684
35	37	1036
36	37	-1548
