0	1	-5460
0	2	-3356
0	3	-6700
0	4	6396
0	5	2876
0	6	-596
0	7	-9260
0	8	-1228
0	9	-14276
0	10	7612
0	11	4572
0	12	-3636
0	13	1836
0	14	-7132
0	15	-9564
0	16	-9260
0	17	11260
0	18	-7612
0	19	1812
0	20	-4396
0	21	3180
0	22	1660
0	23	-7916
0	24	7284
0	25	7460
0	26	2748
0	27	-8068
0	28	10628
0	29	-1356
0	30	8804
0	31	8980
0	32	6852
0	33	-2268
0	34	11996
0	35	468
0	36	6828
0	37	596
1	2	8804
1	3	11236
1	4	-5764
1	5	3484
1	6	-1204
1	7	7460
1	8	-620
1	9	2444
1	10	-10324
1	11	-1812
1	12	-4244
1	13	-4548
1	14	9588
1	15	-4396
1	16	7460
1	17	-900
1	18	-7004
1	19	-9132
1	20	-16556
1	21	3788
1	22	-9284
1	23	10020
1	24	7892
1	25	6852
1	26	7916
1	27	4092
1	28	-6092
1	29	3812
1	30	-7916
1	31	-14732
1	32	-5308
1	33	2900
1	34	1052
1	35	-140
1	36	-4116
1	37	1204
2	3	9132
2	4	2724
2	5	5332
2	6	9716
2	7	1052
2	8	3660
2	9	11844
2	10	-10044
2	11	16100
2	12	-10348
2	13	-4268
2	14	4700
2	15	-4420
2	16	-4724
2	17	3636
2	18	-1508
2	19	620
2	20	-3812
2	21	-748
2	22	-5004
2	23	-12756
2	24	924
2	25	1660
2	26	6372
2	27	-1052
2	28	-8196
2	29	-6852
2	30	-596
2	31	-11412
2	32	-3508
2	33	-164
2	34	-3788
2	35	-8676
2	36	-10172
2	37	-9716
3	4	-6396
3	5	8676
3	6	6372
3	7	-2292
3	8	-10324
3	9	2724
3	10	-7612
3	11	12756
3	12	3636
3	13	3940
3	14	7132
3	15	-13540
3	16	-2292
3	17	292
3	18	-3940
3	19	3964
3	20	4396
3	21	-3180
3	22	4116
3	23	-3636
3	24	10044
3	25	15644
3	26	8804
3	27	8068
3	28	-4852
3	29	1356
3	30	-3028
3	31	-14756
3	32	-1076
3	33	2268
3	34	-444
3	35	11084
3	36	-12604
3	37	-596
4	5	-8372
4	6	-900
4	7	1988
4	8	-924
4	9	2748
4	10	7308
4	11	4268
4	12	1836
4	13	1532
4	14	-1660
4	15	-4092
4	16	-9564
4	17	10956
4	18	10020
4	19	13668
4	20	6852
4	21	3484
4	22	7740
4	23	3940
4	24	7588
4	25	-10172
4	26	2444
4	27	-1988
4	28	5156
4	29	-1660
4	30	14884
4	31	-8652
4	32	12324
4	33	-2572
4	34	-10804
4	35	-5612
4	36	1356
4	37	-4876
5	6	4396
5	7	-4268
5	8	-8348
5	9	748
5	10	-3812
5	11	5004
5	12	1660
5	13	-9588
5	14	-620
5	15	-3964
5	16	7284
5	17	-1684
5	18	-7740
5	19	164
5	20	-3356
5	21	-1204
5	22	-5460
5	23	-13212
5	24	468
5	25	7892
5	26	6828
5	27	-7284
5	28	2900
5	29	-620
5	30	-6828
5	31	596
5	32	-8828
5	33	6068
5	34	1532
5	35	-2444
5	36	-4852
5	37	1380
6	7	-5004
6	8	6068
6	9	13084
6	10	316
6	11	20380
6	12	-5156
6	13	-17012
6	14	2900
6	15	-5308
6	16	-10780
6	17	-1812
6	18	-316
6	19	9108
6	20	-5916
6	21	-6852
6	22	-8372
6	23	-12172
6	24	3028
6	25	164
6	26	12780
6	27	-772
6	28	596
6	29	2900
6	30	-1228
6	31	-9868
6	32	-444
6	33	-9564
6	34	-9588
6	35	-1052
6	36	8348
6	37	2116
7	8	3180
7	9	10196
7	10	3204
7	11	-5612
7	12	-8044
7	13	-2572
7	14	11564
7	15	-2420
7	16	9436
7	17	-4700
7	18	14124
7	19	-5332
7	20	-3028
7	21	-3964
7	22	-5484
7	23	8044
7	24	140
7	25	3052
7	26	-7436
7	27	2116
7	28	-13844
7	29	-5764
7	30	7436
7	31	-12756
7	32	-9108
7	33	-900
7	34	-924
7	35	-3940
7	36	-316
7	37	-772
8	9	13972
8	10	3636
8	11	900
8	12	3332
8	13	3636
8	14	-4724
8	15	9260
8	16	-2596
8	17	5764
8	18	7916
8	19	-13060
8	20	-7460
8	21	-2876
8	22	-12908
8	23	2444
8	24	-1204
8	25	-7764
8	26	-3052
8	27	-3180
8	28	-4548
8	29	-4724
8	30	-8500
8	31	-3508
8	32	-7156
8	33	-3812
8	34	-140
8	35	-772
8	36	16580
8	37	5484
9	10	-1812
9	11	12476
9	12	-1508
9	13	-1812
9	14	772
9	15	4116
9	16	-1356
9	17	-3940
9	18	13364
9	19	-316
9	20	-2268
9	21	1052
9	22	-12020
9	23	1508
9	24	-620
9	25	-7740
9	26	-900
9	27	-4420
9	28	-8828
9	29	-5004
9	30	-10652
9	31	-17772
9	32	-8348
9	33	-5916
9	34	-13236
9	35	-3180
9	36	4700
9	37	4244
10	11	-292
10	12	3052
10	13	-3028
10	14	-11996
10	15	8676
10	16	8980
10	17	620
10	18	8804
10	19	-4876
10	20	2292
10	21	-3508
10	22	-5028
10	23	8500
10	24	-10956
10	25	-3180
10	26	-13668
10	27	2572
10	28	3940
10	29	-444
10	30	19444
10	31	-1660
10	32	1988
10	33	-12908
10	34	5308
10	35	7156
10	36	11692
10	37	5460
11	12	-11540
11	13	-6068
11	14	2292
11	15	-11692
11	16	-11388
11	17	3356
11	18	292
11	19	9716
11	20	-748
11	21	-6244
11	22	-1988
11	23	-11564
11	24	-2140
11	25	5332
11	26	6396
11	27	-164
11	28	1204
11	29	-3484
11	30	-620
11	31	-10476
11	32	4724
11	33	-4396
11	34	-3204
11	35	-1660
11	36	3180
11	37	2724
12	13	3052
12	14	-5916
12	15	8980
12	16	-8044
12	17	-4852
12	18	8500
12	19	-5180
12	20	8372
12	21	1964
12	22	444
12	23	2420
12	24	6068
12	25	-2876
12	26	9740
12	27	-3508
12	28	3636
12	29	-140
12	30	-3964
12	31	4420
12	32	2292
12	33	-6828
12	34	-6548
12	35	7460
12	36	5612
12	37	10932
13	14	-6220
13	15	2900
13	16	-2572
13	17	6396
13	18	3028
13	19	900
13	20	8068
13	21	2268
13	22	12300
13	23	8500
13	24	6372
13	25	2596
13	26	-2116
13	27	2572
13	28	-1836
13	29	-444
13	30	-3660
13	31	4116
13	32	1988
13	33	4420
13	34	-468
13	35	1380
13	36	140
13	37	-316
14	15	-11844
14	16	12
14	17	3204
14	18	444
14	19	4092
14	20	-6676
14	21	-6092
14	22	3940
14	23	140
14	24	9564
14	25	5180
14	26	6244
14	27	5764
14	28	-4420
14	29	2140
14	30	-6244
14	31	-4852
14	32	-1204
14	33	7004
14	34	-3052
14	35	-7588
14	36	-2444
14	37	8652
15	16	3356
15	17	-10780
15	18	8652
15	19	-10804
15	20	8220
15	21	13668
15	22	-10956
15	23	14124
15	24	-16884
15	25	-8804
15	26	-1964
15	27	2420
15	28	9564
15	29	-292
15	30	-3812
15	31	10044
15	32	-3636
15	33	-6980
15	34	-620
15	35	7308
15	36	11540
15	37	5308
16	17	-4700
16	18	-3204
16	19	-11108
16	20	-3028
16	21	-3964
16	22	-5484
16	23	8044
16	24	-11412
16	25	-2724
16	26	-18988
16	27	7892
16	28	-2292
16	29	12
16	30	1660
16	31	-1204
16	32	-14884
16	33	10652
16	34	4852
16	35	1836
16	36	-6092
16	37	-772
17	18	-6396
17	19	3028
17	20	-5612
17	21	-1380
17	22	8652
17	23	-924
17	24	14276
17	25	-5308
17	26	-4244
17	27	-1076
17	28	292
17	29	3204
17	30	4244
17	31	-3788
17	32	5636
17	33	2292
17	34	1660
17	35	-748
17	36	-3508
17	37	-3964
18	19	4876
18	20	9260
18	21	-2268
18	22	-748
18	23	8828
18	24	-6372
18	25	-2596
18	26	2116
18	27	8980
18	28	-3940
18	29	444
18	30	3660
18	31	-4116
18	32	3788
18	33	-10196
18	34	-11084
18	35	-1380
18	36	5636
18	37	6092
19	20	1356
19	21	-140
19	22	18708
19	23	-596
19	24	1532
19	25	6828
19	26	5764
19	27	11108
19	28	-1812
19	29	15644
19	30	12
19	31	-468
19	32	18988
19	33	5004
19	34	-14732
19	35	-9284
19	36	-3788
19	37	-3332
20	21	2724
20	22	1204
20	23	-2596
20	24	1052
20	25	-9412
20	26	3204
20	27	3028
20	28	10172
20	29	-12452
20	30	8348
20	31	9436
20	32	-4244
20	33	-1812
20	34	-5788
20	35	6700
20	36	-5180
20	37	-5636
21	22	-5764
21	23	3812
21	24	164
21	25	2420
21	26	1356
21	27	-7588
21	28	14148
21	29	-316
21	30	-7132
21	31	900
21	32	8804
21	33	596
21	34	7004
21	35	9412
21	36	620
21	37	-4700
22	23	-444
22	24	1684
22	25	6676
22	26	-164
22	27	5484
22	28	4116
22	29	15492
22	30	5940
22	31	-620
22	32	18836
22	33	10628
22	34	-8804
22	35	2116
22	36	-9412
22	37	2596
23	24	-6068
23	25	-2900
23	26	-9740
23	27	15060
23	28	-3636
23	29	11692
23	30	-1812
23	31	-4420
23	32	3484
23	33	1052
23	34	772
23	35	4092
23	36	5940
23	37	6396
24	25	-5028
24	26	17012
24	27	-5916
24	28	-1508
24	29	-1988
24	30	316
24	31	-6548
24	32	-4420
24	33	-1076
24	34	-8652
24	35	-3812
24	36	-3484
24	37	-3028
25	26	3508
25	27	2724
25	28	-1684
25	29	5180
25	30	-3508
25	31	-1812
25	32	7612
25	33	4268
25	34	11236
25	35	7004
25	36	292
25	37	5612
26	27	-4116
26	28	8804
26	29	468
26	30	-4572
26	31	-748
26	32	2900
26	33	-6220
26	34	-12932
26	35	-3484
26	36	5004
26	37	4548
27	28	-9260
27	29	17316
27	30	-1660
27	31	1204
27	32	3332
27	33	6676
27	34	-4852
27	35	-1836
27	36	-5460
27	37	772
28	29	-4420
28	30	2748
28	31	8348
28	32	4700
28	33	2268
28	34	-444
28	35	16860
28	36	10500
28	37	10956
29	30	-6244
29	31	-4852
29	32	16124
29	33	7004
29	34	-3052
29	35	-1812
29	36	-2444
29	37	2876
30	31	-5028
30	32	2876
30	33	-11108
30	34	1380
30	35	3484
30	36	-5004
30	37	-10324
31	32	-2420
31	33	12
31	34	3940
31	35	-3028
31	36	4548
31	37	4092
32	33	-2116
32	34	292
32	35	620
32	36	900
32	37	444
33	34	3636
33	35	-2724
33	36	-7308
33	37	-1988
34	35	6676
34	36	-2420
34	37	-7740
35	36	1508
35	37	6828
36	37	20532
