0	1	852
0	2	-828
0	3	-532
0	4	1252
0	5	1092
0	6	2748
0	7	-588
0	8	-1892
0	9	-348
0	10	-2292
0	11	748
0	12	-612
0	13	-132
0	14	2612
0	15	-692
0	16	-2748
0	17	428
0	18	-132
0	19	-188
1	2	-292
1	3	-1548
1	4	-772
1	5	988
1	6	-28
1	7	-532
1	8	1412
1	9	-2372
1	10	-2988
1	11	1972
1	12	1732
1	13	1252
1	14	1068
1	15	212
1	16	28
1	17	692
1	18	-1948
1	19	-932
2	3	-28
2	4	-2292
2	5	2668
2	6	-108
2	7	-452
2	8	1332
2	9	-692
2	10	132
2	11	-2908
2	12	3252
2	13	-428
2	14	-452
2	15	132
2	16	108
2	17	612
2	18	1172
2	19	-852
3	4	452
3	5	-1308
3	6	348
3	7	1812
3	8	508
3	9	2052
3	10	1708
3	11	-1652
3	12	-1412
3	13	-932
3	14	-2988
3	15	-3092
3	16	-348
3	17	-1972
3	18	-932
3	19	-988
4	5	-1012
4	6	1972
4	7	-932
4	8	212
4	9	2028
4	10	612
4	11	2372
4	12	-2668
4	13	-1548
4	14	668
4	15	-988
4	16	-1972
4	17	1092
4	18	52
4	19	1868
5	6	212
5	7	-772
5	8	1652
5	9	-1012
5	10	-1148
5	11	-988
5	12	3572
5	13	1492
5	14	2428
5	15	452
5	16	-212
5	17	2532
5	18	-108
5	19	-1172
6	7	132
6	8	-1012
6	9	372
6	10	-1412
6	11	28
6	12	-1332
6	13	-852
6	14	1732
6	15	-1412
6	16	-3628
6	17	-292
6	18	748
6	19	532
7	8	1572
7	9	668
7	10	372
7	11	-1068
7	12	-1308
7	13	1412
7	14	-692
7	15	372
7	16	-132
7	17	-2348
7	18	1412
7	19	508
8	9	-1388
8	10	348
8	11	188
8	12	2028
8	13	908
8	14	-28
8	15	348
8	16	1012
8	17	-132
8	18	-692
8	19	372
9	10	2212
9	11	-828
9	12	-2668
9	13	52
9	14	-2532
9	15	-988
9	16	-372
9	17	1092
9	18	1652
9	19	268
10	11	-212
10	12	-1572
10	13	508
10	14	-1228
10	15	-52
10	16	1412
10	17	-532
10	18	508
10	19	2372
11	12	-1732
11	13	348
11	14	2132
11	15	1388
11	16	-28
11	17	908
11	18	-1252
11	19	2532
12	13	588
12	14	292
12	15	28
12	16	1332
12	17	1148
12	18	-1012
12	19	-2508
13	14	1412
13	15	508
13	16	852
13	17	28
13	18	-532
13	19	212
14	15	1972
14	16	-1732
14	17	852
14	18	-188
14	19	2108
15	16	1412
15	17	1068
15	18	2108
15	19	2372
16	17	292
16	18	-748
16	19	-532
17	18	28
17	19	-348
18	19	1812
