0	1	196
0	2	-364
0	3	-924
0	4	-1244
0	5	-2356
0	6	-684
0	7	-1716
0	8	-2356
0	9	2284
0	10	-204
0	11	924
0	12	684
0	13	1316
0	14	36
0	15	196
0	16	2436
0	17	356
0	18	-996
0	19	-356
1	2	-36
1	3	2124
1	4	844
1	5	1156
1	6	-1316
1	7	516
1	8	-444
1	9	-284
1	10	1404
1	11	1076
1	12	1316
1	13	-116
1	14	1164
1	15	-2196
1	16	-1236
1	17	-756
1	18	-204
1	19	756
2	3	1084
2	4	-1796
2	5	596
2	6	844
2	7	-44
2	8	2196
2	9	-844
2	10	364
2	11	516
2	12	756
2	13	-1156
2	14	-1476
2	15	-36
2	16	924
2	17	-1796
2	18	-764
2	19	196
3	4	-1236
3	5	1636
3	6	-196
3	7	2596
3	8	1636
3	9	-1404
3	10	924
3	11	-44
3	12	1796
3	13	-596
3	14	-916
3	15	-1076
3	16	-116
3	17	364
3	18	-1324
3	19	1236
4	5	1316
4	6	-1476
4	7	-924
4	8	-284
4	9	1476
4	10	-356
4	11	-364
4	12	-124
4	13	-276
4	14	1004
4	15	844
4	16	-1396
4	17	684
4	18	1556
4	19	-684
5	6	1876
5	7	2124
5	8	1484
5	9	1324
5	10	756
5	11	-36
5	12	-276
5	13	676
5	14	996
5	15	-444
5	16	-3004
5	17	1316
5	18	-356
5	19	284
6	7	1236
6	8	-1324
6	9	-1164
6	10	684
6	11	1796
6	12	436
6	13	764
6	14	444
6	15	-1316
6	16	-1956
6	17	124
6	18	516
6	19	-124
7	8	2124
7	9	-1236
7	10	1716
7	11	-996
7	12	364
7	13	36
7	14	356
7	15	-1084
7	16	-2044
7	17	676
7	18	-1316
7	19	-676
8	9	-276
8	10	756
8	11	-1636
8	12	-276
8	13	-924
8	14	-604
8	15	1156
8	16	196
8	17	-284
8	18	-1956
8	19	284
9	10	-684
9	11	-196
9	12	-2036
9	13	836
9	14	-444
9	15	2916
9	16	356
9	17	3076
9	18	-2116
9	19	124
10	11	676
10	12	916
10	13	284
10	14	-36
10	15	-1796
10	16	-2436
10	17	-1956
10	18	-604
10	19	-1244
11	12	-196
11	13	-1004
11	14	916
11	15	-524
11	16	116
11	17	-364
11	18	-276
11	19	1964
12	13	836
12	14	-444
12	15	-1884
12	16	356
12	17	-1724
12	18	1084
12	19	-1476
13	14	1644
13	15	-1716
13	16	-756
13	17	-276
13	18	916
13	19	-1324
14	15	-2036
14	16	-1076
14	17	-596
14	18	1236
14	19	596
15	16	1964
15	17	2444
15	18	-1804
15	19	756
16	17	204
16	18	-1164
16	19	1396
17	18	-1644
17	19	916
18	19	-1556
