0	1	788
0	2	-252
0	3	-732
0	4	-708
0	5	628
0	6	1532
0	7	2628
0	8	1052
0	9	-732
0	10	1932
0	11	-2628
0	12	-3292
0	13	548
0	14	-1748
0	15	-572
0	16	172
0	17	-1108
0	18	-3348
0	19	1108
1	2	-708
1	3	-228
1	4	68
1	5	-1588
1	6	1028
1	7	1212
1	8	-92
1	9	-228
1	10	628
1	11	388
1	12	-868
1	13	1692
1	14	-492
1	15	-1988
1	16	788
1	17	468
1	18	-492
1	19	1132
2	3	2412
2	4	-972
2	5	2652
2	6	-12
2	7	-948
2	8	-1132
2	9	-2388
2	10	1188
2	11	948
2	12	-1428
2	13	-2068
2	14	1668
2	15	-948
2	16	-1852
2	17	1028
2	18	68
2	19	-1028
3	4	-1452
3	5	-68
3	6	-492
3	7	-468
3	8	-12
3	9	-1908
3	10	708
3	11	468
3	12	-948
3	13	-3188
3	14	1188
3	15	-468
3	16	-732
3	17	-1052
3	18	-412
3	19	-2148
4	5	1508
4	6	652
4	7	308
4	8	-1428
4	9	3348
4	10	-548
4	11	-308
4	12	2388
4	13	-172
4	14	-1028
4	15	-1292
4	16	-708
4	17	2812
4	18	-1028
4	19	-1212
5	6	-732
5	7	1372
5	8	-1852
5	9	-68
5	10	2068
5	11	228
5	12	-708
5	13	-1348
5	14	-652
5	15	-1828
5	16	-972
5	17	1908
5	18	-652
5	19	-1908
6	7	-332
6	8	-2388
6	9	-492
6	10	92
6	11	332
6	12	148
6	13	2388
6	14	-388
6	15	-332
6	16	-1668
6	17	252
6	18	-388
6	19	1348
7	8	148
7	9	-468
7	10	2468
7	11	-972
7	12	-2708
7	13	-148
7	14	-3452
7	15	-628
7	16	2628
7	17	-892
7	18	-1852
7	19	-708
8	9	-12
8	10	-1988
8	11	-3348
8	12	-972
8	13	-1932
8	14	732
8	15	1748
8	16	1052
8	17	-1828
8	18	-868
8	19	228
9	10	-892
9	11	-1132
9	12	2252
9	13	12
9	14	-412
9	15	-468
9	16	-732
9	17	2148
9	18	-412
9	19	-548
10	11	732
10	12	-1852
10	13	388
10	14	-1588
10	15	-732
10	16	332
10	17	-948
10	18	-1588
10	19	-2252
11	12	1108
11	13	1748
11	14	252
11	15	-972
11	16	572
11	17	892
11	18	1852
11	19	708
12	13	972
12	14	1828
12	15	492
12	16	-1692
12	17	1188
12	18	1828
12	19	-1188
13	14	-732
13	15	-148
13	16	548
13	17	228
13	18	868
13	19	2972
14	15	-252
14	16	-3348
14	17	172
14	18	1132
14	19	-172
15	16	1028
15	17	-2492
15	18	1348
15	19	-708
16	17	-1108
16	18	-148
16	19	1108
17	18	172
17	19	788
18	19	-172
