0	1	476
0	2	-100
0	3	-1692
0	4	-868
0	5	284
0	6	1892
0	7	732
0	8	988
0	9	-420
0	10	-1308
0	11	612
0	12	28
0	13	28
0	14	-220
0	15	476
1	2	-668
1	3	412
1	4	-924
1	5	-28
1	6	924
1	7	-476
1	8	292
1	9	676
1	10	-996
1	11	156
1	12	228
1	13	-796
1	14	-1060
1	15	-220
2	3	-1188
2	4	1700
2	5	-1500
2	6	-676
2	7	-924
2	8	-1180
2	9	228
2	10	476
2	11	-420
2	12	-220
2	13	-1244
2	14	412
2	15	-668
3	4	92
3	5	220
3	6	-1116
3	7	-356
3	8	-100
3	9	540
3	10	804
3	11	-348
3	12	-36
3	13	-36
3	14	-156
3	15	412
4	5	-732
4	6	-1444
4	7	-156
4	8	-412
4	9	-28
4	10	1756
4	11	-1188
4	12	548
4	13	-1500
4	14	1692
4	15	-924
5	6	732
5	7	-284
5	8	484
5	9	-156
5	10	-164
5	11	-36
5	12	420
5	13	420
5	14	-228
5	15	-28
6	7	156
6	8	412
6	9	28
6	10	-1756
6	11	164
6	12	476
6	13	476
6	14	-668
6	15	-100
7	8	1060
7	9	-604
7	10	284
7	11	412
7	12	-28
7	13	996
7	14	1244
7	15	548
8	9	164
8	10	-484
8	11	668
8	12	-284
8	13	-284
8	14	476
8	15	292
9	10	-868
9	11	284
9	12	-924
9	13	-924
9	14	92
9	15	-1372
10	11	-988
10	12	604
10	13	-420
10	14	1252
10	15	28
11	12	-1316
11	13	732
11	14	-924
11	15	1180
12	13	-348
12	14	540
12	15	-796
13	14	-484
13	15	1252
14	15	-1060
