0	1	1088
0	2	-512
0	3	448
0	4	-64
0	6	-1152
0	7	1472
0	8	-1088
0	9	-1024
0	10	-1024
0	11	-2048
0	12	320
0	13	-128
0	14	-128
0	15	-896
1	2	-64
1	3	128
1	4	-384
1	5	-576
1	6	-320
1	7	1024
1	8	-512
1	9	-1472
1	10	-1600
1	11	-448
1	12	1280
1	13	-320
1	14	-448
1	15	-704
2	3	-448
2	4	1088
2	5	1024
2	6	-896
2	7	-448
2	8	-960
2	11	1024
2	12	-320
2	13	128
2	14	-896
2	15	-1152
3	4	-128
3	5	64
3	6	-192
3	7	-512
3	9	-64
3	10	1088
3	11	-1088
3	12	-768
3	13	-192
3	14	-64
3	15	192
4	5	-448
4	6	-704
4	8	-1536
4	9	-576
4	10	576
4	11	448
4	12	-1280
4	13	-704
4	14	448
4	15	-320
5	6	-384
5	7	-960
5	8	576
5	9	512
5	10	-512
5	11	-512
5	12	192
5	13	640
5	14	-1408
5	15	-640
6	7	64
6	8	1600
6	9	384
6	10	640
6	11	384
6	12	-320
6	13	256
6	14	512
6	15	-256
7	8	-896
7	9	-64
7	10	-960
7	11	-1088
7	12	640
7	13	-960
7	14	192
7	15	-1088
8	9	448
8	10	576
8	11	448
8	12	128
8	13	1600
8	14	-320
8	15	448
9	10	512
9	11	512
9	12	-192
9	13	-640
9	14	384
9	15	640
10	11	512
10	12	-1856
10	13	640
10	14	640
10	15	384
11	12	-192
11	13	384
11	14	384
11	15	640
12	13	-320
12	14	-960
12	15	320
13	14	-512
13	15	-256
14	15	512
