0	1	380
0	2	-60
0	3	-644
0	4	-444
0	5	188
0	6	-1084
0	7	-1468
0	8	388
0	9	316
0	10	572
0	11	188
0	12	-196
0	13	196
0	14	-772
0	15	324
1	2	1596
1	3	1156
1	4	-68
1	5	324
1	6	-452
1	7	956
1	8	124
1	9	196
1	10	-60
1	11	-700
1	12	-316
1	13	316
1	14	-764
1	15	-836
2	3	1596
2	4	-636
2	5	-644
2	6	-252
2	7	1412
2	8	1220
2	9	508
2	10	764
2	11	-1668
2	12	1020
2	13	4
2	14	444
2	15	-892
3	4	-68
3	5	-700
3	6	572
3	7	1980
3	8	124
3	9	-828
3	10	-60
3	11	-700
3	12	708
3	13	-708
3	14	260
3	15	-836
4	5	764
4	6	-636
4	7	4
4	8	-1212
4	9	-1156
4	10	124
4	11	-260
4	12	-644
4	13	644
4	14	-196
4	15	-1276
5	6	380
5	7	-260
5	8	-1092
5	9	388
5	10	-892
5	11	-508
5	12	-124
5	13	1148
5	14	-572
5	15	-4
6	7	388
6	8	196
6	9	508
6	10	-260
6	11	380
6	12	-4
6	13	-1020
6	14	444
6	15	1156
7	8	-188
7	9	-1156
7	10	-900
7	11	-1284
7	12	1404
7	13	-380
7	14	828
7	15	-1276
8	9	1084
8	10	316
8	11	-68
8	12	572
8	13	-1596
8	14	-4
8	15	-444
9	10	4
9	11	388
9	12	-252
9	13	252
9	14	-700
9	15	1148
10	11	-892
10	12	-508
10	13	508
10	14	1092
10	15	380
11	12	-1148
11	13	-900
11	14	-1596
11	15	1020
12	13	-260
12	14	836
12	15	-388
13	14	188
13	15	388
14	15	60
