0	1	-372
0	2	588
0	3	1036
0	4	-204
0	5	-1908
0	6	-588
0	7	500
0	8	396
0	9	564
0	10	652
0	11	-180
0	12	-716
0	13	-1420
0	14	244
0	15	332
1	2	-332
1	3	-780
1	4	-52
1	5	116
1	6	1356
1	7	-756
1	8	884
1	9	1228
1	10	-396
1	11	-588
1	12	460
1	13	140
1	14	-500
1	15	-76
2	3	1332
2	4	-116
2	5	-844
2	6	268
2	7	204
2	8	-76
2	9	140
2	10	-332
2	11	500
2	12	396
2	13	76
2	14	460
2	15	-12
3	4	-692
3	5	-1292
3	6	-308
3	7	652
3	8	500
3	9	588
3	10	-780
3	11	1076
3	12	-180
3	13	524
3	14	908
3	15	564
4	5	460
4	6	-908
4	7	180
4	8	716
4	9	-780
4	10	-52
4	11	-1908
4	12	-1036
4	13	308
4	14	-2124
4	15	-372
5	6	-180
5	7	-244
5	8	-652
5	9	-308
5	10	116
5	11	-76
5	12	972
5	13	652
5	14	12
5	15	-588
6	7	-1228
6	8	76
6	9	-140
6	10	332
6	11	524
6	12	628
6	13	-76
6	14	564
6	15	-1012
7	8	12
7	9	-76
7	10	-756
7	11	460
7	12	-1356
7	13	-12
7	14	-396
7	15	-52
8	9	972
8	10	-1164
8	11	-332
8	12	-820
8	13	908
8	14	-756
8	15	180
9	10	-820
9	11	396
9	12	756
9	13	52
9	14	692
9	15	908
10	11	-588
10	12	460
10	13	-1908
10	14	524
10	15	-1100
11	12	652
11	13	332
11	14	1740
11	15	-268
12	13	-204
12	14	1460
12	15	140
13	14	-268
13	15	844
14	15	204
