0	1	-232
0	2	664
0	3	-744
0	4	1624
0	5	-808
0	6	808
0	7	-424
0	8	-280
0	9	1832
0	10	-1432
0	11	-424
0	12	984
0	13	-2408
0	14	-296
0	15	-360
1	2	152
1	3	792
1	4	-936
1	5	728
1	6	1320
1	7	88
1	8	-792
1	9	296
1	10	1128
1	11	88
1	12	-1576
1	13	152
1	14	216
1	15	152
2	3	-1384
2	4	-40
2	5	-424
2	6	424
2	7	-1064
2	8	1384
2	9	424
2	10	232
2	11	-1064
2	12	344
2	13	24
2	14	1112
2	15	1048
3	4	-424
3	5	1240
3	6	-216
3	7	-424
3	8	-280
3	9	-216
3	10	616
3	11	600
3	12	-1064
3	13	664
3	14	-1320
3	15	-360
4	5	-488
4	6	488
4	7	920
4	8	424
4	9	488
4	10	-728
4	11	-1128
4	12	280
4	13	-1064
4	14	-1000
4	15	-40
5	6	872
5	7	-488
5	8	-216
5	9	-152
5	10	680
5	11	536
5	12	-1128
5	13	600
5	14	-1384
5	15	600
6	7	488
6	8	-808
6	9	152
6	10	344
6	11	-536
6	12	-920
6	13	-600
6	14	-664
6	15	424
7	8	-600
7	9	-536
7	10	296
7	11	-104
7	12	-744
7	13	-40
7	14	24
7	15	-40
8	9	216
8	10	-616
8	11	-600
8	12	40
8	13	360
8	14	296
8	15	1384
9	10	-680
9	11	488
9	12	104
9	13	-1624
9	14	360
9	15	424
10	11	296
10	12	-1112
10	13	1256
10	14	168
10	15	232
11	12	-744
11	13	-40
11	14	24
11	15	-40
12	13	-680
12	14	408
12	15	-680
13	14	88
13	15	24
14	15	88
