0 1 0.5829596412556054
0 2 -4.170403587443946
0 3 5.246636771300448
0 4 5.246636771300448
0 5 4.349775784753363
0 6 4.618834080717488
0 7 -8.834080717488789
0 8 -3.901345291479821
0 9 -4.618834080717488
0 10 8.834080717488789
0 11 -4.170403587443946
0 12 -9.103139013452914
0 13 0.5829596412556054
0 14 -5.246636771300448
0 15 -0.31390134529147984
0 16 -8.834080717488789
0 17 -9.103139013452914
0 18 -0.5829596412556054
0 19 4.170403587443946
0 20 -0.43275856209246677
0 21 0.09593012750301089
1 2 4.349775784753363
1 3 4.798206278026906
1 4 4.798206278026906
1 5 -5.067264573991031
1 6 -3.901345291479821
1 7 0.5829596412556054
1 8 5.515695067264574
1 9 3.901345291479821
1 10 -0.5829596412556054
1 11 -4.618834080717488
1 12 -0.5829596412556054
1 13 1.031390134529148
1 14 -4.798206278026906
1 15 -8.834080717488789
1 16 0.5829596412556054
1 17 -0.5829596412556054
1 18 -10.0
1 19 -4.349775784753363
1 26 -0.4552162644041142
1 27 -0.8051144583165963
2 3 -1.210762331838565
2 4 -1.210762331838565
2 5 -0.31390134529147984
2 6 0.31390134529147984
2 7 4.798206278026906
2 8 8.834080717488789
2 9 -0.31390134529147984
2 10 -4.798206278026906
2 11 -0.7623318385650224
2 12 4.170403587443946
2 13 -4.618834080717488
2 14 1.210762331838565
2 15 -3.7219730941704037
2 16 4.798206278026906
2 17 4.170403587443946
2 18 -4.349775784753363
2 19 -8.20627802690583
2 32 -0.8116928310124172
2 33 -0.665463583851609
3 4 7.309417040358745
3 5 -0.7623318385650224
3 6 0.7623318385650224
3 7 -3.7219730941704037
3 8 0.31390134529147984
3 9 -0.7623318385650224
3 10 3.7219730941704037
3 11 -1.210762331838565
3 12 -5.246636771300448
3 13 4.798206278026906
3 14 -7.309417040358745
3 15 -3.273542600896861
3 16 -3.7219730941704037
3 17 -5.246636771300448
3 18 -4.798206278026906
3 19 1.210762331838565
3 38 -0.43105507921631503
3 39 0.26966558791040884
4 5 -0.7623318385650224
4 6 0.7623318385650224
4 7 -3.7219730941704037
4 8 0.31390134529147984
4 9 -0.7623318385650224
4 10 3.7219730941704037
4 11 -1.210762331838565
4 12 -5.246636771300448
4 13 4.798206278026906
4 14 -7.309417040358745
4 15 -3.273542600896861
4 16 -3.7219730941704037
4 17 -5.246636771300448
4 18 -4.798206278026906
4 19 1.210762331838565
4 44 -0.22950739706036782
4 45 0.4019284669968479
5 6 8.834080717488789
5 7 -4.618834080717488
5 8 -0.5829596412556054
5 9 -8.834080717488789
5 10 4.618834080717488
5 11 -0.31390134529147984
5 12 -4.349775784753363
5 13 -5.067264573991031
5 14 0.7623318385650224
5 15 4.798206278026906
5 16 -4.618834080717488
5 17 -4.349775784753363
5 18 5.067264573991031
5 19 0.31390134529147984
5 50 -0.009501673164324043
5 51 -0.9309696676534223
6 7 -4.349775784753363
6 8 0.5829596412556054
6 9 -9.103139013452914
6 10 4.349775784753363
6 11 0.31390134529147984
6 12 -4.618834080717488
6 13 -3.901345291479821
6 14 -0.7623318385650224
6 15 4.170403587443946
6 16 -4.349775784753363
6 17 -4.618834080717488
6 18 3.901345291479821
6 19 -0.31390134529147984
6 56 0.3277943275118911
6 57 -0.24137653442844065
7 8 5.067264573991031
7 9 4.349775784753363
7 10 -9.103139013452914
7 11 4.798206278026906
7 12 8.834080717488789
7 13 0.5829596412556054
7 14 3.7219730941704037
7 15 -0.31390134529147984
7 16 9.103139013452914
7 17 8.834080717488789
7 18 -0.5829596412556054
7 19 -4.798206278026906
7 62 -0.4902527939602057
7 63 -0.17401023156986395
8 9 -0.5829596412556054
8 10 -5.067264573991031
8 11 -0.13452914798206278
8 12 3.901345291479821
8 13 -3.4529147982062782
8 14 -0.31390134529147984
8 15 -4.349775784753363
8 16 5.067264573991031
8 17 3.901345291479821
8 18 -5.515695067264574
8 19 -8.834080717488789
8 68 0.9704473424388573
8 69 -0.8732717514235122
9 10 -4.349775784753363
9 11 -0.31390134529147984
9 12 4.618834080717488
9 13 3.901345291479821
9 14 0.7623318385650224
9 15 -4.170403587443946
9 16 4.349775784753363
9 17 4.618834080717488
9 18 -3.901345291479821
9 19 0.31390134529147984
9 74 -0.21336941531552944
9 75 0.8794824413879225
10 11 -4.798206278026906
10 12 -8.834080717488789
10 13 -0.5829596412556054
10 14 -3.7219730941704037
10 15 0.31390134529147984
10 16 -9.103139013452914
10 17 -8.834080717488789
10 18 0.5829596412556054
10 19 4.798206278026906
10 80 0.46530213740198967
10 81 0.7043338760374556
11 12 4.170403587443946
11 13 4.349775784753363
11 14 1.210762331838565
11 15 5.246636771300448
11 16 4.798206278026906
11 17 4.170403587443946
11 18 4.618834080717488
11 19 0.7623318385650224
11 86 0.48100125903154245
11 87 0.5885659966743917
12 13 -0.5829596412556054
12 14 5.246636771300448
12 15 0.31390134529147984
12 16 8.834080717488789
12 17 9.103139013452914
12 18 0.5829596412556054
12 19 -4.170403587443946
12 92 -0.6709998548794713
12 93 0.6610664609504489
13 14 -4.798206278026906
13 15 0.13452914798206278
13 16 0.5829596412556054
13 17 -0.5829596412556054
13 18 -1.031390134529148
13 19 4.618834080717488
13 98 -0.05448611623507249
13 99 0.48774658349547106
14 15 3.273542600896861
14 16 3.7219730941704037
14 17 5.246636771300448
14 18 4.798206278026906
14 19 -1.210762331838565
14 104 0.9764047513428018
14 105 -0.5644352418498384
15 16 -0.31390134529147984
15 17 0.31390134529147984
15 18 8.834080717488789
15 19 3.7219730941704037
15 110 0.5078670489828432
15 111 0.8891946970482951
16 17 8.834080717488789
16 18 -0.5829596412556054
16 19 -4.798206278026906
16 116 -0.24649357329525623
16 117 -0.13441493550641703
17 18 0.5829596412556054
17 19 -4.170403587443946
17 122 -0.6623735316184807
17 123 0.6572950989336406
18 19 4.349775784753363
18 128 0.520851628431003
18 129 -0.7882525857870819
19 134 0.012406514802622004
19 135 0.13876613715505837
20 22 -0.1539947216874602
20 23 0.40550758376679674
21 24 0.05353583214052415
21 25 -0.0007207143111567227
22 55 0.2638403420180979
22 69 0.12128781611124739
23 126 0.5327897597666464
24 44 -0.08182431137509627
24 58 -0.8005035718197708
25 35 -0.030148286193258267
26 28 -0.3919628045376613
26 29 0.5991107945681884
26 63 0.12348536797756049
27 30 -0.04148113391745567
27 31 -0.9000579904757886
28 72 0.09994203959916925
32 34 0.09110682714531992
32 35 -0.43839220268513746
33 36 -0.5567086849410516
33 37 -0.8224119497134734
33 109 0.4975574621202956
34 122 0.6221649817390451
35 68 -0.4633287268887818
35 73 -0.3248503011252706
36 78 0.46681372456487535
38 40 -0.5796258464173627
38 41 -0.018131159037164446
38 84 0.48295826170238243
39 42 -0.5713208127313689
39 43 -0.3478858105129434
39 84 0.5805635312698278
39 109 -0.6085089390998935
41 68 0.9210900294696649
41 73 0.953157044516227
42 108 -0.37783138662886495
44 46 -0.27488253772672855
44 47 0.24057360644310744
45 48 0.5786638174367602
45 49 -0.11616009636231128
45 53 -0.2855354613798331
47 124 0.9084570182033587
50 52 -0.8286125129070268
50 53 -0.04688281534574856
51 54 -0.899139932809901
51 55 -0.3639193039498605
51 71 0.48618064526366034
52 94 0.5813462750650851
54 137 0.5675483395424463
55 117 0.08512519871471991
56 58 0.41631287982409204
56 59 0.08598722273521786
56 66 -0.9004462005329055
57 60 -0.6486318292657767
57 61 -0.7211372787896844
57 139 0.7859199387737679
62 64 -0.6670984870215468
62 65 -0.9958884726903221
63 66 -0.48920995813221
63 67 -0.7355474083691929
63 80 -0.9169140801127331
66 79 0.9017405946772523
68 70 0.03787189061533569
68 71 -0.9843050402364744
69 72 0.6357188390247726
69 73 -0.47193070472943166
69 124 -0.3437590994517843
72 139 0.8740033301503687
73 104 0.05327960967328749
74 76 -0.7781549273725319
74 77 -0.6302900113943535
74 134 0.3851354189161442
75 78 -0.2033232478353355
75 79 -0.6564303403473892
75 92 -0.27261324557240085
75 94 0.36514208336909904
76 87 -0.5855712836869471
78 104 0.7526703838102855
78 107 0.777004610800764
79 87 -0.11779766022391902
80 82 -0.7306357582190695
80 83 -0.9551780343934375
81 84 -0.012357668954465995
81 85 0.3973663681494757
82 124 -0.24678695775353998
83 117 0.2437729283388823
84 104 0.5319732253117808
86 88 0.3324743573627764
86 89 -0.7337185501088734
86 122 -0.22779146864837307
87 90 -0.9353056269251805
87 91 0.5135842187168544
87 104 -0.0453861254079424
92 94 -0.3681080890897859
92 95 0.31187633787107827
93 96 -0.0806449448931168
93 97 -0.96625491480128
95 128 0.7948859741007728
98 100 -0.664366871672365
98 101 -0.8073757353833073
99 102 -0.2783796580813753
99 103 -0.5730530911955094
99 123 -0.25703400077504246
104 106 0.2134491825972038
104 107 -0.7751406892338484
105 108 -0.5115766162986579
105 109 -0.443100899797205
110 112 -0.34690283865919924
110 113 -0.7007939295920305
110 119 -0.6473744777929453
111 114 0.5118215391535346
111 115 -0.8756470680535384
116 118 -0.8156342688591423
116 119 -0.1658241258894797
116 121 -0.10370834833692832
117 120 -0.23116151533004436
117 121 -0.9066149990776025
118 132 -0.8773091426277677
122 124 -0.47828597608965273
122 125 -0.558269230230471
123 126 0.32268990553650156
123 127 -0.33046273933785675
128 130 -0.058465730842983454
128 131 -0.830692580562933
129 132 -0.9410695169443772
129 133 0.7773112256217012
131 135 -0.6145465148805107
134 136 -0.4934810373942704
134 137 -0.9211280587102089
135 138 -0.7446988140754578
135 139 -0.2690885623862098
0 0 0.6648888138258826
1 1 -0.9275647206347913
2 2 0.32887677334699905
3 3 0.8491444149190097
4 4 -0.670227067339408
5 5 -0.370676521894962
6 6 0.865230429586244
7 7 -1.2491953475789255
8 8 1.182241280179881
9 9 -0.8640341399483233
10 10 -1.760222600861191
11 11 -1.8177536372190173
12 12 0.2749249290605644
13 13 -1.233270635222389
14 14 0.5198272942942785
15 15 1.4207280382800156
16 16 1.883509952904574
17 17 1.855459298441705
18 18 1.809630093578575
19 19 0.3712577337187511
20 20 0.01148688043867896
21 21 -0.41634799188045113
22 22 -1.1829215935697648
23 23 0.8972646551408183
24 24 -1.9339142158020828
25 25 1.7470974713875647
26 26 0.1824596889809147
27 27 0.23467486058054465
28 28 1.8866127991616632
29 29 -1.8252130100869768
30 30 1.371228503099239
31 31 -0.7359512592864724
32 32 0.4484005167361698
33 33 0.7814593643926858
34 34 0.39515557046611743
35 35 1.8723224099032485
36 36 -1.1255356531661924
37 37 1.1989167094370674
38 38 1.0501473357635316
39 39 1.1467137686468099
40 40 -1.8075830244313797
41 41 0.5169294221372698
42 42 -1.2716763913220106
43 43 0.3040288090026224
44 44 1.9107528450356124
45 45 1.9341623390180445
46 46 0.5649243705220877
47 47 1.084125740493855
48 48 0.33624758753527173
49 49 -0.2911011759570008
50 50 -1.6954770949175493
51 51 0.1652277603237953
52 52 -1.5835123988230635
53 53 0.11727799663352245
54 54 -1.764398659321762
55 55 -1.189976534026039
56 56 1.9083578291817083
57 57 -0.39755573047230147
58 58 -0.09152801378245325
59 59 -0.7794992399483194
60 60 -0.19448708720409025
61 61 1.4745713514099343
62 62 -1.3115110907331906
63 63 1.7556489957802979
64 64 1.9741524878577275
65 65 1.5449003325115604
66 66 1.6308726635767645
67 67 -0.9612207193767769
68 68 -0.18919919718109937
69 69 -1.0244622938829147
70 70 0.9126910036523782
71 71 1.5875376022524323
72 72 0.4732442244483162
73 73 -1.1095837919421716
74 74 -1.912162826624445
75 75 -1.0559902424702639
76 76 1.9850925875163814
77 77 -1.3776952285766413
78 78 1.8071416667094686
79 79 -1.6374544016072121
80 80 0.015912515297640706
81 81 0.09183311931701077
82 82 -0.7073073083041264
83 83 -0.21068324223560086
84 84 0.7026233260821231
85 85 -1.2613712569604556
86 86 -0.7414314634319501
87 87 1.3463871670266234
88 88 1.2874126467916205
89 89 1.8036513571821045
90 90 -0.24673919794358845
91 91 -0.4156347528929066
92 92 1.6293289906477402
93 93 -1.2617485748489763
94 94 1.5068128646538153
95 95 1.815851349796206
96 96 -0.6333327215074371
97 97 1.6149889537972084
98 98 1.3770805605412497
99 99 1.30314480851249
100 100 -0.1150187083897416
101 101 -1.8698774519394499
102 102 1.992694198116076
103 103 -0.9237532387192027
104 104 -1.9242815754151232
105 105 -0.2943225514409913
106 106 -1.205008833452505
107 107 0.9149107317241167
108 108 1.681464036550703
109 109 -1.9685360622886754
110 110 0.1472865451006271
111 111 -1.2097863642679174
112 112 -1.924948875688837
113 113 0.3232465028919753
114 114 0.6300322296711527
115 115 -0.3677630829522234
116 116 -0.9356209081031902
117 117 0.8548354679336168
118 118 -1.4552877038209915
119 119 0.33296677979350076
120 120 0.42588023771754685
121 121 -0.1642601699049946
122 122 0.39408117454228453
123 123 -0.10288996534510897
124 124 -1.989296898476001
125 125 1.9228861232699777
126 126 1.534456046078816
127 127 -1.9945812933665152
128 128 0.08672907247647332
129 129 -1.7175799590929897
130 130 0.8034727454029347
131 131 -0.8041798066028267
132 132 0.3491905248782148
133 133 -0.6653151108993995
134 134 0.6036719128077404
135 135 1.743636324925642
136 136 -0.6279069415621987
137 137 0.8821777510356457
138 138 -1.6575209471217693
139 139 1.5349731362244745
