0 1 -3.877551020408163
0 2 7.346938775510204
0 3 -9.489795918367347
0 4 7.346938775510204
0 5 -3.877551020408163
0 6 -8.877551020408163
0 7 7.346938775510204
0 8 -9.489795918367347
0 9 -1.7346938775510203
0 10 1.7346938775510203
0 11 -1.7346938775510203
0 12 -1.7346938775510203
0 13 -1.7346938775510203
0 14 3.2653061224489797
0 15 3.877551020408163
0 16 3.877551020408163
0 17 3.877551020408163
0 18 -7.346938775510204
0 19 -2.3469387755102042
0 20 -0.6616455889502864
0 21 -0.9449696051739405
1 2 -2.7551020408163267
1 3 3.877551020408163
1 4 -2.7551020408163267
1 5 -1.7346938775510203
1 6 4.285714285714286
1 7 -2.7551020408163267
1 8 3.877551020408163
1 9 -2.857142857142857
1 10 2.857142857142857
1 11 -2.857142857142857
1 12 -2.857142857142857
1 13 -2.857142857142857
1 14 -8.877551020408163
1 15 1.7346938775510203
1 16 1.7346938775510203
1 17 1.7346938775510203
1 18 2.7551020408163267
1 19 -3.2653061224489797
1 26 -0.7180662230425616
1 27 -0.21996450369868925
2 3 -7.346938775510204
2 4 6.428571428571429
2 5 -2.7551020408163267
2 6 -4.8979591836734695
2 7 6.428571428571429
2 8 -7.346938775510204
2 9 -1.836734693877551
2 10 1.836734693877551
2 11 -1.836734693877551
2 12 -1.836734693877551
2 13 -1.836734693877551
2 14 0.30612244897959184
2 15 2.7551020408163267
2 16 2.7551020408163267
2 17 2.7551020408163267
2 18 -6.428571428571429
2 19 -4.285714285714286
2 32 0.5068693229189247
2 33 0.9207665108153602
3 4 -7.346938775510204
3 5 3.877551020408163
3 6 8.877551020408163
3 7 -7.346938775510204
3 8 9.489795918367347
3 9 1.7346938775510203
3 10 -1.7346938775510203
3 11 1.7346938775510203
3 12 1.7346938775510203
3 13 1.7346938775510203
3 14 -3.2653061224489797
3 15 -3.877551020408163
3 16 -3.877551020408163
3 17 -3.877551020408163
3 18 7.346938775510204
3 19 2.3469387755102042
3 38 -0.8029371072514087
3 39 0.6260005575799028
4 5 -2.7551020408163267
4 6 -4.8979591836734695
4 7 6.428571428571429
4 8 -7.346938775510204
4 9 -1.836734693877551
4 10 1.836734693877551
4 11 -1.836734693877551
4 12 -1.836734693877551
4 13 -1.836734693877551
4 14 0.30612244897959184
4 15 2.7551020408163267
4 16 2.7551020408163267
4 17 2.7551020408163267
4 18 -6.428571428571429
4 19 -4.285714285714286
4 44 0.6638422896691603
4 45 0.4643862574705102
5 6 4.285714285714286
5 7 -2.7551020408163267
5 8 3.877551020408163
5 9 -2.857142857142857
5 10 -7.346938775510204
5 11 -2.857142857142857
5 12 -2.857142857142857
5 13 -2.857142857142857
5 14 1.3265306122448979
5 15 1.7346938775510203
5 16 1.7346938775510203
5 17 1.7346938775510203
5 18 2.7551020408163267
5 19 -3.2653061224489797
5 50 0.15381545328660562
5 51 0.9976833312235611
6 7 -4.8979591836734695
6 8 8.877551020408163
6 9 0.30612244897959184
6 10 -0.30612244897959184
6 11 0.30612244897959184
6 12 0.30612244897959184
6 13 0.30612244897959184
6 14 -8.979591836734693
6 15 -4.285714285714286
6 16 -4.285714285714286
6 17 -4.285714285714286
6 18 4.8979591836734695
6 19 -4.387755102040816
6 56 -0.06726115175084613
6 57 -0.9138540257419419
7 8 -7.346938775510204
7 9 -1.836734693877551
7 10 1.836734693877551
7 11 -1.836734693877551
7 12 -1.836734693877551
7 13 -1.836734693877551
7 14 0.30612244897959184
7 15 2.7551020408163267
7 16 2.7551020408163267
7 17 2.7551020408163267
7 18 -6.428571428571429
7 19 -4.285714285714286
7 62 -0.9567483888762456
7 63 0.27020592018427503
8 9 1.7346938775510203
8 10 -1.7346938775510203
8 11 1.7346938775510203
8 12 1.7346938775510203
8 13 1.7346938775510203
8 14 -3.2653061224489797
8 15 -3.877551020408163
8 16 -3.877551020408163
8 17 -3.877551020408163
8 18 7.346938775510204
8 19 2.3469387755102042
8 68 0.11581093931092457
8 69 -0.13331105908448904
9 10 2.7551020408163267
9 11 7.448979591836735
9 12 7.448979591836735
9 13 7.448979591836735
9 14 4.285714285714286
9 15 -7.346938775510204
9 16 -7.346938775510204
9 17 -7.346938775510204
9 18 1.836734693877551
9 19 8.877551020408163
9 74 -0.8638399416891904
9 75 -0.1828606501137462
10 11 2.7551020408163267
10 12 2.7551020408163267
10 13 2.7551020408163267
10 14 -4.285714285714286
10 15 -2.857142857142857
10 16 -2.857142857142857
10 17 -2.857142857142857
10 18 -1.836734693877551
10 19 1.3265306122448979
10 80 -0.07248552695598942
10 81 0.9479093139723891
11 12 7.448979591836735
11 13 7.448979591836735
11 14 4.285714285714286
11 15 -7.346938775510204
11 16 -7.346938775510204
11 17 -7.346938775510204
11 18 1.836734693877551
11 19 8.877551020408163
11 86 -0.42696248234243783
11 87 0.8164851806940885
12 13 7.448979591836735
12 14 4.285714285714286
12 15 -7.346938775510204
12 16 -7.346938775510204
12 17 -7.346938775510204
12 18 1.836734693877551
12 19 8.877551020408163
12 92 -0.6006517671260805
12 93 0.40099498367264963
13 14 4.285714285714286
13 15 -7.346938775510204
13 16 -7.346938775510204
13 17 -7.346938775510204
13 18 1.836734693877551
13 19 8.877551020408163
13 98 -0.4102381443885712
13 99 -0.3017032999708009
14 15 -1.3265306122448979
14 16 -1.3265306122448979
14 17 -1.3265306122448979
14 18 -0.30612244897959184
14 19 10.0
14 104 -0.2127585760533528
14 105 -0.0805646862233611
15 16 8.46938775510204
15 17 8.46938775510204
15 18 -2.7551020408163267
15 19 -6.938775510204081
15 110 0.6571784199147022
15 111 0.14623706783452195
16 17 8.46938775510204
16 18 -2.7551020408163267
16 19 -6.938775510204081
16 116 0.032113061972960155
16 117 -0.41964115186489503
17 18 -2.7551020408163267
17 19 -6.938775510204081
17 122 -0.31244496995621795
17 123 -0.714637671122313
18 19 4.285714285714286
18 128 -0.2244700359221321
18 129 -0.007447697488983884
19 134 -0.3245303279992853
19 135 -0.10797209095563498
20 22 -0.7940181064699516
20 23 -0.7314075001122771
21 24 0.777558315058301
21 25 -0.22707720674063392
21 120 -0.6514837291352655
24 96 0.44933189147890173
24 114 0.16815651855109914
25 105 -0.0519134293500676
26 28 0.02274529519043944
26 29 -0.5669726961694213
26 117 0.22912329732634995
27 30 -0.781192192497167
27 31 0.5243011013308181
27 59 -0.7051544690317584
27 117 -0.044749926516556515
28 50 -0.5693656936576905
28 128 0.42541543519943503
31 53 -0.11785362542619549
32 34 -0.3371641447885798
32 35 0.48040118539192966
32 66 -0.6997363205517075
33 36 -0.4079972434549206
33 37 0.29295692550045294
35 64 0.8922872788705678
35 83 -0.9942745129115835
35 101 -0.9919563637145554
37 50 0.440999278620682
38 40 0.2901858937699169
38 41 -0.7479732850350516
39 42 -0.5998691477786791
39 43 -0.3905454740551284
39 78 -0.9544400805270057
39 81 -0.8626017596718456
40 98 0.14092383989634438
40 125 0.5884171349272622
43 56 0.44878689710405606
43 67 -0.5285950872045688
44 46 -0.4422338347718091
44 47 0.12048811297466133
45 48 -0.3738332889674554
45 49 -0.7483008118984962
45 51 0.050606545301483896
47 104 0.5413415528089003
47 123 -0.27199417348802557
49 64 0.6729910468791303
50 52 0.15158795554842697
50 53 -0.5454302074787234
50 78 0.27283441944308606
51 54 -0.36497526796672775
51 55 0.32810645634499047
54 81 -0.8685501556199913
56 58 -0.37821398385316574
56 59 -0.8737678225444006
57 60 0.734099810730001
57 61 -0.5072388279941471
58 106 -0.4703187148144963
59 137 0.666602140881517
62 64 0.24758077384707966
62 65 0.4393485307171281
62 87 0.8816565737210369
63 66 -0.959236229052747
63 67 -0.2367774406783636
64 118 0.952194685264478
65 68 0.9755912894454724
68 70 0.2814932926061733
68 71 -0.8488565262811818
69 72 -0.5865077756029178
69 73 -0.6135444253271547
71 77 -0.8732711586639621
72 100 0.9436008260348285
72 103 -0.8945125270923395
72 119 -0.33813971221295547
72 121 0.10781813696492759
73 104 -0.18976012492818195
74 76 -0.2896809050396647
74 77 0.6831491673281522
75 78 0.10243108455091132
75 79 0.05351803604607919
79 111 -0.014740193559055426
80 82 -0.6147149549572795
80 83 -0.4127089849831591
80 87 -0.4062167979404532
81 84 0.10561584139060565
81 85 -0.7375739009561151
82 91 -0.1652007877677535
86 88 0.2748417820641791
86 89 0.40037395314284563
87 90 -0.305067894433239
87 91 -0.8974666845991413
88 122 0.8499655999805864
89 97 -0.26404485529685195
90 96 0.29018588598280237
92 94 -0.8814945081496444
92 95 -0.2804340961344334
93 96 -0.921799711363928
93 97 -0.4475807817338122
94 122 -0.0035560373903176234
98 100 -0.3651550149077205
98 101 -0.6950233389333
99 102 -0.7945786935000043
99 103 -0.6958395916399767
104 106 0.5839177123117831
104 107 -0.9477028953154552
105 108 0.041443076551847424
105 109 0.9104742082831037
109 121 0.9833073490597859
110 112 0.5500711745460367
110 113 0.6289874584308215
110 120 -0.6828530862181097
111 114 -0.0395388675589492
111 115 -0.7033475731074361
114 121 0.43496167678175723
116 118 -0.7930437563850734
116 119 0.10307096617556932
117 120 -0.6343594061605462
117 121 0.5589754164631415
122 124 -0.7844213105941844
122 125 -0.4960995204417553
123 126 -0.9263248937485191
123 127 -0.13977233238048936
128 130 -0.612358003730286
128 131 0.3948395386387784
129 132 -0.4488133283101705
129 133 -0.3945122958157137
129 134 -0.9034678418104412
134 136 0.18986263315396568
134 137 -0.288320298766348
135 138 -0.445166157047437
135 139 -0.04953009418012777
0 0 0.6875207562436731
1 1 -1.387236289823026
2 2 -0.2993751896572827
3 3 -1.059100186783152
4 4 -1.7351878744914742
5 5 1.127092160416161
6 6 -0.02740102903172925
7 7 -1.83425636903661
8 8 -0.45881082192738726
9 9 -0.687609880878498
10 10 0.5918561321043994
11 11 -1.6067266106870324
12 12 -1.1378546218924224
13 13 -0.3004692069877777
14 14 1.070280546483207
15 15 1.3243587323684634
16 16 0.25622378231418974
17 17 0.8856783419411546
18 18 -1.874120763634276
19 19 -0.22088073732134642
20 20 1.5872144039837697
21 21 1.4139542100537492
22 22 -0.1136804983790678
23 23 -0.33455286168504017
24 24 1.5409881480334329
25 25 1.3655372593952442
26 26 1.0032299685659982
27 27 -1.898308770428784
28 28 -0.06209709643243588
29 29 -1.8619859658254945
30 30 -0.9384835439676453
31 31 -0.15976503744538073
32 32 0.8467403158708482
33 33 0.0640716396961758
34 34 0.09900013221565551
35 35 1.2108938309899777
36 36 0.49146670928207126
37 37 1.1487161263427361
38 38 -0.11141325773081734
39 39 -0.5981590431649355
40 40 -0.9881691882604748
41 41 0.47238431588985197
42 42 -1.5847673669558204
43 43 1.4883089652556778
44 44 -1.1914530235052774
45 45 -0.26146672555814865
46 46 1.8016862107102685
47 47 -0.44225103614174976
48 48 -0.9076712689498244
49 49 -0.8167730919420824
50 50 1.2929466015605677
51 51 -1.7086237448988997
52 52 -1.9151418627071242
53 53 -0.8939756369399121
54 54 1.5679469979571814
55 55 -0.394657247609433
56 56 -1.6507213217895222
57 57 0.6731930932283143
58 58 1.4646152086186102
59 59 -0.5217645957222423
60 60 0.6589838686491918
61 61 0.25003440506616315
62 62 -0.04298271610189852
63 63 -1.309747542975484
64 64 -0.5580760093605996
65 65 -1.1033069551810732
66 66 1.5441737020674595
67 67 1.9115677624806975
68 68 0.7781983684101945
69 69 0.08014260996167177
70 70 0.1224019502517102
71 71 -1.027670031717689
72 72 1.1694780183678137
73 73 -0.9436304569886632
74 74 -0.21207412312738952
75 75 -0.2985607352864279
76 76 0.4591669435220785
77 77 -1.8564194939355572
78 78 -0.051290221085644294
79 79 0.5567902302859289
80 80 -1.3745853517359727
81 81 -0.4526718568205341
82 82 -1.6885759669004785
83 83 -0.03178313080129147
84 84 1.233066085225789
85 85 1.0574948058489104
86 86 1.21391259961712
87 87 0.9427049628185801
88 88 -1.142803099198693
89 89 -0.6058780573296194
90 90 0.8455884071932435
91 91 -1.517194439154356
92 92 -1.0077231713104968
93 93 -1.8755747521326727
94 94 -0.7685407101956039
95 95 0.14174391142026854
96 96 1.2279106526205168
97 97 0.25691895871681547
98 98 -1.4262626261529396
99 99 1.983504059018451
100 100 -0.8557672500754716
101 101 -1.2979277942361405
102 102 -0.7151648626048175
103 103 0.8258637819418038
104 104 -1.1550075962467048
105 105 -0.6410819371994751
106 106 -0.8846348831515449
107 107 -0.0842174167106906
108 108 1.5196542863064635
109 109 1.1338292140329278
110 110 -1.1647607852226547
111 111 0.09922017843295007
112 112 -0.6901937755157523
113 113 -0.555316828161224
114 114 -0.736200317292398
115 115 0.9709615159313518
116 116 0.7725190040501158
117 117 -1.247012627288047
118 118 0.2638226606698568
119 119 -1.141125054294065
120 120 -0.38242190103281004
121 121 -0.37542240952688927
122 122 0.023801308857895442
123 123 0.1788215518687215
124 124 -0.957775038017271
125 125 0.40878512960794616
126 126 -0.5060216627759582
127 127 -1.4267187429439154
128 128 0.22210187872434298
129 129 1.5909009809022543
130 130 -1.5664466405797
131 131 -0.6561254299113486
132 132 1.1409568793701474
133 133 0.2972110988006662
134 134 -0.1410067148037668
135 135 -0.46584849132917766
136 136 1.8228715601839018
137 137 0.7247174286093783
138 138 1.9557047590152323
139 139 -1.4482648997414869
