0 1 4.666666666666667
0 2 4.666666666666667
0 3 0.2222222222222222
0 4 -5.111111111111111
0 5 -2.4444444444444446
0 6 -5.111111111111111
0 7 7.333333333333333
0 8 2.4444444444444446
0 9 -4.666666666666667
0 10 1.1111111111111112
0 11 -5.111111111111111
0 12 -3.7777777777777777
0 13 1.5555555555555556
0 14 3.3333333333333335
0 15 -0.2222222222222222
0 16 -2.4444444444444446
0 17 -3.7777777777777777
0 18 3.3333333333333335
0 19 3.7777777777777777
0 20 0.9891256114312779
0 21 -0.7263768085609166
1 2 10.0
1 3 -3.3333333333333335
1 4 -0.6666666666666666
1 5 -0.6666666666666666
1 6 -0.6666666666666666
1 7 4.666666666666667
1 8 0.6666666666666666
1 9 -10.0
1 10 4.666666666666667
1 11 -0.6666666666666666
1 12 -2.0
1 13 -4.666666666666667
1 14 8.666666666666666
1 15 3.3333333333333335
1 16 -0.6666666666666666
1 17 0.6666666666666666
1 18 8.666666666666666
1 19 -0.6666666666666666
1 26 0.2259325865700912
1 27 0.6640537973290073
2 3 -3.3333333333333335
2 4 -0.6666666666666666
2 5 -0.6666666666666666
2 6 -0.6666666666666666
2 7 4.666666666666667
2 8 0.6666666666666666
2 9 -10.0
2 10 4.666666666666667
2 11 -0.6666666666666666
2 12 -2.0
2 13 -4.666666666666667
2 14 8.666666666666666
2 15 3.3333333333333335
2 16 -0.6666666666666666
2 17 0.6666666666666666
2 18 8.666666666666666
2 19 -0.6666666666666666
2 32 -0.7311340538952495
2 33 0.07197578436670748
3 4 3.7777777777777777
3 5 -5.111111111111111
3 6 3.7777777777777777
3 7 0.2222222222222222
3 8 5.111111111111111
3 9 3.3333333333333335
3 10 0.2222222222222222
3 11 -5.111111111111111
3 12 -6.444444444444445
3 13 -0.2222222222222222
3 14 -4.666666666666667
3 15 -1.1111111111111112
3 16 -5.111111111111111
3 17 5.111111111111111
3 18 -4.666666666666667
3 19 3.7777777777777777
3 38 0.5775101150823105
3 39 0.9391067632782935
4 5 1.1111111111111112
4 6 9.11111111111111
4 7 -5.111111111111111
4 8 -1.1111111111111112
4 9 0.6666666666666666
4 10 4.666666666666667
4 11 0.2222222222222222
4 12 1.5555555555555556
4 13 -3.7777777777777777
4 14 -0.2222222222222222
4 15 5.111111111111111
4 16 1.1111111111111112
4 17 8.666666666666666
4 18 -0.2222222222222222
4 19 0.2222222222222222
4 44 0.7850385575712189
4 45 -0.11552980173069116
5 6 1.1111111111111112
5 7 -2.4444444444444446
5 8 -6.444444444444445
5 9 0.6666666666666666
5 10 2.888888888888889
5 11 1.1111111111111112
5 12 8.666666666666666
5 13 2.4444444444444446
5 14 1.5555555555555556
5 15 5.111111111111111
5 16 6.444444444444445
5 17 -1.1111111111111112
5 18 1.5555555555555556
5 19 1.1111111111111112
5 50 -0.6124073190322692
5 51 0.33514064467392557
6 7 -5.111111111111111
6 8 -1.1111111111111112
6 9 0.6666666666666666
6 10 4.666666666666667
6 11 0.2222222222222222
6 12 1.5555555555555556
6 13 -3.7777777777777777
6 14 -0.2222222222222222
6 15 5.111111111111111
6 16 1.1111111111111112
6 17 8.666666666666666
6 18 -0.2222222222222222
6 19 0.2222222222222222
6 56 0.5982300021735492
6 57 -0.18362296849686244
7 8 2.4444444444444446
7 9 -4.666666666666667
7 10 1.1111111111111112
7 11 -5.111111111111111
7 12 -3.7777777777777777
7 13 1.5555555555555556
7 14 3.3333333333333335
7 15 -0.2222222222222222
7 16 -2.4444444444444446
7 17 -3.7777777777777777
7 18 3.3333333333333335
7 19 3.7777777777777777
7 62 -0.07719263867793291
7 63 0.3691032882940264
8 9 -0.6666666666666666
8 10 -2.888888888888889
8 11 -1.1111111111111112
8 12 -8.666666666666666
8 13 -2.4444444444444446
8 14 -1.5555555555555556
8 15 -5.111111111111111
8 16 -6.444444444444445
8 17 1.1111111111111112
8 18 -1.5555555555555556
8 19 -1.1111111111111112
8 68 0.22086137470937395
8 69 -0.3688514143693131
9 10 -4.666666666666667
9 11 0.6666666666666666
9 12 2.0
9 13 4.666666666666667
9 14 -8.666666666666666
9 15 -3.3333333333333335
9 16 0.6666666666666666
9 17 -0.6666666666666666
9 18 -8.666666666666666
9 19 0.6666666666666666
9 74 -0.050177003810427
9 75 -0.7826217099887538
10 11 -4.222222222222222
10 12 3.3333333333333335
10 13 -1.1111111111111112
10 14 5.111111111111111
10 15 8.666666666666666
10 16 2.888888888888889
10 17 4.222222222222222
10 18 5.111111111111111
10 19 4.666666666666667
10 80 0.4831786138859224
10 81 0.2683677265275515
11 12 1.5555555555555556
11 13 -3.7777777777777777
11 14 -0.2222222222222222
11 15 -3.7777777777777777
11 16 1.1111111111111112
11 17 -0.2222222222222222
11 18 -0.2222222222222222
11 19 -8.666666666666666
11 86 -0.9035686386323987
11 87 0.5576849268796882
12 13 3.7777777777777777
12 14 1.1111111111111112
12 15 6.444444444444445
12 16 8.666666666666666
12 17 -1.5555555555555556
12 18 1.1111111111111112
12 19 1.5555555555555556
12 92 0.013061237782836077
12 93 -0.5159225677968677
13 14 -3.3333333333333335
13 15 0.2222222222222222
13 16 2.4444444444444446
13 17 -5.111111111111111
13 18 -3.3333333333333335
13 19 5.111111111111111
13 98 -0.20656176783310087
13 99 -0.892062392590462
14 15 4.666666666666667
14 16 1.5555555555555556
14 17 0.2222222222222222
14 18 8.222222222222221
14 19 -0.2222222222222222
14 104 -0.4248074823573762
14 105 0.2490189409885757
15 16 5.111111111111111
15 17 3.7777777777777777
15 18 4.666666666666667
15 19 5.111111111111111
15 110 -0.34041931271791426
15 111 -0.6194525267512783
16 17 -1.1111111111111112
16 18 1.5555555555555556
16 19 1.1111111111111112
16 116 0.8248771512875515
16 117 -0.14964332996940177
17 18 0.2222222222222222
17 19 -0.2222222222222222
17 122 -0.5879179185155639
17 123 0.30743055932348096
18 19 -0.2222222222222222
18 128 -0.5100241214822723
18 129 -0.5542271943288359
19 134 0.9892276225740568
19 135 0.3976009547845525
20 22 -0.24032362696832976
20 23 0.11880337542762898
21 24 -0.5829280493386788
21 25 0.0004566128019829474
24 138 -0.7823445276144323
25 49 0.38875784726920193
26 28 -0.1126676623206524
26 29 -0.5424348516523323
27 30 0.4384719633208334
27 31 -0.18502673019402627
27 116 0.7544966022549553
30 104 0.3553889517275297
31 92 0.15953016243421536
31 132 -0.4904716879541222
32 34 -0.2957062179743499
32 35 -0.9540224558746966
33 36 0.13362561226840342
33 37 -0.95839940554087
33 85 0.6232555725644324
34 123 0.7790196969517809
36 39 0.3679639119898328
37 57 0.8230317689872633
38 40 0.41715807911371927
38 41 -0.15988153506375435
39 42 -0.5806913762561052
39 43 -0.551470596125345
39 69 0.09177168820272752
39 109 0.45207042384018425
40 52 0.2850597601904601
41 80 -0.7646693735849106
41 124 0.6911150782923396
44 46 0.005891001988420408
44 47 -0.711955224098143
44 60 0.21915640489809274
45 48 -0.3282741001774241
45 49 -0.4886510951776879
47 84 -0.3166782148881535
50 52 0.24981995519105404
50 53 -0.9972990988420445
50 65 -0.10060609257291264
50 88 0.9713906495496443
50 134 -0.7251982320134434
51 54 0.23413113675960107
51 55 -0.9289849057879043
52 102 0.956471232303064
55 59 -0.2942887683704196
56 58 -0.2608105451815612
56 59 -0.9243594162674167
57 60 -0.862380068559901
57 61 -0.7027121431166341
57 100 -0.826799285692061
57 120 -0.871422035404193
62 64 0.17010715430902956
62 65 -0.22387026590382164
62 107 0.3124259910420526
63 64 -0.5205212741863887
63 66 0.15222908519100842
63 67 -0.5320423254237192
64 129 -0.28320807099690537
65 69 -0.665957683466265
66 77 -0.1859938236304146
67 119 0.8421582034063
68 70 -0.25111646000032883
68 71 -0.9635064536981788
68 114 0.5367540458575895
69 72 0.03529555363840675
69 73 -0.6192840660094612
74 76 0.004358333915376544
74 77 -0.8871666806734664
75 78 -0.40619425619483374
75 79 -0.09352076168684631
77 104 0.5054277996038044
78 92 0.0007642550635154066
80 82 -0.2998002215436466
80 83 0.1310734332301955
81 84 -0.3790564766673936
81 85 -0.6813624218321215
81 107 0.3820047366591264
81 131 0.7190785860771449
82 108 0.3739481600060275
83 92 -0.11395827709601969
84 126 -0.8527420202547835
85 95 -0.270901225558152
86 88 -0.6903084354771782
86 89 0.46884320856461903
87 90 -0.6880278100178208
87 91 0.16153304737805363
92 94 -0.44956122208509397
92 95 -0.461741258554659
93 96 -0.9636238688033694
93 97 -0.23909825262163187
94 103 -0.7568522919900371
96 124 0.8817744201278481
98 100 -0.46649183836118513
98 101 0.1636880710323263
98 124 0.46048171703315655
99 102 -0.9989736038412416
99 103 -0.7627217522415777
100 134 0.8800729276809081
102 110 -0.8080627162294469
104 106 0.20813745511676407
104 107 -0.36475877920100275
104 136 -0.9789918720198318
105 108 -0.862822174876712
105 109 -0.8982367925466894
110 112 -0.015324639681138397
110 113 -0.64411960475855
111 114 0.4415954464705003
111 115 -0.07236108012797393
116 118 -0.7285084924520109
116 119 -0.8422043286735368
117 120 0.11190926602510598
117 121 0.3635189358525104
122 124 -0.37159630675375377
122 125 -0.9426872222177582
123 126 0.10866487174661343
123 127 -0.06375346689462247
123 137 -0.19383780140628826
128 130 0.05948316801594222
128 131 0.0404477225725135
128 135 -0.6064217813605939
129 132 -0.43775964310857196
129 133 0.04113549446402298
131 135 0.06973859327457155
133 136 -0.7514073602885234
134 136 -0.9547491802373036
134 137 -0.8118255814073019
134 138 -0.015527058729928989
135 138 0.4071131095572562
135 139 -0.8041299409585694
0 0 -0.6513524397765118
1 1 1.1252447642538268
2 2 -0.056340573493804946
3 3 -0.07554674532471894
4 4 -1.7938314140685576
5 5 0.9683741985538115
6 6 1.5375466613448807
7 7 -1.5855592316165723
8 8 -1.1485838340814603
9 9 -0.3170553590598959
10 10 0.13257710456742355
11 11 1.1309944374900507
12 12 -0.6150661789380023
13 13 1.2482717591069954
14 14 -0.353936345849371
15 15 -0.042236350692470115
16 16 -0.9819442263778565
17 17 -0.6124497085583616
18 18 -1.4960586339785156
19 19 0.40787977903248335
20 20 0.6294980061913257
21 21 0.6540535927444201
22 22 -1.6272912409150175
23 23 0.12320808648992099
24 24 -1.478876477027978
25 25 -1.1791667553887981
26 26 -1.7993329762965509
27 27 -1.0121033188018842
28 28 1.8148396115330248
29 29 1.390110019001614
30 30 1.3826027249918325
31 31 -1.216074183103181
32 32 1.8179124735394114
33 33 1.458032047249215
34 34 0.16466291108759723
35 35 -1.9625758661534076
36 36 1.8540061019181224
37 37 -1.2586596588863945
38 38 1.80200815935935
39 39 -1.608493260322412
40 40 -1.4639403324120406
41 41 1.8707441280247172
42 42 1.9011612966511182
43 43 0.6721990057056475
44 44 1.0641730214530036
45 45 1.188902517743542
46 46 -0.12899269738313546
47 47 0.755849862848602
48 48 -0.2324424561260945
49 49 -1.7487734571113283
50 50 -1.2170038114729747
51 51 -0.14552635173197803
52 52 0.5767353391228864
53 53 -1.207403605695796
54 54 0.44398662713739556
55 55 -0.8494577748562798
56 56 -0.01856429944839677
57 57 1.6423039006893458
58 58 0.24229286584177423
59 59 -0.03177290310430525
60 60 1.7380425643663138
61 61 1.408455092002514
62 62 0.1658496249700443
63 63 0.3877207641937735
64 64 1.0542346879594113
65 65 -0.3999417169176289
66 66 0.3886655312014367
67 67 -1.7688317261976776
68 68 -0.6593996550840964
69 69 -0.7882702836830453
70 70 0.4037422658404921
71 71 0.384083367395442
72 72 -1.5662337683030594
73 73 0.11889297833015666
74 74 -0.3244632883127272
75 75 -1.97392286804116
76 76 1.862896574778096
77 77 1.2268400441952432
78 78 -0.047282008156506634
79 79 -0.4782199790654676
80 80 1.455167189735673
81 81 0.8892297136049168
82 82 1.8664457566394734
83 83 -0.09380721331322395
84 84 0.12493135335414608
85 85 -0.8165343329462038
86 86 1.8980343386280951
87 87 -1.651463179073878
88 88 -0.8068417715694208
89 89 -1.4243745266485988
90 90 0.3905942563686926
91 91 1.2746989091630736
92 92 -1.6956504398100658
93 93 -0.33896213425603205
94 94 0.1661382348808158
95 95 -0.4178759322745034
96 96 -0.7618046825835978
97 97 1.1533269918293483
98 98 -0.07248264144403738
99 99 -0.3155974702537883
100 100 -1.1504423549207416
101 101 -1.2298492600578652
102 102 0.8826033616902507
103 103 0.37478429862498436
104 104 -0.6946206083793581
105 105 1.7112215221546059
106 106 0.20503645528405778
107 107 -0.8512913666946282
108 108 -0.6862530267882199
109 109 -1.974810697887516
110 110 -0.3619817648991259
111 111 1.578517710691556
112 112 0.9549770490774891
113 113 1.2915861079480182
114 114 1.3798975719186588
115 115 -1.4342459892797401
116 116 -1.1875253287291931
117 117 -0.448307307602204
118 118 0.8585748546193339
119 119 -0.47887952467847006
120 120 0.4635331356467618
121 121 -0.6666664319184861
122 122 1.9108654240351988
123 123 -0.859309067238935
124 124 -1.6559118908448012
125 125 1.0300447992841404
126 126 -1.1782656934818765
127 127 -0.007086557852762798
128 128 -0.6029012446318207
129 129 -0.6602014576202508
130 130 -1.2553726635923312
131 131 1.645772670815446
132 132 -1.4613494540577852
133 133 0.5428078706841339
134 134 -0.023794577800934306
135 135 0.3548272505481762
136 136 -0.9736026918955454
137 137 -1.9210638009332002
138 138 -0.5229983400571783
139 139 -1.5404737403220108
