0 1 -1.1304347826086956
0 2 -0.08695652173913043
0 3 -1.6521739130434783
0 4 -5.130434782608695
0 5 5.130434782608695
0 6 4.608695652173913
0 7 -2.1739130434782608
0 8 -6.3478260869565215
0 9 -2.1739130434782608
0 10 -0.08695652173913043
0 11 -6.3478260869565215
0 12 2.6956521739130435
0 13 5.130434782608695
0 14 1.3043478260869565
0 15 2.1739130434782608
0 16 0.43478260869565216
0 17 1.1304347826086956
0 18 -5.130434782608695
0 19 -4.608695652173913
0 20 0.7437341982874861
0 21 0.884520663163739
1 2 -6.3478260869565215
1 3 4.608695652173913
1 4 1.1304347826086956
1 5 -1.1304347826086956
1 6 -3.0434782608695654
1 7 -1.4782608695652173
1 8 1.3043478260869565
1 9 -1.4782608695652173
1 10 -6.3478260869565215
1 11 1.3043478260869565
1 12 3.391304347826087
1 13 -1.1304347826086956
1 14 2.0
1 15 1.4782608695652173
1 16 -0.2608695652173913
1 17 -6.521739130434782
1 18 1.1304347826086956
1 19 3.0434782608695654
1 26 -0.49301306534399947
1 27 0.9476531376830557
2 3 -3.391304347826087
2 4 0.08695652173913043
2 5 -0.08695652173913043
2 6 2.869565217391304
2 7 -0.43478260869565216
2 8 2.347826086956522
2 9 -0.43478260869565216
2 10 8.608695652173912
2 11 2.347826086956522
2 12 -2.5217391304347827
2 13 -0.08695652173913043
2 14 -3.9130434782608696
2 15 0.43478260869565216
2 16 -1.3043478260869565
2 17 6.3478260869565215
2 18 0.08695652173913043
2 19 -2.869565217391304
2 32 -0.7323813555272105
2 33 -0.4685238692737579
3 4 1.6521739130434783
3 5 -1.6521739130434783
3 6 -1.1304347826086956
3 7 -1.3043478260869565
3 8 2.869565217391304
3 9 -1.3043478260869565
3 10 -3.391304347826087
3 11 2.869565217391304
3 12 0.782608695652174
3 13 -1.6521739130434783
3 14 2.1739130434782608
3 15 1.3043478260869565
3 16 -3.9130434782608696
3 17 -4.608695652173913
3 18 1.6521739130434783
3 19 1.1304347826086956
3 38 0.9186234162212619
3 39 -0.20162063212383208
4 5 -5.130434782608695
4 6 -4.608695652173913
4 7 2.1739130434782608
4 8 6.3478260869565215
4 9 2.1739130434782608
4 10 0.08695652173913043
4 11 6.3478260869565215
4 12 -2.6956521739130435
4 13 -5.130434782608695
4 14 -1.3043478260869565
4 15 -2.1739130434782608
4 16 -0.43478260869565216
4 17 -1.1304347826086956
4 18 5.130434782608695
4 19 4.608695652173913
4 44 -0.14035085815561477
4 45 -0.5379845004106634
5 6 4.608695652173913
5 7 -2.1739130434782608
5 8 -6.3478260869565215
5 9 -2.1739130434782608
5 10 -0.08695652173913043
5 11 -6.3478260869565215
5 12 2.6956521739130435
5 13 5.130434782608695
5 14 1.3043478260869565
5 15 2.1739130434782608
5 16 0.43478260869565216
5 17 1.1304347826086956
5 18 -5.130434782608695
5 19 -4.608695652173913
5 50 0.8735172636498947
5 51 0.07806046311132575
6 7 -2.0
6 8 -4.782608695652174
6 9 -2.0
6 10 2.869565217391304
6 11 -4.782608695652174
6 12 0.08695652173913043
6 13 4.608695652173913
6 14 1.4782608695652173
6 15 2.0
6 16 -3.217391304347826
6 17 3.0434782608695654
6 18 -4.608695652173913
6 19 -6.521739130434782
6 56 -0.7290505689810507
6 57 -0.8546103993232159
7 8 0.2608695652173913
7 9 4.434782608695652
7 10 -0.43478260869565216
7 11 0.2608695652173913
7 12 -4.608695652173913
7 13 -2.1739130434782608
7 14 0.9565217391304348
7 15 -4.434782608695652
7 16 0.782608695652174
7 17 1.4782608695652173
7 18 2.1739130434782608
7 19 2.0
7 62 0.3207578409830798
7 63 -0.777074960654341
8 9 0.2608695652173913
8 10 2.347826086956522
8 11 10.0
8 12 -1.826086956521739
8 13 -6.3478260869565215
8 14 -3.217391304347826
8 15 -0.2608695652173913
8 16 -2.0
8 17 -1.3043478260869565
8 18 6.3478260869565215
8 19 4.782608695652174
8 68 -0.7387841723252706
8 69 0.8755255969943478
9 10 -0.43478260869565216
9 11 0.2608695652173913
9 12 -4.608695652173913
9 13 -2.1739130434782608
9 14 0.9565217391304348
9 15 -4.434782608695652
9 16 0.782608695652174
9 17 1.4782608695652173
9 18 2.1739130434782608
9 19 2.0
9 74 -0.9991259419209773
9 75 0.9248373255600091
10 11 2.347826086956522
10 12 -2.5217391304347827
10 13 -0.08695652173913043
10 14 -3.9130434782608696
10 15 0.43478260869565216
10 16 -1.3043478260869565
10 17 6.3478260869565215
10 18 0.08695652173913043
10 19 -2.869565217391304
10 80 -0.9875672607639903
10 81 -0.8468552645458722
11 12 -1.826086956521739
11 13 -6.3478260869565215
11 14 -3.217391304347826
11 15 -0.2608695652173913
11 16 -2.0
11 17 -1.3043478260869565
11 18 6.3478260869565215
11 19 4.782608695652174
11 86 -0.03675433779675319
11 87 -0.5066838535200793
12 13 2.6956521739130435
12 14 -1.1304347826086956
12 15 4.608695652173913
12 16 2.869565217391304
12 17 -3.391304347826087
12 18 -2.6956521739130435
12 19 -0.08695652173913043
12 92 0.7307923880105152
12 93 0.5468449382411567
13 14 1.3043478260869565
13 15 2.1739130434782608
13 16 0.43478260869565216
13 17 1.1304347826086956
13 18 -5.130434782608695
13 19 -4.608695652173913
13 98 -0.4514172403651264
13 99 -0.274095304255205
14 15 -0.9565217391304348
14 16 -2.6956521739130435
14 17 -2.0
14 18 -1.3043478260869565
14 19 -1.4782608695652173
14 104 0.13362958144984893
14 105 0.24515997754593588
15 16 -0.782608695652174
15 17 -1.4782608695652173
15 18 -2.1739130434782608
15 19 -2.0
15 110 0.8613570609319083
15 111 0.4233206423940614
16 17 0.2608695652173913
16 18 -0.43478260869565216
16 19 3.217391304347826
16 116 -0.7857826925386708
16 117 -0.7129178511483407
17 18 -1.1304347826086956
17 19 -3.0434782608695654
17 122 -0.09758780869593453
17 123 0.5788244150829458
18 19 4.608695652173913
18 128 0.9638215156526762
18 129 -0.04664079578047042
19 134 0.20711158825026188
19 135 -0.3453963539221869
20 22 -0.902440005279358
20 23 -0.5188304941005812
20 44 0.846990257248214
20 70 -0.42751186291119003
21 24 -0.9262226145594104
21 25 -0.33275970645687614
21 29 -0.6805747214956834
21 109 0.11495980893090163
22 44 0.6696080388909216
22 54 0.43014977810030985
22 82 -0.10499365235057168
23 36 0.6864362404482554
23 129 -0.8688431275732797
25 127 -0.0011493370913604473
26 28 -0.964395645296356
26 29 -0.10987782510456179
26 132 0.3696800232929811
27 30 -0.9078005216227549
27 31 0.0011323371021774165
27 94 0.5902873750186486
28 61 -0.5901452015515527
31 111 -0.5175500998583689
32 34 -0.42819378093716876
32 35 -0.5504787853727848
33 36 -0.946034022045555
33 37 -0.9580092924614754
33 138 0.5802561433798623
35 90 -0.8140226888189916
38 40 -0.39812603517892486
38 41 -0.6581940457145057
38 82 -0.30735408001289977
39 42 -0.4270373250689119
39 43 -0.05727643326343079
39 78 -0.43934425570840707
43 111 0.1431390291701793
44 46 0.26858947972836233
44 47 0.6404452921937722
45 48 -0.927507342851331
45 49 -0.38755838642708507
45 50 -0.18850916335128254
46 51 0.24564642788022995
46 129 0.8187100631870121
50 52 -0.40616042700984956
50 53 -0.43329450972433636
51 54 -0.27732998818425436
51 55 -0.7785632087555008
52 95 0.8902116775592308
53 93 -0.4726183620180795
53 117 -0.12091924835717038
55 112 0.5947713629983495
55 115 0.37894985052890395
56 58 -0.6197076932373089
56 59 -0.24414988495466128
57 60 -0.9325604729179293
57 61 0.25786277882263287
57 102 -0.7259847546080072
58 73 0.49951686351698643
59 96 0.3418688570844206
59 100 0.2290394060831269
59 114 0.352793824913028
59 115 0.23462774894238425
61 121 -0.7314738797608713
62 64 -0.33444254092870085
62 65 -0.13858181837161299
63 66 -0.7934247515602679
63 67 -0.5092503167499167
64 86 0.7951243363152782
68 70 -0.4090147675751288
68 71 -0.9919965182511847
69 72 -0.7229297586071435
69 73 -0.3918237509939837
74 75 0.17267922559769877
74 76 -0.5050237311357346
74 77 0.0195703214463403
75 78 0.2994108742430235
75 79 0.4051293062777377
77 104 -0.6233322219336783
80 82 -0.27062435866891366
80 83 -0.4394021638164458
81 84 -0.7616397081170361
81 85 -0.9903044955343212
82 117 0.6291298144799546
85 128 -0.9745506815042835
86 88 -0.23551519640001373
86 89 -0.7306744249001005
87 90 -0.3859536008515261
87 91 0.6980700923105625
88 125 -0.25847232308970414
91 103 0.6131161009922232
92 94 -0.760321665933398
92 95 -0.16824590023911035
93 96 -0.21532313731263208
93 97 -0.26097716632176593
96 131 0.6111569411943416
96 132 -0.7801751574086593
98 100 -0.8620064519524782
98 101 -0.3002683059261757
98 133 0.005930738336831887
99 102 0.1664056527425699
99 103 -0.6718436569211932
100 107 -0.5300434985502567
104 106 -0.10234373738283153
104 107 -0.5673886661670533
105 108 -0.40216014131252265
105 109 -0.9281444406947674
107 116 -0.63351318243805
109 136 -0.11549868027481391
110 112 0.44290365391163555
110 113 -0.08728379000638609
110 127 -0.5836086937339264
111 114 -0.37121799673264966
111 115 0.6108821234533834
113 128 0.3773084136166689
116 118 -0.8869035270381032
116 119 0.4526509770085727
116 130 -0.8017911087654053
117 120 0.07535393969244408
117 121 -0.6935544585715991
122 124 0.3840689683241152
122 125 -0.15111145046248553
123 126 -0.39627213620325796
123 127 0.3715699589494621
128 130 -0.10997535266681568
128 131 -0.6931970117648714
129 132 -0.7798121140730985
129 133 -0.871288623792859
134 136 0.2682262010336294
134 137 -0.6956530656255624
135 138 -0.7735186510258458
135 139 -0.769286159509851
0 0 1.4373817159105293
1 1 0.2781060578609007
2 2 -1.108730359775321
3 3 -0.9051118025854739
4 4 -1.3804074307549001
5 5 -0.7562209245065734
6 6 1.929524770876827
7 7 1.5772645943412467
8 8 0.7144637991342155
9 9 0.32212332572015034
10 10 -1.1641478210622092
11 11 -1.5372836727460726
12 12 0.335806353231336
13 13 0.4630558037686323
14 14 -1.6663761819521983
15 15 0.001215945079628522
16 16 0.4084184862405565
17 17 -0.6555404418453028
18 18 1.2736539209288926
19 19 -0.275732968693291
20 20 -0.4142416264741997
21 21 -0.7997372004420017
22 22 -1.4087801341644421
23 23 -1.7808860208129484
24 24 -0.12312917632036369
25 25 -0.9497585440289136
26 26 0.6888313821078267
27 27 1.859055254235063
28 28 -1.5009126189857982
29 29 -0.43428164420985516
30 30 -0.8470313548089692
31 31 -1.934956857534944
32 32 -0.025345444188157984
33 33 0.8722797791958028
34 34 0.10194399079404448
35 35 1.1493817890284248
36 36 -0.5178327852826285
37 37 -0.12419427006596306
38 38 -1.4350271843485198
39 39 1.977722472192086
40 40 0.4548500288050561
41 41 0.697195962275198
42 42 -0.7187344466016126
43 43 -0.7892461716391526
44 44 0.9684631058874947
45 45 1.056429360440251
46 46 1.1097848331592508
47 47 -0.2686601170935119
48 48 0.022681977844981827
49 49 -1.947051135410859
50 50 -0.15690199770906066
51 51 1.110720367329249
52 52 -0.7417190531158186
53 53 -0.1815951036631107
54 54 0.11129414648730229
55 55 -0.15882532642612057
56 56 0.5912295675200516
57 57 1.2621760969346543
58 58 -1.089700040679865
59 59 1.694015439350269
60 60 -0.8992744571570972
61 61 -0.14162970062815416
62 62 0.96699345382517
63 63 0.4683247089889573
64 64 -0.8017131511531815
65 65 1.7418562558940287
66 66 -0.12811410284000058
67 67 1.783007699948249
68 68 0.2169707124652298
69 69 0.5816070333205277
70 70 1.6789279299264213
71 71 -1.0235881490493668
72 72 0.33501171240726
73 73 0.33321600511727834
74 74 -0.6780726660947871
75 75 -1.0609451828016159
76 76 1.944730870965785
77 77 0.2116910811284041
78 78 0.7910257218455917
79 79 1.3915816140983877
80 80 0.6873302827695748
81 81 -0.6643292753436105
82 82 -0.6318095438150517
83 83 0.13059617572881743
84 84 1.3478960110453464
85 85 0.043871473319863075
86 86 -1.4648604332980164
87 87 0.19813794158663134
88 88 1.126112106697096
89 89 -1.059247913129405
90 90 0.18093496898093964
91 91 -0.9358239283429924
92 92 -0.8690013850333966
93 93 0.03488827119928839
94 94 0.40042550070182253
95 95 -0.3928690694850761
96 96 1.758412417667542
97 97 -1.4150231979201102
98 98 -1.7977048770864048
99 99 -1.6153043477769606
100 100 -0.6217281770529621
101 101 -1.5152617355551081
102 102 -0.8598996323196239
103 103 -1.186974308923236
104 104 1.892369213159483
105 105 1.4026810096841777
106 106 -1.6964233367591162
107 107 0.7917783414156304
108 108 -0.21377186970489473
109 109 0.2329474957396678
110 110 -0.9445334897069446
111 111 -1.458874850841331
112 112 1.6791464667258476
113 113 -0.8423025259595517
114 114 0.24591203384560556
115 115 1.1672192046594931
116 116 -1.7573678115470257
117 117 0.6564780730059416
118 118 -0.6202608953930802
119 119 0.47695524556181784
120 120 0.29173469808148456
121 121 0.9269875435377664
122 122 0.6409135811078563
123 123 -0.24139378011804924
124 124 0.6344592978642618
125 125 1.9087164182735532
126 126 1.458438709974791
127 127 1.9474676817393577
128 128 -0.6379252405371423
129 129 1.8740534469854957
130 130 0.9782753908606777
131 131 0.8839828671032741
132 132 1.2015753502179565
133 133 1.9225874772792426
134 134 -0.09071478198807537
135 135 1.6282815040300835
136 136 0.3990521592851115
137 137 1.6901011553478265
138 138 0.41767553533205654
139 139 -0.6769336733064462
