0 1 -2.3694779116465865
0 2 -0.040160642570281124
0 3 -1.6465863453815262
0 4 0.040160642570281124
0 5 1.6465863453815262
0 6 0.040160642570281124
0 7 5.261044176706827
0 8 5.983935742971887
0 9 3.57429718875502
0 10 1.6465863453815262
0 11 -2.3694779116465865
0 12 0.44176706827309237
0 13 -5.261044176706827
0 14 -4.056224899598393
0 15 -1.2449799196787148
0 16 1.6465863453815262
0 17 5.983935742971887
0 18 -1.6465863453815262
0 19 1.6465863453815262
0 20 -0.5049578341241663
0 21 0.16473150985071605
1 2 -4.377510040160643
1 3 5.261044176706827
1 4 4.377510040160643
1 5 -5.261044176706827
1 6 -3.6546184738955825
1 7 -0.8433734939759037
1 8 -2.3694779116465865
1 9 0.040160642570281124
1 10 2.7710843373493974
1 11 -1.2449799196787148
1 12 -4.056224899598393
1 13 0.8433734939759037
1 14 7.670682730923695
1 15 -3.1726907630522088
1 16 -5.261044176706827
1 17 -2.3694779116465865
1 18 -2.7710843373493974
1 19 2.7710843373493974
1 26 -0.02660871704975376
1 27 0.5718439520898886
2 3 -7.670682730923695
2 4 -10.0
2 5 7.670682730923695
2 6 -1.9678714859437751
2 7 3.253012048192771
2 8 -0.040160642570281124
2 9 5.582329317269076
2 10 -0.3614457831325301
2 11 3.6546184738955825
2 12 -1.5662650602409638
2 13 -3.253012048192771
2 14 -2.0481927710843375
2 15 0.7630522088353414
2 16 7.670682730923695
2 17 -0.040160642570281124
2 18 0.3614457831325301
2 19 -0.3614457831325301
2 32 -0.6805313067383465
2 33 -0.8039998093922116
3 4 7.670682730923695
3 5 -6.78714859437751
3 6 -0.3614457831325301
3 7 -3.1726907630522088
3 8 -1.6465863453815262
3 9 -4.056224899598393
3 10 1.2449799196787148
3 11 -2.7710843373493974
3 12 0.040160642570281124
3 13 3.1726907630522088
3 14 4.377510040160643
3 15 -0.8433734939759037
3 16 -6.78714859437751
3 17 -1.6465863453815262
3 18 -1.2449799196787148
3 19 1.2449799196787148
3 38 0.3315165159911384
3 39 -0.8623990098569441
4 5 -7.670682730923695
4 6 1.9678714859437751
4 7 -3.253012048192771
4 8 0.040160642570281124
4 9 -5.582329317269076
4 10 0.3614457831325301
4 11 -3.6546184738955825
4 12 1.5662650602409638
4 13 3.253012048192771
4 14 2.0481927710843375
4 15 -0.7630522088353414
4 16 -7.670682730923695
4 17 0.040160642570281124
4 18 -0.3614457831325301
4 19 0.3614457831325301
4 44 0.5851800634846167
4 45 -0.6047790966518807
5 6 0.3614457831325301
5 7 3.1726907630522088
5 8 1.6465863453815262
5 9 4.056224899598393
5 10 -1.2449799196787148
5 11 2.7710843373493974
5 12 -0.040160642570281124
5 13 -3.1726907630522088
5 14 -4.377510040160643
5 15 0.8433734939759037
5 16 6.78714859437751
5 17 1.6465863453815262
5 18 1.2449799196787148
5 19 -1.2449799196787148
5 50 -0.4764837102223398
5 51 -0.3658789496558661
6 7 -3.253012048192771
6 8 0.040160642570281124
6 9 -5.582329317269076
6 10 -7.670682730923695
6 11 4.377510040160643
6 12 1.5662650602409638
6 13 3.253012048192771
6 14 -5.983935742971887
6 15 -0.7630522088353414
6 16 0.3614457831325301
6 17 0.040160642570281124
6 18 7.670682730923695
6 19 -7.670682730923695
6 56 0.5354716508547517
6 57 -0.7879101076708697
7 8 5.261044176706827
7 9 7.670682730923695
7 10 3.1726907630522088
7 11 -0.8433734939759037
7 12 -3.6546184738955825
7 13 -7.590361445783133
7 14 -0.7630522088353414
7 15 -3.57429718875502
7 16 3.1726907630522088
7 17 5.261044176706827
7 18 -3.1726907630522088
7 19 3.1726907630522088
7 62 0.8051053436533826
7 63 0.9361546565562726
8 9 3.57429718875502
8 10 1.6465863453815262
8 11 -2.3694779116465865
8 12 0.44176706827309237
8 13 -5.261044176706827
8 14 -4.056224899598393
8 15 -1.2449799196787148
8 16 1.6465863453815262
8 17 5.983935742971887
8 18 -1.6465863453815262
8 19 1.6465863453815262
8 68 0.42391147224888437
8 69 -0.6474778621357093
9 10 4.056224899598393
9 11 0.040160642570281124
9 12 -5.180722891566265
9 13 -7.670682730923695
9 14 1.5662650602409638
9 15 -3.6546184738955825
9 16 4.056224899598393
9 17 3.57429718875502
9 18 -4.056224899598393
9 19 4.056224899598393
9 74 -0.6870936161202656
9 75 0.1332555730783973
10 11 -5.261044176706827
10 12 -0.040160642570281124
10 13 -3.1726907630522088
10 14 3.6546184738955825
10 15 0.8433734939759037
10 16 -1.2449799196787148
10 17 1.6465863453815262
10 18 -6.78714859437751
10 19 6.78714859437751
10 80 0.02779821915834013
10 81 -0.11046997454866103
11 12 -4.056224899598393
11 13 0.8433734939759037
11 14 -0.3614457831325301
11 15 -3.1726907630522088
11 16 2.7710843373493974
11 17 -2.3694779116465865
11 18 5.261044176706827
11 19 -5.261044176706827
11 86 0.5219268130082844
11 87 0.05012495596795974
12 13 3.6546184738955825
12 14 -5.582329317269076
12 15 7.670682730923695
12 16 -0.040160642570281124
12 17 0.44176706827309237
12 18 0.040160642570281124
12 19 -0.040160642570281124
12 92 -0.8605782501659678
12 93 -0.6213784298348162
13 14 0.7630522088353414
13 15 3.57429718875502
13 16 -3.1726907630522088
13 17 -5.261044176706827
13 18 3.1726907630522088
13 19 -3.1726907630522088
13 98 0.7435717180463395
13 99 -0.46078473915046536
14 15 -3.253012048192771
14 16 -4.377510040160643
14 17 -4.056224899598393
14 18 -3.6546184738955825
14 19 3.6546184738955825
14 104 -0.7134861349870694
14 105 0.57056124402148
15 16 0.8433734939759037
15 17 -1.2449799196787148
15 18 -0.8433734939759037
15 19 0.8433734939759037
15 110 0.9404598794378756
15 111 -0.8088381969750504
16 17 1.6465863453815262
16 18 1.2449799196787148
16 19 -1.2449799196787148
16 116 0.9544937976952037
16 117 -0.6960306721665148
17 18 -1.6465863453815262
17 19 1.6465863453815262
17 122 0.44946614236213556
17 123 0.9809103391554392
18 19 -6.78714859437751
18 128 0.04784674654281873
18 129 -0.36296220003582036
19 134 -0.3191673753080506
19 135 0.7094118335722193
20 22 -0.9620351206034785
20 23 0.30075850978360097
21 24 -0.6102043909901607
21 25 0.11059853379572515
21 123 0.5106183485202627
22 30 0.4454480605069284
22 74 -0.9215878179603896
22 108 0.4122782296933438
24 30 -0.5883444312764372
24 40 0.6732008362208002
24 133 0.8149925927835184
25 43 0.6986310980328012
25 83 0.11026006369429364
26 28 -0.4255015827487354
26 29 -0.9812888055436166
26 37 0.7410251837554931
26 50 0.516245898444476
27 30 -0.2668687683633293
27 31 0.3693135407382955
27 123 -0.5013816220767342
28 93 0.46408988599631873
29 49 -0.12141760896728604
30 46 -0.5524083326607157
32 34 0.3449277519762657
32 35 -0.8541734173348288
33 36 0.6230602630454039
33 37 -0.5309160795014123
35 68 0.4733012649632786
35 74 -0.5297722470888544
36 119 0.3993963327260257
38 40 0.4573993752545682
38 41 -0.08277645780763199
38 51 -0.6327375879025159
39 42 -0.2989603688973037
39 43 -0.3409822600671457
43 106 0.8826277306517389
43 120 -0.6223589556062148
44 46 -0.624084048668478
44 47 -0.8639145735726641
45 48 -0.1358129148097511
45 49 -0.739729091448535
46 75 -0.35398203687274776
50 52 0.1337091277194662
50 53 -0.7656208517461909
50 92 -0.5824322221779852
50 117 -0.3864243396626603
50 139 0.1228188839720541
51 54 0.02344825118263416
51 55 -0.20313824615661513
51 123 -0.7942445325851473
54 131 0.5562251539279479
56 58 0.09896419599481132
56 59 0.3789662001429257
57 60 0.7222052210836125
57 61 -0.10396392434537449
58 99 -0.8553723406645919
58 130 -0.0526797440504545
59 121 -0.9349388799740688
61 80 -0.39119490430195913
62 64 -0.47540960694615997
62 65 -0.6656167769536376
63 66 -0.49786794932274603
63 67 0.2891906983120631
66 125 0.5320378857141235
67 68 0.8092941283576167
67 104 -0.4983789242482146
68 70 -0.8724509816307184
68 71 -0.9853265053980163
68 72 -0.37881449297682823
69 72 -0.3159698646263598
69 73 0.610018361847686
70 133 0.9225491351758071
74 76 -0.8333159429359267
74 77 -0.03870599201732983
74 85 -0.1204374789076319
75 78 -0.9400616264021351
75 79 0.012488751791117858
75 131 -0.08702881860505474
80 82 0.11599323871434697
80 83 -0.8996501508922647
81 84 -0.5773702078200009
81 85 -0.4734189120743215
82 127 -0.3263934086017892
83 118 0.08883048159446938
85 129 -0.9804867348520272
86 88 -0.8715722681328089
86 89 0.36482380458426533
86 90 0.329811838450788
86 94 0.007299441813924723
87 90 -0.3903724393909922
87 91 -0.886926853799729
88 102 -0.7589185769035813
90 101 -0.7997300343116673
90 104 -0.8495751085587468
92 94 0.1739687106352863
92 95 -0.6262576679987646
92 98 0.12461867021314421
93 96 -0.5544236725758671
93 97 0.08705029957568744
98 100 -0.2138515726518564
98 101 -0.26136535566532837
99 102 -0.8334861971201213
99 103 -0.4537781776636687
100 109 -0.3917231159622796
104 106 -0.6276479705291185
104 107 -0.6013423883903184
105 108 -0.7232389923030653
105 109 -0.36685643472688834
106 112 0.7412211785439364
110 112 -0.7757769184391283
110 113 -0.3696072454333652
111 114 0.04200058952050312
111 115 -0.29100111805844775
116 118 0.6939272683015456
116 119 -0.8792047709406805
117 120 -0.9046033536423104
117 121 -0.8165705858770675
122 124 -0.9945284148527409
122 125 0.11785378583357153
123 126 -0.4969619273439818
123 127 -0.040117748034140144
128 130 -0.9280496236015712
128 131 -0.8733307736191269
129 132 0.7801971299627299
129 133 -0.8765468238739844
134 136 -0.9020049217808335
134 137 0.18272108509470142
135 138 -0.45001768181502966
135 139 -0.6012807758849847
0 0 -0.30617146795621997
1 1 0.49214411401862224
2 2 0.6869716285148929
3 3 1.529597931914296
4 4 0.7597746144543837
5 5 -0.2246416767993771
6 6 -1.7351466344325686
7 7 0.6270893099301049
8 8 -1.3009993591312918
9 9 0.07690110881964207
10 10 1.2132770967209918
11 11 0.6800831815951991
12 12 1.8867474102011887
13 13 0.602487509424261
14 14 1.209915958755877
15 15 1.6310804308594251
16 16 -1.3922038318760936
17 17 0.8539718932486058
18 18 1.8977946267412593
19 19 -1.4327477775564676
20 20 -1.549523239822187
21 21 -0.3421232046385763
22 22 -1.764394371663939
23 23 1.3512330443036058
24 24 1.8687560366319376
25 25 0.4838971373570838
26 26 0.4468871151863634
27 27 0.6221576203731964
28 28 -0.8786918370652419
29 29 -1.7137892148000031
30 30 0.5313975862451263
31 31 -1.0655871375706418
32 32 -0.9737889856143567
33 33 -0.0979633528677426
34 34 -0.6453745862245257
35 35 1.2165602020531443
36 36 -0.35320187479531384
37 37 1.6350720046224898
38 38 1.252613830680238
39 39 -0.029860684681700004
40 40 -1.448086322997213
41 41 -1.9422780806198006
42 42 1.2599952273089485
43 43 0.7629545218741658
44 44 0.6973668070806571
45 45 -0.3863686103028346
46 46 -1.2214158543170304
47 47 -0.5739237874844538
48 48 -0.3480234715702859
49 49 -1.948785931392654
50 50 0.21845433443109163
51 51 0.9814516169103604
52 52 -1.054955340087457
53 53 0.5690391686430019
54 54 -1.6782242569142682
55 55 -0.11631100741641599
56 56 -0.6497000181218953
57 57 -0.16170632235957028
58 58 -0.5668551647732554
59 59 -1.1145970742087985
60 60 -1.5809030653797795
61 61 0.9846627250111779
62 62 0.12910917956573797
63 63 -1.4749844586471093
64 64 -0.7845201715168804
65 65 1.8382965260397754
66 66 1.093501298938305
67 67 0.21523335078683606
68 68 -0.7013768817698796
69 69 -1.8417540812533089
70 70 1.300867663218972
71 71 -0.19692897609945303
72 72 1.452917035199006
73 73 -1.1693651477063525
74 74 0.5789004747710131
75 75 1.5843810441263333
76 76 -0.26218007745757754
77 77 0.537984398068617
78 78 -1.2538190663275386
79 79 0.6008840955358115
80 80 -1.0099178782660116
81 81 1.8103059775889832
82 82 0.7280259524441801
83 83 -0.6246521852483591
84 84 0.7939531922864087
85 85 -1.5643016596492059
86 86 -1.3432176576743113
87 87 1.8384288695285356
88 88 -1.6037060900542677
89 89 1.4328639416723918
90 90 -1.3741365626547144
91 91 -0.22593528960185252
92 92 1.7371364307795472
93 93 -0.15948907670185974
94 94 -1.3617861452668265
95 95 1.9669409191762721
96 96 -0.08096419209291739
97 97 -1.428947125359318
98 98 -0.4060536774233317
99 99 0.6483039233357301
100 100 0.7822217103240191
101 101 -1.183102470284716
102 102 -1.4719662091567152
103 103 -1.982949998229239
104 104 0.8833958047046031
105 105 1.2026006753976266
106 106 -1.5685915612849375
107 107 0.656131200392466
108 108 -1.092919930286988
109 109 0.3780350104447483
110 110 1.3587112517993605
111 111 1.52325816725574
112 112 0.38501147292626575
113 113 1.4709894711688247
114 114 0.05270072736507459
115 115 -1.8670458297123682
116 116 0.29921615611314234
117 117 0.24014955634722712
118 118 -1.3838066056348495
119 119 -1.5086668041759865
120 120 0.07177015228059558
121 121 1.427823040894062
122 122 1.2302915054077173
123 123 1.3660391196343138
124 124 1.3951911885403532
125 125 0.27085283358821366
126 126 -0.5828627015776906
127 127 -1.8485204072483223
128 128 -1.5637959697066863
129 129 -1.161894010777711
130 130 0.9787408710134406
131 131 0.2796311500056694
132 132 0.7850837554262201
133 133 -1.5462022411970808
134 134 0.4628494021870422
135 135 -1.7727812627972606
136 136 1.981748161707631
137 137 0.5577701361855292
138 138 1.7546945886117409
139 139 -0.6330767706295077
