0	1	4560
0	2	-1216
0	3	1688
0	4	1040
0	5	-248
0	6	-1424
0	7	-2040
0	8	-280
0	9	2800
0	10	1512
0	11	1952
0	12	-2304
0	13	864
0	14	-632
0	15	2392
0	16	-864
0	17	-688
0	18	2272
0	19	-688
0	20	-280
0	21	-3064
1	2	-2040
1	3	2800
1	4	2216
1	5	864
1	6	-1128
1	7	-2448
1	8	-336
1	9	2392
1	10	1040
1	11	2536
1	12	-2184
1	13	456
1	14	-1920
1	15	2096
1	16	-456
1	17	-632
1	18	2920
1	19	-632
1	20	-336
1	21	-4064
2	3	-3328
2	4	-3624
2	5	-1392
2	6	-280
2	7	1040
2	8	-1072
2	9	72
2	10	-3504
2	11	-1128
2	12	776
2	13	72
2	14	4384
2	15	-688
2	16	-72
2	17	104
2	18	-4328
2	19	2040
2	20	864
2	21	-336
3	4	1216
3	5	1512
3	6	688
3	7	-3800
3	8	1832
3	9	1040
3	10	1336
3	11	1776
3	12	-192
3	13	1040
3	14	-2392
3	15	2216
3	16	-1040
3	17	-864
3	18	2448
3	19	-864
3	20	1832
3	21	-1304
4	5	1216
4	6	456
4	7	1072
4	8	1248
4	9	-1832
4	10	1392
4	11	952
4	12	-600
4	13	-1832
4	14	-4208
4	15	512
4	16	-104
4	17	1656
4	18	2568
4	19	-280
4	20	-688
4	21	160
5	6	688
5	7	72
5	8	-104
5	9	-896
5	10	-600
5	11	1776
5	12	1744
5	13	-896
5	14	-2392
5	15	-1656
5	16	896
5	17	-2800
5	18	512
5	19	-864
5	20	1832
5	21	632
6	7	-336
6	8	1776
6	9	-3240
6	10	-1072
6	11	-1512
6	12	1864
6	13	-3240
6	14	192
6	15	-16
6	16	1304
6	17	-808
6	18	-776
6	19	3064
6	20	1776
6	21	1568
7	8	-1480
7	9	-688
7	10	-1688
7	11	-192
7	12	2480
7	13	-2624
7	14	808
7	15	-2568
7	16	2624
7	17	2448
7	18	-2096
7	19	512
7	20	-1480
7	21	2888
8	9	-2448
8	10	72
8	11	-368
8	12	-1216
8	13	-512
8	14	-952
8	15	1128
8	16	-1424
8	17	336
8	18	16
8	19	2272
8	20	2568
8	21	776
9	10	1216
9	11	2712
9	12	-424
9	13	2216
9	14	1776
9	15	2272
9	16	-280
9	17	-456
9	18	808
9	19	-2392
9	20	-512
9	21	-1952
10	11	-336
10	12	-1952
10	13	1216
10	14	-2216
10	15	2040
10	16	-1216
10	17	-1040
10	18	4560
10	19	-2976
10	20	-1864
10	21	456
11	12	-456
11	13	776
11	14	-720
11	15	544
11	16	-776
11	17	-600
11	18	248
11	19	-600
11	20	1568
11	21	-1040
12	13	-2360
12	14	1072
12	15	-896
12	16	2360
12	17	248
12	18	-1832
12	19	248
12	20	720
12	21	2624
13	14	-160
13	15	336
13	16	-2216
13	17	-456
13	18	808
13	19	-2392
13	20	-512
13	21	-1952
14	15	776
14	16	160
14	17	-16
14	18	-3504
14	19	1920
14	20	984
14	21	424
15	16	-2272
15	17	-160
15	18	1744
15	19	-160
15	20	1128
15	21	-600
16	17	456
16	18	-808
16	19	456
16	20	-1424
16	21	16
17	18	-984
17	19	632
17	20	-1600
17	21	192
18	19	-2920
18	20	-1920
18	21	-544
19	20	2272
19	21	192
20	21	776
