0	1	-452
0	2	-452
0	3	2276
0	4	-2100
0	5	-1836
0	6	1044
0	7	-2540
0	8	3004
0	9	-340
0	10	-1748
0	11	100
0	12	-1244
0	13	1332
0	14	3180
0	15	2388
0	16	-892
0	17	692
0	18	980
0	19	2212
0	20	-1684
0	21	188
1	2	1308
1	3	-1772
1	4	-1924
1	5	276
1	6	-1068
1	7	-2364
1	8	1244
1	9	-2100
1	10	2300
1	11	276
1	12	516
1	13	-428
1	14	1420
1	15	628
1	16	868
1	17	-3356
1	18	-780
1	19	452
1	20	-1860
1	21	364
2	3	164
2	4	12
2	5	-3596
2	6	-1068
2	7	-428
2	8	-692
2	9	1772
2	10	364
2	11	2212
2	12	-1420
2	13	3444
2	14	-516
2	15	628
2	16	-1068
2	17	516
2	18	1156
2	19	452
2	20	76
2	21	-1572
3	4	-780
3	5	-516
3	6	1660
3	7	716
3	8	452
3	9	2916
3	10	-428
3	11	1420
3	12	-2564
3	13	716
3	14	628
3	15	1772
3	16	-276
3	17	1308
3	18	364
3	19	-340
3	20	-1068
3	21	-2364
4	5	340
4	6	-1484
4	7	1044
4	8	-628
4	9	780
4	10	-1684
4	11	-1596
4	12	804
4	13	1044
4	14	-804
4	15	-1948
4	16	452
4	17	2740
4	18	1396
4	19	-1772
4	20	1244
4	21	-1684
5	6	716
5	7	780
5	8	-892
5	9	-1420
5	10	1924
5	11	-1860
5	12	1068
5	13	-3092
5	14	868
5	15	-276
5	16	2652
5	17	-868
5	18	-2740
5	19	-100
5	20	1508
5	21	-12
6	7	1948
6	8	-252
6	9	276
6	10	-1132
6	11	716
6	12	-3796
6	13	12
6	14	-76
6	15	3004
6	16	2364
6	17	-1860
6	18	-340
6	19	-1044
6	20	1572
6	21	804
7	8	-2124
7	9	3156
7	10	692
7	11	-1156
7	12	-1572
7	13	-452
7	14	-4236
7	15	428
7	16	12
7	17	364
7	18	-100
7	19	-3268
7	20	2740
7	21	-1244
8	9	-452
8	10	-980
8	11	-892
8	12	100
8	13	-188
8	14	1836
8	15	692
8	16	-252
8	17	100
8	18	2100
8	19	868
8	20	-1396
8	21	-980
9	10	428
9	11	516
9	12	-1308
9	13	1220
9	14	-2564
9	15	164
9	16	-1660
9	17	2564
9	18	1572
9	19	-1596
9	20	1068
9	21	-3444
10	11	-1948
10	12	1156
10	13	-1244
10	14	-1156
10	15	-364
10	16	-1132
10	17	-780
10	18	-2828
10	19	1748
10	20	-340
10	21	-2036
11	12	-868
11	13	780
11	14	868
11	15	-276
11	16	716
11	17	-868
11	18	1132
11	19	-100
11	20	-428
11	21	1924
12	13	-1572
12	14	276
12	15	-4388
12	16	-1860
12	17	1660
12	18	12
12	19	1244
12	20	-716
12	21	1156
13	14	1572
13	15	428
13	16	12
13	17	2300
13	18	1836
13	19	604
13	20	804
13	21	-1244
14	15	516
14	16	1860
14	17	276
14	18	-12
14	19	2628
14	20	-1220
14	21	780
15	16	1068
15	17	-2452
15	18	-1156
15	19	-452
15	20	-76
15	21	-364
16	17	-1860
16	18	-340
16	19	-1044
16	20	1572
16	21	804
17	18	1948
17	19	1244
17	20	1220
17	21	-2716
18	19	-980
18	20	452
18	21	-892
19	20	-252
19	21	-188
20	21	-340
