0	1	148
0	2	-3580
0	3	-28
0	4	940
0	5	2612
0	6	-468
0	7	-556
0	8	-292
0	9	-588
0	10	-3900
0	11	-3228
0	12	1556
0	13	-204
0	14	940
0	15	-3668
0	16	-292
0	17	3812
0	18	-28
0	19	-1084
0	20	-1172
0	21	-556
1	2	-1084
1	3	820
1	4	1788
1	5	116
1	6	-676
1	7	-588
1	8	1084
1	9	3668
1	10	820
1	11	2436
1	12	-764
1	13	-940
1	14	-148
1	15	-996
1	16	-852
1	17	-732
1	18	820
1	19	-60
1	20	28
1	21	-2524
2	3	676
2	4	-292
2	5	-2492
2	6	236
2	7	2084
2	8	-1524
2	9	-1292
2	10	2612
2	11	1876
2	12	-1612
2	13	500
2	14	-2228
2	15	1436
2	16	412
2	17	-2700
2	18	-1260
2	19	1556
2	20	1468
2	21	2084
3	4	28
3	5	292
3	6	-2436
3	7	1524
3	8	-676
3	9	1556
3	10	-940
3	11	324
3	12	-588
3	13	-764
3	14	28
3	15	-1172
3	16	-676
3	17	1028
3	18	996
3	19	3988
3	20	-1732
3	21	-2348
4	5	1260
4	6	-1468
4	7	-1380
4	8	-1644
4	9	588
4	10	28
4	11	-644
4	12	-3492
4	13	2140
4	14	-940
4	15	-2140
4	16	-3580
4	17	60
4	18	1964
4	19	-852
4	20	1172
4	21	-1380
5	6	-3140
5	7	-1116
5	8	556
5	9	324
5	10	-1644
5	11	-2844
5	12	644
5	13	-1468
5	14	-676
5	15	-2404
5	16	-1380
5	17	1732
5	18	292
5	19	-588
5	20	-500
5	21	-1116
6	7	1964
6	8	1700
6	9	-820
6	10	-500
6	11	1820
6	12	1788
6	13	-324
6	14	468
6	15	2260
6	16	-236
6	17	-1348
6	18	-2436
6	19	-1380
6	20	-1292
6	21	3900
7	8	1788
7	9	1028
7	10	-412
7	11	-204
7	12	-60
7	13	-2172
7	14	-3316
7	15	236
7	16	-148
7	17	500
7	18	-2348
7	19	2580
7	20	-1204
7	21	2052
8	9	1292
8	10	-676
8	11	1996
8	12	1612
8	13	-4372
8	14	292
8	15	500
8	16	-412
8	17	-1172
8	18	-2612
8	19	380
8	20	-1468
8	21	-148
9	10	1556
9	11	996
9	12	-732
9	13	-556
9	14	-1348
9	15	556
9	16	-644
9	17	292
9	18	1556
9	19	500
9	20	412
9	21	-2844
10	11	2260
10	12	-2524
10	13	1172
10	14	-1908
10	15	2700
10	16	1260
10	17	-2844
10	18	996
10	19	116
10	20	2140
10	21	-412
11	12	-28
11	13	-1788
11	14	1292
11	15	1788
11	16	60
11	17	-4284
11	18	-1612
11	19	1204
11	20	-820
11	21	-204
12	13	-2348
12	14	2316
12	15	412
12	16	1612
12	17	676
12	18	-2524
12	19	-1468
12	20	-1380
12	21	1876
13	14	204
13	15	588
13	16	-500
13	17	852
13	18	3108
13	19	-1644
13	20	2316
13	21	-236
14	15	-204
14	16	292
14	17	60
14	18	28
14	19	-852
14	20	-764
14	21	-1380
15	16	500
15	17	-2788
15	18	764
15	19	-292
15	20	-380
15	21	2172
16	17	764
16	18	-676
16	19	380
16	20	468
16	21	-148
17	18	1028
17	19	-28
17	20	-116
17	21	-1436
18	19	116
18	20	204
18	21	-2348
19	20	-2612
19	21	-1292
20	21	-1204
