0	1	2384
0	2	-1152
0	3	4496
0	4	1840
0	5	-872
0	6	-536
0	7	-3248
0	8	1504
0	9	-960
0	10	3160
0	11	-536
0	12	960
0	13	-2104
0	14	-1048
0	15	872
0	16	-1152
0	17	960
0	18	1136
0	19	448
0	20	3072
0	21	-1240
1	2	1312
1	3	3968
1	4	2368
1	5	536
1	6	-1944
1	7	-1840
1	8	-960
1	9	2384
1	10	-184
1	11	1928
1	12	3424
1	13	1240
1	14	-1576
1	15	1400
1	16	-624
1	17	-448
1	18	1664
1	19	-80
1	20	3600
1	21	-712
2	3	1136
2	4	-1664
2	5	696
2	6	712
2	7	-800
2	8	256
2	9	2720
2	10	-1048
2	11	-1224
2	12	3088
2	13	-8
2	14	872
2	15	-696
2	16	-608
2	17	1152
2	18	976
2	19	-624
2	20	-960
2	21	-520
3	4	256
3	5	-1224
3	6	-184
3	7	-1664
3	8	1152
3	9	624
3	10	1576
3	11	1752
3	12	3248
3	13	-520
3	14	536
3	15	3160
3	16	-2736
3	17	1312
3	18	1488
3	19	-1840
3	20	1488
3	21	-888
4	5	1752
4	6	-344
4	7	-1680
4	8	-2560
4	9	1840
4	10	-168
4	11	1592
4	12	96
4	13	1048
4	14	-1944
4	15	-1752
4	16	2208
4	17	-1840
4	18	-80
4	19	2368
4	20	3792
4	21	-1576
5	6	-624
5	7	-1224
5	8	-4216
5	9	1064
5	10	1136
5	11	1312
5	12	-1064
5	13	1856
5	14	-960
5	15	-1152
5	16	2632
5	17	872
5	18	-2824
5	19	2472
5	20	1048
5	21	-1328
6	7	-184
6	8	872
6	9	-536
6	10	272
6	11	96
6	12	-1400
6	13	608
6	14	3424
6	15	-1312
6	16	-1224
6	17	536
6	18	-1576
6	19	-1944
6	20	-1576
6	21	-1136
7	8	-784
7	9	624
7	10	-2296
7	11	1752
7	12	-624
7	13	-520
7	14	536
7	15	1224
7	16	-800
7	17	-624
7	18	-448
7	19	-1840
7	20	-2384
7	21	1048
8	9	-2368
8	10	696
8	11	-3000
8	12	432
8	13	-1576
8	14	1416
8	15	344
8	16	-1680
8	17	432
8	18	2544
8	19	-960
8	20	-1328
8	21	2104
9	10	-2648
9	11	1400
9	12	2896
9	13	-168
9	14	-1048
9	15	-1064
9	16	784
9	17	-976
9	18	1136
9	19	448
9	20	1136
9	21	-1240
10	11	272
10	12	-1224
10	13	432
10	14	-624
10	15	800
10	16	888
10	17	712
10	18	-1400
10	19	1752
10	20	536
10	21	-960
11	12	536
11	13	2544
11	14	-448
11	15	2560
11	16	712
11	17	-1400
11	18	-1576
11	19	-8
11	20	360
11	21	-1136
12	13	168
12	14	-888
12	15	1064
12	16	-784
12	17	-960
12	18	2736
12	19	-448
12	20	800
12	21	-696
13	14	-256
13	15	80
13	16	1928
13	17	-1768
13	18	-1592
13	19	1240
13	20	344
13	21	-96
14	15	960
14	16	-3000
14	17	2984
14	18	-712
14	19	-3512
14	20	-2648
14	21	784
15	16	-2632
15	17	1064
15	18	888
15	19	-2472
15	20	-1048
15	21	-608
16	17	-2720
16	18	-960
16	19	5184
16	20	976
16	21	-520
17	18	-1136
17	19	-2384
17	20	-1136
17	21	1240
18	19	-272
18	20	624
18	21	-872
19	20	1664
19	21	-712
20	21	-872
