0	1	-1736
0	2	-3568
0	3	2984
0	4	4296
0	5	240
0	6	-3296
0	7	1176
0	8	5336
0	9	-9120
0	10	-240
0	11	3088
0	12	4232
0	13	-2632
0	14	3192
0	15	4752
0	16	-2152
0	17	-2112
0	18	-592
0	19	6376
0	20	1944
0	21	-2256
0	22	800
0	23	1904
0	24	-4752
0	25	1800
1	2	5272
1	3	3712
1	4	864
1	5	2216
1	6	4088
1	7	448
1	8	-6208
1	9	968
1	10	3192
1	11	1112
1	12	-3152
1	13	6208
1	14	3920
1	15	-2632
1	16	2528
1	17	6728
1	18	-4024
1	19	240
1	20	-2736
1	21	-280
1	22	-3880
1	23	-1528
1	24	2632
1	25	1072
2	3	4296
2	4	-760
2	5	6000
2	6	1424
2	7	-3048
2	8	904
2	9	1840
2	10	-592
2	11	-6624
2	12	344
2	13	-904
2	14	-4024
2	15	-2880
2	16	280
2	17	3984
2	18	1424
2	19	-2840
2	20	-2776
2	21	3088
2	22	3776
2	23	-1072
2	24	2880
2	25	-968
3	4	384
3	5	1736
3	6	-136
3	7	6208
3	8	4752
3	9	280
3	10	-1736
3	11	344
3	12	-800
3	13	656
3	14	240
3	15	1384
3	16	-1280
3	17	2840
3	18	-2840
3	19	-1696
3	20	-1216
3	21	-1176
3	22	-2776
3	23	72
3	24	1320
3	25	5584
4	5	2840
4	6	-696
4	7	-1632
4	8	5232
4	9	-9224
4	10	2568
4	11	488
4	12	-1072
4	13	176
4	14	592
4	15	4856
4	16	-2256
4	17	-4712
4	18	-696
4	19	864
4	20	2048
4	21	-2360
4	22	904
4	23	-3608
4	24	-2152
4	25	-3712
5	6	656
5	7	-2984
5	8	3880
5	9	240
5	10	3920
5	11	-864
5	12	280
5	13	1528
5	14	-3464
5	15	6208
5	16	1800
5	17	4752
5	18	656
5	19	2216
5	20	-2008
5	21	-1008
5	22	4960
5	23	-4960
5	24	-800
5	25	344
6	7	-1112
6	8	-5064
6	9	-3296
6	10	4752
6	11	-32
6	12	6520
6	13	-3048
6	14	72
6	15	1632
6	16	968
6	17	2880
6	18	-176
6	19	-4024
6	20	-3880
6	21	864
6	22	-2320
6	23	-3088
6	24	-1632
6	25	4920
7	8	2112
7	9	-4232
7	10	2984
7	11	-1800
7	12	-3360
7	13	3296
7	14	3712
7	15	2568
7	16	-2672
7	17	-1592
7	18	-3816
7	19	-2256
7	20	-240
7	21	-2776
7	22	-1384
7	23	-1320
7	24	8248
7	25	1280
8	9	-5480
8	10	1528
8	11	2152
8	12	-2112
8	13	-3568
8	14	-3152
8	15	6520
8	16	1488
8	17	-344
8	18	344
8	19	4608
8	20	-1696
8	21	-6728
8	22	7976
8	23	-2568
8	24	-1112
8	25	32
9	10	-2944
9	11	384
9	12	-3880
9	13	2776
9	14	488
9	15	-6064
9	16	3256
9	17	6000
9	18	2112
9	19	-1736
9	20	-760
9	21	448
9	22	-1904
9	23	-800
9	24	3360
9	25	1800
10	11	-4544
10	12	-2984
10	13	-1528
10	14	760
10	15	4608
10	16	904
10	17	-2048
10	18	2048
10	19	-2216
10	20	2008
10	21	-4400
10	22	3152
10	23	-448
10	24	3504
10	25	-344
11	12	-904
11	13	3256
11	14	5544
11	15	1280
11	16	4232
11	17	2736
11	18	-2736
11	19	6520
11	20	-4024
11	21	-1072
11	22	-2880
11	23	176
11	24	-1280
11	25	280
12	13	-6000
12	14	-6416
12	15	2840
12	16	2672
12	17	1592
12	18	3816
12	19	-3152
12	20	240
12	21	72
12	22	-4024
12	23	-1384
12	24	-2840
12	25	4128
13	14	3152
13	15	4296
13	16	-1488
13	17	3048
13	18	-344
13	19	3504
13	20	-1008
13	21	6728
13	22	-2568
13	23	5272
13	24	6520
13	25	-5440
14	15	1176
14	16	-3776
14	17	-72
14	18	-2632
14	19	1216
14	20	-4128
14	21	1736
14	22	-2984
14	23	280
14	24	4232
14	25	3088
15	16	488
15	17	-1632
15	18	1632
15	19	72
15	20	-280
15	21	592
15	22	864
15	23	1840
15	24	3088
15	25	1944
16	17	1736
16	18	-1736
16	19	-2880
16	20	384
16	21	-8808
16	22	1944
16	23	-4648
16	24	2216
16	25	3360
17	18	2880
17	19	4024
17	20	-6936
17	21	-3568
17	22	-3088
17	23	-2320
17	24	-1072
17	25	3192
18	19	-4024
18	20	4232
18	21	3568
18	22	384
18	23	5024
18	24	-4336
18	25	-488
19	20	-2736
19	21	-280
19	22	1528
19	23	1176
19	24	-5480
19	25	-7040
20	21	3192
20	22	-1736
20	23	4440
20	24	-5128
20	25	1840
21	22	-3360
21	23	8768
21	24	-592
21	25	-4856
22	23	-2112
22	24	1840
22	25	696
23	24	-1840
23	25	-3400
24	25	760
