0	1	-3048
0	2	-2008
0	3	5168
0	4	-2568
0	5	-2112
0	6	72
0	7	-3880
0	8	-1632
0	9	-2568
0	10	-6416
0	11	-864
0	12	-4920
0	13	136
0	14	2216
0	15	-6936
0	16	5336
0	17	6936
0	18	136
0	19	-904
0	20	5896
0	21	-4192
0	22	3088
0	23	-2464
0	24	2776
0	25	552
1	2	552
1	3	1488
1	4	-1384
1	5	-4752
1	6	-1528
1	7	2424
1	8	-2320
1	9	4024
1	10	-240
1	11	-3296
1	12	760
1	13	-1384
1	14	-3464
1	15	5688
1	16	-1176
1	17	-280
1	18	4024
1	19	-344
1	20	-4648
1	21	32
1	22	864
1	23	3920
1	24	-4232
1	25	904
2	3	3152
2	4	7768
2	5	2320
2	6	-2568
2	7	-1320
2	8	1424
2	9	2360
2	10	-1904
2	11	1072
2	12	-280
2	13	2360
2	14	-2424
2	15	1320
2	16	2568
2	17	4088
2	18	2360
2	19	3400
2	20	-5688
2	21	1696
2	22	-10992
2	23	-3152
2	24	2840
2	25	-760
3	4	6832
3	5	3256
3	6	-4336
3	7	-3088
3	8	3192
3	9	-1280
3	10	2568
3	11	-6104
3	12	-2048
3	13	-1280
3	14	4752
3	15	-5024
3	16	1632
3	17	10432
3	18	4128
3	19	2464
3	20	656
3	21	-72
3	22	-1944
3	23	1320
3	24	3776
3	25	-1696
4	5	4960
4	6	1736
4	7	-4920
4	8	4816
4	9	-1528
4	10	32
4	11	800
4	12	-552
4	13	-1528
4	14	-2152
4	15	2216
4	16	-1736
4	17	5896
4	18	1176
4	19	5544
4	20	-552
4	21	176
4	22	-6064
4	23	-4128
4	24	1736
4	25	-1112
5	6	-2464
5	7	-6624
5	8	4024
5	9	4960
5	10	696
5	11	1176
5	12	2528
5	13	2256
5	14	176
5	15	-1488
5	16	-240
5	17	1488
5	18	2256
5	19	592
5	20	2528
5	21	-904
5	22	-72
5	23	2152
5	24	240
5	25	-864
6	7	-3400
6	8	3504
6	9	-968
6	10	-2528
6	11	-1008
6	12	5752
6	13	-3672
6	14	-344
6	15	696
6	16	4648
6	17	-3400
6	18	1736
6	19	2776
6	20	-5064
6	21	-384
6	22	-2256
6	23	-3776
6	24	3464
6	25	-4088
7	8	-448
7	9	-2216
7	10	4336
7	11	-2464
7	12	-1112
7	13	3192
7	14	-1592
7	15	2152
7	16	696
7	17	-2152
7	18	-2216
7	19	-3880
7	20	-3816
7	21	6272
7	22	-1008
7	23	3088
7	24	-696
7	25	5480
8	9	-592
8	10	968
8	11	-136
8	12	3920
8	13	2112
8	14	-6624
8	15	-2256
8	16	-800
8	17	2256
8	18	2112
8	19	-1632
8	20	-6896
8	21	1944
8	22	-1592
8	23	-488
8	24	3504
8	25	-176
9	10	2736
9	11	3504
9	12	2152
9	13	-1528
9	14	-2152
9	15	-488
9	16	-4440
9	17	488
9	18	6584
9	19	-5272
9	20	2152
9	21	-5232
9	22	-656
9	23	-4128
9	24	-6376
9	25	1592
10	11	-760
10	12	3296
10	13	32
10	14	-592
10	15	-1632
10	16	-2880
10	17	-1072
10	18	32
10	19	-1008
10	20	-2112
10	21	-4088
10	22	488
10	23	-2568
10	24	2880
10	25	-4960
11	12	-4128
11	13	800
11	14	-1280
11	15	2464
11	16	-1696
11	17	240
11	18	-1904
11	19	1840
11	20	3984
11	21	552
11	22	-4024
11	23	-7416
11	24	-3712
11	25	3088
12	13	2152
12	14	-5336
12	15	-1592
12	16	5064
12	17	-3816
12	18	7560
12	19	-4920
12	20	-8184
12	21	1904
12	22	-2672
12	23	-656
12	24	344
12	25	1736
13	14	-2152
13	15	2216
13	16	-1736
13	17	3192
13	18	-4232
13	19	-10680
13	20	-552
13	21	2880
13	22	-656
13	23	1280
13	24	-3672
13	25	4296
14	15	-1112
14	16	344
14	17	6520
14	18	-2152
14	19	2216
14	20	5480
14	21	3504
14	22	-32
14	23	3360
14	24	2360
14	25	-1736
15	16	-3400
15	17	-552
15	18	-488
15	19	1176
15	20	1112
15	21	4544
15	22	-1696
15	23	-3088
15	24	-2008
15	25	2632
16	17	696
16	18	968
16	19	5336
16	20	-5752
16	21	5792
16	22	-5856
16	23	1072
16	24	7352
16	25	-1320
17	18	3192
17	19	-1176
17	20	4296
17	21	864
17	22	-6416
17	23	-2320
17	24	2008
17	25	72
18	19	-2568
18	20	-552
18	21	176
18	22	-3360
18	23	-1424
18	24	-968
18	25	1592
19	20	-2216
19	21	1216
19	22	-5024
19	23	240
19	24	8184
19	25	-7560
20	21	-3504
20	22	5440
20	23	-656
20	24	-5064
20	25	1736
21	22	-6104
21	23	5480
21	24	-384
21	25	5168
22	23	4648
22	24	-2256
22	25	1632
23	24	1632
23	25	-1008
24	25	-4088
