0	1	1024
0	2	2048
0	3	3840
0	4	-512
0	5	3072
0	6	2560
0	7	-3584
0	8	3072
0	9	2560
0	10	-512
0	11	512
0	12	-2560
0	13	1024
0	14	2816
0	15	-1280
0	16	-2048
0	17	-3072
0	18	3584
0	19	3072
0	20	-1024
0	21	1024
0	22	-1280
0	23	-4608
0	24	-4864
0	25	-512
0	26	-768
0	27	-4864
0	28	-512
0	29	1280
0	30	-256
0	31	1024
1	2	256
1	3	2560
1	4	-1792
1	5	-1280
1	6	-768
1	7	1280
1	8	-1280
1	9	-256
1	10	-1792
1	11	1280
1	12	768
1	13	-2816
1	14	-512
1	15	-1024
1	16	-256
1	17	1280
1	18	-1280
1	19	-1280
1	20	2816
1	21	768
1	22	-1024
1	23	-1792
1	24	-1024
1	25	2304
1	26	2560
1	27	-1024
1	28	2304
1	29	1024
1	30	-1536
1	31	768
2	3	1536
2	4	-768
2	5	-256
2	6	4352
2	7	-5888
2	8	-256
2	9	2816
2	10	-768
2	11	2304
2	12	-4352
2	13	-3840
2	14	-1536
2	16	768
2	17	256
2	18	5888
2	19	-256
2	20	3840
2	21	-2304
2	23	-768
2	24	-2048
2	25	-768
2	26	-512
2	27	-2048
2	28	-768
2	30	1536
2	31	5888
3	4	-3072
3	5	1536
3	6	2048
3	7	-4096
3	8	1536
3	9	1024
3	10	-3072
3	11	4096
3	12	-2048
3	13	-1536
3	14	768
3	15	1792
3	16	-5632
3	17	-1536
3	18	4096
3	19	1536
3	20	1536
3	21	3584
3	22	1792
3	23	-3072
3	24	-3840
3	25	1024
3	26	1280
3	27	-3840
3	28	1024
3	29	-1792
3	30	3840
3	31	-512
4	5	1792
4	6	1280
4	7	-768
4	8	1792
4	9	-256
4	10	6400
4	11	-768
4	12	-1280
4	13	2304
4	14	4096
4	15	1536
4	16	768
4	17	-1792
4	18	768
4	19	-2304
4	20	-2304
4	21	-4352
4	22	1536
4	23	-1792
4	24	512
4	25	-5888
4	26	2048
4	27	512
4	28	-5888
4	29	2560
4	30	-3072
4	31	-256
5	6	768
5	7	-1280
5	8	5376
5	9	4352
5	10	1792
5	11	-1280
5	12	-768
5	13	2816
5	14	4608
5	15	1024
5	16	-3840
5	17	-5376
5	18	1280
5	19	1280
5	20	-2816
5	21	-768
5	22	1024
5	23	-2304
5	24	-3072
5	25	-2304
5	26	-2560
5	27	-3072
5	28	-2304
5	29	3072
5	30	-2560
5	31	-768
6	7	-5888
6	8	768
6	9	768
6	10	1280
6	11	2304
6	12	-4352
6	13	-768
6	14	1024
6	15	512
6	16	-256
6	17	-768
6	18	5888
6	19	768
6	20	768
6	21	-1280
6	22	512
6	23	-2816
6	24	-2560
6	25	-2816
6	26	1024
6	27	-2560
6	28	-2816
6	29	-512
6	30	2048
6	31	2816
7	8	-1280
7	9	-1280
7	10	-768
7	11	-3840
7	12	5888
7	13	1280
7	14	-1024
7	15	-1536
7	16	1792
7	17	1280
7	18	-8448
7	19	-1280
7	20	-1280
7	21	768
7	22	-1536
7	23	3328
7	24	3584
7	25	3328
7	26	-1024
7	27	3584
7	28	3328
7	29	1536
7	30	-4096
7	31	-3328
8	9	4352
8	10	1792
8	11	-1280
8	12	-768
8	13	2816
8	14	4608
8	15	1024
8	16	-3840
8	17	-5376
8	18	1280
8	19	1280
8	20	-2816
8	21	-768
8	22	1024
8	23	-2304
8	24	-3072
8	25	-2304
8	26	-2560
8	27	-3072
8	28	-2304
8	29	3072
8	30	-2560
8	31	-768
9	10	-256
9	11	-1280
9	12	-768
9	13	-256
9	14	2048
9	15	512
9	16	-2816
9	17	-4352
9	18	1280
9	19	256
9	20	256
9	21	-1792
9	22	512
9	23	-256
9	24	-2560
9	25	-256
9	26	-4096
9	27	-2560
9	28	-256
9	29	3584
9	30	-3072
9	31	2304
10	11	-768
10	12	-1280
10	13	2304
10	14	4096
10	15	1536
10	16	768
10	17	-1792
10	18	768
10	19	-2304
10	20	-2304
10	21	-4352
10	22	1536
10	23	-1792
10	24	512
10	25	-5888
10	26	2048
10	27	512
10	28	-5888
10	29	2560
10	30	-3072
10	31	-256
11	12	-2304
11	13	-2816
11	14	-1024
11	15	2560
11	16	-2304
11	17	1280
11	18	3840
11	19	-1280
11	20	2816
11	21	768
11	22	2560
11	23	-768
11	24	-512
11	25	-768
11	26	3072
11	27	-512
11	28	-768
11	29	-2560
11	30	4096
11	31	768
12	13	768
12	14	-1024
12	15	-512
12	16	256
12	17	768
12	18	-5888
12	19	-768
12	20	-768
12	21	1280
12	22	-512
12	23	2816
12	24	2560
12	25	2816
12	26	-1024
12	27	2560
12	28	2816
12	29	512
12	30	-2048
12	31	-2816
13	14	3584
13	15	-1024
13	16	-256
13	17	-2816
13	18	-1280
13	19	2816
13	20	-5376
13	21	768
13	22	-1024
13	23	-1792
13	24	-1024
13	25	-1792
13	26	-1536
13	27	-1024
13	28	-1792
13	29	1024
13	30	-1536
13	31	-3328
14	15	768
14	16	-2560
14	17	-4608
14	18	1024
14	19	512
14	20	-3584
14	21	-1536
14	22	768
14	23	-4096
14	24	-2816
14	25	-4096
14	26	256
14	27	-2816
14	28	-4096
14	29	3328
14	30	-3328
14	31	-1536
15	16	-4096
15	17	-1024
15	18	1536
15	19	-3072
15	20	1024
15	21	-1024
15	22	4864
15	23	1536
15	24	1280
15	25	-2560
15	26	1280
15	27	1280
15	28	-2560
15	29	-768
15	30	1792
15	31	-1024
16	17	3840
16	18	-1792
16	19	256
16	20	256
16	21	-1792
16	22	-4096
16	23	768
16	24	2048
16	25	768
16	26	512
16	27	2048
16	28	768
16	30	-1536
16	31	2304
17	18	-1280
17	19	-1280
17	20	2816
17	21	768
17	22	-1024
17	23	2304
17	24	3072
17	25	2304
17	26	2560
17	27	3072
17	28	2304
17	29	-3072
17	30	2560
17	31	768
18	19	1280
18	20	1280
18	21	-768
18	22	1536
18	23	-3328
18	24	-3584
18	25	-3328
18	26	1024
18	27	-3584
18	28	-3328
18	29	-1536
18	30	4096
18	31	3328
19	20	-2816
19	21	3328
19	22	-3072
19	23	-2304
19	24	-3072
19	25	1792
19	26	-2560
19	27	-3072
19	28	1792
19	29	-1024
19	30	1536
19	31	-768
20	21	-768
20	22	1024
20	23	1792
20	24	1024
20	25	1792
20	26	1536
20	27	1024
20	28	1792
20	29	-1024
20	30	1536
20	31	3328
21	22	-1024
21	23	-256
21	24	-1024
21	25	3840
21	26	-512
21	27	-1024
21	28	3840
21	29	-3072
21	30	3584
21	31	-2816
22	23	1536
22	24	1280
22	25	-2560
22	26	1280
22	27	1280
22	28	-2560
22	29	-768
22	30	1792
22	31	-1024
23	24	4608
23	25	2304
23	26	-2048
23	27	4608
23	28	2304
23	29	-1536
23	30	1024
23	31	-256
24	25	512
24	26	768
24	27	4864
24	28	512
24	29	-1280
24	30	256
24	31	-1024
25	26	-2048
25	27	512
25	28	6400
25	29	-1536
25	30	1024
25	31	-256
26	27	768
26	28	-2048
26	29	-1280
26	30	1280
26	31	-512
27	28	512
27	29	-1280
27	30	256
27	31	-1024
28	29	-1536
28	30	1024
28	31	-256
29	30	-5888
29	31	1024
30	31	-512
