0	1	1168
0	2	1168
0	3	1040
0	4	752
0	5	-4336
0	6	-1168
0	7	2704
0	8	-2288
0	9	-4752
0	10	2288
0	11	-1168
0	12	1040
0	13	2672
0	14	-752
0	15	880
0	16	1040
0	17	1136
0	18	4080
0	19	880
0	20	1424
0	21	2672
0	22	112
0	23	-752
0	24	-752
0	25	496
0	26	2832
0	27	1296
0	28	2416
0	29	-3088
0	30	-4464
0	31	3088
1	2	5776
1	3	1552
1	4	-3856
1	5	272
1	6	2416
1	7	-880
1	8	-1776
1	9	-1168
1	10	1776
1	11	2416
1	12	-2544
1	13	2160
1	14	3856
1	15	368
1	16	-2544
1	17	624
1	18	-528
1	19	368
1	20	1936
1	21	2160
1	22	-400
1	23	-240
1	24	-4336
1	25	-16
1	26	-752
1	27	1808
1	28	6000
1	29	496
1	30	144
1	31	3600
2	3	1552
2	4	-3856
2	5	272
2	6	2416
2	7	-880
2	8	-1776
2	9	-1168
2	10	1776
2	11	2416
2	12	-2544
2	13	2160
2	14	3856
2	15	368
2	16	-2544
2	17	624
2	18	-528
2	19	368
2	20	1936
2	21	2160
2	22	-400
2	23	-240
2	24	-4336
2	25	-16
2	26	-752
2	27	1808
2	28	6000
2	29	496
2	30	144
2	31	3600
3	4	368
3	5	144
3	6	-1552
3	7	3088
3	8	-6000
3	9	-1040
3	10	6000
3	11	2544
3	12	1424
3	13	2288
3	14	-368
3	15	496
3	16	1424
3	17	752
3	18	-400
3	19	-3600
3	20	1808
3	21	2288
3	22	-272
3	23	-4464
3	24	-368
3	25	-3984
3	26	-880
3	27	-2416
3	28	2032
3	29	624
3	30	16
3	31	3472
4	5	-2448
4	6	-4336
4	7	2800
4	8	-400
4	9	-752
4	10	400
4	11	-240
4	12	4464
4	13	16
4	14	-6032
4	15	-2288
4	16	4464
4	17	1552
4	18	-1392
4	19	1808
4	20	-16
4	21	16
4	22	-1520
4	23	-1936
4	24	2160
4	25	-1904
4	26	-1424
4	27	112
4	28	-3824
4	29	-2416
4	30	-2320
4	31	-1680
5	6	-272
5	7	-2288
5	8	912
5	9	4336
5	10	-912
5	11	3824
5	12	-3952
5	13	-4624
5	14	2448
5	15	1776
5	16	-3952
5	17	-2064
5	18	-3216
5	19	-2320
5	20	-3568
5	21	-4624
5	22	1008
5	23	-1648
5	24	2448
5	25	-2704
5	26	-2160
5	27	400
5	28	-784
5	29	6000
5	30	2832
5	31	-1904
6	7	-3216
6	8	1776
6	9	1168
6	10	-1776
6	11	-2416
6	12	-1552
6	13	1936
6	14	4336
6	15	-368
6	16	-1552
6	17	-624
6	18	528
6	19	-368
6	20	2160
6	21	1936
6	22	400
6	23	4336
6	24	-3856
6	25	4112
6	26	752
6	27	-1808
6	28	2192
6	29	-496
6	30	3952
6	31	496
7	8	-4336
7	9	-2704
7	10	4336
7	11	880
7	12	3088
7	13	624
7	14	-2800
7	15	-1168
7	16	3088
7	17	-912
7	18	2032
7	19	-1168
7	20	-624
7	21	624
7	22	2160
7	23	-2800
7	24	1296
7	25	-1552
7	26	784
7	27	-752
7	28	368
7	29	-1040
7	30	-2416
7	31	1040
8	9	2288
8	10	-7056
8	11	-2320
8	12	-1904
8	13	-2576
8	14	400
8	15	-272
8	16	-1904
8	17	-16
8	18	-1168
8	19	3824
8	20	-1520
8	21	-2576
8	22	-1040
8	23	4496
8	24	400
8	25	3440
8	26	-112
8	27	2448
8	28	-2832
8	29	-144
8	30	784
8	31	-3952
9	10	-2288
9	11	1168
9	12	-1040
9	13	-2672
9	14	752
9	15	-880
9	16	-1040
9	17	-1136
9	18	-4080
9	19	-880
9	20	-1424
9	21	-2672
9	22	-112
9	23	752
9	24	752
9	25	-496
9	26	-2832
9	27	-1296
9	28	-2416
9	29	3088
9	30	4464
9	31	-3088
10	11	2320
10	12	1904
10	13	2576
10	14	-400
10	15	272
10	16	1904
10	17	16
10	18	1168
10	19	-3824
10	20	1520
10	21	2576
10	22	1040
10	23	-4496
10	24	-400
10	25	-3440
10	26	112
10	27	-2448
10	28	2832
10	29	144
10	30	-784
10	31	3952
11	12	-1552
11	13	-2160
11	14	240
11	15	-368
11	16	-1552
11	17	-624
11	18	-3568
11	19	-368
11	20	-1936
11	21	-2160
11	22	400
11	23	-3856
11	24	240
11	25	-4080
11	26	-3344
11	27	2288
11	28	2192
11	29	3600
11	30	-144
11	31	496
12	13	2288
12	14	-4464
12	15	-3600
12	16	5520
12	17	752
12	18	-400
12	19	496
12	20	1808
12	21	2288
12	22	-272
12	23	-368
12	24	-368
12	25	112
12	26	-880
12	27	-2416
12	28	-2064
12	29	-3472
12	30	16
12	31	-624
13	14	-16
13	15	-112
13	16	2288
13	17	3728
13	18	784
13	19	-112
13	20	6000
13	21	6288
13	22	-3440
13	23	-16
13	24	-4112
13	25	272
13	26	496
13	27	-2064
13	28	2448
13	29	-4336
13	30	-400
13	31	4336
14	15	2288
14	16	-4464
14	17	-1552
14	18	1392
14	19	-1808
14	20	16
14	21	-16
14	22	1520
14	23	1936
14	24	-2160
14	25	1904
14	26	1424
14	27	-112
14	28	3824
14	29	2416
14	30	2320
14	31	1680
15	16	-3600
15	17	1424
15	18	2576
15	19	-2416
15	20	112
15	21	-112
15	22	-1648
15	23	-1808
15	24	2288
15	25	-2032
15	26	2800
15	27	240
15	28	144
15	29	1552
15	30	-2192
15	31	2544
16	17	752
16	18	-400
16	19	496
16	20	1808
16	21	2288
16	22	-272
16	23	-368
16	24	-368
16	25	112
16	26	-880
16	27	-2416
16	28	-2064
16	29	-3472
16	30	16
16	31	-624
17	18	-1776
17	19	1424
17	20	4464
17	21	3728
17	22	-6000
17	23	-1552
17	24	-1552
17	25	-2288
17	26	-1040
17	27	496
17	28	-112
17	29	-2800
17	30	-1936
17	31	2800
18	19	-1520
18	20	-784
18	21	784
18	22	3344
18	23	1392
18	24	1392
18	25	2960
18	26	6000
18	27	-656
18	28	1040
18	29	-1648
18	30	-3088
18	31	1648
19	20	112
19	21	-112
19	22	-1648
19	23	2288
19	24	-1808
19	25	2064
19	26	-1296
19	27	4336
19	28	144
19	29	-2544
19	30	-2192
19	31	-1552
20	21	6000
20	22	-4752
20	23	16
20	24	-4080
20	25	-272
20	26	-496
20	27	-2032
20	28	1648
20	29	-3856
20	30	400
20	31	3856
21	22	-3440
21	23	-16
21	24	-4112
21	25	272
21	26	496
21	27	-2064
21	28	2448
21	29	-4336
21	30	-400
21	31	4336
22	23	1520
22	24	1520
22	25	2832
22	26	2032
22	27	-528
22	28	912
22	29	2320
22	30	1136
22	31	-2320
23	24	-2160
23	25	6000
23	26	1424
23	27	-112
23	28	-272
23	29	-1680
23	30	2320
23	31	-2416
24	25	-2192
24	26	1424
24	27	-112
24	28	-4368
24	29	2416
24	30	-1776
24	31	-2416
25	26	2416
25	27	-144
25	28	528
25	29	-2160
25	30	1520
25	31	-1936
26	27	-624
26	28	240
26	29	-1168
26	30	-2288
26	31	1168
27	28	1776
27	29	368
27	30	-3824
27	31	-368
28	29	16
28	30	-656
28	31	4080
29	30	2032
29	31	-1424
30	31	-2032
