0	1	-296
0	2	-552
0	3	680
0	4	680
0	5	-1496
0	6	-1240
0	7	-1240
0	8	-552
0	9	-4264
0	10	-808
0	11	-3160
0	12	680
0	13	1496
0	14	2600
0	15	984
0	16	3032
0	17	680
0	18	-424
0	19	3160
0	20	296
0	21	-2216
0	22	-4136
0	23	3032
0	24	-3160
0	25	-1368
0	26	-552
0	27	4392
0	28	2600
0	29	-808
0	30	-552
0	31	552
1	2	-1704
1	3	1832
1	4	1832
1	5	-344
1	6	-88
1	7	-88
1	8	-1704
1	9	-1320
1	10	-1960
1	11	2088
1	12	1832
1	13	4440
1	14	3752
1	15	-4264
1	16	-2216
1	17	1832
1	18	2520
1	19	2008
1	20	-6744
1	21	4824
1	22	2904
1	23	-2216
1	24	-2008
1	25	-4312
1	26	-1704
1	27	1448
1	28	3752
1	29	-1960
1	30	-1704
1	31	-2392
2	3	2088
2	4	2088
2	5	-88
2	6	4264
2	7	4264
2	8	-1960
2	9	-1576
2	10	-2216
2	11	-1752
2	12	2088
2	13	-4008
2	14	-88
2	15	-424
2	16	1624
2	17	-2008
2	18	2264
2	19	1752
2	20	1704
2	21	472
2	22	-1448
2	23	1624
2	24	-1752
2	25	40
2	26	6232
2	27	-2392
2	28	-88
2	29	1880
2	30	-1960
2	31	-2136
3	4	5976
3	5	-40
3	6	3800
3	7	3800
3	8	-2008
3	9	-2392
3	10	-1752
3	11	-2472
3	12	-2216
3	13	40
3	14	-40
3	15	-3544
3	16	-1496
3	17	-2216
3	18	6056
3	19	2472
3	20	-1832
3	21	-344
3	22	1576
3	23	-1496
3	24	-2472
3	25	-4264
3	26	2088
3	27	-1832
3	28	-40
3	29	-1752
3	30	-2008
3	31	-2088
4	5	-40
4	6	3800
4	7	3800
4	8	-2008
4	9	-2392
4	10	-1752
4	11	-2472
4	12	-2216
4	13	40
4	14	-40
4	15	-3544
4	16	-1496
4	17	-2216
4	18	6056
4	19	2472
4	20	-1832
4	21	-344
4	22	1576
4	23	-1496
4	24	-2472
4	25	-4264
4	26	2088
4	27	-1832
4	28	-40
4	29	-1752
4	30	-2008
4	31	-2088
5	6	1880
5	7	1880
5	8	-4184
5	9	-472
5	10	4264
5	11	3800
5	12	-40
5	13	-2136
5	14	-1960
5	15	2472
5	16	424
5	17	-40
5	18	-216
5	19	296
5	20	344
5	21	1576
5	22	-600
5	23	424
5	24	-296
5	25	-2088
5	26	-88
5	27	-3752
5	28	-1960
5	29	4264
5	30	-4184
5	31	-4008
6	7	5720
6	8	-3928
6	9	-216
6	10	424
6	11	-552
6	12	-296
6	13	-1880
6	14	-2216
6	15	-1368
6	16	680
6	17	-296
6	18	4136
6	19	552
6	20	88
6	21	1832
6	22	-344
6	23	680
6	24	-552
6	25	-2344
6	26	4264
6	27	-4008
6	28	-2216
6	29	424
6	30	-3928
6	31	-4264
7	8	-3928
7	9	-216
7	10	424
7	11	-552
7	12	-296
7	13	-1880
7	14	-2216
7	15	-1368
7	16	680
7	17	-296
7	18	4136
7	19	552
7	20	88
7	21	1832
7	22	-344
7	23	680
7	24	-552
7	25	-2344
7	26	4264
7	27	-4008
7	28	-2216
7	29	424
7	30	-3928
7	31	-4264
8	9	2520
8	10	-2216
8	11	-1752
8	12	-2008
8	13	88
8	14	-88
8	15	-424
8	16	-2472
8	17	-2008
8	18	-1832
8	19	-2344
8	20	1704
8	21	-3624
8	22	2648
8	23	-2472
8	24	2344
8	25	4136
8	26	-1960
8	27	1704
8	28	-88
8	29	-2216
8	30	6232
8	31	6056
9	10	2264
9	11	1960
9	12	-2392
9	13	472
9	14	-4568
9	15	-40
9	16	-2088
9	17	1704
9	18	-1448
9	19	-6056
9	20	1320
9	21	856
9	22	3032
9	23	-2088
9	24	6056
9	25	3752
9	26	-1576
9	27	-2776
9	28	-4568
9	29	-1832
9	30	2520
9	31	1576
10	11	2600
10	12	-1752
10	13	-168
10	14	-3928
10	15	3416
10	16	1368
10	17	2344
10	18	-2088
10	19	-2600
10	20	1960
10	21	216
10	22	-1704
10	23	1368
10	24	2600
10	25	296
10	26	-2216
10	27	-2136
10	28	-3928
10	29	1624
10	30	-2216
10	31	-1880
11	12	1624
11	13	296
11	14	-296
11	15	808
11	16	-1240
11	17	1624
11	18	-1880
11	19	-1368
11	20	-2088
11	21	4008
11	22	1832
11	23	-1240
11	24	1368
11	25	-424
11	26	-1752
11	27	-2088
11	28	-296
11	29	2600
11	30	-1752
11	31	-2344
12	13	40
12	14	4056
12	15	552
12	16	2600
12	17	1880
12	18	-2136
12	19	2472
12	20	-1832
12	21	3752
12	22	-2520
12	23	2600
12	24	-2472
12	25	-168
12	26	2088
12	27	2264
12	28	4056
12	29	2344
12	30	-2008
12	31	-2088
13	14	1960
13	15	-2472
13	16	-424
13	17	4136
13	18	216
13	19	-296
13	20	-4440
13	21	2520
13	22	600
13	23	-424
13	24	296
13	25	-2008
13	26	-4008
13	27	3752
13	28	1960
13	29	-4264
13	30	88
13	31	-88
14	15	-1624
14	16	424
14	17	-40
14	18	-216
14	19	4392
14	20	-3752
14	21	1576
14	22	-600
14	23	424
14	24	-4392
14	25	-2088
14	26	-88
14	27	4440
14	28	6232
14	29	168
14	30	-88
14	31	88
15	16	3160
15	17	552
15	18	-4392
15	19	-808
15	20	4264
15	21	-2088
15	22	-4008
15	23	3160
15	24	808
15	25	2600
15	26	-424
15	27	168
15	28	-1624
15	29	3416
15	30	-424
15	31	424
16	17	2600
16	18	-2344
16	19	1240
16	20	2216
16	21	-40
16	22	-6056
16	23	5208
16	24	-1240
16	25	552
16	26	1624
16	27	2216
16	28	424
16	29	1368
16	30	-2472
16	31	-1624
17	18	-2136
17	19	-1624
17	20	-1832
17	21	3752
17	22	-2520
17	23	2600
17	24	1624
17	25	-168
17	26	-2008
17	27	2264
17	28	-40
17	29	-1752
17	30	-2008
17	31	-2088
18	19	1880
18	20	-2520
18	21	600
18	22	2776
18	23	-2344
18	24	-1880
18	25	-4184
18	26	2264
18	27	-2520
18	28	-216
18	29	-2088
18	30	-1832
18	31	-2264
19	20	-2008
19	21	88
19	22	-1832
19	23	1240
19	24	-5464
19	25	-3672
19	26	1752
19	27	2088
19	28	4392
19	29	1496
19	30	-2344
19	31	-1752
20	21	-4824
20	22	-2904
20	23	2216
20	24	2008
20	25	4312
20	26	1704
20	27	-1448
20	28	-3752
20	29	1960
20	30	1704
20	31	2392
21	22	984
21	23	-40
21	24	-88
21	25	-2392
21	26	472
21	27	-728
21	28	1576
21	29	216
21	30	-3624
21	31	-4568
22	23	-6056
22	24	1832
22	25	-472
22	26	-1448
22	27	-2904
22	28	-600
22	29	-1704
22	30	2648
22	31	1448
23	24	-1240
23	25	552
23	26	1624
23	27	2216
23	28	424
23	29	1368
23	30	-2472
23	31	-1624
24	25	3672
24	26	-1752
24	27	-2088
24	28	-4392
24	29	-1496
24	30	2344
24	31	1752
25	26	40
25	27	216
25	28	-2088
25	29	296
25	30	4136
25	31	4056
26	27	-2392
26	28	-88
26	29	1880
26	30	-1960
26	31	-2136
27	28	4440
27	29	-2136
27	30	1704
27	31	2392
28	29	168
28	30	-88
28	31	88
29	30	-2216
29	31	-1880
30	31	6056
