0	1	2208
0	2	-4512
0	3	-1184
0	4	480
0	5	-1184
0	6	-480
0	7	-1184
0	8	-4832
0	9	2208
0	10	1184
0	11	864
0	12	96
0	13	1120
0	14	-544
0	15	2848
0	16	-1504
0	17	544
0	18	-3168
0	19	3168
0	20	1120
0	21	-3168
0	22	800
0	23	4256
0	24	-4832
0	25	-2208
0	26	1376
0	27	2208
0	28	2592
0	29	928
0	30	1952
0	31	-1504
1	2	-736
1	3	32
1	4	2464
1	5	4128
1	6	-2464
1	7	32
1	8	-2208
1	9	-1056
1	10	-32
1	11	-2016
1	12	-1248
1	13	1824
1	14	-4704
1	15	-1696
1	16	-1440
1	17	4704
1	18	224
1	19	-224
1	20	1824
1	21	-3872
1	22	352
1	23	992
1	24	-2208
1	25	-3040
1	26	1568
1	27	7136
1	28	-1440
1	29	224
1	30	-800
1	31	-1440
2	3	1760
2	4	-672
2	5	1760
2	6	672
2	7	1760
2	8	4512
2	9	-4832
2	10	-1760
2	11	-288
2	12	-1056
2	13	-32
2	14	-1696
2	15	-4192
2	16	-352
2	17	1696
2	18	2080
2	19	-2080
2	20	-32
2	21	2080
2	22	-2144
2	23	-2784
2	24	4512
2	25	736
2	26	-3872
2	27	-736
2	28	-352
2	29	2080
2	30	-992
2	31	-352
3	4	2656
3	5	992
3	6	-2656
3	7	992
3	8	1184
3	9	32
3	10	-992
3	11	-1056
3	12	-1824
3	13	3296
3	14	-2464
3	15	-3424
3	16	4512
3	17	-1632
3	18	2848
3	19	-2848
3	20	3296
3	21	2848
3	22	2720
3	23	-2016
3	24	1184
3	25	-32
3	26	-544
3	27	32
3	28	416
3	29	-1248
3	30	3872
3	31	416
4	5	2656
4	6	-4320
4	7	2656
4	8	-480
4	9	2464
4	10	-2656
4	11	608
4	12	-4256
4	13	864
4	14	-800
4	15	-992
4	16	2848
4	17	800
4	18	1184
4	19	-1184
4	20	864
4	21	1184
4	22	1056
4	23	416
4	24	-480
4	25	-2464
4	26	1120
4	27	2464
4	28	-1248
4	29	-2912
4	30	2208
4	31	2848
5	6	-2656
5	7	992
5	8	1184
5	9	32
5	10	-992
5	11	-1056
5	12	-1824
5	13	-800
5	14	-2464
5	15	-3424
5	16	416
5	17	2464
5	18	2848
5	19	-2848
5	20	-800
5	21	-1248
5	22	-1376
5	23	-2016
5	24	1184
5	25	-32
5	26	-544
5	27	4128
5	28	-3680
5	29	-1248
5	30	-224
5	31	416
6	7	-2656
6	8	480
6	9	-2464
6	10	2656
6	11	-608
6	12	4256
6	13	-864
6	14	800
6	15	992
6	16	-2848
6	17	-800
6	18	-1184
6	19	1184
6	20	-864
6	21	-1184
6	22	-1056
6	23	-416
6	24	480
6	25	2464
6	26	-1120
6	27	-2464
6	28	1248
6	29	2912
6	30	-2208
6	31	-2848
7	8	1184
7	9	32
7	10	-5088
7	11	3040
7	12	-5920
7	13	-800
7	14	1632
7	15	672
7	16	416
7	17	2464
7	18	-1248
7	19	1248
7	20	-800
7	21	2848
7	22	-1376
7	23	2080
7	24	1184
7	25	-4128
7	26	-544
7	27	32
7	28	416
7	29	-1248
7	30	-224
7	31	4512
8	9	-2208
8	10	-1184
8	11	-864
8	12	-96
8	13	-1120
8	14	544
8	15	-2848
8	16	1504
8	17	-544
8	18	3168
8	19	-3168
8	20	-1120
8	21	3168
8	22	-800
8	23	-4256
8	24	4832
8	25	2208
8	26	-1376
8	27	-2208
8	28	-2592
8	29	-928
8	30	-1952
8	31	1504
9	10	-32
9	11	2080
9	12	-1248
9	13	-2272
9	14	3488
9	15	2400
9	16	2656
9	17	-3488
9	18	224
9	19	-224
9	20	-2272
9	21	224
9	22	352
9	23	992
9	24	-2208
9	25	1056
9	26	1568
9	27	-1056
9	28	-1440
9	29	-3872
9	30	3296
9	31	2656
10	11	-3040
10	12	5920
10	13	800
10	14	-1632
10	15	-672
10	16	-416
10	17	-2464
10	18	1248
10	19	-1248
10	20	800
10	21	-2848
10	22	1376
10	23	-2080
10	24	-1184
10	25	4128
10	26	544
10	27	-32
10	28	-416
10	29	1248
10	30	224
10	31	-4512
11	12	-3872
11	13	-2848
11	14	3680
11	15	2720
11	16	-1632
11	17	416
11	18	-3296
11	19	3296
11	20	-2848
11	21	800
11	22	-3424
11	23	4128
11	24	-864
11	25	-2080
11	26	-2592
11	27	-2016
11	28	2464
11	29	800
11	30	1824
11	31	2464
12	13	480
12	14	-1184
12	15	-608
12	16	-864
12	17	-2912
12	18	1568
12	19	-1568
12	20	480
12	21	-2528
12	22	1440
12	23	-3296
12	24	-96
12	25	5344
12	26	736
12	27	-1248
12	28	-864
12	29	1568
12	30	-1504
12	31	-4960
13	14	-4256
13	15	-1632
13	16	2208
13	17	160
13	18	544
13	19	-544
13	20	5600
13	21	544
13	22	4512
13	23	-224
13	24	-1120
13	25	-1824
13	26	1760
13	27	1824
13	28	2208
13	29	544
13	30	1568
13	31	-1888
14	15	4128
14	16	-224
14	17	-2272
14	18	-1888
14	19	1888
14	20	-4256
14	21	2208
14	22	-2016
14	23	1440
14	24	544
14	25	608
14	26	96
14	27	-4704
14	28	-224
14	29	-1888
14	30	-864
14	31	3872
15	16	-2080
15	17	-32
15	18	-4512
15	19	4512
15	20	-1632
15	21	-416
15	22	-288
15	23	4448
15	24	-2848
15	25	-2400
15	26	2208
15	27	-1696
15	28	2016
15	29	-416
15	30	-1440
15	31	2016
16	17	-3872
16	18	3936
16	19	-3936
16	20	2208
16	21	3936
16	22	4064
16	23	-3488
16	24	1504
16	25	1440
16	26	1952
16	27	-1440
16	28	-1824
16	29	-4256
16	30	2912
16	31	2272
17	18	-2208
17	19	2208
17	20	160
17	21	-2208
17	22	-2080
17	23	2656
17	24	-544
17	25	-4704
17	26	-96
17	27	4704
17	28	224
17	29	1888
17	30	-3232
17	31	224
18	19	-5600
18	20	544
18	21	1504
18	22	1632
18	23	-5920
18	24	3168
18	25	3872
18	26	288
18	27	224
18	28	-4256
18	29	-2592
18	30	480
18	31	-160
19	20	-544
19	21	-1504
19	22	-1632
19	23	5920
19	24	-3168
19	25	-3872
19	26	-288
19	27	-224
19	28	4256
19	29	2592
19	30	-480
19	31	160
20	21	544
20	22	4512
20	23	-224
20	24	-1120
20	25	-1824
20	26	1760
20	27	1824
20	28	2208
20	29	544
20	30	1568
20	31	-1888
21	22	1632
21	23	-1824
21	24	3168
21	25	-224
21	26	288
21	27	-3872
21	28	-160
21	29	-2592
21	30	480
21	31	3936
22	23	-1696
22	24	-800
22	25	-352
22	26	4256
22	27	352
22	28	-32
22	29	-2464
22	30	608
22	31	-32
23	24	-4256
23	25	-5088
23	26	-480
23	27	992
23	28	4704
23	29	2272
23	30	1248
23	31	608
24	25	2208
24	26	-1376
24	27	-2208
24	28	-2592
24	29	-928
24	30	-1952
24	31	1504
25	26	-1568
25	27	-3040
25	28	-2656
25	29	-224
25	30	800
25	31	-2656
26	27	1568
26	28	-2144
26	29	-3808
26	30	-2784
26	31	1952
27	28	-1440
27	29	224
27	30	-800
27	31	-1440
28	29	3936
28	30	2912
28	31	-1824
29	30	480
29	31	-4256
30	31	-1184
