0	1	-1524
0	2	4236
0	3	3572
0	4	-524
0	5	-1396
0	6	4620
0	7	-2036
0	8	-140
0	9	-2444
0	10	-140
0	11	-3084
0	12	4236
0	13	-2420
0	14	2444
0	15	-524
0	16	-244
0	17	4468
0	18	-4236
0	19	1908
0	20	-1908
0	21	244
0	22	4468
0	23	-6004
0	24	3828
0	25	12
0	26	2036
0	27	244
0	28	4492
0	29	3956
0	30	-2188
0	31	268
1	2	140
1	3	-524
1	4	-524
1	5	-1396
1	6	-3572
1	7	2060
1	8	-140
1	9	1652
1	10	-140
1	11	1012
1	12	140
1	13	1676
1	14	2444
1	15	-524
1	16	-244
1	17	372
1	18	3956
1	19	-2188
1	20	2188
1	21	4340
1	22	372
1	23	2188
1	24	-268
1	25	12
1	26	2036
1	27	244
1	28	396
1	29	-4236
1	30	6004
1	31	268
2	3	6004
2	4	1908
2	5	-3828
2	6	2188
2	7	-372
2	8	-1804
2	9	-12
2	10	-1804
2	11	-652
2	12	5900
2	13	-756
2	14	12
2	15	1908
2	16	1420
2	17	2804
2	18	-1804
2	19	244
2	20	-244
2	21	-1420
2	22	2804
2	23	-4340
2	24	2164
2	25	1676
2	26	4468
2	27	-1420
2	28	2060
2	29	2292
2	30	244
2	31	1932
3	4	2572
3	5	-4748
3	6	1524
3	7	-12
3	8	-1908
3	9	396
3	10	-1908
3	11	1036
3	12	6004
3	13	372
3	14	-396
3	15	2572
3	16	2292
3	17	1676
3	18	-1908
3	19	140
3	20	-140
3	21	-2292
3	22	1676
3	23	-4236
3	24	2316
3	25	2036
3	26	4108
3	27	-2292
3	28	1652
3	29	2188
3	30	140
3	31	1780
4	5	-652
4	6	1524
4	7	4084
4	8	-6004
4	9	396
4	10	-6004
4	11	1036
4	12	1908
4	13	372
4	14	-396
4	15	6668
4	16	2292
4	17	-2420
4	18	2188
4	19	4236
4	20	-4236
4	21	-2292
4	22	-2420
4	23	-140
4	24	-1780
4	25	2036
4	26	12
4	27	-2292
4	28	-2444
4	29	2188
4	30	140
4	31	-2316
5	6	652
5	7	-1908
5	8	-268
5	9	1524
5	10	-268
5	11	-3212
5	12	-3828
5	13	-2292
5	14	-1524
5	15	-652
5	16	-116
5	17	244
5	18	-268
5	19	1780
5	20	-1780
5	21	116
5	22	244
5	23	2316
5	24	-4492
5	25	-3956
5	26	-2188
5	27	116
5	28	-3572
5	29	-268
5	30	-2316
5	31	396
6	7	12
6	8	-2188
6	9	-4492
6	10	-2188
6	11	-5132
6	12	2188
6	13	-4468
6	14	396
6	15	1524
6	16	-2292
6	17	2420
6	18	-2188
6	19	3956
6	20	-3956
6	21	-1804
6	22	2420
6	23	-3956
6	24	1780
6	25	2060
6	26	-12
6	27	2292
6	28	2444
6	29	6004
6	30	-4236
6	31	-1780
7	8	-3724
7	9	-1932
7	10	-3724
7	11	1524
7	12	-372
7	13	1164
7	14	1932
7	15	4084
7	16	-756
7	17	-3212
7	18	4468
7	19	2420
7	20	-2420
7	21	756
7	22	-3212
7	23	1676
7	24	244
7	25	3596
7	26	-1548
7	27	756
7	28	-116
7	29	372
7	30	2420
7	31	-4340
8	9	12
8	10	5900
8	11	652
8	12	-1804
8	13	756
8	14	-12
8	15	-6004
8	16	-1420
8	17	1292
8	18	-2292
8	19	-4340
8	20	4340
8	21	1420
8	22	1292
8	23	244
8	24	1932
8	25	-1676
8	26	-372
8	27	1420
8	28	2036
8	29	-2292
8	30	-244
8	31	2164
9	10	12
9	11	2956
9	12	-12
9	13	2548
9	14	-2316
9	15	396
9	16	4468
9	17	-500
9	18	12
9	19	-2036
9	20	2036
9	21	-372
9	22	-500
9	23	2036
9	24	-3956
9	25	-3980
9	26	1932
9	27	-4468
9	28	-4364
9	29	-4084
9	30	2060
9	31	3956
10	11	652
10	12	-1804
10	13	756
10	14	-12
10	15	-6004
10	16	-1420
10	17	1292
10	18	-2292
10	19	-4340
10	20	4340
10	21	1420
10	22	1292
10	23	244
10	24	1932
10	25	-1676
10	26	-372
10	27	1420
10	28	2036
10	29	-2292
10	30	-244
10	31	2164
11	12	-652
11	13	6004
11	14	1140
11	15	1036
11	16	3828
11	17	-3956
11	18	652
11	19	-1396
11	20	1396
11	21	268
11	22	-3956
11	23	1396
11	24	780
11	25	-524
11	26	-1524
11	27	-3828
11	28	-908
11	29	-3444
11	30	2700
11	31	-780
12	13	-756
12	14	12
12	15	1908
12	16	1420
12	17	2804
12	18	-1804
12	19	244
12	20	-244
12	21	-1420
12	22	2804
12	23	-4340
12	24	2164
12	25	1676
12	26	4468
12	27	-1420
12	28	2060
12	29	2292
12	30	244
12	31	1932
13	14	1548
13	15	372
13	16	2956
13	17	-2828
13	18	756
13	19	-1292
13	20	1292
13	21	1140
13	22	-2828
13	23	1292
13	24	628
13	25	-884
13	26	-1164
13	27	-2956
13	28	-500
13	29	-3340
13	30	2804
13	31	-628
14	15	-396
14	16	-372
14	17	500
14	18	-12
14	19	2036
14	20	-2036
14	21	4468
14	22	500
14	23	-2036
14	24	3956
14	25	-116
14	26	-1932
14	27	372
14	28	4364
14	29	-12
14	30	2036
14	31	-3956
15	16	2292
15	17	-2420
15	18	2188
15	19	4236
15	20	-4236
15	21	-2292
15	22	-2420
15	23	-140
15	24	-1780
15	25	2036
15	26	12
15	27	-2292
15	28	-2444
15	29	2188
15	30	140
15	31	-2316
16	17	-908
16	18	-1420
16	19	628
16	20	-628
16	21	-1036
16	22	-908
16	23	-628
16	24	-1548
16	25	-2804
16	26	756
16	27	-5132
16	28	-2420
16	29	-1420
16	30	628
16	31	1548
17	18	-2804
17	19	-756
17	20	756
17	21	908
17	22	4876
17	23	-3340
17	24	1420
17	25	-1164
17	26	3212
17	27	908
17	28	2548
17	29	1292
17	30	-756
17	31	2676
18	19	-244
18	20	244
18	21	1420
18	22	-2804
18	23	4340
18	24	-2164
18	25	2420
18	26	-372
18	27	1420
18	28	-2060
18	29	-2292
18	30	3852
18	31	-1932
19	20	-5900
19	21	-628
19	22	-756
19	23	-1804
19	24	-116
19	25	372
19	26	-2420
19	27	-628
19	28	-12
19	29	3852
19	30	-2292
19	31	-3980
20	21	628
20	22	756
20	23	1804
20	24	116
20	25	-372
20	26	2420
20	27	628
20	28	12
20	29	-3852
20	30	2292
20	31	3980
21	22	908
21	23	628
21	24	1548
21	25	-1292
21	26	-756
21	27	1036
21	28	2420
21	29	-2676
21	30	3468
21	31	-1548
22	23	-3340
22	24	1420
22	25	-1164
22	26	3212
22	27	908
22	28	2548
22	29	1292
22	30	-756
22	31	2676
23	24	-3980
23	25	-372
23	26	-1676
23	27	628
23	28	-4084
23	29	-3852
23	30	2292
23	31	-116
24	25	2292
24	26	-244
24	27	1548
24	28	6004
24	29	1932
24	30	-116
24	31	-2060
25	26	500
25	27	2804
25	28	1932
25	29	2420
25	30	372
25	31	-2292
26	27	-756
26	28	116
26	29	-372
26	30	1676
26	31	4340
27	28	2420
27	29	1420
27	30	-628
27	31	-1548
28	29	2036
28	30	-12
28	31	-1908
29	30	-4340
29	31	-1932
30	31	116
