0	1	-344
0	2	2392
0	3	3752
0	4	-856
0	5	-1704
0	6	6184
0	7	-472
0	8	4264
0	9	344
0	10	1832
0	11	-3880
0	12	2264
0	13	1320
0	14	-5928
0	15	4696
0	16	1960
0	17	-4952
0	18	-1448
0	19	-2776
0	20	5544
0	21	-2392
0	22	6056
0	23	-2136
0	24	-472
0	25	-344
0	26	-2520
0	27	4696
0	28	5928
0	29	2776
0	30	-6360
0	31	2088
1	2	168
1	3	1880
1	4	-5800
1	5	168
1	6	-552
1	7	-2088
1	8	-2728
1	9	-10072
1	10	-296
1	11	2344
1	12	296
1	13	216
1	14	4392
1	15	-2136
1	16	-424
1	17	-1704
1	18	-88
1	19	216
1	20	88
1	21	-4264
1	22	-424
1	23	-424
1	24	-2088
1	25	1880
1	26	4056
1	27	1960
1	28	-296
1	29	-216
1	30	-296
1	31	-552
2	3	168
2	4	-4440
2	5	-6312
2	6	-1496
2	7	40
2	8	4776
2	9	-168
2	10	2344
2	11	-296
2	12	-2344
2	13	1832
2	14	-2344
2	15	88
2	16	-1624
2	17	3752
2	18	-6056
2	19	-2264
2	20	1960
2	21	2216
2	22	-1624
2	23	-1624
2	24	40
2	25	4264
2	26	2088
2	27	88
2	28	-1752
2	29	6360
2	30	-5848
2	31	-1496
3	4	-1704
3	5	168
3	6	3544
3	7	-6184
3	8	1368
3	9	-1880
3	10	-296
3	11	2344
3	12	296
3	13	4312
3	14	-3800
3	15	1960
3	16	-4520
3	17	-1704
3	18	-88
3	19	4312
3	20	88
3	21	-168
3	22	-424
3	23	-4520
3	24	2008
3	25	1880
3	26	-40
3	27	10152
3	28	3800
3	29	-216
3	30	-296
3	31	-552
4	5	3752
4	6	-40
4	7	2520
4	8	-2216
4	9	5800
4	10	-3880
4	11	-2264
4	12	3880
4	13	728
4	14	-216
4	15	1448
4	16	88
4	17	-1192
4	18	3496
4	19	4824
4	20	4696
4	21	344
4	22	4184
4	23	-4008
4	24	2520
4	25	-5800
4	26	-3624
4	27	-2648
4	28	216
4	29	-4824
4	30	216
4	31	-40
5	6	2600
5	7	40
5	8	-3416
5	9	-168
5	10	2344
5	11	-4392
5	12	1752
5	13	-6360
5	14	1752
5	15	88
5	16	-1624
5	17	-4440
5	18	2136
5	19	5928
5	20	1960
5	21	-1880
5	22	2472
5	23	-1624
5	24	4136
5	25	-8024
5	26	-2008
5	27	88
5	28	2344
5	29	-1832
5	30	2344
5	31	2600
6	7	-4520
6	8	3032
6	9	552
6	10	1368
6	11	-3416
6	12	2728
6	13	-2216
6	14	-1368
6	15	296
6	16	-2856
6	17	-8232
6	18	-1752
6	19	1880
6	20	1752
6	21	1496
6	22	5336
6	23	1240
6	24	-424
6	25	-552
6	26	-6568
6	27	4392
6	28	1368
6	29	-1880
6	30	-2728
6	31	5208
7	8	-2600
7	9	2088
7	10	3928
7	11	-1880
7	12	4264
7	13	-3752
7	14	168
7	15	1832
7	16	7896
7	17	2520
7	18	-216
7	19	-3752
7	20	4312
7	21	-40
7	22	-296
7	23	-296
7	24	-1960
7	25	-2088
7	26	88
7	27	-6360
7	28	-168
7	29	3752
7	30	-168
7	31	-424
8	9	2728
8	10	-808
8	11	-1240
8	12	-3288
8	13	-296
8	14	-3288
8	15	2472
8	16	-936
8	17	-2216
8	18	424
8	19	-296
8	20	-424
8	21	3416
8	22	3160
8	23	-936
8	24	1496
8	25	1368
8	26	-552
8	27	2472
8	28	-808
8	29	4392
8	30	-808
8	31	3032
9	10	296
9	11	-2344
9	12	-296
9	13	-216
9	14	-4392
9	15	2136
9	16	424
9	17	1704
9	18	88
9	19	-216
9	20	-88
9	21	4264
9	22	424
9	23	424
9	24	2088
9	25	-1880
9	26	-4056
9	27	-1960
9	28	296
9	29	216
9	30	296
9	31	552
10	11	-3672
10	12	2472
10	13	-6056
10	14	-1624
10	15	40
10	16	1496
10	17	216
10	18	-6104
10	19	-1960
10	20	2008
10	21	1752
10	22	-2600
10	23	1496
10	24	-168
10	25	-296
10	26	-2216
10	27	40
10	28	1624
10	29	6056
10	30	-2472
10	31	1368
11	12	-424
11	13	4008
11	14	-424
11	15	2008
11	16	552
11	17	1832
11	18	-40
11	19	-88
11	20	-4056
11	21	296
11	22	-3544
11	23	552
11	24	-5976
11	25	6440
11	26	4264
11	27	2008
11	28	-3672
11	29	-4008
11	30	4520
11	31	680
12	13	-2136
12	14	1624
12	15	-40
12	16	2600
12	17	-4312
12	18	-2088
12	19	1960
12	20	6184
12	21	2344
12	22	2600
12	23	-1496
12	24	-3928
12	25	296
12	26	-5976
12	27	-40
12	28	-1624
12	29	-1960
12	30	-1624
12	31	2728
13	14	-2136
13	15	-472
13	16	-2088
13	17	4824
13	18	1576
13	19	-1448
13	20	-1576
13	21	-1832
13	22	-2088
13	23	-2088
13	24	344
13	25	4312
13	26	2392
13	27	3624
13	28	2136
13	29	-2648
13	30	-1960
13	31	-6312
14	15	-8232
14	16	-1496
14	17	-216
14	18	2008
14	19	1960
14	20	-2008
14	21	2344
14	22	-1496
14	23	2600
14	24	168
14	25	296
14	26	-1880
14	27	-4136
14	28	-5720
14	29	-1960
14	30	2472
14	31	-1368
15	16	4264
15	17	-2648
15	18	344
15	19	-472
15	20	3752
15	21	-4184
15	22	4264
15	23	-3928
15	24	-2264
15	25	-2136
15	26	3880
15	27	2392
15	28	4136
15	29	472
15	30	40
15	31	4392
16	17	88
16	18	2216
16	19	-6184
16	20	1880
16	21	-2472
16	22	1368
16	23	1368
16	24	-4392
16	25	-424
16	26	1752
16	27	-3928
16	28	1496
16	29	2088
16	30	1496
16	31	1240
17	18	-600
17	19	-3368
17	20	-3496
17	21	344
17	22	-8104
17	23	88
17	24	2520
17	25	2392
17	26	4568
17	27	-2648
17	28	216
17	29	3368
17	30	216
17	31	-8232
18	19	1576
18	20	-2392
18	21	-2136
18	22	2216
18	23	-1880
18	24	3880
18	25	-4184
18	26	1832
18	27	344
18	28	2088
18	29	-1576
18	30	6184
18	31	-1752
19	20	2520
19	21	2264
19	22	2008
19	23	-6184
19	24	4440
19	25	-3880
19	26	-1704
19	27	3624
19	28	-1960
19	29	-2648
19	30	2136
19	31	1880
20	21	-1960
20	22	5976
20	23	-6312
20	24	216
20	25	-4008
20	26	-1832
20	27	-344
20	28	2008
20	29	1576
20	30	-6184
20	31	1752
21	22	-2472
21	23	1624
21	24	-40
21	25	3928
21	26	-6184
21	27	-88
21	28	-6440
21	29	1832
21	30	1752
21	31	1496
22	23	-2728
22	24	-296
22	25	-4520
22	26	-2344
22	27	168
22	28	1496
22	29	-2008
22	30	-2600
22	31	5336
23	24	-4392
23	25	3672
23	26	-2344
23	27	-3928
23	28	-2600
23	29	-2008
23	30	1496
23	31	1240
24	25	-6184
24	26	88
24	27	1832
24	28	3928
24	29	3752
24	30	-168
24	31	-4520
25	26	-40
25	27	1960
25	28	-4392
25	29	-216
25	30	-296
25	31	-552
26	27	-216
26	28	1880
26	29	1704
26	30	1880
26	31	-2472
27	28	4136
27	29	472
27	30	40
27	31	296
28	29	1960
28	30	-2472
28	31	-2728
29	30	-2136
29	31	-1880
30	31	1368
