0	1	2072
0	2	1304
0	3	536
0	4	-1432
0	5	-2536
0	6	1304
0	7	-5096
0	8	-744
0	9	1256
0	10	-1128
0	11	1640
0	12	-1816
0	13	-872
0	14	-4712
0	15	3096
0	16	2456
0	17	1304
0	18	4328
0	19	-2280
0	20	-3048
0	21	-408
0	22	2920
0	23	-1256
0	24	1048
0	25	-2328
0	26	-2408
0	27	2584
0	28	1560
0	29	-1128
0	30	664
0	31	-2712
1	2	2840
1	3	10264
1	4	-2968
1	5	3096
1	6	-1256
1	7	-3560
1	8	792
1	9	3816
1	10	408
1	11	4200
1	12	-3352
1	13	-3432
1	14	-3176
1	15	4632
1	16	-4200
1	17	2840
1	18	-5400
1	19	-744
1	20	-5608
1	21	2152
1	22	5480
1	23	-3816
1	24	-1512
1	25	232
1	26	-872
1	27	-4072
1	28	-1000
1	29	-3688
1	30	2200
1	31	-152
2	3	1304
2	4	1896
2	5	2328
2	6	-2024
2	7	3864
2	8	24
2	9	4584
2	10	3736
2	11	872
2	12	5608
2	13	-8296
2	14	152
2	15	3864
2	16	-872
2	17	6168
2	18	3560
2	19	-1512
2	20	-2280
2	21	-1176
2	22	-1944
2	23	-4584
2	24	1816
2	25	-3096
2	26	-1640
2	27	-744
2	28	-5864
2	29	-360
2	30	1432
2	31	616
3	4	-1432
3	5	1560
3	6	1304
3	7	-5096
3	8	-744
3	9	1256
3	10	-1128
3	11	5736
3	12	-5912
3	13	-872
3	14	-616
3	15	3096
3	16	-5736
3	17	1304
3	18	-3864
3	19	1816
3	20	-3048
3	21	3688
3	22	2920
3	23	-1256
3	24	-3048
3	25	1768
3	26	1688
3	27	-5608
3	28	1560
3	29	-5224
3	30	664
3	31	1384
4	5	-2456
4	6	1896
4	7	104
4	8	3944
4	9	-4456
4	10	232
4	11	-744
4	12	2712
4	13	-4120
4	14	-280
4	15	104
4	16	-3352
4	17	5992
4	18	4760
4	19	1384
4	20	6248
4	21	-2792
4	22	-2024
4	23	4456
4	24	-1944
4	25	-4968
4	26	1512
4	27	616
4	28	-2456
4	29	-3864
4	30	2536
4	31	3608
5	6	2328
5	7	4120
5	8	280
5	9	4328
5	10	3992
5	11	616
5	12	1256
5	13	152
5	14	4504
5	15	-4072
5	16	-4712
5	17	-1768
5	18	-4888
5	19	-1256
5	20	-2024
5	21	2664
5	22	1896
5	23	-4328
5	24	-2024
5	25	744
5	26	-5480
5	27	-488
5	28	-5608
5	29	3992
5	30	1688
5	31	360
6	7	-4328
6	8	24
6	9	488
6	10	3736
6	11	4968
6	12	-2584
6	13	3992
6	14	4248
6	15	-4328
6	16	-4968
6	17	-2024
6	18	3560
6	19	2584
6	20	1816
6	21	2920
6	22	-1944
6	23	-488
6	24	1816
6	25	1000
6	26	-5736
6	27	3352
6	28	-1768
6	29	-360
6	30	1432
6	31	616
7	8	1816
7	9	2792
7	10	1432
7	11	-5016
7	12	7912
7	13	-2408
7	14	1944
7	15	-2536
7	16	920
7	17	-232
7	18	-2328
7	19	-3816
7	20	-488
7	21	-2968
7	22	-3736
7	23	-2792
7	24	-488
7	25	-792
7	26	152
7	27	1048
7	28	-4072
7	29	5528
7	30	-872
7	31	-1176
8	9	2536
8	10	-2408
8	11	-1176
8	12	3560
8	13	-2152
8	14	-5992
8	15	-2280
8	16	-2920
8	17	4120
8	18	-2584
8	19	-3560
8	20	-232
8	21	-3224
8	22	104
8	23	-2536
8	24	-232
8	25	-1048
8	26	408
8	27	5400
8	28	280
8	29	1688
8	30	-616
8	31	-1432
9	10	2920
9	11	664
9	12	4120
9	13	-1432
9	14	-1688
9	15	-1304
9	16	-664
9	17	488
9	18	-2024
9	19	-4120
9	20	-7448
9	21	-1384
9	22	-616
9	23	-9240
9	24	4840
9	25	536
9	26	-3992
9	27	3304
9	28	-3864
9	29	2920
9	30	1128
9	31	-3176
10	11	3304
10	12	3944
10	13	-2536
10	14	5912
10	15	1432
10	16	-3304
10	17	-360
10	18	1896
10	19	152
10	20	-616
10	21	1256
10	22	-3608
10	23	-2920
10	24	3480
10	25	-664
10	26	-8168
10	27	920
10	28	-8296
10	29	1304
10	30	3096
10	31	-1048
11	12	-4456
11	13	-1048
11	14	2792
11	15	3176
11	16	-4376
11	17	872
11	18	1688
11	19	4456
11	20	1128
11	21	6424
11	22	-1000
11	23	-664
11	24	1128
11	25	4248
11	26	-3608
11	27	-408
11	28	616
11	29	-792
11	30	-2584
11	31	536
12	13	-4504
12	14	-664
12	15	-280
12	16	360
12	17	1512
12	18	1048
12	19	-7192
12	20	-2328
12	21	-6504
12	22	-5736
12	23	-4120
12	24	1768
12	25	-4584
12	26	-2968
12	27	4328
12	28	-6936
12	29	3944
12	30	2152
12	31	-4200
13	14	2072
13	15	-6504
13	16	1048
13	17	-8296
13	18	-2456
13	19	408
13	20	-360
13	21	1000
13	22	232
13	23	1432
13	24	-360
13	25	3176
13	26	280
13	27	1176
13	28	4248
13	29	1560
13	30	-744
13	31	-1304
14	15	-2152
14	16	-2792
14	17	-3944
14	18	1384
14	19	4760
14	20	3992
14	21	4840
14	22	-4120
14	23	1688
14	24	-104
14	25	2920
14	26	-3560
14	27	-2664
14	28	-3688
14	29	1816
14	30	-488
14	31	2536
15	16	920
15	17	3864
15	18	1768
15	19	280
15	20	-488
15	21	1128
15	22	360
15	23	1304
15	24	-488
15	25	-792
15	26	152
15	27	-3048
15	28	24
15	29	-2664
15	30	-872
15	31	-1176
16	17	-872
16	18	2408
16	19	-360
16	20	-1128
16	21	-2328
16	22	1000
16	23	664
16	24	2968
16	25	-152
16	26	3608
16	27	408
16	28	3480
16	29	792
16	30	-1512
16	31	-536
17	18	3560
17	19	2584
17	20	1816
17	21	-1176
17	22	2152
17	23	-488
17	24	1816
17	25	-3096
17	26	2456
17	27	-744
17	28	-1768
17	29	-4456
17	30	1432
17	31	4712
18	19	3048
18	20	3816
18	21	-360
18	22	-3688
18	23	2024
18	24	3816
18	25	-2536
18	26	-920
18	27	2280
18	28	-792
18	29	-2200
18	30	104
18	31	1944
19	20	6424
19	21	6504
19	22	1640
19	23	4120
19	24	2328
19	25	4584
19	26	2968
19	27	-4328
19	28	2840
19	29	-3944
19	30	-2152
19	31	8296
20	21	3176
20	22	-1688
20	23	7448
20	24	-2536
20	25	1256
20	26	2200
20	27	-1000
20	28	2072
20	29	-616
20	30	-2920
20	31	4968
21	22	1048
21	23	1384
21	24	-920
21	25	6296
21	26	-1560
21	27	-2456
21	28	2664
21	29	1256
21	30	-4632
21	31	2584
22	23	616
22	24	-1688
22	25	-1128
22	26	1768
22	27	-3224
22	28	1896
22	29	-3608
22	30	2792
22	31	3352
23	24	-4840
23	25	-536
23	26	3992
23	27	-3304
23	28	3864
23	29	-2920
23	30	-1128
23	31	3176
24	25	1256
24	26	-1896
24	27	3096
24	28	-2024
24	29	-616
24	30	1176
24	31	872
25	26	616
25	27	-280
25	28	4840
25	29	3432
25	30	-6552
25	31	408
26	27	-4456
26	28	6808
26	29	-4072
26	30	-2280
26	31	4328
27	28	-488
27	29	5016
27	30	-1384
27	31	-4760
28	29	-104
28	30	-6504
28	31	360
29	30	-5096
29	31	-5144
30	31	1256
