0	1	2276
0	2	-2140
0	3	2892
0	4	-3164
0	5	-2956
0	6	916
0	7	2276
0	8	4316
0	9	-1188
0	10	372
0	11	-1804
0	12	-5132
0	13	-1804
0	14	-3028
0	15	-100
0	16	3844
0	17	-1804
0	18	1804
0	19	-236
0	20	-1188
0	21	1940
0	22	1052
0	23	-988
0	24	-1668
0	25	-100
0	26	-1668
0	27	-3164
0	28	988
0	29	1668
0	30	-2276
0	31	3980
0	32	2412
0	33	-100
1	2	-1868
1	3	3164
1	4	-3436
1	5	1940
1	6	-3980
1	7	6628
1	8	4044
1	9	-916
1	10	100
1	11	2548
1	12	-236
1	13	-2076
1	14	-3300
1	15	172
1	16	-508
1	17	-2076
1	18	2076
1	19	-4588
1	20	-916
1	21	-2412
1	22	-3844
1	23	-1260
1	24	-1940
1	25	172
1	26	2684
1	27	-3436
1	28	5884
1	29	1940
1	30	-2004
1	31	-372
1	32	2140
1	33	172
2	3	-7924
2	4	3572
2	5	2548
2	6	-508
2	7	-1868
2	8	-3908
2	9	-3844
2	10	36
2	11	2212
2	12	100
2	13	-2412
2	14	3436
2	15	4316
2	16	-4252
2	17	-2412
2	18	2412
2	19	-172
2	20	-3844
2	21	2276
2	22	3980
2	23	1396
2	24	2076
2	25	4316
2	26	2076
2	27	3572
2	28	-1396
2	29	-2076
2	30	1868
2	31	236
2	32	-2004
2	33	4316
3	4	-5268
3	5	-2484
3	6	-100
3	7	3164
3	8	5748
3	9	4996
3	10	444
3	11	-2004
3	12	-308
3	13	2620
3	14	-5404
3	15	-5340
3	16	4588
3	17	2620
3	18	-2620
3	19	-580
3	20	4996
3	21	-2756
3	22	-4860
3	23	-2820
3	24	-2140
3	25	-5340
3	26	-2140
3	27	-5268
3	28	2820
3	29	2140
3	30	-3164
3	31	-172
3	32	3028
3	33	-5340
4	5	-1868
4	6	4452
4	7	-3436
4	8	-6020
4	9	-100
4	10	-5340
4	11	1732
4	12	580
4	13	-2892
4	14	5132
4	15	988
4	16	-4316
4	17	-2892
4	18	2892
4	19	852
4	20	-100
4	21	-1596
4	22	4588
4	23	2548
4	24	-2756
4	25	988
4	26	-2756
4	27	9620
4	28	-2548
4	29	2756
4	30	3436
4	31	-4180
4	32	-7924
4	33	988
5	6	-5948
5	7	1940
5	8	-100
5	9	-3028
5	10	-780
5	11	1396
5	12	5540
5	13	1396
5	14	-2004
5	15	5132
5	16	-3436
5	17	1396
5	18	-1396
5	19	-3980
5	20	-3028
5	21	-1532
5	22	-1460
5	23	580
5	24	1260
5	25	508
5	26	5884
5	27	-1868
5	28	-580
5	29	-5884
5	30	-1940
5	31	1052
5	32	1804
5	33	5132
6	7	-3980
6	8	-1940
6	9	444
6	10	-1260
6	11	-3436
6	12	-3500
6	13	1188
6	14	4588
6	15	-3092
6	16	852
6	17	-3436
6	18	3436
6	19	6020
6	20	444
6	21	3572
6	22	4044
6	23	2004
6	24	-3300
6	25	1532
6	26	-3300
6	27	4452
6	28	-2004
6	29	3300
6	30	3980
6	31	-3636
6	32	-3844
6	33	-3092
7	8	4044
7	9	-916
7	10	100
7	11	2548
7	12	-236
7	13	-2076
7	14	-3300
7	15	172
7	16	-508
7	17	-2076
7	18	2076
7	19	-4588
7	20	-916
7	21	-2412
7	22	-3844
7	23	-1260
7	24	-1940
7	25	172
7	26	2684
7	27	-3436
7	28	5884
7	29	1940
7	30	-2004
7	31	-372
7	32	2140
7	33	172
8	9	1668
8	10	2140
8	11	-36
8	12	-2276
8	13	-36
8	14	-5884
8	15	-1868
8	16	2076
8	17	-36
8	18	36
8	19	-2004
8	20	1668
8	21	172
8	22	-1804
8	23	-3844
8	24	100
8	25	-1868
8	26	100
8	27	-6020
8	28	3844
8	29	-100
8	30	-4044
8	31	2212
8	32	4180
8	33	-1868
9	10	988
9	11	3164
9	12	-852
9	13	-1460
9	14	-4860
9	15	-5884
9	16	-580
9	17	3164
9	18	-3164
9	19	-1124
9	20	9076
9	21	-3300
9	22	308
9	23	-6900
9	24	3028
9	25	-5884
9	26	-6220
9	27	-100
9	28	2276
9	29	1596
9	30	-3708
9	31	-716
9	32	-1052
9	33	-5884
10	11	644
10	12	-2956
10	13	644
10	14	-580
10	15	-2548
10	16	1396
10	17	644
10	18	-644
10	19	1940
10	20	988
10	21	4116
10	22	-1124
10	23	-3164
10	24	5404
10	25	2076
10	26	780
10	27	-5340
10	28	3164
10	29	-780
10	30	-100
10	31	1532
10	32	4860
10	33	-2548
11	12	-780
11	13	-6156
11	14	-2756
11	15	-372
11	16	-5676
11	17	-1532
11	18	1532
11	19	-5132
11	20	3164
11	21	-2956
11	22	1324
11	23	-5340
11	24	3228
11	25	-372
11	26	-1396
11	27	1732
11	28	5340
11	29	1396
11	30	-2548
11	31	-916
11	32	-1940
11	33	-372
12	13	3844
12	14	444
12	15	2684
12	16	-1260
12	17	3844
12	18	-3844
12	19	-1804
12	20	-852
12	21	-3980
12	22	-3636
12	23	3028
12	24	-916
12	25	-1940
12	26	3708
12	27	580
12	28	-3028
12	29	-3708
12	30	236
12	31	-1396
12	32	-372
12	33	2684
13	14	1868
13	15	-372
13	16	3572
13	17	3092
13	18	-3092
13	19	4116
13	20	-1460
13	21	1668
13	22	-3300
13	23	3908
13	24	-1396
13	25	-372
13	26	3228
13	27	-2892
13	28	-3908
13	29	-3228
13	30	2076
13	31	-916
13	32	2684
13	33	-372
14	15	852
14	16	172
14	17	-2756
14	18	2756
14	19	5340
14	20	-4860
14	21	2892
14	22	100
14	23	7308
14	24	-2620
14	25	5476
14	26	2004
14	27	5132
14	28	-2684
14	29	2620
14	30	7924
14	31	-4316
14	32	-3164
14	33	852
15	16	-1668
15	17	-372
15	18	372
15	19	-2212
15	20	-5884
15	21	236
15	22	1396
15	23	3436
15	24	-508
15	25	2276
15	26	4116
15	27	988
15	28	-3436
15	29	-4116
15	30	-172
15	31	2820
15	32	36
15	33	6900
16	17	3572
16	18	-3572
16	19	3092
16	20	-580
16	21	916
16	22	-3908
16	23	2756
16	24	-1188
16	25	-1668
16	26	-1188
16	27	-4316
16	28	-2756
16	29	1188
16	30	508
16	31	3500
16	32	3980
16	33	-1668
17	18	-7716
17	19	-508
17	20	3164
17	21	-2956
17	22	-3300
17	23	-716
17	24	3228
17	25	-4996
17	26	-1396
17	27	-2892
17	28	-3908
17	29	-3228
17	30	-2548
17	31	3708
17	32	2684
17	33	-372
18	19	508
18	20	-3164
18	21	2956
18	22	3300
18	23	716
18	24	-3228
18	25	4996
18	26	1396
18	27	2892
18	28	3908
18	29	3228
18	30	2548
18	31	-3708
18	32	-2684
18	33	372
19	20	-1124
19	21	4996
19	22	1260
19	23	3300
19	24	-644
19	25	2412
19	26	-644
19	27	852
19	28	-3300
19	29	644
19	30	4588
19	31	-1668
19	32	-100
19	33	-2212
20	21	-3300
20	22	308
20	23	-6900
20	24	3028
20	25	-5884
20	26	-6220
20	27	-100
20	28	2276
20	29	1596
20	30	-3708
20	31	-716
20	32	-1052
20	33	-5884
21	22	3436
21	23	852
21	24	1532
21	25	4860
21	26	1532
21	27	-1596
21	28	-852
21	29	-1532
21	30	2412
21	31	780
21	32	2076
21	33	236
22	23	-2484
22	24	1460
22	25	1396
22	26	-3164
22	27	4588
22	28	-2140
22	29	-1460
22	30	-780
22	31	852
22	32	-3708
22	33	1396
23	24	-5204
23	25	3436
23	26	4044
23	27	2548
23	28	-4724
23	29	580
23	30	5884
23	31	-1732
23	32	-1124
23	33	3436
24	25	-508
24	26	-1260
24	27	-2756
24	28	580
24	29	-3364
24	30	-2684
24	31	3572
24	32	2820
24	33	-508
25	26	4116
25	27	988
25	28	1188
25	29	508
25	30	4452
25	31	-1804
25	32	36
25	33	2276
26	27	-2756
26	28	580
26	29	-3364
26	30	1940
26	31	-1052
26	32	2820
26	33	4116
27	28	-2548
27	29	2756
27	30	3436
27	31	-4180
27	32	-7924
27	33	988
28	29	4044
28	30	-1260
28	31	-2892
28	32	1124
28	33	-3436
29	30	2684
29	31	-3572
29	32	-2820
29	33	-4116
30	31	-4252
30	32	-2140
30	33	-172
31	32	4116
31	33	2820
32	33	36
