0	1	-5320
0	2	-2704
0	3	4368
0	4	528
0	5	3824
0	6	-1784
0	7	968
0	8	4368
0	9	256
0	10	4336
0	11	-120
0	12	5016
0	13	-1512
0	14	-3960
0	15	256
0	16	-1208
0	17	3656
0	18	-2056
0	19	-5728
0	20	-2568
0	21	4368
0	22	1920
0	23	-3792
0	24	-1616
0	25	-2192
0	26	-664
0	27	-1072
0	28	-664
0	29	1104
0	30	664
0	31	-3248
0	32	256
0	33	3112
1	2	1104
1	3	-1072
1	4	-3280
1	5	-1616
1	6	-968
1	7	152
1	8	-1072
1	9	1072
1	10	528
1	11	-5560
1	12	-3416
1	13	-696
1	14	6104
1	15	-3552
1	16	2600
1	17	-152
1	18	3384
1	19	4336
1	20	5864
1	21	-1072
1	22	-3520
1	23	16
1	24	-2432
1	25	-1376
1	26	3144
1	27	-1888
1	28	-1480
1	29	288
1	30	-3144
1	31	5184
1	32	-3552
1	33	-696
2	3	-152
2	4	4504
2	5	392
2	6	2192
2	7	-1376
2	8	-152
2	9	152
2	10	696
2	11	-288
2	12	16
2	13	1920
2	14	-256
2	15	-4472
2	16	800
2	17	1376
2	18	-2160
2	19	1512
2	20	2160
2	21	-152
2	22	2296
2	23	-1240
2	24	-3416
2	25	2600
2	26	256
2	27	664
2	28	256
2	29	3112
2	30	-256
2	31	-1784
2	32	152
2	33	1920
3	4	2328
3	5	2568
3	6	16
3	7	800
3	8	6648
3	9	2600
3	10	7768
3	11	-2736
3	12	2464
3	13	-256
3	14	-2432
3	15	-2024
3	16	-1648
3	17	3824
3	18	288
3	19	-5288
3	20	-288
3	21	6648
3	22	4472
3	23	-3688
3	24	-5864
3	25	424
3	26	2432
3	27	-1784
3	28	-2192
3	29	664
3	30	-2432
3	31	-4232
3	32	-2024
3	33	-256
4	5	1784
4	6	4880
4	7	-1072
4	8	2328
4	9	2296
4	10	1752
4	11	2464
4	12	2432
4	13	528
4	14	-1920
4	15	-2328
4	16	1376
4	17	1072
4	18	-16
4	19	-3688
4	20	16
4	21	2328
4	22	4504
4	23	-1208
4	24	-3656
4	25	4472
4	26	1920
4	27	1512
4	28	-2704
4	29	3688
4	30	-1920
4	31	-5288
4	32	2296
4	33	528
5	6	-528
5	7	-3280
5	8	2568
5	9	2056
5	10	2600
5	11	-2192
5	12	1920
5	13	-5424
5	14	1648
5	15	-2568
5	16	3520
5	17	-1344
5	18	-256
5	19	-5832
5	20	256
5	21	2568
5	22	392
5	23	-7768
5	24	-696
5	25	-120
5	26	-1648
5	27	-5864
5	28	-1648
5	29	5832
5	30	1648
5	31	-3688
5	32	-2568
5	33	3824
6	7	-3384
6	8	16
6	9	-16
6	10	-560
6	11	152
6	12	120
6	13	-1784
6	14	392
6	15	-16
6	16	3688
6	17	-1240
6	18	2296
6	19	-1376
6	20	2328
6	21	16
6	22	2192
6	23	1104
6	24	-1344
6	25	2160
6	26	4232
6	27	3824
6	28	-5016
6	29	1376
6	30	-4232
6	31	-2976
6	32	4608
6	33	-1784
7	8	800
7	9	3824
7	10	-256
7	11	5288
7	12	3688
7	13	5592
7	14	-1208
7	15	-800
7	16	-2872
7	17	5048
7	18	1512
7	19	560
7	20	-1512
7	21	800
7	22	-1376
7	23	4336
7	24	-2464
7	25	1648
7	26	1208
7	27	1616
7	28	1208
7	29	-560
7	30	-1208
7	31	3792
7	32	-800
7	33	968
8	9	2600
8	10	7768
8	11	-2736
8	12	2464
8	13	-256
8	14	-2432
8	15	-2024
8	16	-1648
8	17	3824
8	18	288
8	19	-5288
8	20	-288
8	21	6648
8	22	4472
8	23	-3688
8	24	-5864
8	25	424
8	26	2432
8	27	-1784
8	28	-2192
8	29	664
8	30	-2432
8	31	-4232
8	32	-2024
8	33	-256
9	10	1480
9	11	2736
9	12	2160
9	13	256
9	14	2432
9	15	-2600
9	16	1648
9	17	800
9	18	4336
9	19	-3960
9	20	288
9	21	2600
9	22	152
9	23	-936
9	24	-3384
9	25	4200
9	26	2192
9	27	-2840
9	28	-2432
9	29	3960
9	30	-2192
9	31	-392
9	32	-2600
9	33	256
10	11	-5968
10	12	1616
10	13	-288
10	14	-2736
10	15	-3144
10	16	-2432
10	17	4880
10	18	-832
10	19	-4504
10	20	832
10	21	7768
10	22	5320
10	23	-5016
10	24	-7464
10	25	-968
10	26	2736
10	27	-2296
10	28	-1888
10	29	-120
10	30	-2736
10	31	-4472
10	32	-3144
10	33	-288
11	12	2600
11	13	4504
11	14	-2296
11	15	2736
11	16	-1784
11	17	-664
11	18	424
11	19	-528
11	20	-5048
11	21	-2736
11	22	-288
11	23	5424
11	24	3248
11	25	5184
11	26	-2328
11	27	2704
11	28	2296
11	29	528
11	30	2328
11	31	256
11	32	2736
11	33	-120
12	13	392
12	14	-2056
12	15	-2464
12	16	1512
12	17	5560
12	18	-152
12	19	-3824
12	20	152
12	21	2464
12	22	16
12	23	-1072
12	24	-3520
12	25	-288
12	26	2056
12	27	1648
12	28	-2568
12	29	3824
12	30	-2056
12	31	-528
12	32	2160
12	33	5016
13	14	-3960
13	15	256
13	16	-5832
13	17	3656
13	18	-2056
13	19	3520
13	20	-2568
13	21	-256
13	22	1920
13	23	5456
13	24	-1616
13	25	2432
13	26	-664
13	27	3552
13	28	3960
13	29	-3520
13	30	664
13	31	1376
13	32	256
13	33	-1512
14	15	-2192
14	16	5864
14	17	-3416
14	18	4744
14	19	1072
14	20	4504
14	21	-2432
14	22	-4880
14	23	-1344
14	24	832
14	25	-16
14	26	1784
14	27	-3248
14	28	-2840
14	29	3552
14	30	-1784
14	31	3824
14	32	-2192
14	33	664
15	16	-2976
15	17	-3824
15	18	-288
15	19	664
15	20	-4336
15	21	-2024
15	22	152
15	23	3688
15	24	5864
15	25	-424
15	26	-2432
15	27	1784
15	28	2192
15	29	-5288
15	30	2432
15	31	-392
15	32	2024
15	33	-4368
16	17	-1752
16	18	3960
16	19	-1616
16	20	5288
16	21	-1648
16	22	-3824
16	23	-2736
16	24	-288
16	25	-528
16	26	3384
16	27	-832
16	28	-5864
16	29	6240
16	30	-3384
16	31	1344
16	32	1648
16	33	3416
17	18	-1512
17	19	-560
17	20	1512
17	21	3824
17	22	1376
17	23	288
17	24	-6784
17	25	-1648
17	26	3416
17	27	3008
17	28	-1208
17	29	560
17	30	-3416
17	31	832
17	32	800
17	33	3656
18	19	-1648
18	20	2600
18	21	288
18	22	-2160
18	23	1376
18	24	-1072
18	25	1888
18	26	4504
18	27	-528
18	28	-4744
18	29	1648
18	30	-4504
18	31	1920
18	32	-288
18	33	-2056
19	20	1648
19	21	-5288
19	22	-3112
19	23	5048
19	24	2600
19	25	-1784
19	26	-1072
19	27	3144
19	28	3552
19	29	-3928
19	30	1072
19	31	5592
19	32	664
19	33	-1104
20	21	-288
20	22	-2464
20	23	-1376
20	24	-3552
20	25	-1888
20	26	4744
20	27	528
20	28	-4504
20	29	2976
20	30	-4744
20	31	2704
20	32	288
20	33	2056
21	22	4472
21	23	-3688
21	24	-5864
21	25	424
21	26	2432
21	27	-1784
21	28	-2192
21	29	664
21	30	-2432
21	31	-4232
21	32	-2024
21	33	-256
22	23	-1240
22	24	-3416
22	25	2600
22	26	256
22	27	664
22	28	256
22	29	-1512
22	30	-256
22	31	-6408
22	32	152
22	33	-2704
23	24	2296
23	25	1512
23	26	1344
23	27	6376
23	28	1344
23	29	-5048
23	30	-1344
23	31	3928
23	32	3688
23	33	-3792
24	25	-936
24	26	-5456
24	27	-424
24	28	3792
24	29	-2600
24	30	5456
24	31	1752
24	32	1240
24	33	-1616
25	26	16
25	27	-392
25	28	16
25	29	1784
25	30	-16
25	31	-2568
25	32	-424
25	33	-2192
26	27	3248
26	28	-6408
26	29	1072
26	30	-7464
26	31	800
26	32	2192
26	33	-664
27	28	-1376
27	29	-3144
27	30	-3248
27	31	1208
27	32	6408
27	33	-1072
28	29	-3552
28	30	6408
28	31	800
28	32	-2432
28	33	-664
29	30	-1072
29	31	-968
29	32	-664
29	33	5728
30	31	-800
30	32	-2192
30	33	664
31	32	-392
31	33	1376
32	33	256
