0	1	1280
0	2	-3584
0	3	2048
0	5	1664
0	6	-2944
0	7	2688
0	8	4480
0	9	1792
0	10	-640
0	11	2560
0	12	-3072
0	13	4480
0	14	9856
0	15	512
0	16	8960
0	17	3328
0	18	1280
0	19	384
0	20	-1920
0	21	2048
0	22	10752
0	23	-6272
0	24	12800
0	25	6528
0	26	4736
0	27	6528
0	28	9216
0	29	-1536
0	30	7296
0	31	-6912
1	2	-16384
1	3	1536
1	4	4608
1	5	6016
1	6	-5760
1	7	-7296
1	8	-896
1	9	-10496
1	10	5248
1	11	14336
1	12	-8704
1	13	-8064
1	14	-2176
1	16	-256
1	17	-3840
1	18	2304
1	19	8320
1	20	-6784
1	21	2560
1	22	5120
1	23	6784
1	24	-4096
1	25	1152
1	26	-128
1	27	-7040
1	28	3584
1	29	1024
1	30	4480
1	31	-4864
2	3	768
2	4	-6912
2	5	-7808
2	6	8064
2	7	1408
2	8	3200
2	9	512
2	10	-7552
2	11	-8448
2	12	6400
2	13	1664
2	14	384
2	15	1792
2	16	2048
2	17	6144
2	19	-6528
2	20	896
2	21	-8960
2	22	-2816
2	23	-896
2	24	1792
2	25	1152
2	26	-2176
2	27	5248
2	28	-5888
2	29	-2816
2	30	-6272
2	31	2560
3	4	-2816
3	5	1152
3	6	-2432
3	7	-3968
3	8	-1664
3	9	-7168
3	10	1920
3	11	-1280
3	12	-3840
3	13	896
3	14	-2944
3	15	768
3	16	512
3	17	-512
3	18	1536
3	19	896
3	20	640
3	21	3328
3	22	256
3	23	-640
3	24	8960
3	25	4480
3	26	8832
3	27	-7808
3	28	4352
3	29	4352
3	30	11904
4	5	4992
4	6	-3712
4	7	-2176
4	8	7808
4	9	1024
4	10	128
4	11	-768
4	12	-2304
4	13	-7040
4	14	-3200
4	15	-2816
4	16	-2560
4	17	2560
4	18	-3584
4	19	1152
4	20	-2688
4	21	2816
4	22	-2304
4	23	-5504
4	24	-2816
4	25	-2432
4	26	1408
4	27	1664
4	28	5888
4	29	1792
4	30	-1664
4	31	-6144
5	6	-6144
5	7	512
5	8	-5376
5	9	1408
5	10	1536
5	11	2432
5	12	-12416
5	13	-3584
5	14	-6656
5	15	4480
5	16	-3968
5	17	-4224
5	18	-2176
5	19	4608
5	20	1024
5	21	15232
5	22	-7552
5	23	-5120
5	24	-3712
5	25	4864
5	26	256
5	27	768
5	28	16256
5	29	640
5	30	4096
5	31	-384
6	7	5120
6	8	7424
6	9	-2176
6	10	-7168
6	11	-10368
6	12	7552
6	13	4096
6	14	-6144
6	15	-4224
6	16	3712
6	17	-7808
6	18	-1664
6	19	4096
6	20	5632
6	21	-5760
6	22	1152
6	23	2560
6	24	-4224
6	25	-15104
6	26	-8448
6	27	-2816
6	28	-8832
6	29	-2944
6	30	-11776
6	31	7296
7	8	5888
7	9	-3712
7	10	-5632
7	11	-640
7	12	896
7	13	-6656
7	14	4608
7	15	5504
7	16	5248
7	17	-1152
7	18	-3200
7	19	5632
7	21	3968
7	22	-4480
7	23	4096
7	24	9600
7	25	-4352
7	26	-11008
7	27	-256
7	28	-7296
7	29	-384
7	30	-1024
7	31	8832
8	9	-9600
8	10	-7936
8	11	-7040
8	12	-1408
8	13	-4864
8	14	-5376
8	15	-9088
8	16	2944
8	17	5248
8	18	-4992
8	19	7424
8	20	-1792
8	21	-6528
8	22	1920
8	23	1792
8	24	7296
8	25	-2048
8	26	-1024
8	27	-10240
8	28	2688
8	29	-2176
8	30	-2816
8	31	2432
9	10	5760
9	11	-1536
9	12	4096
9	13	12928
9	14	9600
9	15	512
9	16	-3840
9	17	-256
9	18	-2304
9	19	-3456
9	20	4992
9	21	3072
9	22	-7680
9	23	-4992
9	24	-7680
9	25	640
9	26	384
9	27	12928
9	29	-3584
9	30	-128
9	31	-256
10	11	10880
10	12	-11136
10	13	8704
10	14	13824
10	15	-3456
10	16	-3200
10	17	-896
10	18	5248
10	19	-7680
10	20	-2048
10	21	6272
10	22	-1664
10	23	-2048
10	24	-3456
10	25	-1792
10	26	8960
10	27	-1792
10	28	1152
10	29	6528
10	30	7168
10	31	-2688
11	12	-12032
11	13	-4480
11	14	10624
11	15	3840
11	17	-4096
11	18	-2048
11	19	-384
11	20	-5248
11	21	1280
11	22	-768
11	23	1152
11	24	-256
11	25	3200
11	26	-128
11	27	-896
11	28	256
11	29	3328
11	30	12160
11	31	-7680
12	13	2176
12	14	-128
12	15	2304
12	16	-1536
12	17	1536
12	18	-512
12	19	6272
12	20	384
12	21	-8448
12	22	8960
12	23	3712
12	24	-5888
12	25	-3456
12	26	-9856
12	27	640
12	28	-13568
12	29	-3328
12	30	-6784
12	31	3072
13	14	8704
13	15	-2432
13	16	-6272
13	17	2176
13	18	128
13	19	-10752
13	20	5120
13	21	3200
13	22	1408
13	23	-5120
13	24	-2432
13	25	-2816
13	26	1792
13	27	5376
13	28	2176
13	29	-2688
13	30	2048
13	31	2432
14	15	384
14	16	128
14	17	3968
14	18	1920
14	19	-3584
14	20	-3072
14	21	2944
14	22	640
14	23	-1024
14	24	4480
14	25	768
14	26	-3840
14	27	4864
14	28	-4224
14	29	4736
14	30	4096
14	31	-384
15	16	-6144
15	17	-2048
15	19	-2432
15	20	4992
15	21	3328
15	22	1280
15	23	-896
15	24	-2304
15	25	5248
15	26	-6272
15	27	1152
15	28	-5888
15	29	-11008
15	30	1920
15	31	-5632
16	17	-2304
16	18	3840
16	19	1920
16	20	640
16	21	-12800
16	22	5120
16	23	7552
16	24	2048
16	25	896
16	26	6272
16	27	4992
16	28	-5632
16	29	-3072
16	30	-2432
16	31	-5376
17	18	-3840
17	19	2176
17	20	-12928
17	21	-3584
17	22	3072
17	23	640
17	24	6144
17	25	15488
17	26	6016
17	27	7296
17	28	1536
17	29	-5120
17	30	2432
17	31	5376
18	19	-8064
18	20	-2688
18	21	2560
18	22	5120
18	23	6784
18	24	4096
18	25	-7040
18	26	3968
18	27	1152
18	28	-512
18	29	1024
18	30	-3712
18	31	-4864
19	20	-7168
19	21	-896
19	22	1408
19	23	7168
19	24	-2432
19	25	5376
19	26	-6400
19	27	-6912
19	28	-1920
19	29	1408
19	30	-2048
19	31	6528
20	21	-640
20	22	-8064
20	23	3584
20	24	-3200
20	25	-7936
20	26	-3328
20	27	-3840
20	28	-3712
20	29	128
20	30	-512
20	31	4224
21	22	-4352
21	23	-7552
21	24	3328
21	25	-384
21	26	-4736
21	27	-384
21	28	16128
21	29	7936
21	30	4480
21	31	4096
22	23	-128
22	24	1280
22	25	3968
22	26	5248
22	27	-128
22	28	768
22	29	-4352
22	30	-896
22	31	-11776
23	24	-4992
23	25	-4352
23	26	-4864
23	27	-4352
23	28	-12672
23	29	-4224
23	30	512
23	31	8064
24	25	5248
24	26	6016
24	27	1152
24	28	6400
24	29	5376
24	30	6016
24	31	2560
25	26	9216
25	27	4096
25	28	8832
25	29	-4224
25	30	7424
25	31	-3712
26	27	5120
26	28	6528
26	29	1152
26	30	5888
26	31	-9600
27	28	640
27	29	-4224
27	30	-4864
27	31	-3712
28	29	4864
28	30	5504
28	31	-5120
29	30	-896
29	31	4608
30	31	1152
