0	1	4844
0	2	-3692
0	3	7572
0	4	3988
0	5	-3052
0	6	-404
0	7	6508
0	8	1940
0	9	2708
0	10	-8980
0	11	-1260
0	12	-7148
0	13	-364
0	14	-2668
0	15	-10900
0	16	-8172
0	17	-9620
0	18	1132
0	19	1428
0	20	8596
0	21	7404
0	22	4628
0	23	3988
0	24	-3604
0	25	-876
0	26	-2796
0	27	6420
0	28	-108
0	29	15124
0	30	148
0	31	12396
1	2	-1388
1	3	-2412
1	4	-1900
1	5	7444
1	6	-2708
1	7	4204
1	8	-3948
1	9	5012
1	10	1004
1	11	5140
1	12	-748
1	13	-2156
1	14	-4460
1	15	-9108
1	16	-1772
1	17	364
1	18	-5268
1	19	-364
1	20	6804
1	21	1004
1	22	-1260
1	23	6292
1	24	-5908
1	25	1428
1	26	-492
1	27	4628
1	28	-5996
1	29	5140
1	30	-1644
1	31	-2196
2	3	5356
2	4	-11540
2	5	3692
2	6	3860
2	7	1044
2	8	-1300
2	9	-2068
2	10	-3948
2	11	1900
2	12	-404
2	13	-3092
2	14	3308
2	15	2068
2	16	-3476
2	17	-7404
2	18	2324
2	19	-4884
2	20	-7956
2	21	-3948
2	22	-16276
2	23	4844
2	24	-5228
2	25	1516
2	26	-4756
2	27	-5780
2	28	4844
2	29	-6292
2	30	-7700
2	31	-4844
3	4	-10516
3	5	4716
3	6	6932
3	7	4116
3	8	-4372
3	9	3052
3	10	3220
3	11	-9364
3	12	-3476
3	13	2028
3	14	-7956
3	15	-7148
3	16	-2452
3	17	-16620
3	18	5396
3	19	-3860
3	20	1260
3	21	-876
3	22	-2964
3	23	-2324
3	24	-6252
3	25	2540
3	26	364
3	27	-8852
3	28	5868
3	29	-1172
3	30	1516
3	31	2324
4	5	-8084
4	6	3348
4	7	-7660
4	8	7404
4	9	-1556
4	10	-364
4	11	-1684
4	12	108
4	13	-2580
4	14	-4372
4	15	-2540
4	16	-2964
4	17	8468
4	18	-2284
4	19	7916
4	20	748
4	21	-364
4	22	8812
4	23	-6932
4	24	2452
4	25	-2068
4	26	-148
4	27	11116
4	28	-6932
4	29	2412
4	30	1004
4	31	2836
5	6	4500
5	7	9876
5	8	-6036
5	9	-6804
5	10	788
5	11	1260
5	12	3052
5	13	-3732
5	14	-1428
5	15	-1388
5	16	-20
5	17	-2668
5	18	2964
5	19	-1428
5	20	3692
5	21	788
5	22	-532
5	23	-3988
5	24	-492
5	25	876
5	26	2796
5	27	-2324
5	28	108
5	29	5356
5	30	-148
5	31	-108
6	7	-5140
6	8	5396
6	9	-2028
6	10	3948
6	11	2196
6	12	-7788
6	13	-5100
6	14	788
6	15	-2068
6	16	7572
6	17	-4884
6	18	-2324
6	19	4884
6	20	7956
6	21	-148
6	22	3988
6	23	-4844
6	24	5228
6	25	-5612
6	26	-7532
6	27	1684
6	28	3348
6	29	-1900
6	30	3604
6	31	8940
7	8	-1516
7	9	-4844
7	10	-5524
7	11	3476
7	12	1684
7	13	4372
7	14	-2028
7	15	-3348
7	16	660
7	17	-2068
7	18	4588
7	19	-6124
7	20	5140
7	21	10860
7	22	1172
7	23	4628
7	24	-148
7	25	7956
7	26	10132
7	27	2964
7	28	-3564
7	29	3476
7	30	788
7	31	-532
8	9	492
8	10	-2412
8	11	364
8	12	-6036
8	13	3564
8	14	-10516
8	15	3604
8	16	-916
8	17	2324
8	18	-4332
8	19	-2324
8	20	10988
8	21	1684
8	22	2668
8	23	-788
8	24	4500
8	25	-20
8	26	-2196
8	27	-3220
8	28	3308
8	29	364
8	30	-5140
8	31	4884
9	10	-5740
9	11	-4500
9	12	-2708
9	13	-1300
9	14	-3092
9	15	276
9	16	-5780
9	17	-1004
9	18	-11756
9	19	-7188
9	20	-2068
9	21	-9836
9	22	1900
9	23	-5652
9	24	-11116
9	25	3308
9	26	-11156
9	27	-8084
9	28	-5652
9	29	3692
9	30	-5908
9	31	1556
10	11	-1516
10	12	4884
10	13	-620
10	14	1172
10	15	-2452
10	16	3860
10	17	2924
10	18	1388
10	19	1172
10	20	-3948
10	21	7660
10	22	276
10	23	3732
10	24	-3348
10	25	7060
10	26	5140
10	27	-2028
10	28	7828
10	29	-5612
10	30	8084
10	31	-3732
11	12	-6932
11	13	-1428
11	14	876
11	15	4500
11	16	2284
11	17	-876
11	18	-3436
11	19	-3220
11	20	5996
11	21	-1516
11	22	-6420
11	23	10604
11	24	5396
11	25	-5012
11	26	-3092
11	27	4076
11	28	-1684
11	29	7660
11	30	-1940
11	31	1684
12	13	-3732
12	14	6764
12	15	-1388
12	16	-8212
12	17	5524
12	18	11156
12	19	6764
12	20	-12692
12	21	-3308
12	22	-4628
12	23	108
12	24	-492
12	25	-3220
12	26	15084
12	27	-2324
12	28	-8084
12	29	-2836
12	30	-148
12	31	-8300
13	14	-4116
13	15	-2796
13	16	-2708
13	17	4116
13	18	5652
13	19	-16404
13	20	1004
13	21	3476
13	22	876
13	23	1516
13	24	-5996
13	25	6380
13	26	8300
13	27	-916
13	28	1516
13	29	-5524
13	30	-11028
13	31	-5612
14	15	3092
14	16	-404
14	17	10004
14	18	3348
14	19	2284
14	20	-8980
14	21	5268
14	22	-916
14	23	3820
14	24	3988
14	25	-3604
14	26	2412
14	27	1388
14	28	3820
14	29	876
14	30	11756
14	31	276
15	16	5780
15	17	1004
15	18	-532
15	19	-1004
15	20	2068
15	21	-6548
15	22	-1900
15	23	5652
15	24	2924
15	25	-3308
15	26	-5228
15	27	-8300
15	28	1556
15	29	-3692
15	30	1812
15	31	-1556
16	17	404
16	18	-2156
16	19	7788
16	20	8812
16	21	7956
16	22	8684
16	23	1132
16	24	10772
16	25	-2196
16	26	-4372
16	27	6892
16	28	1132
16	29	-10004
16	30	4972
16	31	-1132
17	18	-3348
17	19	-2284
17	20	-7404
17	21	2924
17	22	9108
17	23	-3820
17	24	4204
17	25	-492
17	26	5780
17	27	6804
17	28	-3820
17	29	-4972
17	30	4628
17	31	-12564
18	19	3348
18	20	-1772
18	21	1388
18	22	-5740
18	23	1812
18	24	2668
18	25	-3052
18	26	15508
18	27	-3948
18	28	5908
18	29	660
18	30	2068
18	31	-1812
19	20	3308
19	21	1172
19	22	7276
19	23	-276
19	24	12180
19	25	-11796
19	26	2412
19	27	5484
19	28	-4372
19	29	-3220
19	30	7660
19	31	4372
20	21	4244
20	22	8300
20	23	748
20	24	7060
20	25	-2580
20	26	-4756
20	27	2412
20	28	748
20	29	5996
20	30	492
20	31	11540
21	22	8468
21	23	7828
21	24	748
21	25	7060
21	26	5140
21	27	10260
21	28	3732
21	29	-1516
21	30	8084
21	31	364
22	23	-7572
22	24	3092
22	25	-2708
22	26	-4884
22	27	10476
22	28	-3476
22	29	-2324
22	30	4460
22	31	3476
23	24	2452
23	25	-2068
23	26	3948
23	27	-1172
23	28	1260
23	29	-1684
23	30	1004
23	31	-5356
24	25	-6508
24	26	3860
24	27	788
24	28	2452
24	29	-2796
24	30	6804
24	31	-2452
25	26	620
25	27	-4500
25	28	6124
25	29	-916
25	30	-2324
25	31	-2028
26	27	-2580
26	28	-4244
26	29	-3092
26	30	3692
26	31	-8044
27	28	-9364
27	29	-20
27	30	2668
27	31	1172
28	29	2412
28	30	5100
28	31	6932
29	30	2156
29	31	13972
30	31	3092
