0	1	1472
0	2	7856
0	3	-4688
0	4	8160
0	5	-4608
0	6	880
0	7	2144
0	8	4352
0	9	-3488
0	10	-2784
0	11	2928
0	12	-2672
0	13	-9056
0	14	-352
0	15	352
0	16	800
0	17	-2368
0	18	3936
0	19	1328
0	20	3344
0	21	1472
0	22	-7152
0	23	7936
0	24	-880
0	25	-3600
0	26	800
0	27	-1216
1	2	464
1	3	-2672
1	4	6144
1	5	2784
1	6	-1136
1	7	-2112
1	8	2336
1	9	768
1	10	2368
1	11	1808
1	12	-6928
1	13	-768
1	14	-2368
1	15	-768
1	16	-320
1	17	-1248
1	18	2816
1	19	2448
1	20	-1808
1	21	-2784
1	22	-2000
1	23	-352
1	24	4272
1	25	3792
1	26	-3456
1	27	3936
2	3	-2560
2	4	-240
2	5	-3600
2	6	1888
2	7	4272
2	8	-4048
2	9	656
2	10	-6928
2	11	-1216
2	12	-3680
2	13	-3792
2	14	656
2	15	-656
2	16	-208
2	17	1776
2	18	-3344
2	19	2336
2	20	1216
2	21	-2672
2	22	-5024
2	23	2672
2	24	1248
2	25	-2592
2	26	-208
2	27	912
3	4	-3376
3	5	5808
3	6	1888
3	7	-2000
3	8	-912
3	9	-5616
3	10	5616
3	11	-1216
3	12	2592
3	13	2480
3	14	6928
3	15	-656
3	16	-208
3	17	1776
3	18	-208
3	19	2336
3	20	1216
3	21	464
3	22	1248
3	23	-464
3	24	1248
3	25	544
3	26	-3344
3	27	-2224
4	5	128
4	6	-2224
4	7	-800
4	8	6848
4	9	-992
4	10	992
4	11	-1584
4	12	-2256
4	13	-5280
4	14	-4128
4	15	4128
4	16	6816
4	17	-2112
4	18	544
4	19	-2672
4	20	1584
4	21	-128
4	22	-4048
4	23	3264
4	24	8496
4	25	-880
4	26	-2592
4	27	-576
5	6	1136
5	7	2112
5	8	800
5	9	-768
5	10	7040
5	11	1328
5	12	-5616
5	13	768
5	14	2368
5	15	-2368
5	16	3456
5	17	1248
5	18	3456
5	19	3824
5	20	-1328
5	21	2784
5	22	-1136
5	23	-5920
5	24	2000
5	25	-656
5	26	-2816
5	27	5472
6	7	4464
6	8	-4688
6	9	-9392
6	10	-3152
6	11	-8864
6	12	-3264
6	13	-16
6	14	16
6	15	-3152
6	16	-464
6	17	-4240
6	18	2672
6	19	-1664
6	20	-544
6	21	2000
6	22	1216
6	23	1136
6	24	-1920
6	25	-3008
6	26	-464
6	27	1552
7	8	-4608
7	9	96
7	10	-96
7	11	-656
7	12	-3120
7	13	-96
7	14	3232
7	15	-6368
7	16	-2784
7	17	1216
7	18	3488
7	19	1776
7	20	6928
7	21	4160
7	22	-4464
7	23	2112
7	24	-4464
7	25	-3152
7	26	3488
7	27	4608
8	9	-3456
8	10	3456
8	11	4016
8	12	208
8	13	-2816
8	14	-3456
8	15	320
8	16	6144
8	17	-4576
8	18	3008
8	19	1136
8	20	2256
8	21	-3936
8	22	4688
8	23	-2336
8	24	-1584
8	25	2928
8	26	3008
8	27	-1248
9	10	-1248
9	11	5584
9	12	1776
9	13	1888
9	14	-1888
9	15	-1248
9	16	1440
9	17	3264
9	18	-4832
9	19	-432
9	20	-2448
9	21	768
9	22	-3152
9	23	-768
9	24	3120
9	25	-1776
9	26	4576
9	27	-2816
10	11	688
10	12	4496
10	13	4384
10	14	5024
10	15	-5024
10	16	1696
10	17	6144
10	18	4832
10	19	432
10	20	5584
10	21	-768
10	22	3152
10	23	768
10	24	-3120
10	25	-1360
10	26	-1440
10	27	-320
11	12	800
11	13	688
11	14	2448
11	15	-2448
11	16	-5136
11	17	-5840
11	18	1136
11	19	4128
11	20	6144
11	21	1808
11	22	-6816
11	23	1328
11	24	-544
11	25	2336
11	26	-2000
11	27	2256
12	13	1360
12	14	-1360
12	15	1360
12	16	-4464
12	17	2896
12	18	-1328
12	19	-2816
12	20	5472
12	21	5616
12	22	3264
12	23	6928
12	24	-6144
12	25	1664
12	26	-1328
12	27	-3344
13	14	5024
13	15	-8160
13	16	4832
13	17	3008
13	18	-1440
13	19	432
13	20	-688
13	21	-7040
13	22	16
13	23	-2368
13	24	16
13	25	-1360
13	26	1696
13	27	-3456
14	15	-1248
14	16	-1696
14	17	6400
14	18	-4832
14	19	-3568
14	20	688
14	21	768
14	22	-16
14	23	2368
14	24	-16
14	25	1360
14	26	1440
14	27	3456
15	16	-1440
15	17	3008
15	18	-7712
15	19	-5840
15	20	-3824
15	21	2368
15	22	3152
15	23	3904
15	24	6288
15	25	4912
15	26	-4576
15	27	5952
16	17	2560
16	18	-992
16	19	-16
16	20	-4272
16	21	-6592
16	22	464
16	23	-2816
16	24	6736
16	25	-4944
16	26	2144
16	27	-6144
17	18	-3712
17	19	1584
17	20	-3568
17	21	-1248
17	22	4240
17	23	4384
17	24	-2032
17	25	-2896
17	26	2560
17	27	4576
18	19	9392
18	20	5136
18	21	2816
18	22	-2672
18	23	320
18	24	-8944
18	25	-1808
18	26	-992
18	27	128
19	20	2144
19	21	-688
19	22	-1472
19	23	-2448
19	24	-4608
19	25	-3456
19	26	-16
19	27	2000
20	21	1328
20	22	-2592
20	23	4944
20	24	-2592
20	25	-2336
20	26	-4272
20	27	880
21	22	-2000
21	23	2784
21	24	-5136
21	25	6928
21	26	-3456
21	27	3936
22	23	-4272
22	24	-4352
22	25	3008
22	26	3600
22	27	1584
23	24	-1136
23	25	-3792
23	26	-2816
23	27	2336
24	25	-3264
24	26	-5808
24	27	-1552
25	26	-1808
25	27	3344
26	27	-3008
