0	1	232
0	2	176
0	3	-832
0	4	456
0	5	-552
0	6	-216
0	7	-232
0	8	1240
0	9	-496
0	10	288
0	11	960
0	12	232
0	13	160
1	2	-400
1	3	-176
1	4	-680
1	5	328
1	6	-792
1	7	456
1	8	-680
1	9	272
1	10	272
1	11	1168
1	12	328
1	13	848
2	3	-120
2	4	160
2	5	384
2	6	48
2	7	-384
2	8	160
2	9	328
2	10	-1240
2	11	-344
2	12	-1184
2	13	8
3	4	-400
3	5	-176
3	6	272
3	7	960
3	8	-400
3	9	-232
3	10	-232
3	11	-904
3	12	-176
3	13	-1000
4	5	104
4	6	552
4	7	-888
4	8	-120
4	9	-1520
4	10	-736
4	11	-624
4	12	888
4	13	288
5	6	-792
5	7	456
5	8	-1464
5	9	272
5	10	-1296
5	11	384
5	12	328
5	13	64
6	7	8
6	8	552
6	9	-64
6	10	-64
6	11	-736
6	12	-792
6	13	400
7	8	-104
7	9	512
7	10	-272
7	11	400
7	12	-328
7	13	-848
8	9	48
8	10	832
8	11	160
8	12	-680
8	13	-496
9	10	216
9	11	328
9	12	-1296
9	13	120
10	11	328
10	12	272
10	13	120
11	12	384
11	13	792
12	13	64
