0	1	1832
0	2	-376
0	3	544
0	4	488
0	5	376
0	6	72
0	7	-152
0	8	576
0	9	16
0	10	296
0	11	-96
0	12	800
0	13	688
1	2	-296
1	3	912
1	4	968
1	5	296
1	6	40
1	7	-520
1	8	1104
1	9	96
1	10	600
1	11	208
1	12	880
1	13	992
2	3	-16
2	4	712
2	5	-184
2	6	632
2	7	408
2	8	-432
2	9	-992
2	10	-712
2	11	464
2	12	-208
2	13	-320
3	4	-96
3	5	16
3	6	1104
3	7	-1024
3	8	600
3	9	-408
3	10	880
3	11	-296
3	12	1160
3	13	488
4	5	856
4	6	264
4	7	488
4	8	544
4	9	320
4	10	40
4	11	432
4	12	320
4	13	432
5	6	152
5	7	376
5	8	-352
5	9	208
5	10	712
5	11	-464
5	12	992
5	13	1104
6	7	-712
6	8	16
6	9	-544
6	10	520
6	11	-656
6	12	240
6	13	128
7	8	-208
7	9	16
7	10	-1272
7	11	-96
7	12	16
7	13	-880
8	9	744
8	10	240
8	11	-152
8	12	-40
8	13	-152
9	10	464
9	11	-712
9	12	-600
9	13	72
10	11	-432
10	12	464
10	13	1136
11	12	72
11	13	-40
12	13	856
