0	1	768
0	2	-208
0	3	-856
0	4	96
0	5	-1080
0	6	72
0	7	-1216
0	8	1136
0	9	-264
0	10	72
0	11	1192
0	12	656
0	13	-856
1	2	296
1	3	-576
1	4	-408
1	5	768
1	6	576
1	7	-712
1	8	72
1	9	1024
1	10	576
1	11	128
1	12	-632
1	13	-576
2	3	352
2	4	184
2	5	576
2	6	-352
2	7	936
2	8	-632
2	9	-16
2	10	-352
2	11	96
2	12	408
2	13	-432
3	4	-464
3	5	712
3	6	632
3	7	912
3	8	128
3	9	296
3	10	-936
3	11	-600
3	12	96
3	13	152
4	5	-688
4	6	-320
4	7	-40
4	8	-40
4	9	128
4	10	464
4	11	800
4	12	-520
4	13	1104
5	6	856
5	7	1136
5	8	-1216
5	9	1304
5	10	72
5	11	-1160
5	12	-128
5	13	-72
6	7	-128
6	8	-128
6	9	1272
6	10	152
6	11	-968
6	12	-96
6	13	-152
7	8	-1192
7	9	208
7	10	-912
7	11	-464
7	12	184
7	13	128
8	9	-576
8	10	-128
8	11	1104
8	12	184
8	13	128
9	10	488
9	11	-632
9	12	-432
9	13	296
10	11	-184
10	12	-96
10	13	632
11	12	240
11	13	184
12	13	-688
