0	1	-580
0	2	-1196
0	3	636
0	4	-524
0	5	-764
0	6	-708
0	7	484
0	8	-428
0	9	1140
0	10	-804
0	11	-636
0	12	20
0	13	-876
1	2	-132
1	3	-428
1	4	-244
1	5	524
1	6	-204
1	7	-804
1	8	76
1	9	76
1	10	260
1	11	-356
1	12	524
1	13	-372
2	3	188
2	4	708
2	5	1140
2	6	412
2	7	148
2	8	692
2	9	-876
2	10	428
2	11	596
2	12	-428
2	13	1028
3	4	-484
3	5	204
3	6	-636
3	7	860
3	8	-132
3	9	-132
3	10	-204
3	11	412
3	12	-580
3	13	316
4	5	468
4	6	-260
4	7	-748
4	8	20
4	9	20
4	10	316
4	11	-300
4	12	-316
4	13	1140
5	6	-20
5	7	-540
5	8	484
5	9	-300
5	10	-36
5	11	580
5	12	-748
5	13	148
6	7	300
6	8	428
6	9	-1140
6	10	804
6	11	636
6	12	764
6	13	92
7	8	-204
7	9	-204
7	10	-244
7	11	-76
7	12	244
7	13	132
8	9	-636
8	10	300
8	11	916
8	12	-300
8	13	-188
9	10	-1268
9	11	-652
9	12	-300
9	13	-972
10	11	204
10	12	748
10	13	1420
11	12	-204
11	13	-316
12	13	148
