0	1	664
0	2	-568
0	3	104
0	4	272
0	5	400
0	6	736
0	7	-8
0	8	-288
0	9	568
0	10	-776
0	11	-1224
0	12	-1280
0	13	-48
1	2	-328
1	3	-216
1	4	1184
1	5	496
1	6	944
1	7	-888
1	8	-608
1	9	-456
1	10	-680
1	11	-232
1	12	-176
1	13	160
2	3	232
2	4	64
2	5	832
2	6	496
2	7	344
2	8	-160
2	9	-120
2	10	440
2	11	104
2	12	160
2	13	496
3	4	176
3	5	720
3	6	384
3	7	-328
3	8	-48
3	9	552
3	10	328
3	11	-8
3	12	832
3	13	-1184
4	5	888
4	6	552
4	7	-1280
4	8	-216
4	9	-64
4	10	-288
4	11	160
4	12	216
4	13	-232
5	6	120
5	7	-960
5	8	-456
5	9	-48
5	10	176
5	11	-272
5	12	-328
5	13	-664
6	7	272
6	8	-792
6	9	288
6	10	-1056
6	11	-720
6	12	8
6	13	456
7	8	-720
7	9	440
7	10	-568
7	11	-120
7	12	-64
7	13	272
8	9	160
8	10	1504
8	11	-400
8	12	-344
8	13	776
9	10	-440
9	11	-888
9	12	-160
9	13	-496
10	11	120
10	12	64
10	13	512
11	12	1184
11	13	-720
12	13	-776
