0	1	2300
0	2	-260
0	3	68
0	4	-708
0	5	772
0	6	-1028
0	7	1156
0	8	252
0	9	-1468
0	10	-1476
0	11	1916
0	12	-2108
0	13	124
0	14	-444
0	15	444
1	2	-508
1	3	1724
1	4	964
1	5	1020
1	6	-764
1	7	1660
1	8	4
1	9	-1860
1	10	-316
1	11	1412
1	12	-1220
1	13	-892
1	14	188
1	15	-188
2	3	-1860
2	4	-1596
2	5	508
2	6	-252
2	7	-900
2	8	-508
2	9	700
2	10	-828
2	11	-124
2	12	316
2	13	-380
2	14	1724
2	15	324
3	4	1788
3	5	324
3	6	444
3	7	1732
3	8	700
3	9	-892
3	10	2044
3	11	316
3	12	516
3	13	572
3	14	132
3	15	-132
4	5	-964
4	6	196
4	7	700
4	8	-60
4	9	-772
4	10	644
4	11	-700
4	12	892
4	13	68
4	14	252
4	15	-2300
5	6	764
5	7	-636
5	8	1020
5	9	-188
5	10	-708
5	11	636
5	12	-828
5	13	-132
5	14	836
5	15	2236
6	7	-644
6	8	-764
6	9	3004
6	10	1988
6	11	-1404
6	12	-452
6	13	-636
6	14	956
6	15	68
7	8	-388
7	9	-828
7	10	956
7	11	1276
7	12	-444
7	13	1532
7	14	-828
7	15	-196
8	9	-836
8	10	-1340
8	11	388
8	12	-196
8	13	132
8	14	1212
8	15	836
9	10	1532
9	11	-196
9	12	1028
9	13	60
9	14	644
9	15	380
10	11	-956
10	12	1148
10	13	836
10	14	508
10	15	-508
11	12	444
11	13	516
11	14	-196
11	15	1220
12	13	1724
12	14	4
12	15	-4
13	14	-964
13	15	-60
14	15	380
