0	1	156
0	2	-220
0	3	604
0	4	1700
0	5	-860
0	6	-228
0	7	-1572
0	8	156
0	9	-412
0	10	2020
0	11	484
0	12	804
0	13	476
0	14	92
0	15	540
1	2	868
1	3	-484
1	4	-284
1	5	228
1	6	-1316
1	7	-612
1	8	92
1	9	-348
1	10	-988
1	11	-476
1	12	1892
1	13	-612
1	14	-996
1	15	476
2	3	420
2	4	348
2	5	-1188
2	6	-796
2	7	548
2	8	-1180
2	9	-612
2	10	28
2	11	540
2	12	220
2	13	1572
2	14	932
2	15	484
3	4	292
3	5	-220
3	6	-868
3	7	-164
3	8	-1508
3	9	228
3	10	-412
3	11	100
3	12	420
3	13	-164
3	14	-548
3	15	924
4	5	-1060
4	6	100
4	7	-604
4	8	740
4	9	-1508
4	10	156
4	11	1692
4	12	348
4	13	-604
4	14	1828
4	15	356
5	6	-412
5	7	-92
5	8	1252
5	9	1052
5	10	-1380
5	11	-1892
5	12	-164
5	13	-92
5	14	-732
5	15	-156
6	7	1052
6	8	-292
6	9	-988
6	10	420
6	11	932
6	12	228
6	13	-996
6	14	-356
6	15	-932
7	8	-1636
7	9	-668
7	10	-1308
7	11	1252
7	12	-476
7	13	-292
7	14	-676
7	15	-1252
8	9	-348
8	10	1060
8	11	-1500
8	12	-156
8	13	-612
8	14	1052
8	15	-1572
9	10	-804
9	11	-2340
9	12	-1636
9	13	356
9	14	-284
9	15	292
10	11	348
10	12	28
10	13	740
10	14	1124
10	15	-348
11	12	540
11	13	228
11	14	612
11	15	1188
12	13	-476
12	14	-1116
12	15	1508
13	14	-676
13	15	796
14	15	412
