0	1	7184
0	2	-4208
0	3	1008
0	4	8816
0	5	-3216
0	6	-1552
0	7	1392
0	8	2704
0	9	-2960
0	10	496
0	11	-528
0	12	2576
0	13	-4336
0	14	1552
0	15	-6896
0	16	656
0	17	1168
0	18	912
0	19	-2192
0	20	-784
0	21	3952
0	22	-8688
0	23	-1520
0	24	-1680
0	25	1520
0	26	-1264
0	27	-2800
0	28	-3728
0	29	5904
0	30	8176
0	31	2192
1	2	-6512
1	3	3312
1	4	7024
1	5	-912
1	6	752
1	7	3696
1	8	-3696
1	9	3440
1	10	-1296
1	11	1776
1	12	272
1	13	-2544
1	14	3344
1	15	-1008
1	16	-1648
1	17	2960
1	18	-1392
1	19	-3984
1	20	1520
1	21	2160
1	22	-6896
1	23	272
1	24	624
1	25	-272
1	26	4624
1	27	-1008
1	28	-5520
1	29	3600
1	30	2288
1	31	3984
2	3	2416
2	4	-2064
2	5	6384
2	6	-144
2	7	-1296
2	8	5392
2	9	-1552
2	10	-2192
2	11	-7312
2	12	5264
2	13	2448
2	14	-3952
2	15	-112
2	16	-752
2	17	-4336
2	18	-496
2	19	3312
2	20	-3472
2	21	-6928
2	22	6288
2	23	1168
2	24	3824
2	25	2928
2	26	-2672
2	27	-4208
2	28	1776
2	29	-7792
2	30	-2704
2	31	-3312
3	4	5264
3	5	912
3	6	-752
3	7	4496
3	8	-400
3	9	4752
3	10	-6896
3	11	-5872
3	12	-272
3	13	-1552
3	14	8944
3	15	1008
3	16	-2448
3	17	1136
3	18	-6800
3	19	3984
3	20	-5616
3	21	-2160
3	22	2800
3	23	3824
3	24	7568
3	25	4368
3	26	3568
3	27	-3088
3	28	-10864
3	29	496
3	30	1808
3	31	112
4	5	-2800
4	6	-4464
4	7	784
4	8	-784
4	9	1040
4	10	-2416
4	11	-1392
4	12	-656
4	13	2160
4	14	4464
4	15	-3472
4	16	1264
4	17	752
4	18	-3088
4	19	272
4	20	-1136
4	21	2320
4	22	-5776
4	23	-656
4	24	3856
4	25	656
4	26	3184
4	27	-3472
4	28	-6384
4	29	4208
4	30	2192
4	31	-272
5	6	3472
5	7	528
5	8	7664
5	9	-3312
5	10	-6768
5	11	-1648
5	12	3696
5	13	2416
5	14	-3472
5	15	880
5	16	-2576
5	17	-3088
5	18	-2832
5	19	16
5	20	-1392
5	21	-2032
5	22	6768
5	23	-4496
5	24	-496
5	25	400
5	26	-656
5	27	880
5	28	1552
5	29	-3728
5	30	-2160
5	31	-4112
6	7	2960
6	8	1136
6	9	-880
6	10	-240
6	11	784
6	12	1264
6	13	-4112
6	14	-1808
6	15	2544
6	16	-912
6	17	2672
6	18	2928
6	19	-5744
6	20	1040
6	21	400
6	22	4336
6	23	-2832
6	24	-2160
6	25	-1264
6	26	1008
6	27	-1552
6	28	-112
6	29	2032
6	30	272
6	31	-2448
7	8	-16
7	9	-3824
7	10	912
7	11	-2160
7	12	4208
7	13	-1168
7	14	1136
7	15	-6800
7	16	-2064
7	17	5616
7	18	-2320
7	19	-4592
7	20	-1904
7	21	1552
7	22	-912
7	23	112
7	24	3088
7	25	3984
7	26	3952
7	27	-2704
7	28	-7152
7	29	4976
7	30	-2672
7	31	496
8	9	-8464
8	10	-912
8	11	-1936
8	12	3984
8	13	1168
8	14	-1136
8	15	-5488
8	16	2064
8	17	-5616
8	18	2320
8	19	4592
8	20	-2192
8	21	-1552
8	22	912
8	23	-4208
8	24	-3088
8	25	112
8	26	-3952
8	27	-1392
8	28	3056
8	29	-880
8	30	2672
8	31	-4592
9	10	-2928
9	11	-1904
9	12	-4240
9	13	-1424
9	14	4976
9	15	9328
9	16	-2320
9	17	1264
9	18	-2576
9	19	-240
9	20	2448
9	21	-2288
9	22	2928
9	23	3952
9	24	3344
9	25	144
9	26	3696
9	27	1136
9	28	-2800
9	29	-3472
9	30	1680
9	31	4336
10	11	2832
10	12	3312
10	13	2032
10	14	-3856
10	15	-3600
10	16	1136
10	17	624
10	18	9072
10	19	400
10	20	7184
10	21	-1648
10	22	-5904
10	23	-784
10	24	-4208
10	25	-3312
10	26	-1040
10	27	496
10	28	6032
10	29	-16
10	30	-1776
10	31	3696
11	12	-5904
11	13	1008
11	14	-784
11	15	3568
11	16	112
11	17	3696
11	18	-144
11	19	1424
11	20	4112
11	21	7568
11	22	-2832
11	23	-5904
11	24	-7280
11	25	-6384
11	26	2032
11	27	7664
11	28	2960
11	29	7152
11	30	-752
11	31	2672
12	13	1040
12	14	-5360
12	15	-5616
12	16	-6256
12	17	-1648
12	18	2192
12	19	-3472
12	20	2032
12	21	-5520
12	22	784
12	23	-240
12	24	1136
12	25	4336
12	26	-4080
12	27	-1520
12	28	-912
12	29	-5104
12	30	-1296
12	31	-624
13	14	16
13	15	-240
13	16	-880
13	17	-4464
13	18	-624
13	19	3440
13	20	4848
13	21	-2704
13	22	2064
13	23	-3056
13	24	-144
13	25	-1040
13	26	1296
13	27	3856
13	28	1904
13	29	-3824
13	30	-6672
13	31	-3440
14	15	1552
14	16	912
14	17	-2672
14	18	-2928
14	19	5744
14	20	-1040
14	21	-400
14	22	-240
14	23	2832
14	24	2160
14	25	1264
14	26	3088
14	27	1552
14	28	-8080
14	29	2064
14	30	3824
14	31	-1648
15	16	-3440
15	17	1168
15	18	-3184
15	19	1904
15	20	3312
15	21	-144
15	22	7696
15	23	-1520
15	24	-1680
15	25	-2576
15	26	2832
15	27	5392
15	28	368
15	29	-2288
15	30	-16
15	31	2192
16	17	-3568
16	18	4368
16	19	2544
16	20	-4240
16	21	496
16	22	-5232
16	23	1936
16	24	-1040
16	25	-1936
16	26	2192
16	27	-7536
16	28	5104
16	29	1168
16	30	624
16	31	-2544
17	18	-3312
17	19	-6160
17	20	-656
17	21	8176
17	22	-624
17	23	-1648
17	24	2544
17	25	-2448
17	26	2704
17	27	1168
17	28	-3600
17	29	9872
17	30	112
17	31	6160
18	19	-1808
18	20	3696
18	21	-3856
18	22	-4976
18	23	2192
18	24	-1296
18	25	-6288
18	26	-5744
18	27	-3184
18	28	8944
18	29	-2672
18	30	368
18	31	-2288
19	20	-2416
19	21	-3056
19	22	-400
19	23	624
19	24	-1520
19	25	-624
19	26	368
19	27	1904
19	28	528
19	29	-2704
19	30	912
19	31	1008
20	21	-368
20	22	1008
20	23	-6160
20	24	-7024
20	25	-2032
20	26	1776
20	27	7408
20	28	3216
20	29	-1296
20	30	-496
20	31	2416
21	22	-2448
21	23	-5520
21	24	-3568
21	25	-2672
21	26	2416
21	27	3952
21	28	-1520
21	29	11632
21	30	2960
21	31	3056
22	23	-3312
22	24	112
22	25	3312
22	26	1040
22	27	3600
22	28	-1936
22	29	-4080
22	30	-2320
22	31	-3696
23	24	9328
23	25	240
23	26	-4080
23	27	-5616
23	28	-912
23	29	-5104
23	30	-1296
23	31	-624
24	25	-1136
24	26	-3216
24	27	-5776
24	28	-4080
24	29	-2192
24	30	-3696
24	31	-2576
25	26	4080
25	27	-2576
25	28	-7280
25	29	-3088
25	30	1296
25	31	624
26	27	-1264
26	28	-5264
26	29	3344
26	30	-1552
26	31	3728
27	28	368
27	29	1808
27	30	-16
27	31	2192
28	29	-4240
28	30	-1648
28	31	-528
29	30	3568
29	31	2704
30	31	3184
