0	1	-2464
0	2	992
0	3	1184
0	4	-4320
0	5	-1440
0	6	1056
0	7	-2400
0	8	864
0	9	-5216
0	10	-2912
0	11	-9376
0	12	3168
0	13	-480
0	14	-4192
0	15	-1120
0	16	864
0	17	-3168
0	18	2848
0	19	352
0	20	-1376
0	21	544
0	22	864
0	23	5088
0	24	4768
0	25	-3680
0	26	2720
0	27	5728
0	28	5536
0	29	3104
0	30	-1056
0	31	-3168
1	2	-4192
1	3	-6176
1	4	-672
1	5	-1760
1	6	-1952
1	7	1504
1	8	32
1	9	4320
1	10	-2080
1	11	-2016
1	12	1824
1	13	-4512
1	14	3296
1	15	4320
1	16	-4064
1	17	2272
1	18	352
1	19	-3552
1	20	4576
1	21	-1440
1	22	32
1	23	-96
1	24	-1568
1	25	-1312
1	26	-3616
1	27	-736
1	28	1760
1	29	96
1	30	1952
1	31	2272
2	3	1376
2	4	-1312
2	5	2976
2	6	1504
2	7	864
2	8	-7520
2	9	-8608
2	10	5472
2	11	2720
2	12	2464
2	13	3040
2	14	2656
2	15	3680
2	16	672
2	17	1632
2	18	-4384
2	19	-2912
2	20	-160
2	21	-2080
2	22	-3424
2	23	544
2	24	1888
2	25	-6048
2	26	-160
2	27	4000
2	28	-2976
2	29	-544
2	30	-5600
2	31	5728
3	4	7584
3	5	3040
3	6	672
3	7	1312
3	8	1248
3	9	-1504
3	10	4896
3	11	3296
3	12	-544
3	13	3232
3	14	-480
3	15	-1504
3	16	-2848
3	17	544
3	18	-5728
3	19	4832
3	20	-1760
3	21	160
3	22	1248
3	23	1376
3	24	288
3	25	-4064
3	26	2336
3	27	2016
3	28	-3040
3	29	-1376
3	30	3424
3	31	-3552
4	5	352
4	6	-736
4	7	4000
4	8	-1440
4	9	1184
4	10	3488
4	11	4704
4	12	-3232
4	13	1824
4	14	2208
4	15	-2912
4	16	-1440
4	17	-864
4	18	-3040
4	19	6240
4	20	928
4	21	-1248
4	22	2656
4	23	-1312
4	24	-5216
4	25	-1376
4	26	928
4	27	3424
4	28	-352
4	29	-6880
4	30	736
4	31	-864
5	6	-928
5	7	2528
5	8	-992
5	9	-6944
5	10	7136
5	11	5152
5	12	-3296
5	13	608
5	14	4320
5	15	1248
5	16	-5088
5	17	-800
5	18	1376
5	19	-4576
5	20	-2592
5	21	-4512
5	22	-992
5	23	-5216
5	24	3552
5	25	-288
5	26	-6688
5	27	2336
5	28	-1312
5	29	-2976
5	30	-3168
5	31	3296
6	7	5280
6	8	-6816
6	9	-1632
6	10	-3424
6	11	-672
6	12	-4512
6	13	-5088
6	14	-8800
6	15	-1632
6	16	5472
6	17	416
6	18	2336
6	19	4960
6	20	2208
6	21	-4064
6	22	5472
6	23	9696
6	24	160
6	25	-96
6	26	6304
6	27	-1952
6	28	-3168
6	29	-1504
6	30	-4640
6	31	4512
7	8	-3360
7	9	-992
7	10	1312
7	11	2784
7	12	-5152
7	13	-4448
7	14	32
7	15	-5088
7	16	4832
7	17	-7136
7	18	2976
7	19	224
7	20	2848
7	21	-7520
7	22	736
7	23	864
7	24	800
7	25	544
7	26	-1248
7	27	1504
7	28	1568
7	29	-4960
7	30	-5280
7	31	1056
8	9	3552
8	10	-2848
8	11	-1248
8	12	-1504
8	13	2912
8	14	2528
8	15	-4640
8	16	800
8	17	-2592
8	18	-416
8	19	-2784
8	20	-288
8	21	5984
8	22	-3296
8	23	-3424
8	24	1760
8	25	6112
8	26	-4384
8	27	32
8	28	5088
8	29	7520
8	30	6816
8	31	-10784
9	10	-5600
9	11	1504
9	12	1760
9	13	-3168
9	14	-2784
9	15	288
9	16	-544
9	17	2336
9	18	160
9	19	3040
9	20	32
9	21	1952
9	22	3552
9	23	-416
9	24	-2016
9	25	1824
9	26	4128
9	27	-7968
9	28	-1248
9	29	416
9	30	5728
9	31	-1760
10	11	3296
10	12	3552
10	13	7328
10	14	7712
10	15	2592
10	16	-6944
10	17	544
10	18	-5728
10	19	-3360
10	20	2336
10	21	-3936
10	22	-2848
10	23	-6816
10	24	-3808
10	25	-4064
10	26	-5856
10	27	2016
10	28	-7136
10	29	-5472
10	30	-672
10	31	544
11	12	-3552
11	13	864
11	14	4576
11	15	1504
11	16	-1248
11	17	3552
11	18	-2464
11	19	-736
11	20	1760
11	21	-4256
11	22	-1248
11	23	-5472
11	24	-288
11	25	-32
11	26	-2336
11	27	-2016
11	28	-5152
11	29	-2720
11	30	672
11	31	3552
12	13	5216
12	14	736
12	15	5856
12	16	-5600
12	17	3808
12	18	-6304
12	19	-5088
12	20	2016
12	21	96
12	22	2592
12	23	-1632
12	24	-32
12	25	-7968
12	26	2016
12	27	-2272
12	28	-4896
12	29	1632
12	30	416
12	31	-288
13	14	6048
13	15	-3168
13	16	-1184
13	17	-1120
13	18	-7392
13	19	-5792
13	20	4768
13	21	2592
13	22	-1184
13	23	-5152
13	24	-5472
13	25	-1632
13	26	-3424
13	27	-416
13	28	-4704
13	29	1056
13	30	992
13	31	-5216
14	15	1312
14	16	-5664
14	17	-736
14	18	-2912
14	19	-6176
14	20	5152
14	21	-1120
14	22	-9760
14	23	-9632
14	24	-5088
14	25	-1248
14	26	-11232
14	27	3296
14	28	-224
14	29	-2656
14	30	4704
14	31	-736
15	16	-8736
15	17	10528
15	18	-3936
15	19	-1056
15	20	32
15	21	-2144
15	22	-544
15	23	-416
15	24	2080
15	25	-6368
15	26	32
15	27	224
15	28	-5344
15	29	416
15	30	1632
15	31	6432
16	17	-6688
16	18	3680
16	19	1312
16	20	-288
16	21	1888
16	22	800
16	23	4768
16	24	1760
16	25	6112
16	26	3808
16	27	32
16	28	5088
16	29	3424
16	30	-5472
16	31	-2592
17	18	-5984
17	19	992
17	20	2080
17	21	-96
17	22	1504
17	23	1632
17	24	32
17	25	-4320
17	26	2080
17	27	-1824
17	28	-7392
17	29	2464
17	30	3680
17	31	4384
18	19	3168
18	20	-4192
18	21	-2272
18	22	-416
18	23	-288
18	24	1952
18	25	5792
18	26	-96
18	27	352
18	28	6816
18	29	-3808
18	30	-2336
18	31	2208
19	20	-4896
19	21	1376
19	22	1312
19	23	5280
19	24	-2848
19	25	1504
19	26	7392
19	27	544
19	28	480
19	29	-5280
19	30	3232
19	31	992
20	21	-6496
20	22	-288
20	23	-160
20	24	-6368
20	25	-2528
20	26	-4320
20	27	480
20	28	-5600
20	29	160
20	30	1888
20	31	-2016
21	22	-2208
21	23	2016
21	24	-352
21	25	3488
21	26	1696
21	27	-1440
21	28	4512
21	29	6176
21	30	4064
21	31	-4192
22	23	4768
22	24	1760
22	25	-2080
22	26	7904
22	27	-4064
22	28	-3104
22	29	-672
22	30	-5472
22	31	1504
23	24	1888
23	25	-1952
23	26	8032
23	27	-96
23	28	1120
23	29	3552
23	30	-1504
23	31	1632
24	25	-480
24	26	1824
24	27	2528
24	28	4640
24	29	6304
24	30	-4256
24	31	32
25	26	-2528
25	27	-1312
25	28	4384
25	29	1952
25	30	96
25	31	-4320
26	27	-3616
26	28	-1504
26	29	160
26	30	-2208
26	31	2080
27	28	5856
27	29	96
27	30	-2144
27	31	-1824
28	29	2976
28	30	-928
28	31	-3296
29	30	1504
29	31	-5728
30	31	-4512
