0	1	-1016
0	2	-1656
0	3	632
0	4	904
0	5	904
0	6	1400
0	7	-376
0	8	-4088
0	9	1544
0	10	-4744
0	11	264
0	12	-2056
0	13	-1272
0	14	-1400
0	15	2040
0	16	-136
0	17	-520
0	18	264
0	19	-776
0	20	-1144
0	21	520
0	22	-2808
0	23	392
0	24	8
0	25	-7288
0	26	5624
0	27	2824
0	28	3064
0	29	-648
0	30	3464
0	31	-1032
1	2	-3192
1	3	-6024
1	4	7560
1	5	-4728
1	6	-1160
1	7	2184
1	8	-1528
1	9	8200
1	10	4984
1	11	-1272
1	12	3576
1	13	1288
1	14	1160
1	15	-520
1	16	5496
1	17	-3080
1	18	-9464
1	19	-3336
1	20	-2680
1	21	-1016
1	22	-248
1	23	2952
1	24	-1528
1	25	3464
1	26	3064
1	27	-2808
1	28	4600
1	29	4984
1	30	1928
1	31	504
2	3	-1288
2	4	-1272
2	5	-1272
2	6	-4616
2	7	-2552
2	8	6024
2	9	-4728
2	10	-2568
2	11	-1912
2	12	-3976
2	13	-7544
2	14	8712
2	15	-3976
2	16	-2056
2	17	1656
2	18	2184
2	19	1400
2	20	776
2	21	-9848
2	22	-4984
2	23	-1784
2	24	-2168
2	25	-5368
2	26	-392
2	27	648
2	28	-2952
2	29	-2568
2	30	-6904
2	31	-2952
3	4	248
3	5	248
3	6	5640
3	7	1528
3	8	1144
3	9	-8584
3	10	-4600
3	11	888
3	12	-7288
3	13	-1672
3	14	-1544
3	15	-3192
3	16	-5112
3	17	-632
3	18	888
3	19	-376
3	20	2296
3	21	4728
3	22	-4232
3	23	760
3	24	5240
3	25	248
3	26	1416
3	27	2424
3	28	-120
3	29	-4600
3	30	1784
3	31	3976
4	5	-2808
4	6	1016
4	7	8
4	8	-3704
4	9	1928
4	10	-1032
4	11	-3448
4	12	-2440
4	13	-4984
4	14	3080
4	15	-6536
4	16	-520
4	17	-904
4	18	-3448
4	19	-1160
4	20	-4856
4	21	-3192
4	22	1672
4	23	776
4	24	-3704
4	25	-2808
4	26	5240
4	27	-888
4	28	2680
4	29	3064
4	30	3848
4	31	-1416
5	6	5112
5	7	8
5	8	-3704
5	9	1928
5	10	-1032
5	11	648
5	12	1656
5	13	3208
5	14	-5112
5	15	1656
5	16	-520
5	17	-5000
5	18	4744
5	19	7032
5	20	-4856
5	21	904
5	22	1672
5	23	776
5	24	4488
5	25	-2808
5	26	-2952
5	27	-4984
5	28	-1416
5	29	-1032
5	30	-248
5	31	-1416
6	7	2296
6	8	-2184
6	9	376
6	10	-1272
6	11	5752
6	12	136
6	13	3192
6	14	-776
6	15	4232
6	16	-1784
6	17	-1400
6	18	-2440
6	19	2952
6	20	-5128
6	21	1400
6	22	632
6	23	1528
6	24	1912
6	25	1016
6	26	648
6	27	-904
6	28	-4984
6	29	2824
6	30	6648
6	31	-4984
7	8	3208
7	9	648
7	10	248
7	11	-632
7	12	2936
7	13	1928
7	14	-2296
7	15	-1160
7	16	-3336
7	17	376
7	18	-632
7	19	120
7	20	-6136
7	21	3720
7	22	392
7	23	3592
7	24	3208
7	25	8
7	26	-1672
7	27	-6264
7	28	-136
7	29	4344
7	30	-1528
7	31	3960
8	9	-7160
8	10	3960
8	11	-248
8	12	-1544
8	13	-5880
8	14	2184
8	15	-1544
8	16	-3720
8	17	-8
8	18	-248
8	19	-264
8	20	2440
8	21	-4088
8	22	776
8	23	3976
8	24	-504
8	25	392
8	26	-2056
8	27	-1784
8	28	-520
8	29	-136
8	30	-5240
8	31	-520
9	10	-1672
9	11	1288
9	12	9208
9	13	7944
9	14	-376
9	15	5112
9	16	7032
9	17	-1544
9	18	-6904
9	19	-1800
9	20	-4216
9	21	1544
9	22	2312
9	23	-2680
9	24	1032
9	25	1928
9	26	4600
9	27	-248
9	28	-2056
9	29	6520
9	30	392
9	31	2040
10	11	-392
10	12	2184
10	13	1144
10	14	-2824
10	15	2184
10	16	4360
10	17	-3448
10	18	-392
10	19	904
10	20	1016
10	21	-648
10	22	2680
10	23	7672
10	24	-136
10	25	7160
10	26	-5496
10	27	-2952
10	28	5256
10	29	776
10	30	504
10	31	-2936
11	12	-1800
11	13	2568
11	14	-1656
11	15	2296
11	16	120
11	17	-4360
11	18	-4088
11	19	3576
11	20	2696
11	21	264
11	22	1032
11	23	-3960
11	24	-248
11	25	648
11	26	1784
11	27	2568
11	28	-776
11	29	3704
11	30	-888
11	31	-4872
12	13	7928
12	14	-136
12	15	7688
12	16	5768
12	17	2056
12	18	-1800
12	19	-1784
12	20	-4488
12	21	2040
12	22	5368
12	23	2168
12	24	2552
12	25	5752
12	26	8
12	27	-264
12	28	-5624
12	29	6280
12	30	-904
12	31	2568
13	14	-3192
13	15	7928
13	16	5752
13	17	1272
13	18	-1528
13	19	-3080
13	20	-2936
13	21	6920
13	22	-504
13	23	-1400
13	24	6408
13	25	7304
13	26	-776
13	27	1032
13	28	-3336
13	29	1144
13	30	1672
13	31	4856
14	15	-136
14	16	1784
14	17	5496
14	18	-1656
14	19	-2952
14	20	-3064
14	21	-9592
14	22	-4728
14	23	-1528
14	24	-1912
14	25	-1016
14	26	3448
14	27	5000
14	28	-7304
14	29	1272
14	30	-2552
14	31	-3208
15	16	5768
15	17	2056
15	18	-1800
15	19	-1784
15	20	-392
15	21	2040
15	22	1272
15	23	2168
15	24	2552
15	25	5752
15	26	8
15	27	3832
15	28	-5624
15	29	2184
15	30	3192
15	31	-1528
16	17	-3960
16	18	-3976
16	19	392
16	20	1528
16	21	-136
16	22	-904
16	23	4088
16	24	4472
16	25	7672
16	26	2184
16	27	5752
16	28	648
16	29	4360
16	30	-3080
16	31	648
17	18	3832
17	19	-7416
17	20	-2952
17	21	-520
17	22	-1288
17	23	-4488
17	24	-4104
17	25	-904
17	26	-1528
17	27	1272
17	28	-7160
17	29	-3448
17	30	4728
17	31	1032
18	19	3576
18	20	-1400
18	21	264
18	22	1032
18	23	136
18	24	-248
18	25	-3448
18	26	-6408
18	27	-1528
18	28	-776
18	29	-4488
18	30	-888
18	31	-776
19	20	888
19	21	-776
19	22	2552
19	23	3448
19	24	-264
19	25	-1160
19	26	-5368
19	27	-3080
19	28	1288
19	29	5000
19	30	-3720
19	31	-6904
20	21	2952
20	22	-376
20	23	-1272
20	24	-1656
20	25	3336
20	26	-904
20	27	5256
20	28	4728
20	29	-3080
20	30	-2296
20	31	632
21	22	1288
21	23	392
21	24	4104
21	25	5000
21	26	-2568
21	27	-1272
21	28	3064
21	29	-648
21	30	3464
21	31	7160
22	23	1160
22	24	-3320
22	25	1672
22	26	760
22	27	-504
22	28	-1800
22	29	6776
22	30	136
22	31	-1800
23	24	3976
23	25	4872
23	26	-2440
23	27	-1400
23	28	3192
23	29	3576
23	30	-760
23	31	-904
24	25	4488
24	26	2040
24	27	2312
24	28	-520
24	29	-136
24	30	-5240
24	31	7672
25	26	-2952
25	27	3208
25	28	-1416
25	29	3064
25	30	-248
25	31	2680
26	27	7416
26	28	-1016
26	29	2696
26	30	-1416
26	31	3080
27	28	-3336
27	29	1144
27	30	-2424
27	31	760
28	29	-2936
28	30	120
28	31	1544
29	30	-3592
29	31	-2936
30	31	-3976
