0	1	2436
0	2	204
0	3	516
0	4	-2364
0	5	-436
0	6	2364
0	7	-116
0	8	44
0	9	-276
0	10	-516
0	11	516
0	12	1404
0	13	764
0	14	-524
0	15	2684
0	16	-364
0	17	-604
0	18	-444
0	19	596
1	2	-676
1	3	1396
1	4	-1484
1	5	-1316
1	6	3084
1	7	-996
1	8	764
1	9	-1156
1	10	-1396
1	11	-204
1	12	3724
1	13	3084
1	14	-1244
1	15	-1396
1	16	-1084
1	17	-1324
1	18	-2764
1	19	1476
2	3	-1956
2	4	-676
2	5	276
2	6	676
2	7	1556
2	8	-1804
2	9	-1484
2	10	-1244
2	11	1244
2	12	-1564
2	13	676
2	14	684
2	15	356
2	16	524
2	17	764
2	18	604
2	19	2764
3	4	-1804
3	5	3804
3	6	-1396
3	7	-2276
3	8	1084
3	9	-836
3	10	524
3	11	1076
3	12	844
3	13	204
3	14	36
3	15	524
3	16	-1404
3	17	-3244
3	18	116
3	19	-2044
4	5	284
4	6	-116
4	7	604
4	8	-2436
4	9	2044
4	10	1804
4	11	-204
4	12	-1076
4	13	-1716
4	14	356
4	15	-1396
4	16	-2684
4	17	1876
4	18	-2764
4	19	-124
5	6	-284
5	7	-2604
5	8	-1164
5	9	756
5	10	2596
5	11	3804
5	12	-2524
5	13	-1884
5	14	1644
5	15	996
5	16	-1716
5	17	-1476
5	18	-36
5	19	-2676
6	7	-604
6	8	-764
6	9	1156
6	10	-204
6	11	1804
6	12	-524
6	13	116
6	14	-356
6	15	-204
6	16	-516
6	17	1324
6	18	-2036
6	19	124
7	8	-3084
7	9	436
7	10	-4124
7	11	-3876
7	12	-1244
7	13	996
7	14	-2836
7	15	676
7	16	1804
7	17	3644
7	18	284
7	19	2444
8	9	-2924
8	10	516
8	11	-516
8	12	1796
8	13	-764
8	14	2124
8	15	516
8	16	364
8	17	-4196
8	18	2044
8	19	-596
9	10	836
9	11	2364
9	12	-1084
9	13	-2044
9	14	-1396
9	15	-764
9	16	44
9	17	3484
9	18	-1476
9	19	-2516
10	11	3724
10	12	756
10	13	-3404
10	14	1564
10	15	-524
10	16	-1796
10	17	-1556
10	18	-116
10	19	-1156
11	12	-756
11	13	-2996
11	14	1636
11	15	524
11	16	-1404
11	17	-44
11	18	-1484
11	19	-2044
12	13	1076
12	14	-1316
12	15	-2444
12	16	-1476
12	17	-1236
12	18	-1396
12	19	2364
13	14	-356
13	15	-204
13	16	1084
13	17	-276
13	18	-436
13	19	1724
14	15	1564
14	16	-2444
14	17	-1084
14	18	-924
14	19	-1484
15	16	1404
15	17	-1556
15	18	1484
15	19	444
16	17	-924
16	18	4036
16	19	276
17	18	-2604
17	19	36
18	19	196
