0	1	1164
0	2	196
0	3	-364
0	4	1804
0	5	356
0	6	604
0	7	1796
0	8	2996
0	9	-996
0	10	996
0	11	-1956
0	12	-524
0	13	-604
0	14	276
0	15	836
0	16	-1644
0	17	-916
0	18	-1316
0	19	916
1	2	2676
1	3	-2684
1	4	-676
1	5	-364
1	6	1324
1	7	2676
1	8	2276
1	9	-276
1	10	1876
1	11	-1236
1	12	1956
1	13	-1324
1	14	-444
1	15	1716
1	16	-764
1	17	-196
1	18	2604
1	19	196
2	3	-1876
2	4	-1164
2	5	-2596
2	6	1636
2	7	-836
2	8	-436
2	9	-1564
2	10	-36
2	11	-2204
2	12	-116
2	13	-36
2	14	-916
2	15	1724
2	16	-2196
2	17	-44
2	18	356
2	19	44
3	4	-124
3	5	-436
3	6	1076
3	7	-1876
3	8	-1476
3	9	-524
3	10	-1076
3	11	-1164
3	12	-1156
3	13	-1076
3	14	2844
3	15	684
3	16	-36
3	17	996
3	18	-204
3	19	-2596
4	5	596
4	6	364
4	7	436
4	8	1636
4	9	364
4	10	2836
4	11	1004
4	12	1316
4	13	-1964
4	14	516
4	15	-2124
4	16	1796
4	17	-2756
4	18	-1556
4	19	1156
5	6	1796
5	7	-996
5	8	2604
5	9	3396
5	10	-196
5	11	-444
5	12	1324
5	13	1404
5	14	-1076
5	15	-3236
5	16	-756
5	17	116
5	18	-1084
5	19	1484
6	7	36
6	8	2836
6	9	764
6	10	2436
6	11	-1796
6	12	916
6	13	-2364
6	14	1716
6	15	676
6	16	-1804
6	17	-756
6	18	444
6	19	-2444
7	8	2764
7	9	36
7	10	1564
7	11	-604
7	12	1484
7	13	-1636
7	14	684
7	15	124
7	16	-596
7	17	-44
7	18	1956
7	19	44
8	9	1236
8	10	1964
8	11	596
8	12	1884
8	13	-1236
8	14	1084
8	15	-1076
8	16	-1796
8	17	-444
8	18	-44
8	19	444
9	10	-764
9	11	-196
9	12	916
9	13	836
9	14	-1484
9	15	-924
9	16	-204
9	17	-756
9	18	-1156
9	19	2356
10	11	1796
10	12	2284
10	13	-2436
10	14	1484
10	15	924
10	16	204
10	17	-844
10	18	-444
10	19	-2356
11	12	1876
11	13	1796
11	14	-524
11	15	36
11	16	756
11	17	1484
11	18	-2116
11	19	116
12	13	684
12	14	-196
12	15	-756
12	16	-1476
12	17	2436
12	18	-364
12	19	-836
13	14	-1716
13	15	-676
13	16	-1396
13	17	3956
13	18	-2044
13	19	844
14	15	44
14	16	-676
14	17	1636
14	18	436
14	19	-4836
15	16	-1236
15	17	596
15	18	996
15	19	-596
16	17	-3484
16	18	1716
16	19	284
17	18	-1076
17	19	-2524
18	19	-524
