0	1	8
0	2	168
0	3	-472
0	4	-888
0	5	-2152
0	6	-1128
0	7	-808
0	8	968
0	9	-1112
0	10	-1368
0	11	-648
0	12	1128
0	13	1592
0	14	-392
0	15	-1128
0	16	888
0	17	-1688
0	18	472
0	19	1688
1	2	-88
1	3	-2648
1	4	-792
1	5	632
1	6	1048
1	7	728
1	8	2312
1	9	-408
1	10	2888
1	11	568
1	12	552
1	13	-72
1	14	472
1	15	1048
1	16	-2408
1	17	1608
1	18	-552
1	19	1592
2	3	392
2	4	2568
2	5	-1128
2	6	1208
2	7	888
2	8	2152
2	9	1032
2	10	1448
2	11	2328
2	12	-4408
2	13	88
2	14	312
2	15	-3592
2	16	3832
2	17	1768
2	18	-392
2	19	-1768
3	4	-1272
3	5	1112
3	6	-1032
3	7	1848
3	8	-408
3	9	-1528
3	10	-2392
3	11	88
3	12	-568
3	13	2648
3	14	-2248
3	15	-1032
3	16	1272
3	17	1128
3	18	-1032
3	19	-2728
4	5	248
4	6	1272
4	7	-1608
4	8	1768
4	9	-312
4	10	1032
4	11	152
4	12	-2872
4	13	-808
4	14	408
4	15	-1928
4	16	3288
4	17	712
4	18	-328
4	19	888
5	6	488
5	7	168
5	8	-328
5	9	152
5	10	-872
5	11	1608
5	12	-488
5	13	-632
5	14	-568
5	15	2088
5	16	-1848
5	17	2648
5	18	-1112
5	19	-1048
6	7	1352
6	8	-1192
6	9	1528
6	10	-808
6	11	-88
6	12	-1032
6	13	-4248
6	14	648
6	15	-568
6	16	328
6	17	2072
6	18	-568
6	19	1128
7	8	1688
7	9	1208
7	10	1112
7	11	1832
7	12	-1352
7	13	-728
7	14	328
7	15	-1848
7	16	-1592
7	17	792
7	18	-3448
7	19	-792
8	9	-1368
8	10	2248
8	11	1528
8	12	-408
8	13	888
8	14	-2088
8	15	-1192
8	16	1432
8	17	968
8	18	-1192
8	19	-968
9	10	168
9	11	-552
9	12	-1528
9	13	-1192
9	14	-8
9	15	-1672
9	16	-1288
9	17	488
9	18	1528
9	19	-488
10	11	1272
10	12	-2392
10	13	312
10	14	2488
10	15	-808
10	16	-1032
10	17	-1368
10	18	-808
10	19	1368
11	12	-1512
11	13	-2168
11	14	168
11	15	-88
11	16	-152
11	17	-648
11	18	-1688
11	19	648
12	13	-552
12	14	-2248
12	15	3768
12	16	-1928
12	17	-472
12	18	568
12	19	472
13	14	-472
13	15	-1048
13	16	808
13	17	-8
13	18	552
13	19	-1592
14	15	648
14	16	-408
14	17	-392
14	18	-952
14	19	1992
15	16	-1272
15	17	472
15	18	-568
15	19	-472
16	17	888
16	18	328
16	19	-2488
17	18	-1128
17	19	-3112
18	19	1128
