0	1	-944
0	2	2736
0	3	-4336
0	4	-784
0	5	-1616
0	6	-1104
0	7	-1456
0	8	-7856
0	9	2256
0	10	-816
0	11	1936
0	12	-11344
0	13	-3536
0	14	5104
0	15	3344
0	16	-14384
0	17	3184
0	18	-3856
0	19	3376
0	20	-5584
0	21	-4464
0	22	-496
0	23	-144
0	24	-11184
0	25	6064
0	26	3856
0	27	1264
0	28	-5904
0	29	-624
0	30	176
0	31	-336
0	32	-5616
0	33	5424
0	34	-1264
0	35	-4976
0	36	336
0	37	-3216
0	38	-1104
0	39	9136
1	2	-6704
1	3	5104
1	4	-3824
1	5	7824
1	6	2256
1	7	1584
1	8	7984
1	9	-7184
1	10	15024
1	11	11696
1	12	-7984
1	13	-496
1	14	-11056
1	15	-16
1	16	1776
1	17	6224
1	18	5584
1	19	336
1	20	4176
1	21	-1104
1	22	-3856
1	23	-9584
1	24	-1424
1	25	-3696
1	26	7216
1	27	4304
1	28	3856
1	29	-3664
1	30	9936
1	31	-3696
1	32	3824
1	33	-4336
1	34	14896
1	35	4464
1	36	-9104
1	37	-176
1	38	-4144
1	39	6096
2	3	-4976
2	4	-144
2	5	4144
2	6	-464
2	7	-2096
2	8	-2096
2	9	-3504
2	10	-1456
2	11	-10224
2	12	2096
2	13	-4176
2	14	4464
2	15	2704
2	16	-7344
2	17	2544
2	18	-4496
2	19	-2384
2	20	-4944
2	21	8976
2	22	-7536
2	23	-5904
2	24	-4144
2	25	5424
2	26	-1904
2	27	7024
2	28	-11664
2	29	-6384
2	30	816
2	31	5424
2	32	-6256
2	33	-8016
2	34	-624
2	35	784
2	36	7376
2	37	-3856
2	38	5936
2	39	3376
3	4	-7856
3	5	3856
3	6	18064
3	7	3696
3	8	3696
3	9	-10896
3	10	15856
3	11	2224
3	12	9104
3	13	5776
3	14	-2864
3	15	5296
3	16	12144
3	17	-7344
3	18	6096
3	19	784
3	20	16144
3	21	-16976
3	22	2736
3	23	-2096
3	24	15344
3	25	-3824
3	26	13104
3	27	976
3	28	10064
3	29	4784
3	30	-2416
3	31	-10224
3	32	7856
3	33	-3184
3	34	-976
3	35	-5584
3	36	-2576
3	37	5456
3	38	-7536
3	39	7824
4	5	-11536
4	6	-3984
4	7	-4976
4	8	7824
4	9	12176
4	10	-4336
4	11	-944
4	12	-7824
4	13	5744
4	14	1584
4	15	12624
4	16	8336
4	17	6064
4	18	-976
4	19	496
4	20	-8464
4	21	5456
4	22	-4016
4	23	-3024
4	24	-1264
4	25	-3856
4	26	-5424
4	27	-15056
4	28	-2384
4	29	-3504
4	30	-9104
4	31	8944
4	32	-2736
4	33	-4496
4	34	2256
4	35	10704
4	36	-2544
4	37	-336
4	38	-3984
4	39	-6544
5	6	1584
5	7	7376
5	8	976
5	9	-1776
5	10	6736
5	11	4944
5	12	-976
5	13	3056
5	14	-11984
5	15	-3824
5	16	2064
5	17	2736
5	18	9776
5	19	-2896
5	20	6064
5	21	-1456
5	22	-6384
5	23	7024
5	24	5264
5	25	-6544
5	26	3024
5	27	17456
5	28	-16
5	29	7504
5	30	6704
5	31	-6544
5	32	5136
5	33	496
5	34	1744
5	35	-1904
5	36	144
5	37	2736
5	38	7984
5	39	4144
6	7	8144
6	8	1744
6	9	-13744
6	10	15184
6	11	-1264
6	12	-1744
6	13	-336
6	14	1904
6	15	144
6	16	8016
6	17	-6416
6	18	-656
6	19	176
6	20	10416
6	21	-14064
6	22	-3696
6	23	-3344
6	24	11216
6	25	-3536
6	26	7056
6	27	4464
6	28	10096
6	29	2576
6	30	-3024
6	31	-9936
6	32	3984
6	33	-4176
6	34	1936
6	35	-8176
6	36	-2864
6	37	6384
6	38	-10704
6	39	5936
7	8	7216
7	9	4784
7	10	12976
7	11	-1296
7	12	-816
7	13	9296
7	14	7056
7	15	-10384
7	16	2224
7	17	-3824
7	18	-9584
7	19	-2736
7	20	6224
7	21	-1296
7	22	-6544
7	23	784
7	24	11824
7	25	-304
7	26	9584
7	27	10896
7	28	6544
7	29	7664
7	30	464
7	31	-304
7	32	4976
7	33	336
7	34	8304
7	35	-8464
7	36	-12496
7	37	2576
7	38	1744
7	39	10704
8	9	4784
8	10	6576
8	11	-1296
8	12	-816
8	13	2896
8	14	-5744
8	15	2416
8	16	8624
8	17	2576
8	18	3216
8	19	-2736
8	20	6224
8	21	5104
8	22	-6544
8	23	-5616
8	24	11824
8	25	-304
8	26	3184
8	27	-1904
8	28	6544
8	29	1264
8	30	-5936
8	31	-304
8	32	4976
8	33	336
8	34	14704
8	35	-2064
8	36	-6096
8	37	8976
8	38	1744
8	39	-2096
9	10	-7376
9	11	2096
9	12	1616
9	13	9104
9	14	4944
9	15	3184
9	16	-1424
9	17	9424
9	18	-4016
9	19	-2864
9	20	976
9	21	2096
9	22	5744
9	23	6416
9	24	1776
9	25	-496
9	26	-2384
9	27	-5296
9	28	-12144
9	29	5936
9	30	-6064
9	31	5904
9	32	624
9	33	5264
9	34	5296
9	35	1264
9	36	496
9	37	-3376
9	38	5456
9	39	-3504
10	11	5744
10	12	-176
10	13	8656
10	14	16
10	15	1776
10	16	2864
10	17	-4464
10	18	-3824
10	19	-2096
10	20	6864
10	21	-7056
10	22	-784
10	23	-11376
10	24	6064
10	25	-7344
10	26	16624
10	27	3856
10	28	7184
10	29	1904
10	30	7504
10	31	-7344
10	32	4336
10	33	-6704
10	34	8944
10	35	-2704
10	36	-11856
10	37	1936
10	38	-4016
10	39	11344
11	12	-5104
11	13	3024
11	14	-7536
11	15	-2896
11	16	-1744
11	17	-3056
11	18	2704
11	19	-3184
11	20	656
11	21	-4624
11	22	-336
11	23	-304
11	24	1456
11	25	-12976
11	26	3696
11	27	1424
11	28	336
11	29	-784
11	30	16
11	31	-6576
11	32	13744
11	33	5584
11	34	-1424
11	35	7984
11	36	-6224
11	37	3344
11	38	-1264
11	39	2576
12	13	9904
12	14	5744
12	15	3984
12	16	4176
12	17	-8976
12	18	-3216
12	19	-3664
12	20	6576
12	21	1296
12	22	6544
12	23	-784
12	24	7376
12	25	304
12	26	9616
12	27	-4496
12	28	-144
12	29	-1264
12	30	-464
12	31	304
12	32	1424
12	33	-336
12	34	-8304
12	35	2064
12	36	-304
12	37	-2576
12	38	4656
12	39	2096
13	14	2736
13	15	4496
13	16	6544
13	17	-8144
13	18	-1104
13	19	-4816
13	20	-2256
13	21	3024
13	22	1936
13	23	-1296
13	24	3344
13	25	-11024
13	26	13904
13	27	-6224
13	28	4464
13	29	5584
13	30	4784
13	31	8176
13	32	656
13	33	-3984
13	34	-6576
13	35	6416
13	36	-14576
13	37	-8144
13	38	-336
13	39	8624
14	15	-4144
14	16	-10416
14	17	-3984
14	18	-22544
14	19	-8976
14	20	-16
14	21	-1136
14	22	-304
14	23	944
14	24	-816
14	25	5936
14	26	3344
14	27	-2064
14	28	-6096
14	29	-11376
14	30	624
14	31	-464
14	32	-1584
14	33	-6224
14	34	-4336
14	35	-2224
14	36	464
14	37	-10384
14	38	-4496
14	39	4464
15	16	7024
15	17	4176
15	18	4816
15	19	8464
15	20	-1776
15	21	-2896
15	22	1456
15	23	-7216
15	24	-2576
15	25	1296
15	26	7984
15	27	-13104
15	28	-1456
15	29	-336
15	30	-7536
15	31	1296
15	32	-6224
15	33	1936
15	34	304
15	35	5936
15	36	-1296
15	37	4176
15	38	144
15	39	2704
16	17	464
16	18	12624
16	19	6096
16	20	9936
16	21	-8144
16	22	-3216
16	23	2576
16	24	17136
16	25	-3056
16	26	176
16	27	-1456
16	28	9616
16	29	8496
16	30	-9904
16	31	3344
16	32	4464
16	33	-3696
16	34	1456
16	35	5104
16	36	-3344
16	37	6864
16	38	-4784
16	39	-944
17	18	4976
17	19	8304
17	20	4464
17	21	-3056
17	22	1616
17	23	5424
17	24	-2736
17	25	7856
17	26	-11376
17	27	-144
17	28	-14416
17	29	-496
17	30	-1296
17	31	1456
17	32	336
17	33	-4304
17	34	12944
17	35	-304
17	36	11344
17	37	-2064
17	38	-16
17	39	-3856
18	19	7664
18	20	3824
18	21	-3696
18	22	2256
18	23	4784
18	24	3024
18	25	-4304
18	26	-5616
18	27	496
18	28	4144
18	29	11664
18	30	-1936
18	31	2096
18	32	976
18	33	2736
18	34	-496
18	35	336
18	36	4304
18	37	4976
18	38	-656
18	39	-4496
19	20	-4304
19	21	-3184
19	22	4624
19	23	1136
19	24	-3504
19	25	11184
19	26	-1264
19	27	-6416
19	28	1776
19	29	7056
19	30	-4944
19	31	4784
19	32	-496
19	33	4144
19	34	16
19	35	144
19	36	1616
19	37	8304
19	38	6576
19	39	4016
20	21	-18544
20	22	784
20	23	4976
20	24	19536
20	25	944
20	26	2576
20	27	8944
20	28	-784
20	29	4496
20	30	-7504
20	31	-11856
20	32	8464
20	33	304
20	34	10256
20	35	-10096
20	36	5456
20	37	4464
20	38	-8784
20	39	1456
21	22	-6736
21	23	-6704
21	24	-11344
21	25	-176
21	26	-2704
21	27	-4976
21	28	336
21	29	-7184
21	30	6416
21	31	12624
21	32	-5456
21	33	-816
21	34	-1424
21	35	7984
21	36	-6224
21	37	-3056
21	38	11536
21	39	-3824
22	23	1744
22	24	-6416
22	25	-1264
22	26	-2256
22	27	-9264
22	28	-5296
22	29	8624
22	30	7824
22	31	-1264
22	32	-2384
22	33	-624
22	34	-3536
22	35	-3024
22	36	7664
22	37	-4784
22	38	2704
22	39	-7536
23	24	5776
23	25	1904
23	26	-11184
23	27	3504
23	28	-1744
23	29	3536
23	30	-2064
23	31	-4496
23	32	9424
23	33	1264
23	34	-9904
23	35	-2736
23	36	10896
23	37	-976
23	38	3056
23	39	-5904
24	25	144
24	26	3376
24	27	8144
24	28	6416
24	29	5296
24	30	-13104
24	31	-6256
24	32	14064
24	33	-496
24	34	4656
24	35	-4496
24	36	-144
24	37	10064
24	38	-1584
24	39	2256
25	26	-2096
25	27	3376
25	28	-5136
25	29	-4016
25	30	-4816
25	31	4976
25	32	-2544
25	33	-784
25	34	3024
25	35	-3184
25	36	7824
25	37	1456
25	38	9264
25	39	5424
26	27	-496
26	28	8656
26	29	1136
26	30	1936
26	31	-2096
26	32	-976
26	33	3664
26	34	496
26	35	-336
26	36	-17104
26	37	1424
26	38	656
26	39	17296
27	28	-3536
27	29	3984
27	30	3184
27	31	-3024
27	32	2256
27	33	-2384
27	34	4624
27	35	-4784
27	36	3024
27	37	-144
27	38	4464
27	39	7024
28	29	4176
28	30	-1424
28	31	-5136
28	32	2384
28	33	7024
28	34	-2864
28	35	-3376
28	36	-14064
28	37	11184
28	38	-2704
28	39	1136
29	30	-2544
29	31	2384
29	32	-2896
29	33	8144
29	34	2416
29	35	-8656
29	36	-2384
29	37	5904
29	38	2576
29	39	16
30	31	1584
30	32	-3696
30	33	-11856
30	34	-3184
30	35	3344
30	36	-1584
30	37	-14096
30	38	3376
30	39	816
31	32	-8944
31	33	-7184
31	34	-3376
31	35	9616
31	36	-4976
31	37	-11344
31	38	2864
31	39	5424
32	33	-1904
32	34	-2256
32	35	2096
32	36	2544
32	37	6736
32	38	3984
32	39	144
33	34	2384
33	35	-8944
33	36	-5616
33	37	14896
33	38	2224
33	39	-1616
34	35	-8016
34	36	-3024
34	37	6544
34	38	-4464
34	39	-624
35	36	-3216
35	37	-6704
35	38	4624
35	39	784
36	37	-1456
36	38	3536
36	39	-11824
37	38	6384
37	39	-3856
38	39	-464
