0	1	-8724
0	2	5196
0	3	-2004
0	4	-4236
0	5	3116
0	6	-18476
0	7	9684
0	8	-4716
0	9	244
0	10	1044
0	11	-1196
0	12	-2956
0	13	-10484
0	14	-2956
0	15	4884
0	16	-3764
0	17	3596
0	18	-9036
0	19	2004
0	20	556
0	21	-4556
0	22	-4396
0	23	-1996
0	24	3924
0	25	8884
0	26	-7756
0	27	-884
0	28	-1516
0	29	1676
0	30	-396
0	31	4724
0	32	-15764
0	33	6156
0	34	7116
0	35	3284
0	36	76
0	37	-2804
0	38	7116
0	39	-9036
1	2	-1996
1	3	-1196
1	4	1036
1	5	6484
1	6	2476
1	7	6316
1	8	7916
1	9	2956
1	10	-4244
1	11	4396
1	12	12556
1	13	884
1	14	-244
1	15	-1684
1	16	564
1	17	-6796
1	18	5836
1	19	1196
1	20	2644
1	21	1356
1	22	-5204
1	23	-1204
1	24	-7124
1	25	-5684
1	26	10956
1	27	4084
1	28	4716
1	29	7924
1	30	9996
1	31	4876
1	32	12564
1	33	3444
1	34	-3916
1	35	-84
1	36	9524
1	37	-396
1	38	-10316
1	39	5836
2	3	-2316
2	4	-4244
2	5	-1036
2	6	-2804
2	7	7436
2	8	-3764
2	9	-8724
2	10	-3124
2	11	-884
2	12	876
2	13	6164
2	14	7276
2	15	5836
2	16	5844
2	17	4884
2	18	13356
2	19	2316
2	20	-4876
2	21	-3924
2	22	2316
2	23	-84
2	24	6796
2	25	1836
2	26	-7124
2	27	2964
2	28	5836
2	29	6804
2	30	4716
2	31	5996
2	32	-7756
2	33	2324
2	34	7764
2	35	-5364
2	36	2004
2	37	-7916
2	38	1364
2	39	6956
3	4	-5044
3	5	-236
3	6	9196
3	7	6636
3	8	-4564
3	9	-3124
3	10	2476
3	11	-8084
3	12	6476
3	13	-5836
3	14	76
3	15	-1364
3	16	244
3	17	5684
3	18	-244
3	19	-4884
3	20	2324
3	21	8076
3	22	7916
3	23	5516
3	24	-13204
3	25	1036
3	26	4876
3	27	3764
3	28	-7764
3	29	-5196
3	30	-2484
3	31	-7604
3	32	-6956
3	33	-3276
3	34	-4236
3	35	236
3	36	-3596
3	37	-716
3	38	2164
3	39	12556
4	5	6476
4	6	3764
4	7	-12876
4	8	-1676
4	9	-9516
4	10	4084
4	11	-4556
4	12	84
4	13	-724
4	14	84
4	15	-4876
4	16	-404
4	17	556
4	18	-5996
4	19	11444
4	20	-2484
4	21	4884
4	22	-7756
4	23	-11756
4	24	564
4	25	-13676
4	26	1684
4	27	-3924
4	28	7924
4	29	5036
4	30	9044
4	31	-5036
4	32	6796
4	33	-3284
4	34	-8724
4	35	6324
4	36	-2964
4	37	6956
4	38	-2324
4	39	404
5	6	-4884
5	7	5356
5	8	6956
5	9	-4404
5	10	1196
5	11	3436
5	12	-1204
5	13	-4556
5	14	-1204
5	15	3756
5	16	1524
5	17	564
5	18	-7924
5	19	6636
5	20	-2796
5	21	396
5	22	6636
5	23	-2164
5	24	-8084
5	25	-6644
5	26	-2804
5	27	-1356
5	28	10156
5	29	8884
5	30	2636
5	31	-2484
5	32	724
5	33	-1996
5	34	-2956
5	35	-1044
5	36	-2316
5	37	564
5	38	-9356
5	39	4876
6	7	-7916
6	8	-3116
6	9	-4556
6	10	-3756
6	11	-5996
6	12	5044
6	13	13516
6	14	5044
6	15	-12716
6	16	7436
6	17	1996
6	18	5364
6	19	3604
6	20	5356
6	21	9844
6	22	3604
6	23	-396
6	24	-876
6	25	-8716
6	26	6644
6	27	-8884
6	28	84
6	29	-6324
6	30	-5196
6	31	-12876
6	32	8236
6	33	-14644
6	34	-7284
6	35	-1516
6	36	-7924
6	37	1996
6	38	-884
6	39	11764
7	8	5844
7	9	4404
7	10	-7596
7	11	2964
7	12	7604
7	13	-1844
7	14	7604
7	15	-3756
7	16	-1524
7	17	5836
7	18	1524
7	19	-236
7	20	2796
7	21	-396
7	22	-236
7	23	2164
7	24	1684
7	25	6644
7	26	-3596
7	27	7756
7	28	2644
7	29	3916
7	30	3764
7	31	-3916
7	32	-7124
7	33	14796
7	34	2956
7	35	-5356
7	36	2316
7	37	-6964
7	38	-3444
7	39	7924
8	9	-3596
8	10	-9196
8	11	14164
8	12	-396
8	13	-244
8	14	6004
8	15	1044
8	16	76
8	17	7436
8	18	-76
8	19	4564
8	20	-2004
8	21	-1996
8	22	4564
8	23	564
8	24	84
8	25	-1356
8	26	-5196
8	27	2956
8	28	1044
8	29	5516
8	30	2164
8	31	884
8	32	7276
8	33	3596
8	34	-8244
8	35	-13356
8	36	3916
8	37	7436
8	38	-8244
8	39	6324
9	10	-4236
9	11	6324
9	12	-1836
9	13	1196
9	14	-8236
9	15	-396
9	16	1516
9	17	-10324
9	18	-1516
9	19	-16076
9	20	-564
9	21	-3436
9	22	-3276
9	23	-876
9	24	-1356
9	25	10004
9	26	6164
9	27	-2004
9	28	-6796
9	29	556
9	30	724
9	31	-556
9	32	2316
9	33	5036
9	34	-404
9	35	10804
9	36	5356
9	37	2476
9	38	-404
9	39	-7916
10	11	-12076
10	12	-1036
10	13	-12404
10	14	-7436
10	15	6804
10	16	-5684
10	17	-4724
10	18	-716
10	19	3924
10	20	5036
10	21	-2636
10	22	-2476
10	23	-76
10	24	-6956
10	25	-1996
10	26	564
10	27	-2804
10	28	404
10	29	-244
10	30	-11276
10	31	244
10	32	1516
10	33	4236
10	34	11596
10	35	11604
10	36	-8244
10	37	-11124
10	38	-7604
10	39	-13516
11	12	-3276
11	13	2636
11	14	3124
11	15	4564
11	16	2956
11	17	3916
11	18	-2956
11	19	-4716
11	20	876
11	21	1524
11	22	1684
11	23	4084
11	24	-2796
11	25	8564
11	26	-1676
11	27	5836
11	28	4564
11	29	8396
11	30	5684
11	31	4404
11	32	3756
11	33	76
11	34	-11764
11	35	-3436
11	36	13196
11	37	16716
11	38	1036
11	39	3444
12	13	4396
12	14	1364
12	15	-9996
12	16	-8084
12	17	-7124
12	18	1684
12	19	-76
12	20	2636
12	21	-6636
12	22	-12876
12	23	-4076
12	24	-4556
12	25	6804
12	26	9364
12	27	7596
12	28	-3596
12	29	3756
12	30	3924
12	31	-3756
12	32	-884
12	33	1836
12	34	-3604
12	35	1204
12	36	-4244
12	37	-724
12	38	2796
12	39	8084
13	14	4396
13	15	-9844
13	16	2324
13	17	-5036
13	18	4076
13	19	-564
13	20	-1996
13	21	-404
13	22	-564
13	23	-2964
13	24	10316
13	25	-1044
13	26	2796
13	27	-556
13	28	2956
13	29	-3116
13	30	1836
13	31	-3284
13	32	1524
13	33	-7596
13	34	-2156
13	35	-8244
13	36	-1516
13	37	1364
13	38	4244
13	39	10476
14	15	-9996
14	16	11116
14	17	12076
14	18	8084
14	19	6324
14	20	2636
14	21	-236
14	22	-76
14	23	8724
14	24	14644
14	25	-5996
14	26	-16236
14	27	1196
14	28	9204
14	29	3756
14	30	3924
14	31	-10156
14	32	5516
14	33	1836
14	34	-3604
14	35	-5196
14	36	-4244
14	37	-724
14	38	2796
14	39	8084
15	16	3276
15	17	-2164
15	18	3124
15	19	-5036
15	20	-5204
15	21	-5196
15	22	7764
15	23	3764
15	24	-9516
15	25	1844
15	26	-1996
15	27	-244
15	28	-2156
15	29	8716
15	30	-1036
15	31	16884
15	32	-2324
15	33	396
15	34	7756
15	35	2644
15	36	7116
15	37	-2164
15	38	-5044
15	39	-3276
16	17	7444
16	18	10796
16	19	-244
16	20	-2316
16	21	-84
16	22	6156
16	23	3756
16	24	4236
16	25	-7124
16	26	-9684
16	27	-13676
16	28	3276
16	29	9364
16	30	2156
16	31	-2964
16	32	7604
16	33	-7916
16	34	-2476
16	35	4876
16	36	-1836
16	37	1044
16	38	-2476
16	39	4396
17	18	5356
17	19	7116
17	20	-3276
17	21	7276
17	22	7116
17	23	4716
17	24	-1204
17	25	236
17	26	-8724
17	27	-1836
17	28	4236
17	29	2004
17	30	3116
17	31	-8404
17	32	244
17	33	3924
17	34	-9836
17	35	-6964
17	36	-2796
17	37	6484
17	38	2964
17	39	5356
18	19	-6156
18	20	-10484
18	21	-6316
18	22	6644
18	23	2644
18	24	2164
18	25	724
18	26	-3116
18	27	876
18	28	-3276
18	29	3436
18	30	4244
18	31	2964
18	32	5196
18	33	1516
18	34	2476
18	35	-4876
18	36	1836
18	37	-7444
18	38	-3924
18	39	2004
19	20	10476
19	21	4724
19	22	-7916
19	23	-5516
19	24	6804
19	25	-13836
19	26	-4876
19	27	-10164
19	28	14164
19	29	5196
19	30	-3916
19	31	-5196
19	32	6956
19	33	3276
19	34	4236
19	35	-236
19	36	-9204
19	37	-5684
19	38	-8564
19	39	244
20	21	10636
20	22	-8724
20	23	1676
20	24	2156
20	25	-2804
20	26	1036
20	27	-5196
20	28	7596
20	29	-1356
20	30	-12724
20	31	-5044
20	32	3284
20	33	564
20	34	6004
20	35	9196
20	36	244
20	37	-3276
20	38	-6796
20	39	-4084
21	22	4724
21	23	724
21	24	-6156
21	25	-7596
21	26	7764
21	27	2796
21	28	7604
21	29	-7444
21	30	2324
21	31	-5356
21	32	716
21	33	-2964
21	34	-8404
21	35	-396
21	36	10156
21	37	7276
21	38	-2004
21	39	6484
22	23	7284
22	24	-5996
22	25	-1036
22	26	-4876
22	27	2636
22	28	-5036
22	29	-7604
22	30	-3916
22	31	1204
22	32	-5844
22	33	-9524
22	34	-2164
22	35	-13036
22	36	3596
22	37	716
22	38	-2164
22	39	6644
23	24	-3596
23	25	1364
23	26	-2476
23	27	6636
23	28	3764
23	29	-3604
23	30	-1516
23	31	3604
23	32	4556
23	33	876
23	34	1836
23	35	-4236
23	36	1196
23	37	-1684
23	38	8236
23	39	2644
24	25	-5516
24	26	-15756
24	27	-5684
24	28	3284
24	29	-3124
24	30	-1996
24	31	-3276
24	32	-1364
24	33	1356
24	34	8716
24	35	-4716
24	36	-4724
24	37	-7604
24	38	2316
24	39	-4236
25	26	2004
25	27	8556
25	28	-10956
25	29	-1684
25	30	-3436
25	31	1684
25	32	-12724
25	33	2796
25	34	-2644
25	35	244
25	36	3116
25	37	6636
25	38	10156
25	39	-5676
26	27	5996
26	28	-1996
26	29	-4244
26	30	5524
26	31	4244
26	32	3916
26	33	236
26	34	-5204
26	35	2804
26	36	6956
26	37	4076
26	38	1196
26	39	3284
27	28	-244
27	29	-6316
27	30	11436
27	31	6316
27	32	-8076
27	33	8404
27	34	-5356
27	35	-11444
27	36	14484
27	37	4564
27	38	7444
27	39	7276
28	29	8716
28	30	5364
28	31	-2316
28	32	10476
28	33	6796
28	34	1356
28	35	2644
28	36	716
28	37	-2164
28	38	-5044
28	39	3124
29	30	7596
29	31	2476
29	32	8564
29	33	5844
29	34	-1516
29	35	10316
29	36	-876
29	37	2004
29	38	-7916
29	39	3436
30	31	5204
30	32	2956
30	33	5676
30	34	-12564
30	35	-2636
30	36	12396
30	37	9516
30	38	6636
30	39	10644
31	32	-2164
31	33	556
31	34	7916
31	35	-3916
31	36	13676
31	37	-2004
31	38	1516
31	39	-3436
32	33	4084
32	34	-3276
32	35	5676
32	36	-2636
32	37	244
32	38	-9676
32	39	-1204
33	34	6804
33	35	1996
33	36	1044
33	37	-8876
33	38	-5996
33	39	-4884
34	35	2956
34	36	-6316
34	37	-22636
34	38	-6956
34	39	-10324
35	36	-4084
35	37	-564
35	38	-3444
35	39	-11276
36	37	10004
36	38	84
36	39	1836
37	38	9364
37	39	5356
38	39	2476
