0	1	-3068
0	2	2532
0	3	-1572
0	4	5892
0	5	-3012
0	6	3548
0	7	-3388
0	8	2588
0	9	-10532
0	10	-11652
0	11	-1252
0	12	8932
0	13	28
0	14	-932
0	15	-9252
0	16	-4772
0	17	1468
0	18	132
0	19	3492
0	20	-3228
0	21	6532
0	22	6428
0	23	8772
0	24	-17308
0	25	3652
0	26	9788
0	27	-5948
0	28	-13572
0	29	4028
0	30	-4668
0	31	-11012
0	32	668
0	33	-3708
0	34	-668
0	35	-3972
0	36	4452
0	37	14428
0	38	-612
0	39	4028
1	2	-1412
1	3	452
1	4	-4772
1	5	-4508
1	6	8132
1	7	10908
1	8	-3708
1	9	9412
1	10	4132
1	11	-6268
1	12	-7812
1	13	-1148
1	14	6212
1	15	-4668
1	16	-2748
1	17	3812
1	18	7388
1	19	-8772
1	20	-14852
1	21	988
1	22	5252
1	23	5148
1	24	-772
1	25	-2532
1	26	1892
1	27	668
1	28	6052
1	29	7652
1	30	18588
1	31	3492
1	32	-8188
1	33	-1572
1	34	-4612
1	35	15652
1	36	-3332
1	37	-2748
1	38	-6908
1	39	-5148
2	3	-6748
2	4	-3972
2	5	7492
2	6	-5468
2	7	-7492
2	8	1892
2	9	-4188
2	10	3332
2	11	-668
2	12	-612
2	13	4452
2	14	5412
2	15	932
2	16	2852
2	17	3012
2	18	-4612
2	19	-1572
2	20	5148
2	21	-4612
2	22	-1948
2	23	-452
2	24	28
2	25	-1732
2	26	1092
2	27	-4932
2	28	-1148
2	29	-5948
2	30	6588
2	31	-10108
2	32	16612
2	33	12028
2	34	-3812
2	35	-4348
2	36	10268
2	37	2852
2	38	5092
2	39	6852
3	4	3012
3	5	6268
3	6	28
3	7	6532
3	8	11868
3	9	5148
3	10	-2372
3	11	1628
3	12	-348
3	13	2908
3	14	-10852
3	15	-6372
3	16	-8292
3	17	4348
3	18	-2748
3	19	7012
3	20	292
3	21	3652
3	22	-3492
3	23	-508
3	24	5412
3	25	-5628
3	26	-6532
3	27	-2428
3	28	2108
3	29	508
3	30	-1148
3	31	-1732
3	32	-9252
3	33	-188
3	34	9252
3	35	5308
3	36	-4828
3	37	-1892
3	38	2268
3	39	508
4	5	-1948
4	6	-2108
4	7	-4452
4	8	-1148
4	9	-828
4	10	6692
4	11	2692
4	12	-3972
4	13	1412
4	14	2372
4	15	-8508
4	16	-188
4	17	-28
4	18	4828
4	19	-4932
4	20	-4612
4	21	-1572
4	22	-11388
4	23	2588
4	24	-9732
4	25	1308
4	26	-1948
4	27	-1892
4	28	-4188
4	29	3812
4	30	-3172
4	31	-6748
4	32	7172
4	33	2268
4	34	5628
4	35	-7388
4	36	-5892
4	37	-188
4	38	-4348
4	39	10212
5	6	-7812
5	7	1572
5	8	-2372
5	9	3708
5	10	2588
5	11	6588
5	12	1092
5	13	-4932
5	14	-5892
5	15	4988
5	16	-3332
5	17	2908
5	18	-1308
5	19	2052
5	20	8132
5	21	-1308
5	22	1468
5	23	932
5	24	452
5	25	-10588
5	26	-1572
5	27	-7388
5	28	-5732
5	29	5468
5	30	6692
5	31	-3172
5	32	2108
5	33	7652
5	34	4292
5	35	-2532
5	36	-3388
5	37	-3332
5	38	828
5	39	-7332
6	7	7812
6	8	4188
6	9	3868
6	10	-3652
6	11	6748
6	12	7332
6	13	-11172
6	14	7068
6	15	-7652
6	16	-3172
6	17	-3332
6	18	-1468
6	19	1892
6	20	-17628
6	21	-1468
6	22	1628
6	23	7172
6	24	292
6	25	8452
6	26	-7812
6	27	-1148
6	28	7228
6	29	-772
6	30	132
6	31	-3012
6	32	-4132
6	33	1092
6	34	10532
6	35	10428
6	36	-3548
6	37	9628
6	38	-11812
6	39	5628
7	8	2372
7	9	9092
7	10	3812
7	11	-6588
7	12	-1092
7	13	4932
7	14	5892
7	15	-11388
7	16	-9468
7	17	-9308
7	18	1308
7	19	-2052
7	20	-8132
7	21	-5092
7	22	4932
7	23	-932
7	24	5948
7	25	-2212
7	26	-4828
7	27	7388
7	28	-668
7	29	7332
7	30	-292
7	31	-3228
7	32	-8508
7	33	-7652
7	34	-4292
7	35	15332
7	36	-9412
7	37	3332
7	38	-828
7	39	-11868
8	9	2908
8	10	-4612
8	11	-612
8	12	8292
8	13	7068
8	14	-292
8	15	-2212
8	16	-10532
8	17	-4292
8	18	-6908
8	19	9252
8	20	2532
8	21	5892
8	22	668
8	23	-4668
8	24	7652
8	25	-3388
8	26	-8772
8	27	-188
8	28	6268
8	29	-8132
8	30	-5308
8	31	-3972
8	32	1308
8	33	2052
8	34	5092
8	35	3068
8	36	3812
8	37	2268
8	38	28
8	39	4668
9	10	1468
9	11	5468
9	12	-4188
9	13	348
9	14	-612
9	15	3868
9	16	-10852
9	17	1788
9	18	-6588
9	19	-9628
9	20	-3548
9	21	6212
9	22	348
9	23	-4348
9	24	7972
9	25	3332
9	26	-9092
9	27	6532
9	28	5948
9	29	-2052
9	30	7812
9	31	2108
9	32	988
9	33	2372
9	34	5412
9	35	9148
9	36	-8668
9	37	-4452
9	38	-6692
9	39	-8452
10	11	-2052
10	12	-9468
10	13	-772
10	14	11068
10	15	-3652
10	16	7228
10	17	-5732
10	18	7332
10	19	-2108
10	20	-2428
10	21	-5468
10	22	-7172
10	23	-3228
10	24	2692
10	25	-1948
10	26	-3812
10	27	-5148
10	28	4828
10	29	3228
10	30	2532
10	31	988
10	32	6268
10	33	3492
10	34	132
10	35	-4772
10	36	-7548
10	37	-11972
10	38	-1412
10	39	3228
11	12	5732
11	13	-9572
11	14	-4132
11	15	13148
11	16	-1572
11	17	-1732
11	18	-3068
11	19	292
11	20	-6428
11	21	3332
11	22	-3172
11	23	-828
11	24	-7708
11	25	6852
11	26	-12612
11	27	-2748
11	28	-3972
11	29	-5572
11	30	4932
11	31	-1412
11	32	3868
11	33	12292
11	34	15332
11	35	-772
11	36	-5148
11	37	4828
11	38	-10212
11	39	828
12	13	-1948
12	14	-988
12	15	7332
12	16	-3548
12	17	-3388
12	18	1788
12	19	11228
12	20	-1252
12	21	1788
12	22	4452
12	23	-452
12	24	28
12	25	-1732
12	26	-5308
12	27	1468
12	28	-1148
12	29	452
12	30	-6212
12	31	2692
12	32	-2588
12	33	-772
12	34	2588
12	35	2052
12	36	3868
12	37	9252
12	38	-7708
12	39	452
13	14	-2852
13	15	1628
13	16	-292
13	17	-452
13	18	2052
13	19	-988
13	20	5092
13	21	2052
13	22	-8292
13	23	-8508
13	24	3812
13	25	-828
13	26	-4932
13	27	8772
13	28	-2692
13	29	2108
13	30	-2748
13	31	-132
13	32	5148
13	33	-1788
13	34	-11548
13	35	508
13	36	6372
13	37	-292
13	38	10268
13	39	2108
14	15	-5732
14	16	-1252
14	17	-14212
14	18	3012
14	19	-6428
14	20	-6748
14	21	-3388
14	22	3548
14	23	-1148
14	24	-1628
14	25	132
14	26	508
14	27	-3068
14	28	2748
14	29	1148
14	30	4612
14	31	-7492
14	32	10588
14	33	-828
14	34	-4188
14	35	-452
14	36	932
14	37	-1252
14	38	-3492
14	39	1148
15	16	3228
15	17	-3332
15	18	4932
15	19	1892
15	20	7972
15	21	4932
15	22	1628
15	23	-5628
15	24	292
15	25	-4348
15	26	-7812
15	27	5252
15	28	828
15	29	-772
15	30	6532
15	31	16188
15	32	2268
15	33	7492
15	34	-2268
15	35	-2372
15	36	2852
15	37	-3172
15	38	-5412
15	39	-7172
16	17	7548
16	18	6852
16	19	3812
16	20	-2908
16	21	-5948
16	22	-13092
16	23	-3708
16	24	-4188
16	25	3972
16	26	-3332
16	27	-5628
16	28	-1092
16	29	3708
16	30	-4348
16	31	7868
16	32	348
16	33	9412
16	34	-6748
16	35	-10692
16	36	4772
16	37	-11492
16	38	-932
16	39	10108
17	18	-5788
17	19	-2428
17	20	-2748
17	21	612
17	22	-6852
17	23	-3548
17	24	2372
17	25	4132
17	26	2908
17	27	932
17	28	-1252
17	29	-2852
17	30	2212
17	31	1308
17	32	-6212
17	33	3172
17	34	-188
17	35	1948
17	36	4932
17	37	-5252
17	38	-1092
17	39	3548
18	19	7228
18	20	-5252
18	21	-2212
18	22	-4348
18	23	8348
18	24	-3972
18	25	-5732
18	26	-1308
18	27	-2532
18	28	2852
18	29	17252
18	30	2588
18	31	13092
18	32	-4988
18	33	-4772
18	34	-1412
18	35	-348
18	36	-6532
18	37	452
18	38	-3708
18	39	4452
19	20	4188
19	21	828
19	22	-988
19	23	4988
19	24	5468
19	25	-2692
19	26	-4348
19	27	-5892
19	28	6212
19	29	1412
19	30	-13572
19	31	10052
19	32	-8028
19	33	-1732
19	34	8028
19	35	-3388
19	36	-3492
19	37	3812
19	38	-348
19	39	7812
20	21	1148
20	22	5092
20	23	-1092
20	24	5788
20	25	-8772
20	26	8132
20	27	828
20	28	-508
20	29	-5308
20	30	-6852
20	31	3332
20	32	4452
20	33	-1412
20	34	-4452
20	35	-10108
20	36	3228
20	37	-2908
20	38	12132
20	39	-5308
21	22	2052
21	23	-4452
21	24	-3972
21	25	7068
21	26	-1308
21	27	-8932
21	28	-3548
21	29	4452
21	30	2588
21	31	292
21	32	1412
21	33	-4772
21	34	4988
21	35	-6748
21	36	-132
21	37	-5948
21	38	2692
21	39	-1948
22	23	4292
22	24	-2588
22	25	-7228
22	26	14268
22	27	2372
22	28	-2692
22	29	-4292
22	30	3652
22	31	-132
22	32	-7652
22	33	-8188
22	34	-5148
22	35	6908
22	36	-28
22	37	6108
22	38	-2532
22	39	-17092
23	24	-6212
23	25	-1572
23	26	7332
23	27	-4772
23	28	5092
23	29	6692
23	30	348
23	31	2532
23	32	-2748
23	33	-612
23	34	9148
23	35	1892
23	36	-8772
23	37	15492
23	38	-1468
23	39	6692
24	25	-1092
24	26	-5948
24	27	8508
24	28	17412
24	29	-6588
24	30	-5572
24	31	8452
24	32	-3228
24	33	-6532
24	34	3228
24	35	7812
24	36	-1892
24	37	-4188
24	38	4452
24	39	-188
25	26	-4188
25	27	348
25	28	-28
25	29	-4828
25	30	-7332
25	31	-2588
25	32	4932
25	33	-1892
25	34	7868
25	35	-3228
25	36	-3652
25	37	3972
25	38	-188
25	39	7972
26	27	-988
26	28	-5732
26	29	-932
26	30	292
26	31	-3172
26	32	-4292
26	33	-11548
26	34	-8508
26	35	-2532
26	36	3012
26	37	3068
26	38	7228
26	39	-7332
27	28	3172
27	29	-8028
27	30	-4132
27	31	7012
27	32	-4668
27	33	-5092
27	34	-8132
27	35	12772
27	36	-452
27	37	7172
27	38	-3388
27	39	-8028
28	29	-5092
28	30	-1948
28	31	11868
28	32	-2052
28	33	-988
28	34	8452
28	35	6108
28	36	-5628
28	37	-1092
28	38	-3332
28	39	7708
29	30	6052
29	31	3868
29	32	-3652
29	33	-5788
29	34	-2748
29	35	-1892
29	36	-4028
29	37	-2692
29	38	1468
29	39	-292
30	31	-4508
30	32	3012
30	33	6428
30	34	-3012
30	35	7652
30	36	4668
30	37	-4348
30	38	-2108
30	39	-6748
31	32	-12292
31	33	-3548
31	34	-508
31	35	2268
31	36	-8188
31	37	-4932
31	38	-7172
31	39	-2532
32	33	10372
32	34	612
32	35	-11652
32	36	5732
32	37	348
32	38	4508
32	39	9148
33	34	2428
33	35	-4188
33	36	3708
33	37	-3388
33	38	-7548
33	39	7012
34	35	-1148
34	36	-12132
34	37	6052
34	38	-4508
34	39	10052
35	36	-2428
35	37	8508
35	38	-6532
35	39	-8292
36	37	-1628
36	38	7012
36	39	2372
37	38	-932
37	39	3708
38	39	1468
