0	1	908
0	2	5108
0	3	-2932
0	4	-6908
0	5	-1732
0	6	-3652
0	7	52
0	8	8828
0	9	10852
0	10	-7492
0	11	10612
0	12	-892
0	13	52
0	14	-788
0	15	3908
0	16	-3788
0	17	772
0	18	-1972
0	19	-908
0	20	-652
0	21	-4508
0	22	-2708
0	23	-532
0	24	5092
0	25	1748
0	26	-4012
0	27	5092
0	28	-6772
0	29	2692
1	2	1868
1	3	-2572
1	4	3532
1	5	2228
1	6	308
1	7	-308
1	8	1988
1	9	3292
1	10	68
1	11	-4148
1	12	3068
1	13	3292
1	14	2452
1	15	-6532
1	16	-548
1	17	11212
1	18	5588
1	19	-4868
1	20	-7492
1	21	5932
1	22	4132
1	23	-3772
1	24	-6068
1	25	-1492
1	26	-52
1	27	-6068
1	28	-6412
1	29	-1268
2	3	5228
2	4	-668
2	5	-772
2	6	-6292
2	7	9892
2	8	-1012
2	9	-4508
2	10	668
2	11	6052
2	12	68
2	13	2692
2	14	1852
2	15	1268
2	16	2452
2	17	-188
2	18	2588
2	19	1732
2	20	-3292
2	21	1732
2	22	3532
2	23	-6772
2	24	-6668
2	25	-4492
2	26	-6652
2	27	-3068
2	28	1388
2	29	-1868
3	4	7372
3	5	-5212
3	6	3668
3	7	10732
3	8	1748
3	9	-68
3	10	-172
3	11	6892
3	12	-4372
3	13	-3668
3	14	-908
3	15	428
3	16	-308
3	17	4252
3	18	8948
3	19	-1028
3	20	-4132
3	21	-1028
3	22	4372
3	23	-4012
3	24	-5828
3	25	-1732
3	26	-3892
3	27	-5828
3	28	-3052
3	29	-4628
4	5	-1028
4	6	4492
4	7	-892
4	8	-788
4	9	-8092
4	10	1132
4	11	-652
4	12	1732
4	13	6308
4	14	3548
4	15	-3068
4	16	2948
4	17	-1612
4	18	-788
4	19	-7132
4	20	-2108
4	21	3668
4	22	1868
4	23	4972
4	24	-5932
4	25	-908
4	26	4852
4	27	-9532
4	28	-3188
4	29	68
5	6	8468
5	7	-1268
5	8	2948
5	9	5932
5	10	-2572
5	11	-1508
5	12	7628
5	13	5932
5	14	1492
5	15	-1972
5	16	2092
5	17	-548
5	18	2948
5	19	4972
5	20	-2932
5	21	4972
5	22	-428
5	23	-6412
5	24	-3428
5	25	-532
5	26	-6292
5	27	-3428
5	28	-1852
5	29	4972
6	7	652
6	8	4628
6	9	652
6	10	-4492
6	11	412
6	12	-1492
6	13	652
6	14	-188
6	15	-3892
6	16	4012
6	17	1372
6	18	-2572
6	19	-308
6	20	-8452
6	21	3292
6	22	-2108
6	23	-8332
6	24	-5108
6	25	8348
6	26	-1012
6	27	2092
6	28	-172
6	29	-308
7	8	6172
7	9	-652
7	10	-2708
7	11	6788
7	12	-2108
7	13	-652
7	14	3788
7	15	3892
7	16	-4012
7	17	-4972
7	18	2572
7	19	-3292
7	20	-2348
7	21	-3292
7	22	5708
7	23	-2468
7	24	-5692
7	25	-4748
7	26	-6188
7	27	-2092
7	28	172
7	29	-3292
8	9	-1028
8	10	-13612
8	11	5932
8	12	-3412
8	13	-1028
8	14	-5468
8	15	-2212
8	16	-12068
8	17	-3908
8	18	-892
8	19	5212
8	20	-6772
8	21	-1988
8	22	7012
8	23	-6652
8	24	4012
8	25	-772
8	26	4268
8	27	4012
8	28	-2092
8	29	5212
9	10	-6308
9	11	3188
9	12	5092
9	13	-652
9	14	188
9	15	292
9	16	-4012
9	17	5828
9	18	9772
9	19	-3292
9	20	1252
9	21	-3292
9	22	-5092
9	23	-2468
9	24	5108
9	25	2452
9	26	-6188
9	27	1508
9	28	-3428
9	29	308
10	11	652
10	12	-1732
10	13	8092
10	14	7252
10	15	6668
10	16	11452
10	17	8812
10	18	-2812
10	19	-3668
10	20	5708
10	21	3532
10	22	-5468
10	23	9428
10	24	-8468
10	25	-2692
10	26	-1252
10	27	-1268
10	28	-4012
10	29	-7268
11	12	-5948
11	13	-412
11	14	428
11	15	3652
11	16	-3772
11	17	2468
11	18	2332
11	19	548
11	20	1012
11	21	-3052
11	22	-1252
11	23	-2708
11	24	-9052
11	25	-1388
11	26	-2828
11	27	1748
11	28	-68
11	29	548
12	13	1492
12	14	-2948
12	15	-1132
12	16	1252
12	17	-1388
12	18	188
12	19	4132
12	20	-2092
12	21	532
12	22	9532
12	23	-1972
12	24	-668
12	25	-3292
12	26	-5452
12	27	-4268
12	28	-1012
12	29	532
13	14	3788
13	15	292
13	16	6788
13	17	2228
13	18	-4628
13	19	308
13	20	1252
13	21	3908
13	22	-5092
13	23	8332
13	24	-2092
13	25	6052
13	26	1012
13	27	-2092
13	28	-3428
13	29	-6892
14	15	10252
14	16	-3172
14	17	3068
14	18	1732
14	19	-2452
14	20	412
14	21	-2452
14	22	-7852
14	23	3892
14	24	-8452
14	25	-5588
14	26	-7028
14	27	-12052
14	28	-7868
14	29	-6052
15	16	-3548
15	17	1012
15	18	-5812
15	19	-668
15	20	6308
15	21	-7868
15	22	-9668
15	23	-772
15	24	1732
15	25	-5692
15	26	-7852
15	27	1732
15	28	-7012
15	29	-668
16	17	-1132
16	18	-4868
16	19	-6652
16	20	1012
16	21	7748
16	22	-4852
16	23	4492
16	24	-5452
16	25	5812
16	26	-6428
16	27	1748
16	28	-68
16	29	-6652
17	18	6892
17	19	3188
17	20	-1628
17	21	-412
17	22	-2212
17	23	-1748
17	24	-6412
17	25	3172
17	26	1732
17	27	-2812
17	28	-9908
17	29	-412
18	19	1612
18	20	-3172
18	21	5212
18	22	3412
18	23	-6652
18	24	-3188
18	25	-4372
18	26	-2932
18	27	-10388
18	28	-2092
18	29	-1988
19	20	292
19	21	1268
19	22	3068
19	23	-7028
19	24	-1132
19	25	1492
19	26	3652
19	27	-4732
19	28	-4388
19	29	-2332
20	21	292
20	22	-12308
20	23	9068
20	24	6292
20	25	-3052
20	26	5588
20	27	2692
20	28	-7972
20	29	3892
21	22	-532
21	23	172
21	24	-8332
21	25	-5708
21	26	3652
21	27	-8332
21	28	-4388
21	29	-5932
22	23	-1628
22	24	-2932
22	25	-3908
22	26	1852
22	27	-2932
22	28	8212
22	29	3068
23	24	2572
23	25	-2932
23	26	5708
23	27	-1028
23	28	-652
23	29	-3428
24	25	3892
24	26	6052
24	27	10868
24	28	1612
24	29	6068
25	26	4388
25	27	7492
25	28	1628
25	29	1492
26	27	2452
26	28	-532
26	29	7252
27	28	8812
27	29	6068
28	29	2812
