0	1	3988
0	2	1228
0	3	6748
0	4	-5732
0	5	5428
0	6	-2132
0	7	-28
0	8	2188
0	9	-2068
0	10	-1348
0	11	4652
0	12	8788
0	13	-3748
0	14	4468
0	15	9212
0	16	1708
0	17	-8788
0	18	-148
0	19	-6508
0	20	-332
0	21	-6988
0	22	6332
0	23	-2188
0	24	-5612
0	25	-1292
0	26	-388
0	27	-4412
0	28	-4228
0	29	6812
1	2	-868
1	3	-2788
1	4	-1108
1	5	2132
1	6	-8308
1	7	3268
1	8	-1828
1	9	-1892
1	10	-2612
1	11	5788
1	12	5972
1	13	-3812
1	14	-508
1	15	-2372
1	16	9452
1	17	1228
1	18	-3812
1	19	-1052
1	20	-2908
1	21	3028
1	22	7708
1	23	5428
1	24	-4828
1	25	-1948
1	26	-7172
1	27	-2428
1	28	268
1	29	3628
2	3	3572
2	4	-1948
2	5	4892
2	6	1652
2	7	4108
2	8	4532
2	9	6148
2	10	-1772
2	11	-4172
2	12	5132
2	13	628
2	14	-8548
2	15	2068
2	16	-9388
2	17	-1532
2	18	628
2	19	6988
2	20	-10948
2	21	-3332
2	22	1348
2	23	-932
2	24	-2068
2	25	-6388
2	26	-6332
2	27	-3268
2	28	-6092
2	29	868
3	4	-7468
3	5	2972
3	6	-3868
3	7	2428
3	8	2612
3	9	868
3	10	3748
3	11	4948
3	12	-388
3	13	-4652
3	14	3932
3	15	7588
3	16	-4108
3	17	388
3	18	6148
3	19	-5492
3	20	-2068
3	21	2188
3	22	-3932
3	23	-2612
3	24	3212
3	25	6092
3	26	-8012
3	27	-12388
3	28	-4172
3	29	6388
4	5	-6148
4	6	-9388
4	7	-6452
4	8	-6508
4	9	2788
4	10	-5132
4	11	6868
4	12	1292
4	13	4468
4	14	-8788
4	15	-4892
4	16	1172
4	17	-4892
4	18	868
4	19	3628
4	20	-3988
4	21	4108
4	22	1588
4	23	-692
4	24	4892
4	25	-3028
4	26	4708
4	27	10892
4	28	1348
4	29	-6092
5	6	1052
5	7	8308
5	8	-6868
5	9	-452
5	10	-1172
5	11	3628
5	12	4532
5	13	1228
5	14	1652
5	15	-932
5	16	812
5	17	6268
5	18	1228
5	19	3988
5	20	-7948
5	21	-2732
5	22	5548
5	23	-3932
5	24	-2668
5	25	3812
5	26	-5732
5	27	-3868
5	28	-5492
5	29	1468
6	7	748
6	8	4292
6	9	2788
6	10	2068
6	11	-7532
6	12	1292
6	13	4468
6	14	2012
6	15	-4892
6	16	-2428
6	17	2308
6	18	-2732
6	19	28
6	20	-388
6	21	508
6	22	-2012
6	23	-4292
6	24	-5908
6	25	-3028
6	26	8308
6	27	92
6	28	1348
6	29	1108
7	8	5068
7	9	2252
7	10	2972
7	11	1772
7	12	4468
7	13	-3028
7	14	148
7	15	2732
7	16	988
7	17	2732
7	18	-3028
7	19	-2188
7	20	-4652
7	21	932
7	22	-148
7	23	-8668
7	24	4468
7	25	-2012
7	26	-3268
7	27	-5132
7	28	92
7	29	-3268
8	9	7108
8	10	-812
8	11	-3212
8	12	572
8	13	-2012
8	14	-2308
8	15	-572
8	16	-6748
8	17	-572
8	18	-2012
8	19	748
8	20	-1108
8	21	1228
8	22	-4892
8	23	28
8	24	4172
8	25	-148
8	26	1828
8	27	-628
8	28	2068
8	29	5428
9	10	-6268
9	11	-268
9	12	-692
9	13	5732
9	14	2188
9	15	-10108
9	16	3028
9	17	692
9	18	-5068
9	19	-4228
9	20	-2612
9	21	9692
9	22	-2188
9	23	-3508
9	24	2908
9	25	-7172
9	26	1892
9	27	4108
9	28	5252
9	29	1892
10	11	4052
10	12	-1412
10	13	6452
10	14	5068
10	15	5012
10	16	-4892
10	17	5012
10	18	6452
10	19	-7108
10	20	3868
10	21	-388
10	22	-5068
10	23	-2788
10	24	2188
10	25	6508
10	26	-8188
10	27	-212
10	28	-8428
10	29	-8188
11	12	-212
11	13	1652
11	14	-932
11	15	212
11	16	3508
11	17	3812
11	18	1652
11	19	-4708
11	20	1468
11	21	5612
11	22	-2668
11	23	-3988
11	24	6988
11	25	7708
11	26	-9388
11	27	-2612
11	28	-2428
11	29	-2188
12	13	988
12	14	-5308
12	15	9628
12	16	-2548
12	17	-4772
12	18	988
12	19	7348
12	20	-7708
12	21	-2972
12	22	1708
12	23	-4172
12	24	-6028
12	25	-3148
12	26	1228
12	27	-28
12	28	-5732
12	29	4828
13	14	3868
13	15	-8188
13	16	-6092
13	17	2612
13	18	452
13	19	1292
13	20	6268
13	21	812
13	22	-268
13	23	-5188
13	24	988
13	25	-5492
13	26	-3388
13	27	5788
13	28	-7228
13	29	-3388
14	15	-1892
14	16	5372
14	17	5308
14	18	-3332
14	19	-11372
14	20	3812
14	21	3508
14	22	988
14	23	-1292
14	24	-1708
14	25	-2428
14	26	-3092
14	27	-2908
14	28	748
14	29	508
15	16	-4652
15	17	-9628
15	18	9812
15	19	-148
15	20	508
15	21	-7828
15	22	-5308
15	23	572
15	24	2428
15	25	6748
15	26	-1228
15	27	-3572
15	28	-1468
15	29	-1228
16	17	-1052
16	18	-2492
16	19	-6932
16	20	-628
16	21	4348
16	22	5428
16	23	6748
16	24	-6148
16	25	3932
16	26	1348
16	27	-3748
16	28	8788
16	29	-2252
17	18	-4588
17	19	-148
17	20	508
17	21	6572
17	22	-1708
17	23	-6628
17	24	-1172
17	25	-452
17	26	-8428
17	27	28
17	28	-1468
17	29	-4828
18	19	1292
18	20	2668
18	21	-6388
18	22	-3868
18	23	2012
18	24	4588
18	25	12508
18	26	212
18	27	-1412
18	28	-3628
18	29	-3388
19	20	-5372
19	21	-5548
19	22	-3028
19	23	2852
19	24	148
19	25	868
19	26	1052
19	27	1348
19	28	812
19	29	1052
20	21	-4892
20	22	-3812
20	23	-2492
20	24	3092
20	25	-1228
20	26	2908
20	27	1892
20	28	3148
20	29	-4292
21	22	92
21	23	-8428
21	24	628
21	25	-5852
21	26	-6628
21	27	1828
21	28	-3268
21	29	-3028
22	23	-2308
22	24	-1892
22	25	-8372
22	26	-4108
22	27	-7892
22	28	-7948
22	29	-508
23	24	-4172
23	25	10948
23	26	1772
23	27	628
23	28	8732
23	29	5372
24	25	4052
24	26	-2372
24	27	-3628
24	28	5068
24	29	-5972
25	26	-1652
25	27	-4348
25	28	2188
25	29	1948
26	27	9628
26	28	10532
26	29	3572
27	28	2668
27	29	-1172
28	29	-3868
