0	1	-352
0	2	-800
0	3	-1568
0	4	608
0	5	-800
0	6	-1504
0	7	416
0	8	736
0	9	352
0	10	1504
0	11	608
0	12	736
0	13	-736
0	14	-736
0	15	-416
0	16	-608
0	17	-416
0	18	2848
0	19	736
0	20	-1760
0	21	2848
0	22	-608
0	23	-1568
1	2	-2144
1	3	1696
1	4	-352
1	5	160
1	6	2144
1	7	-544
1	8	1696
1	9	-3296
1	10	-2144
1	11	-352
1	12	1696
1	13	-1696
1	14	-1696
1	15	544
1	16	-1952
1	17	544
1	18	-800
1	19	1696
1	20	1504
1	21	-800
1	22	352
1	23	1696
2	3	-544
2	4	-800
2	5	992
2	6	-992
2	7	-608
2	8	-544
2	9	2144
2	10	992
2	11	-800
2	12	-2848
2	13	544
2	14	544
2	15	-1696
2	16	800
2	17	-1696
2	18	-352
2	19	-2848
2	20	-352
2	21	-352
2	22	-1504
2	23	-544
3	4	-1568
3	5	-544
3	6	2848
3	7	-1376
3	8	224
3	9	-1696
3	10	-2848
3	11	-1568
3	12	224
3	13	-224
3	14	-224
3	15	1376
3	16	-736
3	17	1376
3	18	-1888
3	19	224
3	20	416
3	21	-1888
3	22	-736
3	23	2528
4	5	-800
4	6	-1504
4	7	416
4	8	736
4	9	352
4	10	1504
4	11	2912
4	12	736
4	13	-736
4	14	-736
4	15	-416
4	16	1696
4	17	-416
4	18	544
4	19	736
4	20	544
4	21	544
4	22	1696
4	23	-1568
5	6	-992
5	7	1696
5	8	-544
5	9	-160
5	10	992
5	11	-800
5	12	-544
5	13	544
5	14	544
5	15	-1696
5	16	-1504
5	17	-1696
5	18	-352
5	19	-544
5	20	1952
5	21	-352
5	22	800
5	23	-544
6	7	-1696
6	8	544
6	9	-2144
6	10	-3296
6	11	-1504
6	12	544
6	13	-544
6	14	-544
6	15	1696
6	16	-800
6	17	1696
6	18	-1952
6	19	544
6	20	352
6	21	-1952
6	22	-800
6	23	2848
7	8	-1376
7	9	544
7	10	1696
7	11	416
7	12	928
7	13	1376
7	14	1376
7	15	-224
7	16	-416
7	17	-224
7	18	736
7	19	928
7	20	736
7	21	736
7	22	1888
7	23	-1376
8	9	-1696
8	10	-544
8	11	736
8	12	224
8	13	-2528
8	14	-2528
8	15	-928
8	16	-736
8	17	-928
8	18	416
8	19	224
8	20	416
8	21	416
8	22	-736
8	23	224
9	10	2144
9	11	352
9	12	-1696
9	13	1696
9	14	1696
9	15	-544
9	16	1952
9	17	-544
9	18	800
9	19	-1696
9	20	-1504
9	21	800
9	22	-352
9	23	-1696
10	11	1504
10	12	-544
10	13	544
10	14	544
10	15	-1696
10	16	800
10	17	-1696
10	18	1952
10	19	-544
10	20	-352
10	21	1952
10	22	800
10	23	-2848
11	12	736
11	13	-736
11	14	-736
11	15	-416
11	16	1696
11	17	-416
11	18	544
11	19	736
11	20	544
11	21	544
11	22	1696
11	23	-1568
12	13	-224
12	14	-224
12	15	1376
12	16	-736
12	17	1376
12	18	416
12	19	2528
12	20	416
12	21	416
12	22	1568
12	23	224
13	14	2528
13	15	928
13	16	736
13	17	928
13	18	-416
13	19	-224
13	20	-416
13	21	-416
13	22	736
13	23	-224
14	15	928
14	16	736
14	17	928
14	18	-416
14	19	-224
14	20	-416
14	21	-416
14	22	736
14	23	-224
15	16	416
15	17	2528
15	18	-736
15	19	1376
15	20	-736
15	21	-736
15	22	416
15	23	1376
16	17	416
16	18	-544
16	19	-736
16	20	-544
16	21	-544
16	22	608
16	23	-736
17	18	-736
17	19	1376
17	20	-736
17	21	-736
17	22	416
17	23	1376
18	19	416
18	20	-1696
18	21	2912
18	22	-544
18	23	-1888
19	20	416
19	21	416
19	22	1568
19	23	224
20	21	-1696
20	22	1760
20	23	416
21	22	-544
21	23	-1888
22	23	-736
