0	1	1220
0	2	2044
0	3	1316
0	4	988
0	5	-1124
0	6	-452
0	7	-700
0	8	-1028
0	9	-220
0	10	-164
0	11	-700
0	12	68
0	13	-412
0	14	-988
0	15	-1220
0	16	-1028
0	17	1180
0	18	1180
0	19	-28
0	20	68
0	21	-1604
0	22	-164
0	23	1028
1	2	1220
1	3	28
1	4	-28
1	5	-220
1	6	1412
1	7	-260
1	8	-316
1	9	-740
1	10	-1180
1	11	-260
1	12	-1028
1	13	-548
1	14	28
1	15	-2428
1	16	-316
1	17	-220
1	18	-220
1	19	-932
1	20	-1028
1	21	260
1	22	-1180
1	23	316
2	3	1316
2	4	988
2	5	-1124
2	6	-452
2	7	-700
2	8	-1028
2	9	-220
2	10	-164
2	11	-700
2	12	68
2	13	-412
2	14	-988
2	15	-1220
2	16	-1028
2	17	1180
2	18	1180
2	19	-28
2	20	68
2	21	-1604
2	22	-164
2	23	1028
3	4	68
3	5	-124
3	6	-3100
3	7	-2660
3	8	-220
3	9	1468
3	10	1220
3	11	-2660
3	12	-1124
3	13	1660
3	14	-68
3	15	-28
3	16	-220
3	17	-124
3	18	-124
3	19	-1028
3	20	-1124
3	21	-1948
3	22	1220
3	23	220
4	5	124
4	6	796
4	7	356
4	8	220
4	9	-1468
4	10	-1220
4	11	356
4	12	1124
4	13	644
4	14	-2236
4	15	28
4	16	220
4	17	124
4	18	124
4	19	1028
4	20	1124
4	21	-2660
4	22	-1220
4	23	-220
5	6	988
5	7	164
5	8	412
5	9	-1660
5	10	-1028
5	11	164
5	12	-1372
5	13	452
5	14	-124
5	15	220
5	16	412
5	17	-1988
5	18	-1988
5	19	836
5	20	-1372
5	21	-164
5	22	-1028
5	23	-412
6	7	1796
6	8	1084
6	9	-2332
6	10	-2660
6	11	1796
6	12	260
6	13	-220
6	14	-796
6	15	-1412
6	16	1084
6	17	-1316
6	18	-1316
6	19	164
6	20	260
6	21	508
6	22	-2660
6	23	-1084
7	8	68
7	9	-1124
7	10	-796
7	11	1660
7	12	892
7	13	-932
7	14	-356
7	15	260
7	16	68
7	17	164
7	18	164
7	19	988
7	20	892
7	21	644
7	22	-796
7	23	-68
8	9	548
8	10	-932
8	11	68
8	12	836
8	13	2660
8	14	-220
8	15	316
8	16	2812
8	17	-1892
8	18	-1892
8	19	-1564
8	20	836
8	21	-68
8	22	-932
8	23	-2812
9	10	1988
9	11	-1124
9	12	412
9	13	892
9	14	1468
9	15	740
9	16	548
9	17	644
9	18	644
9	19	-1796
9	20	412
9	21	1124
9	22	1988
9	23	-548
10	11	-796
10	12	-28
10	13	-508
10	14	1220
10	15	1180
10	16	-932
10	17	1276
10	18	1276
10	19	-124
10	20	-28
10	21	796
10	22	2236
10	23	932
11	12	892
11	13	-932
11	14	-356
11	15	260
11	16	68
11	17	164
11	18	164
11	19	988
11	20	892
11	21	644
11	22	-796
11	23	-68
12	13	604
12	14	-1124
12	15	1028
12	16	836
12	17	932
12	18	932
12	19	220
12	20	2428
12	21	-892
12	22	-28
12	23	-836
13	14	-644
13	15	548
13	16	2660
13	17	-1852
13	18	-1852
13	19	-1604
13	20	604
13	21	-1372
13	22	-508
13	23	-2660
14	15	-28
14	16	-220
14	17	-124
14	18	-124
14	19	-1028
14	20	-1124
14	21	2660
14	22	1220
14	23	220
15	16	316
15	17	220
15	18	220
15	19	932
15	20	1028
15	21	-260
15	22	1180
15	23	-316
16	17	-1892
16	18	-1892
16	19	-1564
16	20	836
16	21	-68
16	22	-932
16	23	-2812
17	18	2620
17	19	836
17	20	932
17	21	-164
17	22	1276
17	23	1892
18	19	836
18	20	932
18	21	-164
18	22	1276
18	23	1892
19	20	220
19	21	-988
19	22	-124
19	23	1564
20	21	-892
20	22	-28
20	23	-836
21	22	796
21	23	68
22	23	932
