0	1	740
0	2	-124
0	3	-220
0	4	-2716
0	5	-1124
0	6	-644
0	7	-1372
0	8	124
0	9	1412
0	10	-644
0	11	-1124
0	12	124
0	13	-1948
0	14	-644
0	15	-644
0	16	-1372
0	17	-700
0	18	164
0	19	-1988
0	20	-508
0	21	1988
0	22	-644
0	23	164
1	2	1276
1	3	-932
1	4	-740
1	5	-28
1	6	1796
1	7	220
1	8	-1276
1	9	-260
1	10	-508
1	11	-28
1	12	1028
1	13	-1508
1	14	-508
1	15	1796
1	16	220
1	17	-452
1	18	-1316
1	19	-1468
1	20	1660
1	21	1468
1	22	1796
1	23	988
2	3	-68
2	4	124
2	5	-892
2	6	932
2	7	1084
2	8	-2140
2	9	-1700
2	10	932
2	11	-892
2	12	164
2	13	-644
2	14	932
2	15	932
2	16	1084
2	17	412
2	18	-2756
2	19	-28
2	20	220
2	21	28
2	22	932
2	23	-452
3	4	220
3	5	-988
3	6	836
3	7	-1124
3	8	68
3	9	700
3	10	-1468
3	11	-988
3	12	68
3	13	-548
3	14	-1468
3	15	836
3	16	-1124
3	17	508
3	18	-356
3	19	-124
3	20	-1988
3	21	124
3	22	836
3	23	-356
4	5	1124
4	6	644
4	7	1372
4	8	-124
4	9	-1412
4	10	644
4	11	1124
4	12	-124
4	13	1948
4	14	644
4	15	644
4	16	1372
4	17	700
4	18	-164
4	19	1988
4	20	508
4	21	-1988
4	22	644
4	23	-164
5	6	124
5	7	164
5	8	892
5	9	644
5	10	124
5	11	1948
5	12	892
5	13	1892
5	14	124
5	15	124
5	16	164
5	17	836
5	18	1700
5	19	1084
5	20	1028
5	21	-1084
5	22	124
5	23	1700
6	7	-316
6	8	-932
6	9	164
6	10	-1700
6	11	124
6	12	1372
6	13	-892
6	14	-1700
6	15	2908
6	16	-316
6	17	356
6	18	-1084
6	19	-740
6	20	548
6	21	740
6	22	2908
6	23	1220
7	8	-1084
7	9	-2756
7	10	1988
7	11	164
7	12	-1084
7	13	604
7	14	1988
7	15	-316
7	16	2332
7	17	-644
7	18	-1508
7	19	1028
7	20	1468
7	21	-1028
7	22	-316
7	23	-1508
8	9	1700
8	10	-932
8	11	892
8	12	-164
8	13	644
8	14	-932
8	15	-932
8	16	-1084
8	17	-412
8	18	2756
8	19	28
8	20	-220
8	21	-28
8	22	-932
8	23	452
9	10	-2140
9	11	644
9	12	1700
9	13	124
9	14	-2140
9	15	164
9	16	-2756
9	17	1180
9	18	2620
9	19	-796
9	20	-1316
9	21	796
9	22	164
9	23	2620
10	11	124
10	12	-932
10	13	1412
10	14	2908
10	15	-1700
10	16	1988
10	17	356
10	18	-1084
10	19	1564
10	20	548
10	21	-1564
10	22	-1700
10	23	-1084
11	12	892
11	13	1892
11	14	124
11	15	124
11	16	164
11	17	836
11	18	1700
11	19	1084
11	20	1028
11	21	-1084
11	22	124
11	23	1700
12	13	644
12	14	-932
12	15	1372
12	16	-1084
12	17	1892
12	18	452
12	19	28
12	20	-220
12	21	-28
12	22	1372
12	23	2756
13	14	1412
13	15	-892
13	16	604
13	17	2236
13	18	1372
13	19	2756
13	20	-260
13	21	-2756
13	22	-892
13	23	1372
14	15	-1700
14	16	1988
14	17	356
14	18	-1084
14	19	1564
14	20	548
14	21	-1564
14	22	-1700
14	23	-1084
15	16	-316
15	17	356
15	18	-1084
15	19	-740
15	20	548
15	21	740
15	22	2908
15	23	1220
16	17	-644
16	18	-1508
16	19	1028
16	20	1468
16	21	-1028
16	22	-316
16	23	-1508
17	18	124
17	19	1700
17	20	-1508
17	21	-1700
17	22	356
17	23	2428
18	19	260
18	20	-68
18	21	-260
18	22	-1084
18	23	1564
19	20	-412
19	21	-2524
19	22	-740
19	23	260
20	21	412
20	22	548
20	23	-68
21	22	740
21	23	-260
22	23	1220
