0	1	-3644
0	2	2756
0	3	2364
0	4	-2492
0	5	1212
0	6	1476
0	7	-1604
0	8	-3260
0	9	2236
0	10	-324
0	11	-5308
0	12	2500
0	13	-956
0	14	2628
0	15	580
0	16	-836
0	17	-836
0	18	-6980
0	19	-6204
0	20	6972
0	21	-1596
0	22	4540
0	23	-5828
0	24	-2876
0	25	4924
0	26	3140
0	27	828
0	28	-2372
0	29	-4676
0	30	8508
0	31	-6596
1	2	4804
1	3	4412
1	4	3652
1	5	-836
1	6	-8764
1	7	444
1	8	6980
1	9	188
1	10	-2372
1	11	-3260
1	12	-3644
1	13	1092
1	14	580
1	15	-1468
1	16	1212
1	17	-2884
1	18	-836
1	19	-60
1	20	828
1	21	-7740
1	22	2492
1	23	4412
1	24	-828
1	25	2876
1	26	5188
1	27	2876
1	28	3772
1	29	-2628
1	30	-9924
1	31	3644
2	3	6204
2	4	-2236
2	5	5052
2	6	-2364
2	7	-1860
2	8	1092
2	9	1980
2	10	-580
2	11	3140
2	12	-5436
2	13	-700
2	14	-1212
2	15	836
2	16	-1092
2	17	3004
2	18	-3140
2	19	2244
2	20	-1476
2	21	2756
2	22	8380
2	23	2108
2	24	-2620
2	25	572
2	26	3396
2	27	8764
2	28	5564
2	29	-4932
2	30	-4036
2	31	-2756
3	4	3260
3	5	-1980
3	6	-708
3	7	836
3	8	8124
3	9	5188
3	10	3652
3	11	-2116
3	12	6460
3	13	1724
3	14	-1860
3	15	4284
3	16	68
3	17	4164
3	18	-1980
3	19	2876
3	20	-3644
3	21	-1732
3	22	6980
3	23	-3132
3	24	-8644
3	25	-1596
3	26	1724
3	27	-1596
3	28	1604
3	29	3908
3	30	-1084
3	31	-2364
4	5	2108
4	6	-7612
4	7	7484
4	8	-60
4	9	3132
4	10	572
4	11	-6204
4	12	1604
4	13	-1852
4	14	5828
4	15	3780
4	16	60
4	17	60
4	18	-1988
4	19	1092
4	20	-4420
4	21	-2492
4	22	5436
4	23	-4932
4	24	324
4	25	5820
4	26	2244
4	27	-2372
4	28	-1476
4	29	4412
4	30	-6980
4	31	2492
5	6	2236
5	7	-2108
5	8	-9412
5	9	10436
5	10	-3388
5	11	828
5	12	-2884
5	13	-3524
5	14	5180
5	15	-964
5	16	-2876
5	17	-2876
5	18	3268
5	19	1724
5	20	5700
5	21	5308
5	22	-60
5	23	-1980
5	24	2492
5	25	-4540
5	26	4668
5	27	3652
5	28	-1340
5	29	964
5	30	68
5	31	-5308
6	7	-4676
6	8	-188
6	9	3260
6	10	700
6	11	5956
6	12	5572
6	13	-1980
6	14	-6588
6	15	-444
6	16	-8004
6	17	4284
6	18	6332
6	19	-3132
6	20	3900
6	21	5572
6	22	-2628
6	23	-708
6	24	-3900
6	25	-6340
6	26	-6076
6	27	-6340
6	28	-1348
6	29	444
6	30	5436
6	31	-1476
7	8	60
7	9	964
7	10	-4668
7	11	2108
7	12	2492
7	13	-2244
7	14	6460
7	15	316
7	16	-4156
7	17	-4156
7	18	-6204
7	19	-5188
7	20	-3772
7	21	-1604
7	22	6852
7	23	836
7	24	3772
7	25	2372
7	26	-6340
7	27	2372
7	28	-6716
7	29	3780
7	30	-1212
7	31	-2492
8	9	-4292
8	10	1340
8	11	1220
8	12	4932
8	13	1476
8	14	-7228
8	15	3012
8	16	-3268
8	17	4924
8	18	2876
8	19	324
8	20	-3652
8	21	-7356
8	22	2108
8	23	-68
8	24	-8636
8	25	2492
8	26	1476
8	27	-1604
8	28	7484
8	29	1084
8	30	-6212
8	31	7356
9	10	-4412
9	11	1852
9	12	2236
9	13	1596
9	14	6204
9	15	4156
9	16	-3900
9	17	-3900
9	18	2244
9	19	-1348
9	20	4676
9	21	-1860
9	22	3012
9	23	-3004
9	24	-580
9	25	-1468
9	26	1596
9	27	-1468
9	28	-6460
9	29	4036
9	30	3140
9	31	-6332
10	11	-708
10	12	-324
10	13	-964
10	14	-4548
10	15	-2500
10	16	2756
10	17	6852
10	18	708
10	19	8380
10	20	-956
10	21	3772
10	22	-2620
10	23	-4540
10	24	-3140
10	25	1092
10	26	3132
10	27	-3004
10	28	196
10	29	-1596
10	30	-2492
10	31	324
11	12	-1212
11	13	-572
11	14	-5180
11	15	5060
11	16	-5316
11	17	2876
11	18	4924
11	19	-1724
11	20	-1604
11	21	2884
11	22	60
11	23	6076
11	24	1604
11	25	-3652
11	26	-4668
11	27	444
11	28	1340
11	29	-964
11	30	-68
11	31	1212
12	13	-5052
12	14	-1468
12	15	4676
12	16	-4932
12	17	3260
12	18	5308
12	19	-2108
12	20	-1220
12	21	-5692
12	22	444
12	23	-5828
12	24	-6972
12	25	-3268
12	26	-956
12	27	-7364
12	28	-2372
12	29	3516
12	30	4412
12	31	1596
13	14	-828
13	15	1220
13	16	2620
13	17	-1476
13	18	-3524
13	19	2628
13	20	-1860
13	21	-956
13	22	-196
13	23	5820
13	24	-2236
13	25	188
13	26	-316
13	27	4284
13	28	1084
13	29	6972
13	30	-324
13	31	-3140
14	15	-3388
14	16	-964
14	17	-9156
14	18	-7108
14	19	-1980
14	20	-1348
14	21	-1468
14	22	4412
14	23	-1860
14	24	1348
14	25	700
14	26	-828
14	27	4796
14	28	-6596
14	29	3388
14	30	4284
14	31	-6724
15	16	1084
15	17	5180
15	18	3132
15	19	-4028
15	20	-3396
15	21	-3516
15	22	2364
15	23	188
15	24	-700
15	25	2748
15	26	1220
15	27	-5444
15	28	3644
15	29	1340
15	30	2236
15	31	3516
16	17	-828
16	18	-2876
16	19	3772
16	20	-444
16	21	3260
16	22	-6204
16	23	68
16	24	8636
16	25	1604
16	26	2620
16	27	-2492
16	28	708
16	29	-1084
16	30	2116
16	31	836
17	18	5316
17	19	3772
17	20	-4540
17	21	3260
17	22	-2108
17	23	68
17	24	-3652
17	25	1604
17	26	2620
17	27	-2492
17	28	4804
17	29	-1084
17	30	-1980
17	31	836
18	19	5820
18	20	1604
18	21	-2884
18	22	-8252
18	23	-1980
18	24	-1604
18	25	-4540
18	26	4668
18	27	-4540
18	28	2756
18	29	964
18	30	-4028
18	31	6980
19	20	-4804
19	21	1988
19	22	-3140
19	23	-5316
19	24	-3388
19	25	-2756
19	26	6724
19	27	5436
19	28	2236
19	29	4028
19	30	-7364
19	31	2108
20	21	-1220
20	22	-5820
20	23	-3644
20	24	4156
20	25	1988
20	26	6332
20	27	-2108
20	28	-3004
20	29	-4796
20	30	2500
20	31	-2876
21	22	-3652
21	23	2364
21	24	5316
21	25	-7364
21	26	-5052
21	27	828
21	28	1724
21	29	3516
21	30	4412
21	31	-6596
22	23	-1212
22	24	-6468
22	25	4420
22	26	-4292
22	27	4420
22	28	-572
22	29	-2364
22	30	-3260
22	31	-444
23	24	3644
23	25	-5692
23	26	-6468
23	27	2500
23	28	1604
23	29	-188
23	30	-1084
23	31	-2364
24	25	2108
24	26	-2236
24	27	-1988
24	28	-5188
24	29	-3396
24	30	1596
24	31	-1220
25	26	4284
25	27	-60
25	28	-956
25	29	-6844
25	30	-3644
25	31	3268
26	27	4284
26	28	5180
26	29	-1220
26	30	-4420
26	31	956
27	28	3140
27	29	1348
27	30	-3644
27	31	-4924
28	29	452
28	30	-4540
28	31	6468
29	30	1860
29	31	-3516
30	31	-8508
