0	1	5660
0	2	-2716
0	3	-228
0	4	412
0	5	6044
0	6	-1636
0	7	-3868
0	8	8932
0	9	-2148
0	10	3484
0	11	2916
0	12	-996
0	13	-2020
0	14	-1692
0	15	-1820
0	16	1636
0	17	-5532
0	18	-2276
0	19	1692
0	20	4964
0	21	4124
0	22	4068
0	23	-2972
0	24	4452
0	25	-6372
0	26	-924
0	27	2972
0	28	5020
0	29	-1052
0	30	2972
0	31	4764
1	2	-1124
1	3	8164
1	4	-4764
1	5	1892
1	6	-2716
1	7	28
1	8	7708
1	9	-2204
1	10	8548
1	11	-2660
1	12	740
1	13	-6428
1	14	-6244
1	15	2076
1	16	2716
1	17	1692
1	18	-2076
1	19	2148
1	20	3484
1	21	-4380
1	22	284
1	23	-868
1	24	-100
1	25	-2076
1	26	5276
1	27	-3228
1	28	2916
1	29	-6884
1	30	868
1	31	-924
2	3	-2916
2	4	10012
2	5	-4836
2	6	-228
2	7	-5276
2	8	-668
2	9	-740
2	10	796
2	11	-2588
2	12	412
2	13	3484
2	14	-7196
2	15	868
2	16	228
2	17	-2844
2	18	-868
2	19	-996
2	20	-4636
2	21	-2660
2	22	2660
2	23	-284
2	24	3044
2	25	-4964
2	26	1764
2	27	284
2	28	2332
2	29	-2460
2	30	-3812
2	31	2076
3	4	-2972
3	5	-4508
3	6	-5020
3	7	6428
3	8	1820
3	9	-4508
3	10	6244
3	11	-4452
3	12	2532
3	13	-540
3	14	-3940
3	15	4380
3	16	-3172
3	17	-100
3	18	-284
3	19	3940
3	20	5788
3	21	-6684
3	22	2588
3	23	-2660
3	24	-1892
3	25	3812
3	26	7580
3	27	-5532
3	28	612
3	29	-484
3	30	-1436
3	31	868
4	5	-1052
4	6	6628
4	7	-1124
4	8	-1636
4	9	-1052
4	10	-6684
4	11	284
4	12	-2204
4	13	7012
4	14	-3300
4	15	924
4	16	1564
4	17	540
4	18	-924
4	19	3300
4	20	-1764
4	21	-3228
4	22	7324
4	23	-6116
4	24	2844
4	25	-9116
4	26	-4068
4	27	-2076
4	28	4068
4	29	156
4	30	-2076
4	31	4324
5	6	5092
5	7	-3684
5	8	8092
5	9	5604
5	10	-28
5	11	5916
5	12	4452
5	13	-6812
5	14	2332
5	15	6556
5	16	3100
5	17	-2020
5	18	-2460
5	19	-2332
5	20	-228
5	21	3428
5	22	-3428
5	23	-8676
5	24	4380
5	25	-6556
5	26	1564
5	27	-3612
5	28	-1564
5	29	5788
5	30	8676
5	31	2788
6	7	5020
6	8	412
6	9	996
6	10	-4636
6	11	-1764
6	12	-4252
6	13	-3228
6	14	-1252
6	15	-1124
6	16	-484
6	17	6684
6	18	-2972
6	19	1252
6	20	284
6	21	-1180
6	22	1180
6	23	-4068
6	24	796
6	25	-7068
6	26	-6116
6	27	-4124
6	28	2020
6	29	-1892
6	30	-28
6	31	-1820
7	8	-5916
7	9	-3684
7	10	1948
7	11	356
7	12	-2532
7	13	-3556
7	14	-156
7	15	-284
7	16	-924
7	17	8292
7	18	4380
7	19	8348
7	20	2404
7	21	-5604
7	22	1508
7	23	-1436
7	24	-2204
7	25	4380
7	26	612
7	27	1436
7	28	-4708
7	29	484
7	30	5532
7	31	-868
8	9	3996
8	10	5532
8	11	868
8	12	1052
8	13	-4068
8	14	-3740
8	15	4324
8	16	-4508
8	17	-7580
8	18	-8420
8	19	-4452
8	20	7012
8	21	2076
8	22	2020
8	23	-5020
8	24	2404
8	25	-4324
8	26	5220
8	27	-3172
8	28	7068
8	29	-3100
8	30	924
8	31	2716
9	10	-8220
9	11	1820
9	12	356
9	13	-2716
9	14	2332
9	15	2460
9	16	-996
9	17	-2020
9	18	-6556
9	19	-6428
9	20	3868
9	21	3428
9	22	-3428
9	23	-484
9	24	284
9	25	1636
9	26	-2532
9	27	-3612
9	28	2532
9	29	-2404
9	30	484
9	31	-1308
10	11	-740
10	12	2916
10	13	-4252
10	14	-4324
10	15	-100
10	16	-3556
10	17	-4580
10	18	100
10	19	228
10	20	1308
10	21	-2204
10	22	-1892
10	23	1052
10	24	1820
10	25	100
10	26	11292
10	27	3044
10	28	-3100
10	29	-868
10	30	3044
10	31	1252
11	12	-1124
11	13	-2148
11	14	6628
11	15	2404
11	16	1764
11	17	-1308
11	18	5788
11	19	5660
11	20	-3100
11	21	3996
11	22	4196
11	23	-2844
11	24	-3612
11	25	-2404
11	26	-796
11	27	6940
11	28	-3300
11	29	3172
11	30	6940
11	31	4636
12	13	228
12	14	-612
12	15	3612
12	16	-3940
12	17	-4964
12	18	484
12	19	-3484
12	20	-3172
12	21	-5916
12	22	1820
12	23	-3428
12	24	5532
12	25	484
12	26	6812
12	27	-668
12	28	-2716
12	29	6940
12	30	-668
12	31	-2460
13	14	2460
13	15	-5604
13	16	-868
13	17	-5988
13	18	-2588
13	19	-2460
13	20	-4196
13	21	-4892
13	22	796
13	23	-356
13	24	4508
13	25	1508
13	26	1692
13	27	356
13	28	2404
13	29	1820
13	30	-3740
13	31	-5532
14	15	-2204
14	16	-2844
14	17	-1820
14	18	6300
14	19	2076
14	20	484
14	21	8604
14	22	-412
14	23	740
14	24	-28
14	25	2204
14	26	-1308
14	27	3356
14	28	-2788
14	29	6756
14	30	-740
14	31	1052
15	16	1124
15	17	2148
15	18	2332
15	19	2204
15	20	356
15	21	540
15	22	3556
15	23	-11676
15	24	-4252
15	25	2332
15	26	2660
15	27	-8804
15	28	1436
15	29	6628
15	30	3484
15	31	5276
16	17	9700
16	18	2972
16	19	2844
16	20	-8476
16	21	-2916
16	22	-5276
16	23	-28
16	24	-796
16	25	-1124
16	26	-6172
16	27	28
16	28	-2020
16	29	-2204
16	30	8220
16	31	-2276
17	18	6044
17	19	5916
17	20	-3356
17	21	-3940
17	22	-156
17	23	996
17	24	-7964
17	25	1948
17	26	-9244
17	27	-996
17	28	-3044
17	29	-5276
17	30	3100
17	31	-3300
18	19	10084
18	20	-4452
18	21	3556
18	22	4636
18	23	-612
18	24	-3940
18	25	1764
18	26	-2660
18	27	4708
18	28	-5532
18	29	5660
18	30	612
18	31	2916
19	20	-484
19	21	-412
19	22	8604
19	23	-4836
19	24	-4068
19	25	-2204
19	26	-2788
19	27	740
19	28	-1308
19	29	1436
19	30	740
19	31	3044
20	21	6044
20	22	2148
20	23	-796
20	24	-1564
20	25	-356
20	26	1252
20	27	-3300
20	28	2844
20	29	-2972
20	30	-3300
20	31	6684
21	22	-1252
21	23	1692
21	24	-1636
21	25	-540
21	26	-4452
21	27	2404
21	28	356
21	29	3868
21	30	-1692
21	31	8804
22	23	-5788
22	24	-2460
22	25	-3556
22	26	-3740
22	27	1692
22	28	7836
22	29	228
22	30	-6500
22	31	3484
23	24	-1308
23	25	3484
23	26	-2588
23	27	8732
23	28	-1508
23	29	-6812
23	30	-3556
23	31	-1764
24	25	-3940
24	26	4836
24	27	1308
24	28	3356
24	29	4708
24	30	1308
24	31	-996
25	26	1436
25	27	612
25	28	-1436
25	29	1564
25	30	612
25	31	-5276
26	27	-1508
26	28	-3556
26	29	3428
26	30	2588
26	31	284
27	28	-2588
27	29	-1380
27	30	3556
27	31	1764
28	29	-3428
28	30	-6684
28	31	-284
29	30	2716
29	31	4508
30	31	1764
