0	1	-4444
0	2	-2140
0	3	292
0	4	3292
0	5	2468
0	6	-6180
0	7	-1060
0	8	-860
0	9	-2652
0	10	-92
0	11	2396
0	12	-2652
0	13	2012
0	14	-8100
0	15	-3036
0	16	860
0	17	4316
0	18	-3548
0	19	8028
0	20	-1060
0	21	-9820
0	22	-1700
0	23	4516
0	24	-2396
0	25	-36
0	26	8100
0	27	-2084
0	28	-3236
0	29	1572
0	30	-220
0	31	-4060
1	2	9764
1	3	-92
1	4	-8612
1	5	-2012
1	6	6492
1	7	7516
1	8	-5340
1	9	1060
1	10	-4572
1	11	-5412
1	12	-7132
1	13	-5796
1	14	476
1	15	-3420
1	16	-2852
1	17	-3492
1	18	164
1	19	220
1	20	-676
1	21	2084
1	22	6876
1	23	-4060
1	24	1316
1	25	4444
1	26	-4572
1	27	-1700
1	28	1244
1	29	1188
1	30	-604
1	31	3748
2	3	2212
2	4	-10916
2	5	292
2	6	4188
2	7	5212
2	8	-7132
2	9	-732
2	10	-2268
2	11	-3620
2	12	-4828
2	13	92
2	14	-5924
2	15	-1116
2	16	-1060
2	17	-5796
2	18	-5724
2	19	2012
2	20	1116
2	21	292
2	22	476
2	23	-5852
2	24	-476
2	25	2140
2	26	-2268
2	27	92
2	28	3036
2	29	-4700
2	30	-2396
2	31	1956
3	4	-5156
3	5	-5468
3	6	-2340
3	7	-1316
3	8	3492
3	9	1700
3	10	4260
3	11	-1956
3	12	1700
3	13	1756
3	14	-164
3	15	-2780
3	16	4700
3	17	4060
3	18	804
3	19	3676
3	20	2780
3	21	-5468
3	22	-1956
3	23	676
3	24	-6236
3	25	-292
3	26	-8028
3	27	1756
3	28	-3492
3	29	-2268
3	30	-8156
3	31	8484
4	5	860
4	6	-5340
4	7	-10460
4	8	8284
4	9	-2212
4	10	3420
4	11	2468
4	12	1884
4	13	2852
4	14	676
4	15	2268
4	16	-92
4	17	548
4	18	6876
4	19	932
4	20	-6364
4	21	860
4	22	-1628
4	23	2908
4	24	5724
4	25	804
4	26	-676
4	27	-1244
4	28	-4188
4	29	-2340
4	30	-548
4	31	-8996
5	6	-4516
5	7	4700
5	8	-6620
5	9	-4316
5	10	-9948
5	11	4060
5	12	-220
5	13	-4516
5	14	-2340
5	15	3492
5	16	-1572
5	17	1884
5	18	-9308
5	19	5596
5	20	-3492
5	21	4900
5	22	-4132
5	23	2852
5	24	4132
5	25	-2468
5	26	2340
5	27	-420
5	28	2524
5	29	-4188
5	30	2212
5	31	-1628
6	7	3108
6	8	-5284
6	9	604
6	10	2140
6	11	-8540
6	12	604
6	13	36
6	14	6052
6	15	5084
6	16	-7004
6	17	-2268
6	18	1500
6	19	-1884
6	20	-988
6	21	7772
6	22	7844
6	23	1628
6	24	348
6	25	6180
6	26	2140
6	27	36
6	28	5284
6	29	4572
6	30	-1828
6	31	2012
7	8	-12452
7	9	-2468
7	10	-5028
7	11	-1372
7	12	-2468
7	13	-9180
7	14	932
7	15	-2084
7	16	-3932
7	17	-3292
7	18	-5668
7	19	1188
7	20	2084
7	21	604
7	22	2724
7	23	-1444
7	24	1372
7	25	-3036
7	26	3164
7	27	3108
7	28	164
7	29	1500
7	30	3292
7	31	3036
8	9	4644
8	10	3108
8	11	3292
8	12	548
8	13	7004
8	14	988
8	15	164
8	16	5852
8	17	5212
8	18	7844
8	19	-3364
8	20	-164
8	21	-2524
8	22	-804
8	23	-476
8	24	-3292
8	25	860
8	26	-5084
8	27	-5284
8	28	-2340
8	29	676
8	30	-1116
8	31	-860
9	10	-2780
9	11	5084
9	12	-5340
9	13	4700
9	14	2780
9	15	2468
9	16	-4644
9	17	2908
9	18	1956
9	19	-5668
9	20	5724
9	21	-220
9	22	988
9	23	5924
9	24	-5084
9	25	2652
9	26	-2780
9	27	604
9	28	-548
9	29	-1116
9	30	1188
9	31	1444
10	11	-5668
10	12	9508
10	13	2140
10	14	220
10	15	-3164
10	16	988
10	17	-3748
10	18	4516
10	19	-36
10	20	-932
10	21	-1756
10	22	2524
10	23	-3804
10	24	1572
10	25	92
10	26	-220
10	27	6236
10	28	-3108
10	29	-2652
10	30	-8540
10	31	-92
11	12	-3108
11	13	3748
11	14	-2524
11	15	1372
11	16	-3292
11	17	1444
11	18	-2212
11	19	-2268
11	20	6820
11	21	-4132
11	22	-4828
11	23	2012
11	24	-3364
11	25	-2396
11	26	2524
11	27	-4444
11	28	-3292
11	29	860
11	30	6748
11	31	-1700
12	13	604
12	14	-1316
12	15	-5724
12	16	3548
12	17	-1188
12	18	-2140
12	19	-5668
12	20	-2468
12	21	3876
12	22	-3108
12	23	1828
12	24	-988
12	25	2652
12	26	-2780
12	27	4700
12	28	3548
12	29	-1116
12	30	-7004
12	31	1444
13	14	-2140
13	15	5084
13	16	1188
13	17	1828
13	18	1500
13	19	-1884
13	20	3108
13	21	-420
13	22	-4444
13	23	1628
13	24	-3748
13	25	6180
13	26	2140
13	27	-4060
13	28	1188
13	29	476
13	30	2268
13	31	-2084
14	15	7260
14	16	-988
14	17	-348
14	18	3676
14	19	36
14	20	5028
14	21	9948
14	22	5668
14	23	3804
14	24	6620
14	25	-4188
14	26	220
14	27	1956
14	28	3108
14	29	2652
14	30	4444
14	31	4188
15	16	-4260
15	17	3292
15	18	1572
15	19	2908
15	20	2012
15	21	7588
15	22	1372
15	23	1444
15	24	2724
15	25	-1060
15	26	5028
15	27	-3108
15	28	-164
15	29	-1500
15	30	4900
15	31	-3036
16	17	2980
16	18	348
16	19	-732
16	20	164
16	21	-1572
16	22	-3292
16	23	-3620
16	24	-804
16	25	-4956
16	26	-3108
16	27	-2908
16	28	2340
16	29	-676
16	30	1116
16	31	860
17	18	3804
17	19	-92
17	20	804
17	21	-2212
17	22	-2652
17	23	3932
17	24	-9636
17	25	3876
17	26	348
17	27	-6364
17	28	-5212
17	29	2780
17	30	476
17	31	220
18	19	-4772
18	20	-1572
18	21	-1116
18	22	1884
18	23	-3164
18	24	-1884
18	25	3548
18	26	-3676
18	27	-2596
18	28	-7844
18	29	2084
18	30	292
18	31	-3548
19	20	-2908
19	21	-2596
19	22	1828
19	23	-548
19	24	6364
19	25	-3932
19	26	4060
19	27	2212
19	28	-732
19	29	-1700
19	30	-4004
19	31	3932
20	21	604
20	22	-1372
20	23	2652
20	24	-2724
20	25	-3036
20	26	3164
20	27	-988
20	28	164
20	29	1500
20	30	7388
20	31	3036
21	22	4060
21	23	2852
21	24	8228
21	25	1628
21	26	-1756
21	27	-420
21	28	6620
21	29	-4188
21	30	2212
21	31	-1628
22	23	-2084
22	24	4828
22	25	-2396
22	26	2524
22	27	-4444
22	28	804
22	29	860
22	30	-1444
22	31	-1700
23	24	-2012
23	25	3676
23	26	292
23	27	1628
23	28	4572
23	29	1956
23	30	164
23	31	420
24	25	-5796
24	26	1572
24	27	4444
24	28	3292
24	29	-4956
24	30	1444
24	31	-2396
25	26	-4004
25	27	-2012
25	28	-860
25	29	2524
25	30	-3876
25	31	-36
26	27	-1956
26	28	988
26	29	5540
26	30	7844
26	31	-4188
27	28	1188
27	29	-3620
27	30	-5924
27	31	6108
28	29	3420
28	30	1116
28	31	4956
29	30	5412
29	31	5668
30	31	-4316
