0	1	1292
0	2	172
0	3	-3212
0	4	1932
0	5	172
0	6	3828
0	7	332
0	8	-2388
0	9	-4332
0	10	1292
0	11	972
0	12	812
0	13	-2068
0	14	-9428
0	15	-3188
0	16	-3188
0	17	-332
0	18	3348
0	19	-4812
0	20	3828
0	21	6252
0	22	3532
0	23	-2868
0	24	-12
0	25	2548
0	26	3532
0	27	-4652
0	28	788
0	29	5428
0	30	5428
0	31	3532
0	32	-2388
0	33	2868
0	34	-7852
0	35	-5748
0	36	5268
0	37	-332
0	38	-6228
0	39	-7212
1	2	12
1	3	3348
1	4	-4628
1	5	-6388
1	6	3988
1	7	172
1	8	3852
1	9	-4172
1	10	1132
1	11	-5588
1	12	7052
1	13	-2228
1	14	3212
1	15	3052
1	16	3052
1	17	-172
1	18	-2892
1	19	-4652
1	20	3988
1	21	-308
1	22	-9428
1	23	-3028
1	24	148
1	25	2708
1	26	3372
1	27	-4492
1	28	948
1	29	-812
1	30	-812
1	31	-9428
1	32	3852
1	33	3028
1	34	5108
1	35	492
1	36	-972
1	37	-172
1	38	12
1	39	-652
2	3	-1932
2	4	-5748
2	5	-7508
2	6	-1292
2	7	-7348
2	8	-3668
2	9	-3052
2	10	12
2	11	-6708
2	12	5932
2	13	3052
2	14	2092
2	15	1932
2	16	1932
2	17	7348
2	18	4628
2	19	-3532
2	20	-1292
2	21	4972
2	22	2252
2	23	2252
2	24	-5132
2	25	3828
2	26	2252
2	27	9428
2	28	-4332
2	29	6708
2	30	308
2	31	2252
2	32	-3668
2	33	-2252
2	34	-172
2	35	5772
2	36	148
2	37	7348
2	38	-1108
2	39	-5932
3	4	2708
3	5	-1932
3	6	-2068
3	7	4308
3	8	7028
3	9	-308
3	10	3348
3	11	-2732
3	12	3828
3	13	6708
3	14	1268
3	15	-4972
3	16	-4972
3	17	2092
3	18	-1588
3	19	6572
3	20	-2068
3	21	-8012
3	22	-5292
3	23	7508
3	24	1772
3	25	-788
3	26	1108
3	27	12
3	28	972
3	29	-3668
3	30	2732
3	31	-5292
3	32	7028
3	33	-1108
3	34	-3188
3	35	-2412
3	36	-3508
3	37	-4308
3	38	-1932
3	39	2572
4	5	652
4	6	3348
4	7	812
4	8	4492
4	9	1588
4	10	1772
4	11	7852
4	12	-5108
4	13	4812
4	14	-2548
4	15	-9108
4	16	-9108
4	17	-812
4	18	2868
4	19	1108
4	20	3348
4	21	-6068
4	22	4012
4	23	-2388
4	24	-492
4	25	-4332
4	26	-2388
4	27	-5132
4	28	6708
4	29	-1452
4	30	-1452
4	31	4012
4	32	4492
4	33	2388
4	34	-8332
4	35	1132
4	36	-1612
4	37	-812
4	38	-5748
4	39	-1292
5	6	-1292
5	7	5452
5	8	-3668
5	9	3348
5	10	12
5	11	6092
5	12	-6868
5	13	-3348
5	14	-4308
5	15	1932
5	16	1932
5	17	-5452
5	18	-1772
5	19	2868
5	20	-1292
5	21	-1428
5	22	2252
5	23	2252
5	24	7668
5	25	-2572
5	26	-4148
5	27	-3372
5	28	2068
5	29	-6092
5	30	308
5	31	2252
5	32	-3668
5	33	-2252
5	34	-172
5	35	-7028
5	36	148
5	37	-5452
5	38	5292
5	39	6868
6	7	-1452
6	8	-5132
6	9	-7348
6	10	3988
6	11	4308
6	12	-1932
6	13	948
6	14	1908
6	15	2068
6	16	2068
6	17	-4948
6	18	4172
6	19	-6868
6	20	10092
6	21	-972
6	22	1748
6	23	-4652
6	24	1132
6	25	4972
6	26	-4652
6	27	-7028
6	28	6732
6	29	-4308
6	30	-4308
6	31	1748
6	32	-5132
6	33	-1748
6	34	2572
6	35	4628
6	36	2252
6	37	1452
6	38	-1292
6	39	1932
7	8	2892
7	9	-3212
7	10	6572
7	11	6252
7	12	-6708
7	13	3212
7	14	-4148
7	15	-4308
7	16	-4308
7	17	-5612
7	18	-8332
7	19	9108
7	20	-1452
7	21	-1268
7	22	-3988
7	23	2412
7	24	1108
7	25	3668
7	26	-3988
7	27	-3532
7	28	1908
7	29	-6252
7	30	148
7	31	-3988
7	32	2892
7	33	3988
7	34	-332
7	35	-6868
7	36	6388
7	37	-12012
7	38	-948
7	39	6708
8	9	5908
8	10	-2548
8	11	-2868
8	12	3372
8	13	492
8	14	-468
8	15	-7028
8	16	-7028
8	17	3508
8	18	-5612
8	19	5428
8	20	-5132
8	21	-3988
8	22	-6708
8	23	-308
8	24	-2572
8	25	-6412
8	26	6092
8	27	-812
8	28	-1772
8	29	2868
8	30	2868
8	31	-6708
8	32	12972
8	33	6708
8	34	-4012
8	35	-3188
8	36	-3692
8	37	-2892
8	38	-3668
8	39	-3372
9	10	-10572
9	11	-3852
9	12	2708
9	13	-7212
9	14	148
9	15	308
9	16	308
9	17	3212
9	18	-468
9	19	1292
9	20	-7348
9	21	-2732
9	22	-12
9	23	-12
9	24	2892
9	25	-12468
9	26	6388
9	27	1132
9	28	-4308
9	29	3852
9	30	3852
9	31	-12
9	32	5908
9	33	12
9	34	-2068
9	35	-3532
9	36	-8788
9	37	3212
9	38	3348
9	39	-2708
10	11	7212
10	12	-5748
10	13	10572
10	14	-3188
10	15	-3348
10	16	-3348
10	17	-172
10	18	-2892
10	19	1748
10	20	3988
10	21	-308
10	22	-3028
10	23	3372
10	24	148
10	25	9108
10	26	-9428
10	27	1908
10	28	7348
10	29	-7212
10	30	-7212
10	31	-3028
10	32	-2548
10	33	3028
10	34	-1292
10	35	492
10	36	5428
10	37	-6572
10	38	12
10	39	5748
11	12	-12468
11	13	3852
11	14	-3508
11	15	-3668
11	16	-3668
11	17	-6252
11	18	-2572
11	19	2068
11	20	4308
11	21	-628
11	22	3052
11	23	-3348
11	24	468
11	25	3028
11	26	-9748
11	27	-4172
11	28	7668
11	29	-6892
11	30	-6892
11	31	3052
11	32	-2868
11	33	3348
11	34	-972
11	35	172
11	36	5748
11	37	-6252
11	38	-308
11	39	6068
12	13	-2708
12	14	2732
12	15	2572
12	16	2572
12	17	6708
12	18	3988
12	19	-4172
12	20	-1932
12	21	-788
12	22	-3508
12	23	2892
12	24	628
12	25	-3212
12	26	9292
12	27	2388
12	28	-4972
12	29	6068
12	30	6068
12	31	-3508
12	32	3372
12	33	-2892
12	34	-812
12	35	12
12	36	-6892
12	37	6708
12	38	-468
12	39	-6572
13	14	-148
13	15	-6708
13	16	-6708
13	17	3188
13	18	468
13	19	5108
13	20	948
13	21	-3668
13	22	12
13	23	6412
13	24	-2892
13	25	6068
13	26	-6388
13	27	5268
13	28	4308
13	29	-3852
13	30	-3852
13	31	12
13	32	492
13	33	-12
13	34	-4332
13	35	3532
13	36	2388
13	37	-3212
13	38	-3348
13	39	2708
14	15	5132
14	16	5132
14	17	-2252
14	18	1428
14	19	-332
14	20	1908
14	21	-4628
14	22	-948
14	23	-948
14	24	-1932
14	25	628
14	26	-948
14	27	-172
14	28	-1132
14	29	-2892
14	30	-2892
14	31	-948
14	32	-468
14	33	-5452
14	34	9428
14	35	8972
14	36	-3052
14	37	4148
14	38	2092
14	39	3668
15	16	11372
15	17	-2092
15	18	1588
15	19	-6572
15	20	2068
15	21	1612
15	22	-1108
15	23	-1108
15	24	4628
15	25	788
15	26	-1108
15	27	-12
15	28	-972
15	29	-2732
15	30	-2732
15	31	-1108
15	32	-7028
15	33	-5292
15	34	9588
15	35	2412
15	36	-2892
15	37	4308
15	38	8332
15	39	3828
16	17	-2092
16	18	1588
16	19	-6572
16	20	2068
16	21	1612
16	22	-1108
16	23	-1108
16	24	4628
16	25	788
16	26	-1108
16	27	-12
16	28	-972
16	29	-2732
16	30	-2732
16	31	-1108
16	32	-7028
16	33	-5292
16	34	9588
16	35	2412
16	36	-2892
16	37	4308
16	38	8332
16	39	3828
17	18	1932
17	19	-2708
17	20	-4948
17	21	1268
17	22	-2412
17	23	3988
17	24	-1108
17	25	-3668
17	26	3988
17	27	9932
17	28	-1908
17	29	6252
17	30	-148
17	31	-2412
17	32	3508
17	33	2412
17	34	-6068
17	35	468
17	36	-6388
17	37	5612
17	38	948
17	39	-6708
18	19	-6388
18	20	4172
18	21	-1452
18	22	7668
18	23	1268
18	24	1612
18	25	-948
18	26	1268
18	27	-148
18	28	812
18	29	2572
18	30	2572
18	31	7668
18	32	-5612
18	33	-7668
18	34	-3348
18	35	4148
18	36	-3668
18	37	8332
18	38	-1772
18	39	-3988
19	20	-6868
19	21	-3212
19	22	-492
19	23	5908
19	24	-3028
19	25	812
19	26	-492
19	27	1612
19	28	-3828
19	29	-2068
19	30	4332
19	31	-492
19	32	5428
19	33	492
19	34	-1588
19	35	-4012
19	36	4492
19	37	-9108
19	38	-3532
19	39	4172
20	21	-972
20	22	1748
20	23	-4652
20	24	1132
20	25	4972
20	26	-4652
20	27	-7028
20	28	6732
20	29	-4308
20	30	-4308
20	31	1748
20	32	-5132
20	33	-1748
20	34	2572
20	35	4628
20	36	2252
20	37	1452
20	38	-1292
20	39	1932
21	22	1932
21	23	-4468
21	24	-4812
21	25	4148
21	26	1932
21	27	3348
21	28	-4012
21	29	7028
21	30	628
21	31	1932
21	32	-3988
21	33	4468
21	34	148
21	35	-948
21	36	6868
21	37	1268
21	38	-1428
21	39	-5612
22	23	-788
22	24	-2092
22	25	468
22	26	-788
22	27	-332
22	28	-1292
22	29	3348
22	30	3348
22	31	12012
22	32	-6708
22	33	-5612
22	34	-3532
22	35	2732
22	36	3188
22	37	3988
22	38	-4148
22	39	-2892
23	24	4308
23	25	468
23	26	-788
23	27	6068
23	28	-1292
23	29	-3052
23	30	3348
23	31	-788
23	32	-308
23	33	-5612
23	34	-3532
23	35	-3668
23	36	-3212
23	37	-2412
23	38	2252
23	39	3508
24	25	-3988
24	26	-2092
24	27	-3188
24	28	4172
24	29	-6868
24	30	-468
24	31	-2092
24	32	-2572
24	33	-4308
24	34	12
24	35	-5612
24	36	-6708
24	37	-1108
24	38	7668
24	39	5772
25	26	-5932
25	27	652
25	28	1612
25	29	-3028
25	30	-3028
25	31	468
25	32	-6412
25	33	-468
25	34	3852
25	35	3348
25	36	9932
25	37	-3668
25	38	-2572
25	39	3212
26	27	-332
26	28	-7692
26	29	9748
26	30	9748
26	31	-788
26	32	6092
26	33	788
26	34	-3532
26	35	-3668
26	36	-3212
26	37	3988
26	38	-4148
26	39	-9292
27	28	-3988
27	29	4172
27	30	-2228
27	31	-332
27	32	-812
27	33	332
27	34	-1748
27	35	2548
27	36	-2068
27	37	3532
27	38	3028
27	39	-2388
28	29	-7668
28	30	-7668
28	31	-1292
28	32	-1772
28	33	1292
28	34	-788
28	35	1588
28	36	-1108
28	37	-1908
28	38	2068
28	39	4972
29	30	6892
29	31	3348
29	32	2868
29	33	3052
29	34	-5428
29	35	-172
29	36	652
29	37	6252
29	38	-6092
29	39	-12468
30	31	3348
30	32	2868
30	33	-3348
30	34	-5428
30	35	-6572
30	36	652
30	37	-148
30	38	-6092
30	39	-6068
31	32	-6708
31	33	-5612
31	34	-3532
31	35	2732
31	36	3188
31	37	3988
31	38	-4148
31	39	-2892
32	33	6708
32	34	-4012
32	35	-3188
32	36	-3692
32	37	-2892
32	38	-3668
32	39	-3372
33	34	-2868
33	35	-2732
33	36	3212
33	37	-3988
33	38	-2252
33	39	-3508
34	35	5748
34	36	1132
34	37	332
34	38	6228
34	39	7212
35	36	-332
35	37	6868
35	38	-628
35	39	-12
36	37	-6388
36	38	-6252
36	39	492
37	38	948
37	39	-6708
38	39	6868
