0	1	264
0	2	1416
0	3	216
0	4	-3096
0	5	4776
0	6	4944
0	7	6384
0	8	-4104
0	9	-4536
0	10	-2736
0	11	2376
0	12	-624
0	13	-3816
0	14	-384
0	15	936
0	16	7176
0	17	-624
0	18	-1896
0	19	-4416
0	20	5016
0	21	-4104
0	22	-6264
0	23	-5496
0	24	7056
0	25	2064
0	26	1176
0	27	96
0	28	1704
0	29	6744
1	2	-6024
1	3	-3624
1	4	-2856
1	5	936
1	6	-2016
1	7	-576
1	8	2856
1	9	2904
1	10	-6096
1	11	2136
1	12	2736
1	13	-3576
1	14	2976
1	15	-2904
1	16	6936
1	17	-4464
1	18	5544
1	19	-576
1	20	8376
1	21	-7944
1	22	-2904
1	23	-5256
1	24	-384
1	25	-4896
1	26	4536
1	27	-3744
1	28	1944
1	29	-216
2	3	5544
2	4	4536
2	5	984
2	6	-3504
2	7	2256
2	8	-936
2	9	2376
2	10	4176
2	11	-7416
2	12	-816
2	13	-1944
2	14	-1056
2	15	-2376
2	16	-1416
2	17	-816
2	18	-3864
2	19	5856
2	20	-6456
2	21	-936
2	22	1224
2	23	-264
2	24	5904
2	25	-624
2	26	984
2	27	-1536
2	28	3336
2	29	-1704
3	4	-3864
3	5	2184
3	6	-1104
3	7	1056
3	8	-6936
3	9	1176
3	10	-624
3	11	984
3	12	-3216
3	13	456
3	14	-7056
3	15	-1176
3	16	-3816
3	17	3984
3	18	2136
3	19	1056
3	20	-1656
3	21	3864
3	22	-1176
3	23	9336
3	24	-96
3	25	-5424
3	26	-5016
3	27	-3936
3	28	2136
3	29	-2904
4	5	696
4	6	-5376
4	7	-3936
4	8	2616
4	9	-456
4	10	1344
4	11	-1704
4	12	6096
4	13	264
4	14	-4464
4	15	-3144
4	16	-504
4	17	-1104
4	18	-1416
4	19	-336
4	20	-2664
4	21	-4584
4	22	4056
4	23	-1416
4	24	2976
4	25	-1056
4	26	-2904
4	27	3216
4	28	5784
4	29	-3576
5	6	-144
5	7	-5184
5	8	-4296
5	9	2136
5	10	3936
5	11	24
5	12	6624
5	13	-2184
5	14	-8016
5	15	-2136
5	16	6024
5	17	-4176
5	18	-504
5	19	-1584
5	20	984
5	21	-4296
5	22	1464
5	23	-504
5	24	-1056
5	25	-4464
5	26	-5976
5	27	-1296
5	28	6696
5	29	-1944
6	7	4104
6	8	-1824
6	9	-3216
6	10	-1416
6	11	11856
6	12	-9144
6	13	4704
6	14	1896
6	15	6816
6	16	-1344
6	17	-5544
6	18	-576
6	19	504
6	20	7296
6	21	5376
6	22	-384
6	23	-4176
6	24	-1464
6	25	-216
6	26	3456
6	27	5976
6	28	-4176
6	29	8064
7	8	-3264
7	9	-1776
7	10	-3576
7	11	3216
7	12	-6984
7	13	-4656
7	14	7656
7	15	-1824
7	16	-2784
7	17	-3384
7	18	-2736
7	19	-1656
7	20	5856
7	21	336
7	22	-5424
7	23	-6336
7	24	4296
7	25	-2376
7	26	9216
7	27	-2664
7	28	-2736
7	29	5904
8	9	-3144
8	10	2256
8	11	-1896
8	12	1104
8	13	3336
8	14	4464
8	15	3144
8	16	504
8	17	-2496
8	18	8616
8	19	336
8	20	-936
8	21	984
8	22	-456
8	23	-5784
8	24	-2976
8	25	1056
8	26	2904
8	27	384
8	28	1416
8	29	3576
9	10	-7296
9	11	-3864
9	12	-3264
9	13	2424
9	14	-3024
9	15	-1704
9	16	4536
9	17	336
9	18	-2856
9	19	9024
9	20	-1224
9	21	456
9	22	1896
9	23	744
9	24	-2784
9	25	-2496
9	26	-1464
9	27	1056
9	28	-2856
9	29	-12216
10	11	-5664
10	12	5736
10	13	624
10	14	2376
10	15	96
10	16	-4464
10	17	-1464
10	18	-1056
10	19	-3576
10	20	-6624
10	21	2256
10	22	3696
10	23	2544
10	24	2616
10	25	-696
10	26	-3264
10	27	-4344
10	28	2544
10	29	3984
11	12	-5376
11	13	2616
11	14	-2016
11	15	3864
11	16	-2376
11	17	-5376
11	18	4296
11	19	-384
11	20	10584
11	21	1704
11	22	264
11	23	-2904
11	24	-2256
11	25	-6864
11	26	24
11	27	4704
11	28	696
11	29	6456
12	13	-3984
12	14	-2616
12	15	-3936
12	16	624
12	17	1224
12	18	1296
12	19	-3384
12	20	-816
12	21	-6096
12	22	-336
12	23	1296
12	24	744
12	25	936
12	26	-4176
12	27	-3096
12	28	4896
12	29	-144
13	14	-144
13	15	1176
13	16	216
13	17	3216
13	18	1464
13	19	2544
13	20	1656
13	21	6936
13	22	4776
13	23	1464
13	24	-3504
13	25	1824
13	26	-5784
13	27	3936
13	28	-5736
13	29	-4296
14	15	3024
14	16	-3216
14	17	-2616
14	18	1536
14	19	456
14	20	2544
14	21	864
14	22	-4176
14	23	-5664
14	24	504
14	25	1176
14	26	9984
14	27	-3336
14	28	-5664
14	29	3696
15	16	-4536
15	17	-336
15	18	6456
15	19	5376
15	20	-2376
15	21	6744
15	22	-1896
15	23	2856
15	24	-4416
15	25	-1104
15	26	1464
15	27	2544
15	28	-744
15	29	1416
16	17	-2976
16	18	-1704
16	19	-2784
16	20	2184
16	21	-6696
16	22	-936
16	23	-5304
16	24	3744
16	25	1536
16	26	-1176
16	27	-96
16	28	1896
16	29	-3144
17	18	-2304
17	19	216
17	20	-4416
17	21	1104
17	22	3264
17	23	8496
17	24	-2856
17	25	8136
17	26	-4176
17	27	504
17	28	-2304
17	29	-3744
18	19	864
18	20	3336
18	21	1416
18	22	-4344
18	23	-216
18	24	-5424
18	25	-7056
18	26	-504
18	27	-1584
18	28	3384
18	29	1224
19	20	-1344
19	21	336
19	22	5376
19	23	864
19	24	-2904
19	25	-2376
19	26	2016
19	27	4536
19	28	864
19	29	-4896
20	21	-4536
20	22	-2376
20	23	-7464
20	24	-1296
20	25	-4224
20	26	4584
20	27	2064
20	28	-264
20	29	5496
21	22	-4056
21	23	5016
21	24	-2976
21	25	1056
21	26	-4296
21	27	384
21	28	-9384
21	29	-24
22	23	2856
22	24	-816
22	25	-1104
22	26	-2136
22	27	2544
22	28	6456
22	29	-2184
23	24	-1824
23	25	144
23	26	-7704
23	27	-1584
23	28	-216
23	29	-5976
24	25	-2184
24	26	-1056
24	27	-3576
24	28	1776
24	29	3936
25	26	2736
25	27	5256
25	28	-7056
25	29	1584
26	27	-1296
26	28	-504
26	29	5256
27	28	-1584
27	29	576
28	29	1224
