0	1	-1612
0	2	-1132
0	3	-5108
0	4	-8212
0	5	-1972
0	6	-1492
0	7	-1268
0	8	-532
0	9	-4732
0	10	5828
0	11	1612
0	12	5108
0	13	4148
0	14	908
0	15	-6908
0	16	5332
0	17	4268
0	18	-2828
0	19	1748
0	20	2348
0	21	3772
0	22	3412
0	23	68
0	24	-4988
0	25	1868
0	26	4852
0	27	2332
0	28	-8468
0	29	-3188
1	2	-8108
1	3	-52
1	4	-1028
1	5	3532
1	6	3052
1	7	3308
1	8	-1508
1	9	2692
1	10	-668
1	11	4028
1	12	3652
1	13	1012
1	14	-6548
1	15	1748
1	16	308
1	17	892
1	18	8468
1	19	3412
1	20	2812
1	21	-1732
1	22	5828
1	23	-9308
1	24	-172
1	25	3292
1	26	4388
1	27	-292
1	28	-3892
1	29	-5572
2	3	4028
2	4	-1508
2	5	3052
2	6	-8228
2	7	-7012
2	8	1612
2	9	-1388
2	10	-1148
2	11	908
2	12	-4028
2	13	-6668
2	14	172
2	15	-1372
2	16	-6412
2	17	412
2	18	-1852
2	19	-4268
2	20	-4868
2	21	-1252
2	22	-4492
2	23	8212
2	24	-3292
2	25	-4388
2	26	1268
2	27	188
2	28	188
2	29	5708
3	4	548
3	5	3188
3	6	68
3	7	-6428
3	8	4628
3	9	4028
3	10	-3412
3	11	52
3	12	-532
3	13	-1492
3	14	2468
3	15	9532
3	16	-3428
3	17	-8572
3	18	-788
3	19	-292
3	20	-3292
3	21	-1388
3	22	-8948
3	23	1628
3	24	652
3	25	-3772
3	26	-308
3	27	772
3	28	772
3	29	-1148
4	5	-668
4	6	-4748
4	7	3908
4	8	1492
4	9	2092
4	10	-1268
4	11	-2572
4	12	-7748
4	13	4012
4	14	52
4	15	2348
4	16	908
4	17	3892
4	18	5468
4	19	-4388
4	20	-1388
4	21	2468
4	22	-772
4	23	-2708
4	24	428
4	25	-908
4	26	-5812
4	27	308
4	28	3908
4	29	-1372
5	6	3412
5	7	-652
5	8	-1148
5	9	-4148
5	10	-3908
5	11	7268
5	12	412
5	13	-2228
5	14	-2588
5	15	-5812
5	16	3548
5	17	-2348
5	18	4508
5	19	172
5	20	-4028
5	21	1508
5	22	-1732
5	23	-1748
5	24	-4132
5	25	52
5	26	4028
5	27	-4252
5	28	-652
5	29	1268
6	7	3428
6	8	-1628
6	9	-1028
6	10	-788
6	11	548
6	12	7132
6	13	-2708
6	14	532
6	15	1868
6	16	428
6	17	-6428
6	18	-2212
6	19	3292
6	20	2692
6	21	1988
6	22	-1252
6	23	-2228
6	24	3548
6	25	3172
6	26	4508
6	27	-172
6	28	-172
6	29	-1852
7	8	-6412
7	9	3788
7	10	7148
7	11	292
7	12	-772
7	13	1868
7	14	-1372
7	15	-4628
7	16	4012
7	17	1988
7	18	6652
7	19	3068
7	20	7268
7	21	2452
7	22	2092
7	23	1388
7	24	892
7	25	-412
7	26	-3668
7	27	-2588
7	28	4612
7	29	2692
8	9	-5588
8	10	-5348
8	11	1508
8	12	-1028
8	13	-68
8	14	-428
8	15	-772
8	16	1388
8	17	-3788
8	18	-4852
8	19	2332
8	20	-5468
8	21	-4252
8	22	-292
8	23	-3188
8	24	4508
8	25	-1388
8	26	5468
8	27	-2812
8	28	-2812
8	29	-4492
9	10	2452
9	11	908
9	12	-428
9	13	4132
9	14	-3428
9	15	5828
9	16	-2812
9	17	412
9	18	5348
9	19	-668
9	20	2332
9	21	5948
9	22	-4492
9	23	1012
9	24	308
9	25	-4388
9	26	-5932
9	27	3788
9	28	188
9	29	-1492
10	11	668
10	12	-188
10	13	4372
10	14	4012
10	15	-1612
10	16	548
10	17	652
10	18	1508
10	19	3172
10	20	6172
10	21	5708
10	22	-1132
10	23	4852
10	24	68
10	25	3052
10	26	1028
10	27	3548
10	28	3548
10	29	5468
11	12	3548
11	13	2588
11	14	-652
11	15	-5348
11	16	3292
11	17	-892
11	18	2332
11	19	7388
11	20	4388
11	21	5332
11	22	1372
11	23	-1492
11	24	-3428
11	25	-3292
11	26	6412
11	27	-3308
11	28	292
11	29	1972
12	13	1492
12	14	-2468
12	15	-2332
12	16	3428
12	17	1372
12	18	788
12	19	3892
12	20	3292
12	21	1388
12	22	5348
12	23	-1628
12	24	-4252
12	25	-3428
12	26	7508
12	27	2828
12	28	-4372
12	29	-2452
13	14	-1508
13	15	-3292
13	16	9668
13	17	2332
13	18	3428
13	19	1252
13	20	652
13	21	4028
13	22	4388
13	23	-4268
13	24	-1612
13	25	1132
13	26	-4252
13	27	1868
13	28	1868
13	29	-3412
14	15	4268
14	16	-772
14	17	-5228
14	18	-7012
14	19	4492
14	20	3892
14	21	788
14	22	-6052
14	23	6172
14	24	2348
14	25	772
14	26	-292
14	27	2228
14	28	5828
14	29	7748
15	16	-8828
15	17	-6772
15	18	-2588
15	19	-2092
15	20	2108
15	21	412
15	22	-7148
15	23	-172
15	24	2452
15	25	1628
15	26	-2108
15	27	2572
15	28	2572
15	29	-2948
16	17	2588
16	18	2452
16	19	3668
16	20	668
16	21	-1748
16	22	5092
16	23	-1612
16	24	-3308
16	25	-3412
16	26	-668
16	27	-3188
16	28	412
16	29	-1508
17	18	7148
17	19	-6068
17	20	532
17	21	548
17	22	8108
17	23	-4388
17	24	-5092
17	25	-2588
17	26	-532
17	27	1988
17	28	-5212
17	29	-3292
18	19	-2572
18	20	1628
18	21	892
18	22	4132
18	23	-4252
18	24	-4268
18	25	-2452
18	26	-1628
18	27	-548
18	28	-548
18	29	-2468
19	20	6652
19	21	1628
19	22	1988
19	23	1732
19	24	3188
19	25	-68
19	26	4148
19	27	-532
19	28	3068
19	29	4988
20	21	2228
20	22	2588
20	23	1132
20	24	188
20	25	-668
20	26	1148
20	27	68
20	28	3668
20	29	1988
21	22	-3668
21	23	-52
21	24	-4868
21	25	1748
21	26	1372
21	27	2452
21	28	-1148
21	29	532
22	23	-6892
22	24	-1628
22	25	2108
22	26	1012
22	27	-1508
22	28	-1508
22	29	-3428
23	24	-2092
23	25	-5588
23	26	-1132
23	27	1388
23	28	4988
23	29	10508
24	25	6908
24	26	-188
24	27	4492
24	28	892
24	29	-1028
25	26	668
25	27	3188
25	28	-412
25	29	-2092
26	27	3532
26	28	-7268
26	29	-1988
27	28	-6188
27	29	-908
28	29	9892
