0	1	-1.1321379e-01
0	2	2.5494157e-01
0	3	1.0058244e-01
0	4	1.8821539e-01
0	5	1.8802396e-01
0	6	1.1589745e-01
0	7	2.0091277e-01
0	8	-9.4319074e-03
0	9	1.0232279e-01
0	10	1.6925730e-01
0	11	6.0279702e-02
0	12	-2.3798441e-01
0	13	1.2083950e-01
0	14	2.2323145e-01
0	15	3.8493240e-02
0	16	2.8547438e-02
0	17	1.7746878e-01
0	18	2.6692450e-01
0	19	-6.9950237e-02
0	20	-4.0625871e-02
0	21	-3.1665362e-01
0	22	-4.4629326e-02
0	23	1.7388214e-01
0	24	-1.5941078e-01
1	2	-1.8720114e-01
1	3	2.4400702e-01
1	4	-2.2518230e-01
1	5	-1.7396510e-01
1	6	3.2061610e-02
1	7	1.1916700e-01
1	8	-3.6792685e-02
1	9	1.7588395e-01
1	10	-3.6436392e-02
1	11	2.5254520e-01
1	12	1.8367454e-01
1	13	1.1513027e-01
1	14	-1.9511073e-01
1	15	-1.3927424e-02
1	16	-1.0268565e-01
1	17	-1.3438831e-01
1	18	1.3357225e-01
1	19	1.6550249e-01
1	20	-1.1014099e-01
1	21	3.6340031e-01
1	22	-2.6482114e-01
1	23	9.3192519e-02
1	24	-1.0321594e-01
2	3	-1.3658952e-01
2	4	-3.3796980e-02
2	5	2.3329721e-01
2	6	-7.9403225e-02
2	7	6.5305254e-02
2	8	1.2966574e-03
2	9	2.0564959e-01
2	10	2.7580424e-01
2	11	-1.5424145e-01
2	12	-4.7113055e-01
2	13	-1.1130411e-01
2	14	5.6719520e-01
2	15	-3.7955583e-01
2	16	1.3851965e-01
2	17	3.9258884e-01
2	18	-2.4919049e-01
2	19	-2.9284791e-01
2	20	4.5324375e-02
2	21	-1.4138810e-02
2	22	-4.9205859e-02
2	23	1.0955313e-01
2	24	1.3056392e-01
3	4	-2.0527885e-01
3	5	7.4250509e-02
3	6	3.0781854e-04
3	7	1.1041560e-01
3	8	-7.5384483e-02
3	9	1.4547394e-01
3	10	1.6025274e-01
3	11	1.1419674e-01
3	12	2.3331315e-01
3	13	7.0963743e-02
3	14	-2.4045112e-01
3	15	2.4001430e-01
3	16	-7.4413429e-03
3	17	8.2448068e-02
3	18	2.9084181e-01
3	19	8.7959313e-02
3	20	-7.5566540e-02
3	21	1.5908297e-01
3	22	-1.4113902e-01
3	23	2.1252264e-01
3	24	-2.1527473e-01
4	5	1.2968407e-01
4	6	-1.6742675e-01
4	7	-1.5742961e-01
4	8	6.8836209e-02
4	9	-1.4708464e-01
4	10	-9.7252357e-02
4	11	-4.8275961e-02
4	12	-3.2006462e-01
4	13	-3.0555193e-02
4	14	4.2133194e-01
4	15	1.7081788e-03
4	16	1.8908577e-02
4	17	5.0499676e-02
4	18	1.0960677e-01
4	19	5.0481713e-02
4	20	1.1199944e-01
4	21	-3.6034179e-01
4	22	1.8892297e-01
4	23	-1.2329439e-01
4	24	1.0976883e-01
5	6	2.4093089e-02
5	7	-1.5314606e-01
5	8	-7.6666296e-02
5	9	-2.3633075e-01
5	10	3.7432250e-02
5	11	-2.2699814e-01
5	12	-2.1901298e-01
5	13	5.6410997e-03
5	14	9.1253126e-02
5	15	-7.3357674e-03
5	16	1.5900094e-02
5	17	1.8634335e-01
5	18	-1.5771536e-01
5	19	1.7862747e-01
5	20	1.6222128e-01
5	21	-8.6195720e-02
5	22	-2.1747797e-01
5	23	-2.4332092e-02
5	24	-2.0299905e-01
6	7	2.8859068e-02
6	8	1.3072045e-03
6	9	-9.4897500e-02
6	10	2.3066797e-01
6	11	-4.0280901e-02
6	12	3.1767209e-01
6	13	-8.5725843e-02
6	14	-4.1754297e-02
6	15	1.6954399e-02
6	16	-2.5108610e-02
6	17	-1.8808483e-02
6	18	4.4240227e-01
6	19	-1.7310460e-01
6	20	-9.4130257e-03
6	21	-6.3661406e-02
6	22	-9.2931413e-02
6	23	8.5755232e-02
6	24	-1.6165843e-01
7	8	9.5396186e-02
7	9	1.1088852e-01
7	10	3.0684401e-01
7	11	1.1127672e-01
7	12	1.1005272e-02
7	13	1.2431013e-02
7	14	-1.8795850e-01
7	15	-4.7558201e-01
7	16	1.2363563e-01
7	17	6.3360127e-02
7	18	1.1237094e-01
7	19	-1.5493529e-02
7	20	-8.9713732e-02
7	21	-1.0445969e-01
7	22	2.9355013e-02
7	23	2.2790047e-01
7	24	3.9251436e-02
8	9	-1.5821648e-01
8	10	2.1509223e-02
8	11	-1.3459507e-01
8	12	-4.8511406e-02
8	13	-3.4316743e-02
8	14	1.3850739e-01
8	15	-1.9046515e-01
8	16	2.7551142e-02
8	17	-2.1728053e-02
8	18	5.3605087e-02
8	19	-1.5549230e-02
8	20	-3.6942495e-03
8	21	-8.0581768e-02
8	22	2.2543858e-01
8	23	-1.0426041e-01
8	24	1.3827575e-01
9	10	3.1425828e-02
9	11	1.1558682e-01
9	12	-1.6878170e-02
9	13	9.7033194e-02
9	14	1.8585574e-01
9	15	5.4909079e-02
9	16	1.8803428e-01
9	17	3.5461619e-03
9	18	-7.4262355e-02
9	19	1.0593794e-01
9	20	-3.9261206e-02
9	21	1.6242194e-01
9	22	-7.8573839e-02
9	23	2.8233818e-02
9	24	1.1634610e-01
10	11	-2.3742942e-02
10	12	5.5203448e-02
10	13	-1.2200347e-01
10	14	-7.8968903e-02
10	15	-1.3170081e-01
10	16	3.1843479e-01
10	17	2.2569050e-01
10	18	1.7994719e-02
10	19	-1.3570719e-02
10	20	-1.7711609e-01
10	21	-5.2133326e-02
10	22	2.0985907e-02
10	23	2.3415058e-01
10	24	-5.8124625e-02
11	12	1.1446038e-01
11	13	1.2145607e-01
11	14	-1.4486019e-01
11	15	3.3947345e-02
11	16	-4.2113439e-02
11	17	-5.7834879e-02
11	18	2.8889368e-01
11	19	-2.2440954e-01
11	20	1.7715366e-01
11	21	6.3286169e-02
11	22	6.1879878e-02
11	23	2.0606765e-01
11	24	-7.7978047e-02
12	13	5.3580998e-02
12	14	-6.0274781e-01
12	15	1.7113018e-01
12	16	-4.5953943e-02
12	17	-2.6992709e-01
12	18	2.8202243e-01
12	19	-7.4244856e-02
12	20	2.4441777e-03
12	21	1.0821162e-01
12	22	-3.4012298e-02
12	23	7.2565504e-02
12	24	-1.1673158e-01
13	14	-1.4370718e-01
13	15	9.0352358e-02
13	16	1.2949272e-02
13	17	-5.4476969e-02
13	18	3.0511573e-03
13	19	-1.0880042e-01
13	20	1.3541522e-01
13	21	-6.1004863e-04
13	22	-1.9977804e-01
13	23	4.7366785e-02
13	24	-1.3653389e-01
14	15	-1.9590414e-01
14	16	2.0954611e-01
14	17	2.7102029e-01
14	18	-2.8633939e-02
14	19	-1.5473506e-01
14	20	1.4491208e-01
14	21	-8.1047097e-02
14	22	2.4206225e-01
14	23	-2.3524314e-01
14	24	3.6261206e-01
15	16	-2.1412474e-02
15	17	7.1531154e-03
15	18	8.2869150e-02
15	19	2.3651472e-01
15	20	-1.5029071e-01
15	21	1.7288174e-01
15	22	-3.8394094e-01
15	23	-7.8834711e-03
15	24	-2.5214250e-01
16	17	9.6782745e-02
16	18	-2.7934976e-01
16	19	1.5045170e-01
16	20	-9.8585261e-03
16	21	7.1390456e-02
16	22	3.5759010e-02
16	23	-6.5562895e-02
16	24	1.9492842e-01
17	18	1.6542657e-02
17	19	-1.1777206e-01
17	20	9.9752906e-02
17	21	1.0478118e-01
17	22	-2.3334924e-01
17	23	1.2712043e-01
17	24	-9.4177455e-02
18	19	-3.0377707e-01
18	20	1.7723507e-01
18	21	-1.5977447e-01
18	22	9.0656472e-02
18	23	2.0202252e-01
18	24	-2.1327433e-01
19	20	-1.6530632e-01
19	21	1.9253450e-01
19	22	-8.6371193e-02
19	23	-2.5380900e-01
19	24	3.0759482e-02
20	21	6.9089267e-02
20	22	4.8822855e-02
20	23	-9.4940107e-02
20	24	5.6244702e-02
21	22	-4.6763835e-01
21	23	-3.2563324e-02
21	24	2.4410467e-02
22	23	-1.6866578e-01
22	24	3.1172421e-01
23	24	-2.1814279e-01
