0	1	-936
0	2	-6264
0	3	-3816
0	4	-6840
0	5	2232
0	6	1368
0	7	-1656
0	8	-1080
0	9	-3096
0	10	1512
0	11	3816
0	12	-1800
0	13	-3384
0	14	-3816
0	15	504
0	16	6408
0	17	-936
0	18	-1656
0	19	936
0	20	-4392
0	21	-4968
0	22	-1512
0	23	1224
0	24	3672
0	25	-3528
0	26	1944
0	27	4248
0	28	2808
0	29	-1656
0	30	4968
0	31	6984
0	32	504
0	33	6264
0	34	1080
0	35	-6264
1	2	-1224
1	3	6696
1	4	-1800
1	5	-3096
1	6	6696
1	7	-1800
1	8	-6120
1	9	7128
1	10	-3528
1	11	-1224
1	12	-1944
1	13	-3528
1	14	1224
1	15	360
1	16	-4104
1	17	4392
1	18	-1800
1	19	-4392
1	20	936
1	21	-4824
1	22	3528
1	23	-4104
1	24	3528
1	25	1800
1	26	1800
1	27	-792
1	28	-2232
1	29	8856
1	30	4824
1	31	1656
1	32	-4536
1	33	-3960
1	34	1224
1	35	-1224
2	3	1656
2	4	3240
2	5	1944
2	6	-3528
2	7	-1944
2	8	4392
2	9	1800
2	10	-3384
2	11	-1080
2	12	-2088
2	13	6696
2	14	1080
2	15	216
2	16	-4248
2	17	-648
2	18	3240
2	19	648
2	20	6264
2	21	5688
2	22	-1800
2	23	936
2	24	-1800
2	25	1944
2	26	-3528
2	27	-648
2	28	-2088
2	29	-1368
2	30	-5688
2	31	-8856
2	32	792
2	33	-3816
2	34	-3816
2	35	9000
3	4	2232
3	5	-1656
3	6	3240
3	7	-2952
3	8	-4680
3	9	8856
3	10	-2088
3	11	792
3	12	-2808
3	13	-1224
3	14	-792
3	15	72
3	16	-5832
3	17	5544
3	18	2232
3	19	-5544
3	20	3816
3	21	-792
3	22	2088
3	23	-648
3	24	2088
3	25	2952
3	26	3816
3	27	-4824
3	28	-3384
3	29	6264
3	30	792
3	31	-1224
3	32	-1080
3	33	-6840
3	34	-1656
3	35	1656
4	5	-3816
4	6	-2952
4	7	2664
4	8	-216
4	9	1224
4	10	2376
4	11	-504
4	12	2520
4	13	936
4	14	504
4	15	-360
4	16	-4824
4	17	-72
4	18	2664
4	19	72
4	20	1656
4	21	6264
4	22	2808
4	23	360
4	24	-2376
4	25	2520
4	26	1080
4	27	-5256
4	28	-1512
4	29	-792
4	30	-6264
4	31	-4248
4	32	1368
4	33	-3240
4	34	-3240
4	35	3240
5	6	-1656
5	7	-3816
5	8	6264
5	9	-72
5	10	-1512
5	11	792
5	12	-3960
5	13	4824
5	14	-792
5	15	-1656
5	16	4248
5	17	1224
5	18	1368
5	19	-1224
5	20	2952
5	21	-2808
5	22	-8856
5	23	4248
5	24	-3672
5	25	-1368
5	26	-216
5	27	1224
5	28	-216
5	29	-4680
5	30	2808
5	31	-360
5	32	2664
5	33	-1944
5	34	3240
5	35	1944
6	7	2232
6	8	-4680
6	9	3672
6	10	-2088
6	11	792
6	12	-2808
6	13	-6408
6	14	-792
6	15	72
6	16	-648
6	17	360
6	18	-2952
6	19	-360
6	20	-1368
6	21	-5976
6	22	2088
6	23	-5832
6	24	2088
6	25	-2232
6	26	3816
6	27	360
6	28	1800
6	29	6264
6	30	5976
6	31	3960
6	32	-6264
6	33	-1656
6	34	3528
6	35	-3528
7	8	-216
7	9	-3960
7	10	2376
7	11	-504
7	12	2520
7	13	-4248
7	14	504
7	15	-360
7	16	360
7	17	-5256
7	18	-2520
7	19	5256
7	20	-3528
7	21	1080
7	22	2808
7	23	-4824
7	24	-2376
7	25	-2664
7	26	1080
7	27	-72
7	28	3672
7	29	-792
7	30	-1080
7	31	936
7	32	-3816
7	33	1944
7	34	1944
7	35	-1944
8	9	-3960
8	10	360
8	11	-1944
8	12	-72
8	13	6696
8	14	1944
8	15	-2376
8	16	2088
8	17	-2376
8	18	-216
8	19	2376
8	20	1080
8	21	1656
8	22	-5544
8	23	2088
8	24	-5544
8	25	216
8	26	-3816
8	27	2808
8	28	-936
8	29	-6840
8	30	-1656
8	31	-3672
8	32	1368
8	33	792
8	34	792
8	35	4392
9	10	-1368
9	11	936
9	12	-4104
9	13	-504
9	14	-936
9	15	-1800
9	16	-6264
9	17	6552
9	18	1224
9	19	-6552
9	20	3096
9	21	-2664
9	22	1368
9	23	-1080
9	24	1368
9	25	3960
9	26	4824
9	27	-3816
9	28	-5256
9	29	5832
9	30	2664
9	31	-504
9	32	-2376
9	33	-6984
9	34	-1800
9	35	1800
10	11	648
10	12	2520
10	13	-1080
10	14	-648
10	15	-4968
10	16	-504
10	17	216
10	18	-2808
10	19	-216
10	20	-6696
10	21	-936
10	22	2232
10	23	-504
10	24	-2952
10	25	2808
10	26	3960
10	27	216
10	28	-3528
10	29	-4248
10	30	936
10	31	4104
10	32	-1224
10	33	3384
10	34	-1800
10	35	-3384
11	12	-5544
11	13	-3960
11	14	-8712
11	15	2520
11	16	1800
11	17	-2088
11	18	4680
11	19	2088
11	20	1368
11	21	1944
11	22	-648
11	23	1800
11	24	4536
11	25	-4680
11	26	6264
11	27	-2088
11	28	4536
11	29	-1368
11	30	-1944
11	31	1224
11	32	1656
11	33	1080
11	34	-4104
11	35	-1080
12	13	792
12	14	5544
12	15	-504
12	16	216
12	17	72
12	18	-2664
12	19	-72
12	20	-3384
12	21	1224
12	22	2664
12	23	216
12	24	-2520
12	25	2664
12	26	-4248
12	27	72
12	28	-1368
12	29	-648
12	30	-1224
12	31	792
12	32	1512
12	33	2088
12	34	2088
12	35	-2088
13	14	3960
13	15	-2088
13	16	-1368
13	17	1656
13	18	936
13	19	-1656
13	20	3384
13	21	2808
13	22	-4104
13	23	3816
13	24	-4104
13	25	4248
13	26	-5832
13	27	1656
13	28	-4968
13	29	-4248
13	30	-2808
13	31	-5976
13	32	3096
13	33	-1512
13	34	-1512
13	35	6696
14	15	-2520
14	16	-1800
14	17	2088
14	18	-4680
14	19	-2088
14	20	-1368
14	21	-1944
14	22	648
14	23	-1800
14	24	-4536
14	25	4680
14	26	-6264
14	27	2088
14	28	-4536
14	29	1368
14	30	1944
14	31	-1224
14	32	-1656
14	33	-1080
14	34	4104
14	35	1080
15	16	2520
15	17	-2232
15	18	4824
15	19	2232
15	20	4680
15	21	4104
15	22	-216
15	23	2520
15	24	4968
15	25	-4824
15	26	-1944
15	27	-2232
15	28	6696
15	29	2232
15	30	-4104
15	31	-2088
15	32	4392
15	33	-216
15	34	-216
15	35	216
16	17	-2952
16	18	360
16	19	2952
16	20	-1224
16	21	-1800
16	22	-4680
16	23	3240
16	24	504
16	25	-5544
16	26	-1224
16	27	2232
16	28	5976
16	29	-3672
16	30	1800
16	31	3816
16	32	3672
16	33	4248
16	34	4248
16	35	-4248
17	18	-72
17	19	-7848
17	20	936
17	21	-3672
17	22	-216
17	23	2232
17	24	-216
17	25	5256
17	26	1512
17	27	-2520
17	28	-6264
17	29	3384
17	30	3672
17	31	1656
17	32	1224
17	33	-4536
17	34	648
17	35	-648
18	19	72
18	20	6840
18	21	6264
18	22	-2376
18	23	5544
18	24	2808
18	25	-2664
18	26	1080
18	27	-5256
18	28	3672
18	29	-792
18	30	-6264
18	31	-4248
18	32	6552
18	33	-3240
18	34	-3240
18	35	3240
19	20	-936
19	21	3672
19	22	216
19	23	-2232
19	24	216
19	25	-5256
19	26	-1512
19	27	2520
19	28	6264
19	29	-3384
19	30	-3672
19	31	-1656
19	32	-1224
19	33	4536
19	34	-648
19	35	648
20	21	4968
20	22	-3672
20	23	3960
20	24	1512
20	25	-1656
20	26	-1944
20	27	-4248
20	28	2376
20	29	1656
20	30	-4968
20	31	-6984
20	32	4680
20	33	-6264
20	34	-1080
20	35	6264
21	22	936
21	23	3384
21	24	936
21	25	-1080
21	26	-2520
21	27	-3672
21	28	2952
21	29	-2952
21	30	-10728
21	31	-7560
21	32	5256
21	33	-504
21	34	-5688
21	35	5688
22	23	-4680
22	24	2952
22	25	2376
22	26	1224
22	27	-216
22	28	-1656
22	29	4248
22	30	-936
22	31	1080
22	32	-3960
22	33	1800
22	34	-3384
22	35	-1800
23	24	504
23	25	-360
23	26	-1224
23	27	-2952
23	28	792
23	29	-3672
23	30	-3384
23	31	-1368
23	32	8856
23	33	-936
23	34	-936
23	35	936
24	25	-2808
24	26	1224
24	27	-216
24	28	3528
24	29	4248
24	30	-936
24	31	1080
24	32	1224
24	33	1800
24	34	-3384
24	35	-1800
25	26	-1080
25	27	72
25	28	-8856
25	29	792
25	30	1080
25	31	-936
25	32	-1368
25	33	-1944
25	34	-1944
25	35	1944
26	27	-3672
26	28	72
26	29	792
26	30	2520
26	31	4536
26	32	-2232
26	33	-1656
26	34	-1656
26	35	-3528
27	28	-1080
27	29	-1800
27	30	3672
27	31	1656
27	32	-3960
27	33	5832
27	34	648
27	35	-648
28	29	-360
28	30	-2952
28	31	216
28	32	2664
28	33	2088
28	34	2088
28	35	-2088
29	30	2952
29	31	936
29	32	-3240
29	33	-3816
29	34	1368
29	35	-1368
30	31	7560
30	32	-5256
30	33	504
30	34	5688
30	35	-5688
31	32	-2088
31	33	3672
31	34	3672
31	35	-8856
32	33	-792
32	34	-792
32	35	792
33	34	-1368
33	35	-3816
34	35	-3816
