0	1	-3956
0	2	644
0	3	-1372
0	4	4244
0	5	1804
0	6	-1796
0	7	1220
0	8	-1804
0	9	796
0	10	212
0	11	-4540
0	12	3676
0	13	3532
0	14	4540
0	15	1364
0	16	5692
0	17	3812
0	18	1516
0	19	-1076
0	20	-4540
0	21	940
0	22	940
0	23	-1220
0	24	-6116
0	25	-1084
0	26	-3964
0	27	1948
0	28	-2084
0	29	-4108
0	30	-2380
0	31	1084
0	32	-1364
0	33	-4388
0	34	3812
0	35	3812
1	2	4540
1	3	1372
1	4	940
1	5	-1804
1	6	6980
1	7	3964
1	8	1804
1	9	4388
1	10	-212
1	11	-644
1	12	-8860
1	13	1652
1	14	644
1	15	-6548
1	16	-508
1	17	1372
1	18	-1516
1	19	-4108
1	20	4540
1	21	4244
1	22	4244
1	23	-3964
1	24	6116
1	25	6268
1	26	-1220
1	27	-1948
1	28	2084
1	29	4108
1	30	2380
1	31	-1084
1	32	6548
1	33	-796
1	34	1372
1	35	1372
2	3	-4684
2	4	932
2	5	-68
2	6	6700
2	7	3092
2	8	68
2	9	4108
2	10	2084
2	11	2516
2	12	-3380
2	13	1660
2	14	-2516
2	15	-1948
2	16	3820
2	17	500
2	18	-5540
2	19	-2948
2	20	2516
2	21	4252
2	22	4252
2	23	-3092
2	24	2380
2	25	788
2	26	-2092
2	27	76
2	28	1228
2	29	-2236
2	30	4676
2	31	-788
2	32	1948
2	33	-1076
2	34	500
2	35	500
3	4	-1084
3	5	-3236
3	6	-1652
3	7	1076
3	8	3236
3	9	940
3	10	68
3	11	-4684
3	12	-1364
3	13	3676
3	14	4684
3	15	-3964
3	16	652
3	17	3668
3	18	6844
3	19	-932
3	20	500
3	21	1084
3	22	1084
3	23	-1076
3	24	-788
3	25	3956
3	26	1076
3	27	-3092
3	28	3244
3	29	6116
3	30	-2524
3	31	1228
3	32	3964
3	33	940
3	34	3668
3	35	3668
4	5	1516
4	6	3100
4	7	-3676
4	8	-1516
4	9	508
4	10	500
4	11	-4252
4	12	-1796
4	13	-1940
4	14	4252
4	15	-3532
4	16	220
4	17	-1084
4	18	1228
4	19	-6548
4	20	932
4	21	652
4	22	-4532
4	23	3676
4	24	-1220
4	25	4388
4	26	-8860
4	27	1660
4	28	-2372
4	29	1364
4	30	-2092
4	31	-4388
4	32	3532
4	33	508
4	34	-1084
4	35	4100
5	6	-3964
5	7	-644
5	8	-7988
5	9	3812
5	10	364
5	11	-68
5	12	932
5	13	1076
5	14	68
5	15	-788
5	16	-1084
5	17	1948
5	18	-2092
5	19	500
5	20	-5252
5	21	-6700
5	22	-1516
5	23	644
5	24	356
5	25	1660
5	26	-644
5	27	-2524
5	28	-8860
5	29	-500
5	30	-2228
5	31	-1660
5	32	788
5	33	-1372
5	34	1948
5	35	-3236
6	7	940
6	8	3964
6	9	2228
6	10	1948
6	11	1516
6	12	-5836
6	13	-508
6	14	-1516
6	15	-4388
6	16	2516
6	17	-1652
6	18	-3676
6	19	-6268
6	20	6700
6	21	7268
6	22	2084
6	23	-940
6	24	3956
6	25	3244
6	26	-4244
6	27	1076
6	28	5108
6	29	1084
6	30	4540
6	31	-3244
6	32	4388
6	33	2228
6	34	-1652
6	35	3532
7	8	644
7	9	3532
7	10	-2524
7	11	-2092
7	12	-3956
7	13	6268
7	14	2092
7	15	-1372
7	16	3244
7	17	6260
7	18	-932
7	19	1660
7	20	-2092
7	21	3676
7	22	8860
7	23	-8852
7	24	1804
7	25	1364
7	26	3668
7	27	-500
7	28	652
7	29	-1660
7	30	68
7	31	3820
7	32	1372
7	33	-6836
7	34	6260
7	35	1076
8	9	-3812
8	10	-364
8	11	68
8	12	-932
8	13	-1076
8	14	-68
8	15	788
8	16	1084
8	17	-1948
8	18	2092
8	19	-500
8	20	5252
8	21	6700
8	22	1516
8	23	-644
8	24	-356
8	25	-1660
8	26	644
8	27	2524
8	28	8860
8	29	500
8	30	2228
8	31	1660
8	32	-788
8	33	1372
8	34	-1948
8	35	3236
9	10	4540
9	11	-1076
9	12	-3244
9	13	7268
9	14	1076
9	15	-6980
9	16	5108
9	17	6124
9	18	-1084
9	19	-3676
9	20	-1076
9	21	-508
9	22	4676
9	23	-3532
9	24	1364
9	25	5836
9	26	-1652
9	27	-6700
9	28	-2668
9	29	3676
9	30	1948
9	31	-652
9	32	6980
9	33	-364
9	34	6124
9	35	940
10	11	2084
10	12	2236
10	13	2092
10	14	-2084
10	15	-2380
10	16	4252
10	17	68
10	18	76
10	19	-2516
10	20	2084
10	21	-500
10	22	-500
10	23	2524
10	24	-2372
10	25	356
10	26	-2524
10	27	-4676
10	28	1660
10	29	2516
10	30	4244
10	31	-356
10	32	2380
10	33	4540
10	34	68
10	35	68
11	12	1804
11	13	-3524
11	14	-7700
11	15	3236
11	16	-1364
11	17	-4684
11	18	-5540
11	19	2236
11	20	2516
11	21	-932
11	22	-932
11	23	2092
11	24	2380
11	25	-4396
11	26	3092
11	27	76
11	28	1228
11	29	-2236
11	30	4676
11	31	-788
11	32	-3236
11	33	4108
11	34	-4684
11	35	-4684
12	13	-796
12	14	-1804
12	15	6268
12	16	2228
12	17	-1364
12	18	1220
12	19	3812
12	20	-3380
12	21	-3388
12	22	-3388
12	23	3956
12	24	-6700
12	25	-6836
12	26	1228
12	27	788
12	28	-364
12	29	-3812
12	30	-356
12	31	1652
12	32	-6268
12	33	1940
12	34	-1364
12	35	-1364
13	14	3524
13	15	-4244
13	16	7556
13	17	8860
13	18	1364
13	19	-1228
13	20	-3524
13	21	1940
13	22	7124
13	23	-6268
13	24	-1372
13	25	3388
13	26	1084
13	27	-4252
13	28	-220
13	29	1228
13	30	-500
13	31	1796
13	32	4244
13	33	-3100
13	34	8860
13	35	3676
14	15	-3236
14	16	1364
14	17	4684
14	18	5540
14	19	-2236
14	20	-2516
14	21	932
14	22	932
14	23	-2092
14	24	-2380
14	25	4396
14	26	-3092
14	27	-76
14	28	-1228
14	29	2236
14	30	-4676
14	31	788
14	32	3236
14	33	-4108
14	34	4684
14	35	4684
15	16	-2084
15	17	-3964
15	18	-1076
15	19	6700
15	20	-1948
15	21	-1652
15	22	-1652
15	23	1372
15	24	-3524
15	25	-8860
15	26	3812
15	27	4540
15	28	508
15	29	-6700
15	30	212
15	31	3676
15	32	-9140
15	33	-1796
15	34	-3964
15	35	-3964
16	17	5836
16	18	-796
16	19	-3388
16	20	-1364
16	21	4964
16	22	4964
16	23	-3244
16	24	-3532
16	25	364
16	26	-1940
16	27	-1228
16	28	2804
16	29	-1796
16	30	1660
16	31	-364
16	32	2084
16	33	-76
16	34	5836
16	35	5836
17	18	1660
17	19	-932
17	20	-4684
17	21	1084
17	22	6268
17	23	-6260
17	24	-788
17	25	3956
17	26	1076
17	27	-3092
17	28	-1940
17	29	932
17	30	-2524
17	31	1228
17	32	3964
17	33	-4244
17	34	8852
17	35	3668
18	19	788
18	20	-356
18	21	-1228
18	22	-1228
18	23	932
18	24	-4540
18	25	1372
18	26	-932
18	27	-2236
18	28	1796
18	29	4396
18	30	-2516
18	31	3812
18	32	1076
18	33	-1084
18	34	1660
18	35	1660
19	20	-2948
19	21	-3820
19	22	1364
19	23	-1660
19	24	-1948
19	25	-6404
19	26	6844
19	27	356
19	28	-796
19	29	-3380
19	30	76
19	31	6404
19	32	-6700
19	33	-3676
19	34	-932
19	35	-6116
20	21	4252
20	22	-932
20	23	2092
20	24	2380
20	25	788
20	26	-2092
20	27	76
20	28	6412
20	29	2948
20	30	4676
20	31	-788
20	32	1948
20	33	4108
20	34	-4684
20	35	500
21	22	4532
21	23	-3676
21	24	1220
21	25	796
21	26	-1508
21	27	3524
21	28	7556
21	29	-1364
21	30	2092
21	31	-796
21	32	1652
21	33	-508
21	34	1084
21	35	6268
22	23	-8860
22	24	1220
22	25	796
22	26	3676
22	27	-1660
22	28	2372
22	29	-1364
22	30	2092
22	31	4388
22	32	1652
22	33	-5692
22	34	6268
22	35	1084
23	24	-1804
23	25	-1364
23	26	-3668
23	27	500
23	28	-652
23	29	1660
23	30	-68
23	31	-3820
23	32	-1372
23	33	6836
23	34	-6260
23	35	-1076
24	25	4108
24	26	1804
24	27	212
24	28	-940
24	29	1948
24	30	220
24	31	-4108
24	32	3524
24	33	1364
24	34	-788
24	35	-788
25	26	-3820
25	27	-3380
25	28	-2228
25	29	6404
25	30	-2236
25	31	-4244
25	32	8860
25	33	652
25	34	3956
25	35	3956
26	27	-500
26	28	652
26	29	-1660
26	30	68
26	31	3820
26	32	-3812
26	33	-1652
26	34	1076
26	35	-4108
27	28	1364
27	29	-5540
27	30	-2084
27	31	-1804
27	32	-4540
27	33	-1516
27	34	-3092
27	35	2092
28	29	796
28	30	4252
28	31	2228
28	32	-508
28	33	2516
28	34	-1940
28	35	3244
29	30	-76
29	31	-1220
29	32	6700
29	33	3676
29	34	932
29	35	932
30	31	2236
30	32	-212
30	33	1948
30	34	-2524
30	35	-2524
31	32	-3676
31	33	-5836
31	34	1228
31	35	-3956
32	33	1796
32	34	3964
32	35	3964
33	34	-4244
33	35	940
34	35	3668
