0	1	-1376
0	2	3952
0	3	1072
0	4	-1792
0	5	-4400
0	6	3536
0	7	-3952
0	8	3952
0	9	3520
0	10	-1088
0	11	-2960
0	12	80
0	13	4672
0	14	656
0	15	1072
0	16	2960
0	17	-2224
0	18	-2096
0	19	6400
0	20	3952
0	21	-7568
0	22	1504
0	23	640
0	24	-2528
0	25	-1808
0	26	-512
0	27	656
0	28	4672
0	29	3392
0	30	208
0	31	2512
0	32	-6832
0	33	-4256
0	34	368
0	35	-2240
1	2	2528
1	3	224
1	4	496
1	5	-4672
1	6	352
1	7	2656
1	8	-2656
1	9	-2224
1	10	-2800
1	11	-6112
1	12	-1376
1	13	1808
1	14	-1952
1	15	-4960
1	16	928
1	17	-4256
1	18	3392
1	19	80
1	20	2528
1	21	3680
1	22	-208
1	23	-4528
1	24	3824
1	25	-2080
1	26	-8560
1	27	-1952
1	28	1808
1	29	496
1	30	-4096
1	31	3968
1	32	352
1	33	5552
1	34	-1664
1	35	-1648
2	3	80
2	4	640
2	5	-4816
2	6	496
2	7	2800
2	8	-2800
2	9	2816
2	10	-2944
2	11	-1072
2	12	3952
2	13	1664
2	14	-1808
2	15	-5104
2	16	6256
2	17	-4112
2	18	-1936
2	19	5120
2	20	7568
2	21	-1648
2	22	-352
2	23	512
2	24	-1504
2	25	-2224
2	26	-3520
2	27	-1808
2	28	1664
2	29	640
2	30	944
2	31	3824
2	32	496
2	33	224
2	34	-1520
2	35	3392
3	4	2944
3	5	-1936
3	6	2800
3	7	-80
3	8	80
3	9	-4672
3	10	-5248
3	11	1808
3	12	-4112
3	13	-640
3	14	496
3	15	-2224
3	16	-1808
3	17	-1808
3	18	944
3	19	-2368
3	20	80
3	21	1232
3	22	2528
3	23	-6976
3	24	6560
3	25	5840
3	26	-640
3	27	496
3	28	-640
3	29	2944
3	30	-1360
3	31	1520
3	32	-2384
3	33	-2080
3	34	784
3	35	1088
4	5	-2528
4	6	1664
4	7	4544
4	8	640
4	9	208
4	10	-4400
4	11	4096
4	12	-1792
4	13	-3824
4	14	3968
4	15	-2240
4	16	-4096
4	17	1088
4	18	4960
4	19	-2096
4	20	640
4	21	4672
4	22	-1808
4	23	-2672
4	24	4528
4	25	64
4	26	1360
4	27	3968
4	28	-3824
4	29	-3664
4	30	2080
4	31	4384
4	32	1664
4	33	2800
4	34	-1504
4	35	-368
5	6	-2672
5	7	-368
5	8	368
5	9	800
5	10	5408
5	11	2096
5	12	784
5	13	-352
5	14	208
5	15	3248
5	16	-2096
5	17	3088
5	18	-3952
5	19	-2080
5	20	-4816
5	21	1520
5	22	-2368
5	23	3680
5	24	-3520
5	25	944
5	26	4832
5	27	208
5	28	-352
5	29	-2528
5	30	4112
5	31	-8560
5	32	2512
5	33	-1792
5	34	5680
5	35	1376
6	7	-496
6	8	496
6	9	64
6	10	-4544
6	11	-1232
6	12	-6832
6	13	1216
6	14	4112
6	15	-2384
6	16	-3952
6	17	1232
6	18	-368
6	19	2944
6	20	496
6	21	-656
6	22	-1952
6	23	-2816
6	24	4384
6	25	-80
6	26	1216
6	27	4112
6	28	1216
6	29	-3520
6	30	1936
6	31	4240
6	32	-3376
6	33	-2528
6	34	-1360
6	35	-512
7	8	-2384
7	9	2368
7	10	-2240
7	11	1072
7	12	1232
7	13	-1664
7	14	1808
7	15	-5264
7	16	-1072
7	17	-1072
7	18	1936
7	19	64
7	20	2800
7	21	6832
7	22	-4832
7	23	-512
7	24	1504
7	25	-2960
7	26	-1664
7	27	1808
7	28	-1664
7	29	-5824
7	30	4240
7	31	1360
7	32	4688
7	33	4960
7	34	1520
7	35	1792
8	9	2816
8	10	2240
8	11	-1072
8	12	-1232
8	13	1664
8	14	3376
8	15	5264
8	16	-4112
8	17	1072
8	18	3248
8	19	-64
8	20	-2800
8	21	-1648
8	22	-352
8	23	512
8	24	-1504
8	25	-2224
8	26	1664
8	27	3376
8	28	1664
8	29	640
8	30	944
8	31	-1360
8	32	-4688
8	33	224
8	34	3664
8	35	-6976
9	10	2672
9	11	-640
9	12	3520
9	13	2096
9	14	2944
9	15	512
9	16	640
9	17	640
9	18	-1504
9	19	5552
9	20	2816
9	21	-1216
9	22	-5104
9	23	6128
9	24	-6256
9	25	-6976
9	26	2096
9	27	2944
9	28	2096
9	29	-4976
9	30	6560
9	31	-928
9	32	64
9	33	656
9	34	3232
9	35	-1360
10	11	-1216
10	12	4096
10	13	1520
10	14	-1664
10	15	5120
10	16	1216
10	17	1216
10	18	-2080
10	19	-208
10	20	-2944
10	21	-1792
10	22	-496
10	23	5552
10	24	-6832
10	25	-2368
10	26	1520
10	27	-1664
10	28	1520
10	29	784
10	30	800
10	31	-6688
10	32	640
10	33	80
10	34	3808
10	35	-1936
11	12	2224
11	13	-6976
11	14	1648
11	15	1808
11	16	-656
11	17	4528
11	18	-208
11	19	-3520
11	20	-1072
11	21	80
11	22	1376
11	23	2240
11	24	224
11	25	4688
11	26	8576
11	27	1648
11	28	-6976
11	29	-1088
11	30	2672
11	31	368
11	32	3952
11	33	-3232
11	34	-3248
11	35	5120
12	13	-512
12	14	-4528
12	15	1072
12	16	8144
12	17	-2224
12	18	-2096
12	19	1216
12	20	3952
12	21	-2384
12	22	1504
12	23	5824
12	24	-7712
12	25	-1808
12	26	-512
12	27	-4528
12	28	-512
12	29	3392
12	30	208
12	31	-2672
12	32	3536
12	33	928
12	34	368
12	35	2944
13	14	-1088
13	15	-640
13	16	1792
13	17	-3392
13	18	-2656
13	19	4400
13	20	1664
13	21	-2368
13	22	-1072
13	23	-208
13	24	-2224
13	25	-2944
13	26	-4240
13	27	-1088
13	28	6128
13	29	1360
13	30	224
13	31	-2080
13	32	-3968
13	33	-496
13	34	4384
13	35	-2512
14	15	496
14	16	-6832
14	17	3536
14	18	2512
14	19	640
14	20	-1808
14	21	2224
14	22	-4256
14	23	64
14	24	2080
14	25	-2384
14	26	4096
14	27	6416
14	28	-1088
14	29	-6400
14	30	4816
14	31	1936
14	32	-1072
14	33	352
14	34	944
14	35	-2816
15	16	-1808
15	17	3376
15	18	944
15	19	-2368
15	20	-5104
15	21	-3952
15	22	2528
15	23	3392
15	24	-3808
15	25	656
15	26	4544
15	27	496
15	28	-640
15	29	2944
15	30	-1360
15	31	-3664
15	32	-2384
15	33	-2080
15	34	784
15	35	-4096
16	17	-4528
16	18	-4976
16	19	3520
16	20	6256
16	21	-5264
16	22	3808
16	23	2944
16	24	-5408
16	25	496
16	26	-3392
16	27	-6832
16	28	1792
16	29	6272
16	30	-2672
16	31	-368
16	32	1232
16	33	-1952
16	34	-1936
16	35	5248
17	18	208
17	19	-1664
17	20	-4112
17	21	-80
17	22	-1376
17	23	2944
17	24	-224
17	25	496
17	26	6976
17	27	3536
17	28	-3392
17	29	-4096
17	30	2512
17	31	-368
17	32	1232
17	33	-1952
17	34	-1936
17	35	64
18	19	-4384
18	20	-1936
18	21	4400
18	22	512
18	23	-3808
18	24	4544
18	25	-1360
18	26	-2656
18	27	2512
18	28	-2656
18	29	-224
18	30	-3376
18	31	4688
18	32	-368
18	33	6272
18	34	-2384
18	35	-6112
19	20	5120
19	21	-4096
19	22	-2800
19	23	3248
19	24	-3952
19	25	-4672
19	26	-784
19	27	640
19	28	4400
19	29	-2096
19	30	3680
19	31	1376
19	32	-2240
19	33	-2224
19	34	928
19	35	944
20	21	-1648
20	22	-352
20	23	512
20	24	-1504
20	25	-2224
20	26	-3520
20	27	-1808
20	28	1664
20	29	640
20	30	944
20	31	3824
20	32	496
20	33	224
20	34	-1520
20	35	3392
21	22	-4384
21	23	-3520
21	24	4832
21	25	-1072
21	26	-2368
21	27	2224
21	28	-2368
21	29	-5696
21	30	2096
21	31	-208
21	32	4528
21	33	6560
21	34	2512
21	35	-640
22	23	-2224
22	24	944
22	25	5408
22	26	-1072
22	27	-4256
22	28	-1072
22	29	8560
22	30	-6976
22	31	1088
22	32	-1952
22	33	-2512
22	34	-3968
22	35	656
23	24	-8560
23	25	-4096
23	26	4976
23	27	64
23	28	-208
23	29	-2672
23	30	4256
23	31	-3232
23	32	2368
23	33	-1648
23	34	352
23	35	1520
24	25	4256
24	26	-2224
24	27	2080
24	28	-2224
24	29	-656
24	30	-2944
24	31	5120
24	32	-800
24	33	1520
24	34	-2816
24	35	-496
25	26	2240
25	27	-2384
25	28	-2944
25	29	5248
25	30	-3664
25	31	-784
25	32	-80
25	33	-4384
25	34	-2096
25	35	3968
26	27	4096
26	28	-4240
26	29	-3824
26	30	5408
26	31	-2080
26	32	1216
26	33	-5680
26	34	-800
26	35	2672
27	28	-1088
27	29	-6400
27	30	4816
27	31	1936
27	32	-1072
27	33	352
27	34	944
27	35	-2816
28	29	1360
28	30	224
28	31	-2080
28	32	-3968
28	33	-496
28	34	4384
28	35	-2512
29	30	-8288
29	31	-800
29	32	-3520
29	33	-2384
29	34	-1504
29	35	-368
30	31	-2800
30	32	1936
30	33	-1216
30	34	5104
30	35	1952
31	32	-944
31	33	1664
31	34	-8144
31	35	-352
32	33	2656
32	34	-1360
32	35	4672
33	34	640
33	35	-3952
34	35	-2528
