0	1	-1220
0	2	9004
0	3	-1084
0	4	932
0	5	-6116
0	6	6556
0	7	6556
0	8	-788
0	9	-1372
0	10	-644
0	11	-6556
0	12	-1084
0	13	3964
0	14	3964
0	15	-932
0	16	-644
0	17	932
0	18	6268
0	19	-3668
0	20	-6268
0	21	-1220
0	22	6260
0	23	3812
0	24	-3524
0	25	788
0	26	1372
0	27	1948
0	28	5828
0	29	4100
0	30	-932
0	31	5972
0	32	-1948
0	33	-3964
0	34	-1508
0	35	-3380
1	2	-940
1	3	3388
1	4	6556
1	5	3812
1	6	-3676
1	7	1508
1	8	3668
1	9	-1508
1	10	-6844
1	11	-1508
1	12	-1796
1	13	-6268
1	14	-6268
1	15	-1372
1	16	-6844
1	17	1372
1	18	1796
1	19	6548
1	20	-1796
1	21	9284
1	22	1228
1	23	-1508
1	24	1220
1	25	-3668
1	26	1508
1	27	932
1	28	1660
1	29	3388
1	30	3812
1	31	1516
1	32	4252
1	33	6268
1	34	4388
1	35	1076
2	3	-1940
2	4	1228
2	5	-6412
2	6	6836
2	7	6836
2	8	-1372
2	9	-1652
2	10	-1516
2	11	-6836
2	12	-1940
2	13	4244
2	14	4244
2	15	-1228
2	16	-1516
2	17	1228
2	18	7124
2	19	-3676
2	20	-7124
2	21	-940
2	22	6268
2	23	3532
2	24	-3820
2	25	1372
2	26	1652
2	27	1076
2	28	6700
2	29	3244
2	30	-1228
2	31	6556
2	32	-1076
2	33	-4244
2	34	-652
2	35	-3964
3	4	1508
3	5	3676
3	6	-4388
3	7	796
3	8	9004
3	9	4388
3	10	-1220
3	11	-796
3	12	4676
3	13	-6980
3	14	-1796
3	15	-1508
3	16	-1220
3	17	1508
3	18	508
3	19	6124
3	20	-508
3	21	3388
3	22	1652
3	23	4388
3	24	-4100
3	25	-9004
3	26	5980
3	27	6556
3	28	-3964
3	29	4676
3	30	3676
3	31	1364
3	32	-1372
3	33	6980
3	34	-2084
3	35	6412
4	5	1660
4	6	-1220
4	7	-1220
4	8	1804
4	9	-3964
4	10	-3236
4	11	1220
4	12	1508
4	13	-3812
4	14	-3812
4	15	1660
4	16	-3236
4	17	-1660
4	18	3676
4	19	4108
4	20	-3676
4	21	6556
4	22	-1516
4	23	-3964
4	24	-932
4	25	-1804
4	26	-1220
4	27	-644
4	28	3236
4	29	1508
4	30	1660
4	31	3380
4	32	644
4	33	3812
4	34	1084
4	35	-788
5	6	-3964
5	7	-3964
5	8	3380
5	9	3964
5	10	-1948
5	11	3964
5	12	3676
5	13	-6556
5	14	-6556
5	15	-1660
5	16	-1948
5	17	-3524
5	18	-3676
5	19	6260
5	20	3676
5	21	3812
5	22	-3668
5	23	-1220
5	24	932
5	25	-3380
5	26	1220
5	27	644
5	28	-3236
5	29	-1508
5	30	3524
5	31	-3380
5	32	-644
5	33	6556
5	34	4100
5	35	788
6	7	4100
6	8	-4108
6	9	1084
6	10	932
6	11	-4100
6	12	796
6	13	6692
6	14	1508
6	15	1220
6	16	932
6	17	-1220
6	18	4388
6	19	-6412
6	20	-4388
6	21	-3676
6	22	3820
6	23	1084
6	24	-1372
6	25	4108
6	26	-1084
6	27	-1660
6	28	4252
6	29	796
6	30	-3964
6	31	4108
6	32	-3524
6	33	-6692
6	34	1796
6	35	-6700
7	8	1076
7	9	1084
7	10	-4252
7	11	-9284
7	12	-4388
7	13	1508
7	14	1508
7	15	-3964
7	16	-4252
7	17	3964
7	18	4388
7	19	-1228
7	20	-4388
7	21	1508
7	22	9004
7	23	6268
7	24	-1372
7	25	-1076
7	26	4100
7	27	3524
7	28	4252
7	29	5980
7	30	1220
7	31	4108
7	32	1660
7	33	-1508
7	34	1796
7	35	-1516
8	9	4108
8	10	-2092
8	11	-1076
8	12	3820
8	13	-6700
8	14	-1516
8	15	-1804
8	16	-2092
8	17	1804
8	18	1364
8	19	6116
8	20	-1364
8	21	3668
8	22	1660
8	23	4108
8	24	-4396
8	25	-8420
8	26	6260
8	27	5684
8	28	-3092
8	29	3820
8	30	3380
8	31	1948
8	32	-500
8	33	6700
8	34	-1228
8	35	5828
9	10	-932
9	11	-1084
9	12	4388
9	13	-1508
9	14	-1508
9	15	-1220
9	16	-932
9	17	1220
9	18	796
9	19	1228
9	20	-796
9	21	-1508
9	22	1364
9	23	4100
9	24	-3812
9	25	-4108
9	26	6268
9	27	1660
9	28	-4252
9	29	-796
9	30	-1220
9	31	1076
9	32	-1660
9	33	1508
9	34	3388
9	35	1516
10	11	4252
10	12	3964
10	13	3524
10	14	3524
10	15	3236
10	16	8132
10	17	-3236
10	18	-3964
10	19	-4396
10	20	3964
10	21	-6844
10	22	-3380
10	23	-932
10	24	644
10	25	2092
10	26	-4252
10	27	356
10	28	-2948
10	29	-1220
10	30	-1948
10	31	-3092
10	32	-5540
10	33	-3524
10	34	-6556
10	35	500
11	12	4388
11	13	-1508
11	14	-1508
11	15	3964
11	16	4252
11	17	-3964
11	18	-4388
11	19	1228
11	20	4388
11	21	-1508
11	22	-9004
11	23	-6268
11	24	1372
11	25	1076
11	26	-4100
11	27	-3524
11	28	-4252
11	29	-5980
11	30	-1220
11	31	-4108
11	32	-1660
11	33	1508
11	34	-1796
11	35	1516
12	13	-1796
12	14	-1796
12	15	3676
12	16	3964
12	17	-3676
12	18	508
12	19	940
12	20	-508
12	21	-1796
12	22	-3532
12	23	-796
12	24	-4100
12	25	-3820
12	26	796
12	27	1372
12	28	-3964
12	29	-508
12	30	-1508
12	31	1364
12	32	-6556
12	33	1796
12	34	-2084
12	35	1228
13	14	4100
13	15	3812
13	16	3524
13	17	1372
13	18	1796
13	19	-9004
13	20	-1796
13	21	-6268
13	22	1228
13	23	-1508
13	24	1220
13	25	6700
13	26	-3676
13	27	-4252
13	28	1660
13	29	-1796
13	30	-6556
13	31	1516
13	32	-932
13	33	-9284
13	34	-796
13	35	-4108
14	15	-1372
14	16	3524
14	17	1372
14	18	1796
14	19	-3820
14	20	-1796
14	21	-6268
14	22	1228
14	23	3676
14	24	-3964
14	25	1516
14	26	1508
14	27	932
14	28	1660
14	29	-1796
14	30	-1372
14	31	1516
14	32	-932
14	33	-4100
14	34	-5980
14	35	1076
15	16	3236
15	17	1660
15	18	1508
15	19	-4108
15	20	-1508
15	21	-1372
15	22	-3668
15	23	-6404
15	24	932
15	25	1804
15	26	-3964
15	27	-4540
15	28	-3236
15	29	-1508
15	30	-6844
15	31	1804
15	32	-644
15	33	-3812
15	34	-1084
15	35	788
16	17	-3236
16	18	-3964
16	19	-4396
16	20	3964
16	21	-6844
16	22	-3380
16	23	-932
16	24	644
16	25	2092
16	26	-4252
16	27	356
16	28	-2948
16	29	-1220
16	30	-1948
16	31	-3092
16	32	-5540
16	33	-3524
16	34	-6556
16	35	500
17	18	3676
17	19	-1076
17	20	-3676
17	21	1372
17	22	3668
17	23	1220
17	24	-932
17	25	-1804
17	26	3964
17	27	-644
17	28	-1948
17	29	1508
17	30	-3524
17	31	3380
17	32	5828
17	33	-1372
17	34	1084
17	35	4396
18	19	-940
18	20	-9860
18	21	1796
18	22	3532
18	23	796
18	24	-6268
18	25	-1364
18	26	4388
18	27	-1372
18	28	3964
18	29	508
18	30	-3676
18	31	9004
18	32	1372
18	33	-1796
18	34	2084
18	35	-1228
19	20	940
19	21	6548
19	22	-1220
19	23	1228
19	24	-1516
19	25	-6116
19	26	3956
19	27	3380
19	28	-788
19	29	940
19	30	6260
19	31	-932
19	32	1804
19	33	9004
19	34	1652
19	35	3524
20	21	-1796
20	22	-3532
20	23	-796
20	24	6268
20	25	1364
20	26	-4388
20	27	1372
20	28	-3964
20	29	-508
20	30	3676
20	31	-9004
20	32	-1372
20	33	1796
20	34	-2084
20	35	1228
21	22	1228
21	23	-1508
21	24	1220
21	25	-3668
21	26	1508
21	27	932
21	28	1660
21	29	3388
21	30	3812
21	31	1516
21	32	4252
21	33	6268
21	34	4388
21	35	1076
22	23	6548
22	24	-1076
22	25	-1660
22	26	3820
22	27	4396
22	28	3380
22	29	6836
22	30	1516
22	31	3524
22	32	788
22	33	-1228
22	34	940
22	35	-932
23	24	-3812
23	25	-4108
23	26	6268
23	27	6844
23	28	932
23	29	4388
23	30	3964
23	31	1076
23	32	-1660
23	33	1508
23	34	-1796
23	35	1516
24	25	4396
24	26	-6556
24	27	-1948
24	28	-644
24	29	1084
24	30	932
24	31	-5972
24	32	1948
24	33	-1220
24	34	1508
24	35	-1804
25	26	-6260
25	27	-5684
25	28	3092
25	29	-3820
25	30	-3380
25	31	-1948
25	32	500
25	33	-6700
25	34	1228
25	35	-5828
26	27	3524
26	28	-932
26	29	796
26	30	1220
26	31	4108
26	32	1660
26	33	3676
26	34	1796
26	35	3668
27	28	-356
27	29	6556
27	30	5828
27	31	-500
27	32	-2948
27	33	4252
27	34	-3964
27	35	3092
28	29	1220
28	30	1948
28	31	3092
28	32	356
28	33	-1660
28	34	1372
28	35	-5684
29	30	3676
29	31	1364
29	32	-1372
29	33	1796
29	34	-2084
29	35	1228
30	31	-3380
30	32	-644
30	33	6556
30	34	-1084
30	35	788
31	32	500
31	33	-1516
31	34	1228
31	35	-644
32	33	932
32	34	3964
32	35	2092
33	34	796
33	35	4108
34	35	-3820
