0	1	-3.6289291e-02
0	2	-2.2475200e-01
0	3	-8.1722501e-02
0	4	1.3091731e-01
0	5	-1.9686308e-01
0	6	1.3125080e-01
0	7	6.0998862e-01
0	8	-7.3927681e-02
0	9	1.1083853e-01
0	10	2.5501667e-01
0	11	1.8919782e-01
0	12	-3.4854883e-02
0	13	-3.5012986e-01
0	14	2.5627271e-01
0	15	-4.8268478e-02
0	16	-2.2835841e-01
0	17	-1.7441853e-01
0	18	-7.7849141e-02
0	19	-6.0647806e-02
0	20	-1.4260122e-01
0	21	2.0551231e-01
0	22	6.3061928e-02
0	23	-1.7534195e-01
0	24	-4.3946932e-02
1	2	-2.5929915e-01
1	3	-5.2153655e-02
1	4	1.3239555e-01
1	5	2.4425389e-01
1	6	-1.6722572e-01
1	7	1.2053478e-01
1	8	-1.0244482e-01
1	9	1.2185812e-01
1	10	2.0429521e-01
1	11	3.1207402e-02
1	12	-1.3849663e-02
1	13	2.1386514e-01
1	14	2.3998955e-01
1	15	9.3238101e-02
1	16	3.8140638e-02
1	17	4.4424284e-02
1	18	-7.3520028e-02
1	19	-1.7402556e-01
1	20	-1.1255519e-01
1	21	1.4704720e-02
1	22	2.5998986e-02
1	23	2.0190297e-01
1	24	6.0583006e-02
2	3	1.2401648e-01
2	4	-6.5033837e-02
2	5	2.2905326e-01
2	6	9.3434807e-02
2	7	1.6547761e-02
2	8	-9.5219814e-02
2	9	-1.5182941e-02
2	10	-1.6309981e-02
2	11	-3.1207927e-01
2	12	-4.7686984e-02
2	13	2.5357450e-01
2	14	-2.4293559e-01
2	15	7.7979104e-02
2	16	2.8266673e-01
2	17	5.8773180e-02
2	18	-1.5149839e-01
2	19	2.7626487e-01
2	20	-1.3367519e-01
2	21	7.7604248e-02
2	22	1.5714457e-01
2	23	-3.6421826e-02
2	24	8.4652723e-02
3	4	-1.3476086e-01
3	5	-2.0810787e-01
3	6	-4.2051313e-02
3	7	1.0263985e-01
3	8	1.8657897e-01
3	9	5.6262798e-02
3	10	-1.2909909e-01
3	11	5.7970194e-02
3	12	2.1207270e-01
3	13	-3.9925062e-02
3	14	7.1339959e-02
3	15	1.4458713e-01
3	16	1.1419121e-01
3	17	2.1751175e-02
3	18	1.3588330e-02
3	19	1.4629785e-01
3	20	-6.9441412e-02
3	21	-2.2623675e-01
3	22	8.8139835e-02
3	23	2.0604087e-01
3	24	-1.6816542e-01
4	5	-2.6537605e-02
4	6	8.5532347e-02
4	7	3.4386270e-01
4	8	-4.8605434e-02
4	9	9.3406183e-02
4	10	1.4857811e-01
4	11	7.2065776e-02
4	12	-1.6246779e-01
4	13	-5.6110653e-02
4	14	-2.3319068e-03
4	15	7.6920626e-02
4	16	-1.0502126e-01
4	17	-1.9494065e-01
4	18	-1.2598118e-01
4	19	-1.9133870e-01
4	20	3.1232311e-02
4	21	1.6091622e-01
4	22	-1.4698803e-01
4	23	-5.1803414e-02
4	24	-7.8332695e-02
5	6	7.1847136e-03
5	7	-2.4174851e-01
5	8	-1.3974200e-01
5	9	-1.3250801e-01
5	10	2.3632866e-01
5	11	-2.4018061e-01
5	12	-4.8406413e-02
5	13	3.8747762e-01
5	14	-2.6807863e-02
5	15	1.5103286e-02
5	16	6.5333565e-02
5	17	6.9821246e-02
5	18	-1.7218657e-01
5	19	9.3399236e-02
5	20	-1.1407328e-01
5	21	1.9128971e-01
5	22	1.0852070e-01
5	23	1.3464635e-02
5	24	3.2416564e-01
6	7	1.6518485e-01
6	8	1.5481991e-01
6	9	-1.5959551e-01
6	10	1.3510680e-01
6	11	-1.9551816e-02
6	12	1.3193562e-01
6	13	-1.0966003e-01
6	14	-9.8916993e-02
6	15	8.9494252e-02
6	16	-1.2458387e-01
6	17	-1.9059206e-01
6	18	-2.0289245e-01
6	19	1.9320617e-02
6	20	-5.4550716e-03
6	21	6.3462786e-02
6	22	4.0223228e-02
6	23	-1.1924117e-01
6	24	8.1286013e-02
7	8	6.8224746e-02
7	9	2.5026466e-01
7	10	2.8810491e-01
7	11	1.5563530e-01
7	12	6.0664293e-02
7	13	-2.7354448e-01
7	14	9.6129189e-02
7	15	1.2343307e-01
7	16	3.1163818e-02
7	17	-2.3765945e-01
7	18	-2.8314311e-01
7	19	-3.3524826e-01
7	20	-3.1110569e-01
7	21	1.0124279e-01
7	22	2.8540473e-02
7	23	5.0641271e-02
7	24	-7.8578420e-02
8	9	-6.6280904e-03
8	10	-6.4348799e-02
8	11	5.2665294e-02
8	12	2.2760899e-01
8	13	-1.3531426e-01
8	14	-2.1926061e-01
8	15	1.8357452e-01
8	16	-2.6915089e-01
8	17	-1.2762081e-01
8	18	-4.7011881e-02
8	19	7.1889869e-02
8	20	-8.6487609e-02
8	21	5.1962754e-02
8	22	-1.1112797e-01
8	23	3.4186281e-02
8	24	7.4367269e-02
9	10	-1.3711107e-01
9	11	5.1261966e-02
9	12	-2.1438122e-01
9	13	2.4910146e-02
9	14	-4.5207495e-02
9	15	1.7717575e-01
9	16	-1.0577235e-01
9	17	5.9063252e-02
9	18	1.4851702e-01
9	19	-1.9922464e-01
9	20	-1.2689616e-01
9	21	1.0147539e-01
9	22	-1.8563316e-01
9	23	-1.1198643e-02
9	24	-1.0444387e-01
10	11	-4.9643706e-02
10	12	3.9225554e-02
10	13	7.1272736e-02
10	14	1.6190719e-01
10	15	4.0783200e-02
10	16	-1.8943769e-02
10	17	-1.2366627e-01
10	18	-2.6939859e-01
10	19	-4.8295264e-03
10	20	-1.3235580e-01
10	21	1.5718007e-01
10	22	1.9044993e-01
10	23	-5.5295552e-02
10	24	1.7210252e-01
11	12	3.5509866e-02
11	13	-1.6475300e-01
11	14	1.3575832e-01
11	15	1.6744852e-02
11	16	-6.2106435e-02
11	17	-7.5198993e-02
11	18	5.7723808e-02
11	19	-1.9079200e-01
11	20	-1.3205525e-02
11	21	-1.1502684e-01
11	22	-2.0332905e-01
11	23	1.3373914e-01
11	24	-1.7723882e-01
12	13	-2.3688723e-01
12	14	1.0401770e-02
12	15	5.1574546e-02
12	16	4.3380422e-02
12	17	-5.9164698e-02
12	18	-1.4967897e-01
12	19	1.7510981e-02
12	20	1.3995151e-01
12	21	-3.7386198e-01
12	22	1.4491183e-01
12	23	2.2803029e-01
12	24	-5.1204465e-02
13	14	6.4594245e-02
13	15	1.9459175e-01
13	16	1.3099862e-01
13	17	1.2019137e-01
13	18	-5.5924710e-02
13	19	9.9766728e-02
13	20	-2.3284041e-01
13	21	1.4251705e-01
13	22	6.5081454e-02
13	23	-4.6790337e-04
13	24	1.8842058e-01
14	15	4.2067284e-02
14	16	8.6536043e-02
14	17	-1.3131134e-02
14	18	-3.9192504e-02
14	19	7.3381408e-02
14	20	-8.5683035e-02
14	21	-1.0779384e-01
14	22	2.3015739e-01
14	23	1.1620676e-01
14	24	-1.0762737e-01
15	16	-1.6771369e-01
15	17	-1.1667394e-01
15	18	-1.3643490e-01
15	19	-3.7112927e-02
15	20	-1.3644489e-01
15	21	-1.4812471e-02
15	22	-3.5747589e-03
15	23	-3.3068936e-02
15	24	-2.0966814e-02
16	17	1.5054190e-01
16	18	-2.8512006e-02
16	19	2.7247829e-03
16	20	-4.0138464e-02
16	21	-2.2628806e-01
16	22	1.4253169e-01
16	23	2.3109470e-01
16	24	-6.5957457e-02
17	18	1.5938121e-01
17	19	3.5610247e-02
17	20	1.9078829e-02
17	21	-6.6518431e-02
17	22	1.9606553e-02
17	23	4.5798149e-02
17	24	1.1147481e-02
18	19	5.1190947e-03
18	20	1.1626973e-01
18	21	-4.0253899e-02
18	22	-1.4845944e-01
18	23	-1.9194859e-02
18	24	-1.1862441e-01
19	20	-1.8726667e-02
19	21	1.1089479e-01
19	22	3.2536316e-01
19	23	-6.1805710e-02
19	24	8.0190776e-02
20	21	-2.4434726e-01
20	22	-2.1549086e-02
20	23	-7.6351274e-02
20	24	-1.7114992e-01
21	22	-4.6417033e-02
21	23	-2.5736617e-01
21	24	2.6566608e-01
22	23	-7.4057750e-02
22	24	9.3544796e-02
23	24	-1.1404199e-01
