0	1	-4.0789563e-03
0	2	1.3749079e-02
0	3	-6.3654598e-02
0	4	1.5257530e-02
0	5	-1.1733966e-02
0	6	-1.8678322e-01
0	7	2.2826601e-02
0	8	-2.1028706e-02
0	9	1.5712479e-01
0	10	4.4129887e-02
0	11	4.3207869e-02
0	12	-4.6344737e-02
0	13	2.1049091e-01
0	14	-4.1054324e-02
0	15	7.0364370e-02
0	16	1.1062662e-01
0	17	-5.8956161e-02
0	18	2.7903649e-02
0	19	1.1200845e-01
0	20	-4.8420045e-02
0	21	-1.3322016e-01
0	22	7.6158304e-03
0	23	-1.1759918e-01
0	24	-4.3465530e-03
1	2	3.3412459e-02
1	3	-5.5564985e-02
1	4	-6.1021916e-02
1	5	3.7517127e-02
1	6	2.6322172e-04
1	7	-9.9520312e-03
1	8	-1.1496008e-01
1	9	-2.5151800e-03
1	10	-1.3244676e-02
1	11	3.4851154e-02
1	12	-5.6084795e-02
1	13	-6.0092840e-02
1	14	-5.2241823e-02
1	15	1.2886102e-01
1	16	8.9845023e-03
1	17	1.6736333e-02
1	18	5.5135708e-02
1	19	-1.2767960e-01
1	20	7.2849151e-03
1	21	1.0091407e-02
1	22	5.1243756e-02
1	23	6.6157081e-03
1	24	5.1278961e-02
2	3	-1.7165573e-01
2	4	7.2774433e-02
2	5	-6.8048141e-02
2	6	-1.6768930e-02
2	7	-6.5397967e-02
2	8	2.6133396e-02
2	9	3.1387914e-02
2	10	1.3352352e-01
2	11	-1.2109425e-02
2	12	5.5477191e-02
2	13	1.0792513e-01
2	14	-6.0006276e-02
2	15	-7.8153365e-02
2	16	1.9815313e-02
2	17	-1.1272081e-02
2	18	7.7797132e-03
2	19	4.7656737e-02
2	20	-4.3793402e-03
2	21	1.0899481e-01
2	22	-3.6445654e-02
2	23	-2.4904208e-01
2	24	4.4251972e-02
3	4	-2.2256519e-02
3	5	6.6269534e-02
3	6	1.9328982e-02
3	7	-4.7298632e-02
3	8	-1.6945496e-02
3	9	-1.0614467e-01
3	10	-1.3216406e-01
3	11	-1.7769219e-02
3	12	-7.1873577e-02
3	13	-1.3744688e-01
3	14	1.0106993e-02
3	15	2.0407141e-02
3	16	1.0424546e-01
3	17	-8.9626687e-02
3	18	-1.7370692e-02
3	19	-7.6215489e-02
3	20	4.8474632e-03
3	21	2.4868419e-02
3	22	4.2190683e-02
3	23	1.5890899e-01
3	24	6.2092067e-02
4	5	2.7825432e-02
4	6	-1.3283986e-01
4	7	3.8439326e-02
4	8	1.4222287e-01
4	9	2.8341669e-03
4	10	5.4159762e-02
4	11	-2.6006395e-02
4	12	5.5444808e-02
4	13	1.9167967e-01
4	14	-7.2031539e-02
4	15	-1.3008461e-01
4	16	-5.6358323e-02
4	17	-8.2859885e-02
4	18	-2.2419075e-02
4	19	-1.1761655e-01
4	20	1.7725795e-01
4	21	8.6435801e-02
4	22	-1.6017042e-01
4	23	-6.3076712e-02
4	24	2.4536519e-01
5	6	-1.5026180e-02
5	7	-9.9996185e-02
5	8	6.5362241e-02
5	9	-5.5743974e-02
5	10	-1.0905900e-01
5	11	-5.6816575e-02
5	12	-4.3397619e-02
5	13	-5.1789507e-02
5	14	-1.5468511e-01
5	15	3.6575034e-02
5	16	-7.0393307e-02
5	17	-5.6927642e-02
5	18	-6.6554354e-02
5	19	-1.5837542e-01
5	20	-3.5952740e-02
5	21	-1.1165850e-03
5	22	-4.6374525e-03
5	23	1.1674141e-01
5	24	5.6529839e-02
6	7	3.3650092e-02
6	8	3.0869394e-02
6	9	-1.1429871e-01
6	10	9.3419895e-03
6	11	-1.3367891e-02
6	12	8.4069029e-02
6	13	-8.8265197e-02
6	14	1.6541886e-01
6	15	-2.7255578e-01
6	16	-5.9398096e-02
6	17	1.2940613e-01
6	18	5.0561671e-02
6	19	-2.1337169e-02
6	20	4.4557791e-02
6	21	-3.1312390e-03
6	22	7.3714411e-02
6	23	2.4878801e-02
6	24	4.4381192e-03
7	8	-4.1615907e-02
7	9	1.7946821e-02
7	10	-3.7404794e-02
7	11	1.2174774e-01
7	12	4.4659201e-02
7	13	1.3761514e-01
7	14	7.5978492e-02
7	15	7.1911393e-02
7	16	6.4495897e-02
7	17	-6.4423488e-04
7	18	7.1738827e-02
7	19	1.8380643e-02
7	20	3.2444891e-02
7	21	-1.2922148e-01
7	22	8.1527484e-02
7	23	-3.2040335e-02
7	24	-9.2685703e-02
8	9	-5.5883155e-02
8	10	1.9878398e-01
8	11	-2.0754658e-01
8	12	1.8609038e-01
8	13	1.3782210e-01
8	14	-1.9376634e-01
8	15	-2.4046936e-01
8	16	-1.4244571e-01
8	17	1.3903884e-01
8	18	2.1537811e-02
8	19	5.2431153e-02
8	20	-8.0309234e-02
8	21	-8.6906490e-02
8	22	-1.0438714e-01
8	23	3.7735941e-02
8	24	1.6580589e-02
9	10	-4.2916382e-02
9	11	5.4783325e-03
9	12	5.0288333e-02
9	13	3.9213714e-02
9	14	3.9438238e-02
9	15	9.4652524e-02
9	16	4.5990178e-02
9	17	-4.9710609e-02
9	18	2.5082052e-02
9	19	5.0026497e-03
9	20	5.7591873e-02
9	21	-8.1669715e-02
9	22	-1.1723877e-01
9	23	3.9978355e-02
9	24	4.0418587e-02
10	11	-9.7334694e-02
10	12	1.0239571e-01
10	13	1.5234911e-01
10	14	-3.9983516e-02
10	15	-2.1271921e-01
10	16	-1.3093300e-01
10	17	2.5223908e-01
10	18	9.2687175e-02
10	19	1.7689295e-01
10	20	-5.6321256e-02
10	21	-3.5694201e-02
10	22	-1.5634929e-02
10	23	-9.1475957e-02
10	24	4.7092009e-02
11	12	-1.1542375e-01
11	13	3.1330421e-02
11	14	1.4243863e-01
11	15	7.6989913e-02
11	16	1.3302918e-01
11	17	-9.9453439e-02
11	18	-1.9502134e-02
11	19	5.3485436e-02
11	20	3.0461914e-03
11	21	4.1657073e-02
11	22	1.0244836e-01
11	23	-1.6100695e-01
11	24	-6.3672282e-02
12	13	6.9526719e-02
12	14	-9.0228409e-02
12	15	-6.6265554e-02
12	16	-1.1414608e-01
12	17	5.4402779e-02
12	18	-4.5549626e-03
12	19	2.2891599e-02
12	20	-2.8178605e-02
12	21	-3.7220720e-02
12	22	-3.4261598e-02
12	23	1.3675201e-01
12	24	5.9240556e-02
13	14	-8.1547928e-02
13	15	-1.2645998e-01
13	16	5.9552196e-02
13	17	-3.9406242e-02
13	18	3.1385000e-02
13	19	1.4366229e-01
13	20	-1.2149305e-02
13	21	-1.1118143e-01
13	22	2.5080810e-02
13	23	-2.8990031e-01
13	24	-5.5417359e-03
14	15	-2.3550238e-01
14	16	-3.1509060e-03
14	17	8.6570187e-02
14	18	1.8478377e-02
14	19	1.2061520e-01
14	20	1.8456183e-01
14	21	1.9241139e-02
14	22	-2.4365904e-02
14	23	-5.3051716e-02
14	24	-2.5758331e-02
15	16	1.0177737e-01
15	17	-1.9589974e-01
15	18	-5.8327467e-02
15	19	-1.1853224e-01
15	20	-1.4494114e-01
15	21	-1.9397794e-02
15	22	1.1135724e-01
15	23	2.1039526e-01
15	24	-1.1704915e-01
16	17	-2.3843870e-01
16	18	9.2499858e-02
16	19	1.4449144e-02
16	20	-6.4555995e-02
16	21	2.1909751e-02
16	22	9.5236070e-02
16	23	-3.2344852e-01
16	24	-2.7034190e-02
17	18	1.2681362e-01
17	19	6.3540875e-02
17	20	2.6847256e-02
17	21	-1.2771026e-01
17	22	-4.3856245e-02
17	23	1.2034159e-01
17	24	-3.0889756e-02
18	19	-8.9995855e-02
18	20	8.9942999e-02
18	21	-1.2785666e-01
18	22	-2.4379529e-02
18	23	-5.1235897e-02
18	24	6.0726112e-02
19	20	-2.2149541e-01
19	21	-8.9035290e-03
19	22	9.1997230e-02
19	23	-2.1006143e-01
19	24	-2.5391159e-01
20	21	-6.2534567e-03
20	22	-1.7272396e-01
20	23	5.6485078e-02
20	24	2.0563309e-01
21	22	-1.6583037e-03
21	23	-1.0451251e-01
21	24	9.3085007e-02
22	23	-5.5943010e-02
22	24	-1.0099724e-01
23	24	1.4654597e-01
