0	1	5260
0	2	8740
0	3	-6492
0	4	-668
0	5	-7164
0	6	-7956
0	7	-2132
0	8	-3140
0	9	-1236
0	10	2236
0	11	1348
0	12	5828
0	13	332
0	14	788
0	15	5828
0	16	-3140
0	17	3244
0	18	4028
0	19	-6044
0	20	-4364
0	21	-1908
0	22	4252
0	23	1796
0	24	-4036
0	25	3924
0	26	8852
0	27	-4148
1	2	-892
1	3	-3580
1	4	-892
1	5	-1116
1	6	-4596
1	7	-5044
1	8	-2916
1	9	-4148
1	10	-676
1	11	4260
1	12	2468
1	13	-2580
1	14	-2572
1	15	2468
1	16	-6052
1	17	332
1	18	4252
1	19	-3132
1	20	-1452
1	21	-1684
1	22	-1796
1	23	4708
1	24	-676
1	25	3700
1	26	-780
1	27	2348
2	3	2124
2	4	5708
2	5	-9748
2	6	-3356
2	7	228
2	8	1236
2	9	2468
2	10	2132
2	11	3692
2	12	2348
2	13	900
2	14	-2020
2	15	-788
2	16	1236
2	17	7396
2	18	-5932
2	19	-4596
2	20	-4
2	21	6276
2	22	3252
2	23	6380
2	24	5268
2	25	1116
2	26	2460
2	27	-892
3	4	2124
3	5	-7060
3	6	3364
3	7	3812
3	8	1684
3	9	2916
3	10	2580
3	11	108
3	12	-1236
3	13	4484
3	14	668
3	15	-4372
3	16	7956
3	17	-1564
3	18	-5484
3	19	-1908
3	20	2684
3	21	452
3	22	-5708
3	23	-340
3	24	-556
3	25	-8740
3	26	-4260
3	27	-3580
4	5	2796
4	6	2916
4	7	3364
4	8	4372
4	9	8740
4	10	8404
4	11	-2580
4	12	2348
4	13	-5372
4	14	-11428
4	15	2348
4	16	1236
4	17	10532
4	18	-5932
4	19	7948
4	20	3132
4	21	9412
4	22	-9292
4	23	-3028
4	24	-1004
4	25	-2020
4	26	-3812
4	27	-892
5	6	2692
5	7	3140
5	8	7284
5	9	2244
5	10	-4364
5	11	780
5	12	-564
5	13	-2460
5	14	-4932
5	15	-564
5	16	-2124
5	17	-2236
5	18	116
5	19	5036
5	20	-2916
5	21	-220
5	22	-108
5	23	-2804
5	24	-1228
5	25	4476
5	26	-6724
5	27	5156
6	7	3692
6	8	-3588
6	9	4588
6	10	-1348
6	11	1796
6	12	3140
6	13	-3252
6	14	-5036
6	15	3140
6	16	2684
6	17	-340
6	18	444
6	19	6948
6	20	11764
6	21	3916
6	22	-2468
6	23	-4028
6	24	-1348
6	25	1236
6	26	-6380
6	27	4812
7	8	-900
7	9	4140
7	10	7612
7	11	-4028
7	12	3588
7	13	-564
7	14	1684
7	15	-2684
7	16	-900
7	17	-3924
7	18	-3140
7	19	1124
7	20	2804
7	21	3468
7	22	-9188
7	23	2692
7	24	1340
7	25	1684
7	26	340
7	27	1228
8	9	-3140
8	10	332
8	11	116
8	12	1460
8	13	-1572
8	14	-444
8	15	-1676
8	16	4364
8	17	-4932
8	18	-1012
8	19	2132
8	20	-5596
8	21	-676
8	22	-788
8	23	-2572
8	24	-2804
8	25	-444
8	26	-4924
8	27	220
9	10	5372
9	11	-4924
9	12	-3580
9	13	-2804
9	14	-2348
9	15	5828
9	16	-6276
9	17	6380
9	18	892
9	19	6500
9	20	5044
9	21	1228
9	22	-2020
9	23	4932
9	24	-900
9	25	-2348
9	26	-556
9	27	-1012
10	11	-5260
10	12	-780
10	13	668
10	14	452
10	15	2356
10	16	-5940
10	17	3580
10	18	-1908
10	19	-108
10	20	1572
10	21	-1572
10	22	-14228
10	23	-1676
10	24	-6836
10	25	452
10	26	-892
10	27	-3812
11	12	6604
11	13	2916
11	14	-4036
11	15	3468
11	16	116
11	17	4
11	18	5492
11	19	-3476
11	20	1116
11	21	5156
11	22	5268
11	23	-5044
11	24	4148
11	25	-4036
11	26	-2692
11	27	-2012
12	13	4260
12	14	892
12	15	2124
12	16	-1676
12	17	-4924
12	18	6836
12	19	-4820
12	20	2908
12	21	6500
12	22	3476
12	23	-116
12	24	-780
12	25	-2244
12	26	-900
12	27	2468
13	14	8628
13	15	-5148
13	16	1564
13	17	-1460
13	18	-676
13	19	-7612
13	20	340
13	21	-9748
13	22	2684
13	23	228
13	24	668
13	25	-780
13	26	1012
13	27	-2580
14	15	-8516
14	16	-3580
14	17	-6828
14	18	4932
14	19	-6052
14	20	-4596
14	21	-7948
14	22	4708
14	23	8060
14	24	-2684
14	25	-340
14	26	-2132
14	27	-2572
15	16	-1676
15	17	-1788
15	18	6836
15	19	4588
15	20	-228
15	21	3364
15	22	-2796
15	23	-116
15	24	-780
15	25	-5380
15	26	2236
15	27	2468
16	17	-1796
16	18	-10420
16	19	5268
16	20	676
16	21	5596
16	22	2348
16	23	-5708
16	24	332
16	25	-444
16	26	1348
16	27	-2916
17	18	-7172
17	19	5156
17	20	3700
17	21	2572
17	22	-676
17	23	-2684
17	24	444
17	25	5716
17	26	-1900
17	27	-5940
18	19	-5036
18	20	-220
18	21	-6052
18	22	3244
18	23	2804
18	24	-1908
18	25	-4476
18	26	452
18	27	-2020
19	20	2236
19	21	4036
19	22	-5260
19	23	-7060
19	24	-108
19	25	3356
19	26	-4708
19	27	6276
20	21	2580
20	22	-3580
20	23	-5604
20	24	4708
20	25	1676
20	26	-3252
20	27	-1452
21	22	444
21	23	2468
21	24	7836
21	25	-4812
21	26	-3020
21	27	-1684
22	23	2580
22	24	-1684
22	25	1572
22	26	6500
22	27	-1796
23	24	7732
23	25	-1348
23	26	-4
23	27	-1564
24	25	-2684
24	26	-892
24	27	-676
25	26	-2132
25	27	3700
26	27	-3916
