0	1	2512
0	2	-3872
0	3	1184
0	4	5552
0	5	2080
0	6	4544
0	7	-736
0	8	384
0	9	-4864
0	10	-2960
0	11	3424
0	12	-624
0	13	-3072
0	14	-944
0	15	-2864
0	16	384
0	17	6336
0	18	-2528
0	19	-4304
0	20	-1296
0	21	-3312
0	22	608
0	23	-4416
0	24	1856
0	25	-1184
0	26	-272
0	27	1632
1	2	-848
1	3	-8112
1	4	2528
1	5	-4080
1	6	4656
1	7	2288
1	8	-9136
1	9	1520
1	10	288
1	11	-2736
1	12	2400
1	13	176
1	14	11712
1	15	160
1	16	-9136
1	17	6448
1	18	6768
1	19	5216
1	20	-4544
1	21	-3424
1	22	3632
1	23	1968
1	24	-4304
1	25	4976
1	26	-3296
1	27	4880
2	3	1408
2	4	-3632
2	5	-7104
2	6	7904
2	7	-960
2	8	3296
2	9	-1504
2	10	3536
2	11	-2624
2	12	-848
2	13	6560
2	14	2416
2	15	48
2	16	160
2	17	3424
2	18	3520
2	19	2192
2	20	1616
2	21	2736
2	22	384
2	23	-1056
2	24	-1056
2	25	-4544
2	26	6224
2	27	1856
3	4	48
3	5	384
3	6	-2080
3	7	4544
3	8	288
3	9	-2080
3	10	5424
3	11	-960
3	12	-4976
3	13	-736
3	14	-6000
3	15	3536
3	16	9696
3	17	-3872
3	18	-6208
3	19	3632
3	20	-1168
3	21	7120
3	22	64
3	23	608
3	24	608
3	25	4992
3	26	-400
3	27	-2304
4	5	2288
4	6	2960
4	7	-3632
4	8	4656
4	9	-176
4	10	-5216
4	11	944
4	12	2528
4	13	-1968
4	14	-960
4	15	4768
4	16	-1616
4	17	-5104
4	18	1296
4	19	-736
4	20	-3072
4	21	-1056
4	22	1296
4	23	-624
4	24	-3760
4	25	6224
4	26	-1632
4	27	9008
5	6	160
5	7	5440
5	8	7456
5	9	-2976
5	10	-1744
5	11	4416
5	12	2192
5	13	-1632
5	14	-624
5	15	1296
5	16	-1952
5	17	-1632
5	18	960
5	19	-3536
5	20	-272
5	21	4880
5	22	-2176
5	23	-6560
5	24	2848
5	25	-384
5	26	-1296
5	27	-3200
6	7	-1504
6	8	-2624
6	9	-2304
6	10	-1072
6	11	-4320
6	12	1520
6	13	8448
6	14	3184
6	15	3760
6	16	512
6	17	5312
6	18	288
6	19	-6000
6	20	-944
6	21	-2064
6	22	9696
6	23	-5888
6	24	-5888
6	25	2080
6	26	5648
6	27	3744
7	8	-6112
7	9	1632
7	10	400
7	11	-2624
7	12	-3984
7	13	-2848
7	14	-720
7	15	-6224
7	16	-2976
7	17	288
7	18	-2752
7	19	5328
7	20	-4656
7	21	-400
7	22	3520
7	23	-4192
7	24	8352
7	25	1728
7	26	-3184
7	27	-7552
8	9	-2624
8	10	-720
8	11	2528
8	12	272
8	13	5440
8	14	-1840
8	15	4304
8	16	-4992
8	17	-3968
8	18	4640
8	19	-2064
8	20	9008
8	21	720
8	22	-7904
8	23	-5312
8	24	960
8	25	-3424
8	26	8240
8	27	736
9	10	5200
9	11	1952
9	12	-4752
9	13	-7232
9	14	-3088
9	15	6896
9	16	512
9	17	-7232
9	18	-2848
9	19	272
9	20	2192
9	21	1072
9	22	3424
9	23	-5888
9	24	384
9	25	-4192
9	26	2512
9	27	-5664
10	11	3184
10	12	-5984
10	13	-2864
10	14	-4992
10	15	8800
10	16	5552
10	17	-2864
10	18	-944
10	19	7776
10	20	4096
10	21	2976
10	22	-944
10	23	-4656
10	24	1616
10	25	848
10	26	608
10	27	-4432
11	12	3536
11	13	-2976
11	14	-8240
11	15	2640
11	16	2528
11	17	160
11	18	-832
11	19	4528
11	20	1072
11	21	-48
11	22	-832
11	23	-4768
11	24	1504
11	25	960
11	26	496
11	27	-10816
12	13	6448
12	14	5440
12	15	160
12	16	272
12	17	176
12	18	496
12	19	2080
12	20	-7680
12	21	-3424
12	22	-5776
12	23	1968
12	24	-1168
12	25	-1296
12	26	-6432
12	27	-1392
13	14	1392
13	15	5552
13	16	-3968
13	17	384
13	18	2080
13	19	-1520
13	20	848
13	21	-6544
13	22	-1056
13	23	-4544
13	24	-4544
13	25	736
13	26	6992
13	27	-1184
14	15	-4864
14	16	-8112
14	17	4528
14	18	4208
14	19	-512
14	20	-3296
14	21	1856
14	22	-2064
14	23	5872
14	24	-6672
14	25	2864
14	26	-4544
14	27	6096
15	16	4304
15	17	-6992
15	18	-1744
15	19	1184
15	20	2624
15	21	-2528
15	22	1392
15	23	-8336
15	24	-5200
15	25	-400
15	26	8352
15	27	848
16	17	-3968
16	18	-7904
16	19	1072
16	20	-3536
16	21	3856
16	22	1504
16	23	960
16	24	4096
16	25	-288
16	26	-1168
16	27	-2400
17	18	5216
17	19	1616
17	20	-2288
17	21	2864
17	22	8352
17	23	4864
17	24	1728
17	25	736
17	26	-5552
17	27	1952
18	19	3984
18	20	-3312
18	21	944
18	22	-1408
18	23	736
18	24	736
18	25	-6336
18	26	-1392
18	27	3648
19	20	-384
19	21	1632
19	22	848
19	23	2960
19	24	2960
19	25	5776
19	26	-4320
19	27	-3088
20	21	2176
20	22	-3312
20	23	-496
20	24	-496
20	25	1168
20	26	13056
20	27	-720
21	22	-2192
21	23	7792
21	24	-1616
21	25	2288
21	26	-3744
21	27	1296
22	23	-2400
22	24	736
22	25	6208
22	26	-1392
22	27	3648
23	24	-6336
23	25	5664
23	26	-7344
23	27	6432
24	25	-3744
24	26	-1072
24	27	-6112
25	26	-2736
25	27	2304
26	27	-848
