0	1	-520
0	2	1720
0	3	-520
0	4	-3000
0	5	680
0	6	280
0	7	-2120
0	8	1240
0	9	520
0	10	1640
0	11	1400
0	12	-1080
0	13	-1560
0	14	-1240
0	15	-40
0	16	440
0	17	40
0	18	-1720
0	19	-1960
1	2	1160
1	3	840
1	4	1720
1	5	-360
1	6	40
1	7	200
1	8	-920
1	9	1400
1	10	1880
1	11	520
1	12	-200
1	13	280
1	14	-40
1	15	-1240
1	16	-1720
1	17	-360
1	18	2040
1	19	680
2	3	1480
2	4	-840
2	5	-1320
2	6	-920
2	7	-2040
2	8	-280
2	9	2040
2	10	2520
2	11	1160
2	12	-1160
2	13	-680
2	14	600
2	15	-600
2	16	-1080
2	17	-1000
2	18	-520
2	19	-280
3	4	440
3	5	-680
3	6	-1080
3	7	-760
3	8	-120
3	9	2360
3	10	280
3	11	1640
3	12	760
3	13	280
3	14	-1000
3	15	-1400
3	16	-2520
3	17	-200
3	18	120
3	19	-120
4	5	-1560
4	6	-360
4	7	1720
4	8	-1000
4	9	-120
4	10	-600
4	11	-840
4	12	1480
4	13	1000
4	14	1320
4	15	-680
4	16	-200
4	17	-920
4	18	840
4	19	600
5	6	1720
5	7	-360
5	8	1080
5	9	360
5	10	-1720
5	11	-360
5	12	360
5	13	-120
5	14	-3000
5	15	-200
5	16	-1320
5	17	200
5	18	-280
5	19	-520
6	7	1640
6	8	-920
6	9	-40
6	10	-520
6	11	840
6	12	-40
6	13	-520
6	14	-200
6	15	-600
6	16	-120
6	17	2200
6	18	920
6	19	-920
7	8	-920
7	9	-1800
7	10	-1320
7	11	520
7	12	-200
7	13	1880
7	14	1560
7	15	-1240
7	16	1480
7	17	1240
7	18	2040
7	19	680
8	9	-680
8	10	-1160
8	11	200
8	12	920
8	13	-1160
8	14	-2440
8	15	-1240
8	16	-760
8	17	-1960
8	18	-1320
8	19	40
9	10	1320
9	11	1080
9	12	200
9	13	-280
9	14	-1560
9	15	-360
9	16	-3080
9	17	360
9	18	-440
9	19	-680
10	11	600
10	12	-1880
10	13	-760
10	14	1160
10	15	760
10	16	-360
10	17	840
10	18	680
10	19	440
11	12	-520
11	13	600
11	14	-680
11	15	-2680
11	16	-600
11	17	1080
11	18	440
11	19	-1400
12	13	-1880
12	14	-1560
12	15	-360
12	16	-1480
12	17	-1240
12	18	-440
12	19	-680
13	14	1160
13	15	-840
13	16	1240
13	17	840
13	18	680
13	19	440
14	15	1080
14	16	3160
14	17	520
14	18	1000
14	19	760
15	16	1160
15	17	920
15	18	-1000
15	19	360
16	17	440
16	18	-520
16	19	-760
17	18	1000
17	19	-360
18	19	1880
