0	1	48
0	2	-1088
0	3	-528
0	4	688
0	5	1952
0	6	-608
0	7	128
0	8	192
0	9	-528
0	10	192
0	11	-1408
0	12	-352
0	13	2112
0	14	2192
0	15	-1312
0	16	1312
0	17	448
0	18	768
0	19	48
1	2	592
1	3	-448
1	4	-992
1	5	-1168
1	6	1072
1	7	1648
1	8	-1328
1	9	1152
1	10	1872
1	11	272
1	12	-432
1	13	592
1	14	672
1	15	208
1	16	-208
1	17	-1232
1	18	688
1	19	-32
2	3	-1712
2	4	-1648
2	5	-992
2	6	1568
2	7	-1088
2	8	-832
2	9	-112
2	10	-832
2	11	-832
2	12	992
2	13	448
2	14	368
2	15	1952
2	16	1248
2	17	192
2	18	-128
2	19	2192
3	4	-1088
3	5	1648
3	6	1008
3	7	1072
3	8	-1392
3	9	-2272
3	10	208
3	11	208
3	12	-1648
3	13	-1712
3	14	-1792
3	15	-688
3	16	-2512
3	17	-848
3	18	432
3	19	-448
4	5	-208
4	6	-1168
4	7	688
4	8	2832
4	9	512
4	10	-368
4	11	1232
4	12	208
4	13	-48
4	14	1632
4	15	-752
4	16	752
4	17	-592
4	18	1328
4	19	-2592
5	6	1728
5	7	-1248
5	8	-672
5	9	-3152
5	10	-672
5	11	-672
5	12	-768
5	13	608
5	14	528
5	15	192
5	16	-192
5	17	1632
5	18	1312
5	19	432
6	7	-608
6	8	-1312
6	9	-2192
6	10	288
6	11	288
6	12	-128
6	13	-32
6	14	-112
6	15	2432
6	16	-832
6	17	672
6	18	1952
6	19	1072
7	8	192
7	9	1072
7	10	1792
7	11	192
7	12	-352
7	13	-1088
7	14	592
7	15	-1312
7	16	-288
7	17	-2752
7	18	768
7	19	-1552
8	9	1808
8	10	-512
8	11	-512
8	12	672
8	13	-832
8	14	688
8	15	32
8	16	1568
8	17	-128
8	18	1152
8	19	-1328
9	10	1808
9	11	208
9	12	1552
9	13	-112
9	14	-192
9	15	-688
9	16	688
9	17	-848
9	18	-1168
9	19	-448
10	11	1088
10	12	2272
10	13	-832
10	14	-912
10	15	-1568
10	16	-1632
10	17	-1728
10	18	-448
10	19	272
11	12	672
11	13	-832
11	14	-912
11	15	32
11	16	-1632
11	17	-128
11	18	-448
11	19	-1328
12	13	-608
12	14	-528
12	15	-192
12	16	192
12	17	-32
12	18	-1312
12	19	1168
13	14	1968
13	15	352
13	16	1248
13	17	1792
13	18	-128
13	19	592
14	15	432
14	16	2768
14	17	272
14	18	1552
14	19	-928
15	16	1152
15	17	2208
15	18	928
15	19	208
16	17	992
16	18	672
16	19	-208
17	18	-512
17	19	368
18	19	-912
