0	1	-2448
0	2	272
0	3	288
0	4	-912
0	5	1552
0	6	848
0	7	-48
0	8	592
0	9	128
0	10	-832
0	11	-592
0	12	-32
0	13	-832
0	14	-1328
0	15	-32
0	16	1792
0	17	-368
0	18	-912
0	19	-1472
1	2	1008
1	3	32
1	4	1232
1	5	-1872
1	6	1072
1	7	1328
1	8	-912
1	9	192
1	10	-448
1	11	912
1	12	352
1	13	1152
1	14	-592
1	15	-1248
1	16	-512
1	17	48
1	18	1232
1	19	192
2	3	-448
2	4	752
2	5	208
2	6	-1008
2	7	208
2	8	-432
2	9	-288
2	10	672
2	11	432
2	12	1472
2	13	672
2	14	-3312
2	15	-128
2	16	1568
2	17	528
2	18	752
2	19	-288
3	4	-1792
3	5	832
3	6	-32
3	7	-2368
3	8	1472
3	9	-2352
3	10	-112
3	11	-1472
3	12	688
3	13	-1712
3	14	-448
3	15	688
3	16	-528
3	17	-1088
3	18	-1792
3	19	848
4	5	432
4	6	368
4	7	432
4	8	-528
4	9	-352
4	10	-1312
4	11	-1072
4	12	-512
4	13	288
4	14	-848
4	15	1088
4	16	-928
4	17	112
4	18	1808
4	19	-352
5	6	-1328
5	7	-1072
5	8	1488
5	9	-608
5	10	352
5	11	-1488
5	12	1152
5	13	-1248
5	14	-1392
5	15	2752
5	16	288
5	17	848
5	18	432
5	19	-608
6	7	1872
6	8	912
6	9	-192
6	10	-1152
6	11	-912
6	12	-1952
6	13	448
6	14	592
6	15	-1952
6	16	-1088
6	17	-1648
6	18	368
6	19	-192
7	8	-112
7	9	2592
7	10	352
7	11	1712
7	12	-448
7	13	1952
7	14	208
7	15	-2048
7	16	288
7	17	848
7	18	2032
7	19	-608
8	9	-1568
8	10	992
8	11	-2448
8	12	192
8	13	-608
8	14	-432
8	15	192
8	16	-1952
8	17	208
8	18	1072
8	19	1632
9	10	-272
9	11	3168
9	12	528
9	13	1328
9	14	1312
9	15	-1072
9	16	1232
9	17	2272
9	18	1248
9	19	-912
10	11	608
10	12	1168
10	13	368
10	14	-928
10	15	-432
10	16	592
10	17	32
10	18	288
10	19	-272
11	12	1408
11	13	608
11	14	432
11	15	-1792
11	16	1952
11	17	1392
11	18	528
11	19	-1632
12	13	-432
12	14	-1728
12	15	368
12	16	1392
12	17	2432
12	18	1088
12	19	-1072
13	14	672
13	15	-432
13	16	592
13	17	1632
13	18	288
13	19	1328
14	15	-128
14	16	-1632
14	17	528
14	18	-848
14	19	1312
15	16	-208
15	17	832
15	18	-512
15	19	528
16	17	608
16	18	-928
16	19	-1968
17	18	1712
17	19	672
18	19	-352
