0	1	124
0	2	-1164
0	3	-1556
0	4	-524
0	5	-676
0	6	2276
0	7	284
0	8	1556
0	9	124
0	10	756
0	11	1476
0	12	-924
0	13	-596
0	14	-2276
0	15	-1804
0	16	596
0	17	-1804
0	18	-596
0	19	1164
1	2	-44
1	3	524
1	4	2196
1	5	-196
1	6	196
1	7	-836
1	8	1076
1	9	3804
1	10	276
1	11	996
1	12	196
1	13	-116
1	14	-1796
1	15	-684
1	16	116
1	17	916
1	18	-116
1	19	44
2	3	36
2	4	2044
2	5	2356
2	6	844
2	7	-204
2	8	-1636
2	9	-44
2	10	-836
2	11	44
2	12	-756
2	13	676
2	14	756
2	15	124
2	16	924
2	17	-1476
2	18	2276
2	19	-1084
3	4	676
3	5	-276
3	6	-1324
3	7	-2516
3	8	-444
3	9	524
3	10	356
3	11	1076
3	12	276
3	13	1404
3	14	1324
3	15	996
3	16	1796
3	17	996
3	18	-196
3	19	1564
4	5	1396
4	6	204
4	7	-1164
4	8	-676
4	9	2196
4	10	-1476
4	11	1004
4	12	-1396
4	13	-284
4	14	-204
4	15	-516
4	16	284
4	17	-516
4	18	1316
4	19	-2044
5	6	996
5	7	-36
5	8	-1324
5	9	-196
5	10	1076
5	11	1796
5	12	-604
5	13	2284
5	14	604
5	15	116
5	16	-684
5	17	-1484
5	18	684
5	19	-2356
6	7	1636
6	8	1324
6	9	196
6	10	524
6	11	1404
6	12	-996
6	13	916
6	14	-604
6	15	-116
6	16	-916
6	17	-3316
6	18	-684
6	19	-844
7	8	916
7	9	-836
7	10	-1484
7	11	-764
7	12	1636
7	13	-1556
7	14	-36
7	15	756
7	16	-3244
7	17	-844
7	18	44
7	19	-1396
8	9	1076
8	10	-356
8	11	524
8	12	1324
8	13	196
8	14	-1324
8	15	-996
8	16	-196
8	17	-996
8	18	196
8	19	36
9	10	276
9	11	996
9	12	196
9	13	-116
9	14	-1796
9	15	-684
9	16	116
9	17	916
9	18	-116
9	19	44
10	11	1324
10	12	-1076
10	13	2596
10	14	-524
10	15	-196
10	16	604
10	17	-196
10	18	-2204
10	19	836
11	12	-196
11	13	1716
11	14	196
11	15	684
11	16	-116
11	17	-916
11	18	116
11	19	-44
12	13	-684
12	14	-604
12	15	-116
12	16	-916
12	17	1484
12	18	916
12	19	756
13	14	684
13	15	36
13	16	836
13	17	-1564
13	18	-836
13	19	-676
14	15	3316
14	16	-684
14	17	116
14	18	684
14	19	-756
15	16	-1636
15	17	764
15	18	36
15	19	-124
16	17	-36
16	18	836
16	19	2276
17	18	36
17	19	1476
18	19	-676
