0	1	-200
0	2	-992
0	3	-1032
0	4	-1032
0	5	944
0	6	1168
0	7	-1912
0	8	-768
0	9	-1168
0	10	-1912
0	11	1080
0	12	2136
0	13	112
0	14	1032
0	15	24
0	16	-1912
0	17	-2136
0	18	-200
0	19	-992
0	20	-944
0	21	-856
1	2	-944
1	3	1032
1	4	1032
1	5	992
1	6	768
1	7	-24
1	8	-1168
1	9	-768
1	10	-24
1	11	-1080
1	12	-200
1	13	-112
1	14	-1032
1	15	1912
1	16	-24
1	17	200
1	18	2136
1	19	-944
1	20	-992
1	21	856
2	3	240
2	4	240
2	5	-152
2	6	-24
2	7	1120
2	8	1912
2	9	24
2	10	1120
2	11	64
2	12	-992
2	13	-904
2	14	-240
2	15	-816
2	16	1120
2	17	992
2	18	-944
2	19	1784
2	20	152
2	21	64
3	4	1608
3	5	240
3	6	-64
3	7	728
3	8	-64
3	9	64
3	10	728
3	11	-152
3	12	-1032
3	13	-1120
3	14	-1608
3	15	728
3	16	728
3	17	1032
3	18	1032
3	19	240
3	20	-240
3	21	-152
4	5	240
4	6	-64
4	7	728
4	8	-64
4	9	64
4	10	728
4	11	-152
4	12	-1032
4	13	-1120
4	14	-1608
4	15	728
4	16	728
4	17	1032
4	18	1032
4	19	240
4	20	-240
4	21	-152
5	6	1912
5	7	-816
5	8	-24
5	9	-1912
5	10	-816
5	11	64
5	12	944
5	13	-904
5	14	-240
5	15	1120
5	16	-816
5	17	-944
5	18	992
5	19	-152
5	20	-1784
5	21	64
6	7	-944
6	8	200
6	9	-2136
6	10	-944
6	11	112
6	12	1168
6	13	-856
6	14	64
6	15	992
6	16	-944
6	17	-1168
6	18	768
6	19	-24
6	20	-1912
6	21	112
7	8	992
7	9	944
7	10	1784
7	11	-1032
7	12	-1912
7	13	-64
7	14	-728
7	15	-152
7	16	1784
7	17	1912
7	18	-24
7	19	1120
7	20	816
7	21	904
8	9	-200
8	10	992
8	11	112
8	12	-768
8	13	-856
8	14	64
8	15	-944
8	16	992
8	17	768
8	18	-1168
8	19	1912
8	20	24
8	21	112
9	10	944
9	11	-112
9	12	-1168
9	13	856
9	14	-64
9	15	-992
9	16	944
9	17	1168
9	18	-768
9	19	24
9	20	1912
9	21	-112
10	11	-1032
10	12	-1912
10	13	-64
10	14	-728
10	15	-152
10	16	1784
10	17	1912
10	18	-24
10	19	1120
10	20	816
10	21	904
11	12	1080
11	13	-944
11	14	152
11	15	-1032
11	16	-1032
11	17	-1080
11	18	-1080
11	19	64
11	20	-64
11	21	-1912
12	13	112
12	14	1032
12	15	24
12	16	-1912
12	17	-2136
12	18	-200
12	19	-992
12	20	-944
12	21	-856
13	14	1120
13	15	-64
13	16	-64
13	17	-112
13	18	-112
13	19	-904
13	20	904
13	21	992
14	15	-728
14	16	-728
14	17	-1032
14	18	-1032
14	19	-240
14	20	240
14	21	152
15	16	-152
15	17	-24
15	18	1912
15	19	-816
15	20	-1120
15	21	904
16	17	1912
16	18	-24
16	19	1120
16	20	816
16	21	904
17	18	200
17	19	992
17	20	944
17	21	856
18	19	-944
18	20	-992
18	21	856
19	20	152
19	21	64
20	21	-64
