0	1	-240
0	2	-1696
0	3	112
0	4	112
0	5	112
0	6	416
0	7	1824
0	8	-464
0	9	-464
0	10	-944
0	11	592
0	12	816
0	13	-464
0	14	288
0	15	416
0	16	-416
0	17	-240
0	18	-464
0	19	-464
0	20	-1120
0	21	-944
1	2	240
1	3	-1824
1	4	112
1	5	112
1	6	416
1	7	-112
1	8	-464
1	9	-464
1	10	992
1	11	592
1	12	-1120
1	13	-464
1	14	288
1	15	416
1	16	-416
1	17	-240
1	18	-464
1	19	-464
1	20	-1120
1	21	992
2	3	-112
2	4	-112
2	5	-112
2	6	-416
2	7	-1824
2	8	464
2	9	464
2	10	944
2	11	-592
2	12	-816
2	13	464
2	14	-288
2	15	-416
2	16	416
2	17	240
2	18	464
2	19	464
2	20	1120
2	21	944
3	4	464
3	5	464
3	6	64
3	7	-464
3	8	1120
3	9	1120
3	10	-592
3	11	-1696
3	12	1168
3	13	1120
3	14	640
3	15	64
3	16	-64
3	17	112
3	18	1120
3	19	1120
3	20	1168
3	21	-592
4	5	2400
4	6	64
4	7	-464
4	8	1120
4	9	1120
4	10	-592
4	11	-1696
4	12	1168
4	13	1120
4	14	640
4	15	64
4	16	-64
4	17	-1824
4	18	1120
4	19	1120
4	20	-768
4	21	-592
5	6	64
5	7	-464
5	8	1120
5	9	1120
5	10	-592
5	11	-1696
5	12	1168
5	13	1120
5	14	640
5	15	64
5	16	-64
5	17	-1824
5	18	1120
5	19	1120
5	20	-768
5	21	-592
6	7	-64
6	8	288
6	9	288
6	10	1120
6	11	-768
6	12	-640
6	13	288
6	14	1824
6	15	1344
6	16	-1344
6	17	416
6	18	288
6	19	288
6	20	-640
6	21	1120
7	8	-1120
7	9	-1120
7	10	-1344
7	11	1696
7	12	768
7	13	-1120
7	14	-640
7	15	-64
7	16	64
7	17	-112
7	18	-1120
7	19	-1120
7	20	-1168
7	21	-1344
8	9	1168
8	10	240
8	11	-1824
8	12	416
8	13	1168
8	14	944
8	15	288
8	16	-288
8	17	-464
8	18	1168
8	19	1168
8	20	416
8	21	240
9	10	240
9	11	-1824
9	12	416
9	13	1168
9	14	944
9	15	288
9	16	-288
9	17	-464
9	18	1168
9	19	1168
9	20	416
9	21	240
10	11	-640
10	12	-1824
10	13	240
10	14	1520
10	15	1120
10	16	-1120
10	17	992
10	18	240
10	19	240
10	20	112
10	21	2224
11	12	-464
11	13	-1824
11	14	-1872
11	15	-768
11	16	768
11	17	592
11	18	-1824
11	19	-1824
11	20	-464
11	21	-640
12	13	416
12	14	-592
12	15	-640
12	16	640
12	17	-1120
12	18	416
12	19	416
12	20	-64
12	21	-1824
13	14	944
13	15	288
13	16	-288
13	17	-464
13	18	1168
13	19	1168
13	20	416
13	21	240
14	15	1824
14	16	-1824
14	17	288
14	18	944
14	19	944
14	20	-592
14	21	1520
15	16	-1344
15	17	416
15	18	288
15	19	288
15	20	-640
15	21	1120
16	17	-416
16	18	-288
16	19	-288
16	20	640
16	21	-1120
17	18	-464
17	19	-464
17	20	816
17	21	992
18	19	1168
18	20	416
18	21	240
19	20	416
19	21	240
20	21	112
