0	1	7936
0	2	6208
0	3	-6896
0	4	-6752
0	5	-2608
0	6	5744
0	7	-3584
0	8	1136
0	9	-992
0	10	4880
0	11	-592
0	12	-3472
0	13	5200
0	14	-3440
0	15	10496
0	16	-15536
0	17	2896
0	18	5744
0	19	1136
0	20	1888
0	21	1856
0	22	1024
0	23	11104
0	24	1424
0	25	-5024
0	26	-6496
0	27	-7904
0	28	-8192
0	29	-1712
0	30	6928
0	31	592
0	32	4448
0	33	-8944
0	34	-12224
0	35	-7472
1	2	-272
1	3	-3008
1	4	2320
1	5	9056
1	6	-13696
1	7	-4880
1	8	7616
1	9	-7472
1	10	6176
1	11	5888
1	12	13376
1	13	-1280
1	14	-9920
1	15	-8944
1	16	-1280
1	17	-3584
1	18	7040
1	19	-2752
1	20	592
1	21	8336
1	22	10096
1	23	9808
1	24	7904
1	25	-6320
1	26	-16
1	27	1168
1	28	-4304
1	29	-3008
1	30	-9920
1	31	-704
1	32	560
1	33	-12832
1	34	17584
1	35	-8768
2	3	-9920
2	4	-9776
2	5	-15136
2	6	8768
2	7	-6608
2	8	4160
2	9	-4016
2	10	-2464
2	11	-2752
2	12	-448
2	13	7360
2	14	-6464
2	15	8336
2	16	12544
2	17	-128
2	18	3584
2	19	-11392
2	20	-1136
2	21	4880
2	22	-7184
2	23	8080
2	24	-736
2	25	-13232
2	26	-3472
2	27	-560
2	28	-848
2	29	448
2	30	-6464
2	31	-7616
2	32	7472
2	33	-11104
2	34	-4880
2	35	-15680
3	4	3040
3	5	-2032
3	6	1136
3	7	-4160
3	8	6896
3	9	-6752
3	10	-4912
3	11	-16
3	12	12656
3	13	4624
3	14	-14384
3	15	5888
3	16	9808
3	17	-2864
3	18	16688
3	19	-3472
3	20	6496
3	21	-2752
3	22	448
3	23	160
3	24	2000
3	25	9952
3	26	-736
3	27	7072
3	28	-3584
3	29	8080
3	30	1168
3	31	16
3	32	10208
3	33	-3184
3	34	-12800
3	35	7504
4	5	13376
4	6	992
4	7	-4016
4	8	-3616
4	9	8944
4	10	128
4	11	5024
4	12	2144
4	13	-10784
4	14	-9056
4	15	-4624
4	16	-5600
4	17	-2720
4	18	6176
4	19	-3616
4	20	6640
4	21	-8080
4	22	-9776
4	23	10672
4	24	-13696
4	25	-272
4	26	4304
4	27	-23888
4	28	-3440
4	29	8224
4	30	-3872
4	31	10528
4	32	-304
4	33	12224
4	34	-2288
4	35	7648
5	6	3184
5	7	-5344
5	8	-12944
5	9	17984
5	10	9232
5	11	-6032
5	12	7216
5	13	1424
5	14	-304
5	15	3616
5	16	1424
5	17	3728
5	18	-2000
5	19	-12944
5	20	-448
5	21	1888
5	22	15968
5	23	5888
5	24	-8048
5	25	-3904
5	26	5056
5	27	-6208
5	28	-736
5	29	3152
5	30	-10672
5	31	-4336
5	32	-11072
5	33	-8048
5	34	-1888
5	35	-1456
6	7	-2176
6	8	-5744
6	9	-4768
6	10	880
6	11	-4016
6	12	-1136
6	13	4592
6	14	-7504
6	15	448
6	16	9776
6	17	17264
6	18	-5168
6	19	-5744
6	20	-2464
6	21	-1280
6	22	3584
6	23	3872
6	24	-6032
6	25	-736
6	26	-8480
6	27	-3040
6	28	2432
6	29	1136
6	30	-2320
6	31	9200
6	32	1312
6	33	9520
6	34	-9088
6	35	-3472
7	8	3584
7	9	-3440
7	10	-8224
7	11	12224
7	12	-16576
7	13	-7616
7	14	-704
7	15	-2608
7	16	-7616
7	17	-4736
7	18	-17728
7	19	24320
7	20	4624
7	21	9488
7	22	3760
7	23	-17264
7	24	-6496
7	25	-12656
7	26	-14416
7	27	5200
7	28	-10640
7	29	-4160
7	30	4480
7	31	-1856
7	32	-8656
7	33	14240
7	34	880
7	35	10816
8	9	-9376
8	10	-10064
8	11	10960
8	12	-6896
8	13	5168
8	14	-1744
8	15	-128
8	16	15536
8	17	-8080
8	18	-560
8	19	4048
8	20	-1888
8	21	8512
8	22	14528
8	23	-5920
8	24	3760
8	25	5024
8	26	-3872
8	27	7904
8	28	-7360
8	29	-13840
8	30	13808
8	31	4592
8	32	-4448
8	33	8944
8	34	-3328
8	35	2288
9	10	-448
9	11	-736
9	12	11936
9	13	-5024
9	14	7072
9	15	5168
9	16	160
9	17	3040
9	18	5600
9	19	992
9	20	-3152
9	21	-3472
9	22	-4016
9	23	6064
9	24	-9088
9	25	-10064
9	26	3728
9	27	-7760
9	28	2320
9	29	-6752
9	30	-3296
9	31	736
9	32	-11248
9	33	-3904
9	34	-12080
9	35	3040
10	11	-3152
10	12	10096
10	13	8912
10	14	-3184
10	15	-9056
10	16	-6640
10	17	11216
10	18	6064
10	19	-10064
10	20	-3328
10	21	-5600
10	22	2720
10	23	8192
10	24	5200
10	25	-1600
10	26	-12800
10	27	-3904
10	28	17120
10	29	-4912
10	30	2000
10	31	-7216
10	32	12544
10	33	-15536
10	34	5600
10	35	848
11	12	-10352
11	13	3440
11	14	-3472
11	15	-19136
11	16	8624
11	17	5744
11	18	-4016
11	19	5776
11	20	-3616
11	21	-128
11	22	-2752
11	23	-18016
11	24	-4880
11	25	-1888
11	26	-2144
11	27	6176
11	28	6464
11	29	-5200
11	30	6896
11	31	2864
11	32	-2720
11	33	5488
11	34	-5056
11	35	-9808
12	13	560
12	14	-11536
12	15	4480
12	16	5744
12	17	-2320
12	18	19600
12	19	-6896
12	20	-1312
12	21	-7616
12	22	-448
12	23	15392
12	24	8368
12	25	416
12	26	-4448
12	27	3296
12	28	3584
12	29	2288
12	30	-1168
12	31	-16
12	32	160
12	33	-17552
12	34	7616
12	35	2864
13	14	2896
13	15	4160
13	16	16720
13	17	-1136
13	18	4592
13	19	5168
13	20	3040
13	21	-9664
13	22	2176
13	23	-8480
13	24	272
13	25	1312
13	26	-2464
13	27	-6752
13	28	13696
13	29	-16112
13	30	2896
13	31	-8624
13	32	8480
13	33	-10096
13	34	-11072
13	35	-6320
14	15	-7936
14	16	-7472
14	17	592
14	18	-7504
14	19	3440
14	20	-10784
14	21	9344
14	22	-6464
14	23	-17120
14	24	3728
14	25	8224
14	26	21728
14	27	-5024
14	28	10240
14	29	1168
14	30	4624
14	31	-6896
14	32	-19168
14	33	3728
14	34	1024
14	35	-4592
15	16	-6208
15	17	-19456
15	18	448
15	19	-128
15	20	12656
15	21	-16400
15	22	3152
15	23	13808
15	24	-5600
15	25	-1168
15	26	2320
15	27	-3472
15	28	-13552
15	29	704
15	30	7616
15	31	-1600
15	32	1744
15	33	-10784
15	34	-9520
15	35	6464
16	17	9232
16	18	-5776
16	19	-16
16	20	-2144
16	21	5888
16	22	12544
16	23	-8480
16	24	5456
16	25	-3872
16	26	-2464
16	27	19168
16	28	13696
16	29	-10928
16	30	-7472
16	31	-3440
16	32	3296
16	33	10640
16	34	-5888
16	35	-16688
17	18	-3472
17	19	-8080
17	20	-14816
17	21	3008
17	22	-128
17	23	-416
17	24	2576
17	25	-6176
17	26	-10528
17	27	6496
17	28	11392
17	29	-2864
17	30	-9776
17	31	-5744
17	32	15968
17	33	2576
17	34	-8192
17	35	-8624
18	19	-10928
18	20	7904
18	21	-11648
18	22	-6784
18	23	9056
18	24	4336
18	25	4448
18	26	1888
18	27	-8224
18	28	-2752
18	29	1136
18	30	-2320
18	31	9200
18	32	16864
18	33	-26768
18	34	6464
18	35	1712
19	20	8480
19	21	-1856
19	22	-1024
19	23	-11104
19	24	3760
19	25	-10528
19	26	-3872
19	27	2720
19	28	3008
19	29	-8656
19	30	8624
19	31	4592
19	32	736
19	33	8944
19	34	7040
19	35	7472
20	21	-11536
20	22	-11504
20	23	8944
20	24	3584
20	25	-12368
20	26	848
20	27	-4880
20	28	16
20	29	-3872
20	30	9952
20	31	8800
20	32	16976
20	33	-1600
20	34	1168
20	35	-9632
21	22	15248
21	23	-5200
21	24	-2144
21	25	560
21	26	592
21	27	13808
21	28	-1456
21	29	-7936
21	30	-6208
21	31	-5056
21	32	-10352
21	33	8224
21	34	-2608
21	35	-2176
22	23	2896
22	24	4448
22	25	2320
22	26	-8656
22	27	14992
22	28	-6032
22	29	-15104
22	30	-6464
22	31	-2432
22	32	-8080
22	33	-736
22	34	5488
22	35	-128
23	24	4736
23	25	-8336
23	26	-3184
23	27	-16400
23	28	-6320
23	29	160
23	30	-6752
23	31	12832
23	32	12944
23	33	-10816
23	34	16
23	35	-5600
24	25	-5056
24	26	-14528
24	27	8192
24	28	18848
24	29	-8368
24	30	8912
24	31	4880
24	32	10816
24	33	-6896
24	34	17696
24	35	-18160
25	26	18128
25	27	3760
25	28	-1712
25	29	4768
25	30	-7328
25	31	-3296
25	32	-7216
25	33	128
25	34	-560
25	35	14560
26	27	-4912
26	28	-4624
26	29	14816
26	30	-4192
26	31	2144
26	32	-12368
26	33	1024
26	34	-592
26	35	-160
27	28	592
27	29	-8480
27	30	160
27	31	-11360
27	32	848
27	33	3008
27	34	6928
27	35	-3872
28	29	-13952
28	30	10240
28	31	-1280
28	32	11504
28	33	-1888
28	34	-3728
28	35	-14528
29	30	-9200
29	31	-10352
29	32	-5344
29	33	-3184
29	34	-2432
29	35	7504
30	31	13840
30	32	1568
30	33	3728
30	34	-4160
30	35	592
31	32	2720
31	33	10064
31	34	10240
31	35	-5744
32	33	-15104
32	34	-16
32	35	-4768
33	34	-8224
33	35	2576
34	35	-3008
