0	1	-4980
0	2	4692
0	3	-2508
0	4	3660
0	5	-7116
0	6	1524
0	7	-3372
0	8	9996
0	9	6396
0	10	924
0	11	-3804
0	12	-1068
0	13	2220
0	14	2220
0	15	-2652
0	16	-7548
0	17	-4956
0	18	10428
0	19	3108
0	20	11292
0	21	1092
0	22	-60
0	23	-2076
0	24	228
0	25	3228
0	26	-2796
0	27	-15636
0	28	-2532
0	29	-11892
0	30	3804
0	31	-9564
0	32	-5124
0	33	18204
0	34	60
0	35	19812
1	2	8556
1	3	204
1	4	-6540
1	5	4812
1	6	-3828
1	7	6252
1	8	-2508
1	9	-9276
1	10	1380
1	11	1500
1	12	3948
1	13	5268
1	14	-5100
1	15	10716
1	16	60
1	17	2652
1	18	2244
1	19	-228
1	20	1380
1	21	17340
1	22	-7428
1	23	-228
1	24	2652
1	25	-924
1	26	5676
1	27	7572
1	28	4836
1	29	3828
1	30	3684
1	31	2076
1	32	2244
1	33	-5532
1	34	2244
1	35	3804
2	3	-16044
2	4	-3540
2	5	84
2	6	-1644
2	7	3828
2	8	-2388
2	9	9564
2	10	-6276
2	11	8580
2	12	948
2	13	204
2	14	5388
2	15	-11004
2	16	-10716
2	17	2244
2	18	13596
2	19	-10428
2	20	4092
2	21	-7260
2	22	1956
2	23	-10428
2	24	7428
2	25	6396
2	26	-5964
2	27	3084
2	28	-9732
2	29	-8724
2	30	-3396
2	31	-2364
2	32	8412
2	33	-4548
2	34	-12324
2	35	11460
3	4	3660
3	5	3252
3	6	-14028
3	7	6996
3	8	-372
3	9	-9156
3	10	6108
3	11	-3804
3	12	-1068
3	13	7404
3	14	2220
3	15	7716
3	16	-2364
3	17	-10140
3	18	-5124
3	19	-2076
3	20	924
3	21	-4092
3	22	10308
3	23	8292
3	24	-4956
3	25	-1956
3	26	2388
3	27	-10452
3	28	-2532
3	29	8844
3	30	3804
3	31	-4380
3	32	60
3	33	2652
3	34	5244
3	35	-11292
4	5	-12468
4	6	-5556
4	7	-660
4	8	4404
4	9	2820
4	10	-7260
4	11	4956
4	12	-2964
4	13	-3372
4	14	1812
4	15	3804
4	16	3516
4	17	6108
4	18	-11580
4	19	8412
4	20	-12444
4	21	5244
4	22	1212
4	23	8412
4	24	-4260
4	25	11172
4	26	3948
4	27	4116
4	28	-8988
4	29	5556
4	30	-4956
4	31	5532
4	32	3972
4	33	6564
4	34	3972
4	35	2076
5	6	2100
5	7	2388
5	8	-948
5	9	5820
5	10	348
5	11	-3228
5	12	15060
5	13	6828
5	14	6828
5	15	-2076
5	16	3396
5	17	-4380
5	18	4668
5	19	-1500
5	20	5532
5	21	6852
5	22	516
5	23	-11868
5	24	-9564
5	25	-2532
5	26	-2220
5	27	14892
5	28	2076
5	29	-7284
5	30	-1956
5	31	-8988
5	32	9852
5	33	-8292
5	34	4668
5	35	4836
6	7	-9708
6	8	5964
6	9	12732
6	10	-3108
6	11	228
6	12	-7404
6	13	-1812
6	14	-1812
6	15	-3804
6	16	6852
6	17	-924
6	18	1212
6	19	7140
6	20	2076
6	21	-5244
6	22	-11580
6	23	1956
6	24	9444
6	25	4380
6	26	1236
6	27	16620
6	28	3804
6	29	4812
6	30	4956
6	31	-348
6	32	1212
6	33	-1380
6	34	-14340
6	35	3108
7	8	-9876
7	9	-8292
7	10	1788
7	11	-4668
7	12	13620
7	13	-2100
7	14	-7284
7	15	1668
7	16	-13596
7	17	-16188
7	18	924
7	19	-2940
7	20	-3396
7	21	228
7	22	-6108
7	23	-2940
7	24	4548
7	25	-1092
7	26	1524
7	27	780
7	28	-6852
7	29	14892
7	30	9852
7	31	-5244
7	32	11292
7	33	-1668
7	34	6108
7	35	-1788
8	9	12036
8	10	1956
8	11	-9444
8	12	3372
8	13	5844
8	14	660
8	15	-228
8	16	9852
8	17	7260
8	18	-7548
8	19	4380
8	20	-8412
8	21	6396
8	22	12732
8	23	-804
8	24	-3108
8	25	4836
8	26	-84
8	27	-12588
8	28	-4956
8	29	-5964
8	30	-924
8	31	1500
8	32	2820
8	33	15780
8	34	2820
8	35	13596
9	10	-9996
9	11	2508
9	12	-228
9	13	14628
9	14	-924
9	15	-3828
9	16	6252
9	17	-6708
9	18	6420
9	19	780
9	20	-4812
9	21	2796
9	22	3948
9	23	5964
9	24	-1524
9	25	3252
9	26	-3684
9	27	-8988
9	28	-1356
9	29	-7548
9	30	-7692
9	31	-2100
9	32	6420
9	33	3828
9	34	-3948
9	35	15180
10	11	-13332
10	12	-5700
10	13	4548
10	14	-636
10	15	6252
10	16	5964
10	17	-6996
10	18	-3660
10	19	492
10	20	660
10	21	-2676
10	22	-1524
10	23	-4692
10	24	8556
10	25	-6828
10	26	6396
10	27	1668
10	28	-11436
10	29	3108
10	30	2964
10	31	-2388
10	32	-3660
10	33	-16620
10	34	-3660
10	35	4524
11	12	-2364
11	13	-1668
11	14	-1668
11	15	-3948
11	16	-8844
11	17	-1068
11	18	11724
11	19	-8556
11	20	-2964
11	21	10164
11	22	-6540
11	23	6996
11	24	-1068
11	25	4524
11	26	-9276
11	27	6396
11	28	-1236
11	29	-228
11	30	-84
11	31	-492
11	32	11724
11	33	-6420
11	34	1356
11	35	-2220
12	13	5964
12	14	5964
12	15	-6396
12	16	-11292
12	17	-3516
12	18	3804
12	19	-5820
12	20	-516
12	21	-2652
12	22	-8988
12	23	-636
12	24	-8700
12	25	-3396
12	26	-1356
12	27	8844
12	28	6396
12	29	7404
12	30	-8004
12	31	7428
12	32	-1380
12	33	6396
12	34	14172
12	35	21252
13	14	-1932
13	15	17916
13	16	-8292
13	17	-10884
13	18	10596
13	19	6972
13	20	9732
13	21	8988
13	22	-5412
13	23	-3396
13	24	-5700
13	25	-13308
13	26	18060
13	27	-9996
13	28	-2364
13	29	-8556
13	30	1668
13	31	9276
13	32	5412
13	33	-7548
13	34	10596
13	35	16188
14	15	-8004
14	16	7260
14	17	4668
14	18	-4956
14	19	1788
14	20	-5820
14	21	-1380
14	22	4956
14	23	-3396
14	24	-516
14	25	-8124
14	26	-18228
14	27	10740
14	28	2820
14	29	-3372
14	30	-3516
14	31	9276
14	32	5412
14	33	-2364
14	34	-15324
14	35	5820
15	16	-2508
15	17	-10284
15	18	204
15	19	13332
15	20	6252
15	21	6132
15	22	-204
15	23	-7404
15	24	-5100
15	25	-12180
15	26	7428
15	27	-10308
15	28	-7572
15	29	-1380
15	30	9132
15	31	660
15	32	5388
15	33	2796
15	34	204
15	35	-6252
16	17	10740
16	18	-15636
16	19	3252
16	20	-4404
16	21	11604
16	22	84
16	23	8436
16	24	-4812
16	25	13452
16	26	-7836
16	27	-228
16	28	2508
16	29	3516
16	30	-6708
16	31	-4236
16	32	-84
16	33	-2676
16	34	-10452
16	35	-11148
17	18	-13044
17	19	5844
17	20	-1812
17	21	-1356
17	22	7860
17	23	11028
17	24	-2220
17	25	5676
17	26	-10428
17	27	2364
17	28	15468
17	29	924
17	30	-14484
17	31	-1644
17	32	7692
17	33	5100
17	34	7692
17	35	-3372
18	19	-5556
18	20	11892
18	21	1644
18	22	-2388
18	23	-5556
18	24	-13044
18	25	4404
18	26	-4836
18	27	-2652
18	28	-204
18	29	-16764
18	30	-6540
18	31	1932
18	32	-7980
18	33	-10572
18	34	-7980
18	35	14028
19	20	492
19	21	-3660
19	22	372
19	23	8724
19	24	-4524
19	25	-7572
19	26	2820
19	27	4668
19	28	12588
19	29	-1956
19	30	-6996
19	31	-9132
19	32	4812
19	33	7404
19	34	4812
19	35	-5676
20	21	-7860
20	22	-6708
20	23	-4692
20	24	-1812
20	25	-1644
20	26	11580
20	27	-8700
20	28	-1068
20	29	-7260
20	30	8148
20	31	-2388
20	32	-3660
20	33	-11436
20	34	1524
20	35	4524
21	22	-1644
21	23	1524
21	24	-6540
21	25	4812
21	26	804
21	27	-3684
21	28	4236
21	29	-10308
21	30	15756
21	31	4404
21	32	12012
21	33	-948
21	34	6828
21	35	2676
22	23	-4812
22	24	-12876
22	25	11148
22	26	-10716
22	27	-18084
22	28	204
22	29	-3972
22	30	-3828
22	31	-7116
22	32	2796
22	33	10572
22	34	-2388
22	35	-3660
23	24	-14892
23	25	7980
23	26	-12732
23	27	-10884
23	28	12588
23	29	13596
23	30	-6996
23	31	-9132
23	32	-5556
23	33	7404
23	34	4812
23	35	-492
24	25	-15060
24	26	10308
24	27	12732
24	28	-5268
24	29	6108
24	30	16620
24	31	3540
24	32	12876
24	33	-5268
24	34	-2676
24	35	-3372
25	26	-6852
25	27	-636
25	28	1812
25	29	-4380
25	30	-4524
25	31	-5268
25	32	-5964
25	33	-3372
25	34	-11148
25	35	1644
26	27	5388
26	28	-12612
26	29	3948
26	30	9276
26	31	10884
26	32	-4836
26	33	-7428
26	34	21084
26	35	3972
27	28	-60
27	29	4116
27	30	-6396
27	31	12156
27	32	2532
27	33	-15612
27	34	-2652
27	35	-6852
28	29	-3804
28	30	-3948
28	31	-660
28	32	-5388
28	33	2388
28	34	4980
28	35	6252
29	30	-4956
29	31	348
29	32	3972
29	33	1380
29	34	3972
29	35	-8292
30	31	492
30	32	9012
30	33	1236
30	34	-1356
30	35	2220
31	32	-8436
31	33	-11028
31	34	1932
31	35	2388
32	33	-204
32	34	2388
32	35	-1524
33	34	10164
33	35	1068
34	35	3660
