0	1	7224
0	2	4728
0	3	-10632
0	4	7080
0	5	4728
0	6	2424
0	7	11544
0	8	-3048
0	9	-8664
0	10	9096
0	11	-10104
0	12	-120
0	13	-3624
0	14	-10536
0	15	-7032
0	16	4440
0	17	-7320
0	18	17304
0	19	7368
0	20	-1896
0	21	4920
0	22	7896
0	23	-3480
0	24	6504
0	25	4152
0	26	5592
0	27	-4488
0	28	-4728
0	29	-19992
0	30	-1032
0	31	-4632
0	32	-4632
0	33	1992
0	34	-3192
0	35	1176
1	2	11976
1	3	-6072
1	4	-3048
1	5	1608
1	6	3912
1	7	2856
1	8	-984
1	9	9816
1	10	-5064
1	11	6072
1	12	4152
1	13	-408
1	14	-9048
1	15	5880
1	16	-3288
1	17	-4200
1	18	-2904
1	19	-3336
1	20	3048
1	21	4296
1	22	3624
1	23	4632
1	24	2712
1	25	-3000
1	26	-4440
1	27	-9912
1	28	-6792
1	29	-7080
1	30	2184
1	31	10968
1	32	-4584
1	33	-840
1	34	-840
1	35	2856
2	3	9672
2	4	-3720
2	5	5160
2	6	-2328
2	7	11112
2	8	-7800
2	9	-13416
2	10	8664
2	11	5880
2	12	4632
2	13	-3192
2	14	10632
2	15	2904
2	16	-312
2	17	-18120
2	18	1320
2	19	-3432
2	20	3720
2	21	-696
2	22	-12408
2	23	-3048
2	24	888
2	25	-600
2	26	-14712
2	27	1128
2	28	24
2	29	10680
2	30	4584
2	31	-4200
2	32	6168
2	33	7608
2	34	-7944
2	35	-9624
3	4	-16296
3	5	-16248
3	6	-3576
3	7	-15576
3	8	-18840
3	9	12696
3	10	2424
3	11	3768
3	12	-9096
3	13	-2712
3	14	4200
3	15	-2184
3	16	-5592
3	17	-12264
3	18	4584
3	19	-6216
3	20	5928
3	21	1416
3	22	-9048
3	23	2328
3	24	-5352
3	25	-15672
3	26	-1560
3	27	-1848
3	28	-9672
3	29	5592
3	30	-120
3	31	8664
3	32	13848
3	33	2040
3	34	2040
3	35	-24
4	5	1464
4	6	8952
4	7	8184
4	8	9240
4	9	-696
4	10	10632
4	11	744
4	12	-888
4	13	-10920
4	14	6360
4	15	-14712
4	16	-3432
4	17	6312
4	18	7608
4	19	1992
4	20	18456
4	21	-744
4	22	3480
4	23	-696
4	24	13224
4	25	7224
4	26	600
4	27	15864
4	28	-1464
4	29	-6936
4	30	-3144
4	31	-9912
4	32	456
4	33	-984
4	34	-6168
4	35	-7368
5	6	2856
5	7	5928
5	8	7752
5	9	-8232
5	10	-12072
5	11	-4488
5	12	15000
5	13	7176
5	14	264
5	15	-2280
5	16	-312
5	17	-2568
5	18	-3864
5	19	12120
5	20	-11832
5	21	9672
5	22	-2040
5	23	-3048
5	24	11256
5	25	-5784
5	26	840
5	27	6312
5	28	5208
5	29	10680
5	30	-5784
5	31	-19752
5	32	984
5	33	17976
5	34	-2760
5	35	744
6	7	-12504
6	8	-4920
6	9	5016
6	10	5784
6	11	-17160
6	12	1752
6	13	-10680
6	14	-2040
6	15	-5160
6	16	-7800
6	17	-10632
6	18	-1560
6	19	-1128
6	20	6600
6	21	-3576
6	22	6024
6	23	-10536
6	24	-1992
6	25	-2904
6	26	-17016
6	27	9192
6	28	2328
6	29	7800
6	30	-13272
6	31	-1320
6	32	-6504
6	33	5304
6	34	5304
6	35	3048
7	8	8520
7	9	-6600
7	10	984
7	11	24
7	12	5016
7	13	3912
7	14	5640
7	15	1560
7	16	1032
7	17	1848
7	18	3144
7	19	2712
7	20	7368
7	21	-5208
7	22	7944
7	23	-1416
7	24	3576
7	25	11688
7	26	5064
7	27	9960
7	28	-5928
7	29	-1032
7	30	6504
7	31	-5448
7	32	-15816
7	33	-1704
7	34	-17256
7	35	-11832
8	9	-5640
8	10	-9480
8	11	-1896
8	12	-8328
8	13	9768
8	14	-7512
8	15	10680
8	16	-2904
8	17	5208
8	18	9096
8	19	19896
8	20	-4056
8	21	1896
8	22	552
8	23	-10824
8	24	8664
8	25	7176
8	26	13800
8	27	-1464
8	28	12984
8	29	-2280
8	30	1992
8	31	3576
8	32	-1608
8	33	-5352
8	34	5016
8	35	-7032
9	10	-3864
9	11	-7512
9	12	-2712
9	13	4152
9	14	-2760
9	15	5928
9	16	1848
9	17	10824
9	18	-6024
9	19	-408
9	20	5880
9	21	12696
9	22	120
9	23	9480
9	24	3912
9	25	-3624
9	26	3000
9	27	-7080
9	28	-12504
9	29	-1848
9	30	6744
9	31	3144
9	32	-7224
9	33	-600
9	34	9768
9	35	8952
10	11	-2424
10	12	-8088
10	13	-3720
10	14	8376
10	15	-1176
10	16	3768
10	17	-11256
10	18	5592
10	19	-15576
10	20	10104
10	21	2424
10	22	-4872
10	23	-3864
10	24	840
10	25	4056
10	26	-2568
10	27	12696
10	28	-8664
10	29	-3768
10	30	-1128
10	31	-2712
10	32	-2712
10	33	6216
10	34	6216
10	35	11352
11	12	3912
11	13	-2472
11	14	6168
11	15	7368
11	16	-9960
11	17	-8472
11	18	-4584
11	19	-4152
11	20	4440
11	21	8952
11	22	-1320
11	23	13224
11	24	168
11	25	5304
11	26	1560
11	27	-3336
11	28	9672
11	29	4776
11	30	10488
11	31	6888
11	32	-3480
11	33	-12408
11	34	-2040
11	35	-5160
12	13	7800
12	14	9528
12	15	-2328
12	16	-10632
12	17	3144
12	18	-21480
12	19	-1176
12	20	-4296
12	21	-3912
12	22	6648
12	23	7656
12	24	-312
12	25	24
12	26	-11784
12	27	3480
12	28	5736
12	29	-4920
12	30	-5160
12	31	-1560
12	32	-1560
12	33	2184
12	34	-3000
12	35	5016
13	14	2280
13	15	6072
13	16	12072
13	17	5784
13	18	-5880
13	19	15288
13	20	-4632
13	21	-7896
13	22	5160
13	23	-11400
13	24	4056
13	25	-3768
13	26	8040
13	27	-2040
13	28	18744
13	29	-6888
13	30	-8952
13	31	-2184
13	32	3000
13	33	-11112
13	34	-744
13	35	9096
14	15	-7752
14	16	-10392
14	17	2328
14	18	-24888
14	19	-3720
14	20	4008
14	21	-984
14	22	-6936
14	23	-2760
14	24	-4584
14	25	-312
14	26	-4056
14	27	-3768
14	28	4920
14	29	5208
14	30	-312
14	31	-3912
14	32	-3912
14	33	-2472
14	34	2712
14	35	10824
15	16	3192
15	17	-10680
15	18	-4200
15	19	-4632
15	20	4344
15	21	18552
15	22	4920
15	23	-4440
15	24	6600
15	25	13848
15	26	2040
15	27	-3432
15	28	2280
15	29	1992
15	30	13848
15	31	7080
15	32	-3288
15	33	-9912
15	34	456
15	35	-3624
16	17	8088
16	18	11976
16	19	-3144
16	20	3432
16	21	4776
16	22	2856
16	23	-8520
16	24	16728
16	25	-888
16	26	-4632
16	27	-4344
16	28	312
16	29	600
16	30	4296
16	31	-4488
16	32	5880
16	33	-3048
16	34	7320
16	35	6216
17	18	-9096
17	19	840
17	20	-11496
17	21	-1896
17	22	9816
17	23	10824
17	24	1704
17	25	-1992
17	26	12120
17	27	-8904
17	28	-7800
17	29	-13272
17	30	-1992
17	31	-3576
17	32	1608
17	33	-5016
17	34	168
17	35	-3336
18	19	2136
18	20	2760
18	21	-600
18	22	3336
18	23	-840
18	24	3000
18	25	-8472
18	26	10824
18	27	10536
18	28	-1320
18	29	-1608
18	30	1896
18	31	-4872
18	32	5496
18	33	9240
18	34	-1128
18	35	-7224
19	20	3192
19	21	-1032
19	22	3768
19	23	-10776
19	24	-2616
19	25	-2856
19	26	11256
19	27	-9768
19	28	13800
19	29	-7224
19	30	-13224
19	31	744
19	32	5928
19	33	-11064
19	34	9672
19	35	-2472
20	21	744
20	22	12072
20	23	-4488
20	24	7512
20	25	3144
20	26	-5784
20	27	10056
20	28	-3720
20	29	-3432
20	30	3144
20	31	-5640
20	32	-456
20	33	-19752
20	34	-4200
20	35	2184
21	22	6504
21	23	12696
21	24	15384
21	25	-5304
21	26	8808
21	27	-7032
21	28	-9672
21	29	-4776
21	30	10248
21	31	-1704
21	32	-1704
21	33	2040
21	34	12408
21	35	5160
22	23	5304
22	24	-7464
22	25	2568
22	26	9192
22	27	-6072
22	28	2040
22	29	-8040
22	30	-18168
22	31	4152
22	32	-1032
22	33	-20328
22	34	-4776
22	35	7944
23	24	-16824
23	25	-13992
23	26	-2184
23	27	3288
23	28	-2136
23	29	-7032
23	30	1560
23	31	-2040
23	32	-2040
23	33	-600
23	34	-5784
23	35	3768
24	25	6648
24	26	24
24	27	4920
24	28	-11256
24	29	-6360
24	30	11832
24	31	-5304
24	32	-120
24	33	8808
24	34	-1560
24	35	-11976
25	26	5448
25	27	-4632
25	28	600
25	29	6072
25	30	9192
25	31	-4776
25	32	-15144
25	33	-8520
25	34	-8520
25	35	-3864
26	27	-13560
26	28	-6024
26	29	-10920
26	30	5448
26	31	-3336
26	32	-8520
26	33	-1896
26	34	-1896
26	35	5064
27	28	-1128
27	29	4344
27	30	-9816
27	31	-13416
27	32	2136
27	33	13944
27	34	-17160
27	35	-15960
28	29	-312
28	30	-4584
28	31	-6168
28	32	4200
28	33	-12792
28	34	2760
28	35	4440
29	30	6072
29	31	-5880
29	32	-5880
29	33	8232
29	34	3048
29	35	-1032
30	31	-4776
30	32	-20328
30	33	1848
30	34	7032
30	35	-3864
31	32	-3192
31	33	-12120
31	34	3432
31	35	-5448
32	33	-1752
32	34	3432
32	35	-5448
33	34	-312
33	35	-1704
34	35	24216
