0	1	-12656
0	2	-3144
0	3	-2944
0	4	1456
0	5	-544
0	6	-11856
0	7	-15256
0	8	9344
0	9	-12456
0	10	-8344
0	11	19256
0	12	3344
0	13	-2056
0	14	1544
0	15	7144
0	16	3856
0	17	1256
0	18	6344
0	19	-8544
0	20	6656
0	21	6544
0	22	2256
0	23	-7544
0	24	-12056
0	25	-12056
0	26	-1256
0	27	-944
0	28	3144
0	29	4056
0	30	2144
0	31	4256
0	32	-3256
0	33	8344
0	34	-1944
0	35	-7256
0	36	-10144
0	37	-2656
0	38	-8344
0	39	2856
0	40	-1744
0	41	-17144
0	42	6544
0	43	3744
0	44	-12256
0	45	-2256
0	46	1656
0	47	1344
0	48	-144
0	49	-1744
1	2	1656
1	3	1856
1	4	-3744
1	5	4256
1	6	3344
1	7	9944
1	8	-5456
1	9	12744
1	10	16456
1	11	-5944
1	12	-11456
1	13	3144
1	14	-3256
1	15	-7656
1	16	-11344
1	17	6056
1	18	1544
1	19	6256
1	20	-8544
1	21	1744
1	22	-2944
1	23	7256
1	24	3144
1	25	3144
1	26	-6056
1	27	13856
1	28	8344
1	29	8856
1	30	-12656
1	31	9056
1	32	1944
1	33	3544
1	34	-7144
1	35	7944
1	36	14656
1	37	2544
1	38	-3544
1	39	-12344
1	40	3056
1	41	7656
1	42	1744
1	43	8944
1	44	12944
1	45	2944
1	46	-3544
1	47	-13456
1	48	4656
1	49	-6944
2	3	3944
2	4	-10456
2	5	11544
2	6	-9144
2	7	4256
2	8	9656
2	9	1456
2	10	-656
2	11	-8256
2	12	-4344
2	13	1056
2	14	7456
2	15	11856
2	16	-2856
2	17	-256
2	18	2656
2	19	9544
2	20	-5656
2	21	12456
2	22	-21256
2	23	8544
2	24	1056
2	25	1056
2	26	256
2	27	11944
2	28	-4144
2	29	6944
2	30	6856
2	31	6744
2	32	-7744
2	33	656
2	34	-17056
2	35	6256
2	36	11144
2	37	11656
2	38	-656
2	39	8144
2	40	-7256
2	41	8144
2	42	12456
2	43	-4744
2	44	11256
2	45	1256
2	46	9344
2	47	-2344
2	48	21144
2	49	2744
3	4	-656
3	5	1344
3	6	1056
3	7	-5544
3	8	-144
3	9	1656
3	10	-10856
3	11	-8456
3	12	5856
3	13	1256
3	14	-2344
3	15	2056
3	16	6944
3	17	-456
3	18	-7144
3	19	-10656
3	20	-5856
3	21	2656
3	22	-11456
3	23	-1656
3	24	1256
3	25	1256
3	26	-19544
3	27	1744
3	28	6056
3	29	6744
3	30	7056
3	31	-3456
3	32	2456
3	33	856
3	34	-7256
3	35	6456
3	36	944
3	37	11856
3	38	-856
3	39	7944
3	40	-7456
3	41	7944
3	42	2656
3	43	5456
3	44	1456
3	45	1456
3	46	19144
3	47	-2144
3	48	10944
3	49	2544
4	5	6944
4	6	5456
4	7	-1144
4	8	-15744
4	9	6056
4	10	-5256
4	11	7144
4	12	10256
4	13	5656
4	14	2056
4	15	-3544
4	16	2544
4	17	15144
4	18	-2744
4	19	4944
4	20	-256
4	21	-2944
4	22	4144
4	23	-6056
4	24	15656
4	25	15656
4	26	4856
4	27	-2656
4	28	456
4	29	-7656
4	30	1456
4	31	2144
4	32	-3144
4	33	5256
4	34	8344
4	35	856
4	36	6544
4	37	-13744
4	38	-5256
4	39	-6456
4	40	8144
4	41	-6456
4	42	-2944
4	43	-144
4	44	5856
4	45	5856
4	46	4744
4	47	12256
4	48	-3456
4	49	8144
5	6	-6544
5	7	6856
5	8	-7744
5	9	4056
5	10	-3256
5	11	9144
5	12	-1744
5	13	3656
5	14	10056
5	15	4456
5	16	-5456
5	17	7144
5	18	5256
5	19	16944
5	20	-8256
5	21	15056
5	22	-13856
5	23	5944
5	24	13656
5	25	13656
5	26	2856
5	27	19344
5	28	8456
5	29	14344
5	30	9456
5	31	14144
5	32	4856
5	33	3256
5	34	-9656
5	35	18856
5	36	18544
5	37	4256
5	38	-3256
5	39	-4456
5	40	144
5	41	5544
5	42	15056
5	43	-2144
5	44	13856
5	45	3856
5	46	6744
5	47	-9744
5	48	18544
5	49	144
6	7	744
6	8	-14656
6	9	3544
6	10	5656
6	11	-6744
6	12	-656
6	13	3944
6	14	-2456
6	15	3144
6	16	-2144
6	17	5256
6	18	2344
6	19	-4544
6	20	-9344
6	21	-17456
6	22	6256
6	23	6456
6	24	3944
6	25	3944
6	26	4744
6	27	-6944
6	28	-10856
6	29	-11944
6	30	-1856
6	31	-1744
6	32	2744
6	33	-5656
6	34	12056
6	35	-1256
6	36	3856
6	37	3344
6	38	5656
6	39	-3144
6	40	2256
6	41	6856
6	42	-17456
6	43	-256
6	44	3744
6	45	3744
6	46	-4344
6	47	-2656
6	48	-6144
6	49	-7744
7	8	-8056
7	9	144
7	10	9056
7	11	-13344
7	12	-4056
7	13	10544
7	14	4144
7	15	-10256
7	16	1256
7	17	-1344
7	18	-11056
7	19	18856
7	20	-5944
7	21	-856
7	22	-344
7	23	9856
7	24	10544
7	25	10544
7	26	11344
7	27	-3544
7	28	5744
7	29	1456
7	30	-5256
7	31	-8344
7	32	-656
7	33	-9056
7	34	5456
7	35	15344
7	36	7256
7	37	-56
7	38	9056
7	39	-9744
7	40	15656
7	41	10256
7	42	-856
7	43	-3656
7	44	10344
7	45	-9656
7	46	-10944
7	47	3944
7	48	-2744
7	49	5656
8	9	-5256
8	10	-5544
8	11	2056
8	12	544
8	13	-14856
8	14	-1256
8	15	4344
8	16	-3344
8	17	-5944
8	18	3544
8	19	-5744
8	20	9456
8	21	3744
8	22	-4944
8	23	-4744
8	24	-14856
8	25	-14856
8	26	-4056
8	27	1856
8	28	344
8	29	-3144
8	30	-656
8	31	-2944
8	32	-6056
8	33	5544
8	34	-9144
8	35	-10056
8	36	-7344
8	37	4544
8	38	-5544
8	39	15656
8	40	-8944
8	41	-4344
8	42	3744
8	43	944
8	44	-5056
8	45	-5056
8	46	4456
8	47	-1456
8	48	2656
8	49	1056
9	10	6256
9	11	-6144
9	12	-1256
9	13	-6656
9	14	-3056
9	15	-7456
9	16	-11544
9	17	5856
9	18	1744
9	19	6056
9	20	1256
9	21	1944
9	22	-3144
9	23	-2944
9	24	13344
9	25	13344
9	26	-5856
9	27	13656
9	28	-1456
9	29	-1344
9	30	-2456
9	31	8856
9	32	2144
9	33	3744
9	34	-7344
9	35	-1856
9	36	14456
9	37	-7256
9	38	-3744
9	39	-2544
9	40	-7144
9	41	7456
9	42	1944
9	43	-856
9	44	13144
9	45	13144
9	46	6256
9	47	-3256
9	48	4456
9	49	2856
10	11	-3056
10	12	-19544
10	13	5856
10	14	-7744
10	15	-3344
10	16	-7656
10	17	4944
10	18	7456
10	19	4744
10	20	-10456
10	21	-2744
10	22	3944
10	23	13744
10	24	-4144
10	25	-4144
10	26	5056
10	27	7144
10	28	656
10	29	2144
10	30	-18344
10	31	11944
10	32	-2944
10	33	5456
10	34	-1856
10	35	1056
10	36	6344
10	37	-3544
10	38	-5456
10	39	-16656
10	40	7944
10	41	3344
10	42	-2744
10	43	10056
10	44	6056
10	45	6056
10	46	-15456
10	47	-7544
10	48	-3656
10	49	-12056
11	12	-1944
11	13	-6544
11	14	-144
11	15	4256
11	16	-5256
11	17	7344
11	18	15056
11	19	-2856
11	20	1944
11	21	4856
11	22	6344
11	23	-3856
11	24	-6544
11	25	-6544
11	26	2656
11	27	9544
11	28	8256
11	29	4544
11	30	-744
11	31	14344
11	32	4656
11	33	13056
11	34	544
11	35	-1344
11	36	-1256
11	37	-5944
11	38	-13056
11	39	-4256
11	40	344
11	41	-14256
11	42	4856
11	43	7656
11	44	-6344
11	45	3656
11	46	-3056
11	47	-9944
11	48	-1256
11	49	-9656
12	13	-856
12	14	12744
12	15	-1656
12	16	2656
12	17	56
12	18	-12456
12	19	256
12	20	15456
12	21	-2256
12	22	1056
12	23	-18744
12	24	9144
12	25	9144
12	26	-56
12	27	-12144
12	28	-5656
12	29	-7144
12	30	13344
12	31	-16944
12	32	-2056
12	33	-10456
12	34	6856
12	35	-6056
12	36	-1344
12	37	-1456
12	38	10456
12	39	11656
12	40	-2944
12	41	-8344
12	42	-2256
12	43	-15056
12	44	-1056
12	45	-11056
12	46	10456
12	47	12544
12	48	-1344
12	49	17056
13	14	7344
13	15	2944
13	16	8056
13	17	5456
13	18	-7856
13	19	5656
13	20	-9144
13	21	2344
13	22	-3544
13	23	6656
13	24	3744
13	25	3744
13	26	4544
13	27	-6744
13	28	-1056
13	29	8256
13	30	-2056
13	31	-1544
13	32	-7456
13	33	-5856
13	34	2256
13	35	8544
13	36	4056
13	37	3144
13	38	5856
13	39	-12944
13	40	12456
13	41	-2944
13	42	2344
13	43	-456
13	44	3544
13	45	-6456
13	46	-4144
13	47	7144
13	48	4056
13	49	2456
14	15	6544
14	16	-5544
14	17	1856
14	18	-4256
14	19	12056
14	20	7256
14	21	5944
14	22	-7144
14	23	-6944
14	24	7344
14	25	7344
14	26	8144
14	27	-344
14	28	-7456
14	29	4656
14	30	11544
14	31	-5144
14	32	-3856
14	33	-12256
14	34	-1344
14	35	2144
14	36	10456
14	37	6744
14	38	12256
14	39	3456
14	40	-1144
14	41	-6544
14	42	5944
14	43	-16856
14	44	7144
14	45	-12856
14	46	2256
14	47	744
14	48	10456
14	49	8856
15	16	-1144
15	17	6256
15	18	11344
15	19	-3544
15	20	-8344
15	21	1544
15	22	-12744
15	23	7456
15	24	-7056
15	25	-7056
15	26	3744
15	27	4056
15	28	-11856
15	29	-944
15	30	7144
15	31	9256
15	32	-8256
15	33	3344
15	34	-6944
15	35	-2256
15	36	4856
15	37	12344
15	38	-3344
15	39	7856
15	40	-6744
15	41	-2144
15	42	1544
15	43	-1256
15	44	2744
15	45	2744
15	46	6656
15	47	-3656
15	48	14856
15	49	-6744
16	17	-7256
16	18	-10344
16	19	-7456
16	20	-2656
16	21	-544
16	22	1744
16	23	1544
16	24	-1944
16	25	-1944
16	26	-2744
16	27	-15056
16	28	2856
16	29	-56
16	30	3856
16	31	-10256
16	32	-744
16	33	-2344
16	34	5944
16	35	3256
16	36	-15856
16	37	-1344
16	38	2344
16	39	1144
16	40	5744
16	41	1144
16	42	-544
16	43	2256
16	44	-11744
16	45	-1744
16	46	2344
16	47	14656
16	48	-5856
16	49	5744
17	18	7056
17	19	5144
17	20	-10056
17	21	-3144
17	22	-5656
17	23	4144
17	24	5456
17	25	5456
17	26	4656
17	27	7544
17	28	256
17	29	-7456
17	30	-8744
17	31	12344
17	32	-13344
17	33	15056
17	34	-1456
17	35	656
17	36	16744
17	37	-3944
17	38	-15056
17	39	-6256
17	40	8344
17	41	-6256
17	42	-3144
17	43	9656
17	44	15656
17	45	5656
17	46	4944
17	47	2056
17	48	6744
17	49	-1656
18	19	-2744
18	20	-7544
18	21	744
18	22	-1944
18	23	8256
18	24	-7856
18	25	-7856
18	26	2944
18	27	14856
18	28	-2656
18	29	-144
18	30	-3656
18	31	20056
18	32	944
18	33	12544
18	34	-6144
18	35	-3056
18	36	5656
18	37	1544
18	38	-12544
18	39	-1344
18	40	-5944
18	41	-1344
18	42	744
18	43	7944
18	44	1944
18	45	11944
18	46	-2544
18	47	-14456
18	48	5656
18	49	-15944
19	20	-256
19	21	7056
19	22	-5856
19	23	3944
19	24	15656
19	25	15656
19	26	14856
19	27	7344
19	28	456
19	29	2344
19	30	1456
19	31	2144
19	32	-3144
19	33	-4744
19	34	-1656
19	35	10856
19	36	16544
19	37	-3744
19	38	4744
19	39	-6456
19	40	8144
19	41	3544
19	42	7056
19	43	-10144
19	44	15856
19	45	-4144
19	46	-5256
19	47	2256
19	48	6544
19	49	8144
20	21	2256
20	22	8944
20	23	-21256
20	24	856
20	25	856
20	26	56
20	27	-7856
20	28	-4344
20	29	-2856
20	30	6656
20	31	-13056
20	32	2056
20	33	-9544
20	34	3144
20	35	-13944
20	36	-8656
20	37	-8544
20	38	9544
20	39	8344
20	40	-7056
20	41	-11656
20	42	2256
20	43	-14944
20	44	-8944
20	45	-8944
20	46	-456
20	47	7456
20	48	-8656
20	49	12944
21	22	-12144
21	23	-1944
21	24	2344
21	25	2344
21	26	-6856
21	27	14656
21	28	7544
21	29	19656
21	30	6544
21	31	9856
21	32	1144
21	33	2744
21	34	-16344
21	35	7144
21	36	5456
21	37	1744
21	38	-2744
21	39	-1544
21	40	-6144
21	41	-1544
21	42	20944
21	43	-1856
21	44	2144
21	45	2144
21	46	7256
21	47	-4256
21	48	15456
21	49	3856
22	23	-6856
22	24	-3544
22	25	-3544
22	26	5656
22	27	-13456
22	28	1256
22	29	-8456
22	30	-7744
22	31	-8656
22	32	7656
22	33	-3944
22	34	17544
22	35	-8344
22	36	-14256
22	37	-12944
22	38	3944
22	39	-7256
22	40	7344
22	41	-7256
22	42	-12144
22	43	656
22	44	-13344
22	45	-3344
22	46	-16056
22	47	3056
22	48	-24256
22	49	-2656
23	24	-3344
23	25	-3344
23	26	5856
23	27	6344
23	28	1456
23	29	1344
23	30	-7544
23	31	11144
23	32	-2144
23	33	6256
23	34	-2656
23	35	11856
23	36	5544
23	37	7256
23	38	-6256
23	39	-7456
23	40	7144
23	41	12544
23	42	-1944
23	43	10856
23	44	6856
23	45	6856
23	46	-6256
23	47	-6744
23	48	5544
23	49	-12856
24	25	23744
24	26	4544
24	27	3256
24	28	-1056
24	29	-1744
24	30	7944
24	31	-1544
24	32	2544
24	33	-5856
24	34	2256
24	35	8544
24	36	14056
24	37	-6856
24	38	5856
24	39	-2944
24	40	2456
24	41	7056
24	42	2344
24	43	-10456
24	44	13544
24	45	3544
24	46	5856
24	47	7144
24	48	4056
24	49	12456
25	26	4544
25	27	3256
25	28	-1056
25	29	-1744
25	30	7944
25	31	-1544
25	32	2544
25	33	-5856
25	34	2256
25	35	8544
25	36	14056
25	37	-6856
25	38	5856
25	39	-2944
25	40	2456
25	41	7056
25	42	2344
25	43	-10456
25	44	13544
25	45	3544
25	46	5856
25	47	7144
25	48	4056
25	49	12456
26	27	-7544
26	28	-10256
26	29	-12544
26	30	-1256
26	31	-2344
26	32	-6656
26	33	-5056
26	34	11456
26	35	-656
26	36	3256
26	37	-6056
26	38	5056
26	39	-3744
26	40	11656
26	41	-3744
26	42	-6856
26	43	-9656
26	44	4344
26	45	-5656
26	46	-14944
26	47	7944
26	48	-6744
26	49	1656
27	28	8056
27	29	14744
27	30	-944
27	31	24544
27	32	4456
27	33	12856
27	34	-19256
27	35	8456
27	36	18944
27	37	3856
27	38	-12856
27	39	-4056
27	40	-9456
27	41	5944
27	42	14656
27	43	7456
27	44	13456
27	45	13456
27	46	7144
27	47	-20144
27	48	18944
27	49	-9456
28	29	13056
28	30	-6856
28	31	3256
28	32	7744
28	33	9344
28	34	-2944
28	35	13744
28	36	-1144
28	37	-1656
28	38	-9344
28	39	-8144
28	40	7256
28	41	1856
28	42	7544
28	43	14744
28	44	-1256
28	45	-1256
28	46	656
28	47	-7656
28	48	-1144
28	49	-2744
29	30	4056
29	31	9544
29	32	9456
29	33	-2144
29	34	-14256
29	35	13456
29	36	3944
29	37	8856
29	38	2144
29	39	-9056
29	40	-4456
29	41	944
29	42	19656
29	43	2456
29	44	-1544
29	45	-1544
29	46	2144
29	47	-15144
29	48	13944
29	49	-4456
30	31	-5744
30	32	6744
30	33	-11656
30	34	-1944
30	35	2744
30	36	-144
30	37	7344
30	38	11656
30	39	12856
30	40	-11744
30	41	2856
30	42	6544
30	43	-16256
30	44	-2256
30	45	-2256
30	46	11656
30	47	1344
30	48	9856
30	49	8256
31	32	-344
31	33	18056
31	34	-14456
31	35	3656
31	36	13744
31	37	-944
31	38	-18056
31	39	-9256
31	40	-4656
31	41	744
31	42	9856
31	43	12656
31	44	8656
31	45	18656
31	46	1944
31	47	-14944
31	48	13744
31	49	-14656
32	33	-7056
32	34	3456
32	35	7344
32	36	-4744
32	37	1944
32	38	7056
32	39	-1744
32	40	-6344
32	41	8256
32	42	1144
32	43	-1656
32	44	-7656
32	45	2344
32	46	-2944
32	47	-14056
32	48	-4744
32	49	-6344
33	34	-8144
33	35	-1056
33	36	3656
33	37	-6456
33	38	-24544
33	39	-3344
33	40	2056
33	41	-3344
33	42	2744
33	43	19944
33	44	3944
33	45	13944
33	46	5456
33	47	-2456
33	48	3656
33	49	-7944
34	35	-2544
34	36	-10056
34	37	-7144
34	38	8144
34	39	-3056
34	40	11544
34	41	-3056
34	42	-16344
34	43	-3544
34	44	-7544
34	45	-7544
34	46	-11856
34	47	8856
34	48	-20056
34	49	1544
35	36	9256
35	37	7944
35	38	1056
35	39	-7744
35	40	7656
35	41	12256
35	42	7144
35	43	4344
35	44	8344
35	45	-1656
35	46	1056
35	47	-8056
35	48	9256
35	49	-2344
36	37	4656
36	38	-3656
36	39	-4856
36	40	-256
36	41	5144
36	42	5456
36	43	-1744
36	44	24256
36	45	4256
36	46	6344
36	47	-9344
36	48	18144
36	49	-256
37	38	6456
37	39	7656
37	40	-6944
37	41	7656
37	42	1744
37	43	-1056
37	44	2944
37	45	-7056
37	46	6456
37	47	-13456
37	48	14656
37	49	-6944
38	39	3344
38	40	-2056
38	41	3344
38	42	-2744
38	43	-19944
38	44	-3944
38	45	-13944
38	46	-5456
38	47	2456
38	48	-3656
38	49	7944
39	40	-13256
39	41	2144
39	42	-1544
39	43	-8744
39	44	-2744
39	45	-2744
39	46	13344
39	47	3656
39	48	5144
39	49	6744
40	41	-3256
40	42	-6144
40	43	6656
40	44	2656
40	45	-7344
40	46	-12056
40	47	9056
40	48	-10256
40	49	1344
41	42	-1544
41	43	1256
41	44	7256
41	45	7256
41	46	3344
41	47	-6344
41	48	5144
41	49	-3256
42	43	-1856
42	44	2144
42	45	2144
42	46	7256
42	47	-4256
42	48	15456
42	49	3856
43	44	-656
43	45	9344
43	46	56
43	47	-7056
43	48	-1744
43	49	-13344
44	45	3344
44	46	6056
44	47	-3056
44	48	14256
44	49	2656
45	46	6056
45	47	-3056
45	48	4256
45	49	-7344
46	47	2456
46	48	16344
46	49	7944
47	48	-9344
47	49	19056
48	49	-256
