0	1	-7400
0	2	8200
0	3	200
0	4	6000
0	5	-3800
0	6	-2400
0	7	18000
0	8	-1400
0	9	-4000
0	10	-600
0	11	-5000
0	12	-2400
0	13	-3400
0	14	-7400
0	15	2800
0	16	-800
0	17	-11400
0	18	-7800
0	19	7600
0	20	2200
0	21	2400
0	22	5600
0	23	-9000
0	24	-10000
0	25	-2200
0	26	-10600
0	27	8800
0	28	7200
0	29	11600
0	30	-10600
0	31	-2600
0	32	-9800
0	33	-1000
0	34	-2200
0	35	-3600
0	36	5600
0	37	19200
0	38	-14600
0	39	-19600
0	40	-9600
0	41	7000
0	42	-6600
0	43	200
0	44	-4200
0	45	-1800
0	46	-7800
0	47	-4400
0	48	-6000
0	49	800
1	2	-3000
1	3	-15400
1	4	-1200
1	5	-11400
1	6	-2400
1	7	-2800
1	8	6600
1	9	-1200
1	10	-4200
1	11	-200
1	12	-2400
1	13	8200
1	14	2600
1	15	12000
1	16	-4000
1	17	6600
1	18	2600
1	19	-2400
1	20	3000
1	21	2400
1	22	-10800
1	23	-6200
1	24	5200
1	25	7000
1	26	15800
1	27	6400
1	28	-2400
1	29	-6400
1	30	5800
1	31	-2600
1	32	4600
1	33	6200
1	34	7000
1	35	8400
1	36	9200
1	37	-14400
1	38	9800
1	39	4800
1	40	4800
1	41	-11800
1	42	11800
1	43	4600
1	44	-1000
1	45	6600
1	46	2600
1	47	9200
1	48	1200
1	49	4000
2	3	-5400
2	4	-9600
2	5	600
2	6	-6800
2	7	13600
2	8	-5800
2	9	400
2	10	-5000
2	11	-600
2	12	-6800
2	13	11000
2	14	-11800
2	15	7200
2	16	14800
2	17	4200
2	18	-13400
2	19	13200
2	20	-2200
2	21	-3200
2	23	5400
2	24	-4400
2	25	2200
2	26	5000
2	27	-5600
2	28	11600
2	29	-2800
2	30	-15000
2	31	1800
2	32	-5400
2	33	14600
2	34	2200
2	35	-9200
2	37	13600
2	38	1000
2	39	-4000
2	40	-14000
2	41	2600
2	42	-11000
2	43	4600
2	44	-9800
2	45	-7400
2	46	-3400
2	47	-10000
2	48	-20400
2	49	5200
3	4	1200
3	5	1000
3	6	5200
3	7	-5200
3	8	-5800
3	9	1200
3	10	3400
3	11	-7800
3	12	-4800
3	13	-9400
3	14	200
3	15	-15600
3	16	3600
3	17	-15800
3	18	5000
3	19	5200
3	20	600
3	21	-5200
3	22	1600
3	23	6200
3	24	2800
3	25	-20600
3	26	-16600
3	27	-16000
3	28	-10000
3	29	1200
3	30	-6600
3	31	-200
3	32	7000
3	33	-6200
3	34	-10600
3	35	-9200
3	36	-8400
3	37	8000
3	38	-2600
3	39	-7600
3	40	2400
3	41	5800
3	42	-600
3	43	-3000
3	44	11400
3	45	-1000
3	46	5000
3	47	1600
3	48	8800
3	49	-13600
4	5	-4800
4	6	1000
4	7	600
4	8	-10000
4	9	-14600
4	10	9200
4	11	-3600
4	12	1000
4	13	-5200
4	14	6000
4	15	-11400
4	16	-600
4	17	-10000
4	18	9200
4	19	1000
4	20	6400
4	21	-1000
4	22	15800
4	23	400
4	24	-1400
4	25	3600
4	26	-800
4	27	9800
4	28	4200
4	29	7000
4	30	9200
4	31	-16000
4	32	1200
4	33	-10400
4	34	3600
4	35	-5000
4	36	15800
4	37	2200
4	38	3200
4	39	-11800
4	40	-1800
4	41	1600
4	42	5200
4	43	1200
4	44	5600
4	45	3200
4	46	-800
4	47	-4200
4	48	14600
4	49	600
5	6	1200
5	7	800
5	8	200
5	9	15200
5	10	-600
5	11	16200
5	12	11200
5	13	4600
5	14	6200
5	15	-1600
5	16	-400
5	17	10200
5	18	-1000
5	19	1200
5	20	-13400
5	21	-1200
5	22	5600
5	23	10200
5	24	-1200
5	25	3400
5	26	-600
5	28	4000
5	29	-2800
5	30	9400
5	31	3800
5	32	-9000
5	33	-200
5	34	-6600
5	35	-5200
5	36	-14400
5	37	2000
5	38	-6600
5	39	8400
5	40	8400
5	41	11800
5	42	-4600
5	43	1000
5	44	-4600
5	45	3000
5	46	-11000
5	47	-4400
5	48	-5200
5	49	10400
6	7	-7000
6	8	3600
6	9	11000
6	10	14400
6	11	10000
6	12	12600
6	13	-8400
6	14	7600
6	15	-2200
6	16	-15800
6	17	3600
6	18	7200
6	19	-7400
6	20	-2800
6	21	-2600
6	22	10600
6	23	-4000
6	24	-5000
6	25	-7200
6	26	-5600
6	27	3800
6	28	-7800
6	29	6600
6	30	-5600
6	31	-7600
6	32	15200
6	33	-16000
6	34	2800
6	35	11400
6	36	600
6	37	4200
6	38	400
6	39	5400
6	40	-4600
6	41	12000
6	42	8400
6	43	-4800
6	44	800
6	45	-6800
6	46	-2800
6	47	600
6	48	9000
6	49	5800
7	8	4000
7	9	600
7	10	-5200
7	11	-400
7	12	-7000
7	13	1200
7	14	-12000
7	15	7400
7	16	4600
7	17	-6000
7	18	-13200
7	19	13000
7	20	-2400
7	21	7000
7	22	200
7	23	-4400
7	24	-4600
7	25	2400
7	26	-5200
7	27	4200
7	28	11800
7	29	7000
7	30	-5200
7	31	2000
7	32	-15200
7	33	4400
7	34	2400
7	35	-9000
7	36	200
7	37	13800
7	38	-9200
7	39	-14200
7	40	-4200
7	41	2400
7	42	-1200
7	43	4800
7	44	400
7	45	2800
7	46	-13200
7	47	200
7	48	-10600
7	49	5400
8	9	10000
8	10	-4600
8	11	9000
8	12	3600
8	13	-9400
8	14	-1400
8	15	6800
8	16	-14800
8	17	4600
8	18	-3800
8	19	-6400
8	20	-1800
8	21	16400
8	22	-10400
8	23	-15000
8	24	6000
8	25	1800
8	26	-4600
8	27	4800
8	28	-8800
8	29	7600
8	30	5400
8	31	11400
8	32	-5800
8	33	-5000
8	34	1800
8	35	10400
8	36	-10400
8	37	-6800
8	38	-8600
8	39	6400
8	40	6400
8	41	-7000
8	42	9400
8	43	4200
8	44	9800
8	45	2200
8	46	-3800
8	47	19600
8	49	4800
9	10	-800
9	11	16400
9	12	11000
9	13	4800
9	14	6000
9	15	8600
9	16	-10600
9	17	10000
9	18	-800
9	19	1000
9	20	-13600
9	21	-1000
9	22	-4200
9	23	400
9	24	-1400
9	25	-6400
9	26	-800
9	27	-200
9	28	-5800
9	29	-3000
9	30	-800
9	31	4000
9	32	1200
9	33	-400
9	34	-6400
9	35	5000
9	36	-14200
9	37	2200
9	38	-6800
9	39	8200
9	40	8200
9	41	11600
9	42	5200
9	43	1200
9	44	-4400
9	45	3200
9	46	-10800
9	47	5800
9	48	-5400
9	49	10600
10	11	-1800
10	12	4400
10	13	-10200
10	14	-600
10	15	-4000
10	16	-4000
10	17	-4600
10	18	15400
10	19	-5600
10	20	-11000
10	21	5600
10	22	18800
10	23	-5800
10	24	6800
10	25	1000
10	26	-3800
10	27	5600
10	28	400
10	29	-1600
10	30	-3800
10	31	-9400
10	32	3400
10	33	-14200
10	34	11000
10	35	-400
10	36	-1200
10	37	2400
10	38	12200
10	39	7200
10	40	-2800
10	41	3800
10	42	200
10	43	-6600
10	44	-1000
10	45	1400
10	46	5400
10	47	-11200
10	48	10800
10	49	4000
11	12	20000
11	13	5800
11	14	15000
11	15	-400
11	16	-11600
11	17	19000
11	18	200
11	20	-4600
11	22	6800
11	23	1400
11	24	-2400
11	25	4600
11	26	8200
11	27	8800
11	28	-4800
11	29	6000
11	30	8200
11	31	-5000
11	32	2200
11	33	-1400
11	34	-5400
11	35	6000
11	36	-3200
11	37	3200
11	38	-7800
11	39	7200
11	40	-2800
11	41	10600
11	42	4200
11	43	12200
11	44	-3400
11	45	-5800
11	46	-9800
11	47	6800
11	48	-6400
11	49	21600
12	13	1600
12	14	17600
12	15	-2200
12	16	-15800
12	17	13600
12	18	7200
12	19	-7400
12	20	-2800
12	21	-2600
12	22	10600
12	23	-4000
12	24	-5000
12	25	2800
12	26	4400
12	27	13800
12	28	-7800
12	29	6600
12	30	4400
12	31	-7600
12	32	5200
12	33	-6000
12	34	-7200
12	35	11400
12	36	600
12	37	4200
12	38	-9600
12	39	5400
12	40	-4600
12	41	12000
12	42	-1600
12	43	5200
12	44	-9200
12	45	-6800
12	46	-2800
12	47	600
12	48	-1000
12	49	15800
13	14	6600
13	15	8000
13	16	10000
13	17	10600
13	18	-1400
13	19	11600
13	20	-3000
13	21	-11600
13	22	-4800
13	23	9800
13	24	-800
13	25	3000
13	26	19800
13	27	400
13	28	3600
13	29	-12400
13	30	-200
13	31	-6600
13	32	600
13	33	20200
13	34	-7000
13	35	-5600
13	36	5200
13	37	1600
13	38	3800
13	39	-1200
13	40	-1200
13	41	2200
13	42	-4200
13	43	10600
13	44	-15000
13	45	2600
13	46	-1400
13	47	-4800
13	48	-14800
13	49	10000
14	15	-7200
14	16	-10800
14	17	8600
14	18	12200
14	19	-2400
14	20	2200
14	21	-7600
14	22	5600
14	23	1000
14	25	-2200
14	26	9400
14	27	8800
14	28	-12800
14	29	1600
14	30	9400
14	31	-12600
14	32	10200
14	33	-1000
14	34	-12200
14	35	6400
14	36	5600
14	37	-800
14	38	-4600
14	39	400
14	40	400
14	41	7000
14	42	3400
14	43	10200
14	44	-4200
14	45	-1800
14	46	2200
14	47	5600
14	48	4000
14	49	10800
15	16	-3800
15	17	6800
15	18	-7600
15	19	-2200
15	20	-6800
15	21	2200
15	22	-11000
15	23	-6400
15	24	-4600
15	25	6800
15	26	6000
15	27	6600
15	28	7400
15	29	-6200
15	30	-4000
15	31	7200
15	32	-5600
15	33	6400
15	34	6800
15	35	8200
15	36	-1000
15	37	-4600
15	39	5000
15	40	5000
15	41	-1600
15	42	2000
15	43	-5600
15	44	-11200
15	45	6400
15	46	-7600
15	47	-1000
15	48	-8600
15	49	3800
16	17	-4800
16	18	-4400
16	19	14200
16	20	-1200
16	21	-4200
16	22	-1000
16	23	14400
16	24	6600
16	25	1200
16	26	6000
16	27	-14600
16	28	10600
16	29	-11800
16	30	-4000
16	31	800
16	32	-6400
16	33	15600
16	34	1200
16	35	-20200
16	36	-1000
16	37	2600
16	38	12000
16	39	-3000
16	40	-3000
16	41	-6400
16	42	-10000
16	43	3600
16	44	-800
16	45	1600
16	46	5600
16	47	-11000
16	48	-9400
16	49	-5800
17	18	-3800
17	19	-6400
17	20	-1800
17	21	-3600
17	22	-400
17	23	5000
17	24	-4000
17	25	11800
17	26	15400
17	27	4800
17	28	1200
17	29	-2400
17	30	5400
17	31	1400
17	32	4200
17	33	5000
17	34	1800
17	35	10400
17	36	-400
17	37	-6800
17	38	1400
17	39	16400
17	40	-3600
17	41	3000
17	42	-600
17	43	4200
17	44	-10200
17	45	-7800
17	46	-3800
17	47	-400
17	48	-10000
17	49	14800
18	19	-2800
18	20	-7400
18	21	2800
18	22	9600
18	23	-5800
18	24	14800
18	25	-2600
18	26	5400
18	27	6000
18	28	-12000
18	29	-6800
18	30	5400
18	31	-12200
18	32	5000
18	33	-4200
18	34	-2600
18	35	-1200
18	36	-400
18	37	-4000
18	38	9400
18	39	4400
18	40	4400
18	41	-2200
18	42	1400
18	43	5000
18	44	-600
18	45	7000
18	46	13000
18	47	-400
18	48	10800
18	49	4400
19	20	-2800
19	21	-2600
19	22	600
19	23	6000
19	24	5000
19	25	-7200
19	26	4400
19	27	-6200
19	28	2200
19	29	-3400
19	30	-5600
19	31	-7600
19	32	-4800
19	33	14000
19	34	-7200
19	35	-18600
19	36	600
19	37	14200
19	38	400
19	39	-14600
19	40	-4600
19	41	2000
19	42	-1600
19	43	15200
19	44	800
19	45	3200
19	46	-2800
19	47	600
19	48	-11000
19	49	5800
20	21	-7200
20	22	-4000
20	23	1400
20	24	-10400
20	25	-1800
20	26	-1000
20	27	-1600
20	28	-2400
20	29	11200
20	30	-1000
20	31	-2200
20	32	10600
20	33	-1400
20	34	-1800
20	35	6800
20	36	16000
20	37	-400
20	38	-5000
20	39	-10000
20	40	-10000
20	41	-3400
20	42	3000
20	43	600
20	44	6200
20	45	-11400
20	46	2600
20	47	6000
20	48	3600
20	49	-8800
21	22	-600
21	23	-16000
21	24	15000
21	25	7200
21	26	-4400
21	27	6200
21	28	-2200
21	29	3400
21	30	5600
21	31	7600
21	32	-15200
21	33	-4000
21	34	7200
21	35	-1400
21	36	-10600
21	37	-4200
21	38	-400
21	39	4600
21	40	4600
21	41	-12000
21	42	1600
21	43	4800
21	44	9200
21	45	6800
21	46	2800
21	47	9400
21	48	1000
21	49	4200
22	23	800
22	24	-1800
22	25	4000
22	26	-1200
22	27	9400
22	28	4600
22	29	6600
22	30	-1200
22	31	-15600
22	32	1600
22	33	-10800
22	34	4000
22	35	-4600
22	36	6200
22	37	12600
22	38	2800
22	39	-2200
22	40	-12200
22	41	11200
22	42	-5200
22	43	1600
22	44	-4000
22	45	-6400
22	46	-400
22	47	-13800
22	48	4200
22	49	11000
23	24	-6400
23	25	-1400
23	26	4200
23	27	-15200
23	28	9200
23	29	-8000
23	30	4200
23	31	-1000
23	32	6200
23	33	4600
23	34	-1400
23	35	-10000
23	36	800
23	37	-2800
23	38	8200
23	39	3200
23	40	3200
23	41	6600
23	42	200
23	43	-3800
23	44	600
23	45	-1800
23	46	-5800
23	47	-9200
23	48	-400
23	49	-4400
24	25	400
24	26	6800
24	27	-3800
24	28	-10200
24	29	-11000
24	30	6800
24	32	-7200
24	33	6400
24	34	400
24	35	-11000
24	36	-11800
24	37	-8200
24	38	12800
24	39	7800
24	40	7800
24	41	-15600
24	42	800
24	43	12800
24	44	8400
24	45	10800
24	46	14800
24	47	8200
24	48	1400
24	49	3400
25	26	11000
25	27	11600
25	28	12400
25	29	-1200
25	30	11000
25	31	2200
25	32	-10600
25	33	1400
25	34	11800
25	35	3200
25	36	4000
25	37	-9600
25	38	5000
25	39	10000
25	41	-6600
25	42	-3000
25	43	-600
25	44	-6200
25	45	1400
25	46	-2600
25	47	-6000
25	48	-3600
25	49	8800
26	27	5600
26	28	400
26	29	-11600
26	30	6200
26	31	-9400
26	32	3400
26	33	15800
26	34	1000
26	35	-400
26	36	8800
26	37	-7600
26	38	12200
26	39	7200
26	40	-2800
26	41	-6200
26	42	200
26	43	13400
26	44	-11000
26	45	1400
26	46	5400
26	47	-1200
26	48	-9200
26	49	14000
27	28	1000
27	29	7800
27	30	5600
27	31	-8800
27	32	-6000
27	33	-4800
27	34	1600
27	35	10200
27	36	9400
27	37	3000
27	38	-8400
27	39	-3400
27	40	-3400
27	41	3200
27	42	-400
27	43	4000
27	44	-10400
27	45	2000
27	46	-4000
27	47	-600
27	48	200
27	49	14600
28	29	-1800
28	30	400
28	31	2800
28	32	-10000
28	33	800
28	34	12400
28	35	-6200
28	36	4600
28	37	1000
28	38	4400
28	39	-600
28	40	-600
28	41	2800
28	42	-3600
28	43	-10000
28	44	-5600
28	45	2000
28	46	-12000
28	47	-15400
28	48	-4200
28	49	-600
29	30	-1600
29	31	-1600
29	32	1200
29	33	-12000
29	34	-1200
29	35	7400
29	36	6600
29	37	10200
29	38	-15600
29	39	-10600
29	40	-10600
29	41	6000
29	42	2400
29	43	1200
29	44	6800
29	45	-10800
29	46	-6800
29	47	6600
29	48	3000
29	49	1800
30	31	600
30	32	-6600
30	33	-4200
30	34	1000
30	35	-400
30	36	-1200
30	37	-17600
30	38	2200
30	39	7200
30	40	17200
30	41	-6200
30	42	10200
30	43	3400
30	44	9000
30	45	11400
30	46	-4600
30	47	8800
30	48	10800
30	49	4000
31	32	-10200
31	33	1000
31	34	2200
31	35	3600
31	36	-15600
31	37	-9200
31	38	-5400
31	39	9600
31	40	9600
31	41	-7000
31	42	-3400
31	43	-10200
31	44	4200
31	45	1800
31	46	-2200
31	47	4400
31	48	-4000
31	49	-10800
32	33	-6200
32	34	-600
32	35	10800
32	36	11600
32	37	-2000
32	38	7400
32	39	2400
32	40	-7600
32	41	5800
32	42	9400
32	43	-3000
32	44	1400
32	45	-11000
32	46	5000
32	47	1600
32	48	8800
32	49	-3600
33	34	-8600
33	35	-10000
33	36	-800
33	37	2800
33	38	1800
33	39	-3200
33	40	-3200
33	41	-6600
33	42	-10200
33	43	13800
33	44	-10600
33	45	1800
33	46	5800
33	47	-800
33	48	-19600
33	49	4400
34	35	3200
34	36	4000
34	37	-9600
34	38	15000
34	39	10000
34	41	-6600
34	42	7000
34	43	-10600
34	44	3800
34	45	1400
34	46	-2600
34	47	-6000
34	48	6400
34	49	-1200
35	36	5400
35	37	-8200
35	38	-6400
35	39	8600
35	40	-1400
35	41	2000
35	42	5600
35	43	-9200
35	44	-4800
35	45	-7200
35	46	-1200
35	47	5400
35	48	5000
35	49	200
36	37	2600
36	38	2800
36	39	-12200
36	40	-12200
36	41	1200
36	42	4800
36	43	1600
36	44	-4000
36	45	-6400
36	46	-400
36	47	-3800
36	48	4200
36	49	1000
37	38	-13600
37	39	-18600
37	40	-18600
37	41	14800
37	42	-11600
37	43	8000
37	44	-7600
37	45	-10000
37	46	-4000
37	47	-7400
37	48	-12200
37	49	7400
38	39	13200
38	40	3200
38	41	-10200
38	42	6200
38	43	-2600
38	44	3000
38	45	5400
38	46	9400
38	47	-7200
38	48	6800
38	49	-2000
39	40	8200
39	41	-5200
39	42	1200
39	43	-7600
39	44	-2000
39	45	400
39	46	4400
39	47	-2200
39	48	1800
39	49	3000
40	41	-5200
40	42	11200
40	43	-7600
40	44	8000
40	45	20400
40	46	-5600
40	47	7800
40	48	11800
40	49	-7000
41	42	-2200
41	43	-4200
41	44	-8600
41	45	-6200
41	46	-12200
41	47	-8800
41	48	-1600
41	49	6400
42	43	-600
42	44	15000
42	45	7400
42	46	-8600
42	47	14800
42	48	14800
43	44	1400
43	45	-1000
43	46	5000
43	47	11600
43	48	-11200
43	49	16400
44	45	3400
44	46	-600
44	47	16000
44	48	14400
44	49	-9200
45	46	-3000
45	47	3600
45	48	6800
45	49	-1600
46	47	-400
46	48	800
46	49	-5600
47	48	4200
47	49	1000
48	49	-10600
