0	1	7092
0	2	9108
0	3	1692
0	4	19308
0	5	6892
0	6	2492
0	7	-16892
0	8	-13092
0	9	6692
0	10	12292
0	11	-13092
0	12	4108
0	13	8508
0	14	8708
0	15	492
0	16	1692
0	17	1892
0	18	8708
0	19	8308
0	20	3908
0	21	2092
0	22	-1692
0	23	-4308
0	24	-3508
0	25	8308
0	26	-5108
0	27	-7508
0	28	15508
0	29	3908
0	30	-2908
0	31	3708
0	32	-2092
0	33	-6692
0	34	-8708
0	35	-9908
0	36	-4108
0	37	15308
0	38	-492
0	39	-6892
0	40	-5492
0	41	7092
0	42	1092
0	43	9708
0	44	-13908
0	45	-18092
0	46	-8692
0	47	-1492
0	48	11692
0	49	892
1	2	-9692
1	3	492
1	4	10508
1	5	5692
1	6	1292
1	7	-5692
1	8	-11892
1	9	-4508
1	10	-8908
1	11	-1892
1	12	-4692
1	13	-292
1	14	-92
1	15	9292
1	16	10492
1	17	692
1	18	9908
1	19	-492
1	20	5108
1	21	10892
1	22	-492
1	23	-5508
1	24	-4708
1	25	-492
1	26	-6308
1	27	1292
1	28	-3292
1	29	-4892
1	30	-14108
1	31	14908
1	32	-892
1	33	-5492
1	34	-9908
1	35	-11108
1	36	-15308
1	37	6508
1	38	708
1	39	-5692
1	40	5708
1	41	5892
1	42	9892
1	43	-9092
1	44	-5108
1	45	-6892
1	46	-7492
1	47	9708
1	48	492
1	49	-20308
2	3	5708
2	4	3292
2	5	-9492
2	6	-5092
2	7	-10508
2	8	5692
2	9	10708
2	10	15108
2	11	-4308
2	12	8492
2	13	4092
2	14	-6108
2	15	-3092
2	16	-4292
2	17	5508
2	18	3892
2	19	4292
2	20	-1308
2	21	-14692
2	22	14292
2	23	1708
2	24	10908
2	25	-5708
2	26	2508
2	27	-5092
2	28	7092
2	29	-1308
2	30	308
2	31	-1108
2	32	4692
2	33	-708
2	34	6108
2	35	-2692
2	36	11508
2	37	7292
2	38	-6908
2	39	9492
2	40	-1908
2	41	308
2	42	-13692
2	43	2892
2	44	1308
2	45	-9308
2	46	1292
2	47	-15908
2	48	15708
2	49	6508
3	4	-4092
3	5	292
3	6	-4108
3	7	-10292
3	8	-6492
3	9	20092
3	10	5692
3	11	-16492
3	12	-9292
3	13	-4892
3	14	5308
3	15	-6108
3	16	-14908
3	17	5292
3	18	-4692
3	19	-5092
3	20	508
3	21	-4508
3	22	4908
3	23	-908
3	24	19892
3	25	4908
3	26	-11708
3	27	-4108
3	28	2108
3	29	508
3	30	-9508
3	31	308
3	32	-5492
3	33	19908
3	34	4692
3	35	-6508
3	36	-708
3	37	11908
3	38	-3892
3	39	-292
3	40	1108
3	41	-9508
3	42	-5508
3	43	6308
3	44	-10508
3	45	-1492
3	46	-2092
3	47	-4892
3	48	-4908
3	49	-5708
4	5	10708
4	6	5108
4	7	-10708
4	8	-4508
4	9	908
4	10	5308
4	11	-4508
4	12	8292
4	13	3892
4	14	3692
4	15	7108
4	16	5908
4	17	-4292
4	18	3692
4	19	4092
4	20	8492
4	21	5508
4	22	-5908
4	23	-8092
4	24	-8892
4	25	4092
4	26	2708
4	27	-4892
4	28	6892
4	29	-1508
4	30	-9492
4	31	8692
4	32	4492
4	33	-10908
4	34	-3692
4	35	-12492
4	36	1708
4	37	7092
4	38	2892
4	39	-708
4	40	-12108
4	41	508
4	42	6508
4	43	2692
4	44	-8492
4	45	-9508
4	46	-8908
4	47	-6108
4	48	5908
4	49	-3292
5	6	11092
5	7	-5492
5	8	-11692
5	9	5292
5	10	-9108
5	11	-1692
5	12	-4492
5	13	-92
5	14	20108
5	15	-908
5	16	-9708
5	17	492
5	18	108
5	19	-292
5	20	5308
5	21	10692
5	22	-10292
5	23	4292
5	24	-4908
5	25	-292
5	26	-6508
5	27	1092
5	28	6908
5	29	5308
5	30	-4308
5	31	5108
5	32	9308
5	33	4708
5	34	9892
5	35	-1308
5	36	-5508
5	37	-3292
5	38	908
5	39	-15492
5	40	-4092
5	41	-14308
5	42	-308
5	43	11108
5	44	-5308
5	45	3308
5	46	-7292
5	47	-92
5	48	-9708
5	49	-508
6	7	8908
6	8	2708
6	9	892
6	10	-3508
6	11	-7292
6	12	-92
6	13	4308
6	14	4508
6	15	-5308
6	16	-4108
6	17	-13908
6	18	-5492
6	19	4108
6	20	-292
6	21	-3708
6	22	-5892
6	23	-108
6	24	-9308
6	25	-5892
6	26	-908
6	27	-3308
6	28	11308
6	29	-292
6	30	11292
6	31	-10492
6	32	-6292
6	33	-892
6	34	5492
6	35	-5708
6	36	92
6	37	1108
6	38	5308
6	39	-11092
6	40	308
6	41	-8708
6	42	5292
6	43	15508
6	44	292
6	45	7708
6	46	-12892
6	47	-5692
6	48	-4108
6	49	-4908
7	8	11692
7	9	-15292
7	10	-10892
7	11	1692
7	12	4492
7	13	-9908
7	14	-10108
7	15	-9092
7	16	9708
7	17	-10492
7	18	-10108
7	19	292
7	20	-5308
7	21	-692
7	22	-9708
7	23	-4292
7	24	-5092
7	25	292
7	26	6508
7	27	8908
7	28	-6908
7	29	4692
7	30	14308
7	31	-5108
7	32	-9308
7	33	-4708
7	34	108
7	35	1308
7	36	5508
7	37	-6708
7	38	9092
7	39	5492
7	40	4092
7	41	4308
7	42	10308
7	43	-1108
7	44	5308
7	45	6692
7	46	-2708
7	47	92
7	48	-10292
7	49	508
8	9	-1492
8	10	2908
8	11	7892
8	12	10692
8	13	-3708
8	14	-13908
8	15	4708
8	16	3508
8	17	-16692
8	18	-3908
8	19	6492
8	20	892
8	21	-16892
8	22	6492
8	23	-492
8	24	-1292
8	25	-3508
8	26	20308
8	27	-7292
8	28	-10708
8	29	-9108
8	30	8108
8	31	-8908
8	32	-3108
8	33	-8508
8	34	3908
8	35	5108
8	36	19308
8	37	-10508
8	38	-4708
8	39	11692
8	40	-9708
8	41	-1892
8	42	4108
8	43	-4908
8	44	9108
8	45	12892
8	46	13492
8	47	-13708
8	48	3508
8	49	4308
9	10	10692
9	11	-11492
9	12	-4292
9	13	108
9	14	10308
9	15	-1108
9	16	-19908
9	17	292
9	18	308
9	19	-92
9	20	5508
9	21	-9508
9	22	9908
9	23	4092
9	24	14892
9	25	-92
9	26	-6708
9	27	-9108
9	28	7108
9	29	-4492
9	30	-4508
9	31	-4692
9	32	-492
9	33	14908
9	34	9692
9	35	-1508
9	36	4292
9	37	6908
9	38	-8892
9	39	-5292
9	40	-3892
9	41	-14508
9	42	-10508
9	43	11308
9	44	-5508
9	45	3508
9	46	2908
9	47	-9892
9	48	92
9	49	-708
10	11	-7092
10	12	10108
10	13	4508
10	14	-5292
10	15	4492
10	16	-4308
10	17	-4108
10	18	-5292
10	19	-5692
10	20	9908
10	21	-3908
10	22	4308
10	23	-10308
10	24	492
10	25	4308
10	26	-1108
10	27	-3508
10	28	11508
10	29	-10092
10	30	1092
10	31	-10292
10	32	-6092
10	33	-692
10	34	-4708
10	35	-5908
10	36	9892
10	37	11308
10	38	5508
10	39	9108
10	40	-9492
10	41	1092
10	42	-4908
10	43	5708
10	44	92
10	45	-2092
10	46	-2692
10	47	-5492
10	48	5692
10	49	4892
11	12	692
11	13	6292
11	14	-3908
11	15	14708
11	16	3508
11	17	3308
11	18	6092
11	19	-3508
11	20	892
11	21	3108
11	22	6492
11	23	9508
11	24	-11292
11	25	-13508
11	26	10308
11	27	2708
11	28	-10708
11	29	-9108
11	30	-1892
11	31	1092
11	32	16892
11	33	-8508
11	34	3908
11	35	15108
11	36	-692
11	37	-20508
11	38	-4708
11	39	1692
11	40	292
11	41	-1892
11	42	-5892
11	43	-14908
11	44	19108
11	45	12892
11	46	13492
11	47	6292
11	48	3508
11	49	4308
12	13	-10908
12	14	-11108
12	15	1908
12	16	10708
12	17	-9492
12	18	-1108
12	19	-708
12	20	13692
12	21	308
12	22	-708
12	23	-13292
12	24	-4092
12	25	-708
12	26	7508
12	27	9908
12	28	2092
12	29	-6308
12	30	5308
12	31	3892
12	32	-308
12	33	-15708
12	34	1108
12	35	-7692
12	36	16508
12	37	2292
12	38	8092
12	39	14492
12	40	-6908
12	41	5308
12	42	1308
12	43	-2108
12	44	6308
12	45	-4308
12	46	-3708
12	47	-10908
12	48	708
12	49	1508
13	14	4492
13	15	6308
13	16	-4892
13	17	4908
13	18	4492
13	19	4892
13	20	-10708
13	21	-5292
13	22	4892
13	23	11108
13	24	-9692
13	25	-5108
13	26	1908
13	27	-15692
13	28	7692
13	29	-708
13	30	-292
13	31	-10508
13	32	5292
13	33	-108
13	34	-4492
13	35	6708
13	36	-9092
13	37	-2108
13	38	-6308
13	39	-9908
13	40	-1308
13	41	-292
13	42	-4292
13	43	3492
13	44	708
13	45	1292
13	46	1892
13	47	4692
13	48	15108
13	49	5908
14	15	-3492
14	16	-14692
14	17	5108
14	18	4292
14	19	4692
14	20	-908
14	21	4908
14	22	-5308
14	23	11308
14	24	508
14	25	4692
14	26	-7892
14	27	-5492
14	28	7492
14	29	9092
14	30	-92
14	31	-708
14	32	5092
14	33	9692
14	34	5708
14	35	6908
14	36	-8892
14	37	-2308
14	38	-6508
14	39	-20108
14	40	-1508
14	41	-10092
14	42	-4092
14	43	13292
14	44	-9092
14	45	1092
14	46	1692
14	47	4492
14	48	-4692
14	49	6108
15	16	3892
15	17	-5908
15	18	6508
15	19	-3892
15	20	11708
15	21	4292
15	22	6108
15	23	-2108
15	24	-11308
15	25	-3892
15	26	7092
15	27	-5308
15	28	-6692
15	29	-18292
15	30	-10708
15	31	1508
15	32	5708
15	33	-8892
15	34	-6508
15	35	2292
15	36	-1908
15	37	-6892
15	38	-2692
15	39	908
15	40	-7692
15	41	-708
15	42	3292
15	43	-12492
15	44	8292
15	45	9708
15	46	9108
15	47	6308
15	48	3892
15	49	-6908
16	17	-4708
16	18	5308
16	19	4908
16	20	508
16	21	5492
16	22	-5092
16	23	-10908
16	24	-10108
16	25	4908
16	26	8292
16	27	5892
16	28	-7892
16	29	508
16	30	492
16	31	10308
16	32	-5492
16	33	-20092
16	34	-15308
16	35	-6508
16	36	-708
16	37	1908
16	38	6108
16	39	9708
16	40	1108
16	41	20492
16	42	14492
16	43	-13692
16	44	-508
16	45	-11492
16	46	-2092
16	47	5108
16	48	5092
16	49	-5708
17	18	5108
17	19	-5292
17	20	-9692
17	21	5692
17	22	4708
17	23	9292
17	24	10092
17	25	-5292
17	26	-11508
17	27	6092
17	28	1908
17	29	10308
17	30	-9308
17	31	10108
17	32	14308
17	33	9708
17	34	4892
17	35	3692
17	36	-10508
17	37	1708
17	38	-4092
17	39	-492
17	40	10908
17	41	692
17	42	-15308
17	43	-3892
17	44	-308
17	45	-11692
17	46	-2292
17	47	4908
17	48	5292
17	49	4492
18	19	14692
18	20	-908
18	21	-5092
18	22	14692
18	23	11308
18	24	508
18	25	-5308
18	26	2108
18	27	-5492
18	28	-2508
18	29	-908
18	30	-92
18	31	9292
18	32	5092
18	33	-10308
18	34	-4292
18	35	6908
18	36	-8892
18	37	-2308
18	38	-16508
18	39	-10108
18	40	8492
18	41	9908
18	42	-4092
18	43	-6708
18	44	908
18	45	-8908
18	46	11692
18	47	4492
18	48	15308
18	49	-3892
19	20	-10508
19	21	-15492
19	22	5092
19	23	10908
19	24	108
19	25	5092
19	26	11708
19	27	-15892
19	28	-2108
19	29	9492
19	30	9508
19	31	-308
19	32	-4508
19	33	-9908
19	34	-4692
19	35	6508
19	36	708
19	37	-1908
19	38	-16108
19	39	-9708
19	40	-1108
19	41	9508
19	42	5508
19	43	3692
19	44	-9492
19	45	-8508
19	46	12092
19	47	-5108
19	48	14908
19	49	5708
20	21	10108
20	22	-508
20	23	-13492
20	24	-4292
20	25	-508
20	26	-2692
20	27	9708
20	28	2292
20	29	-16108
20	30	-4892
20	31	4092
20	32	-108
20	33	-5508
20	34	908
20	35	-7892
20	36	6308
20	37	2492
20	38	8292
20	39	4692
20	40	-6708
20	41	-4892
20	42	1108
20	43	-1908
20	44	6108
20	45	5892
20	46	-3508
20	47	-708
20	48	-9492
20	49	-8692
21	22	-15492
21	23	-10508
21	24	-9708
21	25	4508
21	26	-11308
21	27	16292
21	28	1708
21	29	108
21	30	-9108
21	31	9908
21	32	4108
21	33	-492
21	34	-4908
21	35	-6108
21	36	-10308
21	37	1508
21	38	15708
21	39	-692
21	40	708
21	41	892
21	42	4892
21	43	-4092
21	44	-108
21	45	-1892
21	46	-12492
21	47	14708
21	48	-14508
21	49	-5308
22	23	10908
22	24	10108
22	25	-14908
22	26	1708
22	27	-5892
22	28	-2108
22	29	-10508
22	30	-492
22	31	-308
22	32	5492
22	33	92
22	34	5308
22	35	6508
22	36	708
22	37	-1908
22	38	-16108
22	39	292
22	40	8892
22	41	-492
22	42	-14492
22	43	-6308
22	44	10508
22	45	1492
22	46	12092
22	47	-5108
22	48	14908
22	49	-4292
23	24	3892
23	25	-9092
23	26	2292
23	27	-10108
23	28	-1892
23	29	6508
23	30	4492
23	31	-3692
23	32	10508
23	33	5908
23	34	8692
23	35	17492
23	36	-6708
23	37	-12092
23	38	-17892
23	39	-14292
23	40	7108
23	41	-5508
23	42	-11508
23	43	2308
23	44	3492
23	45	4508
23	46	13908
23	47	1108
23	48	9092
23	49	8292
24	25	108
24	26	-6908
24	27	692
24	28	-2692
24	29	5708
24	30	-4708
24	31	5508
24	32	-292
24	33	15108
24	34	9492
24	35	-1708
24	36	4092
24	37	7108
24	38	-8692
24	39	4908
24	40	6308
24	41	-4708
24	42	-10708
24	43	1508
24	44	-5708
24	45	-6292
24	46	3108
24	47	-9692
24	48	-108
24	49	-908
25	26	1708
25	27	-5892
25	28	-2108
25	29	9492
25	30	-492
25	31	-308
25	32	-14508
25	33	92
25	34	-14692
25	35	-3492
25	36	708
25	37	8092
25	38	3892
25	39	292
25	40	-11108
25	41	9508
25	42	15508
25	43	3692
25	44	-19492
25	45	-8508
25	46	2092
25	47	4892
25	48	-5092
25	49	5708
26	27	-10908
26	28	-11092
26	29	-2692
26	30	3692
26	31	-2892
26	32	1308
26	33	-13292
26	34	-2108
26	35	6692
26	36	12492
26	37	-11292
26	38	-7092
26	39	6508
26	40	-12092
26	41	3692
26	42	7692
26	43	-6892
26	44	2692
26	45	5308
26	46	14708
26	47	-8092
26	48	8292
26	49	7492
27	28	1308
27	29	-292
27	30	1292
27	31	9508
27	32	3708
27	33	-892
27	34	5492
27	35	-5708
27	36	92
27	37	1108
27	38	15308
27	39	8908
27	40	10308
27	41	1292
27	42	-4708
27	43	-4492
27	44	10292
27	45	-2292
27	46	-12892
27	47	4308
27	48	-14108
27	49	-4908
28	29	2292
28	30	6708
28	31	-7508
28	32	-1708
28	33	2892
28	34	2508
28	35	-6292
28	36	-2092
28	37	10892
28	38	6692
28	39	-6908
28	40	1692
28	41	-3292
28	42	-7292
28	43	16492
28	44	-2292
28	45	-5708
28	46	-15108
28	47	-2308
28	48	2108
28	49	2908
29	30	5108
29	31	4092
29	32	-108
29	33	4492
29	34	908
29	35	2108
29	36	-3692
29	37	2492
29	38	-1708
29	39	-5308
29	40	3292
29	41	5108
29	42	1108
29	43	8092
29	44	-13892
29	45	-14108
29	46	-3508
29	47	-708
29	48	508
29	49	11308
30	31	-15092
30	32	-10892
30	33	-5492
30	34	92
30	35	8892
30	36	4692
30	37	-3492
30	38	708
30	39	-5692
30	40	5708
30	41	5892
30	42	-108
30	43	10908
30	44	4892
30	45	3108
30	46	2508
30	47	-292
30	48	492
30	49	9692
31	32	10092
31	33	-5308
31	34	708
31	35	-8092
31	36	-3892
31	37	2692
31	38	-1508
31	39	4892
31	40	3492
31	41	4908
31	42	908
31	43	-11708
31	44	-4092
31	45	-13908
31	46	-3308
31	47	-508
31	48	308
31	49	-8892
32	33	492
32	34	14908
32	35	6108
32	36	308
32	37	-11508
32	38	-5708
32	39	692
32	40	-708
32	41	-10892
32	42	-14892
32	43	-5908
32	44	10108
32	45	1892
32	46	2492
32	47	-4708
32	48	4508
32	49	5308
33	34	10308
33	35	1508
33	36	-4292
33	37	3092
33	38	-1108
33	39	-4708
33	40	3892
33	41	-15492
33	42	-9492
33	43	8692
33	44	-4492
33	45	6492
33	46	-2908
33	47	-108
33	48	-10092
33	49	708
34	35	3092
34	36	8892
34	37	-7692
34	38	-3492
34	39	108
34	40	1508
34	41	-19908
34	42	-15908
34	43	6708
34	44	9092
34	45	8908
34	46	-1692
34	47	-14492
34	48	-5308
34	49	3892
35	36	-2308
35	37	-16492
35	38	-12292
35	39	-8692
35	40	2708
35	41	-1108
35	42	-7108
35	43	-2092
35	44	7892
35	45	10108
35	46	19508
35	47	6708
35	48	3492
35	49	12692
36	37	-2292
36	38	1908
36	39	15508
36	40	-13092
36	41	-5308
36	42	-1308
36	43	2108
36	44	3692
36	45	4308
36	46	3708
36	47	-19092
36	48	-708
36	49	8492
37	38	6892
37	39	3292
37	40	1892
37	41	6508
37	42	2508
37	43	6692
37	44	-12492
37	45	-15508
37	46	-14908
37	47	-2108
37	48	1908
37	49	-7292
38	39	9092
38	40	-2308
38	41	708
38	42	6708
38	43	2492
38	44	1708
38	45	292
38	46	-19108
38	47	3692
38	48	-13892
38	49	-3092
39	40	-5908
39	41	4308
39	42	308
39	43	-11108
39	44	5308
39	45	-3308
39	46	-2708
39	47	-9908
39	48	-292
39	49	508
40	41	5708
40	42	-8292
40	43	-2508
40	44	6708
40	45	-4708
40	46	-4108
40	47	8692
40	48	1108
40	49	-8092
41	42	9892
41	43	-9092
41	44	-5108
41	45	-16892
41	46	2508
41	47	9708
41	48	10492
41	49	-308
42	43	-3092
42	44	-11108
42	45	-892
42	46	-1492
42	47	5708
42	48	-5508
42	49	-6308
43	44	-8092
43	45	92
43	46	-9308
43	47	-6508
43	48	-3692
43	49	7108
44	45	14108
44	46	3508
44	47	708
44	48	-508
44	49	-1308
45	46	8492
45	47	1292
45	48	-11492
45	49	-692
46	47	1892
46	48	7908
46	49	8708
47	48	-4892
47	49	-4092
48	49	4292
