0	1	1804
0	2	-364
0	3	-11588
0	4	5828
0	5	4540
0	6	-2236
0	7	3244
0	8	76
0	9	-13028
0	10	2236
0	11	-2668
0	12	3100
0	13	-6404
0	14	-356
0	15	8852
0	16	3820
0	17	-2668
0	18	-4388
0	19	-7700
0	20	2812
0	21	9580
0	22	-10292
0	23	-3100
0	24	220
0	25	2236
0	26	-17348
0	27	-12740
0	28	-2380
0	29	7996
0	30	-1076
0	31	3244
0	32	3380
0	33	4684
0	34	-5108
0	35	7276
1	2	-652
1	3	-932
1	4	5540
1	5	-10724
1	6	-2524
1	7	-1652
1	8	364
1	9	-2372
1	10	2524
1	11	-2956
1	12	-12164
1	13	-6116
1	14	5116
1	15	3380
1	16	4108
1	17	7412
1	18	11452
1	19	2956
1	20	8284
1	21	-500
1	22	364
1	23	6980
1	24	-15044
1	25	2524
1	26	-6692
1	27	8284
1	28	7700
1	29	8284
1	30	-5972
1	31	3532
1	32	3092
1	33	4972
1	34	-4820
1	35	-2804
2	3	2372
2	4	13756
2	5	6980
2	6	-9284
2	7	-17644
2	8	1076
2	9	-1372
2	10	4100
2	11	1516
2	12	3236
2	13	-2812
2	14	-3676
2	15	-10004
2	16	2516
2	17	-3668
2	18	356
2	19	-11884
2	20	13892
2	21	-8428
2	22	6260
2	23	-13604
2	24	-4252
2	25	4100
2	26	8132
2	27	8708
2	28	1228
2	29	-1660
2	30	7412
2	31	-7276
2	32	-4532
2	33	1652
2	34	1076
2	35	-940
3	4	-1804
3	5	-8564
3	6	10868
3	7	508
3	8	2524
3	9	-212
3	10	-5684
3	11	10436
3	12	5548
3	13	1228
3	14	12460
3	15	-3964
3	16	-4100
3	17	5252
3	18	13612
3	19	-5252
3	20	76
3	21	-8708
3	22	2524
3	23	10004
3	24	-12884
3	25	-5684
3	26	11020
3	27	10444
3	28	5540
3	29	-10292
3	30	-3812
3	31	-4676
3	32	-4252
3	33	7132
3	34	7708
3	35	4540
4	5	2804
4	6	-10292
4	7	-6268
4	8	-3100
4	9	-10732
4	10	5108
4	11	5692
4	12	-6124
4	13	3380
4	14	-7852
4	15	-644
4	16	3524
4	17	-4676
4	18	-3820
4	19	-10876
4	20	4532
4	21	2948
4	22	2084
4	23	-14612
4	24	-8428
4	25	10292
4	26	-1228
4	27	4532
4	28	-4964
4	29	9716
4	30	3236
4	31	-1084
4	32	-5540
4	33	13028
4	34	-8284
4	35	5252
5	6	-76
5	7	-4100
5	8	3100
5	9	5548
5	10	5260
5	11	-508
5	12	-9428
5	13	-8564
5	14	-7700
5	15	5828
5	16	1660
5	17	-508
5	18	3820
5	19	508
5	20	-4532
5	21	12604
5	22	-7268
5	23	-940
5	24	3244
5	25	76
5	26	1228
5	27	-14900
5	28	-5404
5	29	652
5	30	-8420
5	31	1084
5	32	-4828
5	33	2524
5	34	3100
5	35	-68
6	7	16772
6	8	4388
6	9	7124
6	10	7412
6	11	-6980
6	12	-9004
6	13	-4684
6	14	10004
6	15	-2948
6	16	5828
6	17	13756
6	18	8852
6	19	-3388
6	20	-3532
6	21	68
6	22	-796
6	23	9004
6	24	-940
6	25	-2956
6	26	6260
6	27	1652
6	28	8284
6	29	-8716
6	30	-10012
6	31	1220
6	32	7708
6	33	-220
6	34	9572
6	35	7556
7	8	-3380
7	9	-932
7	10	-6404
7	11	-4396
7	12	-5540
7	13	508
7	14	-3812
7	15	7124
7	16	5548
7	17	5972
7	18	7708
7	19	-788
7	20	-5828
7	21	940
7	22	-8564
7	23	5540
7	24	7132
7	25	9148
7	26	-5252
7	27	-644
7	28	11444
7	29	-11012
7	30	-9716
7	31	4972
7	32	-3532
7	33	1228
7	34	1804
7	35	3820
8	9	1084
8	10	5980
8	11	-1228
8	12	6844
8	13	2524
8	14	-1796
8	15	-76
8	16	-7988
8	17	-6412
8	18	-5828
8	19	1228
8	20	1372
8	21	-12596
8	22	-11732
8	23	-6844
8	24	3964
8	25	796
8	26	1948
8	27	1372
8	28	9428
8	29	1372
8	30	-2516
8	31	-3380
8	32	4820
8	33	-1940
8	34	-11732
8	35	-4532
9	10	3244
9	11	1508
9	12	-1076
9	13	-5396
9	14	5836
9	15	2660
9	16	-5540
9	17	-3676
9	18	-3380
9	19	3676
9	20	-1364
9	21	220
9	22	1084
9	23	1076
9	24	1228
9	25	-1940
9	26	14764
9	27	-6548
9	28	6980
9	29	-11732
9	30	5116
9	31	-6116
9	32	2372
9	33	-9860
9	34	1084
9	35	-2084
10	11	-3388
10	12	-6548
10	13	-500
10	14	-4820
10	15	2948
10	16	4540
10	17	6980
10	18	1516
10	19	-1796
10	20	-1652
10	21	-68
10	22	796
10	23	-3820
10	24	-4244
10	25	13324
10	26	-1076
10	27	3532
10	28	-3100
10	29	3532
10	30	-5540
10	31	-11588
10	32	13028
10	33	5404
10	34	-9572
10	35	2812
11	12	6116
11	13	68
11	14	9572
11	15	2668
11	16	212
11	17	-11732
11	18	-1948
11	19	-9004
11	20	11588
11	21	4820
11	22	3956
11	23	-932
11	24	-6556
11	25	-3388
11	26	5828
11	27	6404
11	28	-1652
11	29	-3964
11	30	-5260
11	31	11156
11	32	-2228
11	33	-652
11	34	-1228
11	35	-3244
12	13	10732
12	14	6412
12	15	2084
12	16	-10148
12	17	-9436
12	18	-18356
12	19	-6116
12	20	4396
12	21	-14756
12	22	1660
12	23	-4684
12	24	12172
12	25	-1364
12	26	-212
12	27	-788
12	28	11588
12	29	-788
12	30	5692
12	31	-356
12	32	1796
12	33	-9284
12	34	1660
12	35	-1508
13	14	7276
13	15	6404
13	16	6268
13	17	-10300
13	18	-17492
13	19	-68
13	20	76
13	21	-8708
13	22	-7844
13	23	4820
13	24	7852
13	25	-500
13	26	652
13	27	76
13	28	356
13	29	5260
13	30	-3812
13	31	508
13	32	-4252
13	33	-3236
13	34	-7844
13	35	-11012
14	15	5540
14	16	1948
14	17	4388
14	18	-1076
14	19	-4388
14	20	940
14	21	-2660
14	22	-1796
14	23	14324
14	24	-6836
14	25	-10004
14	26	6700
14	27	-4244
14	28	4676
14	29	6124
14	30	-2948
14	31	6556
14	32	68
14	33	-2372
14	34	3388
14	35	-4964
15	16	6548
15	17	2668
15	18	4388
15	19	2516
15	20	7556
15	21	5972
15	22	-5260
15	23	3100
15	24	-220
15	25	2948
15	26	1796
15	27	-13180
15	28	7564
15	29	2372
15	30	-9292
15	31	-3244
15	32	-3380
15	33	-4684
15	34	-10444
15	35	3092
16	17	-4972
16	18	3100
16	19	-10580
16	20	5116
16	21	1516
16	22	2380
16	23	-220
16	24	-2660
16	25	-5828
16	26	508
16	27	-68
16	28	500
16	29	-5252
16	30	-19508
16	31	15916
16	32	1076
16	33	6988
16	34	-7988
16	35	-5972
17	18	18788
17	19	6548
17	20	-9148
17	21	4820
17	22	3956
17	23	4252
17	24	-1372
17	25	6980
17	26	644
17	27	6404
17	28	-1652
17	29	-3964
17	30	-76
17	31	-9580
17	32	-2228
17	33	9716
17	34	9140
17	35	1940
18	19	1948
18	20	-3092
18	21	8860
18	22	4540
18	23	7988
18	24	-10868
18	25	1516
18	26	2668
18	27	7276
18	28	3524
18	29	-8276
18	30	-6980
18	31	-7844
18	32	-1084
18	33	9148
18	34	4540
18	35	6556
19	20	-1220
19	21	10732
19	22	-3956
19	23	11300
19	24	1372
19	25	-6980
19	26	-5828
19	27	-6404
19	28	-3532
19	29	3964
19	30	-5108
19	31	-5972
19	32	7412
19	33	652
19	34	1228
19	35	-1940
20	21	-4676
20	22	1372
20	23	-4396
20	24	-8852
20	25	-6836
20	26	9868
20	27	9292
20	28	1508
20	29	-1076
20	30	220
20	31	-644
20	32	7268
20	33	-14756
20	34	-3812
20	35	3388
21	22	-2228
21	23	4388
21	24	-2084
21	25	-5252
21	26	1084
21	27	-15044
21	28	-10444
21	29	508
21	30	-8564
21	31	6124
21	32	5684
21	33	2380
21	34	-2228
21	35	4972
22	23	-1660
22	24	-6404
22	25	5980
22	26	-3236
22	27	6556
22	28	4244
22	29	1372
22	30	-2516
22	31	1804
22	32	-364
22	33	3244
22	34	14188
22	35	-4532
23	24	-6988
23	25	-9004
23	26	-4972
23	27	788
23	28	-1220
23	29	788
23	30	-16060
23	31	5540
23	32	-1796
23	33	-1084
23	34	8708
23	35	1508
24	25	-4244
24	26	-3092
24	27	-3668
24	28	-1084
24	29	-14036
24	30	2812
24	31	1948
24	32	-5692
24	33	-12164
24	34	-6404
24	35	796
25	26	-11444
25	27	-1652
25	28	12452
25	29	8716
25	30	-356
25	31	-6404
25	32	-7708
25	33	5404
25	34	796
25	35	-2372
26	27	4684
26	28	-4252
26	29	-16052
26	30	11164
26	31	-10436
26	32	6692
26	33	-14180
26	34	-3236
26	35	9148
27	28	-3676
27	29	-11444
27	30	5404
27	31	-5828
27	32	2084
27	33	5980
27	34	1372
27	35	-1796
28	29	1508
28	30	-10156
28	31	6260
28	32	-2516
28	33	-364
28	34	9428
28	35	-8140
29	30	220
29	31	4540
29	32	2084
29	33	5980
29	34	1372
29	35	-6980
30	31	-20084
30	32	788
30	33	-8276
30	34	2668
30	35	4684
31	32	-8716
31	33	1228
31	34	1804
31	35	-11732
32	33	212
32	34	-364
32	35	2804
33	34	3244
33	35	-10292
34	35	-4532
