0	1	-4360
0	2	11048
0	3	-904
0	4	-1768
0	5	1048
0	6	-3272
0	7	760
0	8	6728
0	9	-3272
0	10	-8248
0	11	-2552
0	12	-3352
0	13	5656
0	14	2264
0	15	-4504
0	16	-6440
0	17	-40
0	18	-2408
0	19	1832
0	20	15800
0	21	-680
0	22	7880
0	23	-616
0	24	-6296
0	25	-15880
0	26	184
0	27	2552
0	28	-5864
0	29	2840
0	30	4648
0	31	-3704
0	32	-9032
0	33	-13432
0	34	-6008
0	35	2552
1	2	-13208
1	3	-6440
1	4	-5576
1	5	6296
1	6	5432
1	7	-14152
1	8	1480
1	9	10616
1	10	11272
1	11	-10840
1	12	-9176
1	13	-3496
1	14	-9608
1	15	-8024
1	16	-6952
1	17	3064
1	18	-616
1	19	16744
1	20	-2408
1	21	-2344
1	22	-4856
1	23	3640
1	24	-1912
1	25	3352
1	26	1976
1	27	-9896
1	28	13208
1	29	-5000
1	30	-2488
1	31	-4504
1	32	11192
1	33	-4280
1	34	-2200
1	35	-4712
2	3	4072
2	4	-10616
2	5	-14584
2	6	-5080
2	7	6440
2	8	-3560
2	9	104
2	10	-9320
2	11	14936
2	12	1336
2	13	1544
2	14	904
2	15	-2696
2	16	-7096
2	17	-1976
2	18	-760
2	19	-14216
2	20	2920
2	21	7880
2	22	-9896
2	23	-1400
2	24	-12424
2	25	-1688
2	26	7016
2	27	5800
2	28	-7672
2	29	5512
2	30	2552
2	31	-4648
2	32	-9688
2	33	11416
2	34	13208
2	35	616
3	4	-9032
3	5	4568
3	6	19256
3	7	10040
3	8	3208
3	9	-6664
3	10	2632
3	11	2984
3	12	-7448
3	13	-5224
3	14	2488
3	15	-1112
3	16	-3496
3	17	-5576
3	18	-2344
3	19	-2264
3	20	-680
3	21	1112
3	22	-3128
3	23	-5000
3	24	-3640
3	25	-104
3	26	5432
3	27	-2984
3	28	1112
3	29	-3272
3	30	968
3	31	-11416
3	32	-904
3	33	-2552
3	34	-3928
3	35	7384
4	5	-6664
4	6	2840
4	7	-1192
4	8	-1112
4	9	2840
4	10	-6872
4	11	-3064
4	12	-1400
4	13	9464
4	14	-1832
4	15	-248
4	16	11192
4	17	472
4	18	1976
4	19	8968
4	20	-5000
4	21	5432
4	22	2920
4	23	6232
4	24	680
4	25	5944
4	26	-10984
4	27	-12488
4	28	-15304
4	29	-7592
4	30	-15448
4	31	3272
4	32	3416
4	33	-6872
4	34	392
4	35	-7304
5	6	-3560
5	7	472
5	8	7016
5	9	6808
5	10	-2776
5	11	-8024
5	12	2120
5	13	184
5	14	7736
5	15	968
5	16	-11912
5	17	248
5	18	-2696
5	19	12488
5	20	5720
5	21	-968
5	22	2984
5	23	4856
5	24	3784
5	25	-10408
5	26	-5288
5	27	-2344
5	28	-968
5	29	-2056
5	30	4360
5	31	6376
5	32	6232
5	33	-7960
5	34	-16664
5	35	8024
6	7	6520
6	8	6152
6	9	-7880
6	10	17096
6	11	-7160
6	12	-9112
6	13	6232
6	14	-3496
6	15	-15448
6	16	-680
6	17	-616
6	18	-7016
6	19	6440
6	20	-5512
6	21	-104
6	22	2120
6	23	9176
6	24	-536
6	25	4280
6	26	-4424
6	27	-13576
6	28	10264
6	29	-8104
6	30	-10328
6	31	-13496
6	32	1912
6	33	1544
6	34	4936
6	35	-3208
7	8	2120
7	9	-9032
7	10	-2488
7	11	17608
7	12	2408
7	13	20632
7	14	2840
7	15	11624
7	16	-7016
7	17	536
7	18	-13352
7	19	-2776
7	20	-4360
7	21	-11624
7	22	-7096
7	23	5144
7	24	3496
7	25	248
7	26	-392
7	27	3128
7	28	-6440
7	29	3416
7	30	-6296
7	31	-4280
7	32	-9608
7	33	-12856
7	34	-6584
7	35	8312
8	9	11336
8	10	184
8	11	248
8	12	-9896
8	13	2408
8	14	-5144
8	15	-8744
8	16	4136
8	17	2344
8	18	104
8	19	-4712
8	20	-8312
8	21	-11992
8	22	9976
8	23	-7448
8	24	-1192
8	25	-7736
8	26	2696
8	27	15304
8	28	3560
8	29	-5720
8	30	-6952
8	31	1400
8	32	1544
8	33	-5000
8	34	-11848
8	35	15304
9	10	-3640
9	11	3208
9	12	1256
9	13	1048
9	14	-3496
9	15	5288
9	16	-680
9	17	-616
9	18	-1832
9	19	6440
9	20	-328
9	21	-104
9	22	2120
9	23	-11560
9	24	-5720
9	25	-904
9	26	760
9	27	1976
9	28	-5288
9	29	-2920
9	30	-15512
9	31	2056
9	32	12280
9	33	1544
9	34	-248
9	35	-3208
10	11	-9544
10	12	-5288
10	13	2984
10	14	-5720
10	15	1048
10	16	4712
10	17	-3416
10	18	-4504
10	19	-104
10	20	-3704
10	21	-6232
10	22	4216
10	23	-2840
10	24	9752
10	25	7240
10	26	3272
10	27	-6008
10	28	9320
10	29	-6296
10	30	-1192
10	31	-8392
10	32	2120
10	33	-392
10	34	4280
10	35	-6008
11	12	536
11	13	6952
11	14	6152
11	15	9752
11	16	-5144
11	17	-1336
11	18	-11480
11	19	-9832
11	20	4136
11	21	-9752
11	22	-14152
11	23	-7096
11	24	-5000
11	25	3560
11	26	6664
11	27	6440
11	28	-4568
11	29	1544
11	30	-14792
11	31	2776
11	32	-2552
11	33	824
11	34	-4712
11	35	1256
12	13	-2488
12	14	4936
12	15	11704
12	16	4424
12	17	-3128
12	18	392
12	19	10552
12	20	6952
12	21	-1336
12	22	-11048
12	23	7816
12	24	4280
12	25	-2840
12	26	-2200
12	27	-536
12	28	3848
12	29	4360
12	30	8888
12	31	6872
12	32	-3352
12	33	-104
12	34	3992
12	35	-16088
13	14	-2056
13	15	6728
13	16	-7304
13	17	-4360
13	18	-18824
13	19	2696
13	20	-4072
13	21	-6728
13	22	3560
13	23	5432
13	24	-1976
13	25	-4648
13	26	-5864
13	27	-1768
13	28	-11912
13	29	3704
13	30	-11768
13	31	616
13	32	-4712
13	33	-7384
13	34	-6872
13	35	-1768
14	15	11272
14	16	-328
14	17	1624
14	18	824
14	19	-5432
14	20	11704
14	21	-6088
14	22	4072
14	23	-2984
14	24	4712
14	25	-8456
14	26	3416
14	27	-6152
14	28	-904
14	29	-11624
14	30	-1048
14	31	2120
14	32	-2920
14	33	-536
14	34	-760
14	35	-6152
15	16	3272
15	17	-1976
15	18	-760
15	19	1336
15	20	2920
15	21	-7672
15	22	472
15	23	-11768
15	24	8312
15	25	3496
15	26	7016
15	27	616
15	28	-7672
15	29	-4856
15	30	-2632
15	31	536
15	32	5864
15	33	-9320
15	34	2840
15	35	616
16	17	2552
16	18	20920
16	19	-5944
16	20	2840
16	21	-3272
16	22	10472
16	23	-3208
16	24	11848
16	25	7448
16	26	2776
16	27	5144
16	28	12280
16	29	-4936
16	30	-3128
16	31	-1112
16	32	-11624
16	33	4712
16	34	-3416
16	35	-5224
17	18	3704
17	19	-3128
17	20	-1544
17	21	7160
17	22	6376
17	23	4504
17	24	2408
17	25	-968
17	26	6296
17	27	1336
17	28	-3208
17	29	-4136
17	30	-3352
17	31	5000
17	32	5144
17	33	1768
17	34	12488
17	35	1336
18	19	-4792
18	20	3992
18	21	-4424
18	22	6440
18	23	3128
18	24	328
18	25	8600
18	26	11992
18	27	1112
18	28	11128
18	29	-8968
18	30	6088
18	31	-2264
18	32	-2408
18	33	5864
18	34	616
18	35	6296
19	20	6952
19	21	-1336
19	22	-5864
19	23	13000
19	24	4280
19	25	2344
19	26	-7384
19	27	-10904
19	28	9032
19	29	-824
19	30	-1480
19	31	1688
19	32	12200
19	33	-15656
19	34	-1192
19	35	-10904
20	21	-2920
20	22	904
20	23	-968
20	24	2696
20	25	-6440
20	26	1400
20	27	-4136
20	28	7448
20	29	760
20	30	2120
20	31	104
20	32	-4936
20	33	-3704
20	34	-2776
20	35	-9320
21	22	-472
21	23	1400
21	24	-3128
21	25	-3496
21	26	-17384
21	27	-5800
21	28	-13064
21	29	4856
21	30	2632
21	31	-5720
21	32	4504
21	33	14504
21	34	17896
21	35	-5800
22	23	-8600
22	24	10328
22	25	-3704
22	26	-1336
22	27	3784
22	28	-472
22	29	-1688
22	30	4568
22	31	-2632
22	32	-2488
22	33	-968
22	34	-328
22	35	3784
23	24	-8536
23	25	-5576
23	26	536
23	27	-3272
23	28	6584
23	29	1624
23	30	1256
23	31	9608
23	32	4568
23	33	2344
23	34	1544
23	35	-3272
24	25	17672
24	26	-7448
24	27	-5368
24	28	12424
24	29	104
24	30	7384
24	31	-6152
24	32	-16664
24	33	-10984
24	34	1912
24	35	5000
25	26	824
25	27	-8744
25	28	12056
25	29	-9032
25	30	-8824
25	31	-472
25	32	-5512
25	33	2056
25	34	7016
25	35	1624
26	27	8888
26	28	3352
26	29	3992
26	30	3496
26	31	5512
26	32	5368
26	33	3272
26	34	3208
26	35	3704
27	28	4568
27	29	8824
27	30	4424
27	31	12776
27	32	2552
27	33	4360
27	34	-5656
27	35	9112
28	29	-5512
28	30	2632
28	31	-536
28	32	-5864
28	33	4136
28	34	-2840
28	35	-616
29	30	15080
29	31	2696
29	32	-7528
29	33	4072
29	34	-184
29	35	-1544
30	31	-392
30	32	-10904
30	33	-1192
30	34	2488
30	35	4424
31	32	6664
31	33	7160
31	34	-5864
31	35	-2776
32	33	2120
32	34	9544
32	35	-2632
33	34	14648
33	35	-6008
34	35	-5656
