0	1	-7676
0	2	2260
0	3	-1828
0	4	2116
0	5	388
0	6	-6868
0	7	-10556
0	8	-15164
0	9	-1772
0	10	8740
0	11	5084
0	12	676
0	13	-3212
0	14	388
0	15	-532
0	16	-3988
0	17	-9892
0	18	4708
0	19	-4564
0	20	7964
0	21	5660
0	22	-3212
0	23	964
0	24	-2924
0	25	12428
0	26	1628
0	27	3932
0	28	2548
0	29	-620
0	30	-8972
0	31	-13348
0	32	3788
0	33	-1628
0	34	7964
0	35	3068
1	2	-7388
1	3	-12916
1	4	-7532
1	5	-4076
1	6	2780
1	7	5716
1	8	6292
1	9	4132
1	10	-908
1	11	-820
1	12	6580
1	13	2692
1	14	1108
1	15	3932
1	16	-4708
1	17	10124
1	18	-20492
1	19	10268
1	20	-3124
1	21	-244
1	22	-2492
1	23	-8684
1	24	8164
1	25	1340
1	26	908
1	27	-1972
1	28	-7100
1	29	100
1	30	2116
1	31	1484
1	32	3068
1	33	-908
1	34	-13492
1	35	7532
2	3	-2116
2	4	2404
2	5	676
2	6	-1972
2	7	-5084
2	8	676
2	9	-17036
2	10	-11708
2	11	-5572
2	12	964
2	13	2260
2	14	-4508
2	15	9548
2	16	6092
2	17	188
2	18	10180
2	19	332
2	20	2492
2	21	188
2	22	-8108
2	23	1252
2	24	7732
2	25	1772
2	26	-3844
2	27	-6724
2	28	-2348
2	29	4852
2	30	-3500
2	31	7100
2	32	13868
2	33	9028
2	34	2492
2	35	-2404
3	4	3212
3	5	4940
3	6	-8828
3	7	332
3	8	-10612
3	9	-3268
3	10	6956
3	11	-44
3	12	-532
3	13	8540
3	14	-244
3	15	-15164
3	16	-6524
3	17	-5804
3	18	10988
3	19	9604
3	20	-2924
3	21	-5804
3	22	3356
3	23	4364
3	24	3068
3	25	-2204
3	26	8596
3	27	1108
3	28	-2404
3	29	16316
3	30	-1252
3	31	2836
3	32	-3932
3	33	-8596
3	34	2260
3	35	7156
4	5	5716
4	6	8540
4	7	-44
4	8	532
4	9	-1628
4	10	-1484
4	11	4940
4	12	-9548
4	13	-3068
4	14	532
4	15	4508
4	16	-9316
4	17	-4852
4	18	-332
4	19	476
4	20	-2548
4	21	-10036
4	22	2116
4	23	11476
4	24	-13148
4	25	-3268
4	26	17036
4	27	-11764
4	28	-2492
4	29	-5660
4	30	-3644
4	31	2060
4	32	-1540
4	33	-1484
4	34	13004
4	35	2924
5	6	5084
5	7	3412
5	8	3988
5	9	-3356
5	10	1972
5	11	-8884
5	12	-11276
5	13	-4796
5	14	-6380
5	15	1052
5	16	7964
5	17	-13492
5	18	-2060
5	19	7388
5	20	-820
5	21	-3124
5	22	388
5	23	4564
5	24	676
5	25	-1540
5	26	-1972
5	27	332
5	28	964
5	29	-2204
5	30	-5372
5	31	-6580
5	32	-4996
5	33	-8396
5	34	9548
5	35	15020
6	7	10844
6	8	10268
6	9	7244
6	10	1916
6	11	10180
6	12	-5572
6	13	3500
6	14	5084
6	15	-4940
6	16	-1484
6	17	-764
6	18	-9604
6	19	4276
6	20	12484
6	21	-764
6	22	-1684
6	23	4508
6	24	-7156
6	25	-7532
6	26	-1916
6	27	-4220
6	28	2924
6	29	908
6	30	-1108
6	31	-2492
6	32	-9260
6	33	-3268
6	34	2116
6	35	1828
7	8	-1772
7	9	-3932
7	10	-14156
7	11	-3124
7	12	3700
7	13	-188
7	14	3412
7	15	-13924
7	16	-7012
7	17	13004
7	18	-7820
7	19	7964
7	20	4940
7	21	-7732
7	22	-5372
7	23	3988
7	24	100
7	25	-6148
7	26	3788
7	27	-9460
7	28	-4796
7	29	-2780
7	30	-5948
7	31	4364
7	32	-9604
7	33	1396
7	34	-244
7	35	5228
8	9	-3356
8	10	-3212
8	11	1484
8	12	-908
8	13	5572
8	14	-1196
8	15	16604
8	16	7964
8	17	2060
8	18	-2060
8	19	7388
8	20	4364
8	21	-8308
8	22	-4796
8	23	4564
8	24	676
8	25	-11908
8	26	-1972
8	27	10700
8	28	-9404
8	29	-7388
8	30	10180
8	31	-1396
8	32	188
8	33	12340
8	34	-820
8	35	4652
9	10	15364
9	11	8828
9	12	-8252
9	13	-12140
9	14	12196
9	15	3212
9	16	4940
9	17	-11332
9	18	-4220
9	19	4364
9	20	1340
9	21	4220
9	22	-1772
9	23	2404
9	24	-6668
9	25	-9748
9	26	188
9	27	2492
9	28	3988
9	29	820
9	30	-2348
9	31	-4420
9	32	-8020
9	33	-10556
9	34	1340
9	35	-3556
10	11	8684
10	12	-2924
10	13	3556
10	14	1972
10	15	-2116
10	16	9980
10	17	-11476
10	18	1108
10	19	4220
10	20	6380
10	21	-1108
10	22	3556
10	23	2548
10	24	-11708
10	25	476
10	26	5228
10	27	7532
10	28	-1052
10	29	6148
10	30	-2204
10	31	-14932
10	32	-8164
10	33	-15596
10	34	11564
10	35	-3700
11	12	-3988
11	13	-100
11	14	17036
11	15	-6524
11	16	2116
11	17	-2348
11	18	-8020
11	19	-2492
11	20	5716
11	21	2836
11	22	5084
11	23	6092
11	24	-5572
11	25	1252
11	26	-3500
11	27	4564
11	28	4508
11	29	2492
11	30	476
11	31	1108
11	32	-476
11	33	3500
11	34	-4652
11	35	-10124
12	13	5860
12	14	9460
12	15	-4420
12	16	2492
12	17	12140
12	18	-1772
12	19	1916
12	20	-1108
12	21	1772
12	22	-4508
12	23	-10700
12	24	6148
12	25	3356
12	26	13292
12	27	44
12	28	-9116
12	29	8452
12	30	5284
12	31	13868
12	32	-100
12	33	2260
12	34	-6292
12	35	-820
13	14	-4796
13	15	-5716
13	16	-9172
13	17	10844
13	18	-5660
13	19	5804
13	20	-2404
13	21	-9892
13	22	12340
13	23	-14588
13	24	-2924
13	25	7244
13	26	6812
13	27	-1252
13	28	-2636
13	29	-620
13	30	6580
13	31	2204
13	32	3788
13	33	-6812
13	34	-2404
13	35	-2116
14	15	-9316
14	16	13148
14	17	2060
14	18	-12428
14	19	2204
14	20	-820
14	21	-3124
14	22	-4796
14	23	-620
14	24	-4508
14	25	-11908
14	26	8396
14	27	5516
14	28	964
14	29	-2204
14	30	4996
14	31	14156
14	32	188
14	33	-3212
14	34	-6004
14	35	-10900
15	16	7732
15	17	-7100
15	18	7100
15	19	8308
15	20	964
15	21	3268
15	22	-5716
15	23	5660
15	24	-820
15	25	-8684
15	26	-3068
15	27	-188
15	28	-6292
15	29	-3124
15	30	5228
15	31	-3644
15	32	-44
15	33	3068
15	34	964
15	35	676
16	17	-14012
16	18	3644
16	19	6580
16	20	-764
16	21	1540
16	22	1196
16	23	2204
16	24	-4276
16	25	-10412
16	26	388
16	27	8452
16	28	-4564
16	29	-1396
16	30	1772
16	31	4996
16	32	-1772
16	33	4796
16	34	-764
16	35	-11420
17	18	-12628
17	19	-8252
17	20	-5228
17	21	2260
17	22	-9892
17	23	-3700
17	24	10556
17	25	5860
17	26	1108
17	27	-1196
17	28	-100
17	29	-2116
17	30	11420
17	31	5716
17	32	-6236
17	33	4076
17	34	-5228
17	35	-332
18	19	3068
18	20	15596
18	21	2924
18	22	-5660
18	23	19252
18	24	-5372
18	25	-676
18	26	-6292
18	27	1196
18	28	100
18	29	2116
18	30	-6236
18	31	-5716
18	32	1052
18	33	11476
18	34	10412
18	35	332
19	20	-188
19	21	-8252
19	22	-4564
19	23	6812
19	24	-4852
19	25	-9836
19	26	6148
19	27	-1340
19	28	-10324
19	29	8396
19	30	1196
19	31	388
19	32	-6380
19	33	-6148
19	34	-5372
19	35	9892
20	21	-44
20	22	-7588
20	23	14156
20	24	-2692
20	25	-6812
20	26	-6380
20	27	1684
20	28	-2980
20	29	188
20	30	-7012
20	31	-12140
20	32	-3356
20	33	6380
20	34	8020
20	35	7732
21	22	476
21	23	1484
21	24	15740
21	25	11044
21	26	-4076
21	27	-6380
21	28	5084
21	29	13436
21	30	6236
21	31	-4652
21	32	-1052
21	33	9260
21	34	-5228
21	35	-332
22	23	-14588
22	24	-8108
22	25	7244
22	26	1628
22	27	-1252
22	28	-2636
22	29	4564
22	30	-3788
22	31	7388
22	32	3788
22	33	-1628
22	34	-7588
22	35	-2116
23	24	-9116
23	25	-7300
23	26	-7732
23	27	-244
23	28	1540
23	29	-6812
23	30	-4796
23	31	-1972
23	32	-5572
23	33	7732
23	34	8972
23	35	-1108
24	25	6956
24	26	1340
24	27	-1540
24	28	-7532
24	29	15220
24	30	6868
24	31	1916
24	32	3500
24	33	9028
24	34	-13060
24	35	13148
25	26	-5660
25	27	-13148
25	28	1484
25	29	4652
25	30	2636
25	31	-6236
25	32	7732
25	33	476
25	34	3556
25	35	3268
26	27	-7532
26	28	-14500
26	29	4220
26	30	2204
26	31	4564
26	32	-2204
26	33	44
26	34	3988
26	35	3700
27	28	8540
27	29	-9028
27	30	-676
27	31	-2924
27	32	-4508
27	33	7532
27	34	-8684
27	35	1396
28	29	-15596
28	30	7156
28	31	-3556
28	32	8396
28	33	-6236
28	34	2204
28	35	-7876
29	30	-1196
29	31	-388
29	32	-9172
29	33	-4220
29	34	-4996
29	35	10844
30	31	-2404
30	32	4364
30	33	-2204
30	34	-1828
30	35	3644
31	32	7588
31	33	620
31	34	-17324
31	35	-17612
32	33	7388
32	34	-3356
32	35	-3644
33	34	-3988
33	35	1484
34	35	2548
