0	1	-384
0	2	-5232
0	3	6096
0	4	3360
0	5	-4512
0	6	-6000
0	7	-7872
0	8	-4800
0	9	-2496
0	10	7536
0	11	-2112
0	12	-672
0	13	6096
0	14	-6576
0	15	-4992
0	16	-3408
0	17	1968
0	18	-11136
0	19	-3792
0	20	5088
0	21	-6096
0	22	-3264
0	23	4128
0	24	-2832
0	25	-5376
0	26	-9120
0	27	4704
0	28	15504
0	29	2064
0	30	-5952
0	31	-11904
0	32	-14736
0	33	-1920
0	34	-6144
0	35	-11424
1	2	2928
1	3	-8976
1	4	-1056
1	5	7392
1	6	-7248
1	7	10176
1	8	-13056
1	9	10560
1	10	-48
1	11	-5952
1	12	8160
1	13	-3792
1	14	-1488
1	15	-3072
1	16	10896
1	17	-4272
1	18	8832
1	19	1488
1	20	-2784
1	21	14160
1	22	10752
1	23	-1248
1	24	-48
1	25	-2112
1	26	-3552
1	27	3360
1	28	2928
1	29	-10128
1	30	3648
1	31	-1344
1	32	17616
1	33	-10752
1	34	-1920
1	35	-6432
2	3	-6144
2	4	1488
2	5	2544
2	6	2496
2	7	5808
2	8	7440
2	9	-624
2	10	-15072
2	11	-3984
2	12	7824
2	13	-6144
2	14	7104
2	15	8688
2	16	-96
2	17	3840
2	18	1104
2	19	13632
2	20	3216
2	21	960
2	22	48
2	23	-4368
2	24	10848
2	25	-3504
2	26	3120
2	27	-3792
2	28	-3360
2	29	-10176
2	30	-9264
2	31	1776
2	32	2688
2	33	-10416
2	34	12720
2	35	-9552
3	4	-2352
3	5	-1680
3	6	-8544
3	7	-1488
3	8	3792
3	9	-14064
3	10	-1344
3	11	-2064
3	12	-3504
3	13	-5088
3	14	-2784
3	15	816
3	16	-768
3	17	-8160
3	18	-240
3	19	2784
3	20	6288
3	21	5088
3	22	-6096
3	23	-5136
3	24	-1344
3	25	4368
3	26	2928
3	27	-528
3	28	-960
3	29	9312
3	30	10128
3	31	-2640
3	32	-7008
3	33	-4272
3	34	-8400
3	35	10416
4	5	-14784
4	6	4560
4	7	-3936
4	8	-9312
4	9	-1248
4	10	11760
4	11	672
4	12	-16320
4	13	-12720
4	14	5136
4	15	-6816
4	16	1968
4	17	9840
4	18	2208
4	19	48
4	20	-6528
4	21	2352
4	22	-8544
4	23	18048
4	24	6576
4	25	-8736
4	26	5376
4	27	-3264
4	28	17040
4	29	-3504
4	30	-13344
4	31	96
4	32	-9744
4	33	3360
4	34	-5664
4	35	-2688
5	6	-13776
5	7	10272
5	8	8160
5	9	-5088
5	10	-240
5	11	480
5	12	7104
5	13	-1680
5	14	1200
5	15	-2400
5	16	4368
5	17	-10992
5	18	7008
5	19	-1200
5	20	2496
5	21	-3504
5	22	9696
5	23	-8832
5	24	-240
5	25	-2784
5	26	-1344
5	27	7296
5	28	-7824
5	29	-5712
5	30	12192
5	31	11424
5	32	3408
5	33	-4512
5	34	1632
5	35	-8832
6	7	240
6	8	-8304
6	9	-5424
6	10	5568
6	11	10032
6	12	-6960
6	13	1824
6	14	-11424
6	15	-2640
6	16	-9408
6	17	480
6	18	3216
6	19	6240
6	20	-7536
6	21	-7008
6	22	6000
6	23	3504
6	24	-4800
6	25	7824
6	26	1200
6	27	8112
6	28	2496
6	29	-4512
6	30	-7152
6	31	4272
6	32	6816
6	33	4368
6	34	3696
6	35	8688
7	8	192
7	9	3072
7	10	2256
7	11	1536
7	12	5280
7	13	-1488
7	14	816
7	15	4416
7	16	13200
7	17	-1392
7	18	1344
7	19	4368
7	20	4704
7	21	11856
7	22	2688
7	23	-3552
7	24	2256
7	25	-4416
7	26	-672
7	27	1056
7	28	5808
7	29	-18192
7	30	11712
7	31	6144
7	32	15312
7	33	-2688
7	34	-9984
7	35	1632
8	9	-5376
8	10	-5136
8	11	768
8	12	7392
8	13	8976
8	14	11856
8	15	8256
8	16	-5712
8	17	-6096
8	18	-8832
8	19	8880
8	20	-2400
8	21	-14160
8	22	-5568
8	23	-3936
8	24	5232
8	25	2112
8	26	-1632
8	27	-8544
8	28	-8112
8	29	4944
8	30	1536
8	31	1344
8	32	-2064
8	33	384
8	34	7104
8	35	6432
9	10	-2256
9	11	-6720
9	12	10272
9	13	1488
9	14	4368
9	15	5952
9	16	2352
9	17	6576
9	18	-1344
9	19	816
9	20	480
9	21	3696
9	22	2496
9	23	-1632
9	24	13296
9	25	-768
9	26	672
9	27	-6240
9	28	-624
9	29	2640
9	30	3840
9	31	4224
9	32	5424
9	33	-2496
9	34	-384
9	35	3552
10	11	-3504
10	12	-4944
10	13	-6528
10	14	-4224
10	15	-16176
10	16	2976
10	17	3648
10	18	11568
10	19	-6144
10	20	-336
10	21	-3840
10	22	2832
10	23	6672
10	24	7584
10	25	624
10	26	-816
10	27	11280
10	28	21216
10	29	7872
10	30	1200
10	31	-9264
10	32	-10752
10	33	2352
10	34	-9840
10	35	1488
11	12	-5664
11	13	3120
11	14	-10128
11	15	3840
11	16	-2928
11	17	-6000
11	18	-8448
11	19	-5424
11	20	-1056
11	21	-8304
11	22	-3072
11	23	2208
11	24	-19056
11	25	16896
11	26	5088
11	27	6816
11	28	1200
11	29	-8400
11	30	1920
11	31	10752
11	32	5520
11	33	-2112
11	34	-192
11	35	2208
12	13	1680
12	14	-1200
12	15	-2784
12	16	11184
12	17	-4560
12	18	-12192
12	19	11568
12	20	2688
12	21	3504
12	22	672
12	23	-17088
12	24	240
12	25	2784
12	26	-9024
12	27	-7296
12	28	-2544
12	29	-4656
12	30	13728
12	31	-1056
12	32	12144
12	33	-5856
12	34	-1632
12	35	3648
13	14	7584
13	15	816
13	16	-16320
13	17	7392
13	18	-5424
13	19	-2400
13	20	1104
13	21	-5280
13	22	4272
13	23	-5136
13	24	-11712
13	25	4368
13	26	-7440
13	27	-528
13	28	-6144
13	29	-1056
13	30	-240
13	31	-2640
13	32	3360
13	33	912
13	34	1968
13	35	5232
14	15	3120
14	16	-3648
14	17	10272
14	18	2640
14	19	480
14	20	-6960
14	21	7968
14	22	-3792
14	23	8112
14	24	11328
14	25	-13488
14	26	624
14	27	-2832
14	28	1920
14	29	1248
14	30	-2544
14	31	4848
14	32	1056
14	33	-1392
14	34	4272
14	35	-2256
15	16	-48
15	17	1488
15	18	-6144
15	19	-3120
15	20	-3360
15	21	-6000
15	22	-15744
15	23	-672
15	24	-624
15	25	3648
15	26	-2976
15	27	-1248
15	28	-6864
15	29	-5520
15	30	-960
15	31	-1920
15	32	2640
15	33	-4992
15	34	7872
15	35	4512
16	17	-7296
16	18	-4560
16	19	-6720
16	20	240
16	21	11136
16	22	-12144
16	23	-4272
16	24	-7392
16	25	-5136
16	26	-1392
16	27	5520
16	28	10272
16	29	-1920
16	30	10992
16	31	1680
16	32	4224
16	33	1776
16	34	-9264
16	35	912
17	18	-2064
17	19	-10272
17	20	1200
17	21	8160
17	22	8400
17	23	13200
17	24	8832
17	25	-11856
17	26	-48
17	27	-6960
17	28	3840
17	29	-7008
17	30	-7248
17	31	-10608
17	32	-5664
17	33	1968
17	34	5520
17	35	-7536
18	19	-2640
18	20	3936
18	21	240
18	22	11136
18	23	5280
18	24	11568
18	25	960
18	26	7584
18	27	11040
18	28	-4080
18	29	6096
18	30	-4800
18	31	2496
18	32	1968
18	33	-768
18	34	8256
18	35	96
19	20	6960
19	21	2400
19	22	3792
19	23	-8112
19	24	9408
19	25	3120
19	26	-10992
19	27	-12720
19	28	-1920
19	29	-6432
19	30	2544
19	31	5520
19	32	9312
19	33	-8976
19	34	-4272
19	35	2256
20	21	4080
20	22	96
20	23	-960
20	24	-336
20	25	8544
20	26	1920
20	27	-6720
20	28	3216
20	29	-48
20	30	3936
20	31	-1632
20	32	-2832
20	33	-15648
20	34	-7392
20	35	-6144
21	22	912
21	23	-48
21	24	1344
21	25	-4368
21	26	2256
21	27	-15024
21	28	960
21	29	-4128
21	30	10608
21	31	-7728
21	32	1824
21	33	-912
21	34	-1968
21	35	-5232
22	23	-4128
22	24	8016
22	25	-4992
22	26	3936
22	27	5664
22	28	-10320
22	29	-2064
22	30	768
22	31	6720
22	32	14736
22	33	1920
22	34	960
22	35	-4128
23	24	11856
23	25	-9696
23	26	-3072
23	27	384
23	28	11184
23	29	-3984
23	30	-15456
23	31	2784
23	32	-3504
23	33	-1056
23	34	3360
23	35	-5376
24	25	-9744
24	26	-816
24	27	-9456
24	28	480
24	29	7872
24	30	-3984
24	31	-4080
24	32	-5568
24	33	-2832
24	34	5712
24	35	1488
25	26	2976
25	27	-3936
25	28	-3504
25	29	10704
25	30	11328
25	31	-3264
25	32	-2640
25	33	-10560
25	34	7680
25	35	16224
26	27	-2496
26	28	-12432
26	29	9264
26	30	-2784
26	31	5664
26	32	-1200
26	33	1248
26	34	1056
26	35	2112
27	28	11760
27	29	624
27	30	-4512
27	31	12576
27	32	7440
27	33	-480
27	34	-7584
27	35	384
28	29	-4992
28	30	-4080
28	31	-3408
28	32	-7680
28	33	-5232
28	34	-13200
28	35	-4368
29	30	912
29	31	-8976
29	32	-16224
29	33	2064
29	34	816
29	35	16752
30	31	2496
30	32	7152
30	33	-11136
30	34	-2112
30	35	10464
31	32	16464
31	33	-1536
31	34	-5952
31	35	2784
32	33	-9552
32	34	-8880
32	35	6864
33	34	4224
33	35	-1056
34	35	-7008
