0	1	-9232
0	2	-3184
0	3	1424
0	4	-8800
0	5	11360
0	6	2576
0	7	14240
0	8	-11792
0	9	14704
0	10	-5456
0	11	5488
0	12	2032
0	13	-2576
0	14	-10208
0	15	-12368
0	16	-6496
0	17	3472
0	18	-1312
0	19	2576
0	20	-4336
0	21	-11968
0	22	-10640
0	23	9344
0	24	7216
0	25	416
0	26	-5456
0	27	-1712
0	28	9776
0	29	-5600
0	30	-7904
0	31	3904
0	32	14704
0	33	-11648
0	34	-5632
0	35	-2144
1	2	1600
1	3	-3008
1	4	-3152
1	5	-2576
1	6	1024
1	7	-5456
1	8	8192
1	9	-2752
1	10	-3328
1	11	-3904
1	12	9920
1	13	-1024
1	14	-8944
1	15	3584
1	16	4912
1	17	-1888
1	18	4912
1	19	-4160
1	20	-7616
1	21	10384
1	22	1856
1	23	-10928
1	24	4736
1	25	-2000
1	26	12224
1	27	3296
1	28	-992
1	29	-8368
1	30	9488
1	31	-2320
1	32	-2752
1	33	2864
1	34	-6320
1	35	3728
2	3	1312
2	4	-9200
2	5	6928
2	6	-5024
2	7	4048
2	8	14240
2	9	3296
2	10	7904
2	11	2144
2	12	10784
2	13	5024
2	14	7472
2	15	-5920
2	16	-1136
2	17	4160
2	18	-11504
2	19	10528
2	20	12256
2	21	9520
2	22	2720
2	23	3760
2	24	416
2	25	2320
2	26	-2464
2	27	4160
2	28	-7040
2	29	-2320
2	30	10352
2	31	3728
2	32	-1888
2	33	-6640
2	34	-2000
2	35	-592
3	4	12112
3	5	-2864
3	6	-4448
3	7	9808
3	8	-1888
3	9	-2464
3	10	2144
3	11	1568
3	12	-5344
3	13	4448
3	14	12080
3	15	3872
3	16	9808
3	17	3584
3	18	-16112
3	19	-4448
3	20	2464
3	21	10096
3	22	-3040
3	23	4336
3	24	-5344
3	25	-7472
3	26	7328
3	27	3584
3	28	-6464
3	29	-8080
3	30	-5776
3	31	8336
3	32	2720
3	33	3152
3	34	-11792
3	35	4016
4	5	7360
4	6	5776
4	7	-704
4	8	-1744
4	9	2864
4	10	2288
4	11	-3472
4	12	-16
4	13	4592
4	14	7040
4	15	4016
4	16	-5888
4	17	3728
4	18	-5888
4	19	-4592
4	20	12688
4	21	-416
4	22	-8080
4	23	-992
4	24	-5200
4	25	-12800
4	26	2288
4	27	14096
4	28	-1424
4	29	2432
4	30	-448
4	31	3296
4	32	-2320
4	33	8480
4	34	8800
4	35	14528
5	6	6352
5	7	5056
5	8	2864
5	9	7472
5	10	-3472
5	11	-4048
5	12	4592
5	13	9200
5	14	1280
5	15	-22480
5	16	-10496
5	17	3152
5	18	-128
5	19	6352
5	20	8080
5	21	-10208
5	22	1712
5	23	-10784
5	24	9776
5	25	-7040
5	26	12080
5	27	3152
5	28	9520
5	29	7040
5	30	14528
5	31	-7648
5	32	7472
5	33	-7648
5	34	9376
5	35	3584
6	7	8656
6	8	-736
6	9	9056
6	10	3296
6	11	2720
6	12	6176
6	13	5600
6	14	-2320
6	15	-160
6	16	-12080
6	17	-5632
6	18	-6896
6	19	-5600
6	20	6496
6	21	-1424
6	22	-7072
6	23	-7184
6	24	-9376
6	25	-3440
6	26	-1888
6	27	9920
6	28	-2432
6	29	-6928
6	30	560
6	31	-880
6	32	14240
6	33	-880
6	34	7792
6	35	5168
7	8	560
7	9	5168
7	10	4592
7	11	-1168
7	12	2288
7	13	6896
7	14	4160
7	15	-4048
7	16	2176
7	17	848
7	18	-8192
7	19	3472
7	20	-5168
7	21	-2720
7	22	-592
7	23	1888
7	24	-13264
7	25	5632
7	26	-5776
7	27	16400
7	28	-8912
7	29	-5632
7	30	1856
7	31	416
7	32	10352
7	33	416
7	34	-3872
7	35	1280
8	9	2464
8	10	-12512
8	11	-11936
8	12	5344
8	13	11104
8	14	8656
8	15	1312
8	16	5744
8	17	1600
8	18	-9808
8	19	4448
8	20	7904
8	21	5456
8	22	8224
8	23	-4336
8	24	-5024
8	25	7472
8	26	8224
8	27	1600
8	28	-3904
8	29	-2288
8	30	592
8	31	-13520
8	32	7648
8	33	-3152
8	34	-3760
8	35	-4016
9	10	-6752
9	11	-6176
9	12	5920
9	13	-9056
9	14	-1136
9	15	-3296
9	16	-10384
9	17	-3008
9	18	-5200
9	19	-6496
9	20	7328
9	21	-304
9	22	-11936
9	23	272
9	24	736
9	25	-3472
9	26	-1568
9	27	2176
9	28	5888
9	29	-1712
9	30	-9200
9	31	-2576
9	32	8224
9	33	-7760
9	34	-4336
9	35	1744
10	11	9952
10	12	6496
10	13	-13664
10	14	4624
10	15	7648
10	16	-592
10	17	-2432
10	18	-5776
10	19	-1888
10	20	1568
10	21	4304
10	22	4192
10	23	4880
10	24	-3872
10	25	1136
10	26	-11360
10	27	7936
10	28	-10240
10	29	-6320
10	30	6928
10	31	13552
10	32	-11936
10	33	-2000
10	34	5456
10	35	-8048
11	12	-3296
11	13	-7904
11	14	16
11	15	-2144
11	16	-1168
11	17	-12224
11	18	-1168
11	19	-2464
11	20	992
11	21	-6640
11	22	-5600
11	23	9488
11	24	7072
11	25	560
11	26	-5600
11	27	-1856
11	28	4736
11	29	-560
11	30	-2864
11	31	8944
11	32	-992
11	33	-1424
11	34	-304
11	35	-7472
12	13	-992
12	14	1744
12	15	-416
12	16	-8080
12	17	-5312
12	18	-2896
12	19	16544
12	20	9632
12	21	-8368
12	22	-3872
12	23	2576
12	24	-1568
12	25	9200
12	26	-3872
12	27	5056
12	28	-2176
12	29	-9200
12	30	9232
12	31	304
12	32	5920
12	33	-4880
12	34	3152
12	35	4624
13	14	7504
13	15	-10208
13	16	-3472
13	17	5632
13	18	1712
13	19	5600
13	20	3872
13	21	1424
13	22	1888
13	23	-8368
13	24	-11360
13	25	8624
13	26	1888
13	27	5632
13	28	-2752
13	29	1744
13	30	4624
13	31	-4304
13	32	6496
13	33	11248
13	34	2576
13	35	5200
14	15	-2288
14	16	4160
14	17	3184
14	18	-16576
14	19	2864
14	20	16688
14	21	9056
14	22	4624
14	23	-736
14	24	-8624
14	25	11072
14	26	4624
14	27	3184
14	28	-10672
14	29	4480
14	30	2176
14	31	-6752
14	32	-6320
14	33	3616
14	34	-160
14	35	-12800
15	16	16688
15	17	1024
15	18	1136
15	19	-5344
15	20	-1888
15	21	6032
15	22	12832
15	23	11792
15	24	-5600
15	25	8048
15	26	-2720
15	27	6208
15	28	-8512
15	29	-13232
15	30	-5168
15	31	1456
15	32	-3296
15	33	-3728
15	34	-8368
15	35	-4592
16	17	6032
16	18	2176
16	19	-1712
16	20	-10352
16	21	7648
16	22	20144
16	23	1888
16	24	-2896
16	25	5632
16	26	9776
16	27	-4336
16	28	-3728
16	29	-10816
16	30	1856
16	31	5600
16	32	-16
16	33	-4768
16	34	-14240
16	35	-9088
17	18	-4336
17	19	9920
17	20	-7360
17	21	560
17	22	-2432
17	23	1136
17	24	-128
17	25	2576
17	26	-2432
17	27	6496
17	28	1568
17	29	2608
17	30	304
17	31	1744
17	32	-8192
17	33	-3440
17	34	1712
17	35	-4304
18	19	-1712
18	20	-20720
18	21	-7904
18	22	4592
18	23	-3296
18	24	-2896
18	25	5632
18	26	-5776
18	27	-4336
18	28	1456
18	29	9920
18	30	1856
18	31	5600
18	32	-16
18	33	5600
18	34	1312
18	35	1280
19	20	6496
19	21	-11792
19	22	3296
19	23	8368
19	24	6176
19	25	6928
19	26	3296
19	27	9920
19	28	7936
19	29	-1744
19	30	5744
19	31	-880
19	32	3872
19	33	-6064
19	34	2608
19	35	5168
20	21	5488
20	22	1568
20	23	10096
20	24	4448
20	25	-6896
20	26	6752
20	27	3008
20	28	-5888
20	29	-3472
20	30	4016
20	31	-2608
20	32	2144
20	33	-7792
20	34	-848
20	35	3440
21	22	9488
21	23	2176
21	24	-8368
21	25	-9632
21	26	9488
21	27	5744
21	28	-8624
21	29	-736
21	30	1568
21	31	5312
21	32	-10672
21	33	5312
21	34	-8768
21	35	6176
22	23	4880
22	24	1312
22	25	6320
22	26	14560
22	27	-2432
22	28	-5056
22	29	-6320
22	30	6928
22	31	-7184
22	32	-1568
22	33	-7184
22	34	-10096
22	35	-8048
23	24	7760
23	25	160
23	26	-5488
23	27	6320
23	28	-4016
23	29	-160
23	30	-13408
23	31	5888
23	32	272
23	33	-9664
23	34	-9344
23	35	1568
24	25	-6352
24	26	11680
24	27	-5312
24	28	18560
24	29	1168
24	30	-1136
24	31	-10064
24	32	-4448
24	33	-10064
24	34	-2032
24	35	-560
25	26	-9232
25	27	2576
25	28	-5456
25	29	-3904
25	30	3584
25	31	-13408
25	32	-3472
25	33	7328
25	34	-416
25	35	-22912
26	27	-2432
26	28	10496
26	29	-6320
26	30	6928
26	31	-12368
26	32	3616
26	33	3184
26	34	-4912
26	35	2320
27	28	1568
27	29	2608
27	30	5488
27	31	-3440
27	32	-3008
27	33	6928
27	34	6896
27	35	11248
28	29	5456
28	30	-2608
28	31	-9232
28	32	704
28	33	-4048
28	34	5776
28	35	7184
29	30	1600
29	31	-7328
29	32	-12080
29	33	3040
29	34	15968
29	35	7360
30	31	-4448
30	32	-14384
30	33	5920
30	34	7904
30	35	-128
31	32	2608
31	33	-8192
31	34	-3904
31	35	6496
32	33	-12944
32	34	-4336
32	35	6928
33	34	11648
33	35	1312
34	35	7328
