0	1	-1540
0	2	-3580
0	3	-4716
0	4	-1132
0	5	2220
0	6	6212
0	7	-6212
0	8	-12284
0	9	11060
0	10	-3308
0	11	2084
0	12	6300
0	13	-1316
0	14	-7932
0	15	4396
0	16	-12420
0	17	-3852
0	18	180
0	19	10564
0	20	12828
0	21	2132
0	22	5668
0	23	-9020
0	24	588
0	25	4260
0	26	5756
0	27	44
0	28	-9068
0	29	-7572
0	30	8388
0	31	-4036
0	32	-3900
0	33	2084
1	2	-5212
1	3	-3084
1	4	1860
1	5	-10020
1	6	9204
1	7	4668
1	8	-9292
1	9	8068
1	10	-316
1	11	-5532
1	12	-1316
1	13	316
1	14	4308
1	15	6028
1	16	4444
1	17	-860
1	18	11060
1	19	8932
1	20	-8660
1	21	-4124
1	22	-5212
1	23	3220
1	24	2220
1	25	1268
1	26	2764
1	27	1676
1	28	11060
1	29	-1316
1	30	-2492
1	31	-2404
1	32	6980
1	33	8340
2	3	-14916
2	4	4444
2	5	5892
2	6	-6708
2	7	6708
2	8	2540
2	9	-3764
2	10	-6980
2	11	1132
2	12	724
2	13	-2268
2	14	-2356
2	15	-1180
2	16	-6844
2	17	-2900
2	18	3852
2	19	2268
2	20	-6620
2	21	7708
2	22	1996
2	23	-8068
2	24	-364
2	25	12556
2	26	180
2	27	-908
2	28	-772
2	29	5348
2	30	-4532
2	31	-364
2	32	4396
2	33	1132
3	4	-8116
3	5	11652
3	6	-1588
3	7	6212
3	8	3036
3	9	-6436
3	10	17180
3	11	-2084
3	12	-10924
3	13	10564
3	14	3308
3	15	9476
3	16	3172
3	17	-772
3	18	-9428
3	19	3308
3	20	1044
3	21	2492
3	22	3580
3	23	9020
3	24	-9836
3	25	-4260
3	26	-5756
3	27	-44
3	28	-4804
3	29	7572
3	30	5484
3	31	-5212
3	32	-724
3	33	-6708
4	5	-5804
4	6	364
4	7	-4988
4	8	4988
4	9	3036
4	10	-4532
4	11	3308
4	12	-10972
4	13	-9340
4	14	4716
4	15	10244
4	16	228
4	17	13420
4	18	6028
4	19	-13780
4	20	180
4	21	-17588
4	22	-9428
4	23	-996
4	24	-2812
4	25	5484
4	26	2356
4	27	-3356
4	28	6028
4	29	-6348
4	30	-15956
4	31	11060
4	32	-2676
4	33	7932
5	6	-3900
5	7	-9972
5	8	-3900
5	9	-8748
5	10	10244
5	11	-4396
5	12	5260
5	13	12876
5	14	996
5	15	7164
5	16	860
5	17	1540
5	18	-7116
5	19	5620
5	20	7980
5	21	180
5	22	5892
5	23	-7164
5	24	-7524
5	25	7300
5	26	-8068
5	27	-2356
5	28	-7116
5	29	5260
5	30	7796
5	31	-7524
5	32	-7660
5	33	-9020
6	7	1540
6	8	-1540
6	9	4940
6	10	-11060
6	11	-8660
6	12	4804
6	13	-2812
6	14	-1812
6	15	12148
6	16	-10924
6	17	6892
6	18	-5940
6	19	-1812
6	20	2084
6	21	-996
6	22	2540
6	23	6348
6	24	-908
6	25	7388
6	26	8884
6	27	7796
6	28	3308
6	29	180
6	30	5260
6	31	-5532
6	32	8476
6	33	5212
7	8	6164
7	9	4308
7	10	-7436
7	11	-5212
7	12	-9428
7	13	-1812
7	14	-2812
7	15	-7524
7	16	-2948
7	17	-6892
7	18	-3308
7	19	1812
7	20	-6708
7	21	5620
7	22	6708
7	23	12148
7	24	908
7	25	-7388
7	26	9612
7	27	-3172
7	28	1316
7	29	9068
7	30	3988
7	31	-3716
7	32	5396
7	33	4036
8	9	-4308
8	10	-6436
8	11	-4036
8	12	180
8	13	-12060
8	14	2812
8	15	-1724
8	16	-1676
8	17	2268
8	18	-10564
8	19	-11060
8	20	2084
8	21	3628
8	22	-6708
8	23	10972
8	24	3716
8	25	-1860
8	26	-364
8	27	3172
8	28	3308
8	29	9428
8	30	-8612
8	31	12964
8	32	-772
8	33	588
9	10	588
9	11	5260
9	12	-3580
9	13	-5212
9	14	5212
9	15	-1676
9	16	-4172
9	17	-3492
9	18	-11332
9	19	588
9	20	8388
9	21	4396
9	22	-3764
9	23	6300
9	24	2132
9	25	-1540
9	26	1588
9	27	2676
9	28	2540
9	29	5668
9	30	-1860
9	31	-2492
9	32	-7252
9	33	636
10	11	10108
10	12	-8796
10	13	11332
10	14	-6708
10	15	7796
10	16	2676
10	17	-2628
10	18	-5668
10	19	7164
10	20	2356
10	21	-1268
10	22	-2356
10	23	-3172
10	24	-14508
10	25	-6212
10	26	-9340
10	27	3444
10	28	3580
10	29	5076
10	30	4988
10	31	-5260
10	32	-5124
10	33	-13012
11	12	-8476
11	13	-860
11	14	-3764
11	15	-1948
11	16	724
11	17	1404
11	18	2268
11	19	860
11	20	-1132
11	21	4668
11	22	1132
11	23	-2676
11	24	-2764
11	25	-6436
11	26	-3308
11	27	2404
11	28	-6980
11	29	772
11	30	-6212
11	31	1860
11	32	-2900
11	33	-4260
12	13	-452
12	14	-4172
12	15	-10788
12	16	-4308
12	17	996
12	18	-6572
12	19	9700
12	20	-724
12	21	-364
12	22	724
12	23	-12332
12	24	6892
12	25	7844
12	26	-2900
12	27	2812
12	28	-1948
12	29	1180
12	30	2628
12	31	-2356
12	32	-7116
12	33	-8476
13	14	6708
13	15	1452
13	16	-2676
13	17	7252
13	18	5668
13	19	6708
13	20	-6980
13	21	5892
13	22	2356
13	23	-1452
13	24	636
13	25	-7660
13	26	-9156
13	27	-3444
13	28	5668
13	29	-5076
13	30	13508
13	31	-8612
13	32	500
13	33	-860
14	15	-1452
14	16	2676
14	17	1996
14	18	3580
14	19	-6708
14	20	-6892
14	21	3356
14	22	-6980
14	23	10700
14	24	13236
14	25	-1588
14	26	-92
14	27	-1180
14	28	3580
14	29	-4172
14	30	-4260
14	31	3988
14	32	4124
14	33	10108
15	16	-6212
15	17	-908
15	18	-44
15	19	-6076
15	20	1180
15	21	-2268
15	22	3444
15	23	-364
15	24	-9700
15	25	9748
15	26	-996
15	27	-4532
15	28	4580
15	29	3084
15	30	5348
15	31	-5076
15	32	-5212
15	33	2676
16	17	-2492
16	18	12692
16	19	-1948
16	20	-7028
16	21	-1132
16	22	-11468
16	23	1588
16	24	-5396
16	25	2900
16	26	-9476
16	27	3308
16	28	-5804
16	29	316
16	30	-8748
16	31	8476
16	32	-636
16	33	724
17	18	4124
17	19	-7252
17	20	-1724
17	21	-6436
17	22	-16772
17	23	5532
17	24	4532
17	25	3580
17	26	5076
17	27	3988
17	28	-5124
17	29	-12876
17	30	-180
17	31	4532
17	32	9292
17	33	10652
18	19	-1044
18	20	-17724
18	21	2764
18	22	-10020
18	23	44
18	24	3764
18	25	4716
18	26	-1404
18	27	-9564
18	28	4172
18	29	-11196
18	30	-3492
18	31	3764
18	32	8252
18	33	16140
19	20	-2268
19	21	3356
19	22	6892
19	23	-7796
19	24	3988
19	25	3036
19	26	4532
19	27	3444
19	28	-10292
19	29	452
19	30	364
19	31	-636
19	32	4124
19	33	-3764
20	21	-7708
20	22	2628
20	23	-1180
20	24	-8884
20	25	-7932
20	26	-180
20	27	5532
20	28	772
20	29	-724
20	30	4532
20	31	-8884
20	32	-4396
20	33	-10380
21	22	-1540
21	23	6892
21	24	3172
21	25	6844
21	26	-908
21	27	2628
21	28	-11108
21	29	13508
21	30	1180
21	31	3172
21	32	-1316
21	33	44
22	23	-8068
22	24	-364
22	25	-1316
22	26	180
22	27	-5532
22	28	-772
22	29	9972
22	30	9340
22	31	-4988
22	32	-4852
22	33	-8116
23	24	5076
23	25	-5124
23	26	10244
23	27	-4716
23	28	44
23	29	6164
23	30	-724
23	31	5076
23	32	5212
23	33	15820
24	25	-4940
24	26	7436
24	27	-9972
24	28	-5484
24	29	-6980
24	30	-3084
24	31	7980
24	32	3220
24	33	11108
25	26	3764
25	27	228
25	28	-13780
25	29	7844
25	30	-8660
25	31	4308
25	32	-5076
25	33	2812
26	27	-1268
26	28	-10652
26	29	-7524
26	30	2084
26	31	2812
26	32	7300
26	33	10564
27	28	-316
27	29	-1812
27	30	5620
27	31	3900
27	32	13012
27	33	-6844
28	29	-1948
28	30	10380
28	31	-10108
28	32	3628
28	33	-2356
29	30	-6620
29	31	-2356
29	32	-16364
29	33	-13100
30	31	-16956
30	32	6300
30	33	-1588
31	32	3220
31	33	6484
32	33	10972
