0	1	2336
0	2	13184
0	3	5504
0	4	-9184
0	5	896
0	6	8864
0	7	-4896
0	8	-11136
0	9	-7136
0	10	-5184
0	11	1056
0	12	-3776
0	13	3104
0	14	10976
0	15	1984
0	16	10976
0	17	-7776
0	18	-576
0	19	6496
0	20	-6496
0	21	-11136
0	22	-1376
0	23	-1696
0	24	576
0	25	-1216
0	26	-3424
0	27	-2624
0	28	-7776
0	29	-1984
0	30	-11616
0	31	4224
0	32	3616
0	33	-11104
0	34	-4224
0	35	-2016
0	36	5504
0	37	4864
0	38	-1664
0	39	4704
1	2	-5824
1	3	-10944
1	4	1824
1	5	-8256
1	6	-1504
1	7	5856
1	8	-704
1	9	1696
1	10	-8576
1	11	-2016
1	12	4736
1	13	-2144
1	14	-11936
1	15	5376
1	16	-5536
1	17	2336
1	18	-4864
1	19	-1056
1	20	-11744
1	21	-704
1	22	2336
1	23	2656
1	24	-1536
1	25	2176
1	26	8864
1	27	-4736
1	28	2336
1	29	7424
1	30	-6624
1	31	-3264
1	32	-4576
1	33	3744
1	34	3264
1	35	2976
1	36	8256
1	37	2496
1	38	704
1	39	9056
2	3	864
2	4	1856
2	5	5536
2	6	-2176
2	7	-9536
2	8	-15776
2	9	-5376
2	10	-544
2	11	-704
2	12	-8416
2	13	11264
2	14	15616
2	15	-2656
2	16	2816
2	17	-6016
2	18	1184
2	19	4736
2	20	1664
2	21	-2976
2	22	384
2	23	64
2	24	-1184
2	25	6944
2	26	-5184
2	27	2016
2	28	-6016
2	29	-3744
2	30	-16256
2	31	18784
2	32	-10944
2	33	-64
2	34	416
2	35	-6656
2	36	864
2	37	224
2	38	2976
2	39	6464
3	4	3136
3	5	-5984
3	6	2944
3	7	-4416
3	8	8544
3	9	-6656
3	10	736
3	11	6976
3	12	3104
3	13	-2816
3	14	10496
3	15	-3936
3	16	4096
3	17	-896
3	18	12704
3	19	6016
3	20	384
3	21	2144
3	22	5504
3	23	-7616
3	24	96
3	25	-736
3	26	-3904
3	27	3296
3	28	-7296
3	29	-8864
3	30	8064
3	31	-1696
3	32	9536
3	33	1216
3	34	-4704
3	35	-7936
3	36	-6816
3	37	-7456
3	38	-2144
3	39	-7616
4	5	-3136
4	6	-13024
4	7	736
4	8	6976
4	9	2976
4	10	-3456
4	11	3104
4	12	-384
4	13	-864
4	14	-416
4	15	-6144
4	16	-13216
4	17	10016
4	18	2816
4	19	4064
4	20	2336
4	21	19776
4	22	10016
4	23	3936
4	24	3584
4	25	3456
4	26	7584
4	27	6784
4	28	-9184
4	29	-256
4	30	7456
4	31	4416
4	32	-5856
4	33	8864
4	34	-4416
4	35	-2144
4	36	-3264
4	37	-15424
4	38	-6976
4	39	3936
5	6	-2944
5	7	-8384
5	8	-2144
5	9	6656
5	10	-736
5	11	-6976
5	12	-9504
5	13	2816
5	14	8704
5	15	-2464
5	16	2304
5	17	-5504
5	18	-6304
5	19	384
5	20	6016
5	21	-2144
5	22	7296
5	23	1216
5	24	-96
5	25	-5664
5	26	-8896
5	27	3104
5	28	7296
5	29	2464
5	30	4736
5	31	1696
5	32	-9536
5	33	-7616
5	34	-1696
5	35	1536
5	36	-5984
5	37	7456
5	38	2144
5	39	1216
6	7	5344
6	8	5504
6	9	-3296
6	10	10176
6	11	10016
6	12	6464
6	13	6944
6	14	736
6	15	-6976
6	16	13536
6	17	-3936
6	18	9664
6	19	-3744
6	20	3744
6	21	-13696
6	22	-3936
6	23	-4256
6	24	-3264
6	25	-10176
6	26	-7264
6	27	-6464
6	28	2464
6	29	6976
6	30	-1376
6	31	-11136
6	32	18976
6	33	-2144
6	34	-1664
6	35	1824
6	36	2944
6	37	2304
6	38	896
6	39	-4256
7	8	4544
7	9	8544
7	10	11136
7	11	10976
7	12	-896
7	13	5984
7	14	-17504
7	15	-1536
7	16	1696
7	17	7904
7	18	2304
7	19	3616
7	20	-3616
7	21	4544
7	22	-4896
7	23	1184
7	24	10496
7	25	1664
7	26	96
7	27	896
7	28	1504
7	29	7936
7	30	4064
7	31	-12096
7	32	7136
7	33	5216
7	34	-7104
7	35	13664
7	36	-4416
7	37	-5056
7	38	1856
7	39	1184
8	9	2304
8	10	4576
8	11	4416
8	12	5664
8	13	-256
8	14	-4864
8	15	-7776
8	16	1536
8	17	8064
8	18	8864
8	19	-2944
8	20	2944
8	21	4704
8	22	8064
8	23	-5056
8	24	-2464
8	25	-10976
8	26	-6464
8	27	736
8	28	1664
8	29	7776
8	30	17024
8	31	-11936
8	32	13376
8	33	5056
8	34	-864
8	35	1024
8	36	-4256
8	37	-4896
8	38	-4704
8	39	-11456
9	10	576
9	11	6816
9	12	3264
9	13	-2656
9	14	-8864
9	15	-10176
9	16	3936
9	17	-736
9	18	-6336
9	19	-544
9	20	544
9	21	8704
9	22	12064
9	23	11744
9	24	6336
9	25	-576
9	26	2336
9	27	3136
9	28	-736
9	29	16576
9	30	8224
9	31	-1536
9	32	-3424
9	33	1056
9	34	1536
9	35	11424
9	36	-13056
9	37	-7296
9	38	-2304
9	39	11744
10	11	11904
10	12	-2784
10	13	3136
10	14	-4416
10	15	-8544
10	16	1984
10	17	7616
10	18	13216
10	19	6464
10	20	12736
10	21	-1824
10	22	-5184
10	23	-4864
10	24	5984
10	25	7456
10	26	-9216
10	27	9184
10	28	7616
10	29	2144
10	30	5056
10	31	-4384
10	32	9344
10	33	4864
10	34	-8416
10	35	1856
10	36	-5664
10	37	1376
10	38	1824
10	39	-4864
11	12	9856
11	13	-3424
11	14	-4256
11	15	-8704
11	16	2144
11	17	-5344
11	18	13056
11	19	224
11	20	6176
11	21	-1984
11	22	1056
11	23	1376
11	24	12544
11	25	7296
11	26	-2656
11	27	2944
11	28	1056
11	29	2304
11	30	4896
11	31	-4544
11	32	9504
11	33	5024
11	34	-1856
11	35	1696
11	36	-5824
11	37	-11584
11	38	-10816
11	39	1376
12	13	-5696
12	14	-5824
12	15	-6816
12	16	-5824
12	17	-3776
12	18	-2976
12	19	-3904
12	20	10304
12	21	-736
12	22	-3776
12	23	8704
12	24	2976
12	25	-3616
12	26	11776
12	27	-6624
12	28	-3776
12	29	416
12	30	5184
12	31	-4576
12	32	6016
12	33	-2304
12	34	10976
12	35	-10816
12	36	-3296
12	37	-3936
12	38	-5664
12	39	2304
13	14	96
13	15	-6336
13	16	6496
13	17	3104
13	18	-2496
13	19	2016
13	20	-2016
13	21	-256
13	22	-3296
13	23	-3616
13	24	-3904
13	25	-9536
13	26	-7904
13	27	-7104
13	28	-3296
13	29	6336
13	30	-7136
13	31	2304
13	32	-864
13	33	3616
13	34	-2304
13	35	2464
13	36	-2816
13	37	2944
13	38	13056
13	39	-3616
14	15	1216
14	16	5024
14	17	-8224
14	18	3776
14	19	-3296
14	20	3296
14	21	-4864
14	22	4576
14	23	-1504
14	24	-10176
14	25	-1984
14	26	-6176
14	27	5824
14	28	-1824
14	29	-7616
14	30	-4384
14	31	5376
14	32	-416
14	33	-4896
14	34	1024
14	35	-7584
14	36	4096
14	37	-1664
14	38	-1536
14	39	-1504
15	16	-5184
15	17	-4416
15	18	-3616
15	19	-9664
15	20	-9536
15	21	-7776
15	22	-10816
15	23	-4736
15	24	-2784
15	25	2144
15	26	-384
15	27	416
15	28	8384
15	29	-11744
15	30	-8256
15	31	-5216
15	32	-6144
15	33	-1664
15	34	5216
15	35	1344
15	36	15264
15	37	1824
15	38	1376
15	39	-4736
16	17	-8224
16	18	3776
16	19	-3296
16	20	-9504
16	21	-11264
16	22	4576
16	23	-1504
16	24	-3776
16	25	-8384
16	26	-12576
16	27	-6976
16	28	-1824
16	29	11584
16	30	-4384
16	31	-1024
16	32	12384
16	33	-4896
16	34	1024
16	35	11616
16	36	-2304
16	37	4736
16	38	-1536
16	39	-1504
17	18	-576
17	19	12896
17	20	6304
17	21	14464
17	22	-1376
17	23	-1696
17	24	576
17	25	-1216
17	26	2976
17	27	10176
17	28	-7776
17	29	4416
17	30	7584
17	31	-2176
17	32	3616
17	33	1696
17	34	-10624
17	35	-2016
17	36	-896
17	37	-1536
17	38	4736
17	39	-1696
18	19	-704
18	20	704
18	21	-3936
18	22	5824
18	23	-13696
18	24	-224
18	25	5984
18	26	-10624
18	27	2976
18	28	5824
18	29	-2784
18	30	1984
18	31	-1376
18	32	9216
18	33	13696
18	34	-5024
18	35	-1216
18	36	-96
18	37	-7136
18	38	-2464
18	39	-7296
19	20	5216
19	21	9856
19	22	96
19	23	416
19	24	13504
19	25	6336
19	26	4704
19	27	3904
19	28	-12704
19	29	-3136
19	30	3936
19	31	7296
19	32	-2336
19	33	-6816
19	34	-13696
19	35	-5664
19	36	-13184
19	37	6656
19	38	2944
19	39	6816
20	21	2944
20	22	-6496
20	23	5984
20	24	5696
20	25	64
20	26	1696
20	27	8896
20	28	-96
20	29	-3264
20	30	8864
20	31	-896
20	32	2336
20	33	-5984
20	34	896
20	35	-13536
20	36	-6016
20	37	-256
20	38	-2944
20	39	-416
21	22	8064
21	23	7744
21	24	3936
21	25	1824
21	26	12736
21	27	7136
21	28	-11136
21	29	1376
21	30	10624
21	31	864
21	32	-5824
21	33	5056
21	34	-7264
21	35	1024
21	36	-10656
21	37	-11296
21	38	1696
21	39	7744
22	23	-1696
22	24	-5824
22	25	-1216
22	26	-3424
22	27	3776
22	28	-1376
22	29	10816
22	30	7584
22	31	4224
22	32	-2784
22	33	8096
22	34	-4224
22	35	4384
22	36	-7296
22	37	-7936
22	38	-1664
22	39	4704
23	24	7296
23	25	-1536
23	26	16096
23	27	-2304
23	28	-8096
23	29	4736
23	30	864
23	31	-2496
23	32	-2464
23	33	-10784
23	34	8896
23	35	4064
23	36	-7616
23	37	-1856
23	38	-7744
23	39	17184
24	25	6816
24	26	4224
24	27	-2976
24	28	-5824
24	29	-3616
24	30	4416
24	31	1376
24	32	-2816
24	33	-7296
24	34	-1376
24	35	1216
24	36	-12704
24	37	736
24	38	-10336
24	39	7296
25	26	2816
25	27	10016
25	28	5184
25	29	-8544
25	30	-5056
25	31	10784
25	32	-9344
25	33	7936
25	34	-4384
25	35	-1856
25	36	-736
25	37	-1376
25	38	-1824
25	39	4864
26	27	-5376
26	28	-9824
26	29	-6016
26	30	416
26	31	-2624
26	32	-5216
26	33	-3296
26	34	2624
26	35	-2784
26	36	-3904
26	37	-3264
26	38	64
26	39	16096
27	28	3776
27	29	-416
27	30	7616
27	31	-1824
27	32	384
27	33	2304
27	34	-10976
27	35	-1984
27	36	3296
27	37	-8864
27	38	-736
27	39	-2304
28	29	-1984
28	30	1184
28	31	-8576
28	32	-2784
28	33	8096
28	34	2176
28	35	4384
28	36	5504
28	37	4864
28	38	4736
28	39	-8096
29	30	1856
29	31	-1184
29	32	6144
29	33	1664
29	34	1184
29	35	11456
29	36	-2464
29	37	-1824
29	38	-1376
29	39	4736
30	31	-12416
30	32	7456
30	33	-864
30	34	-6784
30	35	544
30	36	-11136
30	37	-5376
30	38	-4224
30	39	-5536
31	32	-14784
31	33	2496
31	34	2976
31	35	-9216
31	36	-1696
31	37	4064
31	38	-864
31	39	3904
32	33	-3936
32	34	-4416
32	35	4256
32	36	3136
32	37	-2624
32	38	-6976
32	39	-8864
33	34	-2496
33	35	2336
33	36	1216
33	37	-10944
33	38	7744
33	39	-4384
34	35	-3584
34	36	1696
34	37	2336
34	38	-5536
34	39	2496
35	36	-1536
35	37	-2176
35	38	-1024
35	39	4064
36	37	-1056
36	38	-2144
36	39	-7616
37	38	4896
37	39	-1856
38	39	-1344
