0	1	-6584
0	2	1576
0	3	5944
0	4	-14696
0	5	11384
0	6	-9416
0	7	-1784
0	8	-5464
0	9	4664
0	10	2376
0	11	1896
0	12	-3976
0	13	8136
0	14	-3704
0	15	5576
0	16	-2856
0	17	-1784
0	18	-1096
0	19	-6744
0	20	3016
0	21	504
0	22	-1416
0	23	5576
0	24	1576
0	25	-4024
0	26	1096
0	27	-984
0	28	-456
0	29	8024
0	30	5736
0	31	10424
0	32	-7384
0	33	-7384
0	34	-6904
0	35	-2376
0	36	-8504
0	37	-2424
0	38	-9576
0	39	1624
1	2	3176
1	3	-2056
1	4	-3496
1	5	-3016
1	6	1784
1	7	-184
1	8	2536
1	9	-3336
1	10	-2424
1	11	-2904
1	12	-5576
1	13	-3064
1	14	4296
1	15	-5624
1	16	1944
1	17	6216
1	18	3704
1	19	-11544
1	20	-1784
1	21	-1096
1	22	3384
1	23	776
1	24	3176
1	25	-2424
1	26	-3704
1	27	7016
1	28	10744
1	29	6424
1	30	7336
1	31	2424
1	32	-5784
1	33	616
1	34	1096
1	35	2424
1	36	-6904
1	37	-824
1	38	-4776
1	39	24
2	3	2584
2	4	1144
2	5	-4776
2	6	6424
2	7	-4824
2	8	4296
2	9	7704
2	10	12136
2	11	-1144
2	12	-936
2	13	17896
2	14	-6744
2	15	-3864
2	16	-12616
2	17	1576
2	18	-4456
2	19	3016
2	20	-6424
2	21	3544
2	22	14424
2	23	2536
2	24	-1464
2	25	-664
2	26	10856
2	27	2376
2	28	2584
2	29	-1736
2	30	-3704
2	31	7064
2	32	-10424
2	33	-10424
2	34	2856
2	35	7064
2	36	-5144
2	37	7336
2	38	6264
2	39	4664
3	4	-2264
3	5	-2744
3	6	-1144
3	7	-6856
3	8	9624
3	9	-8824
3	10	-4616
3	11	8664
3	12	-184
3	13	2424
3	14	1464
3	15	-7816
3	16	5096
3	17	5944
3	18	-22264
3	19	-1896
3	20	-11656
3	21	1736
3	22	-9144
3	23	-1416
3	24	2584
3	25	8184
3	26	3064
3	27	-1256
3	28	-3704
3	29	-5784
3	30	4824
3	31	11016
3	32	-1256
3	33	-1256
3	34	-1736
3	35	11016
3	36	-136
3	37	-6216
3	38	5416
3	39	616
4	5	-7704
4	6	296
4	7	10904
4	8	8184
4	9	-984
4	10	-6056
4	11	824
4	12	7656
4	13	984
4	14	24
4	15	-2856
4	16	-6264
4	17	-1896
4	18	-1624
4	19	15864
4	20	-296
4	21	-3224
4	22	5096
4	23	-9256
4	24	-5256
4	25	344
4	26	-4776
4	27	3704
4	28	4136
4	29	-4344
4	30	-15816
4	31	-6744
4	32	3704
4	33	3704
4	34	9624
4	35	-344
4	36	4824
4	37	11544
4	38	6856
4	39	-4344
5	6	-12984
5	7	-1416
5	8	-16936
5	9	-1464
5	10	-5576
5	11	1304
5	12	-5624
5	13	1464
5	14	504
5	15	4024
5	16	6056
5	17	-1416
5	18	4296
5	19	-2856
5	20	12984
5	21	-10104
5	22	-8184
5	23	4024
5	24	1624
5	25	824
5	26	-4296
5	27	4184
5	28	-2744
5	29	7976
5	30	-2536
5	31	-824
5	32	-8616
5	33	-2216
5	34	3704
5	35	-824
5	36	-13896
5	37	5624
5	38	-6424
5	39	1576
6	7	-3016
6	8	7064
6	9	6536
6	10	-776
6	11	6104
6	12	-4024
6	13	6264
6	14	5304
6	15	-3976
6	16	1256
6	17	3384
6	18	-504
6	19	8344
6	20	-1416
6	21	4296
6	22	6216
6	23	-3976
6	24	24
6	25	-776
6	26	6904
6	27	-10216
6	28	-1144
6	29	-16024
6	30	8664
6	31	776
6	32	-3816
6	33	2584
6	34	-4296
6	35	-5624
6	36	3704
6	37	-8776
6	38	14376
6	39	-3224
7	8	7336
7	9	-1736
7	10	-10424
7	11	1896
7	12	2424
7	13	-4664
7	14	2696
7	15	-824
7	16	3544
7	17	-1784
7	18	5304
7	19	-344
7	20	9416
7	21	504
7	22	-1416
7	23	-7224
7	24	-4824
7	25	-10424
7	26	-5304
7	27	5416
7	28	5944
7	29	8024
7	30	-7064
7	31	-2376
7	32	5416
7	33	-984
7	34	5896
7	35	-8776
7	36	4296
7	37	-2424
7	38	-3176
7	39	-4776
8	9	-4456
8	10	-1304
8	11	4616
8	12	6104
8	13	-1944
8	14	-984
8	15	-10904
8	16	-5576
8	17	7336
8	18	-10216
8	19	2376
8	20	-7064
8	21	10584
8	22	2264
8	23	1896
8	24	-2104
8	25	-7704
8	26	3816
8	27	1736
8	28	3224
8	29	-7496
8	30	2056
8	31	7704
8	32	8136
8	33	-4664
8	34	-4184
8	35	7704
8	36	7016
8	37	-6104
8	38	6904
8	39	-1096
9	10	6904
9	11	984
9	12	-5304
9	13	13944
9	14	6584
9	15	10104
9	16	-12824
9	17	-8136
9	18	4616
9	19	9624
9	20	6264
9	21	3016
9	22	17736
9	23	-9096
9	24	-5096
9	25	504
9	26	-4616
9	27	-8936
9	28	3976
9	29	1896
9	30	3544
9	31	-6904
9	32	-2536
9	33	-2536
9	34	-3016
9	35	-6904
9	36	-1416
9	37	-1096
9	38	296
9	39	-4504
10	11	-13144
10	12	4664
10	13	5896
10	14	-12344
10	15	3336
10	16	-13416
10	17	-4024
10	18	1144
10	19	-2584
10	20	-5624
10	21	2744
10	22	13624
10	23	9736
10	24	-7064
10	25	6536
10	26	11656
10	27	3176
10	28	1784
10	29	3864
10	30	-2904
10	31	-136
10	32	3176
10	33	-3224
10	34	-9144
10	35	6264
10	36	2056
10	37	1736
10	38	-936
10	39	3864
11	12	-1256
11	13	-984
11	14	6376
11	15	-3544
11	16	6264
11	17	-4504
11	18	-4776
11	19	9736
11	20	296
11	21	9624
11	22	-5096
11	23	-3544
11	24	-1144
11	25	-344
11	26	-8024
11	27	-3704
11	28	2264
11	29	-8456
11	30	9416
11	31	344
11	32	2696
11	33	-10104
11	34	-3224
11	35	-6056
11	36	1576
11	37	1256
11	38	-456
11	39	-2056
12	13	-1096
12	14	-2056
12	15	-4936
12	16	-4184
12	17	2424
12	18	-5944
12	19	7384
12	20	-2376
12	21	5256
12	22	776
12	23	1464
12	24	-7336
12	25	-1736
12	26	-456
12	27	1624
12	28	6216
12	29	-2264
12	30	-5096
12	31	1736
12	32	8024
12	33	1624
12	34	1144
12	35	1736
12	36	2744
12	37	9464
12	38	-3864
12	39	-2264
13	14	-184
13	15	2696
13	16	-12776
13	17	1736
13	18	-4616
13	19	9576
13	20	136
13	21	-3016
13	22	14264
13	23	-3704
13	24	-1304
13	25	-504
13	26	4616
13	27	-3864
13	28	2424
13	29	-1896
13	30	-3544
13	31	6904
13	32	-16664
13	33	-3864
13	34	3016
13	35	504
13	36	-11384
13	37	7496
13	38	6104
13	39	-1896
14	15	-2744
14	16	5464
14	17	-3704
14	18	-5576
14	19	4136
14	20	7496
14	21	2424
14	22	504
14	23	-15544
14	24	-6744
14	25	456
14	26	-7224
14	27	-15704
14	28	1464
14	29	-2856
14	30	10216
14	31	-456
14	32	3496
14	33	9896
14	34	10376
14	35	-456
14	36	2376
14	37	-10744
14	38	-1256
14	39	-9256
15	16	2584
15	17	-7224
15	18	10744
15	19	616
15	20	-2424
15	21	-6856
15	22	4024
15	23	136
15	24	2536
15	25	9736
15	26	-10744
15	27	6376
15	28	-1416
15	29	13464
15	30	-6104
15	31	-9736
15	32	-24
15	33	-6424
15	34	-5944
15	35	-9736
15	36	-1144
15	37	4936
15	38	2264
15	39	-5736
16	17	3544
16	18	-664
16	19	-10696
16	20	-1256
16	21	-2264
16	22	-19544
16	23	-3816
16	24	6584
16	25	5784
16	26	-5736
16	27	2744
16	28	-7704
16	29	3016
16	30	2424
16	31	-5784
16	32	2744
16	33	2744
16	34	2264
16	35	-5784
16	36	3864
16	37	-8616
16	38	1416
16	39	-3384
17	18	-7496
17	19	-6744
17	20	-3384
17	21	504
17	22	-7816
17	23	5576
17	24	14376
17	25	-10424
17	26	1096
17	27	5416
17	28	-6856
17	29	-4776
17	30	-664
17	31	4024
17	32	-7384
17	33	-984
17	34	-504
17	35	10424
17	36	-8504
17	37	-2424
17	38	9624
17	39	1624
18	19	-2536
18	20	6904
18	21	-4024
18	22	4296
18	23	4344
18	24	1944
18	25	-5256
18	26	-3976
18	27	4504
18	28	3336
18	29	7656
18	30	-2216
18	31	-7544
18	32	-1896
18	33	-1896
18	34	-2376
18	35	-13944
18	36	-776
18	37	5944
18	38	-6744
18	39	1256
19	20	4456
19	21	-936
19	22	9944
19	23	-5784
19	24	-9784
19	25	3816
19	26	-3864
19	27	-5944
19	28	4504
19	29	-12616
19	30	-5624
19	31	-3816
19	32	456
19	33	456
19	34	936
19	35	-3816
19	36	-664
19	37	11816
19	38	8184
19	39	-6216
20	21	-10696
20	22	184
20	23	-2424
20	24	-6424
20	25	-5624
20	26	-504
20	27	-2584
20	28	7544
20	29	3224
20	30	4136
20	31	-776
20	32	-2584
20	33	3816
20	34	4296
20	35	-7176
20	36	-10104
20	37	-4024
20	38	-1576
20	39	3224
21	22	2696
21	23	-456
21	24	-2856
21	25	-10056
21	26	-2376
21	27	-6696
21	28	-4664
21	29	-6744
21	30	5784
21	31	-2744
21	32	12504
21	33	-6696
21	34	-7176
21	35	3656
21	36	13624
21	37	-5256
21	38	-8344
21	39	-6744
22	23	-2376
22	24	-11176
22	25	824
22	26	2104
22	27	-2216
22	28	10056
22	29	1576
22	30	-2536
22	31	-824
22	32	-2216
22	33	-2216
22	34	-2696
22	35	-824
22	36	-1096
22	37	5624
22	38	-24
22	39	-4824
23	24	2536
23	25	-3064
23	26	8456
23	27	12776
23	28	-1416
23	29	664
23	30	296
23	31	9464
23	32	-24
23	33	-12824
23	34	-12344
23	35	9464
23	36	-7544
23	37	4936
23	38	2264
23	39	7064
24	25	-7064
24	26	-1944
24	27	2376
24	28	-10216
24	29	-1736
24	30	2696
24	31	664
24	32	-10424
24	33	-4024
24	34	2856
24	35	664
24	36	-5144
24	37	936
24	38	6264
24	39	11064
25	26	-1144
25	27	3176
25	28	1784
25	29	3864
25	30	-2904
25	31	-6536
25	32	3176
25	33	3176
25	34	-2744
25	35	-136
25	36	2056
25	37	1736
25	38	5464
25	39	-2536
26	27	-4504
26	28	-3336
26	29	-7656
26	30	2216
26	31	13944
26	32	-4504
26	33	1896
26	34	2376
26	35	7544
26	36	776
26	37	-5944
26	38	6744
26	39	11544
27	28	5144
27	29	13624
27	30	-12664
27	31	-3176
27	32	-184
27	33	-12984
27	34	-6104
27	35	3224
27	36	-7704
27	37	11176
27	38	2424
27	39	824
28	29	7016
28	30	4824
28	31	4616
28	32	-1256
28	33	-1256
28	34	-1736
28	35	-8184
28	36	-6536
28	37	6584
28	38	-7384
28	39	616
29	30	-5896
29	31	-3864
29	32	824
29	33	-5576
29	34	344
29	35	-3864
29	36	-4456
29	37	2264
29	38	-9464
29	39	-1464
30	31	9304
30	32	136
30	33	136
30	34	-5784
30	35	-3496
30	36	-984
30	37	-14104
30	38	-4296
30	39	6904
31	32	-9576
31	33	-3176
31	34	2744
31	35	6536
31	36	-8456
31	37	-1736
31	38	936
31	39	8936
32	33	-184
32	34	-6104
32	35	3224
32	36	17896
32	37	-8024
32	38	-3976
32	39	-5576
33	34	6696
33	35	-3176
33	36	5096
33	37	-8024
33	38	-3976
33	39	-5576
34	35	2744
34	36	-824
34	37	5256
34	38	1944
34	39	6744
35	36	-2056
35	37	-1736
35	38	7336
35	39	2536
36	37	-9144
36	38	-2856
36	39	-4456
37	38	-2536
37	39	2264
38	39	3336
