0	1	4384
0	2	2096
0	3	2168
0	4	2200
0	5	848
0	6	-1024
0	7	-2304
0	8	3864
0	9	-952
0	10	-3416
0	11	328
0	12	1992
0	13	2376
0	14	1544
0	15	2304
0	16	88
0	17	-536
0	18	-1336
0	19	-2928
0	20	-120
0	21	1336
0	22	-4248
0	23	2376
0	24	-1784
0	25	-192
1	2	504
1	3	3344
1	4	400
1	5	1752
1	6	-1784
1	7	-296
1	8	4144
1	9	1056
1	10	-4800
1	11	2272
1	12	608
1	13	432
1	14	1264
1	15	296
1	16	2720
1	17	-2064
1	18	1232
1	19	-5080
1	20	224
1	21	1472
1	22	-1264
1	23	3136
1	24	-816
1	25	88
2	3	1056
2	4	-16
2	5	1336
2	6	504
2	7	-2584
2	8	-1680
2	9	-1232
2	10	192
2	11	1856
2	12	192
2	13	3552
2	14	1680
2	15	2584
2	16	-2272
2	17	1056
2	18	816
2	19	744
2	20	640
2	21	1888
2	22	-1680
2	23	3552
2	24	2304
2	25	2376
3	4	1160
3	5	-192
3	6	640
3	7	1440
3	8	120
3	9	88
3	10	-1752
3	11	1992
3	12	3656
3	13	712
3	14	2584
3	15	1264
3	16	1128
3	17	504
3	18	3032
3	19	-1888
3	20	920
3	21	-3032
3	22	120
3	23	3416
3	24	1960
3	25	1472
4	5	1232
4	6	400
4	7	2928
4	8	920
4	9	-3832
4	10	88
4	11	-952
4	12	2792
4	13	952
4	14	1784
4	15	2480
4	16	3240
4	17	1160
4	18	-1992
4	19	848
4	20	744
4	21	-3416
4	22	-1784
4	23	952
4	24	-296
4	25	-432
5	6	1752
5	7	1576
5	8	2272
5	9	224
5	10	-1264
5	11	400
5	12	-1264
5	13	2304
5	14	432
5	15	-1576
5	16	1888
5	17	2512
5	18	2064
5	19	-504
5	20	-3312
5	21	640
5	22	-432
5	23	2304
5	24	1056
5	25	-1784
6	7	-296
6	8	-1264
6	9	1056
6	10	3312
6	11	-3136
6	12	608
6	13	432
6	14	1264
6	15	-2408
6	16	-2688
6	17	3344
6	18	1232
6	19	328
6	20	-2480
6	21	-1232
6	22	-1264
6	23	432
6	24	1888
6	25	-2616
7	8	-816
7	9	-1680
7	10	16
7	11	1056
7	12	2720
7	13	-1056
7	14	816
7	15	328
7	16	4768
7	17	1440
7	18	2096
7	19	1752
7	20	-848
7	21	-4800
7	22	1888
7	23	-1056
7	24	192
7	25	-2168
8	9	536
8	10	-4280
8	11	88
8	12	-1576
8	13	-88
8	14	744
8	15	-1888
8	16	2200
8	17	120
8	18	-952
8	19	-2896
8	20	-3000
8	21	952
8	22	-744
8	23	-88
8	24	-1336
8	25	-2096
9	10	-1336
9	11	-296
9	12	-1336
9	13	296
9	14	-3240
9	15	-3728
9	16	-1992
9	17	88
9	18	3448
9	19	-2304
9	20	-2200
9	21	1960
9	22	536
9	23	296
9	24	-1160
9	25	-816
10	11	-3448
10	12	296
10	13	-1960
10	14	1576
10	15	-16
10	16	-2376
10	17	952
10	18	-1784
10	19	3344
10	20	536
10	21	-920
10	22	1128
10	23	-1960
10	24	2200
10	25	-224
11	12	-744
11	13	1784
11	14	-88
11	15	1648
11	16	1368
11	17	-712
11	18	2584
11	19	-1024
11	20	1576
11	21	120
11	22	88
11	23	1784
11	24	536
11	25	1440
12	13	744
12	14	1576
12	15	2688
12	16	328
12	17	952
12	18	920
12	19	640
12	20	536
12	21	-3624
12	22	-1576
12	23	744
12	24	-504
12	25	-224
13	14	-2616
13	15	1056
13	16	-1368
13	17	3416
13	18	2824
13	19	1024
13	20	-1576
13	21	-120
13	22	-2792
13	23	3624
13	24	-536
13	25	1264
14	15	1888
14	16	504
14	17	-120
14	18	-1752
14	19	192
14	20	296
14	21	-952
14	22	744
14	23	88
14	24	4040
14	25	-608
15	16	640
15	17	-1440
15	18	-2096
15	19	952
15	20	3552
15	21	-608
15	22	-1888
15	23	1056
15	24	-192
15	25	2168
16	17	-1576
16	18	-296
16	19	-1264
16	20	1544
16	21	-2408
16	22	2200
16	23	1336
16	24	-120
16	25	848
17	18	3032
17	19	3520
17	20	-4488
17	21	-3032
17	22	120
17	23	712
17	24	1960
17	25	-1232
18	19	16
18	20	-2792
18	21	-1544
18	22	1752
18	23	2824
18	24	1576
18	25	400
19	20	-1472
19	21	-2720
19	22	2512
19	23	-1680
19	24	2272
19	25	1160
20	21	88
20	22	-296
20	23	1128
20	24	-328
20	25	3760
21	22	-1752
21	23	-120
21	24	-1576
21	25	-400
22	23	-88
22	24	4072
22	25	3312
23	24	2168
23	25	3968
24	25	2720
