0	1	-900
0	2	-2252
0	3	-1316
0	4	1212
0	5	-3052
0	6	-1316
0	7	796
0	8	380
0	9	1420
0	10	36
0	11	-3292
0	12	-244
0	13	-3364
0	14	3364
0	15	-1804
0	16	-1804
0	17	-1212
0	18	1940
0	19	900
0	20	172
0	21	-3364
0	22	2532
0	23	-3572
0	24	-2324
0	25	-1836
1	2	-660
1	3	1108
1	4	1700
1	5	-2148
1	6	-1596
1	7	-3292
1	8	-2876
1	9	1492
1	10	-2948
1	11	380
1	12	452
1	13	868
1	14	-868
1	15	-692
1	16	-692
1	17	-1700
1	18	-1732
1	19	-692
1	20	36
1	21	868
1	22	-2740
1	23	3780
1	24	-172
1	25	-1076
2	3	-2948
2	4	-2356
2	5	1908
2	6	2460
2	7	-1940
2	8	1180
2	9	140
2	10	-1596
2	11	-972
2	12	1804
2	13	-484
2	14	484
2	15	3364
2	16	-2044
2	17	-348
2	18	-380
2	19	3364
2	20	-1316
2	21	2220
2	22	-1388
2	23	2428
2	24	-1524
2	25	2980
3	4	-1420
3	5	-2564
3	6	1524
3	7	1700
3	8	2116
3	9	3780
3	10	172
3	11	796
3	12	-2668
3	13	3156
3	14	-3156
3	15	-1108
3	16	4300
3	17	1420
3	18	556
3	19	-1108
3	20	2324
3	21	-2252
3	22	3084
3	23	-2044
3	24	2116
3	25	-3364
4	5	-244
4	6	-1420
4	7	900
4	8	-4924
4	9	-1180
4	10	-68
4	11	2012
4	12	-140
4	13	-556
4	14	3260
4	15	-1700
4	16	-1700
4	17	1388
4	18	2044
4	19	-4404
4	20	276
4	21	-556
4	22	-2980
4	23	1940
4	24	484
4	25	-1940
5	6	-2564
5	7	2044
5	8	-1076
5	9	-5444
5	10	1492
5	11	868
5	12	1004
5	13	588
5	14	-588
5	15	-556
5	16	-556
5	17	2948
5	18	-2220
5	19	-556
5	20	1420
5	21	588
5	22	-1420
5	23	380
5	24	1628
5	25	2324
6	7	-1004
6	8	2116
6	9	3780
6	10	172
6	11	796
6	12	36
6	13	452
6	14	-452
6	15	4300
6	16	1596
6	17	-1284
6	18	3260
6	19	1596
6	20	-3084
6	21	452
6	22	380
6	23	660
6	24	-588
6	25	-660
7	8	68
7	9	-1596
7	10	3052
7	11	-276
7	12	-556
7	13	1732
7	14	972
7	15	-2116
7	16	588
7	17	4508
7	18	1628
7	19	-2116
7	20	2564
7	21	-3676
7	22	2844
7	23	-3884
7	24	2772
7	25	-1524
8	9	3396
8	10	764
8	11	140
8	12	-972
8	13	-1388
8	14	-1316
8	15	172
8	16	2876
8	17	-484
8	18	-1492
8	19	2876
8	20	2148
8	21	1316
8	22	3260
8	23	-1596
8	24	-3052
8	25	1596
9	10	-2980
9	11	-900
9	12	-2636
9	13	-348
9	14	348
9	15	1212
9	16	1212
9	17	-1524
9	18	2252
9	19	1212
9	20	484
9	21	-348
9	22	2220
9	23	-556
9	24	-2012
9	25	-2148
10	11	2148
10	12	4092
10	13	1804
10	14	-1804
10	15	-2460
10	16	2948
10	17	2772
10	18	-796
10	19	244
10	20	972
10	21	-900
10	22	1732
10	23	-692
10	24	764
10	25	692
11	12	764
11	13	1180
11	14	-1180
11	15	-380
11	16	2324
11	17	692
11	18	-1420
11	19	-3084
11	20	348
11	21	3884
11	22	-3052
11	23	4092
11	24	140
11	25	1316
12	13	692
12	14	-692
12	15	-452
12	16	-452
12	17	140
12	18	-2116
12	19	2252
12	20	-1180
12	21	692
12	22	-1524
12	23	3188
12	24	-972
12	25	2220
13	14	-2980
13	15	-868
13	16	1836
13	17	3260
13	18	172
13	19	-868
13	20	1108
13	21	276
13	22	1596
13	23	68
13	24	4020
13	25	-68
14	15	868
14	16	-4540
14	17	-556
14	18	2532
14	19	-1836
14	20	-1108
14	21	-276
14	22	-1596
14	23	-68
14	24	-1316
14	25	68
15	16	-2012
15	17	-3708
15	18	1732
15	19	692
15	20	-5444
15	21	1836
15	22	-2668
15	23	1628
15	24	172
15	25	1076
16	17	1700
16	18	-972
16	19	692
16	20	2668
16	21	-868
16	22	2740
16	23	-1076
16	24	172
16	25	-1628
17	18	660
17	19	-1004
17	20	5132
17	21	-2148
17	22	2980
17	23	-1940
17	24	2220
17	25	-764
18	19	-972
18	20	-1700
18	21	-2532
18	22	1700
18	23	-2740
18	24	1212
18	25	-2668
19	20	-36
19	21	-868
19	22	2740
19	23	-1076
19	24	-2532
19	25	1076
20	21	-1596
20	22	3468
20	23	-1804
20	24	-556
20	25	-900
21	22	-3812
21	23	5476
21	24	-1388
21	25	5340
22	23	-6308
22	24	556
22	25	-1804
23	24	-1596
23	25	2844
24	25	-1108
