0	1	1344
0	2	1864
0	3	3024
0	4	96
0	5	4584
0	6	96
0	7	-1256
0	8	200
0	9	632
0	10	-4376
0	11	-512
0	12	-512
0	13	-2904
0	14	-3112
0	15	-3440
0	16	528
0	17	-944
0	18	1984
0	19	-1672
0	20	-736
0	21	-2904
0	22	3232
0	23	-1448
0	24	512
0	25	4880
1	2	-2816
1	3	-3112
1	4	3528
1	5	1152
1	6	3528
1	7	-3232
1	8	928
1	9	2608
1	10	-944
1	11	1464
1	12	1464
1	13	1776
1	14	-1136
1	15	-8
1	16	-200
1	17	-216
1	18	1256
1	19	1760
1	20	-2712
1	21	1776
1	22	2504
1	23	528
1	24	1240
1	25	200
2	3	1776
2	4	-1360
2	5	632
2	6	-4064
2	7	-8
2	8	1448
2	9	-616
2	10	-3128
2	11	-4464
2	12	944
2	13	-1448
2	14	-1656
2	15	-2192
2	16	1984
2	17	304
2	18	736
2	19	-424
2	20	512
2	21	-1448
2	22	-720
2	23	2712
2	24	-944
2	25	3424
3	4	-1864
3	5	2592
3	6	-1864
3	7	-512
3	8	736
3	9	-1568
3	10	-96
3	11	-424
3	12	-3128
3	13	-3440
3	14	-3232
3	15	-1032
3	16	1240
3	17	-824
3	18	-216
3	19	-96
3	20	-1032
3	21	-3440
3	22	1240
3	23	-2192
3	24	-2280
3	25	1464
4	5	-304
4	6	2280
4	7	928
4	8	-320
4	9	1152
4	10	512
4	11	8
4	12	8
4	13	-2384
4	14	112
4	15	-1256
4	16	3752
4	17	-1464
4	18	2504
4	19	-2192
4	20	-1256
4	21	3024
4	22	1048
4	23	-928
4	24	-2712
4	25	1656
5	6	-304
5	7	1048
5	8	-408
5	9	-424
5	10	-1240
5	11	720
5	12	720
5	13	-2296
5	14	-2088
5	15	-4880
5	16	-320
5	17	736
5	18	-1776
5	19	-1240
5	20	528
5	21	-2296
5	22	5088
5	23	-3752
5	24	-720
5	25	3024
6	7	928
6	8	-3024
6	9	3856
6	10	512
6	11	2712
6	12	-2696
6	13	320
6	14	2816
6	15	1448
6	16	1048
6	17	1240
6	18	2504
6	19	-2192
6	20	-3960
6	21	320
6	22	1048
6	23	-3632
6	24	2696
6	25	-1048
7	8	-4376
7	9	-200
7	10	1864
7	11	1360
7	12	1360
7	13	-3736
7	14	4168
7	15	-2608
7	16	-304
7	17	-112
7	18	-1552
7	19	-3544
7	20	2800
7	21	1672
7	22	-304
7	23	-4984
7	24	-1360
7	25	304
8	9	1048
8	10	616
8	11	-2800
8	12	-96
8	13	2920
8	14	-2696
8	15	1552
8	16	944
8	17	1344
8	18	-304
8	19	3320
8	20	-1152
8	21	216
8	22	944
8	23	4376
8	24	96
8	25	-944
9	10	216
9	11	-736
9	12	-736
9	13	1656
9	14	1864
9	15	1984
9	16	928
9	17	2192
9	18	2176
9	19	216
9	20	-3424
9	21	1656
9	22	928
9	23	200
9	24	3440
9	25	-928
10	11	1776
10	12	-928
10	13	2088
10	14	1880
10	15	2384
10	16	112
10	17	2176
10	18	-3840
10	19	1448
10	20	-320
10	21	2088
10	22	112
10	23	-1864
10	24	-1776
10	25	-5520
11	12	408
11	13	96
11	14	304
11	15	840
11	16	-3336
11	17	-1656
11	18	-2088
11	19	-928
11	20	840
11	21	96
11	22	-632
11	23	-4064
11	24	-408
11	25	-2072
12	13	96
12	14	304
12	15	-1864
12	16	-3336
12	17	-1656
12	18	-2088
12	19	1776
12	20	3544
12	21	2800
12	22	-632
12	23	1344
12	24	-408
12	25	632
13	14	-8
13	15	3856
13	16	-944
13	17	4064
13	18	-2400
13	19	2088
13	20	-1552
13	21	-216
13	22	-944
13	23	3736
13	24	2608
13	25	-4464
14	15	944
14	16	-736
14	17	1152
14	18	512
14	19	-824
14	20	944
14	21	2696
14	22	-736
14	23	-1464
14	24	2400
14	25	-1968
15	16	-824
15	17	408
15	18	632
15	19	2384
15	20	-2088
15	21	1152
15	22	-3528
15	23	2608
15	24	1864
15	25	-4584
16	17	2088
16	18	2280
16	19	-2592
16	20	-3528
16	21	-944
16	22	1032
16	23	304
16	24	-2072
16	25	1672
17	18	-1864
17	19	-528
17	20	-2296
17	21	-1344
17	22	2088
17	23	112
17	24	1656
17	25	-2088
18	19	-1136
18	20	-2072
18	21	304
18	22	-424
18	23	1552
18	24	2088
18	25	3128
19	20	-320
19	21	2088
19	22	112
19	23	3544
19	24	928
19	25	-2816
20	21	1152
20	22	-824
20	23	-96
20	24	-840
20	25	824
21	22	-944
21	23	1032
21	24	-96
21	25	-1760
22	23	-2400
22	24	632
22	25	1672
23	24	1360
23	25	-304
24	25	-632
