0	1	1776
0	2	-3856
0	3	-3440
0	4	4360
0	5	736
0	6	-824
0	7	-512
0	8	2192
0	9	-720
0	10	-2192
0	11	-3840
0	12	-3008
0	13	944
0	14	-5000
0	15	-3528
0	16	-824
0	17	4064
0	18	-304
0	19	1048
0	20	-1552
0	21	-112
0	22	2296
0	23	-320
0	24	1864
0	25	-1984
1	2	736
1	3	320
1	4	-2072
1	5	-320
1	6	-1464
1	7	928
1	8	-1776
1	9	1136
1	10	-928
1	11	-1152
1	12	-1984
1	13	-528
1	14	-824
1	15	-4168
1	16	1240
1	17	-944
1	18	-1984
1	19	-632
1	20	-736
1	21	-304
1	22	824
1	23	-96
1	24	-2280
1	25	-1136
2	3	3008
2	4	-2712
2	5	-304
2	6	-1864
2	7	1152
2	8	-1552
2	9	-1760
2	10	-1152
2	11	3232
2	12	1360
2	13	-96
2	14	1448
2	15	840
2	16	-1864
2	17	-2384
2	18	-1344
2	19	2712
2	20	112
2	21	928
2	22	1256
2	23	-1984
2	24	-2504
2	25	1760
3	4	-5000
3	5	-3424
3	6	424
3	7	3440
3	8	736
3	9	528
3	10	-736
3	11	2816
3	12	-1760
3	13	-3216
3	14	1864
3	15	424
3	16	-2280
3	17	-2800
3	18	944
3	19	2296
3	20	2400
3	21	1344
3	22	840
3	23	1136
3	24	-2088
3	25	-528
4	5	2296
4	6	-1968
4	7	-4360
4	8	1048
4	9	840
4	10	-1048
4	11	-2280
4	12	-1448
4	13	2504
4	14	-3856
4	15	736
4	16	736
4	17	2920
4	18	1256
4	19	-96
4	20	8
4	21	1032
4	22	1152
4	23	824
4	24	304
4	25	-840
5	6	-424
5	7	-736
5	8	-3440
5	9	-528
5	10	3440
5	11	-112
5	12	1760
5	13	3216
5	14	840
5	15	-424
5	16	2280
5	17	2800
5	18	-3648
5	19	-2296
5	20	304
5	21	1360
5	22	1864
5	23	-1136
5	24	-616
5	25	3232
6	7	824
6	8	-1880
6	9	-1672
6	10	1880
6	11	1448
6	12	616
6	13	2072
6	14	1984
6	15	-1568
6	16	1136
6	17	1656
6	18	616
6	19	-736
6	20	1864
6	21	2504
6	22	-1984
6	23	2712
6	24	528
6	25	1672
7	8	512
7	9	-1984
7	10	-512
7	11	1136
7	12	-2400
7	13	-944
7	14	2296
7	15	-1880
7	16	824
7	17	-1360
7	18	304
7	19	1656
7	20	1552
7	21	112
7	22	408
7	23	320
7	24	840
7	25	1984
8	9	720
8	10	-3216
8	11	-1568
8	12	-2400
8	13	-3648
8	14	-3112
8	15	824
8	16	-1880
8	17	-1360
8	18	3008
8	19	1656
8	20	-1152
8	21	-2592
8	22	408
8	23	320
8	24	3544
8	25	-3424
9	10	1984
9	11	-1360
9	12	-2192
9	13	-3440
9	14	-616
9	15	1032
9	16	1032
9	17	-1152
9	18	512
9	19	-3544
9	20	1760
9	21	-96
9	22	616
9	23	2816
9	24	-2072
9	25	-3632
10	11	-1136
10	12	2400
10	13	944
10	14	3112
10	15	1880
10	16	1880
10	17	1360
10	18	-3008
10	19	-4360
10	20	1152
10	21	-112
10	22	-408
10	23	-320
10	24	-840
10	25	720
11	12	928
11	13	-320
11	14	1672
11	15	-1256
11	16	-1256
11	17	-736
11	18	928
11	19	2280
11	20	2176
11	21	4896
11	22	1032
11	23	2400
11	24	-2488
11	25	4064
12	13	1552
12	14	2504
12	15	3320
12	16	-2088
12	17	1136
12	18	-2608
12	19	-1256
12	20	-4064
12	21	-2384
12	22	-2504
12	23	-4880
12	24	1048
12	25	2192
13	14	1048
13	15	-632
13	16	2072
13	17	2592
13	18	-1152
13	19	200
13	20	96
13	21	1568
13	22	-1048
13	23	-928
13	24	-408
13	25	3440
14	15	1984
14	16	1984
14	17	-1240
14	18	-200
14	19	-1552
14	20	1256
14	21	-216
14	22	-3008
14	23	-424
14	24	-944
14	25	3320
15	16	-1568
15	17	-1048
15	18	616
15	19	-736
15	20	-840
15	21	-2904
15	22	-1984
15	23	-2696
15	24	528
15	25	-1032
16	17	-1048
16	18	616
16	19	-3440
16	20	1864
16	21	-200
16	22	-1984
16	23	2712
16	24	528
16	25	1672
17	18	-1568
17	19	-216
17	20	-320
17	21	1984
17	22	1240
17	23	-512
17	24	8
17	25	1152
18	19	1448
18	20	1344
18	21	320
18	22	-2504
18	23	3232
18	24	1048
18	25	-512
19	20	-8
19	21	1672
19	22	1552
19	23	-824
19	24	-304
19	25	840
20	21	4480
20	22	1448
20	23	4688
20	24	-2904
20	25	944
21	22	2920
21	23	4464
21	24	-4168
21	25	2800
22	23	424
22	24	-1760
22	25	-616
23	24	-1672
23	25	-112
24	25	-632
