0	1	-5416
0	2	168
0	3	1240
0	4	-984
0	5	-1192
0	6	168
0	7	-2344
0	8	4312
0	9	-3112
0	10	6312
0	11	3160
0	12	-5208
0	13	-2984
0	14	-2856
0	15	3800
0	16	1880
0	17	-3928
0	18	2904
0	19	-472
0	20	-216
0	21	-2392
0	22	-1240
0	23	296
0	24	5720
0	25	3544
0	26	-6488
0	27	-4392
0	28	-1448
0	29	472
0	30	-4776
0	31	4184
1	2	2904
1	3	-216
1	4	4056
1	5	-10072
1	6	-1192
1	7	-4824
1	8	4904
1	9	40
1	10	856
1	11	-10328
1	12	-4008
1	13	-4184
1	14	-4312
1	15	1320
1	16	-4952
1	17	-1192
1	18	-1880
1	19	-552
1	20	-808
1	21	5464
1	22	-3880
1	23	2776
1	24	-600
1	25	1576
1	26	1368
1	27	5416
1	28	10664
1	29	4648
1	30	-2392
1	31	-3160
2	3	1368
2	4	-1112
2	5	-1064
2	6	4136
2	7	1880
2	8	344
2	9	5208
2	10	-2008
2	11	-4904
2	12	6952
2	13	1240
2	14	-2728
2	15	3928
2	16	2008
2	17	-8152
2	18	-1064
2	19	-600
2	20	-344
2	21	1576
2	22	-1368
2	23	168
2	24	1752
2	25	-424
2	26	1576
2	27	-168
2	28	2776
2	29	4696
2	30	3544
2	31	-3880
3	4	2520
3	5	-344
3	6	1368
3	7	4904
3	8	2344
3	9	-2520
3	10	-680
3	11	7592
3	12	2648
3	13	-6744
3	14	1320
3	15	11048
3	16	680
3	17	1368
3	18	-344
3	19	2008
3	20	1752
3	21	8024
3	22	2776
3	23	-2856
3	24	-3160
3	25	-5080
3	26	8024
3	27	-5336
3	28	8104
3	29	-2008
3	30	-856
3	31	-1624
4	5	-8104
4	6	2984
4	7	7128
4	8	1496
4	9	-1832
4	10	-3160
4	11	344
4	12	-6488
4	13	-1704
4	14	6616
4	15	984
4	16	-5032
4	17	-1112
4	18	4184
4	19	2344
4	20	2600
4	21	4520
4	22	1576
4	23	-984
4	24	2904
4	25	728
4	26	4520
4	27	984
4	28	3928
4	29	1752
4	30	600
4	31	1368
5	6	-1064
5	7	-856
5	8	-7512
5	9	-88
5	10	-3112
5	11	1832
5	12	8408
5	13	3880
5	14	-344
5	15	1192
5	16	3112
5	17	7128
5	18	-2008
5	19	-4520
5	20	-680
5	21	-2600
5	22	4440
5	23	-5288
5	24	-8920
5	25	-2648
5	26	5592
5	27	1192
5	28	-5848
5	29	424
5	30	5672
5	31	808
6	7	1880
6	8	344
6	9	1112
6	10	2088
6	11	-4904
6	12	-1240
6	13	-2856
6	14	1368
6	15	-168
6	16	2008
6	17	40
6	18	3032
6	19	-4696
6	20	-4440
6	21	-2520
6	22	-5464
6	23	-3928
6	24	1752
6	25	-4520
6	26	1576
6	27	-168
6	28	2776
6	29	-3496
6	30	3544
6	31	4312
7	8	-2264
7	9	1064
7	10	-8360
7	11	2984
7	12	3160
7	13	-3160
7	14	4904
7	15	-5848
7	16	168
7	17	-2216
7	18	-856
7	19	2520
7	20	-5928
7	21	344
7	22	7384
7	23	-2344
7	24	4520
7	25	-1496
7	26	4440
7	27	-9944
7	28	-4696
7	29	1576
7	30	-1368
7	31	1960
8	9	-5592
8	10	2392
8	11	424
8	12	-2472
8	13	-9816
8	14	2344
8	15	3880
8	16	-6488
8	17	344
8	18	680
8	19	984
8	20	8920
8	21	2904
8	22	-6440
8	23	216
8	24	6056
8	25	8232
8	26	-5288
8	27	-216
8	28	936
8	29	-5080
8	30	-3928
8	31	-600
9	10	-936
9	11	-344
9	12	2392
9	13	1704
9	14	1576
9	15	3112
9	16	5032
9	17	1112
9	18	4008
9	19	1752
9	20	-2600
9	21	3672
9	22	-1576
9	23	9176
9	24	-2904
9	25	-4824
9	26	-424
9	27	-5080
9	28	4264
9	29	-1752
9	30	3496
9	31	-5464
10	11	1240
10	12	-11480
10	13	-808
10	14	-680
10	15	1880
10	16	-4136
10	17	6184
10	18	5080
10	19	-6744
10	20	1704
10	21	-472
10	22	-11608
10	23	2216
10	24	-296
10	25	-2472
10	26	-8664
10	27	-2216
10	28	4824
10	29	-1448
10	30	5592
10	31	-1832
11	12	472
11	13	-472
11	14	7592
11	15	936
11	16	-1240
11	17	-808
11	18	-2264
11	19	-168
11	20	7768
11	21	1752
11	22	4696
11	23	-936
11	24	-984
11	25	-2904
11	26	1752
11	27	-3160
11	28	-2008
11	29	-3928
11	30	-2776
11	31	552
12	13	-1576
12	14	-5544
12	15	1112
12	16	3288
12	17	-1240
12	18	-7976
12	19	2216
12	20	-1624
12	21	-3800
12	22	5544
12	23	-1112
12	24	-1064
12	25	856
12	26	4392
12	27	1112
12	28	-4136
12	29	5976
12	30	728
12	31	1496
13	14	1448
13	15	-1112
13	16	808
13	17	-2856
13	18	-216
13	19	1880
13	20	1624
13	21	-296
13	22	2648
13	23	-2984
13	24	-3032
13	25	-4952
13	26	-296
13	27	2984
13	28	-4056
13	29	-1880
13	30	7464
13	31	-5592
14	15	-1240
14	16	680
14	17	1368
14	18	7848
14	19	-2088
14	20	9944
14	21	8024
14	22	2776
14	23	-2856
14	24	-3160
14	25	-984
14	26	3928
14	27	-1240
14	28	-88
14	29	-10200
14	30	-856
14	31	-5720
15	16	6312
15	17	3928
15	18	5288
15	19	8664
15	20	4312
15	21	6488
15	22	-6952
15	23	7896
15	24	-1624
15	25	-3544
15	26	2392
15	27	-3800
15	28	5544
15	29	-4568
15	30	4776
15	31	-4184
16	17	-2088
16	18	7208
16	19	6744
16	20	-5800
16	21	-3624
16	22	-680
16	23	10072
16	24	4392
16	25	-5720
16	26	472
16	27	-5976
16	28	-4824
16	29	-6744
16	30	-5592
16	31	-2264
17	18	3032
17	19	-4696
17	20	-344
17	21	1576
17	22	-5464
17	23	168
17	24	-2344
17	25	-4520
17	26	-2520
17	27	-4264
17	28	2776
17	29	-3496
17	30	7640
17	31	-3880
18	19	3672
18	20	3416
18	21	1496
18	22	-3752
18	23	7000
18	24	-728
18	25	1448
18	26	-2600
18	27	-2904
18	28	-1752
18	29	-7768
18	30	1576
18	31	-7384
19	20	-984
19	21	936
19	22	-2008
19	23	11816
19	24	2392
19	25	4312
19	26	936
19	27	-3624
19	28	-4776
19	29	-2856
19	30	88
19	31	856
20	21	5288
20	22	2344
20	23	-4312
20	24	-6056
20	25	4056
20	26	-2904
20	27	4312
20	28	-936
20	29	-3112
20	30	-168
20	31	-3496
21	22	168
21	23	-2392
21	24	-7976
21	25	2136
21	26	7208
21	27	-1704
21	28	13528
21	29	-5032
21	30	2008
21	31	-5416
22	23	-9432
22	24	-5032
22	25	984
22	26	4264
22	27	1240
22	28	-4008
22	29	6104
22	30	-7336
22	31	1624
23	24	5720
23	25	-552
23	26	-2392
23	27	-4392
23	28	-1448
23	29	-3624
23	30	-680
23	31	-4008
24	25	-1368
24	26	-7976
24	27	-5720
24	28	-4568
24	29	-2392
24	30	-5336
24	31	-2008
25	26	-1960
25	27	4648
25	28	-2392
25	29	3880
25	30	-3160
25	31	4264
26	27	6488
26	28	5336
26	29	-936
26	30	2008
26	31	-1320
27	28	1448
27	29	3624
27	30	680
27	31	-88
28	29	680
28	30	1832
28	31	-3032
29	30	-88
29	31	7336
30	31	-3800
