0	1	16
0	2	1392
0	3	2544
0	4	4720
0	5	-1296
0	6	3824
0	7	-8176
0	8	-3312
0	9	2160
0	10	-2064
0	11	-368
0	12	5392
0	13	2960
0	14	528
0	15	2064
0	16	2160
0	17	-1264
0	18	272
0	19	1936
0	20	-1552
0	21	10224
0	22	1040
0	23	-112
0	24	-16
0	25	-2192
0	26	1392
0	27	-368
0	28	-5520
0	29	-9840
0	30	-656
0	31	8080
1	2	5360
1	3	-5776
1	4	496
1	5	2672
1	6	-400
1	7	-3952
1	8	912
1	9	2032
1	10	6000
1	11	-240
1	12	1424
1	13	-1008
1	14	-7536
1	15	-1904
1	16	2032
1	17	7056
1	18	-3696
1	19	2064
1	20	-1680
1	21	-2192
1	22	9360
1	23	16
1	24	-144
1	25	5872
1	26	1264
1	27	-4336
1	28	-1552
1	29	-1520
1	30	7408
1	31	4112
2	3	8464
2	4	-1904
2	5	16
2	6	-1008
2	7	-2832
2	8	-3600
2	9	-3440
2	10	784
2	11	-6544
2	12	-16
2	13	2416
2	14	752
2	15	-784
2	16	-3440
2	17	6640
2	18	1008
2	19	3440
2	20	4368
2	21	-3312
2	22	4336
2	23	5488
2	24	-1264
2	25	912
2	26	1424
2	27	5744
2	28	-3952
2	29	-1168
2	30	7568
2	31	1392
3	4	1040
3	5	-1136
3	6	-2160
3	7	2416
3	8	-6544
3	9	-8688
3	10	-4464
3	11	-5392
3	12	5232
3	13	-4624
3	14	6000
3	15	368
3	16	-4592
3	17	3696
3	18	-1936
3	19	496
3	20	3216
3	21	-368
3	22	1392
3	23	2544
3	24	-2416
3	25	-4336
3	26	272
3	27	2800
3	28	-1008
3	29	-4112
3	30	-1776
3	31	2544
4	5	784
4	6	-240
4	7	-3600
4	8	3824
4	9	-10864
4	10	1552
4	11	9072
4	12	-784
4	13	-2448
4	14	-4112
4	15	-1552
4	16	5520
4	17	1776
4	18	-3856
4	19	6768
4	20	5136
4	21	-2544
4	22	3568
4	23	-3472
4	24	-496
4	25	1680
4	26	-1904
4	27	880
4	28	912
4	29	-1936
4	30	144
4	31	8816
5	6	1680
5	7	2672
5	8	1904
5	9	-4848
5	10	3472
5	11	3056
5	12	1392
5	13	-272
5	14	2160
5	15	-3472
5	16	-752
5	17	-144
5	18	-1680
5	19	8944
5	20	2960
5	21	-8816
5	22	1648
5	23	-1296
5	24	-2672
5	25	7696
5	26	4112
5	27	3056
5	28	-1264
5	29	240
5	30	2064
5	31	-1296
6	7	-4496
6	8	-5264
6	9	6416
6	10	-1648
6	11	4080
6	12	-1680
6	13	4848
6	14	3184
6	15	-2448
6	16	-9968
6	17	-7312
6	18	3440
6	19	-6416
6	20	1936
6	21	-1648
6	22	-1424
6	23	3824
6	24	-3696
6	25	2576
6	26	-5104
6	27	4080
6	28	-2288
6	29	-6928
6	30	-3056
6	31	7920
7	8	-3184
7	9	-2064
7	10	1904
7	11	-4336
7	12	1424
7	13	-9200
7	14	4752
7	15	-6000
7	16	6128
7	17	-5232
7	18	400
7	19	6160
7	20	2416
7	21	-10384
7	22	-2928
7	23	16
7	24	-4240
7	25	1776
7	26	1264
7	27	-4336
7	28	-1552
7	29	2576
7	30	-8976
7	31	-8176
8	9	-2832
8	10	5232
8	11	4624
8	12	-6000
8	13	3856
8	14	-2672
8	15	-1136
8	16	1264
8	17	3728
8	18	-2928
8	19	2832
8	20	1648
8	21	-2960
8	22	1936
8	23	-11504
8	24	3184
8	25	5104
8	26	4592
8	27	528
8	28	1776
8	29	7440
8	30	2544
8	31	-3312
9	10	16
9	11	-1680
9	12	4848
9	13	3184
9	14	-2576
9	15	-16
9	16	-112
9	17	-4880
9	18	5872
9	19	-8080
9	20	-4592
9	21	8208
9	22	1008
9	23	6256
9	24	2064
9	25	144
9	26	-3440
9	27	-5776
9	28	-624
9	29	-400
9	30	-5488
9	31	-1936
10	11	6384
10	12	4720
10	13	-1040
10	14	5488
10	15	-12432
10	16	16
10	17	3184
10	18	-6544
10	19	4080
10	20	-368
10	21	-12144
10	22	4976
10	23	-2064
10	24	-6000
10	25	4368
10	26	8976
10	27	-1808
10	28	3600
10	29	-528
10	30	2832
10	31	2032
11	12	1040
11	13	2704
11	14	272
11	15	-2288
11	16	-1680
11	17	-5616
11	18	-4080
11	19	1680
11	20	2800
11	21	-5904
11	22	4880
11	23	-4464
11	24	240
11	25	-1936
11	26	5744
11	27	-624
11	28	11120
11	29	-1904
11	30	-400
11	31	7824
12	13	-3824
12	14	6032
12	15	-4720
12	16	4848
12	17	144
12	18	-6512
12	19	3344
12	20	1136
12	21	624
12	22	6544
12	23	5392
12	24	-1424
12	25	496
12	26	4080
12	27	-7152
12	28	1264
12	29	-8432
12	30	-6160
12	31	5392
13	14	3600
13	15	1040
13	16	-5008
13	17	-2288
13	18	-752
13	19	912
13	20	-528
13	21	3056
13	22	-4080
13	23	-5232
13	24	9200
13	25	-1168
13	26	2416
13	27	10896
13	28	-400
13	29	-2672
13	30	8560
13	31	2960
14	15	-5488
14	16	-6672
14	17	-624
14	18	-7280
14	19	2576
14	20	6000
14	21	-10896
14	22	-6512
14	23	-3568
14	24	-4752
14	25	1264
14	26	8944
14	27	4368
14	28	2032
14	29	-9200
14	30	-1296
14	31	4624
15	16	-16
15	17	912
15	18	2448
15	19	-4080
15	20	368
15	21	12144
15	22	-880
15	23	-2032
15	24	6000
15	25	-4368
15	26	-4880
15	27	-2288
15	28	496
15	29	528
15	30	1264
15	31	-2032
16	17	-784
16	18	-2320
16	19	12400
16	20	-496
16	21	4112
16	22	1008
16	23	-1936
16	24	2064
16	25	144
16	26	656
16	27	-5776
16	28	-4720
16	29	3696
16	30	-5488
16	31	-6032
17	18	-880
17	19	784
17	20	-400
17	21	-912
17	22	3984
17	23	-1264
17	24	1136
17	25	7152
17	26	2544
17	27	2576
17	28	3824
17	29	5392
17	30	8688
17	31	-1264
18	19	-5872
18	20	-1936
18	21	5744
18	22	-2672
18	23	8464
18	24	3696
18	25	1520
18	26	-3088
18	27	4112
18	28	2288
18	29	6928
18	30	-1040
18	31	-3824
19	20	4592
19	21	-8208
19	22	-1008
19	23	-6256
19	24	-2064
19	25	3952
19	26	7536
19	27	1680
19	28	-3472
19	29	400
19	30	1392
19	31	-2160
20	21	-8560
20	22	1392
20	23	2544
20	24	1680
20	25	3856
20	26	272
20	27	2800
20	28	-1008
20	29	-4112
20	30	-1776
20	31	6640
21	22	880
21	23	2032
21	24	10384
21	25	-7920
21	26	-7408
21	27	-1808
21	28	-4592
21	29	-528
21	30	-1264
21	31	-2064
22	23	1040
22	24	2928
22	25	4848
22	26	240
22	27	-3312
22	28	1520
22	29	-496
22	30	-1808
22	31	1040
23	24	-16
23	25	-2192
23	26	-6800
23	27	-368
23	28	-1424
23	29	-1648
23	30	-656
23	31	3984
24	25	-1776
24	26	-1264
24	27	8432
24	28	1552
24	29	1520
24	30	4880
24	31	-16
25	26	912
25	27	2160
25	28	-368
25	29	3440
25	30	-1136
25	31	-2192
26	27	1648
26	28	8336
26	29	-1168
26	30	3472
26	31	1392
27	28	-1168
27	29	2192
27	30	7792
27	31	-368
28	29	4208
28	30	2192
28	31	2672
29	30	880
29	31	-13936
30	31	3440
