0	1	-3212
0	2	1524
0	3	-1036
0	4	-3572
0	5	-2956
0	6	3468
0	7	12
0	8	-4468
0	9	-5260
0	10	3444
0	11	6796
0	12	1036
0	13	-1804
0	14	10124
0	15	-3188
0	16	-2932
0	17	-2420
0	18	6284
0	19	-3316
0	20	-7796
0	21	7692
0	22	6028
0	23	9356
0	24	-2548
0	25	2164
0	26	-4724
0	27	5876
0	28	-1908
0	29	7948
0	30	2292
0	31	1396
1	2	-652
1	3	884
1	4	-1396
1	5	-1036
1	6	1548
1	7	6284
1	8	1804
1	9	-3340
1	10	-2828
1	11	4876
1	12	-884
1	13	4212
1	14	12
1	15	-1012
1	16	-4852
1	17	-244
1	18	268
1	19	-1140
1	20	-1524
1	21	-2420
1	22	4108
1	23	-756
1	24	-4468
1	25	-8204
1	26	1548
1	27	3700
1	28	-3828
1	29	-2164
1	30	-8076
1	31	-4876
2	3	5620
2	4	-6132
2	5	-396
2	6	908
2	7	5644
2	8	-2932
2	9	1396
2	10	10100
2	11	8332
2	12	2572
2	13	-3340
2	14	3468
2	15	2444
2	16	-1396
2	17	-884
2	18	-372
2	19	-1780
2	20	6028
2	21	-3060
2	22	-4724
2	23	6796
2	24	7180
2	25	-3468
2	26	-3188
2	27	244
2	28	3724
2	29	1292
2	30	-7436
2	31	-140
3	4	524
3	5	-2956
3	6	7564
3	7	12300
3	8	3724
3	9	7028
3	10	-652
3	11	2700
3	12	5132
3	13	2292
3	14	1932
3	15	-3188
3	16	1164
3	17	-2420
3	18	-6004
3	19	-7412
3	20	4492
3	21	-500
3	22	-2164
3	23	1164
3	24	5644
3	25	2164
3	26	-8820
3	27	-6412
3	28	2188
3	29	3852
3	30	-1804
3	31	-2700
4	5	2444
4	6	-7052
4	7	-3596
4	8	884
4	9	4748
4	10	140
4	11	-2188
4	12	7668
4	13	5388
4	14	-5516
4	15	3700
4	16	-4748
4	17	2932
4	18	-1676
4	19	-268
4	20	4212
4	21	-7180
4	22	2676
4	23	-4748
4	24	-5132
4	25	1420
4	26	1140
4	27	-2292
4	28	6516
4	29	4852
4	30	5388
4	31	2188
5	6	1292
5	7	-2164
5	8	1548
5	9	5108
5	10	-6668
5	11	524
5	12	2956
5	13	4468
5	14	-4340
5	15	11020
5	16	-1012
5	17	-500
5	18	12
5	19	-1396
5	20	2316
5	21	-2676
5	22	3852
5	23	-1012
5	24	-4724
5	25	4340
5	26	9484
5	27	3956
5	28	12
5	29	1676
5	30	-3724
5	31	3572
6	7	5748
6	8	2036
6	9	-4596
6	10	-9204
6	11	-1036
6	12	628
6	13	140
6	14	7924
6	15	-3340
6	16	500
6	17	-8204
6	18	-8716
6	19	-7308
6	20	1268
6	21	-1932
6	22	-4364
6	23	8692
6	24	116
6	25	4364
6	26	-5900
6	27	652
6	28	-524
6	29	1908
6	30	140
6	31	-3060
7	8	1396
7	9	140
7	10	3724
7	11	2420
7	12	-4108
7	13	-3316
7	14	3188
7	15	-3980
7	16	-4236
7	17	-652
7	18	-1164
7	19	-3852
7	20	628
7	21	1524
7	22	-908
7	23	3956
7	24	3572
7	25	-3188
7	26	-2444
7	27	1292
7	28	-1164
7	29	-2828
7	30	-3316
7	31	-6516
8	9	7948
8	10	-4852
8	11	-5388
8	12	-3724
8	13	4492
8	14	-8716
8	15	4596
8	16	4340
8	17	3828
8	18	-8972
8	19	-3468
8	20	-3084
8	21	1908
8	22	-524
8	23	-7948
8	24	3956
8	25	4620
8	26	2036
8	27	-3188
8	28	3316
8	29	-2444
8	30	396
8	31	-6900
9	10	-780
9	11	-1268
9	12	5260
9	13	2164
9	14	-6132
9	15	9228
9	16	5388
9	17	5900
9	18	-1780
9	19	-3188
9	20	4620
9	21	-372
9	22	2060
9	23	-10996
9	24	1676
9	25	6132
9	26	3596
9	27	-2444
9	28	6412
9	29	3980
9	30	2164
9	31	1268
10	11	6412
10	12	-3444
10	13	-13708
10	14	1548
10	15	-3572
10	16	-3316
10	17	-2804
10	18	5900
10	19	8588
10	20	12
10	21	-884
10	22	1548
10	23	780
10	24	1164
10	25	-1548
10	26	-1012
10	27	2164
10	28	5900
10	29	3468
10	30	-1420
10	31	-2316
11	12	1396
11	13	-628
11	14	500
11	15	-2572
11	16	-2828
11	17	-3340
11	18	4340
11	19	1652
11	20	2036
11	21	-1164
11	22	4596
11	23	5364
11	24	-3212
11	25	-500
11	26	-1036
11	27	3980
11	28	244
11	29	6772
11	30	-8820
11	31	268
12	13	5900
12	14	2164
12	15	3188
12	16	-5260
12	17	-1676
12	18	1908
12	19	-8972
12	20	3700
12	21	-3596
12	22	2164
12	23	2932
12	24	-1548
12	25	1932
12	26	-3468
12	27	-5876
12	28	1908
12	29	8436
12	30	1804
12	31	6796
13	14	-1396
13	15	5772
13	16	1932
13	17	2444
13	18	-5236
13	19	-2548
13	20	1164
13	21	-3828
13	22	2700
13	23	-2164
13	24	-1780
13	25	1396
13	26	140
13	27	-3084
13	28	-1140
13	29	524
13	30	-2572
13	31	628
14	15	-1804
14	16	-2060
14	17	-2572
14	18	1012
14	19	-1676
14	20	2804
14	21	-396
14	22	1268
14	23	6132
14	24	-2444
14	25	-1268
14	26	-8460
14	27	7308
14	28	1012
14	29	3444
14	30	2700
14	31	3596
15	16	-1036
15	17	2548
15	18	-2060
15	19	-652
15	20	-268
15	21	628
15	22	6388
15	23	-5132
15	24	-1420
15	25	1804
15	26	4852
15	27	6284
15	28	6132
15	29	372
15	30	1676
15	31	2572
16	17	-1804
16	18	-6412
16	19	3188
16	20	-524
16	21	372
16	22	-6156
16	23	-9484
16	24	6516
16	25	2060
16	26	-3596
16	27	-5748
16	28	-2316
16	29	4212
16	30	-2164
16	31	-1268
17	18	1268
17	19	-1420
17	20	3060
17	21	-140
17	22	-2572
17	23	-5900
17	24	-2188
17	25	-5620
17	26	4084
17	27	-1140
17	28	1268
17	29	-8588
17	30	2444
17	31	3340
18	19	2164
18	20	-5644
18	21	7540
18	22	5108
18	23	1780
18	24	-6796
18	25	-1012
18	26	7668
18	27	3468
18	28	-3340
18	29	-908
18	30	-1140
18	31	3852
19	20	-140
19	21	-3340
19	22	2420
19	23	-5004
19	24	-5388
19	25	1676
19	26	4980
19	27	2060
19	28	2164
19	29	-3596
19	30	-2548
19	31	-1652
20	21	-15244
20	22	-5388
20	23	-524
20	24	-908
20	25	1292
20	26	1268
20	27	1676
20	28	6644
20	29	884
20	30	-2932
20	31	6156
21	22	3700
21	23	372
21	24	4084
21	25	396
21	26	-1932
21	27	780
21	28	-4748
21	29	-2316
21	30	4364
21	31	-2932
22	23	2036
22	24	-6540
22	25	2828
22	26	3828
22	27	7308
22	28	-3084
22	29	3444
22	30	-1396
22	31	3596
23	24	2420
23	25	-2036
23	26	-3596
23	27	2444
23	28	-6412
23	29	116
23	30	-2164
23	31	2828
24	25	-1652
24	26	-8076
24	27	-5364
24	28	-2700
24	29	-268
24	30	2316
24	31	-4980
25	26	4364
25	27	884
25	28	7180
25	29	4748
25	30	5492
25	31	-3596
26	27	4748
26	28	-524
26	29	-6284
26	30	-3956
26	31	1036
27	28	3468
27	29	1036
27	30	1012
27	31	116
28	29	3188
28	30	7052
28	31	-4340
29	30	524
29	31	1420
30	31	-3468
