0	1	2720
0	2	3728
0	3	-3296
0	4	6784
0	5	10960
0	6	-560
0	7	1136
0	8	4048
0	9	4480
0	10	-1712
0	11	-8912
0	12	304
0	13	1456
0	14	3872
0	15	4160
0	16	-11104
0	17	-1568
0	18	1568
0	19	-3616
0	20	448
0	21	5600
0	22	-9632
0	23	-2288
0	24	-10928
0	25	2320
0	26	1280
0	27	-3328
0	28	736
0	29	128
0	30	-2288
0	31	3616
0	32	1456
0	33	1568
0	34	3008
0	35	2000
1	2	2176
1	3	-2608
1	4	8048
1	5	-1312
1	6	-160
1	7	-416
1	8	10784
1	9	5168
1	10	992
1	11	-12544
1	12	4160
1	13	-2176
1	14	7216
1	15	1744
1	16	-3728
1	17	848
1	18	-848
1	19	-6032
1	20	-1168
1	21	-4880
1	22	-1456
1	23	6752
1	24	-160
1	25	7328
1	26	-560
1	27	4048
1	28	-1456
1	29	5776
1	30	-3616
1	31	-4336
1	32	8192
1	33	4336
1	34	-2288
1	35	-1280
2	3	-1600
2	4	3872
2	5	-5488
2	6	-4336
2	7	-6608
2	8	1424
2	9	992
2	10	2000
2	11	-6352
2	12	-5200
2	13	-1168
2	14	1024
2	15	5920
2	16	-4736
2	17	1856
2	18	3328
2	19	3328
2	20	-160
2	21	-5888
2	22	4736
2	23	-2608
2	24	-4336
2	25	-7216
2	26	-6752
2	27	-2144
2	28	9920
2	29	-10784
2	30	-2608
2	31	1856
2	32	-1168
2	33	-1856
2	34	-3296
2	35	-2288
3	4	-3440
3	5	736
3	6	-416
3	7	992
3	8	-6176
3	9	-560
3	10	-6752
3	11	1600
3	12	-4736
3	13	6784
3	14	-6640
3	15	4016
3	16	4304
3	17	3760
3	18	1424
3	19	6608
3	20	-4592
3	21	-4912
3	22	880
3	23	-2144
3	24	-416
3	25	2464
3	26	6320
3	27	6896
3	28	880
3	29	5168
3	30	3040
3	31	3760
3	32	1600
3	33	1424
3	34	-7504
3	35	-3328
4	5	5632
4	6	-5888
4	7	1280
4	8	9088
4	9	4336
4	10	-1856
4	11	-14240
4	12	160
4	13	-3872
4	14	4016
4	15	4304
4	16	-5776
4	17	-1712
4	18	-3472
4	19	-3472
4	20	-4880
4	21	5744
4	22	-4592
4	23	2752
4	24	-704
4	25	2176
4	26	-3760
4	27	2000
4	28	-4592
4	29	-4912
4	30	-2432
4	31	3472
4	32	1312
4	33	1712
4	34	-2032
4	35	-3040
5	6	3472
5	7	7472
5	8	8080
5	9	-1856
5	10	-8048
5	11	-4880
5	12	-848
5	13	5488
5	14	5024
5	15	128
5	16	-9952
5	17	-2720
5	18	2720
5	19	-2464
5	20	-5888
5	21	11936
5	22	-10784
5	23	1744
5	24	-6896
5	25	11536
5	26	7616
5	27	3008
5	28	-5600
5	29	1280
5	30	1744
5	31	2464
5	32	5488
5	33	2720
5	34	4160
5	35	3152
6	7	8624
6	8	1744
6	9	-8192
6	10	6352
6	11	4336
6	12	8368
6	13	-848
6	14	6176
6	15	-9088
6	16	-3616
6	17	-9056
6	18	-1312
6	19	3872
6	20	-1856
6	21	-2464
6	22	-1568
6	23	592
6	24	-2864
6	25	5200
6	26	3584
6	27	9344
6	28	3616
6	29	2432
6	30	592
6	31	-3872
6	32	9520
6	33	3872
6	34	5312
6	35	4304
7	8	-1168
7	9	-6784
7	10	4592
7	11	1424
7	12	7760
7	13	-3760
7	14	-1568
7	15	-1856
7	16	-2144
7	17	-5920
7	18	736
7	19	-4448
7	20	2432
7	21	7072
7	22	-3040
7	23	5168
7	24	3440
7	25	5744
7	26	6208
7	27	5632
7	28	2144
7	29	2176
7	30	-16
7	31	-736
7	32	6608
7	33	11104
7	34	4480
7	35	304
8	9	1600
8	10	-4592
8	11	-11792
8	12	-2576
8	13	-1424
8	14	11936
8	15	1856
8	16	-8224
8	17	5920
8	18	-736
8	19	-736
8	20	-7616
8	21	-1888
8	22	-7328
8	23	16
8	24	1744
8	25	9808
8	26	-1024
8	27	4736
8	28	-2144
8	29	-2176
8	30	16
8	31	-4448
8	32	3760
8	33	-736
8	34	704
8	35	4880
9	10	-4160
9	11	-6176
9	12	-2144
9	13	-6176
9	14	-4048
9	15	1424
9	16	-3472
9	17	1168
9	18	4016
9	19	-1168
9	20	-2000
9	21	-2320
9	22	-1712
9	23	-4736
9	24	-3008
9	25	-128
9	26	-1456
9	27	-880
9	28	-1712
9	29	2576
9	30	448
9	31	1168
9	32	-6176
9	33	-1168
9	34	-4912
9	35	-5920
10	11	3184
10	12	7216
10	13	-7184
10	14	2144
10	15	-2752
10	16	2720
10	17	-5024
10	18	-5344
10	19	-5344
10	20	7360
10	21	-1312
10	22	2464
10	23	-560
10	24	1168
10	25	-6320
10	26	-5632
10	27	128
10	28	7648
10	29	-1600
10	30	-560
10	31	-5024
10	32	3184
10	33	5024
10	34	1280
10	35	5456
11	12	16
11	13	1168
11	14	-6208
11	15	-5920
11	16	9920
11	17	-1856
11	18	1856
11	19	1856
11	20	5344
11	21	704
11	22	5632
11	23	-2576
11	24	4336
11	25	-3152
11	26	1568
11	27	-3040
11	28	448
11	29	416
11	30	2608
11	31	-1856
11	32	-4016
11	33	-3328
11	34	3296
11	35	2288
12	13	-5168
12	14	128
12	15	-4768
12	16	-4480
12	17	-8192
12	18	-2176
12	19	-2176
12	20	4192
12	21	1856
12	22	-704
12	23	6640
12	24	-2000
12	25	880
12	26	2720
12	27	3296
12	28	-704
12	29	6752
12	30	-3728
12	31	2176
12	32	5200
12	33	8192
12	34	4448
12	35	-1744
13	14	4160
13	15	-736
13	16	-448
13	17	3328
13	18	-3328
13	19	1856
13	20	-5024
13	21	704
13	22	448
13	23	2608
13	24	-6032
13	25	2032
13	26	1568
13	27	-3040
13	28	-4736
13	29	5600
13	30	-2576
13	31	-1856
13	32	6352
13	33	-3328
13	34	3296
13	35	2288
14	15	-4592
14	16	-4880
14	17	-3184
14	18	-7184
14	19	-2000
14	20	-5200
14	21	-848
14	22	-5488
14	23	2720
14	24	-4192
14	25	3296
14	26	-1712
14	27	2896
14	28	-304
14	29	-560
14	30	2720
14	31	-8368
14	32	9344
14	33	-2000
14	34	1744
14	35	7936
15	16	16
15	17	12656
15	18	2896
15	19	-2288
15	20	5456
15	21	-1136
15	22	-5200
15	23	-2176
15	24	1280
15	25	-1600
15	26	3184
15	27	-2576
15	28	5168
15	29	-848
15	30	3008
15	31	7472
15	32	-5920
15	33	2896
15	34	-8912
15	35	2464
16	17	2576
16	18	-2576
16	19	-2576
16	20	5744
16	21	-1424
16	22	5456
16	23	-1888
16	24	11936
16	25	-1312
16	26	-2288
16	27	-2864
16	28	-4912
16	29	-1136
16	30	3296
16	31	-2608
16	32	-5632
16	33	-7760
16	34	-4016
16	35	2176
17	18	-304
17	19	-304
17	20	2320
17	21	-6640
17	22	-2576
17	23	-5600
17	24	6496
17	25	-992
17	26	-592
17	27	-5200
17	28	2608
17	29	3440
17	30	-416
17	31	304
17	32	-7040
17	33	-304
17	34	-4048
17	35	5312
18	19	304
18	20	2864
18	21	1456
18	22	2576
18	23	416
18	24	-1312
18	25	6176
18	26	5776
18	27	16
18	28	2576
18	29	-3440
18	30	416
18	31	4880
18	32	-3328
18	33	304
18	34	-1136
18	35	-5312
19	20	-7504
19	21	-8912
19	22	2576
19	23	-4768
19	24	-1312
19	25	-4192
19	26	592
19	27	5200
19	28	2576
19	29	-3440
19	30	416
19	31	4880
19	32	-3328
19	33	-4880
19	34	-1136
19	35	-5312
20	21	1712
20	22	-560
20	23	1600
20	24	3328
20	25	-4160
20	26	2576
20	27	-7216
20	28	4624
20	29	1424
20	30	1600
20	31	2320
20	32	-5024
20	33	2864
20	34	-880
20	35	3296
21	22	-3760
21	23	4448
21	24	-2464
21	25	5024
21	26	1744
21	27	-4016
21	28	-8944
21	29	-2288
21	30	-736
21	31	3728
21	32	704
21	33	1456
21	34	5200
21	35	1024
22	23	1888
22	24	3616
22	25	-3872
22	26	-8080
22	27	-2320
22	28	-272
22	29	-4048
22	30	-8480
22	31	-2576
22	32	448
22	33	-2608
22	34	4016
22	35	-7360
23	24	592
23	25	3472
23	26	5312
23	27	704
23	28	-3296
23	29	4160
23	30	-1136
23	31	-416
23	32	7792
23	33	5600
23	34	1856
23	35	-4336
24	25	16
24	26	-1600
24	27	-1024
24	28	-1568
24	29	-2752
24	30	592
24	31	-3872
24	32	-6032
24	33	-1312
24	34	128
24	35	-880
25	26	5888
25	27	6464
25	28	-9056
25	29	4736
25	30	-1712
25	31	-992
25	32	7216
25	33	992
25	34	2432
25	35	1424
26	27	5488
26	28	2288
26	29	7216
26	30	10496
26	31	4592
26	32	1568
26	33	5776
26	34	-6032
26	35	160
27	28	2864
27	29	1456
27	30	5888
27	31	-16
27	32	7328
27	33	5200
27	34	-6608
27	35	-416
28	29	-4048
28	30	7072
28	31	-2576
28	32	448
28	33	7760
28	34	-6352
28	35	3008
29	30	-1024
29	31	-1744
29	32	5600
29	33	6928
29	34	304
29	35	1312
30	31	-416
30	32	-2576
30	33	416
30	34	-13696
30	35	6032
31	32	-7040
31	33	-304
31	34	-4048
31	35	-5056
32	33	7040
32	34	3296
32	35	2288
33	34	-1136
33	35	-128
34	35	-1568
