0	1	26092
0	2	652
0	3	2892
0	4	-12468
0	5	-4972
0	6	-2228
0	7	16788
0	8	10068
0	9	2068
0	10	-5108
0	11	-3508
0	12	3188
0	13	-3028
0	14	1268
0	15	8628
0	16	-2092
0	17	3052
0	18	-4492
0	19	6548
0	20	2868
0	21	6388
0	22	2892
0	23	6068
0	24	-948
0	25	-8332
0	26	-15508
0	27	9588
0	28	11028
0	29	5292
0	30	-2708
0	31	15188
0	32	-15028
0	33	2892
0	34	-13772
0	35	3212
0	36	-11212
0	37	-1268
0	38	-5428
0	39	-20972
1	2	4652
1	3	-5908
1	4	-21268
1	5	3828
1	6	-11028
1	7	19188
1	8	-332
1	9	4468
1	10	5292
1	11	-5908
1	12	-812
1	13	972
1	14	-2732
1	15	17428
1	16	-12492
1	17	-5748
1	18	4308
1	19	8948
1	20	-1132
1	21	2388
1	22	492
1	23	2068
1	24	-16148
1	25	6868
1	26	1292
1	27	5588
1	28	-5772
1	29	-9908
1	30	1292
1	31	-8012
1	32	-11028
1	33	-12308
1	34	-11372
1	35	812
1	36	-21612
1	37	-3668
1	38	4972
1	39	-12172
2	3	19852
2	4	-14708
2	5	10068
2	6	-4468
2	7	-172
2	8	5908
2	9	4308
2	10	-948
2	11	-12148
2	12	-7372
2	13	7532
2	14	-9292
2	15	10868
2	16	12948
2	17	-5588
2	18	4148
2	19	8788
2	20	-1292
2	21	8628
2	22	7052
2	23	1908
2	24	-15988
2	25	6708
2	26	7852
2	27	-7372
2	28	-5932
2	29	-16148
2	30	1452
2	31	-1772
2	32	-10868
2	33	7052
2	34	-5132
2	35	-11828
2	36	-8972
2	37	2892
2	38	-1268
2	39	-12332
3	4	13132
3	5	20628
3	6	10572
3	7	3988
3	8	3668
3	9	-4332
3	10	7692
3	11	-3508
3	12	-3212
3	13	3372
3	14	7668
3	15	15028
3	16	23508
3	17	15852
3	18	1908
3	19	148
3	20	15668
3	21	-6412
3	22	-3508
3	23	-332
3	24	-948
3	25	17268
3	26	-9108
3	27	3188
3	28	11028
3	29	-1108
3	30	-2708
3	31	2388
3	32	-2228
3	33	9292
3	34	-972
3	35	9612
3	36	1588
3	37	-1268
3	38	-5428
3	39	-8172
4	5	10388
4	6	1612
4	7	6548
4	8	-172
4	9	-8172
4	10	11532
4	11	19532
4	12	-652
4	13	812
4	14	16628
4	15	-14412
4	16	13268
4	17	13292
4	18	10868
4	19	-16492
4	20	11828
4	21	-10252
4	22	-18868
4	23	2228
4	24	-3508
4	25	7028
4	26	-11668
4	27	5748
4	28	788
4	29	9132
4	30	13932
4	31	4948
4	32	-4788
4	33	6732
4	34	1588
4	35	13452
4	36	10548
4	37	2572
4	38	-7988
4	39	7188
5	6	-6252
5	7	4492
5	8	11212
5	9	-12788
5	10	9428
5	11	-4972
5	12	-1108
5	13	7348
5	14	-5588
5	15	-148
5	16	16972
5	17	7668
5	18	19372
5	19	1932
5	20	5612
5	21	-17108
5	22	-4972
5	23	-3988
5	24	-7532
5	25	10412
5	26	7028
5	27	-7508
5	28	16652
5	29	-972
5	30	7028
5	31	-6708
5	32	-6252
5	33	1428
5	34	3052
5	35	13908
5	36	-12308
5	37	-812
5	38	3348
5	39	-8948
6	7	2708
6	8	-10412
6	9	7188
6	10	8972
6	11	-8628
6	12	14708
6	13	-8148
6	14	12788
6	15	-5452
6	16	9428
6	17	-8468
6	18	628
6	19	-1132
6	20	14388
6	21	-1292
6	22	4172
6	23	-1612
6	24	19532
6	25	3188
6	26	-7828
6	27	1908
6	28	16148
6	29	12972
6	30	-1428
6	31	7508
6	32	11852
6	33	4172
6	34	-2252
6	35	10892
6	36	6708
6	37	-12788
6	38	-4148
6	39	-3052
7	8	2252
7	9	3852
7	10	11988
7	11	10388
7	12	-10068
7	13	9908
7	14	11052
7	15	-2708
7	16	1612
7	17	-2572
7	18	-2388
7	19	-7028
7	20	3052
7	21	-6868
7	22	-2412
7	23	-148
7	24	-4972
7	25	7852
7	26	-3212
7	27	-3668
7	28	-5108
7	29	7988
7	30	-9612
7	31	9932
7	32	-16492
7	33	-8812
7	34	-5908
7	35	-2732
7	36	-8468
7	37	-4652
7	38	-6892
7	39	-11508
8	9	-15028
8	10	-26732
8	11	3668
8	12	-3348
8	13	22388
8	14	-1428
8	15	4012
8	16	14732
8	17	-2892
8	18	4332
8	19	-308
8	20	-3028
8	21	-12948
8	22	10068
8	23	-12628
8	24	-5292
8	25	-4628
8	26	2868
8	27	-16148
8	28	8012
8	29	-11532
8	30	2868
8	31	-21748
8	32	-10412
8	33	22868
8	34	-18388
8	35	-9452
8	36	-1748
8	37	-4972
8	38	-13612
8	39	1612
9	10	10068
9	11	-4332
9	12	-8148
9	13	-11212
9	14	172
9	15	-7188
9	16	-15668
9	17	-10892
9	18	-6868
9	19	-5108
9	20	-20628
9	21	7852
9	22	-4332
9	23	-4628
9	24	-492
9	25	-3028
9	26	20468
9	27	-1748
9	28	3212
9	29	-332
9	30	-5132
9	31	5452
9	32	788
9	33	-10732
9	34	2412
9	35	1748
9	36	12652
9	37	-6572
9	38	-2412
9	39	-3188
10	11	1292
10	12	4788
10	13	-11028
10	14	2868
10	15	-8972
10	16	5908
10	17	1452
10	18	16308
10	19	-11052
10	20	4468
10	21	-4812
10	22	-17908
10	23	-5132
10	24	-8948
10	25	12468
10	26	2092
10	27	11188
10	28	-172
10	29	16492
10	30	-4308
10	31	16788
10	32	-3828
10	33	-24308
10	34	628
10	35	20812
10	36	-3212
10	37	-2868
10	38	5772
10	39	6228
11	12	-3212
11	13	3372
11	14	7668
11	15	-4172
11	16	-14892
11	17	9452
11	18	8308
11	19	-19052
11	20	9268
11	21	-12812
11	22	-16308
11	23	6068
11	24	-948
11	25	10868
11	26	-9108
11	27	3188
11	28	-8172
11	29	-1108
11	30	-2708
11	31	8788
11	32	-2228
11	33	2892
11	34	-7372
11	35	3212
11	36	7988
11	37	-7668
11	38	-5428
11	39	11028
12	13	9108
12	14	11852
12	15	4492
12	16	-10388
12	17	3028
12	18	11212
12	19	-6228
12	20	16652
12	21	-12468
12	22	-3212
12	23	652
12	24	13428
12	25	-4148
12	26	-4012
12	27	9932
12	28	14892
12	29	13588
12	30	8788
12	31	-8468
12	32	1908
12	33	3188
12	34	-5108
12	35	2868
12	36	-1268
12	37	7348
12	38	-14092
12	39	2092
13	14	-5612
13	15	1748
13	16	3828
13	17	3532
13	18	-11372
13	19	-332
13	20	8788
13	21	-19692
13	22	-9428
13	23	-7212
13	24	-6868
13	25	3988
13	26	-2228
13	27	-10092
13	28	-2252
13	29	-13428
13	30	-2228
13	31	-17292
13	32	-8148
13	33	9772
13	34	-1452
13	35	-15508
13	36	1108
13	37	12012
13	38	-11348
13	39	16948
14	15	12
14	16	4332
14	17	13908
14	18	6732
14	19	-10708
14	20	-628
14	21	-10548
14	22	7668
14	23	8972
14	24	11508
14	25	-2228
14	26	468
14	27	-7348
14	28	4012
14	29	5268
14	30	-5932
14	31	-6548
14	32	-6412
14	33	1268
14	34	3212
14	35	7348
14	36	652
14	37	-13772
14	38	-3212
14	39	-2388
15	16	-9428
15	17	2068
15	18	-7028
15	19	7532
15	20	-1588
15	21	1292
15	22	15028
15	23	1612
15	24	6068
15	25	9612
15	26	-11372
15	27	-1908
15	28	-3348
15	29	-12972
15	30	-4972
15	31	-7508
15	32	948
15	33	8628
15	34	2252
15	35	-10892
15	36	-19508
15	37	6388
15	38	-8652
15	39	-9748
16	17	4148
16	18	10092
16	19	-948
16	20	9132
16	21	-788
16	22	-2092
16	23	-6868
16	24	-11052
16	25	-5268
16	26	-9292
16	27	-10388
16	28	7372
16	29	1908
16	30	-2892
16	31	-3188
16	32	-9772
16	33	10708
16	34	-12628
16	35	16788
16	36	4012
16	37	-4332
16	38	6228
16	39	-5428
17	18	1748
17	19	-12
17	20	9108
17	21	-12972
17	22	-9748
17	23	5908
17	24	-788
17	25	-2092
17	26	-15348
17	27	9428
17	28	10868
17	29	-7348
17	30	3852
17	31	8628
17	32	10732
17	33	3052
17	34	11668
17	35	9772
17	36	7828
17	37	-7508
17	38	1132
17	39	-1932
18	19	1452
18	20	5132
18	21	1612
18	22	-4492
18	23	-4468
18	24	-652
18	25	3532
18	26	7508
18	27	-1588
18	28	9772
18	29	5908
18	30	13908
18	31	-788
18	32	-5772
18	33	-10892
18	34	-16628
18	35	27188
18	36	-12788
18	37	-6732
18	38	3828
18	39	-9428
19	20	492
19	21	16172
19	22	25748
19	23	3692
19	24	3988
19	25	5292
19	26	5748
19	27	-6228
19	28	5132
19	29	-15052
19	30	18548
19	31	-5428
19	32	18068
19	33	-12652
19	34	4332
19	35	-12972
19	36	-17428
19	37	4308
19	38	14868
19	39	-7668
20	21	-12148
20	22	-3532
20	23	13772
20	24	-6092
20	25	2572
20	26	-23532
20	27	16652
20	28	2412
20	29	468
20	30	14868
20	31	4652
20	32	7988
20	33	2868
20	34	-11188
20	35	8948
20	36	-948
20	37	628
20	38	-1612
20	39	-3988
21	22	12788
21	23	3852
21	24	-2572
21	25	-948
21	26	-7212
21	27	6732
21	28	-13908
21	29	3988
21	30	5588
21	31	13932
21	32	5108
21	33	-12
21	34	-1908
21	35	-332
21	36	-4468
21	37	16948
21	38	8308
21	39	-13908
22	23	-332
22	24	5452
22	25	-8332
22	26	3692
22	27	-16012
22	28	-1772
22	29	-7508
22	30	3692
22	31	-10412
22	32	10572
22	33	-3508
22	34	11828
22	35	-15988
22	36	-17612
22	37	-7668
22	38	7372
22	39	-14572
23	24	3508
23	25	-7028
23	26	-7532
23	27	652
23	28	-13588
23	29	-15532
23	30	5268
23	31	7852
23	32	11188
23	33	12468
23	34	-7988
23	35	5748
23	36	-4148
23	37	-2572
23	38	-4812
23	39	-7188
24	25	1908
24	26	6252
24	27	-5772
24	28	14868
24	29	14252
24	30	-6548
24	31	-172
24	32	13132
24	33	-948
24	34	9268
24	35	-628
24	36	-972
24	37	-5108
24	38	-15668
24	39	2068
25	26	10068
25	27	2252
25	28	-5588
25	29	2068
25	30	10068
25	31	3052
25	32	3188
25	33	-8332
25	34	6412
25	35	-2252
25	36	-15348
25	37	-4172
25	38	-6412
25	39	812
26	27	-16812
26	28	3828
26	29	-308
26	30	-1908
26	31	-17612
26	32	-1428
26	33	-15508
26	34	4628
26	35	-8788
26	36	-5612
26	37	-6868
26	38	-4628
26	39	3828
27	28	8492
27	29	26388
27	30	2388
27	31	17132
27	32	8308
27	33	-3212
27	34	-5108
27	35	2868
27	36	5132
27	37	13748
27	38	5108
27	39	-4308
28	29	15028
28	30	-2572
28	31	2892
28	32	3348
28	33	4628
28	34	-148
28	35	10708
28	36	3692
28	37	2388
28	38	6548
28	39	-12148
29	30	-13108
29	31	12788
29	32	-6228
29	33	-7508
29	34	-3372
29	35	5612
29	36	5588
29	37	7532
29	38	-3028
29	39	-4172
30	31	-4812
30	32	11372
30	33	-2708
30	34	-1772
30	35	-2388
30	36	-5612
30	37	-468
30	38	-4628
30	39	-8972
31	32	1108
31	33	-4012
31	34	8492
31	35	14868
31	36	-468
31	37	6548
31	38	4308
31	39	-22708
32	33	-2228
32	34	10548
32	35	-1908
32	36	308
32	37	-6388
32	38	-4148
32	39	3348
33	34	-13772
33	35	-3188
33	36	14388
33	37	5132
33	38	-18228
33	39	-1772
34	35	-7692
34	36	-9908
34	37	3188
34	38	948
34	39	-148
35	36	1268
35	37	-13748
35	38	7692
35	39	-8492
36	37	-652
36	38	3508
36	39	16492
37	38	3212
37	39	-4012
38	39	148
