0	1	-1.2884329e-01
0	2	3.0542563e-02
0	3	1.0151130e-01
0	4	5.3013498e-02
0	5	3.8955639e-01
0	6	-1.4859193e-02
0	7	-3.2157307e-01
0	8	-4.8228472e-02
0	9	-1.6936754e-01
0	10	1.0721317e-01
0	11	-1.1999812e-01
0	12	1.1745082e-01
0	13	1.1531040e-01
0	14	4.1884225e-02
0	15	6.1219393e-01
0	16	1.1125579e-01
0	17	1.4433295e-01
0	18	-1.0578191e-01
0	19	9.6002802e-02
0	20	-4.9612019e-01
0	21	2.1520630e-01
0	22	2.1430827e-01
0	23	-3.2197808e-02
0	24	-7.3930973e-02
1	2	-1.8015991e-01
1	3	-3.0696823e-02
1	4	2.3535764e-02
1	5	-1.5678581e-02
1	6	1.4615670e-01
1	7	2.6699051e-02
1	8	-1.9755429e-01
1	9	1.1107833e-01
1	10	-2.1336497e-01
1	11	2.2371281e-01
1	12	9.7253089e-02
1	13	-2.3494965e-01
1	14	4.3917595e-02
1	15	-2.1191811e-01
1	16	-3.2398786e-01
1	17	-5.7294365e-02
1	18	5.1096858e-02
1	19	5.7706791e-03
1	20	2.2174764e-01
1	21	2.3553013e-01
1	22	5.9417920e-02
1	23	2.3390002e-02
1	24	-1.9248181e-02
2	3	1.3104421e-01
2	4	-5.6277730e-02
2	5	-3.2918835e-03
2	6	-1.2344746e-02
2	7	-1.5261459e-01
2	8	1.9755846e-01
2	9	-3.6618792e-02
2	10	-1.6759860e-02
2	11	-8.7741396e-02
2	12	-2.1230304e-01
2	13	4.7765195e-01
2	14	-9.8017180e-03
2	15	-9.8005934e-02
2	16	-4.4975934e-02
2	17	2.4231322e-02
2	18	-1.0027377e-01
2	19	1.2795444e-02
2	20	1.4018424e-01
2	21	-1.0050089e-01
2	22	-1.2852071e-01
2	23	1.0344586e-01
2	24	8.2108032e-02
3	4	-2.7612782e-01
3	5	2.2691886e-02
3	6	5.7571016e-02
3	7	7.1409323e-02
3	8	-3.7977521e-02
3	9	1.2741245e-01
3	10	-6.3847825e-02
3	11	-2.2316777e-01
3	12	8.8085608e-02
3	13	6.8180411e-02
3	14	-2.0001037e-02
3	15	9.2674888e-03
3	16	2.1930234e-01
3	17	2.2494255e-01
3	18	8.2653783e-02
3	19	1.7576451e-02
3	20	2.3552121e-01
3	21	-4.4316960e-02
3	22	-6.5899348e-02
3	23	4.8668214e-02
3	24	-7.8037721e-02
4	5	1.4580690e-01
4	6	-7.0384131e-02
4	7	-4.1894467e-01
4	8	1.3995677e-01
4	9	7.4819883e-02
4	10	-2.5002712e-02
4	11	1.1392836e-02
4	12	-1.4684282e-01
4	13	2.1171767e-01
4	14	6.8806541e-02
4	15	2.2907118e-02
4	16	-4.4319123e-02
4	17	-1.0303289e-01
4	18	2.7930640e-02
4	19	-7.2345113e-02
4	20	9.3442699e-02
4	21	2.0497088e-02
4	22	6.9501033e-02
4	23	-7.6526255e-02
4	24	1.7402728e-02
5	6	-4.2956283e-01
5	7	-5.8511307e-01
5	8	-2.6292746e-01
5	9	2.3697383e-01
5	10	2.5814356e-03
5	11	2.5657222e-01
5	12	-6.7236522e-02
5	13	7.3639665e-02
5	14	2.6171814e-01
5	15	4.0698442e-01
5	16	-1.9334285e-01
5	17	1.4665616e-01
5	18	-1.2705942e-01
5	19	-1.6745912e-01
5	20	-3.3256328e-01
5	21	1.6337541e-02
5	22	1.6625766e-01
5	23	-5.9750241e-02
5	24	3.7596772e-02
6	7	2.1536430e-01
6	8	-6.0214397e-02
6	9	-4.4055690e-01
6	10	2.0449889e-01
6	11	-3.0103457e-01
6	12	2.8139300e-01
6	13	1.4136328e-01
6	14	1.3167799e-01
6	15	-7.7472003e-03
6	16	3.2870294e-02
6	17	-5.0822212e-01
6	18	1.8164393e-01
6	19	4.5199210e-02
6	20	1.0077578e-01
6	21	-1.9703218e-02
6	22	-1.3377875e-01
6	23	-3.5758601e-01
6	24	-3.1469352e-01
7	8	-1.9876489e-01
7	9	2.5885634e-02
7	10	-1.0254405e-01
7	11	-1.6118814e-01
7	12	1.5583703e-02
7	13	-8.0032844e-02
7	14	-2.2085228e-01
7	15	1.5115187e-01
7	16	4.2204324e-02
7	17	-3.2475213e-01
7	18	-2.6470162e-01
7	19	1.5150148e-02
7	20	1.8747761e-01
7	21	4.7642562e-02
7	22	3.3968443e-02
7	23	1.4489838e-02
7	24	1.2243444e-01
8	9	-2.1305292e-01
8	10	2.4618332e-01
8	11	-9.8327071e-02
8	12	-3.1468803e-01
8	13	2.1719258e-01
8	14	-1.4683756e-01
8	15	-1.6443482e-01
8	16	1.5915643e-01
8	17	7.5977378e-02
8	18	2.7376989e-01
8	19	1.4885917e-01
8	20	5.6860422e-01
8	21	-1.8982847e-01
8	22	-2.9546740e-01
8	23	-3.4634257e-02
8	24	-1.2258565e-01
9	10	-1.0612945e-01
9	11	7.6798646e-02
9	12	-8.2704220e-02
9	13	-1.1749884e-01
9	14	-1.0325452e-01
9	15	6.6262123e-02
9	16	-1.5344509e-01
9	17	1.2324905e-01
9	18	1.0244820e-02
9	19	-1.5147787e-01
9	20	1.8185330e-01
9	21	7.4134458e-03
9	22	6.1949352e-02
9	23	2.1933230e-01
9	24	1.2358170e-01
10	11	-1.7534285e-01
10	12	-1.4530462e-01
10	13	6.6387459e-02
10	14	-1.8163099e-02
10	15	5.4998234e-01
10	16	2.0116058e-01
10	17	-3.1454480e-01
10	18	3.3901938e-02
10	19	-2.4807098e-01
10	20	-2.3148827e-02
10	21	-1.9147293e-01
10	22	4.7304727e-03
10	23	8.5036718e-02
10	24	-1.3353499e-01
11	12	-2.8216578e-01
11	13	-6.0428955e-02
11	14	1.7938084e-01
11	15	-4.4881485e-01
11	16	3.3146561e-01
11	17	2.0671272e-01
11	18	-4.5208050e-01
11	19	2.3780915e-01
11	20	-3.4377831e-02
11	21	-1.5634431e-01
11	22	-2.3215967e-01
11	23	-8.5449601e-02
11	24	3.5646504e-01
12	13	-5.8432994e-02
12	14	2.2210032e-01
12	15	-1.0982140e-01
12	16	2.7946240e-02
12	17	1.1028752e-01
12	18	2.9615019e-01
12	19	-1.1227624e-01
12	20	-2.6140111e-01
12	21	2.7551379e-01
12	22	1.7513546e-01
12	23	1.3993692e-01
12	24	-2.4639668e-02
13	14	3.4217452e-01
13	15	-3.7511944e-02
13	16	2.3618924e-01
13	17	6.8308137e-02
13	18	-2.0048982e-01
13	19	-1.2108339e-01
13	20	7.4870948e-02
13	21	-4.2682011e-02
13	22	-1.4086134e-01
13	23	-5.6904774e-02
13	24	3.4899095e-02
14	15	-2.0650047e-01
14	16	1.6724807e-01
14	17	1.1215561e-01
14	18	-3.7205953e-02
14	19	9.2398357e-03
14	20	-1.1239790e-01
14	21	-1.2454999e-01
14	22	-2.3471910e-02
14	23	2.5499753e-02
14	24	-1.3916807e-01
15	16	7.4165518e-02
15	17	-1.7295163e-01
15	18	-2.1360389e-01
15	19	-1.7759613e-01
15	20	-4.1675973e-01
15	21	2.4663726e-01
15	22	4.5318271e-01
15	23	-3.2102519e-01
15	24	-1.0466882e-01
16	17	3.6367137e-01
16	18	-2.2698849e-01
16	19	2.7094283e-01
16	20	-2.5739761e-01
16	21	-1.6523626e-01
16	22	-1.2995382e-01
16	23	2.7541188e-01
16	24	1.0226765e-01
17	18	7.1498261e-02
17	19	2.7213528e-01
17	20	-2.4414431e-01
17	21	2.1792338e-01
17	22	3.8386630e-03
17	23	2.5879424e-01
17	24	9.2741941e-02
18	19	2.2657923e-02
18	20	2.6075295e-01
18	21	-1.2344005e-01
18	22	-1.1758485e-01
18	23	3.4737261e-02
18	24	-3.1587516e-01
19	20	-2.5296470e-02
19	21	-6.0389655e-04
19	22	-1.9953439e-01
19	23	-1.5686787e-01
19	24	-2.1052286e-01
20	21	-2.0402342e-01
20	22	-2.4329373e-01
20	23	-1.7590874e-01
20	24	-8.3926031e-02
21	22	3.0799355e-01
21	23	-1.2660946e-01
21	24	2.7162908e-02
22	23	3.0170563e-03
22	24	1.2230655e-01
23	24	1.4301947e-01
