0	1	-2.1713590e-01
0	2	7.7229531e-02
0	3	4.0010958e-02
0	4	-1.7061260e-01
0	5	2.5566608e-01
0	6	-2.3937448e-02
0	7	-2.7595620e-01
0	8	1.2027456e-01
0	9	7.4042521e-02
0	10	-4.0087750e-01
0	11	-1.7372758e-01
0	12	-1.0957081e-01
0	13	-7.2262317e-02
0	14	-2.2104670e-01
0	15	-1.4590329e-02
0	16	-1.4189552e-01
0	17	-2.4235734e-01
0	18	2.1452169e-01
0	19	-1.3807566e-01
0	20	8.6806121e-02
0	21	-1.5324339e-01
0	22	-2.6917443e-02
0	23	-1.5035200e-01
0	24	-1.8204083e-01
1	2	-4.6022244e-03
1	3	-4.8777590e-02
1	4	7.2389952e-03
1	5	-1.9388741e-01
1	6	2.5592126e-02
1	7	1.8048637e-01
1	8	9.0993793e-02
1	9	-3.1746307e-01
1	10	-9.5908515e-02
1	11	-7.4281909e-02
1	12	1.4339648e-01
1	13	-9.2550561e-02
1	14	9.7224478e-02
1	15	3.2187865e-01
1	16	6.5190546e-02
1	17	4.0305402e-01
1	18	-9.5968214e-02
1	19	6.9536521e-02
1	20	-1.2737751e-02
1	21	-1.7382464e-01
1	22	-1.7265696e-02
1	23	2.4495080e-01
1	24	6.3273108e-02
2	3	-1.1189684e-01
2	4	-2.8653010e-01
2	5	-2.0661033e-01
2	6	9.1715139e-02
2	7	-1.4432968e-01
2	8	-2.5951436e-01
2	9	1.7884787e-01
2	10	-1.5647286e-01
2	11	-1.9324572e-02
2	12	-1.2599989e-01
2	13	-1.0674532e-01
2	14	1.8933703e-01
2	15	-3.4868830e-01
2	16	4.8330354e-02
2	17	-8.0395965e-02
2	18	3.5211276e-02
2	19	-2.8409921e-02
2	20	1.3319901e-02
2	21	2.6488797e-02
2	22	3.3758382e-02
2	23	-8.5161428e-02
2	24	6.6642755e-02
3	4	-6.3643324e-02
3	5	-3.0243850e-03
3	6	-1.3510767e-02
3	7	1.8409794e-02
3	8	1.5606285e-01
3	9	3.7140110e-01
3	10	-3.9196765e-01
3	11	-1.1414021e-01
3	12	-1.6857107e-01
3	13	-3.2864502e-01
3	14	2.7244367e-01
3	15	1.9424059e-02
3	16	3.6308333e-01
3	17	2.9750859e-02
3	18	-1.1004469e-01
3	19	-2.0266056e-01
3	20	1.2046759e-02
3	21	2.4664562e-01
3	22	1.5841399e-02
3	23	-1.2566966e-01
3	24	-3.2062384e-01
4	5	-5.3201221e-02
4	6	1.5244564e-01
4	7	2.8796365e-01
4	8	2.5015304e-01
4	9	1.6521403e-01
4	10	2.0032325e-01
4	11	1.1263986e-01
4	12	1.0985331e-01
4	13	4.8949799e-01
4	14	-8.0670696e-02
4	15	-5.2827741e-03
4	16	2.3761557e-01
4	17	-1.4492558e-01
4	18	-4.9428251e-02
4	19	1.0790959e-01
4	20	-1.4673109e-01
4	21	2.8479174e-01
4	22	3.6201916e-01
4	23	1.8638968e-01
4	24	-1.2697527e-01
5	6	2.2849640e-01
5	7	-1.1662360e-02
5	8	2.6669540e-01
5	9	-1.8321373e-01
5	10	-1.9865351e-02
5	11	-9.7374313e-02
5	12	-1.1551084e-01
5	13	2.8450947e-01
5	14	-1.2045411e-01
5	15	1.4654534e-01
5	16	-2.1551894e-01
5	17	-6.8522324e-02
5	18	1.9292786e-01
5	19	-3.4510100e-01
5	20	-3.7729341e-02
5	21	8.5999006e-03
5	22	-2.1009115e-01
5	23	-4.1843036e-01
5	24	2.1215534e-01
6	7	-7.8121815e-02
6	8	-2.5983400e-02
6	9	2.4590091e-01
6	10	-1.8512089e-01
6	11	3.4264491e-02
6	12	3.4047790e-01
6	13	-1.2715990e-02
6	14	-6.5363763e-02
6	15	-2.9286607e-02
6	16	-1.1894924e-01
6	17	-2.1590694e-01
6	18	-6.1172779e-02
6	19	-1.3796067e-01
6	20	-6.1719114e-02
6	21	2.1676379e-01
6	22	3.1882985e-01
6	23	1.0511204e-01
6	24	1.1551068e-01
7	8	2.9671894e-01
7	9	-2.3845118e-01
7	10	5.0409824e-01
7	11	-4.3663597e-02
7	12	4.1667734e-01
7	13	3.4975468e-01
7	14	-1.1645726e-01
7	15	3.7488747e-02
7	16	-1.3964248e-01
7	17	1.0985412e-01
7	18	-8.4476728e-02
7	19	1.4923481e-01
7	20	4.4740473e-03
7	21	-1.1804441e-01
7	22	1.4062767e-01
7	23	-2.9422420e-02
7	24	-1.3420979e-01
8	9	-2.5172798e-01
8	10	1.5401843e-01
8	11	5.7462520e-02
8	12	3.5392558e-01
8	13	3.0252172e-01
8	14	-2.1559441e-01
8	15	-1.0860423e-01
8	16	9.6821725e-02
8	17	-3.2654932e-01
8	18	2.3436498e-01
8	19	1.2778808e-01
8	20	-4.1417778e-02
8	21	-2.8534828e-01
8	22	1.2274676e-01
8	23	-2.0920662e-01
8	24	-4.4975659e-02
9	10	-1.7046670e-01
9	11	1.8828925e-01
9	12	-7.3446523e-02
9	13	-8.4344336e-02
9	14	2.0080100e-01
9	15	-3.6919709e-01
9	16	4.3096326e-01
9	17	-3.9794339e-01
9	18	2.2643809e-02
9	19	-1.9707127e-02
9	20	2.4067800e-01
9	21	4.7139615e-01
9	22	2.0679618e-01
9	23	-2.3559353e-01
9	24	-2.4726926e-01
10	11	1.3982369e-01
10	12	5.6089430e-01
10	13	4.3575297e-01
10	14	3.2904467e-03
10	15	-2.0273917e-01
10	16	-2.6514233e-01
10	17	1.0900982e-01
10	18	-2.0716057e-01
10	19	2.0633550e-01
10	20	2.3065619e-01
10	21	6.5572371e-02
10	22	1.9284866e-01
10	23	-2.8362513e-01
10	24	-8.5571017e-02
11	12	-3.6280540e-02
11	13	8.1915974e-03
11	14	-2.2761776e-02
11	15	4.9697998e-02
11	16	1.6006338e-01
11	17	-2.3740466e-01
11	18	-3.7194235e-02
11	19	1.4765486e-01
11	20	1.3973253e-02
11	21	-2.7820500e-02
11	22	1.5393525e-01
11	23	6.3312033e-02
11	24	-1.5706849e-02
12	13	4.4387688e-01
12	14	-2.6869239e-01
12	15	1.3854370e-01
12	16	-1.8268760e-01
12	17	-1.6586465e-01
12	18	-1.3817300e-01
12	19	1.6225420e-01
12	20	8.9148823e-02
12	21	-6.0624172e-02
12	22	4.0522243e-02
12	23	-5.4359981e-02
12	24	3.0001692e-01
13	14	-2.2581009e-01
13	15	-7.7367340e-03
13	16	3.6602917e-03
13	17	-3.1458925e-01
13	18	-1.9901128e-02
13	19	2.8661098e-01
13	20	-6.3342002e-02
13	21	-9.7926602e-02
13	22	-1.0285436e-01
13	23	-7.2401309e-02
13	24	-3.6473753e-02
14	15	-3.1942457e-02
14	16	2.0426900e-01
14	17	-1.0743507e-02
14	18	-1.0152059e-01
14	19	-1.1013921e-01
14	20	1.9103115e-01
14	21	2.5006611e-01
14	22	-1.4811653e-01
14	23	-1.1029901e-01
14	24	3.1051117e-01
15	16	-3.6840562e-02
15	17	2.8493639e-01
15	18	-2.2212340e-01
15	19	-2.4345597e-01
15	20	-1.0964940e-01
15	21	-3.7192392e-01
15	22	-3.5629157e-01
15	23	5.2423813e-01
15	24	2.6401125e-01
16	17	-1.2439034e-01
16	18	-1.2789444e-01
16	19	-9.2089006e-02
16	20	-1.5838536e-01
16	21	2.2824633e-01
16	22	1.2794737e-01
16	23	3.6795335e-02
16	24	-2.0122094e-01
17	18	8.3880218e-03
17	19	-3.1942371e-01
17	20	-1.6660824e-01
17	21	1.3386596e-01
17	22	-1.0425397e-01
17	23	8.5259515e-02
17	24	2.5017573e-01
18	19	3.8597562e-03
18	20	1.9416420e-02
18	21	-1.6516190e-01
18	22	-9.2411102e-02
18	23	-2.3069161e-01
18	24	1.8489966e-01
19	20	1.1730031e-01
19	21	-1.3572956e-01
19	22	5.0641381e-02
19	23	5.8584092e-02
19	24	-2.4338679e-01
20	21	-8.8177830e-02
20	22	-8.5982637e-02
20	23	-2.2153386e-01
20	24	-8.4310817e-02
21	22	3.4919124e-01
21	23	-2.5163704e-01
21	24	4.6040464e-02
22	23	6.3086298e-03
22	24	-2.8898093e-01
23	24	-2.5842064e-01
