0	1	2.8467575e-01
0	2	2.0756467e-01
0	3	1.7017274e-01
0	4	-3.7916475e-02
0	5	1.6329216e-01
0	6	1.9635881e-01
0	7	-2.7909188e-01
0	8	2.8129049e-01
0	9	-4.0844576e-02
0	10	-3.0420392e-02
0	11	-2.9729482e-02
0	12	-4.2079028e-02
0	13	-1.6286163e-01
0	14	4.2387024e-01
0	15	1.0919878e-01
0	16	1.4105771e-01
0	17	4.5866418e-02
0	18	-1.4228444e-01
0	19	1.8466477e-01
0	20	-5.4646587e-01
0	21	-1.3809286e-01
0	22	3.4251286e-01
0	23	-1.5772666e-01
0	24	1.0593396e-01
1	2	-1.1247566e-02
1	3	-1.0589521e-01
1	4	-6.1033144e-02
1	5	-1.1045320e-01
1	6	-3.4219135e-01
1	7	-2.9640278e-01
1	8	1.5372810e-01
1	9	3.3425023e-02
1	10	8.5069916e-02
1	11	-5.3109184e-01
1	12	2.7628090e-01
1	13	1.6305800e-01
1	14	-4.6287751e-01
1	15	2.4270831e-01
1	16	2.3221515e-01
1	17	9.3767487e-02
1	18	-2.2199185e-02
1	19	2.4886130e-01
1	20	-3.2072264e-01
1	21	-1.7631902e-01
1	22	1.0970536e-01
1	23	-7.9064441e-02
1	24	8.6973577e-02
2	3	1.4059137e-01
2	4	-1.0177311e-01
2	5	1.8681323e-01
2	6	1.9988684e-01
2	7	-3.7757355e-02
2	8	1.8219036e-01
2	9	1.3555143e-01
2	10	-3.9051434e-01
2	11	1.5138201e-01
2	12	-7.5585308e-02
2	13	-3.6248121e-02
2	14	2.9836896e-01
2	15	6.5622456e-02
2	16	1.0717735e-01
2	17	-2.7850640e-02
2	18	3.0104091e-02
2	19	3.3582588e-01
2	20	-1.3746879e-01
2	21	3.0150933e-01
2	22	-1.6758543e-01
2	23	2.2225064e-01
2	24	6.9887348e-02
3	4	-6.9921182e-02
3	5	1.9644993e-01
3	6	3.0278580e-01
3	7	-3.0126543e-01
3	8	8.6208318e-02
3	9	2.1426695e-01
3	10	-2.9831902e-02
3	11	-1.0629832e-01
3	12	-4.6084338e-02
3	13	-3.1529078e-01
3	14	1.0139140e-01
3	15	-5.0312840e-04
3	16	-3.1366938e-01
3	17	4.3820667e-02
3	18	-6.4273823e-02
3	19	2.0567970e-01
3	20	-5.6805576e-02
3	21	-2.3776225e-02
3	22	-1.9174807e-01
3	23	2.5438802e-01
3	24	-1.3156631e-02
4	5	-2.1529162e-02
4	6	-1.6978167e-03
4	7	1.7408582e-01
4	8	4.2183170e-02
4	9	6.6610002e-02
4	10	-1.2685451e-02
4	11	8.5307744e-02
4	12	-1.3036517e-01
4	13	1.0468944e-01
4	14	-6.2416735e-02
4	15	-1.7607988e-02
4	16	-2.0873327e-01
4	17	-1.9209692e-01
4	18	-5.7097818e-02
4	19	4.9546180e-02
4	20	1.2385654e-01
4	21	1.0549686e-01
4	22	8.7149062e-02
4	23	-1.2528259e-01
4	24	7.5093227e-02
5	6	2.6854682e-01
5	7	-6.0920994e-02
5	8	8.3969546e-02
5	9	2.1055769e-02
5	10	8.8441371e-02
5	11	2.1701282e-01
5	12	-2.8334467e-02
5	13	-1.8336083e-01
5	14	2.6646323e-01
5	15	-7.1173946e-02
5	16	-1.3563182e-01
5	17	-1.0194432e-01
5	18	3.4923466e-02
5	19	7.0046218e-02
5	20	3.5952159e-02
5	21	5.8849163e-02
5	22	3.4555285e-02
5	23	5.4814926e-02
5	24	-2.7126527e-01
6	7	7.0271022e-02
6	8	-8.1725335e-02
6	9	-7.0208544e-02
6	10	-1.0391640e-01
6	11	2.2427233e-01
6	12	3.6191339e-02
6	13	-8.6536353e-02
6	14	7.8121437e-02
6	15	1.6932929e-01
6	16	-3.5101421e-02
6	17	1.4604796e-01
6	18	1.1399507e-01
6	19	-4.0193601e-02
6	20	-2.9870560e-01
6	21	1.3980464e-01
6	22	-6.1349835e-02
6	23	4.6289995e-02
6	24	-8.4489003e-02
7	8	-1.7042481e-01
7	9	-1.6820158e-01
7	10	7.6922638e-02
7	11	2.3181575e-01
7	12	-4.0922981e-02
7	13	-2.5664129e-02
7	14	-1.7232162e-01
7	15	-1.0029867e-01
7	16	1.6740939e-01
7	17	9.0445851e-02
7	18	5.4158004e-02
7	19	-8.5007821e-02
7	20	1.0839160e-01
7	21	-3.9585356e-03
7	22	-1.4235911e-01
7	23	-2.0309520e-01
7	24	1.1921556e-01
8	9	-1.2296349e-01
8	10	-1.0716618e-03
8	11	4.5567495e-02
8	12	1.0083793e-03
8	13	-1.9241514e-01
8	14	1.4473102e-01
8	15	-1.0992426e-02
8	16	9.6417957e-03
8	17	-9.6101018e-02
8	18	-2.8196862e-02
8	19	1.6471823e-01
8	20	1.8321334e-01
8	21	-7.6526258e-02
8	22	-1.9320591e-01
8	23	-5.2995967e-02
8	24	4.1235148e-02
9	10	-5.2141723e-02
9	11	-2.0894737e-01
9	12	-2.2753516e-01
9	13	-8.0626295e-02
9	14	8.3163033e-02
9	15	-2.9734338e-02
9	16	-3.3698508e-01
9	17	-1.4030668e-01
9	18	-1.6923432e-01
9	19	2.1795838e-01
9	20	-4.2932193e-02
9	21	2.5763651e-01
9	22	-1.3222947e-01
9	23	1.6815116e-01
9	24	1.0781681e-01
10	11	-6.7030728e-01
10	12	1.0062302e-01
10	13	-3.5850114e-01
10	14	-6.5664332e-01
10	15	-1.5893654e-01
10	16	-1.6586745e-02
10	17	3.4448924e-01
10	18	3.2131513e-01
10	19	5.4433046e-03
10	20	-4.1754358e-02
10	21	-5.9066535e-01
10	22	-1.0081524e-01
10	23	-4.7954177e-02
10	24	-1.6646795e-01
11	12	-3.9925129e-01
11	13	1.8740916e-01
11	14	5.5787374e-01
11	15	1.8699068e-02
11	16	6.2317546e-02
11	17	-2.2343783e-01
11	18	1.8009886e-01
11	19	-3.7800766e-01
11	20	1.0789482e-01
11	21	3.4138798e-01
11	22	2.8566921e-01
11	23	2.4712219e-02
11	24	-2.1687150e-01
12	13	-1.8412433e-02
12	14	-3.3442400e-01
12	15	1.1366308e-01
12	16	1.8407932e-02
12	17	1.6515637e-01
12	18	1.2463460e-01
12	19	1.3703600e-01
12	20	-8.0122542e-02
12	21	-1.0250481e-01
12	22	-2.5869657e-02
12	23	-2.4746197e-01
12	24	3.5038691e-02
13	14	9.4043803e-02
13	15	1.7330482e-01
13	16	2.3247293e-01
13	17	-2.0381797e-01
13	18	-9.2417401e-02
13	19	-8.1960565e-02
13	20	-8.5419532e-02
13	21	-3.2237868e-02
13	22	1.1854336e-01
13	23	-2.4677607e-02
13	24	-4.5113016e-02
14	15	1.8917303e-01
14	16	1.6455537e-01
14	17	-2.9864986e-01
14	18	-3.3271469e-01
14	19	4.1773000e-02
14	20	2.0932444e-02
14	21	5.7769086e-02
14	22	2.2181478e-01
14	23	1.5384363e-01
14	24	-2.3548645e-02
15	16	2.0633326e-01
15	17	1.0405363e-01
15	18	9.5059088e-02
15	19	7.9047900e-02
15	20	-2.7910579e-01
15	21	-6.5446973e-02
15	22	-1.0304633e-01
15	23	1.6319330e-01
15	24	8.2892240e-03
16	17	1.5570941e-01
16	18	1.3688752e-01
16	19	-1.1657314e-01
16	20	-2.2479638e-01
16	21	-2.9305170e-01
16	22	-2.8574781e-02
16	23	-4.9930625e-02
16	24	4.6512987e-02
17	18	1.9958663e-01
17	19	-8.2576413e-02
17	20	-1.8416043e-01
17	21	-2.3549887e-01
17	22	-1.9118188e-02
17	23	2.8456934e-01
17	24	4.7034028e-02
18	19	-9.1870300e-02
18	20	-7.7959749e-02
18	21	-1.1920829e-01
18	22	-6.2428713e-02
18	23	1.0785664e-01
18	24	-1.1634808e-01
19	20	-1.0718228e-01
19	21	-8.9465966e-02
19	22	-1.5870988e-01
19	23	4.1154082e-02
19	24	2.8028938e-01
20	21	-7.9783503e-02
20	22	-3.7941717e-01
20	23	1.6509385e-01
20	24	-5.4640285e-02
21	22	3.4856269e-02
21	23	1.0342301e-01
21	24	5.1622328e-02
22	23	-1.7005770e-01
22	24	7.4812949e-02
23	24	-7.6480114e-02
