0	1	712
0	2	-544
0	3	-880
0	4	-968
0	5	-96
0	6	-712
0	7	-96
0	8	-184
0	9	-296
0	10	-208
0	11	128
0	12	1024
0	13	-768
1	2	320
1	3	-128
1	4	-376
1	5	-912
1	6	-296
1	7	656
1	8	408
1	9	-1048
1	10	-16
1	11	432
1	12	320
1	13	-240
2	3	1080
2	4	208
2	5	-488
2	6	464
2	7	-488
2	8	208
2	9	96
2	10	-600
2	11	-264
2	12	-936
2	13	1192
3	4	544
3	5	-824
3	6	128
3	7	-40
3	8	-240
3	9	-352
3	10	-152
3	11	-600
3	12	-1272
3	13	856
4	5	-240
4	6	1160
4	7	544
4	8	520
4	9	-152
4	10	656
4	11	-464
4	12	-576
4	13	432
5	6	128
5	7	-824
5	8	-240
5	9	1216
5	10	-152
5	11	184
5	12	296
5	13	72
6	7	128
6	8	1160
6	9	264
6	10	16
6	11	-432
6	12	-320
6	13	1024
7	8	544
7	9	-1136
7	10	632
7	11	184
7	12	296
7	13	-712
8	9	-152
8	10	-128
8	11	320
8	12	208
8	13	432
9	10	-240
9	11	208
9	12	96
9	13	320
10	11	72
10	12	184
10	13	-824
11	12	520
11	13	-488
12	13	-1160
