0	1	-92
0	2	356
0	3	-92
0	4	540
0	5	-468
0	6	468
0	7	-148
0	8	20
0	9	596
0	10	-260
0	11	-484
0	12	-36
0	13	-764
1	2	-652
1	3	468
1	4	-20
1	5	540
1	6	244
1	7	-372
1	8	-204
1	9	36
1	10	300
1	11	76
1	12	-260
1	13	-204
2	3	132
2	4	-468
2	5	92
2	6	-876
2	7	860
2	8	-540
2	9	372
2	10	-36
2	11	524
2	12	-596
2	13	-540
3	4	-20
3	5	-244
3	6	-540
3	7	412
3	8	-204
3	9	820
3	10	-484
3	11	860
3	12	-1044
3	13	-204
4	5	-204
4	6	204
4	7	-748
4	8	652
4	9	-484
4	10	148
4	11	-412
4	12	708
4	13	-132
5	6	-804
5	7	-188
5	8	-356
5	9	-1044
5	10	1492
5	11	148
5	12	484
5	13	-356
6	7	-596
6	8	356
6	9	260
6	10	-708
6	11	-932
6	12	300
6	13	356
7	8	-260
7	9	876
7	10	-540
7	11	804
7	12	-1100
7	13	-260
8	9	-76
8	10	-372
8	11	-596
8	12	-148
8	13	692
9	10	-1364
9	11	428
9	12	-1588
9	13	-76
10	11	-92
10	12	1140
10	13	-372
11	12	-652
11	13	-596
12	13	-148
