0	1	-52
0	2	-340
0	3	-340
0	4	-52
0	5	508
0	6	4
0	7	-1004
0	8	-508
0	9	4
0	10	228
0	11	900
0	12	-612
0	13	-788
1	2	-164
1	3	620
1	4	-228
1	5	-788
1	6	-284
1	7	-60
1	8	4
1	9	-284
1	10	-508
1	11	388
1	12	332
1	13	-500
2	3	-228
2	4	-948
2	5	396
2	6	-108
2	7	1236
2	8	1172
2	9	676
2	10	900
2	11	-780
2	12	844
2	13	108
3	4	-164
3	5	-388
3	6	-108
3	7	452
3	8	388
3	9	-108
3	10	-668
3	11	4
3	12	844
3	13	-676
4	5	-4
4	6	-284
4	7	-844
4	8	-780
4	9	-284
4	10	-508
4	11	388
4	12	-1236
4	13	284
5	6	-60
5	7	164
5	8	564
5	9	724
5	10	500
5	11	-172
5	12	-228
5	13	60
6	7	-116
6	8	60
6	9	-340
6	10	-564
6	11	332
6	12	276
6	13	340
7	8	1404
7	9	668
7	10	444
7	11	-1012
7	12	1284
7	13	116
8	9	844
8	10	284
8	11	-612
8	12	1012
8	13	-60
9	10	220
9	11	-452
9	12	276
9	13	340
10	11	-676
10	12	52
10	13	-220
11	12	-620
11	13	-332
12	13	-276
