0	1	2740
0	2	340
0	3	1596
0	4	-2628
0	5	-428
0	6	2740
0	7	-1860
0	8	-1244
0	9	-1948
0	10	-1484
0	11	-1484
0	12	-1660
0	13	164
0	14	1684
0	15	1572
0	16	-1420
0	17	1332
0	18	164
0	19	516
0	20	-1684
0	21	804
1	2	-604
1	3	-1332
1	4	-980
1	5	692
1	6	-2476
1	7	1596
1	8	2916
1	9	-252
1	10	1748
1	11	-188
1	12	-12
1	13	1508
1	14	516
1	15	-1836
1	16	1156
1	17	-1068
1	18	-2364
1	19	1156
1	20	-516
1	21	-540
2	3	188
2	4	3708
2	5	2036
2	6	-604
2	7	1484
2	8	164
2	9	-540
2	10	-956
2	11	-2892
2	12	2740
2	13	1572
2	14	276
2	15	-892
2	16	-1948
2	17	1860
2	18	-364
2	19	-1948
2	20	1660
2	21	1332
3	4	164
3	5	-100
3	6	-1332
3	7	-1484
3	8	-164
3	9	-1396
3	10	956
3	11	2892
3	12	-804
3	13	364
3	14	-2212
3	15	2828
3	16	1948
3	17	76
3	18	2300
3	19	12
3	20	276
3	21	604
4	5	-1684
4	6	-2916
4	7	3972
4	8	-516
4	9	2124
4	10	-628
4	11	-628
4	12	-452
4	13	-1924
4	14	76
4	15	-3332
4	16	-2276
4	17	2364
4	18	12
4	19	1596
4	20	3796
4	21	956
5	6	-1244
5	7	364
5	8	3620
5	9	-1484
5	10	4916
5	11	1044
5	12	1220
5	13	2212
5	14	-2124
5	15	804
5	16	-2012
5	17	-3708
5	18	4148
5	19	-76
5	20	188
5	21	692
6	7	-340
6	8	-956
6	9	1684
6	10	-2124
6	11	-2124
6	12	-12
6	13	-428
6	14	516
6	15	2036
6	16	-780
6	17	868
6	18	-428
6	19	-780
6	20	-4388
6	21	1396
7	8	-100
7	9	3068
7	10	1244
7	11	-692
7	12	-2804
7	13	-2564
7	14	540
7	15	-3092
7	16	-276
7	17	188
7	18	-628
7	19	1660
7	20	-540
7	21	1596
8	9	-188
8	10	4500
8	11	628
8	12	4324
8	13	1924
8	14	-76
8	15	3332
8	16	-1596
8	17	-2364
8	18	-12
8	19	340
8	20	2012
8	21	980
9	10	1332
9	11	1332
9	12	1156
9	13	-716
9	14	-1308
9	15	692
9	16	-364
9	17	2212
9	18	-716
9	19	-364
9	20	-2564
9	21	-252
10	11	4036
10	12	2276
10	13	1156
10	14	-1068
10	15	1684
10	16	804
10	17	-4588
10	18	3092
10	19	2740
10	20	-868
10	21	-2124
11	12	340
11	13	1156
11	14	-1068
11	15	3620
11	16	2740
11	17	-716
11	18	3092
11	19	2740
11	20	1068
11	21	-188
12	13	4852
12	14	1044
12	15	3444
12	16	628
12	17	-540
12	18	-956
12	19	-1308
12	20	892
12	21	-12
13	14	2388
13	15	868
13	16	1748
13	17	-1836
13	18	1396
13	19	-188
13	20	-2388
13	21	-428
14	15	-956
14	16	100
14	17	-12
14	18	452
14	19	2036
14	20	364
14	21	516
15	16	1220
15	17	628
15	18	-1068
15	19	-716
15	20	956
15	21	3972
16	17	-2188
16	18	-2124
16	19	164
16	20	-2036
16	21	1156
17	18	-1836
17	19	-252
17	20	1948
17	21	868
18	19	1748
18	20	-452
18	21	-2364
19	20	-100
19	21	1156
20	21	1420
