0	1	-3204
0	2	564
0	3	-228
0	4	140
0	5	-3204
0	6	828
0	7	-1708
0	8	-492
0	9	-3908
0	10	1812
0	11	-52
0	12	3220
0	13	300
0	14	-476
0	15	2148
0	16	1796
0	17	-1284
0	18	388
0	19	-2340
0	20	-2076
0	21	-2060
1	2	1092
1	3	-1636
1	4	-2324
1	5	4012
1	6	-580
1	7	-2236
1	8	1972
1	9	1372
1	10	-652
1	11	2412
1	12	-1180
1	13	2764
1	14	932
1	15	740
1	16	-1548
1	17	-2692
1	18	2852
1	19	2060
1	20	2324
1	21	5156
2	3	-1532
2	4	-2252
2	5	3028
2	6	-2588
2	7	-404
2	8	-1268
2	9	-4012
2	10	1884
2	11	228
2	12	-1460
2	13	-124
2	14	2236
2	15	1900
2	16	316
2	17	-476
2	18	1724
2	19	-1356
2	20	-1620
2	21	1884
3	4	828
3	5	-1636
3	6	140
3	7	740
3	8	-4348
3	9	-932
3	10	3028
3	11	-916
3	12	1620
3	13	668
3	14	-492
3	15	756
3	16	-2764
3	17	2252
3	18	580
3	19	-2500
3	20	-828
3	21	-844
4	5	-2324
4	6	-52
4	7	1108
4	8	564
4	9	-1092
4	10	-1180
4	11	2940
4	12	228
4	13	-580
4	14	-1532
4	15	-2604
4	16	-1020
4	17	-228
4	18	1444
4	19	-1284
4	20	-1020
4	21	-3116
5	6	-2516
5	7	-300
5	8	36
5	9	-564
5	10	-652
5	11	476
5	12	-1180
5	13	828
5	14	2868
5	15	-1196
5	16	388
5	17	1180
5	18	916
5	19	3996
5	20	4260
5	21	3220
6	7	-2076
6	8	-1532
6	9	2060
6	10	-1724
6	11	-36
6	12	2676
6	13	-388
6	14	564
6	15	1636
6	16	-1884
6	17	1196
6	18	-4348
6	19	-1620
6	20	1988
6	21	2148
7	8	-1460
7	9	-1004
7	10	-3028
7	11	916
7	12	-1620
7	13	-668
7	14	-1444
7	15	-2692
7	16	-1108
7	17	1620
7	18	-580
7	19	564
7	20	-1108
7	21	-3028
8	9	2676
8	10	-1108
8	11	1284
8	12	-580
8	13	2868
8	14	1180
8	15	-916
8	16	1372
8	17	-3292
8	18	844
8	19	1636
8	20	-564
8	21	828
9	10	-1356
9	11	1180
9	12	52
9	13	-404
9	14	-1708
9	15	-2428
9	16	1092
9	17	-1988
9	18	-2252
9	19	2764
9	20	3028
9	21	580
10	11	-668
10	12	3836
10	13	3556
10	14	-1796
10	15	1532
10	16	1180
10	17	-1900
10	18	1708
10	19	916
10	20	-756
10	21	492
11	12	1796
11	13	2428
11	14	-316
11	15	-3292
11	16	-1004
11	17	-3732
11	18	2340
11	19	1196
11	20	932
11	21	-668
12	13	2148
12	14	-2324
12	15	124
12	16	-2164
12	17	564
12	18	300
12	19	1444
12	20	1708
12	21	-1972
13	14	36
13	15	-1708
13	16	580
13	17	-2148
13	18	52
13	19	844
13	20	-1356
13	21	1620
14	15	1884
14	16	-404
14	17	388
14	18	124
14	19	-668
14	20	1532
14	21	2076
15	16	-3204
15	17	1812
15	18	140
15	19	-2940
15	20	-1268
15	21	3468
16	17	-1708
16	18	-1444
16	19	1284
16	20	-916
16	21	-756
17	18	-4172
17	19	-1444
17	20	-1708
17	21	36
18	19	756
18	20	492
18	21	-228
19	20	5156
19	21	916
20	21	1180
