0	1	-476
0	2	5372
0	3	6324
0	4	-3740
0	5	3060
0	6	1972
0	7	-4012
0	8	-1700
0	9	-1700
0	10	-1700
0	11	3876
0	12	-3332
0	13	4012
0	14	1972
0	15	1836
0	16	-4420
0	17	4284
0	18	-5508
0	19	4148
0	20	-4012
0	21	1020
0	22	-1972
0	23	-2788
0	24	4148
0	25	748
0	26	3740
0	27	1428
0	28	-1156
0	29	-3876
0	30	-3332
0	31	-1836
0	32	-476
0	33	1972
1	2	-6188
1	3	-5508
1	4	2924
1	5	748
1	6	-1156
1	7	-6052
1	8	884
1	9	-2108
1	10	5508
1	11	-68
1	12	2516
1	13	-3196
1	14	-1156
1	15	3604
1	16	-1020
1	17	4148
1	18	1700
1	19	-3332
1	20	204
1	21	-204
1	22	-3468
1	23	3604
1	24	1292
1	25	-4556
1	26	4692
1	27	-2244
1	28	1972
1	29	3060
1	30	-476
1	31	-3604
1	32	1292
1	33	-1156
2	3	9860
2	4	-2652
2	5	-476
2	6	884
2	7	1700
2	8	-612
2	9	1836
2	10	-5236
2	11	4964
2	12	-2244
2	13	7548
2	14	884
2	15	-3876
2	16	-3332
2	17	748
2	18	-1972
2	19	3060
2	20	-476
2	21	4556
2	22	3740
2	23	-3876
2	24	-1564
2	25	8908
2	26	204
2	27	2516
2	28	-2244
2	29	-2788
2	30	204
2	31	3876
2	32	-1564
2	33	884
3	4	-4148
3	5	-1700
3	6	1292
3	7	748
3	8	-1564
3	9	340
3	10	-6188
3	11	6732
3	12	68
3	13	8500
3	14	1292
3	15	-3196
3	16	-3468
3	17	1700
3	18	-476
3	19	3740
3	20	-1972
3	21	2244
3	22	3332
3	23	-3196
3	24	-884
3	25	7140
3	26	2244
3	27	4556
3	28	-4828
3	29	-4012
3	30	1972
3	31	3196
3	32	-884
3	33	1292
4	5	-340
4	6	5372
4	7	1836
4	8	-476
4	9	-2924
4	10	4148
4	11	-4148
4	12	2516
4	13	-1836
4	14	748
4	15	612
4	16	-3196
4	17	884
4	18	2516
4	19	2924
4	20	-612
4	21	-204
4	22	-748
4	23	5236
4	24	-1700
4	25	-5100
4	26	-4284
4	27	-1972
4	28	-2380
4	29	1972
4	30	-4556
4	31	-612
4	32	-1700
4	33	5372
5	6	-1428
5	7	-5236
5	8	1700
5	9	4148
5	10	1700
5	11	-6596
5	12	-9180
5	13	-4012
5	14	3196
5	15	-1564
5	16	-1020
5	17	-6188
5	18	340
5	19	748
5	20	-2788
5	21	-2380
5	22	-3196
5	23	-6188
5	24	5372
5	25	-2652
5	26	-2108
5	27	204
5	28	68
5	29	4148
5	30	-2108
5	31	1564
5	32	748
5	33	-1428
6	7	1020
6	8	-5916
6	9	-9180
6	10	-1292
6	11	2380
6	12	4964
6	13	-1020
6	14	1020
6	15	1156
6	16	-3196
6	17	1972
6	18	-748
6	19	8092
6	20	-2244
6	21	-2652
6	22	-1020
6	23	5780
6	24	-1156
6	25	-2380
6	26	-2108
6	27	204
6	28	-5100
6	29	884
6	30	-7548
6	31	-5780
6	32	-1156
6	33	5644
7	8	3876
7	9	1972
7	10	-5372
7	11	204
7	12	2244
7	13	3060
7	14	1020
7	15	-3740
7	16	1156
7	17	612
7	18	2788
7	19	-1428
7	20	-340
7	21	4692
7	22	-1020
7	23	884
7	24	-1428
7	25	-204
7	26	-4556
7	27	2380
7	28	2516
7	29	-2924
7	30	340
7	31	3740
7	32	-1428
7	33	1020
8	9	8908
8	10	-3060
8	11	-2108
8	12	-4692
8	13	748
8	14	3332
8	15	-1428
8	16	-1156
8	17	-1700
8	18	5100
8	19	-8364
8	20	1972
8	21	7004
8	22	-3332
8	23	-6052
8	24	884
8	25	-2516
8	26	2380
8	27	4692
8	28	4828
8	29	-612
8	30	2652
8	31	6052
8	32	884
8	33	-1292
9	10	-340
9	11	-5916
9	12	-7956
9	13	2652
9	14	68
9	15	-4420
9	16	2380
9	17	-6324
9	18	2924
9	19	-6732
9	20	1428
9	21	5644
9	22	-68
9	23	-9044
9	24	2516
9	25	1292
9	26	-1156
9	27	1156
9	28	3196
9	29	-2788
9	30	5372
9	31	9044
9	32	-2108
9	33	-4556
10	11	-6732
10	12	-68
10	13	-3876
10	14	-5916
10	15	3196
10	16	3468
10	17	-1700
10	18	-4148
10	19	884
10	20	1972
10	21	-2244
10	22	1292
10	23	3196
10	24	884
10	25	-2516
10	26	-2244
10	27	-9180
10	28	204
10	29	-612
10	30	-1972
10	31	-3196
10	32	-3740
10	33	-1292
11	12	5508
11	13	4420
11	14	2380
11	15	2244
11	16	-4828
11	17	8500
11	18	-476
11	19	-68
11	20	1020
11	21	1428
11	22	2244
11	23	2244
11	24	-4692
11	25	5780
11	26	7956
11	27	5644
11	28	-748
11	29	340
11	30	1700
11	31	-2244
11	32	4556
11	33	2380
12	13	2380
12	14	-4284
12	15	204
12	16	1836
12	17	5916
12	18	2108
12	19	2516
12	20	-1020
12	21	-612
12	22	-340
12	23	9452
12	24	-2108
12	25	-884
12	26	748
12	27	-1564
12	28	-2788
12	29	-2244
12	30	-340
12	31	-4828
12	32	-2108
12	33	340
13	14	-1020
13	15	-5508
13	16	-1156
13	17	4012
13	18	1836
13	19	1428
13	20	-4284
13	21	4556
13	22	1020
13	23	-884
13	24	1428
13	25	4828
13	26	-68
13	27	2244
13	28	-2516
13	29	-6324
13	30	4284
13	31	5508
13	32	-3196
13	33	-1020
14	15	1156
14	16	-7820
14	17	1972
14	18	3876
14	19	-1156
14	20	-2244
14	21	-2652
14	22	-1020
14	23	-3468
14	24	-1156
14	25	-2380
14	26	2516
14	27	9452
14	28	-476
14	29	5508
14	30	1700
14	31	3468
14	32	8092
14	33	5644
15	16	-3332
15	17	1836
15	18	-5236
15	19	-1020
15	20	7140
15	21	-2516
15	22	3468
15	23	1292
15	24	-5644
15	25	-2244
15	26	7004
15	27	68
15	28	-340
15	29	748
15	30	-2788
15	31	-5916
15	32	3604
15	33	5780
16	17	-4420
16	18	-1428
16	19	-1020
16	20	68
16	21	476
16	22	-1428
16	23	1292
16	24	3604
16	25	204
16	26	-4964
16	27	-7276
16	28	2924
16	29	-3332
16	30	748
16	31	-1292
16	32	-5644
16	33	-7820
17	18	-884
17	19	-476
17	20	-4012
17	21	1020
17	22	-1972
17	23	6460
17	24	-476
17	25	748
17	26	3740
17	27	1428
17	28	3468
17	29	748
17	30	1292
17	31	-1836
17	32	4148
17	33	1972
18	19	-2924
18	20	-4012
18	21	204
18	22	-3876
18	23	-612
18	24	1700
18	25	-4148
18	26	-340
18	27	6596
18	28	-2244
18	29	2652
18	30	4556
18	31	5236
18	32	1700
18	33	-748
19	20	-4420
19	21	-4828
19	22	1156
19	23	3604
19	24	1292
19	25	68
19	26	-4556
19	27	-2244
19	28	-7276
19	29	-1564
19	30	-5100
19	31	-3604
19	32	-3332
19	33	3468
20	21	3332
20	22	6868
20	23	-2108
20	24	-9044
20	25	3604
20	26	5780
20	27	-1156
20	28	884
20	29	-476
20	30	-1564
20	31	-2516
20	32	204
20	33	2380
21	22	-1972
21	23	-2516
21	24	-204
21	25	3196
21	26	1564
21	27	-748
21	28	5100
21	29	-4692
21	30	-1972
21	31	2516
21	32	-4828
21	33	-2652
22	23	-1156
22	24	-8092
22	25	7004
22	26	2108
22	27	-204
22	28	-4148
22	29	-884
22	30	2924
22	31	1156
22	32	1156
22	33	3604
23	24	-1020
23	25	-2244
23	26	-2244
23	27	-4556
23	28	-340
23	29	748
23	30	-2788
23	31	-5916
23	32	-1020
23	33	1156
24	25	-4556
24	26	-4556
24	27	-2244
24	28	1972
24	29	-1564
24	30	-476
24	31	1020
24	32	-3332
24	33	-5780
25	26	1292
25	27	-1020
25	28	748
25	29	-340
25	30	2924
25	31	2244
25	32	68
25	33	-2380
26	27	5508
26	28	-612
26	29	204
26	30	1836
26	31	-2380
26	32	4692
26	33	2516
27	28	-2924
27	29	2516
27	30	4148
27	31	4556
27	32	7004
27	33	4828
28	29	2380
28	30	204
28	31	340
28	32	1972
28	33	-5100
29	30	204
29	31	-748
29	32	7684
29	33	884
30	31	7412
30	32	4148
30	33	-2924
31	32	1020
31	33	-1156
32	33	3468
