0	1	-168
0	2	1056
0	3	-4928
0	4	5272
0	5	7312
0	6	784
0	7	3096
0	8	1328
0	9	3368
0	10	-2480
0	11	4248
0	12	32
0	13	2888
0	14	784
0	15	512
0	16	984
0	17	1664
0	18	-440
0	19	-1936
0	20	376
0	21	2888
0	22	1256
0	23	2888
0	24	-512
0	25	-648
0	26	-2208
0	27	784
0	28	-5000
0	29	-1120
0	30	-6496
0	31	1328
0	32	-2552
0	33	-1120
1	2	-1600
1	3	4384
1	4	-1192
1	5	1392
1	6	-1328
1	7	-3640
1	8	2752
1	9	712
1	10	1936
1	11	5544
1	12	5136
1	13	-6968
1	14	-1328
1	15	-1056
1	16	-5064
1	17	3504
1	18	4520
1	19	1392
1	20	-920
1	21	-2344
1	22	3912
1	23	-6968
1	24	1056
1	25	5816
1	26	-2960
1	27	-1328
1	28	920
1	29	576
1	30	7040
1	31	-1872
1	32	3096
1	33	5200
2	3	-1464
2	4	2208
2	5	-4456
2	6	-2552
2	7	-240
2	8	1528
2	9	-5136
2	10	712
2	11	-2480
2	12	1736
2	13	3504
2	14	-2552
2	15	-2280
2	16	784
2	17	-9144
2	18	-1328
2	19	-4456
2	20	2480
2	21	3504
2	22	-4112
2	23	3504
2	24	2280
2	25	-6832
2	26	440
2	27	2072
2	28	-2480
2	29	-648
2	30	-984
2	31	1528
2	32	-304
2	33	-5272
3	4	-5680
3	5	-3096
3	6	3432
3	7	-3504
3	8	-1736
3	9	848
3	10	2072
3	11	784
3	12	376
3	13	-2480
3	14	-1192
3	15	3704
3	16	-576
3	17	3368
3	18	4656
3	19	1528
3	20	-784
3	21	-2480
3	22	3776
3	23	-2480
3	24	5544
3	25	1056
3	26	-2824
3	27	-5816
3	28	5408
3	29	5336
3	30	2280
3	31	-1736
3	32	-1664
3	33	712
4	5	5200
4	6	2480
4	7	4792
4	8	1936
4	9	4520
4	10	1120
4	11	1736
4	12	5952
4	13	3096
4	14	-2144
4	15	-6496
4	16	5000
4	17	-304
4	18	-5544
4	19	576
4	20	2888
4	21	3096
4	22	104
4	23	3096
4	24	-2752
4	25	2008
4	26	5472
4	27	2480
4	28	-2888
4	29	-240
4	30	-1392
4	31	1936
4	32	3912
4	33	-240
5	6	5064
5	7	2752
5	8	-104
5	9	7104
5	10	-920
5	11	8400
5	12	-1256
5	13	512
5	14	440
5	15	712
5	16	2416
5	17	6360
5	18	-2960
5	19	3160
5	20	848
5	21	512
5	22	6768
5	23	512
5	24	-5336
5	25	4048
5	26	-1192
5	27	440
5	28	-848
5	29	-2280
5	30	-3976
5	31	-104
5	32	1328
5	33	2344
6	7	32
6	8	-7448
6	9	9008
6	10	984
6	11	1872
6	12	-3160
6	13	3232
6	14	-2280
6	15	2616
6	16	5136
6	17	4456
6	18	-1056
6	19	5064
6	20	2752
6	21	3232
6	22	4864
6	23	3232
6	24	2008
6	25	2144
6	26	712
6	27	-6904
6	28	1872
6	29	4248
6	30	-5880
6	31	-2824
6	32	-576
6	33	-376
7	8	4112
7	9	2072
7	10	3296
7	11	-440
7	12	3776
7	13	5544
7	14	32
7	15	304
7	16	7448
7	17	2144
7	18	-3368
7	19	-6496
7	20	-4184
7	21	-3704
7	22	-2072
7	23	5544
7	24	-4928
7	25	-4792
7	26	-1600
7	27	4656
7	28	4184
7	29	-2688
7	30	-3568
7	31	8736
7	32	-2888
7	33	-7312
8	9	-5408
8	10	440
8	11	2416
8	12	6632
8	13	-848
8	14	1800
8	15	-2552
8	16	1056
8	17	376
8	18	-1600
8	19	-4728
8	20	-2416
8	21	-5472
8	22	784
8	23	-848
8	24	-2072
8	25	-1936
8	26	168
8	27	6424
8	28	2416
8	29	-920
8	30	3912
8	31	5880
8	32	-32
8	33	-920
9	10	3024
9	11	4456
9	12	-576
9	13	1192
9	14	-240
9	15	32
9	16	3096
9	17	7040
9	18	984
9	19	2480
9	20	168
9	21	1192
9	22	2824
9	23	1192
9	24	-32
9	25	4728
9	26	-1872
9	27	-4864
9	28	-168
9	29	1664
9	30	-3296
9	31	-784
9	32	2008
9	33	1664
10	11	3232
10	12	2824
10	13	-32
10	14	984
10	15	-3368
10	16	1872
10	17	1192
10	18	2208
10	19	-5544
10	20	-3232
10	21	-4656
10	22	-3024
10	23	-32
10	24	-1256
10	25	-1120
10	26	-5272
10	27	984
10	28	3232
10	29	-1736
10	30	4728
10	31	5064
10	32	5408
10	33	-1736
11	12	-1056
11	13	-2824
11	14	1872
11	15	-3024
11	16	-104
11	17	5200
11	18	648
11	19	-848
11	20	-3160
11	21	-2824
11	22	4792
11	23	-2824
11	24	-1600
11	25	2888
11	26	-5744
11	27	1872
11	28	-1464
11	29	-32
11	30	1664
11	31	2416
11	32	5608
11	33	4592
12	13	-2416
12	14	-3160
12	15	-3432
12	16	304
12	17	984
12	18	240
12	19	-1256
12	20	1056
12	21	-2416
12	22	576
12	23	-2416
12	24	-1192
12	25	3296
12	26	3096
12	27	1464
12	28	3568
12	29	-440
12	30	6696
12	31	2008
12	32	1392
12	33	-440
13	14	3232
13	15	2960
13	16	7784
13	17	-784
13	18	-2616
13	19	-4112
13	20	2824
13	21	440
13	22	-1192
13	23	9688
13	24	1664
13	25	-7720
13	26	240
13	27	-1392
13	28	1800
13	29	1328
13	30	-8944
13	31	3776
13	32	-5000
13	33	-7920
14	15	2616
14	16	512
14	17	4456
14	18	3568
14	19	-4184
14	20	2752
14	21	-6016
14	22	240
14	23	3232
14	24	2008
14	25	-2480
14	26	-3912
14	27	-2280
14	28	1872
14	29	-376
14	30	-1256
14	31	1800
14	32	-576
14	33	-376
15	16	240
15	17	4184
15	18	3840
15	19	712
15	20	3024
15	21	-1664
15	22	4592
15	23	2960
15	24	1736
15	25	-2752
15	26	-3640
15	27	-6632
15	28	6224
15	29	-104
15	30	-6152
15	31	-2552
15	32	-10096
15	33	-4728
16	17	1936
16	18	-5336
16	19	-2208
16	20	104
16	21	-1464
16	22	1528
16	23	7784
16	24	-240
16	25	-5000
16	26	2144
16	27	512
16	28	4520
16	29	3232
16	30	-6224
16	31	5680
16	32	-2280
16	33	-6016
17	18	3232
17	19	1736
17	20	-576
17	21	-5408
17	22	6832
17	23	-784
17	24	440
17	25	4928
17	26	-3160
17	27	-4792
17	28	5200
17	29	2552
17	30	-920
17	31	376
17	32	-1600
17	33	2552
18	19	-2960
18	20	-648
18	21	-2616
18	22	-984
18	23	-2616
18	24	5408
18	25	920
18	26	-7312
18	27	-5680
18	28	648
18	29	848
18	30	2144
18	31	-1600
18	32	-1800
18	33	848
19	20	5472
19	21	5136
19	22	6768
19	23	-4112
19	24	-712
19	25	8672
19	26	8056
19	27	-4184
19	28	-848
19	29	2344
19	30	648
19	31	-9352
19	32	1328
19	33	6968
20	21	2824
20	22	4456
20	23	2824
20	24	1600
20	25	1736
20	26	5744
20	27	-6496
20	28	1464
20	29	32
20	30	-1664
20	31	-7040
20	32	-984
20	33	32
21	22	-1192
21	23	440
21	24	1664
21	25	1528
21	26	4864
21	27	-1392
21	28	-7448
21	29	1328
21	30	-4320
21	31	-5472
21	32	-376
21	33	1328
22	23	-1192
22	24	32
22	25	4520
22	26	1872
22	27	-4384
22	28	4792
22	29	2960
22	30	-1328
22	31	-3840
22	32	-2008
22	33	2960
23	24	1664
23	25	-7720
23	26	240
23	27	-1392
23	28	1800
23	29	1328
23	30	-8944
23	31	3776
23	32	-5000
23	33	-7920
24	25	-1872
24	26	-984
24	27	-7240
24	28	-1600
24	29	9352
24	30	-3096
24	31	-2072
24	32	-3776
24	33	104
25	26	3776
25	27	-2480
25	28	-1736
25	29	240
25	30	6016
25	31	-6560
25	32	5336
25	33	9488
26	27	712
26	28	-1120
26	29	2616
26	30	376
26	31	-4456
26	32	1056
26	33	2616
27	28	-2752
27	29	-5000
27	30	3368
27	31	6424
27	32	4048
27	33	-376
28	29	-32
28	30	1664
28	31	2416
28	32	-3640
28	33	-4656
29	30	-3160
29	31	-920
29	32	-2480
29	33	1528
30	31	-712
30	32	8736
30	33	6088
31	32	-32
31	33	-5544
32	33	6768
