0	1	2348
0	2	-2204
0	3	3788
0	4	4420
0	5	4564
0	6	-2204
0	7	388
0	8	2636
0	9	-5716
0	10	-3932
0	11	-620
0	12	-6380
0	13	908
0	14	4708
0	15	3644
0	16	-5660
0	17	6524
0	18	-6524
0	19	-3212
0	20	6380
0	21	6580
0	22	-4996
0	23	532
0	24	4420
0	25	-5284
0	26	1252
0	27	100
0	28	-6580
0	29	332
0	30	8108
0	31	908
0	32	7820
0	33	-8164
0	34	8684
0	35	-2260
1	2	1484
1	3	7300
1	4	5228
1	5	-100
1	6	6668
1	7	4076
1	8	8452
1	9	1252
1	10	-1972
1	11	5084
1	12	476
1	13	-5372
1	14	4940
1	15	-2924
1	16	-244
1	17	-620
1	18	-9748
1	19	7676
1	20	4708
1	21	8252
1	22	-4652
1	23	-1252
1	24	-5140
1	25	820
1	26	-7156
1	27	4364
1	28	2116
1	29	388
1	30	-2204
1	31	-188
1	32	3268
1	33	3700
1	34	-2780
1	35	-12572
2	3	-7444
2	4	-5084
2	5	244
2	6	3844
2	7	6436
2	8	1772
2	9	3788
2	10	2116
2	11	5428
2	12	4852
2	13	5228
2	14	388
2	15	-2404
2	16	-4796
2	17	476
2	18	-10844
2	19	-7532
2	20	5516
2	21	2260
2	22	4508
2	23	6580
2	24	100
2	25	9404
2	26	-3068
2	27	6148
2	28	13292
2	29	-5716
2	30	-8308
2	31	44
2	32	1772
2	33	6524
2	34	7820
2	35	-8308
3	4	1484
3	5	1340
3	6	8108
3	7	5516
3	8	-3356
3	9	-5372
3	10	-10900
3	11	-9028
3	12	-3268
3	13	-1628
3	14	1196
3	15	-4364
3	16	1196
3	17	-2060
3	18	-3124
3	19	3932
3	20	3268
3	21	4508
3	22	-6092
3	23	188
3	24	-3700
3	25	-620
3	26	-10900
3	27	10988
3	28	-4508
3	29	-11420
3	30	6724
3	31	-1628
3	32	-3356
3	33	-2924
3	34	964
3	35	1540
4	5	6868
4	6	5284
4	7	-2492
4	8	10700
4	9	2348
4	10	-1628
4	11	-3500
4	12	-4076
4	13	-6580
4	14	-8540
4	15	-3844
4	16	-3356
4	17	9404
4	18	-4220
4	19	4276
4	20	-1108
4	21	3700
4	22	-7300
4	23	-7532
4	24	1540
4	25	-12772
4	26	3556
4	27	-2780
4	28	-3700
4	29	8396
4	30	620
4	31	3788
4	32	332
4	33	-100
4	34	6380
4	35	-4564
5	6	-4940
5	7	-2348
5	8	-4996
5	9	-8164
5	10	-11852
5	11	1828
5	12	1252
5	13	3644
5	14	-3212
5	15	1196
5	16	-8396
5	17	9260
5	18	-4076
5	19	-764
5	20	-1252
5	21	-1340
5	22	-7444
5	23	-7388
5	24	6868
5	25	2636
5	26	3700
5	27	-2636
5	28	-3844
5	29	3068
5	30	476
5	31	-6724
5	32	5372
5	33	-244
5	34	6236
5	35	476
6	7	1252
6	8	1772
6	9	3788
6	10	-8252
6	11	-10124
6	12	4852
6	13	-15508
6	14	388
6	15	-2404
6	16	-4796
6	17	476
6	18	-476
6	19	2836
6	20	10700
6	21	7444
6	22	-676
6	23	1396
6	24	-5084
6	25	-964
6	26	-8252
6	27	11332
6	28	8108
6	29	-5716
6	30	2060
6	31	44
6	32	-8596
6	33	6524
6	34	7820
6	35	-3124
7	8	-820
7	9	-3988
7	10	-476
7	11	8020
7	12	-2924
7	13	7820
7	14	2980
7	15	188
7	16	-7388
7	17	3068
7	18	-8252
7	19	244
7	20	2924
7	21	-332
7	22	7100
7	23	-1196
7	24	-7676
7	25	1628
7	26	-10844
7	27	13924
7	28	-4852
7	29	-8308
7	30	-5716
7	31	7820
7	32	4364
7	33	-1252
7	34	-5140
7	35	-532
8	9	6148
8	10	8684
8	11	188
8	12	764
8	13	-476
8	14	-5140
8	15	-8396
8	16	44
8	17	-908
8	18	-9460
8	19	7964
8	20	-764
8	21	-1828
8	22	-4940
8	23	-964
8	24	332
8	25	-9836
8	26	3500
8	27	-532
8	28	-3356
8	29	5284
8	30	-2492
8	31	-476
8	32	2980
8	33	-1772
8	34	7300
8	35	-2492
9	10	10700
9	11	-2980
9	12	-2404
9	13	-2492
9	14	-3124
9	15	-5228
9	16	7244
9	17	-8108
9	18	-2260
9	19	-388
9	20	-7964
9	21	10556
9	22	-6956
9	23	6236
9	24	-8020
9	25	-1484
9	26	332
9	27	-3700
9	28	10180
9	29	3268
9	30	-4508
9	31	-2492
9	32	-4220
9	33	1396
9	34	100
9	35	5860
10	11	3700
10	12	-2060
10	13	1772
10	14	-1340
10	15	-5860
10	16	9028
10	17	-8164
10	18	-2204
10	19	-4076
10	20	-8308
10	21	-4652
10	22	1052
10	23	4852
10	24	-6812
10	25	-4420
10	26	5572
10	27	-5948
10	28	4652
10	29	6380
10	30	-6580
10	31	6956
10	32	3500
10	33	3068
10	34	-6004
10	35	-1396
11	12	1252
11	13	8828
11	14	1972
11	15	1196
11	16	-3212
11	17	9260
11	18	-4076
11	19	-764
11	20	-1252
11	21	-1340
11	22	8108
11	23	-2204
11	24	-3500
11	25	2636
11	26	3700
11	27	-2636
11	28	1340
11	29	3068
11	30	476
11	31	-1540
11	32	5372
11	33	4940
11	34	-9316
11	35	-9892
12	13	-964
12	14	-8972
12	15	-3412
12	16	-8972
12	17	-5716
12	18	532
12	19	-1340
12	20	-676
12	21	-7100
12	22	3500
12	23	-2780
12	24	6292
12	25	8396
12	26	8308
12	27	-3212
12	28	1916
12	29	-1540
12	30	6236
12	31	-6148
12	32	-4420
12	33	10700
12	34	1628
12	35	-4132
13	14	-1684
13	15	-1484
13	16	-1684
13	17	820
13	18	-6004
13	19	-4132
13	20	-9404
13	21	-3556
13	22	1972
13	23	-2692
13	24	3788
13	25	7444
13	26	1772
13	27	-2260
13	28	-6812
13	29	-3356
13	30	-764
13	31	-3932
13	32	-476
13	33	-10412
13	34	-1340
13	35	4420
14	15	6236
14	16	2116
14	17	3932
14	18	1252
14	19	4564
14	20	8972
14	21	3988
14	22	7964
14	23	3124
14	24	-8540
14	25	7676
14	26	-6524
14	27	7876
14	28	1196
14	29	-2260
14	30	-4852
14	31	3500
14	32	44
14	33	-5572
14	34	-4276
14	35	332
15	16	1052
15	17	3268
15	18	7100
15	19	3788
15	20	3412
15	21	-820
15	22	4420
15	23	44
15	24	6524
15	25	-476
15	26	-676
15	27	-4708
15	28	-4364
15	29	4276
15	30	-3500
15	31	8884
15	32	1972
15	33	-7964
15	34	-4076
15	35	1684
16	17	-6436
16	18	6436
16	19	-620
16	20	-6580
16	21	-1196
16	22	-2404
16	23	3124
16	24	-8540
16	25	-2692
16	26	-1340
16	27	-2492
16	28	6380
16	29	-2260
16	30	-4852
16	31	3500
16	32	-5140
16	33	-388
16	34	-4276
16	35	332
17	18	-388
17	19	1484
17	20	5716
17	21	2060
17	22	6724
17	23	-7444
17	24	-964
17	25	-3356
17	26	2204
17	27	3356
17	28	-2060
17	29	1396
17	30	3988
17	31	820
17	32	-908
17	33	-476
17	34	3412
17	35	-6380
18	19	-1484
18	20	-532
18	21	-2060
18	22	8828
18	23	-8108
18	24	964
18	25	3356
18	26	2980
18	27	-3356
18	28	-3124
18	29	-1396
18	30	1196
18	31	-820
18	32	-9460
18	33	476
18	34	-3412
18	35	6380
19	20	6524
19	21	-3932
19	22	332
19	23	5572
19	24	-908
19	25	-5140
19	26	1108
19	27	-44
19	28	-6436
19	29	5660
19	30	-2116
19	31	1052
19	32	2780
19	33	-2836
19	34	-6724
19	35	3068
20	21	1916
20	22	6868
20	23	7964
20	24	-1108
20	25	1972
20	26	-3124
20	27	8396
20	28	3268
20	29	-3644
20	30	-1052
20	31	964
20	32	4420
20	33	4852
20	34	3556
20	35	-6236
21	22	-4276
21	23	-188
21	24	-1484
21	25	620
21	26	-9836
21	27	4564
21	28	4508
21	29	-4132
21	30	3644
21	31	-3556
21	32	-1828
21	33	-2260
21	34	4220
21	35	-1540
22	23	-3412
22	24	-2116
22	25	8164
22	26	1052
22	27	7388
22	28	-908
22	29	-7820
22	30	-44
22	31	7156
22	32	-4940
22	33	5860
22	34	-5804
22	35	-5228
23	24	-2348
23	25	-3700
23	26	-332
23	27	-1484
23	28	10556
23	29	1916
23	30	-676
23	31	2492
23	32	9404
23	33	3788
23	34	-5284
23	35	-676
24	25	-2404
24	26	3556
24	27	-7964
24	28	-8884
24	29	3212
24	30	5804
24	31	-1396
24	32	5516
24	33	-5284
24	34	6380
24	35	620
25	26	764
25	27	1916
25	28	4564
25	29	-7532
25	30	-4940
25	31	-8108
25	32	-9836
25	33	964
25	34	-332
25	35	244
26	27	-16316
26	28	-532
26	29	11564
26	30	3788
26	31	-3412
26	32	-1684
26	33	3068
26	34	-820
26	35	-1396
27	28	620
27	29	-18388
27	30	-244
27	31	2924
27	32	-532
27	33	4220
27	34	5516
27	35	-244
28	29	-1052
28	30	-3644
28	31	-1628
28	32	-3356
28	33	12628
28	34	964
28	35	-8828
29	30	-5372
29	31	1828
29	32	5284
29	33	-4652
29	34	-5948
29	35	-188
30	31	-5948
30	32	-2492
30	33	3124
30	34	1828
30	35	-2780
31	32	4708
31	33	-44
31	34	-6524
31	35	-5948
32	33	3412
32	34	-3068
32	35	-2492
33	34	-2636
33	35	-12428
34	35	1828
