0	1	3792
0	2	1968
0	3	-4944
0	4	-14496
0	5	-1536
0	6	-5712
0	7	-1680
0	8	-2064
0	9	2208
0	10	1344
0	11	7152
0	12	2112
0	13	-9120
0	14	-336
0	15	-3264
0	16	3360
0	17	-8256
0	18	-4560
0	19	-11136
0	20	-7392
0	21	6432
0	22	8544
0	23	3696
0	24	-2496
0	25	-1776
0	26	480
0	27	-960
0	28	8304
0	29	-1776
0	30	1248
0	31	1776
0	32	10992
0	33	2784
0	34	-3216
0	35	240
1	2	5520
1	3	-3120
1	4	-3360
1	5	-5952
1	6	-1776
1	7	14928
1	8	4368
1	9	-4512
1	10	6720
1	11	336
1	12	-4992
1	13	1056
1	14	-2544
1	15	-9408
1	16	-480
1	17	-10176
1	18	-2928
1	19	-2112
1	20	-5856
1	21	6240
1	22	-480
1	23	3792
1	24	-384
1	25	4080
1	26	2400
1	27	-6528
1	28	4368
1	29	4080
1	30	1056
1	31	-4080
1	32	2256
1	33	96
1	34	336
1	35	-3120
2	3	3696
2	4	-2400
2	5	-4992
2	6	6384
2	7	5232
2	8	-3792
2	9	-1248
2	10	13440
2	11	-10128
2	12	-4800
2	13	4704
2	14	-2064
2	15	-1536
2	16	5088
2	17	384
2	18	2352
2	19	-2496
2	20	6432
2	21	-480
2	22	-96
2	23	1968
2	24	-9408
2	25	6864
2	26	2208
2	27	768
2	28	6576
2	29	1680
2	30	-480
2	31	8688
2	32	2352
2	33	-5856
2	34	240
2	35	8880
3	4	9696
3	5	7104
3	6	2928
3	7	1776
3	8	4848
3	9	-9888
3	10	4800
3	11	-11856
3	12	-6528
3	13	2976
3	14	1392
3	15	-4992
3	16	1632
3	17	3840
3	18	-6288
3	19	-9408
3	20	4704
3	21	2976
3	22	1632
3	23	10608
3	24	-5952
3	25	-48
3	26	3936
3	27	7680
3	28	-5520
3	29	5136
3	30	-7392
3	31	-5136
3	32	-6288
3	33	11424
3	34	8880
3	35	-3216
4	5	7152
4	6	960
4	7	2112
4	8	1632
4	9	-12144
4	10	-912
4	11	-2400
4	12	-7728
4	13	3504
4	14	-96
4	15	-1488
4	16	-2928
4	17	2640
4	18	-192
4	19	336
4	20	1776
4	21	-1680
4	22	-13296
4	23	6240
4	24	-3120
4	25	6528
4	26	-5232
4	27	1392
4	28	-8736
4	29	-3840
4	30	-1680
4	31	-6528
4	32	-10560
4	33	8016
4	34	2784
4	35	-672
5	6	-1632
5	7	-480
5	8	4224
5	9	-4368
5	10	-3504
5	11	192
5	12	48
5	13	-4272
5	14	-2688
5	15	-4080
5	16	-10704
5	17	10416
5	18	-2784
5	19	-2256
5	20	-816
5	21	-9456
5	22	-5520
5	23	-1536
5	24	4656
5	25	3936
5	26	2544
5	27	3984
5	28	-6144
5	29	9120
5	30	912
5	31	6432
5	32	-7968
5	33	5424
5	34	192
5	35	-3264
6	7	3696
6	8	-10320
6	9	-192
6	10	-4512
6	11	-3984
6	12	11424
6	13	1920
6	14	-1680
6	15	5280
6	16	-1344
6	17	6240
6	18	6576
6	19	3936
6	20	5376
6	21	1920
6	22	-1344
6	23	4656
6	24	-4704
6	25	-240
6	26	-3648
6	27	-7392
6	28	5232
6	29	-5424
6	30	-3264
6	31	240
6	32	-3792
6	33	-5952
6	34	-3984
6	35	-2256
7	8	-1104
7	9	-9408
7	10	7008
7	11	-5136
7	12	-96
7	13	768
7	14	-2832
7	15	-3936
7	16	-5376
7	17	-5280
7	18	-2640
7	19	-2400
7	20	-6144
7	21	768
7	22	-192
7	23	8688
7	24	4512
7	25	8976
7	26	-2496
7	27	-6240
7	28	-1104
7	29	3792
7	30	768
7	31	-3792
7	32	-2640
7	33	384
7	34	48
7	35	1776
8	9	-2400
8	10	1920
8	11	-3792
8	12	-8832
8	13	672
8	14	9456
8	15	-7872
8	16	3936
8	17	-3648
8	18	1200
8	19	-1344
8	20	-2784
8	21	5856
8	22	3936
8	23	-2064
8	24	-3072
8	25	2832
8	26	6240
8	27	9984
8	28	-2640
8	29	13200
8	30	5856
8	31	-2832
8	32	6384
8	33	3360
8	34	1392
8	35	-10704
9	10	-7248
9	11	3936
9	12	3792
9	13	-528
9	14	-4128
9	15	2544
9	16	6288
9	17	3792
9	18	3840
9	19	6672
9	20	2928
9	21	-528
9	22	1104
9	23	-13344
9	24	3216
9	25	-7872
9	26	-1200
9	27	5424
9	28	7968
9	29	2496
9	30	-528
9	31	2688
9	32	3840
9	33	-3504
9	34	3936
9	35	5664
10	11	-12480
10	12	-7440
10	13	-1392
10	14	192
10	15	-6960
10	16	1968
10	17	-2256
10	18	-5664
10	19	-4560
10	20	7248
10	21	3792
10	22	1968
10	23	1344
10	24	-2832
10	25	6816
10	26	-336
10	27	1104
10	28	-3264
10	29	1632
10	30	-1392
10	31	3552
10	32	-480
10	33	-2640
10	34	-2112
10	35	4800
11	12	5568
11	13	-480
11	14	-2064
11	15	3648
11	16	-5280
11	17	-4800
11	18	-2832
11	19	-2496
11	20	-9120
11	21	-5664
11	22	-5280
11	23	1968
11	24	960
11	25	-8688
11	26	2208
11	27	-4416
11	28	6576
11	29	-8688
11	30	4704
11	31	3504
11	32	2352
11	33	-672
11	34	-4944
11	35	-1488
12	13	-5520
12	14	3264
12	15	8688
12	16	-10608
12	17	5712
12	18	7392
12	19	2832
12	20	1392
12	21	-5520
12	22	4944
12	23	2112
12	24	1104
12	25	-8544
12	26	-3120
12	27	-4560
12	28	1536
12	29	-3360
12	30	-336
12	31	8544
12	32	2208
12	33	-11184
12	34	-9984
12	35	3840
13	14	2400
13	15	9552
13	16	624
13	17	-336
13	18	-2112
13	19	1968
13	20	-4656
13	21	-6384
13	22	624
13	23	6432
13	24	-10128
13	25	960
13	26	8112
13	27	-3696
13	28	5856
13	29	960
13	30	-1200
13	31	-960
13	32	3072
13	33	5232
13	34	4704
13	35	2976
14	15	768
14	16	2208
14	17	-1920
14	18	9840
14	19	384
14	20	-6240
14	21	-2784
14	22	12576
14	23	4848
14	24	-6528
14	25	-624
14	26	-672
14	27	3072
14	28	-912
14	29	4560
14	30	-2784
14	31	5808
14	32	4656
14	33	-3552
14	34	-2064
14	35	1392
15	16	-3792
15	17	3504
15	18	4128
15	19	6384
15	20	-2544
15	21	-6000
15	22	1392
15	23	1920
15	24	-2256
15	25	2208
15	26	4272
15	27	-4656
15	28	7680
15	29	-8160
15	30	4368
15	31	2976
15	32	9312
15	33	-3216
15	34	-1536
15	35	5376
16	17	-5424
16	18	-2496
16	19	-2544
16	20	-1104
16	21	10992
16	22	5136
16	23	-1824
16	24	-816
16	25	3648
16	26	-2352
16	27	4272
16	28	3936
16	29	-1536
16	30	624
16	31	-8832
16	32	2688
16	33	5712
16	34	5088
16	35	-3552
17	18	2208
17	19	8016
17	20	6576
17	21	-10704
17	22	-240
17	23	-8256
17	24	1104
17	25	1824
17	26	2064
17	27	-4560
17	28	-8832
17	29	7008
17	30	-10704
17	31	8544
17	32	-8160
17	33	-816
17	34	384
17	35	3840
18	19	15456
18	20	1344
18	21	-2112
18	22	2688
18	23	-9744
18	24	-3552
18	25	912
18	26	-4800
18	27	1824
18	28	1200
18	29	6096
18	30	-2112
18	31	4272
18	32	5424
18	33	-12288
18	34	2352
18	35	4080
19	20	3696
19	21	-3216
19	22	-2544
19	23	-16320
19	24	3408
19	25	4128
19	26	-240
19	27	-6864
19	28	-1344
19	29	4128
19	30	-3216
19	31	1056
19	32	-96
19	33	-8304
19	34	2688
19	35	960
20	21	5712
20	22	-6288
20	23	-7392
20	24	-3216
20	25	-7680
20	26	1200
20	27	4944
20	28	-2784
20	29	-2496
20	30	528
20	31	2496
20	32	-3840
20	33	-6864
20	34	-3936
20	35	-480
21	22	624
21	23	1248
21	24	-4944
21	25	960
21	26	-2256
21	27	1488
21	28	5856
21	29	-4224
21	30	3984
21	31	-16512
21	32	8256
21	33	5232
21	34	-480
21	35	-12576
22	23	3360
22	24	-816
22	25	-1536
22	26	2832
22	27	-912
22	28	-1248
22	29	8832
22	30	-4560
22	31	1536
22	32	7872
22	33	528
22	34	-96
22	35	1632
23	24	-7680
23	25	-1776
23	26	480
23	27	-960
23	28	3120
23	29	-6960
23	30	1248
23	31	-3408
23	32	624
23	33	7968
23	34	-3216
23	35	240
24	25	2400
24	26	-3696
24	27	48
24	28	-8256
24	29	2400
24	30	5424
24	31	-2400
24	32	-8736
24	33	-1392
24	34	960
24	35	-768
25	26	-4416
25	27	-5856
25	28	-2352
25	29	3120
25	30	960
25	31	-3120
25	32	912
25	33	3072
25	34	1680
25	35	-48
26	27	-3216
26	28	6240
26	29	5952
26	30	2928
26	31	4416
26	32	5568
26	33	3408
26	34	2208
26	35	-6432
27	28	-384
27	29	4512
27	30	6672
27	31	672
27	32	1824
27	33	-336
27	34	5952
27	35	2496
28	29	-7536
28	30	5856
28	31	2352
28	32	11568
28	33	-1824
28	34	1392
28	35	-336
29	30	-4224
29	31	2064
29	32	912
29	33	3072
29	34	6864
29	35	-48
30	31	-960
30	32	8256
30	33	-5136
30	34	-10848
30	35	-7392
31	32	-912
31	33	-13440
31	34	-6864
31	35	10416
32	33	-1920
32	34	-2832
32	35	-1104
33	34	9696
33	35	-4128
34	35	3696
