0	1	-10364
0	2	-5764
0	3	8636
0	4	1156
0	5	1156
0	6	-1876
0	7	-8348
0	8	11956
0	9	-1876
0	10	-9932
0	11	5180
0	12	-716
0	13	3604
0	14	1580
0	15	4460
0	16	724
0	17	-6476
0	18	2156
0	19	-5620
0	20	3020
0	21	1148
0	22	3892
0	23	3028
0	24	-4172
0	25	4460
0	26	-3172
0	27	6332
0	28	1012
0	29	9796
0	30	2732
0	31	1868
0	32	-580
0	33	3460
0	34	5036
0	35	2884
1	2	14108
1	3	2588
1	4	2020
1	5	-3164
1	6	-7924
1	7	2884
1	8	-7916
1	9	7628
1	10	6484
1	11	-6052
1	12	148
1	13	-5900
1	14	716
1	15	-6772
1	16	6772
1	17	4756
1	18	6476
1	19	3884
1	20	2156
1	21	5468
1	22	-428
1	23	-6476
1	24	1876
1	25	-6772
1	26	1148
1	27	-4900
1	28	-3308
1	29	-4892
1	30	1868
1	31	-4180
1	32	-1444
1	33	-6044
1	34	-6196
1	35	3748
2	3	3172
2	4	-2596
2	5	-2596
2	6	-1868
2	7	1724
2	8	-8212
2	9	3316
2	10	8492
2	11	-8924
2	12	4460
2	13	-10228
2	14	-140
2	15	-8204
2	16	3020
2	17	10220
2	18	9652
2	19	12244
2	20	3604
2	21	292
2	22	-148
2	23	-4468
2	24	-2452
2	25	-8204
2	26	-5756
2	27	292
2	28	2732
2	29	-868
2	30	-1292
2	31	-428
2	32	-3164
2	33	284
2	34	1588
2	35	11228
3	4	6620
3	5	6620
3	6	-716
3	7	-4612
3	8	11372
3	9	-716
3	10	-3028
3	11	2596
3	12	-1876
3	13	9356
3	14	1012
3	15	-1868
3	16	1868
3	17	-1300
3	18	5620
3	19	3028
3	20	9940
3	21	-3740
3	22	9068
3	23	-5620
3	24	-3604
3	25	-1868
3	26	580
3	27	1444
3	28	1580
3	29	3164
3	30	5044
3	31	-4460
3	32	-2012
3	33	4316
3	34	7924
3	35	-292
4	5	-2012
4	6	-9076
4	7	-1148
4	8	8788
4	9	6476
4	10	2452
4	11	13532
4	12	-3884
4	13	436
4	14	4748
4	15	2444
4	16	-2444
4	17	-4460
4	18	5324
4	19	7916
4	20	-4180
4	21	-6052
4	22	11092
4	23	-10508
4	24	3028
4	25	12812
4	26	5180
4	27	4316
4	28	8212
4	29	1444
4	30	716
4	31	-5332
4	32	-7780
4	33	5476
4	34	8204
4	35	-284
5	6	6476
5	7	4036
5	8	3604
5	9	1292
5	10	-2732
5	11	3164
5	12	1300
5	13	10804
5	14	4748
5	15	2444
5	16	-2444
5	17	-4460
5	18	5324
5	19	-2452
5	20	1004
5	21	-868
5	22	724
5	23	5044
5	24	8212
5	25	2444
5	26	10364
5	27	-868
5	28	-12524
5	29	1444
5	30	-4468
5	31	-148
5	32	-7780
5	33	5476
5	34	8204
5	35	-5468
6	7	428
6	8	860
6	9	-10940
6	10	-3172
6	11	-2444
6	12	3164
6	13	4028
6	14	-4028
6	15	-1724
6	16	1724
6	17	3740
6	18	-4604
6	19	-2012
6	20	4900
6	21	-3596
6	22	-1444
6	23	4604
6	24	6620
6	25	-1724
6	26	-4460
6	27	1588
6	28	-3748
6	29	3020
6	30	4
6	31	6052
6	32	3316
6	33	-1012
6	34	2884
6	35	-5620
7	8	-716
7	9	10796
7	10	8500
7	11	-2884
7	12	2164
7	13	1300
7	14	9068
7	15	-3604
7	16	-1580
7	17	6772
7	18	4460
7	19	-3316
7	20	-5044
7	21	-1732
7	22	1588
7	23	724
7	24	-1292
7	25	1580
7	26	-868
7	27	-6916
7	28	-1292
7	29	-13244
7	30	-148
7	31	4172
7	32	1724
7	33	-4028
7	34	7340
7	35	-4604
8	9	860
8	10	-2300
8	11	7916
8	12	1732
8	13	16420
8	14	9500
8	15	7196
8	16	-2012
8	17	-9212
8	18	4892
8	19	-2884
8	20	5756
8	21	-1300
8	22	6340
8	23	-4892
8	24	-1724
8	25	7196
8	26	-436
8	27	3884
8	28	3460
8	29	7060
8	30	-4900
8	31	-580
8	32	2156
8	33	5908
8	34	12956
8	35	-5036
9	10	2012
9	11	2740
9	12	8348
9	13	-1156
9	14	6340
9	15	3460
9	16	-8644
9	17	3740
9	18	5764
9	19	-2012
9	20	-5468
9	21	-3596
9	22	-1444
9	23	-580
9	24	-3748
9	25	3460
9	26	5908
9	27	-3596
9	28	-3748
9	29	-2164
9	30	4
9	31	-9500
9	32	-7052
9	33	-6196
9	34	2884
9	35	4748
10	11	-1300
10	12	5764
10	13	-5468
10	14	10652
10	15	-2020
10	16	2020
10	17	5188
10	18	6044
10	19	3452
10	20	-8644
10	21	-148
10	22	4
10	23	-6044
10	24	-2876
10	25	-2020
10	26	5900
10	27	-148
10	28	2308
10	29	-4460
10	30	-3748
10	31	572
10	32	3308
10	33	-428
10	34	3740
10	35	-1004
11	12	-148
11	13	5900
11	14	4468
11	15	1588
11	16	3596
11	17	-9940
11	18	-1292
11	19	1300
11	20	-2156
11	21	-10652
11	22	5612
11	23	-9076
11	24	8492
11	25	11956
11	26	9220
11	27	-284
11	28	3308
11	29	-292
11	30	-1868
11	31	-1004
11	32	-3740
11	33	860
11	34	1012
11	35	-3748
12	13	-1436
12	14	6620
12	15	4316
12	16	-4316
12	17	9220
12	18	7196
12	19	-580
12	20	-2308
12	21	-4180
12	22	-1148
12	23	3172
12	24	-4028
12	25	-868
12	26	1868
12	27	11372
12	28	-4028
12	29	4756
12	30	-2596
12	31	-3460
12	32	-724
12	33	-6764
12	34	-292
12	35	3028
13	14	7484
13	15	-4
13	16	4
13	17	-12380
13	18	-2308
13	19	-4900
13	20	8924
13	21	1868
13	22	3172
13	23	-2876
13	24	5476
13	25	-4
13	26	2732
13	27	-3316
13	28	-4892
13	29	-1292
13	30	-1732
13	31	-2596
13	32	5324
13	33	7924
13	34	5756
13	35	-13388
14	15	5188
14	16	-4
14	17	-8356
14	18	7492
14	19	-284
14	20	-8924
14	21	-1868
14	22	7196
14	23	-2308
14	24	-292
14	25	10372
14	26	2452
14	27	3316
14	28	-292
14	29	-3892
14	30	-8636
14	31	2596
14	32	-140
14	33	7628
14	34	9796
14	35	-2164
15	16	-12676
15	17	-5476
15	18	-572
15	19	-8348
15	20	-6620
15	21	-4748
15	22	-292
15	23	5756
15	24	-7780
15	25	12676
15	26	4756
15	27	5620
15	28	2588
15	29	9356
15	30	-6332
15	31	-5468
15	32	-8204
15	33	140
15	34	1732
15	35	5900
16	17	-4892
16	18	572
16	19	3164
16	20	1436
16	21	4748
16	22	5476
16	23	-10940
16	24	7780
16	25	-2308
16	26	-4756
16	27	-5620
16	28	-2588
16	29	-9356
16	30	1148
16	31	10652
16	32	3020
16	33	-5324
16	34	-6916
16	35	-5900
17	18	7772
17	19	-4
17	20	3452
17	21	-3604
17	22	-1724
17	23	7780
17	24	-9788
17	25	-10660
17	26	-2740
17	27	1580
17	28	580
17	29	-1004
17	30	8348
17	31	-2884
17	32	5036
17	33	-12524
17	34	284
17	35	7636
18	19	4324
18	20	868
18	21	2740
18	22	7772
18	23	3452
18	24	-4900
18	25	-572
18	26	1876
18	27	2740
18	28	-4900
18	29	1868
18	30	-4028
18	31	-3164
18	32	-716
18	33	-2164
18	34	9220
18	35	8780
19	20	-1724
19	21	-5036
19	22	5180
19	23	-9508
19	24	2876
19	25	2020
19	26	-5900
19	27	5332
19	28	8060
19	29	-724
19	30	-6620
19	31	4612
19	32	-8492
19	33	10796
19	34	6628
19	35	6188
20	21	1876
20	22	-1732
20	23	-868
20	24	1148
20	25	-11804
20	26	-4172
20	27	-3308
20	28	1148
20	29	2732
20	30	5476
20	31	-4028
20	32	8788
20	33	-1300
20	34	-2012
20	35	-724
21	22	-3604
21	23	2444
21	24	4460
21	25	-9932
21	26	-2300
21	27	-1436
21	28	-11092
21	29	860
21	30	2164
21	31	-2156
21	32	5476
21	33	2012
21	34	-5324
21	35	-7780
22	23	-7772
22	24	-4604
22	25	10076
22	26	-7924
22	27	1580
22	28	5764
22	29	-11372
22	30	8348
22	31	-2884
22	32	-5332
22	33	3028
22	34	5468
22	35	-2732
23	24	-5468
23	25	-4612
23	26	3308
23	27	2444
23	28	-10652
23	29	8500
23	30	-1156
23	31	-2020
23	32	5900
23	33	-3020
23	34	1148
23	35	6772
24	25	2588
24	26	5324
24	27	-724
24	28	-7484
24	29	1300
24	30	-4324
24	31	5180
24	32	-2452
24	33	5332
24	34	-2020
24	35	-10796
25	26	-428
25	27	5620
25	28	7772
25	29	-1012
25	30	-6332
25	31	4900
25	32	-13388
25	33	5324
25	34	6916
25	35	716
26	27	-2300
26	28	-10228
26	29	6908
26	30	-3884
26	31	-8204
26	32	-572
26	33	-2308
26	34	-1004
26	35	-1732
27	28	4460
27	29	11228
27	30	-3020
27	31	3028
27	32	-4892
27	33	7196
27	34	5044
27	35	2588
28	29	-3884
28	30	860
28	31	5180
28	32	-2452
28	33	5332
28	34	3164
28	35	4756
29	30	-7924
29	31	-3604
29	32	-868
29	33	3748
29	34	4748
29	35	8356
30	31	-8924
30	32	3892
30	33	-6772
30	34	-6908
30	35	-6196
31	32	-428
31	33	2732
31	34	4324
31	35	-1876
32	33	-4900
32	34	-3596
32	35	-4324
33	34	11084
33	35	-3164
34	35	1292
