0	1	5956
0	2	-916
0	3	5996
0	4	-11900
0	5	-1676
0	6	4268
0	7	6140
0	8	236
0	9	484
0	10	-6428
0	11	-1964
0	12	5812
0	13	-11428
0	14	7108
0	15	-5132
0	16	-1820
0	17	524
0	18	8588
0	19	772
0	20	-7436
0	21	1388
0	22	2540
0	23	2252
0	24	-3652
0	25	7396
0	26	668
0	27	-3076
0	28	8300
0	29	-484
0	30	7148
0	31	916
0	32	-1492
0	33	3220
0	34	-5956
0	35	5092
1	2	-6964
1	3	-52
1	4	-5852
1	5	9556
1	6	3404
1	7	92
1	8	4556
1	9	1348
1	10	-380
1	11	-1100
1	12	1492
1	13	-12292
1	14	-2396
1	15	-4268
1	16	-956
1	17	4844
1	18	7724
1	19	-3548
1	20	-6572
1	21	524
1	22	6860
1	23	6572
1	24	668
1	25	3076
1	26	10172
1	27	6428
1	28	2252
1	29	-1348
1	30	1100
1	31	1780
1	32	2828
1	33	4084
1	34	-1636
1	35	11140
2	3	-4988
2	4	524
2	5	668
2	6	1924
2	7	52
2	8	772
2	9	3692
2	10	-4948
2	11	-9412
2	12	3548
2	13	-3116
2	14	7436
2	15	-1060
2	16	812
2	17	484
2	18	2788
2	19	8588
2	20	1244
2	21	9988
2	22	-11900
2	23	-6428
2	24	-524
2	25	-3220
2	26	-10028
2	27	4084
2	28	3076
2	29	-3692
2	30	-6140
2	31	3260
2	32	2500
2	33	6140
2	34	1780
2	35	-6100
3	4	-2932
3	5	7580
3	6	10564
3	7	3508
3	8	-6140
3	9	236
3	10	-3220
3	11	2684
3	12	5276
3	13	-4844
3	14	-1204
3	15	668
3	16	2540
3	17	3940
3	18	-4124
3	19	-52
3	20	-7396
3	21	-7292
3	22	1924
3	23	2212
3	24	-2252
3	25	-1492
3	26	3796
3	27	-2828
3	28	1348
3	29	4948
3	30	-2684
3	31	-196
3	32	-9596
3	33	-2500
3	34	-10316
3	35	-4372
4	5	-8300
4	6	-9844
4	7	-2788
4	8	-8692
4	9	-956
4	10	2500
4	11	-3404
4	12	-5996
4	13	15932
4	14	-9884
4	15	8980
4	16	1924
4	17	-8404
4	18	-10708
4	19	-668
4	20	1492
4	21	8012
4	22	-6388
4	23	-1492
4	24	8156
4	25	-4412
4	26	2108
4	27	3548
4	28	-5812
4	29	-4228
4	30	-1780
4	31	-524
4	32	-5236
4	33	-8588
4	34	5852
4	35	-1532
5	6	5852
5	7	2540
5	8	7004
5	9	-1100
5	10	2356
5	11	1636
5	12	-956
5	13	-9844
5	14	-4844
5	15	-6716
5	16	1780
5	17	7292
5	18	-196
5	19	-812
5	20	1348
5	21	-7396
5	22	4124
5	23	3836
5	24	3116
5	25	-4556
5	26	2252
5	27	3692
5	28	-484
5	29	1100
5	30	-6820
5	31	4516
5	32	92
5	33	1636
5	34	-9556
5	35	-1676
6	7	52
6	8	-4412
6	9	3692
6	10	-10132
6	11	956
6	12	3548
6	13	-8300
6	14	2252
6	15	-6244
6	16	5996
6	17	484
6	18	2788
6	19	-1780
6	20	-9124
6	21	-380
6	22	-1532
6	23	-1244
6	24	-10892
6	25	1964
6	26	340
6	27	-1100
6	28	-7292
6	29	-3692
6	30	-956
6	31	3260
6	32	2500
6	33	956
6	34	-3404
6	35	-916
7	8	9268
7	9	5564
7	10	2108
7	11	8012
7	12	236
7	13	-4988
7	14	-6244
7	15	-4372
7	16	-2500
7	17	-6572
7	18	-4268
7	19	92
7	20	-2068
7	21	-2252
7	22	6964
7	23	2068
7	24	-7580
7	25	-1348
7	26	3652
7	27	-2972
7	28	1204
7	29	-10748
7	30	-8012
7	31	-52
7	32	-9740
7	33	-2356
7	34	-92
7	35	-9412
8	9	-340
8	10	6572
8	11	2108
8	12	4700
8	13	-9452
8	14	3404
8	15	92
8	16	-3220
8	17	4516
8	18	1636
8	19	4556
8	20	7580
8	21	-1532
8	22	7684
8	23	2788
8	24	-1676
8	25	-7252
8	26	-812
8	27	-2252
8	28	1924
8	29	340
8	30	-7292
8	31	-772
8	32	1348
8	33	2108
8	34	628
8	35	-4948
9	10	-668
9	11	-1388
9	12	1204
9	13	-6820
9	14	-7868
9	15	628
9	16	3940
9	17	-52
9	18	2828
9	19	-3836
9	20	3508
9	21	-4372
9	22	-3220
9	23	-3508
9	24	-4228
9	25	2788
9	26	-5092
9	27	6716
9	28	7724
9	29	-1060
9	30	-3796
9	31	-14060
9	32	-2068
9	33	-1388
9	34	3836
9	35	-4700
10	11	2068
10	12	-524
10	13	92
10	14	-4412
10	15	4084
10	16	2212
10	17	1676
10	18	-628
10	19	-380
10	20	6964
10	21	-13012
10	22	14060
10	23	3404
10	24	2684
10	25	-4124
10	26	1820
10	27	8444
10	28	-6100
10	29	668
10	30	3116
10	31	-10604
10	32	-5524
10	33	-3116
10	34	5564
10	35	-6428
11	12	-6428
11	13	812
11	14	-5132
11	15	-1820
11	16	-8876
11	17	2396
11	18	92
11	19	-1100
11	20	6244
11	21	-7108
11	22	4412
11	23	-1060
11	24	-1780
11	25	340
11	26	2540
11	27	-6388
11	28	-196
11	29	1388
11	30	-1348
11	31	-956
11	32	-4804
11	33	1348
11	34	6284
11	35	-1964
12	13	-12148
12	14	13012
12	15	-4412
12	16	-6284
12	17	4988
12	18	7868
12	19	17044
12	20	-6716
12	21	668
12	22	1820
12	23	6716
12	24	-9556
12	25	2932
12	26	5132
12	27	1388
12	28	2396
12	29	9164
12	30	-3940
12	31	1636
12	32	-2212
12	33	-1244
12	34	3692
12	35	628
13	14	-8260
13	15	3980
13	16	668
13	17	-9740
13	18	-12620
13	19	-7108
13	20	1100
13	21	4948
13	22	-6572
13	23	-6284
13	24	4804
13	25	-3364
13	26	484
13	27	-6140
13	28	-7148
13	29	-3548
13	30	-812
13	31	3116
13	32	-2540
13	33	-4372
13	34	1924
13	35	-1060
14	15	2068
14	16	-4988
14	17	8876
14	18	6572
14	19	13156
14	20	-5420
14	21	4556
14	22	524
14	23	5420
14	24	-5668
14	25	4228
14	26	-6532
14	27	92
14	28	6284
14	29	7868
14	30	5132
14	31	8116
14	32	6860
14	33	10420
14	34	2396
14	35	1924
15	16	3508
15	17	380
15	18	-7108
15	19	-4268
15	20	8260
15	21	1244
15	22	2396
15	23	2108
15	24	11756
15	25	-8012
15	26	-9844
15	27	7148
15	28	2972
15	29	-628
15	30	7004
15	31	-9308
15	32	-1636
15	33	3364
15	34	-916
15	35	-5132
16	17	2252
16	18	-5236
16	19	-11324
16	20	6388
16	21	-7252
16	22	4268
16	23	-1204
16	24	-1924
16	25	-4700
16	26	-2788
16	27	3836
16	28	-10708
16	29	-3940
16	30	3692
16	31	-5996
16	32	10604
16	33	-8876
16	34	-9412
16	35	-7004
17	18	6532
17	19	4844
17	20	7868
17	21	-7004
17	22	2212
17	23	2500
17	24	-1964
17	25	-1780
17	26	-1100
17	27	2644
17	28	6820
17	29	15604
17	30	-2396
17	31	-484
17	32	6244
17	33	7580
17	34	340
17	35	524
18	19	7724
18	20	380
18	21	484
18	22	-668
18	23	4804
18	24	-4844
18	25	11468
18	26	1204
18	27	4948
18	28	3940
18	29	7540
18	30	5092
18	31	-2788
18	32	3364
18	33	5276
18	34	2644
18	35	13772
19	20	-1388
19	21	5708
19	22	-3508
19	23	6572
19	24	-4516
19	25	3076
19	26	-196
19	27	1244
19	28	2252
19	29	9020
19	30	-4084
19	31	6964
19	32	-2356
19	33	-1100
19	34	8732
19	35	772
20	21	-6820
20	22	-484
20	23	-5956
20	24	8876
20	25	-10316
20	26	-7540
20	27	-916
20	28	92
20	29	6860
20	30	-1060
20	31	-11612
20	32	5852
20	33	-4124
20	34	1388
20	35	-7436
21	22	-14204
21	23	-3548
21	24	2356
21	25	-916
21	26	-1964
21	27	-3404
21	28	772
21	29	-5996
21	30	-3260
21	31	10748
21	32	196
21	33	3260
21	34	4660
21	35	6572
22	23	10852
22	24	-3980
22	25	236
22	26	7252
22	27	5812
22	28	-5564
22	29	-1964
22	30	5956
22	31	-3652
22	32	-956
22	33	-772
22	34	-1676
22	35	-2644
23	24	-3692
23	25	10316
23	26	2356
23	27	11284
23	28	-92
23	29	3508
23	30	6244
23	31	6428
23	32	-668
23	33	-1060
23	34	-1388
23	35	7436
24	25	-5956
24	26	-7292
24	27	1636
24	28	5812
24	29	-956
24	30	6964
24	31	-4660
24	32	52
24	33	-1780
24	34	-5852
24	35	1532
25	26	-1636
25	27	4988
25	28	5996
25	29	2396
25	30	10028
25	31	3220
25	32	1388
25	33	340
25	34	2108
25	35	12580
26	27	-2684
26	28	-8876
26	29	-92
26	30	-7724
26	31	4844
26	32	-4268
26	33	-2644
26	34	196
26	35	5852
27	28	52
27	29	-1532
27	30	6388
27	31	-4084
27	32	-524
27	33	3980
27	34	3940
27	35	2108
28	29	7828
28	30	196
28	31	-3076
28	32	-1532
28	33	10172
28	34	-2252
28	35	3116
29	30	-1388
29	31	-1492
29	32	2068
29	33	1388
29	34	1348
29	35	4700
30	31	-4228
30	32	4804
30	33	-1348
30	34	-1100
30	35	7148
31	32	2684
31	33	4228
31	34	-1780
31	35	6100
32	33	380
32	34	-2828
32	35	3692
33	34	1100
33	35	3220
34	35	-772
