0	1	1720
0	2	-7768
0	3	152
0	4	-3464
0	5	-1304
0	6	7336
0	7	1144
0	8	8504
0	9	1160
0	10	-11384
0	11	-5320
0	12	-1576
0	13	-2744
0	14	6472
0	15	1448
0	16	-5336
0	17	-3160
0	18	-1144
0	19	-20600
0	20	1432
0	21	3176
0	22	4472
0	23	2456
0	24	1288
0	25	-6472
0	26	-280
0	27	-280
0	28	3736
0	29	-4888
0	30	1736
0	31	424
0	32	-1880
0	33	-4328
0	34	-728
0	35	-584
1	2	1160
1	3	-1288
1	4	-2024
1	5	5320
1	6	3592
1	7	2584
1	8	1880
1	9	4904
1	10	-4760
1	11	-6760
1	12	12536
1	13	-11672
1	14	-2456
1	15	8
1	16	1288
1	17	-4600
1	18	7784
1	19	-3608
1	20	2872
1	21	-3448
1	22	-2152
1	23	6200
1	24	-7640
1	25	-7912
1	26	3464
1	27	-1720
1	28	5176
1	29	4040
1	30	296
1	31	1864
1	32	-440
1	33	-2888
1	34	-4472
1	35	6040
2	3	2152
2	4	1160
2	5	-6184
2	6	-4456
2	7	-3448
2	8	-1016
2	9	-4040
2	10	3896
2	11	2440
2	12	-1304
2	13	440
2	14	1592
2	15	856
2	16	13400
2	17	280
2	18	8632
2	19	7928
2	20	11816
2	21	-6056
2	22	3016
2	23	-5336
2	24	-3592
2	25	-1592
2	26	7768
2	27	-2600
2	28	-6040
2	29	2008
2	30	5752
2	31	7640
2	32	4760
2	33	7208
2	34	-1576
2	35	3464
3	4	9080
3	5	-8632
3	6	3464
3	7	-5896
3	8	1432
3	9	-1592
3	10	1448
3	11	-296
3	12	-4040
3	13	-7192
3	14	4328
3	15	-7064
3	16	5768
3	17	-2456
3	18	712
3	19	5480
3	20	9368
3	21	-8792
3	22	280
3	23	2296
3	24	4328
3	25	-4328
3	26	10216
3	27	-10520
3	28	1880
3	29	4456
3	30	8200
3	31	-5176
3	32	2312
3	33	-424
3	34	-9208
3	35	1016
4	5	136
4	6	-1592
4	7	-2600
4	8	-8488
4	9	-280
4	10	-4760
4	11	3608
4	12	2168
4	13	-1304
4	14	2728
4	15	-5176
4	16	6472
4	17	584
4	18	7784
4	19	6760
4	20	-2312
4	21	-3448
4	22	8216
4	23	1016
4	24	7912
4	25	-7912
4	26	8648
4	27	-1720
4	28	-8
4	29	-1144
4	30	-4888
4	31	-8504
4	32	-440
4	33	-8072
4	34	712
4	35	-4328
5	6	568
5	7	-440
5	8	-280
5	9	-2440
5	10	-2600
5	11	1448
5	12	8
5	13	-4328
5	14	-296
5	15	8216
5	16	-12104
5	17	-1576
5	18	5624
5	19	-1448
5	20	-10520
5	21	4760
5	22	6056
5	23	-1144
5	24	-296
5	25	-4888
5	26	-3880
5	27	6488
5	28	7336
5	29	-3304
5	30	-7048
5	31	-1160
5	32	-3464
5	33	-5912
5	34	2872
5	35	-2168
6	7	-7352
6	8	6632
6	9	-5896
6	10	-9512
6	11	3176
6	12	-3448
6	13	-872
6	14	18712
6	15	4760
6	16	-3464
6	17	152
6	18	2168
6	19	-8360
6	20	-1880
6	21	-3880
6	22	7784
6	23	584
6	24	8344
6	25	2024
6	26	8216
6	27	-7336
6	28	5608
6	29	8792
6	30	-136
6	31	-2888
6	32	-8
6	33	-2456
6	34	-14408
6	35	6472
7	8	-2728
7	9	15848
7	10	-5336
7	11	-1000
7	12	7928
7	13	-1880
7	14	-13400
7	15	-4600
7	16	712
7	17	-4024
7	18	-7192
7	19	1000
7	20	-2888
7	21	2312
7	22	-11944
7	23	-3592
7	24	-3032
7	25	8216
7	26	-11512
7	27	14408
7	28	-5768
7	29	-568
7	30	872
7	31	1288
7	32	-1016
7	33	-3464
7	34	10504
7	35	280
8	9	-4760
8	10	-568
8	11	1720
8	12	-7208
8	13	-4024
8	14	7496
8	15	136
8	16	-1432
8	17	-10808
8	18	-2456
8	19	-12088
8	20	2168
8	21	8776
8	22	-2888
8	23	-872
8	24	2312
8	25	2872
8	26	-3320
8	27	1864
8	28	5048
8	29	-9080
8	30	5032
8	31	8360
8	32	296
8	33	-2440
8	34	-856
8	35	-6184
9	10	-2728
9	11	-1304
9	12	15688
9	13	-1000
9	14	-10216
9	15	2296
9	16	-3592
9	17	-3464
9	18	-5480
9	19	1304
9	20	8
9	21	-4616
9	22	-5912
9	23	1288
9	24	152
9	25	5032
9	26	-6344
9	27	9208
9	28	2888
9	29	-1736
9	30	2008
9	31	-4168
9	32	8504
9	33	584
9	34	7352
9	35	7208
10	11	6344
10	12	-5464
10	13	1144
10	14	-5192
10	15	-2440
10	16	-1448
10	17	8504
10	18	-5032
10	19	9208
10	20	136
10	21	4472
10	22	-4600
10	23	-6616
10	24	-5192
10	25	8
10	26	1016
10	27	-9352
10	28	2440
10	29	1592
10	30	3032
10	31	-872
10	32	2008
10	33	4744
10	34	-2024
10	35	3304
11	12	-3752
11	13	-2296
11	14	4040
11	15	8776
11	16	296
11	17	-2168
11	18	-4184
11	19	5192
11	20	-6472
11	21	-3320
11	22	568
11	23	-18152
11	24	4040
11	25	1144
11	26	136
11	27	136
11	28	1592
11	29	-440
11	30	-1880
11	31	-280
11	32	-3160
11	33	-5896
11	34	-4312
11	35	5912
12	13	1448
12	14	-7768
12	15	5032
12	16	4040
12	17	-728
12	18	2440
12	19	3752
12	20	-2728
12	21	-7064
12	22	-3176
12	23	9208
12	24	2600
12	25	-2600
12	26	-3608
12	27	6760
12	28	5336
12	29	1000
12	30	-5624
12	31	-1720
12	32	584
12	33	-2152
12	34	4616
12	35	4472
13	14	3448
13	15	-712
13	16	2008
13	17	10232
13	18	1880
13	19	2296
13	20	-1592
13	21	6200
13	22	2312
13	23	5480
13	24	8632
13	25	6920
13	26	-2440
13	27	2744
13	28	-4472
13	29	-1864
13	30	-5608
13	31	-2600
13	32	280
13	33	3016
13	34	6616
13	35	-3608
14	15	5624
14	16	-4328
14	17	1016
14	18	8216
14	19	-9224
14	20	2440
14	21	-3016
14	22	13832
14	23	1448
14	24	7480
14	25	-2296
14	26	14264
14	27	-6472
14	28	4744
14	29	4472
14	30	728
14	31	1432
14	32	4312
14	33	1864
14	34	-10088
14	35	5608
15	16	-8488
15	17	-3752
15	18	-584
15	19	-3592
15	20	-4888
15	21	-10088
15	22	9352
15	23	-4184
15	24	440
15	25	-440
15	26	-1448
15	27	3736
15	28	8360
15	29	-2024
15	30	-3464
15	31	6488
15	32	3608
15	33	6056
15	34	-2728
15	35	7496
16	17	2456
16	18	4472
16	19	10072
16	20	6184
16	21	-1576
16	22	-5464
16	23	-2296
16	24	6040
16	25	-856
16	26	152
16	27	-5032
16	28	-7064
16	29	728
16	30	2168
16	31	-8
16	32	-7496
16	33	-4760
16	34	-1160
16	35	-6200
17	18	4024
17	19	2168
17	20	-4312
17	21	4888
17	22	3592
17	23	424
17	24	6200
17	25	-1016
17	26	3160
17	27	-12392
17	28	3752
17	29	7768
17	30	1144
17	31	-8488
17	32	-1000
17	33	1448
17	34	-2152
17	35	2888
18	19	-1000
18	20	8072
18	21	-2312
18	22	6760
18	23	3592
18	24	3032
18	25	-8216
18	26	11512
18	27	-4040
18	28	584
18	29	568
18	30	4312
18	31	-1288
18	32	1016
18	33	-1720
18	34	-136
18	35	4904
19	20	1288
19	21	-7048
19	22	-5752
19	23	-2584
19	24	1144
19	25	4040
19	26	-136
19	27	-136
19	28	-6776
19	29	5624
19	30	-3304
19	31	-4904
19	32	-2024
19	33	712
19	34	-872
19	35	-728
20	21	-8344
20	22	-1864
20	23	1304
20	24	-7928
20	25	-2440
20	26	8936
20	27	-6616
20	28	-10664
20	29	-856
20	30	10952
20	31	1576
20	32	4456
20	33	7192
20	34	-4760
20	35	5752
21	22	-2744
21	23	-728
21	24	2168
21	25	3016
21	26	-8360
21	27	2008
21	28	-280
21	29	-8936
21	30	-5192
21	31	-2152
21	32	-5032
21	33	-7768
21	34	9368
21	35	-11512
22	23	3160
22	24	3464
22	25	-8648
22	26	11080
22	27	-4472
22	28	6200
22	29	136
22	30	-6488
22	31	-856
22	32	6632
22	33	3896
22	34	-4888
22	35	152
23	24	1448
23	25	-1448
23	26	2728
23	27	2728
23	28	4184
23	29	2152
23	30	-4472
23	31	2312
23	32	4616
23	33	7064
23	34	3464
23	35	-7048
24	25	2888
24	26	-1288
24	27	-1288
24	28	9928
24	29	-712
24	30	728
24	31	-8936
24	32	-872
24	33	-8504
24	34	280
24	35	-4760
25	26	-9080
25	27	6472
25	28	-4744
25	29	712
25	30	4456
25	31	3752
25	32	6056
25	33	8504
25	34	4904
25	35	-424
26	27	-10088
26	28	1448
26	29	10072
26	30	3448
26	31	-424
26	32	7064
26	33	4328
26	34	-9640
26	35	10952
27	28	-3736
27	29	-5480
27	30	-6920
27	31	9944
27	32	1880
27	33	-856
27	34	16280
27	35	-4600
28	29	2024
28	30	3464
28	31	-1304
28	32	6760
28	33	-872
28	34	-2456
28	35	2872
29	30	2872
29	31	152
29	32	2456
29	33	4904
29	34	-9064
29	35	11528
30	31	1592
30	32	9080
30	33	6344
30	34	-2440
30	35	7784
31	32	3448
31	33	11368
31	34	4600
31	35	-440
32	33	14248
32	34	2296
32	35	7624
33	34	-152
33	35	5176
34	35	-6776
