0	1	548
0	2	-1396
0	3	1108
0	4	-172
0	5	100
0	6	-172
0	7	908
0	8	892
0	9	-1756
0	10	116
0	11	548
0	12	548
0	13	332
0	14	-1108
0	15	100
0	16	-1916
0	17	892
1	2	260
1	3	2044
1	4	188
1	5	1036
1	6	188
1	7	-1324
1	8	532
1	9	-100
1	10	476
1	11	908
1	12	-1684
1	13	692
1	14	1844
1	15	1036
1	16	-980
1	17	1828
2	3	100
2	4	-460
2	5	388
2	6	-1756
2	7	-676
2	8	-1412
2	9	-748
2	10	-172
2	11	-1036
2	12	260
2	13	44
2	14	2492
2	15	388
2	16	964
2	17	-116
3	4	172
3	5	-100
3	6	-1124
3	7	-908
3	8	404
3	9	-836
3	10	-116
3	11	748
3	12	-548
3	13	964
3	14	1108
3	15	1196
3	16	-1972
3	17	404
4	5	460
4	6	-532
4	7	548
4	8	-44
4	9	1772
4	10	-244
4	11	-1108
4	12	-2404
4	13	-28
4	14	-1468
4	15	460
4	16	-1556
4	17	-44
5	6	-836
5	7	1972
5	8	-1180
5	9	-548
5	10	172
5	11	1036
5	12	-1556
5	13	-44
5	14	100
5	15	-1684
5	16	332
5	17	1412
6	7	-748
6	8	1252
6	9	1772
6	10	-244
6	11	188
6	12	188
6	13	-1324
6	14	-172
6	15	-836
6	16	1036
6	17	1252
7	8	-1124
7	9	-1036
7	10	-460
7	11	-28
7	12	-28
7	13	-244
7	14	-1684
7	15	-1916
7	16	-44
7	17	172
8	9	1540
8	10	-332
8	11	532
8	12	532
8	13	-548
8	14	-404
8	15	116
8	16	-1756
8	17	620
9	10	-532
9	11	-100
9	12	-1396
9	13	-1612
9	14	-460
9	15	-548
9	16	28
9	17	244
10	11	1772
10	12	-820
10	13	260
10	14	-1180
10	15	1468
10	16	748
10	17	-332
11	12	-388
11	13	-604
11	14	-748
11	15	-260
11	16	316
11	17	532
12	13	-604
12	14	548
12	15	-260
12	16	316
12	17	-764
13	14	332
13	15	1252
13	16	-764
13	17	-548
14	15	100
14	16	676
14	17	892
15	16	-964
15	17	-1180
16	17	-460
