0	1	616
0	2	-472
0	3	-1120
0	4	680
0	5	184
0	6	1120
0	7	-1480
0	8	1472
0	9	-1976
0	10	-256
0	11	752
0	12	320
0	13	752
0	14	-400
0	15	-2344
0	16	-544
0	17	-104
1	2	-320
1	3	328
1	4	1120
1	5	1904
1	6	-328
1	7	-608
1	8	1624
1	9	-1120
1	10	-536
1	11	1048
1	12	1480
1	13	-1544
1	14	904
1	15	256
1	16	-248
1	17	896
2	3	1112
2	4	320
2	5	544
2	6	2776
2	7	752
2	8	1112
2	9	-320
2	10	-1912
2	11	-904
2	12	-40
2	13	392
2	14	536
2	15	-112
2	16	392
2	17	1552
3	4	-328
3	5	-104
3	6	-464
3	7	2696
3	8	-832
3	9	328
3	10	-1264
3	11	-2848
3	12	-688
3	13	-256
3	14	-1408
3	15	1832
3	16	-256
3	17	904
4	5	1984
4	6	328
4	7	-688
4	8	968
4	9	-1472
4	10	-760
4	11	248
4	12	1112
4	13	248
4	14	392
4	15	-1552
4	16	-1048
4	17	400
5	6	104
5	7	256
5	8	1192
5	9	-688
5	10	-968
5	11	616
5	12	2344
5	13	-680
5	14	472
5	15	-176
5	16	-680
5	17	32
6	7	-104
6	8	2128
6	9	-1624
6	10	-1328
6	11	256
6	12	-608
6	13	256
6	14	1408
6	15	-1832
6	16	256
6	17	1688
7	8	-1192
7	9	688
7	10	-328
7	11	-1912
7	12	-1048
7	13	-616
7	14	-472
7	15	1472
7	16	-616
7	17	-32
8	9	-2264
8	10	-1264
8	11	1040
8	12	608
8	13	-256
8	14	1184
8	15	-2056
8	16	-256
8	17	904
9	10	760
9	11	-248
9	12	184
9	13	-248
9	14	-392
9	15	2848
9	16	1048
9	17	-400
10	11	608
10	12	-1120
10	13	-688
10	14	752
10	15	104
10	16	-688
10	17	-1256
11	12	1184
11	13	-976
11	14	1760
11	15	-184
11	16	320
11	17	328
12	13	-112
12	14	32
12	15	680
12	16	-112
12	17	760
13	14	-2128
13	15	-1480
13	16	-976
13	17	-968
14	15	-40
14	16	464
14	17	1480
15	16	1112
15	17	832
16	17	328
