0	1	1576
0	2	512
0	3	800
0	4	1160
0	5	-2080
0	6	1432
0	7	224
0	8	-496
0	9	496
0	10	152
0	11	-944
0	12	368
0	13	584
0	14	-568
0	15	-64
0	16	712
0	17	224
1	2	-368
1	3	640
1	4	280
1	5	-368
1	6	2312
1	7	1216
1	8	640
1	9	-640
1	10	-1304
1	11	-496
1	12	1072
1	13	856
1	14	-584
1	15	208
1	16	440
1	17	1216
2	3	-1144
2	4	1808
2	5	-136
2	6	784
2	7	872
2	8	-1144
2	9	-152
2	10	-496
2	11	1000
2	12	-280
2	13	-64
2	14	80
2	15	584
2	16	64
2	17	-1720
3	4	-496
3	5	152
3	6	-800
3	7	-1432
3	8	440
3	9	-440
3	10	-208
3	11	-584
3	12	-1288
3	13	1520
3	14	-2224
3	15	-424
3	16	1072
3	17	1160
4	5	-784
4	6	1432
4	7	224
4	8	-1792
4	9	496
4	10	152
4	11	352
4	12	368
4	13	-712
4	14	728
4	15	-64
4	16	-584
4	17	-1072
5	6	-512
5	7	872
5	8	1448
5	9	-1448
5	10	-1792
5	11	2296
5	12	-280
5	13	-64
5	14	-1216
5	15	584
5	16	64
5	17	-424
6	7	1072
6	8	-800
6	9	-496
6	10	-152
6	11	-352
6	12	928
6	13	-584
6	14	568
6	15	1360
6	16	-712
6	17	-224
7	8	1160
7	9	136
7	10	-2080
7	11	1288
7	12	2024
7	13	-352
7	14	-208
7	15	296
7	16	352
7	17	-712
8	9	-1736
8	10	-1504
8	11	2008
8	12	8
8	13	224
8	14	-928
8	15	-424
8	16	1072
8	17	-136
9	10	1504
9	11	-712
9	12	1288
9	13	-224
9	14	928
9	15	424
9	16	224
9	17	1432
10	11	-1232
10	12	-640
10	13	-424
10	14	1016
10	15	224
10	16	-872
10	17	512
11	12	-152
11	13	-368
11	14	-512
11	15	280
11	16	368
11	17	-1304
12	13	-1504
12	14	1232
12	15	-856
12	16	208
12	17	728
13	14	-2440
13	15	656
13	16	1288
13	17	944
14	15	-496
14	16	-1448
14	17	-208
15	16	640
15	17	296
16	17	1648
