0 1 -0.13215859030837004
0 2 -4.096916299559472
0 3 -5.154185022026431
0 4 3.656387665198238
0 5 0.748898678414097
0 6 -2.0704845814977975
0 7 4.977973568281938
0 8 4.977973568281938
0 9 4.977973568281938
0 10 -2.7753303964757707
0 11 0.748898678414097
0 12 -4.096916299559472
0 13 -0.5726872246696035
0 14 4.273127753303965
0 15 8.502202643171806
0 16 -10.0
0 17 0.13215859030837004
0 18 6.475770925110132
0 19 0.5726872246696035
0 20 0.12867521640802582
0 21 -0.1571319702358096
1 2 -5.418502202643172
1 3 4.977973568281938
1 4 -3.8325991189427313
1 5 -0.5726872246696035
1 6 -0.748898678414097
1 7 -2.511013215859031
1 8 -2.511013215859031
1 9 -2.511013215859031
1 10 -4.096916299559472
1 11 -0.5726872246696035
1 12 -5.418502202643172
1 13 -1.894273127753304
1 14 2.951541850220264
1 15 1.013215859030837
1 16 0.13215859030837004
1 17 -7.356828193832599
1 18 -3.656387665198238
1 19 1.894273127753304
1 26 0.2246978502724355
1 27 -0.42562251991288047
2 3 0.13215859030837004
2 4 0.13215859030837004
2 5 4.273127753303965
2 6 3.2158590308370045
2 7 1.4537444933920705
2 8 1.4537444933920705
2 9 1.4537444933920705
2 10 0.748898678414097
2 11 -4.537444933920705
2 12 8.237885462555067
2 13 2.951541850220264
2 14 -1.013215859030837
2 15 -3.8325991189427313
2 16 4.096916299559472
2 17 5.418502202643172
2 18 1.1894273127753303
2 19 -2.951541850220264
2 32 0.6872673798458924
2 33 0.9938914473943123
3 4 -8.502202643171806
3 5 4.096916299559472
3 6 -2.7753303964757707
3 7 -1.013215859030837
3 8 -1.013215859030837
3 9 -1.013215859030837
3 10 -1.1894273127753303
3 11 -4.713656387665198
3 12 0.13215859030837004
3 13 -3.392070484581498
3 14 0.5726872246696035
3 15 -4.537444933920705
3 16 5.154185022026431
3 17 -4.977973568281938
3 18 -1.6299559471365639
3 19 3.392070484581498
3 38 -0.8099432879254431
3 39 0.44118472610673276
4 5 -4.713656387665198
4 6 6.035242290748899
4 7 -1.013215859030837
4 8 -1.013215859030837
4 9 -1.013215859030837
4 10 -1.1894273127753303
4 11 4.096916299559472
4 12 0.13215859030837004
4 13 5.418502202643172
4 14 0.5726872246696035
4 15 4.273127753303965
4 16 -3.656387665198238
4 17 3.8325991189427313
4 18 -1.6299559471365639
4 19 -5.418502202643172
4 44 -0.26715355116906414
4 45 -0.48066276346804404
5 6 -1.6299559471365639
5 7 5.418502202643172
5 8 5.418502202643172
5 9 5.418502202643172
5 10 -3.2158590308370045
5 11 -8.502202643171806
5 12 4.273127753303965
5 13 -1.013215859030837
5 14 3.8325991189427313
5 15 0.13215859030837004
5 16 -0.748898678414097
5 17 0.5726872246696035
5 18 6.035242290748899
5 19 1.013215859030837
5 50 -0.9023179550731708
5 51 0.013362409446095125
6 7 -4.096916299559472
6 8 -4.096916299559472
6 9 -4.096916299559472
6 10 -6.916299559471366
6 11 -1.6299559471365639
6 12 3.2158590308370045
6 13 8.502202643171806
6 14 3.656387665198238
6 15 1.1894273127753303
6 16 2.0704845814977975
6 17 0.748898678414097
6 18 -7.356828193832599
6 19 -8.502202643171806
6 56 0.27716985533982363
6 57 -0.40837296260616474
7 8 6.475770925110132
7 9 6.475770925110132
7 10 0.13215859030837004
7 11 -3.392070484581498
7 12 1.4537444933920705
7 13 -2.0704845814977975
7 14 1.894273127753304
7 15 2.951541850220264
7 16 -4.977973568281938
7 17 2.511013215859031
7 18 8.502202643171806
7 19 2.0704845814977975
7 62 -0.4579901084746485
7 63 0.18504747319695536
8 9 6.475770925110132
8 10 0.13215859030837004
8 11 -3.392070484581498
8 12 1.4537444933920705
8 13 -2.0704845814977975
8 14 1.894273127753304
8 15 2.951541850220264
8 16 -4.977973568281938
8 17 2.511013215859031
8 18 8.502202643171806
8 19 2.0704845814977975
8 68 -0.08674743994624268
8 69 0.5948746184563531
9 10 0.13215859030837004
9 11 -3.392070484581498
9 12 1.4537444933920705
9 13 -2.0704845814977975
9 14 1.894273127753304
9 15 2.951541850220264
9 16 -4.977973568281938
9 17 2.511013215859031
9 18 8.502202643171806
9 19 2.0704845814977975
9 74 0.8936077822456732
9 75 -0.36518923788164415
10 11 5.594713656387666
10 12 0.748898678414097
10 13 -4.537444933920705
10 14 -8.502202643171806
10 15 -5.154185022026431
10 16 2.7753303964757707
10 17 4.096916299559472
10 18 2.511013215859031
10 19 4.537444933920705
10 80 -0.06431678084224712
10 81 -0.5843817718125539
11 12 -4.537444933920705
11 13 -1.013215859030837
11 14 -4.977973568281938
11 15 0.13215859030837004
11 16 -0.748898678414097
11 17 0.5726872246696035
11 18 -2.7753303964757707
11 19 1.013215859030837
11 86 -0.09284987810198331
11 87 -0.08471409728452861
12 13 2.951541850220264
12 14 -1.013215859030837
12 15 -3.8325991189427313
12 16 4.096916299559472
12 17 5.418502202643172
12 18 1.1894273127753303
12 19 -2.951541850220264
12 92 0.17978995333399195
12 93 0.6823903615786608
13 14 2.511013215859031
13 15 1.4537444933920705
13 16 0.5726872246696035
13 17 1.894273127753304
13 18 -4.096916299559472
13 19 -6.475770925110132
13 98 -0.9786600953352405
13 99 -0.5899721595580607
14 15 5.418502202643172
14 16 -4.273127753303965
14 17 -2.951541850220264
14 18 0.748898678414097
14 19 -2.511013215859031
14 104 -0.8282737570314931
14 105 0.7121076370180675
15 16 -8.502202643171806
15 17 -1.013215859030837
15 18 3.2158590308370045
15 19 -1.4537444933920705
15 110 -0.4907315140218338
15 111 -0.48389178273800626
16 17 -0.13215859030837004
16 18 -6.475770925110132
16 19 -0.5726872246696035
16 116 0.6399941529068522
16 117 -0.0008934704036682728
17 18 3.656387665198238
17 19 -1.894273127753304
17 122 -0.7160654758032141
17 123 0.7230855243865579
18 19 4.096916299559472
18 128 0.7395507274912243
18 129 0.16919073787077532
19 134 0.7585647705994134
19 135 0.3304710398853665
20 22 -0.130424299409984
20 23 0.3200167422375708
21 24 -0.7240586537457805
21 25 -0.8319634477433762
22 56 -0.8303478971251277
23 84 -0.36907165968505184
24 44 -0.7407514520363971
26 28 -0.3881999259567581
26 29 0.12642937922162645
27 30 -0.4519905841105456
27 31 -0.7298906385505302
27 94 -0.04573821067526196
27 99 -0.5867140193689697
30 122 -0.7814969019522529
30 133 -0.011558202621985814
31 113 0.8666187962823313
32 34 -0.07251568561629584
32 35 -0.7387287996484624
32 43 -0.42308566244638857
33 36 -0.3272595223014978
33 37 -0.9622980966340335
33 52 0.8854150311865989
34 94 -0.8634213276703351
37 57 -0.5659832688909281
38 40 -0.13691384828809094
38 41 -0.15815450364304384
39 42 -0.985887265609737
39 43 -0.683755523142058
39 90 0.7310652952442516
40 68 0.11771066453465284
40 131 0.2882331737797259
41 133 -0.05464253468425184
41 138 0.9403890789041938
44 46 -0.8382328899237554
44 47 -0.343474961669761
45 48 -0.823281692756668
45 49 -0.9962460975958114
45 113 -0.06992192114895723
45 126 -0.2902047431643142
46 51 0.7281064889026978
46 90 0.9770973582627682
50 52 -0.5760477606426999
50 53 -0.9606556587110937
50 63 -0.7847779657746166
51 54 -0.16954393088571162
51 55 -0.5139377721884677
51 76 0.7520446425941525
53 67 0.6157838215873204
55 69 -0.6779611913655297
55 95 0.3703780656094182
56 58 -0.6850971588054546
56 59 -0.28553033419023777
57 60 -0.0141040605503433
57 61 0.5502222838441573
57 78 0.9496803836231555
62 64 -0.1363313965280457
62 65 -0.39989733095515234
63 66 0.3208116074745808
63 67 -0.1608913383644308
68 70 -0.9042075550234809
68 71 -0.8148969896777554
69 72 -0.6584347235788746
69 73 -0.866121222753166
69 127 -0.13185524310489738
73 102 -0.16786179689723535
74 76 -0.8678916695795513
74 77 0.4382904081643253
74 113 0.844532770538112
74 126 -0.5087887955925179
75 78 -0.7467512531755292
75 79 -0.5150027821197567
75 110 -0.46644375320100306
76 79 0.907146050384436
79 83 0.1966336042818726
80 82 0.08764151827756517
80 83 -0.6246885942155964
81 84 0.15355908643645266
81 85 -0.4062563508555339
83 85 0.12349632233896024
86 88 0.4431871443061808
86 89 -0.2794162012935053
86 120 -0.4094880178964764
86 134 0.9718090642190449
87 90 -0.42391421553619235
87 91 0.06280101216875744
89 101 0.6064759276830183
90 95 -0.932764585243526
92 94 -0.298937560735383
92 95 0.45201493217861
93 96 0.07394696347359697
93 97 -0.5475548884593675
93 102 0.05791583796332844
94 105 -0.015533473430110023
95 98 -0.18025139049461414
96 122 0.828727118524297
96 125 -0.25513903958101336
98 100 -0.8990445399098148
98 101 -0.6127536955020869
99 102 -0.30139508658685776
99 103 -0.608437525698289
99 128 0.21101277132074303
100 135 -0.7433926437670861
104 106 -0.22293654135401852
104 107 -0.876110629651121
104 129 -0.6082218378206601
105 108 -0.665683191455041
105 109 -0.7703673384436351
108 131 -0.060206637055000956
110 112 -0.5498066025725499
110 113 -0.7325189345726473
111 114 -0.7463124262328344
111 115 -0.4865808498387989
113 124 0.6300528397393035
114 131 -0.12857849020544054
116 118 -0.9474462270517172
116 119 -0.9582785953025479
117 120 -0.2478781090775719
117 121 -0.6488292412030101
122 124 -0.3283878063111203
122 125 -0.04235480130701852
123 126 -0.6373977958516173
123 127 -0.24945734828927213
128 130 0.14651258299796366
128 131 0.6956377173847257
129 132 0.008448820892355435
129 133 -0.9391939966898646
134 136 -0.5433453260536265
134 137 -0.7044200356835246
135 138 -0.11539972191555115
135 139 -0.981986152553443
0 0 -0.724422122283868
1 1 -1.361987779217873
2 2 -0.709008502960391
3 3 0.3178026792578912
4 4 -1.3647779732877927
5 5 0.8653256055882196
6 6 1.0948027791511739
7 7 0.16194807718156135
8 8 1.8800261629666448
9 9 0.8293322651880977
10 10 1.7846902093388644
11 11 0.30579632250859534
12 12 -0.993284304535334
13 13 1.1711411052862548
14 14 0.2417943858854681
15 15 -1.4962884427428707
16 16 -1.4794223863350495
17 17 0.9246168768534426
18 18 -1.4515581054455509
19 19 0.5199560017136209
20 20 1.582123951318328
21 21 1.1541730386465314
22 22 1.7892070096447588
23 23 0.9495965826368674
24 24 0.7352742919275674
25 25 -0.2176312816711952
26 26 0.8994957398140504
27 27 0.86058940427864
28 28 1.8167810888459748
29 29 -1.5573503763228826
30 30 1.9590429005716952
31 31 -1.4233188911596533
32 32 -0.8483557460903359
33 33 -1.3756212573345077
34 34 -1.0261810019267634
35 35 -1.3332042792260825
36 36 1.2894698141240446
37 37 -0.2877768013609985
38 38 0.8460419961971635
39 39 -1.5033188536902806
40 40 0.6081793600829974
41 41 1.9441100216005147
42 42 0.3504970656426929
43 43 -1.2040560610331568
44 44 0.8473502731854109
45 45 0.7573978485693367
46 46 0.4615257515860987
47 47 1.2885864266442435
48 48 -1.5570602316734428
49 49 0.6629891108429131
50 50 0.29125976047983393
51 51 -1.5140526415913413
52 52 0.18869169384624884
53 53 -1.69102771327146
54 54 -1.2938998587044659
55 55 1.436569875093479
56 56 -1.168487955953883
57 57 -1.9324656566593017
58 58 -1.8775130267777385
59 59 -1.1657729019802758
60 60 -0.12175292025713748
61 61 0.5609558553443472
62 62 0.10487472055496251
63 63 -0.9602457811181444
64 64 0.15477660587309483
65 65 -1.3401681679044872
66 66 -1.2600842524120746
67 67 0.06839249593305174
68 68 -0.5352949652336472
69 69 -1.9120310141868744
70 70 -1.2007455006201306
71 71 -0.4972603080521072
72 72 -0.4315651410969395
73 73 0.10985138468446821
74 74 -1.030528167813317
75 75 1.7367584550038395
76 76 -0.8763326915238734
77 77 -0.4085166816298287
78 78 -0.9811074706151023
79 79 -0.24180959015834436
80 80 0.1296543781992776
81 81 0.9967462988917637
82 82 -0.7520428099485482
83 83 0.8221870594126545
84 84 -0.2992968284783961
85 85 0.3909755479473698
86 86 1.525334884173342
87 87 -0.6948908349495393
88 88 -1.3878011671629236
89 89 1.6528902672961376
90 90 -1.4487808557604844
91 91 0.10442023788372712
92 92 1.8421659305964064
93 93 0.5815667030178724
94 94 -0.5095362651672968
95 95 -0.9750922367341097
96 96 0.7592622367230067
97 97 -1.6008099267722786
98 98 0.5845156493097421
99 99 0.3595439626865704
100 100 -0.4576054106783922
101 101 -0.4678100703099189
102 102 -1.0068492943711473
103 103 -0.1120977430671144
104 104 -1.0308440319952723
105 105 -1.3776804565031018
106 106 -0.9429801934904024
107 107 0.7971369160027352
108 108 -0.914636975521065
109 109 -0.07310713910104427
110 110 0.8977822879322597
111 111 -1.9966489230486144
112 112 0.32174024740737434
113 113 0.0018210143821457692
114 114 1.625830952242632
115 115 0.7910530685023365
116 116 0.7120024499083604
117 117 1.5848566694773951
118 118 -1.3704060401662246
119 119 0.7110831218315471
120 120 0.5063288606180332
121 121 -0.0740649159088349
122 122 0.9506032959962113
123 123 -1.6951429922437833
124 124 -0.20927375092205172
125 125 1.5760197080503178
126 126 1.4471381417891014
127 127 1.1991785574095593
128 128 -1.7094986868552877
129 129 -0.5272920588270953
130 130 -1.056629282937625
131 131 0.4812640047923895
132 132 -0.18745679747688238
133 133 -1.536409802859771
134 134 0.1877552753528691
135 135 -1.2270410428296037
136 136 -1.3823375027988447
137 137 1.8574164715569619
138 138 1.047415212486349
139 139 -1.839924519112005
