0 1 0.31390134529147984
0 2 0.7623318385650224
0 3 -1.210762331838565
0 4 -7.309417040358745
0 5 0.7623318385650224
0 6 0.31390134529147984
0 7 -1.210762331838565
0 8 -3.273542600896861
0 9 7.309417040358745
0 10 -4.349775784753363
0 11 -0.7623318385650224
0 12 4.798206278026906
0 13 -0.31390134529147984
0 14 -1.210762331838565
0 15 1.210762331838565
0 16 -1.210762331838565
0 17 -8.834080717488789
0 18 -1.210762331838565
0 19 -3.273542600896861
0 20 -0.34723091328542144
0 21 0.9461607841728437
1 2 0.5829596412556054
1 3 -0.13452914798206278
1 4 -0.31390134529147984
1 5 0.5829596412556054
1 6 1.031390134529148
1 7 -0.13452914798206278
1 8 4.618834080717488
1 9 0.31390134529147984
1 10 -5.9641255605381165
1 11 -0.5829596412556054
1 12 5.515695067264574
1 13 -1.031390134529148
1 14 -0.13452914798206278
1 15 -8.834080717488789
1 16 8.834080717488789
1 17 -1.4798206278026906
1 18 8.834080717488789
1 19 -4.349775784753363
1 26 -0.3168976833547261
1 27 0.7581435838222907
2 3 0.31390134529147984
2 4 -0.7623318385650224
2 5 -8.834080717488789
2 6 0.5829596412556054
2 7 0.31390134529147984
2 8 -4.798206278026906
2 9 0.7623318385650224
2 10 3.4529147982062782
2 11 -9.103139013452914
2 12 5.067264573991031
2 13 -0.5829596412556054
2 14 0.31390134529147984
2 15 -0.31390134529147984
2 16 0.31390134529147984
2 17 -1.031390134529148
2 18 0.31390134529147984
2 19 -4.798206278026906
2 32 -0.31246308433698977
2 33 -0.7827743665702926
3 4 1.210762331838565
3 5 0.31390134529147984
3 6 8.834080717488789
3 7 8.20627802690583
3 8 -3.7219730941704037
3 9 -1.210762331838565
3 10 -3.901345291479821
3 11 -0.31390134529147984
3 12 -4.618834080717488
3 13 -8.834080717488789
3 14 8.20627802690583
3 15 0.7623318385650224
3 16 -0.7623318385650224
3 17 0.5829596412556054
3 18 -0.7623318385650224
3 19 5.246636771300448
3 38 -0.8682865180044843
3 39 -0.6185226992520725
4 5 -0.7623318385650224
4 6 -0.31390134529147984
4 7 1.210762331838565
4 8 3.273542600896861
4 9 -7.309417040358745
4 10 4.349775784753363
4 11 0.7623318385650224
4 12 -4.798206278026906
4 13 0.31390134529147984
4 14 1.210762331838565
4 15 -1.210762331838565
4 16 1.210762331838565
4 17 8.834080717488789
4 18 1.210762331838565
4 19 3.273542600896861
4 44 -0.8519027862329489
4 45 0.7292057636449025
5 6 0.5829596412556054
5 7 0.31390134529147984
5 8 4.170403587443946
5 9 0.7623318385650224
5 10 -5.515695067264574
5 11 8.834080717488789
5 12 -3.901345291479821
5 13 -0.5829596412556054
5 14 0.31390134529147984
5 15 -0.31390134529147984
5 16 0.31390134529147984
5 17 -1.031390134529148
5 18 0.31390134529147984
5 19 4.170403587443946
5 50 -0.02653285103577363
5 51 0.8927922557933845
6 7 8.834080717488789
6 8 -4.349775784753363
6 9 0.31390134529147984
6 10 -5.9641255605381165
6 11 -0.5829596412556054
6 12 -3.4529147982062782
6 13 -10.0
6 14 8.834080717488789
6 15 0.13452914798206278
6 16 -0.13452914798206278
6 17 -1.4798206278026906
6 18 -0.13452914798206278
6 19 4.618834080717488
6 56 -0.3930522226926263
6 57 0.5818922800450301
7 8 -3.7219730941704037
7 9 -1.210762331838565
7 10 -3.901345291479821
7 11 -0.31390134529147984
7 12 -4.618834080717488
7 13 -8.834080717488789
7 14 8.20627802690583
7 15 0.7623318385650224
7 16 -0.7623318385650224
7 17 0.5829596412556054
7 18 -0.7623318385650224
7 19 5.246636771300448
7 62 0.3045623787323639
7 63 -0.4706351111993212
8 9 -3.273542600896861
8 10 -0.5829596412556054
8 11 4.798206278026906
8 12 0.13452914798206278
8 13 4.349775784753363
8 14 -3.7219730941704037
8 15 -5.246636771300448
8 16 5.246636771300448
8 17 3.901345291479821
8 18 5.246636771300448
8 19 -0.7623318385650224
8 68 -0.15813677973018292
8 69 0.7187932464133291
9 10 -4.349775784753363
9 11 -0.7623318385650224
9 12 4.798206278026906
9 13 -0.31390134529147984
9 14 -1.210762331838565
9 15 1.210762331838565
9 16 -1.210762331838565
9 17 -8.834080717488789
9 18 -1.210762331838565
9 19 -3.273542600896861
9 74 0.2023757987421302
9 75 0.9349524862507763
10 11 -3.4529147982062782
10 12 -1.4798206278026906
10 13 5.9641255605381165
10 14 -3.901345291479821
10 15 3.901345291479821
10 16 -3.901345291479821
10 17 6.4125560538116595
10 18 -3.901345291479821
10 19 -0.5829596412556054
10 80 0.4782686856532563
10 81 0.9417132996444693
11 12 -5.067264573991031
11 13 0.5829596412556054
11 14 -0.31390134529147984
11 15 0.31390134529147984
11 16 -0.31390134529147984
11 17 1.031390134529148
11 18 -0.31390134529147984
11 19 4.798206278026906
11 86 0.8667161549681983
11 87 0.2584483535839086
12 13 3.4529147982062782
12 14 -4.618834080717488
12 15 -4.349775784753363
12 16 4.349775784753363
12 17 -5.9641255605381165
12 18 4.349775784753363
12 19 -8.834080717488789
12 92 -0.6089997336405153
12 93 -0.3443464151516571
13 14 -8.834080717488789
13 15 -0.13452914798206278
13 16 0.13452914798206278
13 17 1.4798206278026906
13 18 0.13452914798206278
13 19 -4.618834080717488
13 98 -0.36751404746711036
13 99 0.18509955831632618
14 15 0.7623318385650224
14 16 -0.7623318385650224
14 17 0.5829596412556054
14 18 -0.7623318385650224
14 19 5.246636771300448
14 104 0.3111529034792282
14 105 -0.7565772130599626
15 16 -8.20627802690583
15 17 -0.5829596412556054
15 18 -8.20627802690583
15 19 3.7219730941704037
15 110 -0.8115960721934192
15 111 0.9597324225034309
16 17 0.5829596412556054
16 18 8.20627802690583
16 19 -3.7219730941704037
16 116 -0.05056848881272824
16 117 0.9764843765331845
17 18 0.5829596412556054
17 19 3.901345291479821
17 122 -0.9243325314798598
17 123 0.9536857994428392
18 19 -3.7219730941704037
18 128 -0.9842010129251793
18 129 -0.37370300399007506
19 134 -0.15294094675748626
19 135 -0.09832927053245744
20 22 0.44127579622994895
20 23 -0.41396223368162155
20 49 0.36074878420115475
21 24 -0.8593617507093965
21 25 0.14944040520865487
21 44 -0.1076886370257526
22 58 0.6691580389699101
22 122 -0.11760177999055332
23 47 0.4024059812505978
23 56 0.09627438910186537
23 73 -0.8240124232657051
25 27 0.09829115200051497
26 28 -0.5158477229361578
26 29 -0.1083888291341375
27 30 0.025617397427272426
27 31 0.35561800584946357
29 30 -0.36157383408634036
29 65 -0.14612129989592515
30 137 0.4870658448205065
31 45 -0.9731569882674009
32 34 -0.3851620467525352
32 35 -0.6684081812154454
32 111 -0.8716369962732304
33 36 -0.0649715771170285
33 37 -0.8651309247142571
33 115 0.07103308837619648
34 68 0.47698373834743757
34 95 0.42704260854219633
37 78 0.7982773043651084
37 138 0.7907537448160245
38 40 0.3094316410532916
38 41 -0.30145096964199536
38 86 -0.33309311775845174
39 42 -0.4138593895078686
39 43 -0.7349889364015527
42 55 0.04074306681297957
44 46 -0.6215177026203336
44 47 0.5688130729239467
45 48 -0.8503294762900468
45 49 -0.173249786215254
48 51 0.6113514751442706
48 86 0.04843865674561343
49 133 -0.2500795475308255
50 52 -0.5947510695269733
50 53 0.1376430594294853
51 54 -0.42639976909002897
51 55 -0.8076417143954111
53 107 0.5409370609302495
53 114 0.49621640806513145
53 126 0.19277629402547536
56 58 0.8517397799745385
56 59 -0.5391797200953881
57 60 0.06507027689631695
57 61 -0.6734714744351611
57 107 0.2770669179438703
58 109 0.3903210730152653
58 122 0.7891264194189973
62 64 -0.6402181240415854
62 65 -0.9694801648096545
63 66 -0.7502392590826215
63 67 0.20499760734615413
63 85 -0.08598697477487516
67 70 0.5897360192523793
68 70 -0.3498493143605894
68 71 -0.6704790665030536
69 72 -0.36047420216992343
69 73 0.14506128136283758
69 113 -0.6113236075205588
71 75 0.8777573200913458
74 76 -0.052146002510530476
74 77 -0.7149180447121699
74 80 0.01990415491610853
74 117 -0.3520113523527455
74 137 -0.8018951772277281
75 78 0.27352302236403636
75 79 -0.5445601945233316
76 120 -0.5064128550595162
77 127 -0.8835834726026222
80 82 0.14664864797525667
80 83 -0.6568937110662685
81 84 0.9156461720192057
81 85 -0.3538460926921394
83 136 -0.6285090772197006
86 88 0.6169000550976473
86 89 -0.3364166381259832
87 90 -0.8810195512811574
87 91 -0.5120316327054726
92 94 0.890347376681137
92 95 0.3518850804840785
93 96 0.10266653604261733
93 97 -0.10295674237081354
95 121 -0.31977357065231704
95 123 -0.3506593857791718
97 113 0.15662830381038817
98 100 0.5959135431837754
98 101 0.2301424521693547
98 136 -0.8621459649405865
99 102 -0.8978008614457387
99 103 -0.6259489963468154
101 136 -0.218430265563758
103 117 -0.0480897099486266
104 106 -0.5499114651325361
104 107 -0.8664614059966178
105 108 0.7558907901792256
105 109 -0.2212229108415964
107 131 -0.3060902306424915
107 139 -0.2602426672936997
108 114 -0.18718038803242631
109 123 -0.6672710957185974
110 112 -0.7887436367742893
110 113 -0.32652464813999105
111 114 -0.8565332800254071
111 115 -0.46217246476041285
116 118 0.7200531245651607
116 119 -0.5466120819902949
117 120 -0.04280887608687611
117 121 0.671184019061454
122 124 -0.5226860660347412
122 125 -0.8596317812051628
123 126 -0.4050170476419379
123 127 0.6798571179519333
127 138 -0.26799261248679307
128 130 -0.04083675816388688
128 131 -0.6453581425871713
129 132 -0.30689370889034007
129 133 -0.15428875359527794
134 136 0.48822953880723086
134 137 -0.9275198902868904
135 138 -0.934592645740741
135 139 -0.5905113466508654
0 0 -0.1849739237079615
1 1 0.05950721634806345
2 2 1.044582197708868
3 3 -1.1328210616509322
4 4 -0.1515499665495983
5 5 -0.27662505279407723
6 6 1.8420612614203757
7 7 0.4068662010779103
8 8 -1.0142799550212156
9 9 -0.6082353120217685
10 10 0.5587625609854183
11 11 -1.9483837547493215
12 12 -0.6458658062860341
13 13 0.6247807698506351
14 14 0.5541454407406015
15 15 -0.7720482494695227
16 16 -0.5890122733214054
17 17 1.7627020370097755
18 18 0.32735206599486194
19 19 -1.5137694694828407
20 20 -0.45289686580839295
21 21 0.637452983000053
22 22 1.1113503024680282
23 23 -1.656236681419646
24 24 1.8292964196728467
25 25 -0.7051998891789628
26 26 1.3064989699024896
27 27 -0.6442059743553687
28 28 0.35695001154168526
29 29 1.9917745987651492
30 30 -0.3558914567281155
31 31 1.432751406167835
32 32 1.772331685448464
33 33 1.8122470391217893
34 34 0.640366433733738
35 35 0.004702361822016776
36 36 0.6642695874688678
37 37 1.4866165232533772
38 38 1.859994044028769
39 39 -0.8549122608859419
40 40 -0.5535393492485903
41 41 0.7439256214814862
42 42 -1.1337593733170492
43 43 0.6709877821121362
44 44 0.38629926167671647
45 45 -1.1292515029915884
46 46 1.341349160794619
47 47 -1.9401177842449313
48 48 1.4287715523801028
49 49 -1.6348456647713965
50 50 0.5505789144909929
51 51 0.7394968033085436
52 52 1.4474660213098753
53 53 -1.8375327943655675
54 54 -0.5596943402816592
55 55 -1.390529574747119
56 56 -0.07958986043246608
57 57 -0.399455295964378
58 58 0.34469107541036514
59 59 -1.2933654580123275
60 60 1.8524644217030917
61 61 -0.09845160344692871
62 62 -0.6308691797608167
63 63 -1.8372370057879828
64 64 -0.8145794650168298
65 65 -1.185622739257663
66 66 0.8491379902675629
67 67 -1.6117965594814323
68 68 -0.37766800161317704
69 69 -0.6060102860463963
70 70 1.770001516299654
71 71 -0.9206205061926953
72 72 -0.9536103143582877
73 73 1.0575595800747095
74 74 1.5593691776142815
75 75 -0.6778725771577245
76 76 -0.9002938434468333
77 77 -0.1897708624910175
78 78 0.9247285859612453
79 79 -1.799930876528009
80 80 0.45200321614519545
81 81 -0.8001923733392285
82 82 0.6483680236401059
83 83 -1.8833819358961001
84 84 1.3876314724987646
85 85 -1.9335905110329163
86 86 -1.1019349410118893
87 87 -1.613522557910525
88 88 -0.5453586155721237
89 89 1.0139853575609212
90 90 -1.586124933773032
91 91 -1.0751227920322437
92 92 -0.0569158849307807
93 93 -0.8571681780152646
94 94 -0.8292579420571565
95 95 -0.8180301917249388
96 96 -0.567893580950388
97 97 0.5556749755628267
98 98 -0.6601901805394612
99 99 -1.1595300099128547
100 100 1.9965239978321327
101 101 -1.7282898770183968
102 102 -1.7469951539964212
103 103 0.9130595318614256
104 104 -1.3575745022997698
105 105 -1.8514422987903192
106 106 -1.1343574518087594
107 107 1.0834647634068135
108 108 -0.79927545543497
109 109 -1.6700914017336492
110 110 0.04004897320365863
111 111 -1.1631236618477958
112 112 -0.09007712882989338
113 113 0.5284827253920645
114 114 1.224197465677186
115 115 0.747235398866672
116 116 0.9107412848119206
117 117 0.4837206242048158
118 118 -0.8684480808460218
119 119 -1.2601543928704895
120 120 1.4120346041262497
121 121 -0.1195343767682573
122 122 1.3497219323569185
123 123 -1.086094311416002
124 124 1.366533233657881
125 125 -1.3758955201913428
126 126 -1.9922901808987892
127 127 -1.3064708780481498
128 128 -1.6965759805752356
129 129 -0.48786248294293655
130 130 1.5060089721838386
131 131 0.17367153650037714
132 132 1.3202813437670615
133 133 -0.9583299116646488
134 134 1.2892616002701
135 135 1.9338190641094637
136 136 -0.8116642166021776
137 137 -1.4132413284202872
138 138 1.3152532524549523
139 139 -0.18950201030321168
