0	1	-3732
0	2	-372
0	3	-2956
0	4	8884
0	5	5708
0	6	-524
0	7	-996
0	8	7364
0	9	-6468
0	10	3412
0	11	8900
0	12	-9812
0	13	524
0	14	828
0	15	-4172
0	16	-2516
0	17	-9340
0	18	220
0	19	5708
0	20	-2196
0	21	-540
0	22	2652
0	23	3868
0	24	3564
0	25	-844
0	26	996
0	27	-1132
0	28	-1436
0	29	3564
0	30	-1756
0	31	-5404
0	32	-5388
0	33	-3412
0	34	-692
0	35	-2364
0	36	-2196
0	37	3260
1	2	5692
1	3	2500
1	4	3124
1	5	-388
1	6	68
1	7	-4324
1	8	-1132
1	9	6924
1	10	2820
1	11	-3580
1	12	4492
1	13	5708
1	14	-372
1	15	-2060
1	16	-8580
1	17	3108
1	18	-5540
1	19	-388
1	20	7516
1	21	6772
1	22	-2196
1	23	-3412
1	24	-3108
1	25	1300
1	26	4324
1	27	676
1	28	980
1	29	-3108
1	30	2212
1	31	5860
1	32	4932
1	33	-2820
1	34	-4628
1	35	2820
1	36	7516
1	37	2972
2	3	-6604
2	4	980
2	5	2060
2	6	-4172
2	7	-3124
2	8	5236
2	9	8732
2	10	-4492
2	11	-524
2	12	5388
2	13	4172
2	14	4476
2	15	3732
2	16	1132
2	17	-1436
2	18	-7684
2	19	2060
2	20	5708
2	21	8884
2	22	524
2	23	-4036
2	24	-4340
2	25	-2972
2	26	-2652
2	27	996
2	28	692
2	29	7212
2	30	-3884
2	31	4020
2	32	8292
2	33	-1284
2	34	2956
2	35	-4492
2	36	5708
2	37	1132
3	4	-2212
3	5	-6300
3	6	4796
3	7	-540
3	8	-9508
3	9	-6012
3	10	3868
3	11	-3108
3	12	2196
3	13	980
3	14	-4492
3	15	-4628
3	16	-2060
3	17	7532
3	18	676
3	19	-6300
3	20	-2652
3	21	-5860
3	22	3108
3	23	-1452
3	24	-1756
3	25	5388
3	26	540
3	27	-1588
3	28	-1892
3	29	-7532
3	30	4476
3	31	828
3	32	-5844
3	33	7684
3	34	-236
3	35	3868
3	36	-2652
3	37	3716
4	5	12228
4	6	1132
4	7	388
4	8	9356
4	9	84
4	10	1756
4	11	9036
4	12	-2348
4	13	4644
4	14	-7212
4	15	-6772
4	16	-3868
4	17	-1604
4	18	-828
4	19	6452
4	20	-2972
4	21	-68
4	22	-3260
4	23	7076
4	24	1604
4	25	-5540
4	26	-388
4	27	1740
4	28	7820
4	29	-4172
4	30	6924
4	31	-980
4	32	-5556
4	33	-1756
4	34	84
4	35	1756
4	36	2804
4	37	1908
5	6	1908
5	7	2348
5	8	10708
5	9	2652
5	10	980
5	11	11332
5	12	-692
5	13	3868
5	14	-1604
5	15	-1740
5	16	-4948
5	17	-1132
5	18	3564
5	19	8140
5	20	-5540
5	21	-2972
5	22	220
5	23	7212
5	24	1132
5	25	-9052
5	26	3428
5	27	1300
5	28	6772
5	29	1132
5	30	1588
5	31	3716
5	32	-2956
5	33	-980
5	34	2652
5	35	980
5	36	236
5	37	828
6	7	2804
6	8	-388
6	9	-2668
6	10	1436
6	11	5100
6	12	-236
6	13	-1452
6	14	-1148
6	15	-2196
6	16	1284
6	17	4188
6	18	9796
6	19	1908
6	20	-5996
6	21	-8292
6	22	6452
6	23	7668
6	24	-4188
6	25	2956
6	26	8748
6	27	-10708
6	28	540
6	29	-4188
6	30	-3732
6	31	4172
6	32	-3412
6	33	4340
6	34	3108
6	35	1436
6	36	-5996
6	37	-4492
7	8	7684
7	9	-7364
7	10	-5692
7	11	-844
7	12	1756
7	13	-2804
7	14	-3108
7	15	676
7	16	236
7	17	5844
7	18	3276
7	19	8124
7	20	-7076
7	21	-7516
7	22	6620
7	23	-372
7	24	-5844
7	25	4340
7	26	1284
7	27	-8140
7	28	3716
7	29	-5844
7	30	-524
7	31	3124
7	32	-3884
7	33	-84
7	34	-7364
7	35	84
7	36	-12852
7	37	-5540
8	9	1604
8	10	-2500
8	11	7516
8	12	-828
8	13	388
8	14	84
8	15	3260
8	16	-2348
8	17	-3124
8	18	692
8	19	10708
8	20	-4492
8	21	1452
8	22	4036
8	23	2820
8	24	-2652
8	25	-4020
8	26	3868
8	27	-5556
8	28	6300
8	29	3124
8	30	-3108
8	31	540
8	32	-1300
8	33	-3276
8	34	-4172
8	35	-2500
8	36	-4492
8	37	-2348
9	10	-220
9	11	-540
9	12	7228
9	13	2668
9	14	2364
9	15	6756
9	16	-68
9	17	372
9	18	-2804
9	19	-3124
9	20	4780
9	21	9508
9	22	-5236
9	23	-676
9	24	-372
9	25	-7516
9	26	1588
9	27	3716
9	28	4020
9	29	5404
9	30	-828
9	31	2820
9	32	7972
9	33	220
9	34	3884
9	35	-220
9	36	10556
9	37	-68
10	11	3564
10	12	-8428
10	13	-1436
10	14	4036
10	15	-692
10	16	-9948
10	17	-1300
10	18	4644
10	19	980
10	20	3108
10	21	-372
10	22	2212
10	23	6772
10	24	1300
10	25	-5844
10	26	5692
10	27	2044
10	28	-3428
10	29	1300
10	30	6620
10	31	-1284
10	32	524
10	33	-1452
10	34	-220
10	35	7228
10	36	3108
10	37	1604
11	12	-3884
11	13	676
11	14	980
11	15	-4324
11	16	-2364
11	17	-3716
11	18	6148
11	19	5556
11	20	-8124
11	21	-6164
11	22	2804
11	23	9796
11	24	3716
11	25	-6468
11	26	6620
11	27	-1284
11	28	4188
11	29	3716
11	30	-1604
11	31	524
11	32	-5540
11	33	2212
11	34	5236
11	35	-2212
11	36	-2348
11	37	3412
12	13	6012
12	14	-5844
12	15	3412
12	16	3276
12	17	8580
12	18	-5236
12	19	-6468
12	20	-4340
12	21	1300
12	22	-1892
12	23	-8884
12	24	-2804
12	25	1604
12	26	-1756
12	27	372
12	28	6452
12	29	-2804
12	30	-3260
12	31	6164
12	32	-1148
12	33	8428
12	34	1452
12	35	-2652
12	36	1436
12	37	3276
13	14	-4628
13	15	2196
13	16	-7060
13	17	1588
13	18	-4020
13	19	-1908
13	20	220
13	21	2516
13	22	-676
13	23	-7668
13	24	-1588
13	25	-2956
13	26	-2972
13	27	4932
13	28	-540
13	29	-1588
13	30	-2044
13	31	7380
13	32	-2364
13	33	1436
13	34	2668
13	35	4340
13	36	5996
13	37	4492
14	15	2500
14	16	-1588
14	17	-3884
14	18	1452
14	19	4172
14	20	6300
14	21	2212
14	22	4796
14	23	3580
14	24	-1892
14	25	-3260
14	26	3108
14	27	-540
14	28	-6012
14	29	9660
14	30	-2348
14	31	1300
14	32	9492
14	33	-4036
14	34	2364
14	35	-1740
14	36	524
14	37	-1588
15	16	-844
15	17	540
15	18	1892
15	19	-1740
15	20	1908
15	21	6908
15	22	4324
15	23	-6012
15	24	-6316
15	25	-4948
15	26	-676
15	27	-2804
15	28	-3108
15	29	5236
15	30	-5860
15	31	2044
15	32	4492
15	33	692
15	34	980
15	35	5084
15	36	1908
15	37	-6620
16	17	-1452
16	18	-980
16	19	-4948
16	20	-2820
16	21	-220
16	22	-3412
16	23	1148
16	24	1452
16	25	5860
16	26	-6012
16	27	-3884
16	28	2196
16	29	1452
16	30	-4780
16	31	-6908
16	32	372
16	33	4172
16	34	5708
16	35	-9948
16	36	-2820
16	37	-4020
17	18	1284
17	19	-1132
17	20	-3260
17	21	-5252
17	22	3716
17	23	-844
17	24	-6924
17	25	220
17	26	-68
17	27	-2196
17	28	3276
17	29	-6924
17	30	5084
17	31	7212
17	32	-676
17	33	7076
17	34	372
17	35	4476
17	36	-3260
17	37	-1452
18	19	3564
18	20	-5860
18	21	-8732
18	22	5404
18	23	9964
18	24	-1284
18	25	-2652
18	26	8276
18	27	-6924
18	28	-844
18	29	-1284
18	30	-1740
18	31	1908
18	32	-2668
18	33	1132
18	34	2972
18	35	4644
18	36	-5860
18	37	-6756
19	20	236
19	21	-2972
19	22	5996
19	23	7212
19	24	-4644
19	25	-3276
19	26	3428
19	27	-4476
19	28	996
19	29	1132
19	30	1588
19	31	3716
19	32	2820
19	33	-6756
19	34	-3124
19	35	980
19	36	-5540
19	37	-4948
20	21	10708
20	22	-3428
20	23	-2212
20	24	-2516
20	25	-1148
20	26	-4476
20	27	4948
20	28	-6908
20	29	3260
20	30	3716
20	31	68
20	32	12244
20	33	-8884
20	34	-996
20	35	3108
20	36	9660
20	37	-2820
21	22	-5388
21	23	-6604
21	24	-524
21	25	-1892
21	26	-4036
21	27	3868
21	28	-1604
21	29	5252
21	30	-980
21	31	-3108
21	32	8124
21	33	-5404
21	34	-2044
21	35	-372
21	36	10708
21	37	-220
22	23	1756
22	24	-9492
22	25	692
22	26	4932
22	27	-10268
22	28	-4188
22	29	2060
22	30	-4172
22	31	5252
22	32	-236
22	33	3564
22	34	540
22	35	2212
22	36	-9204
22	37	-3412
23	24	844
23	25	-6300
23	26	6148
23	27	-3276
23	28	2804
23	29	844
23	30	6164
23	31	-1740
23	32	980
23	33	-996
23	34	5100
23	35	996
23	36	-2212
23	37	-4628
24	25	-220
24	26	68
24	27	7972
24	28	2500
24	29	1148
24	30	692
24	31	-7212
24	32	-5100
24	33	-1300
24	34	-372
24	35	-4476
24	36	3260
24	37	7228
25	26	1436
25	27	-7988
25	28	-1908
25	29	-5996
25	30	-6452
25	31	-2804
25	32	-3732
25	33	68
25	34	-7516
25	35	-5844
25	36	-6924
25	37	84
26	27	-9188
26	28	2060
26	29	68
26	30	-5252
26	31	2652
26	32	-1892
26	33	84
26	34	-4188
26	35	-84
26	36	-4476
26	37	-236
27	28	-68
27	29	2196
27	30	8428
27	31	-996
27	32	1756
27	33	-2044
27	34	3716
27	35	2044
27	36	10724
27	37	7668
28	29	-3276
28	30	2956
28	31	-692
28	32	-4324
28	33	3428
28	34	-1756
28	35	-3428
28	36	-1132
28	37	2196
29	30	-5084
29	31	-1436
29	32	6452
29	33	-1300
29	34	5404
29	35	-4476
29	36	3260
29	37	1452
30	31	-1892
30	32	1132
30	33	-844
30	34	-828
30	35	6620
30	36	3716
30	37	996
31	32	3260
31	33	1284
31	34	2820
31	35	4492
31	36	68
31	37	-1132
32	33	-6300
32	34	2196
32	35	524
32	36	6468
32	37	-5404
33	34	5996
33	35	-1452
33	36	-3108
33	37	4172
34	35	-220
34	36	4780
34	37	-68
35	36	3108
35	37	-4172
36	37	2956
