0	1	672
0	2	-368
0	3	5864
0	4	5992
0	5	368
0	6	-4800
0	7	5864
0	8	8424
0	9	-10856
0	10	-1432
0	11	6296
0	12	3560
0	13	6296
0	14	-672
0	15	10424
0	16	-64
0	17	3408
0	18	-392
0	19	-2064
0	20	2824
0	21	5536
0	22	3256
0	23	-6600
0	24	-5712
0	25	13464
0	26	-5104
0	27	2976
0	28	5688
0	29	-7840
0	30	-5864
0	31	-7536
0	32	-696
0	33	-4344
0	34	-392
0	35	368
0	36	544
0	37	2952
1	2	-4472
1	3	1760
1	4	-1456
1	5	10248
1	6	-696
1	7	-4016
1	8	-4800
1	9	2368
1	10	-5536
1	11	-1152
1	12	-3888
1	13	10400
1	14	1000
1	15	544
1	16	-4168
1	17	7512
1	18	-7840
1	19	2040
1	20	10272
1	21	9640
1	22	-4192
1	23	848
1	24	-1608
1	25	3584
1	26	-6776
1	27	4648
1	28	-1760
1	29	-3736
1	30	-1760
1	31	-9208
1	32	3408
1	33	5536
1	34	-7840
1	35	-7080
1	36	-3560
1	37	1280
2	3	3712
2	4	-4016
2	5	1608
2	6	12552
2	7	3712
2	8	-6448
2	9	3104
2	10	-6320
2	11	1456
2	12	-1584
2	13	-4320
2	14	4472
2	15	-848
2	16	3864
2	17	4344
2	18	2368
2	19	-7512
2	20	976
2	21	-3560
2	22	-1280
2	23	-6928
2	24	7688
2	25	1888
2	26	1304
2	27	-4952
2	28	7840
2	29	9816
2	30	-3712
2	31	9512
2	32	2672
2	33	-5232
2	34	-3408
2	35	7384
2	36	3256
2	37	-976
3	4	2216
3	5	2064
3	6	1456
3	7	9032
3	8	5560
3	9	-3128
3	10	-6776
3	11	13464
3	12	4648
3	13	1912
3	14	-7536
3	15	4472
3	16	-2368
3	17	4800
3	18	-8728
3	19	-1280
3	20	6296
3	21	2672
3	22	4952
3	23	-7384
3	24	-3408
3	25	7208
3	26	1760
3	27	368
3	28	8296
3	29	-1280
3	30	-14808
3	31	4192
3	32	-2648
3	33	-4776
3	34	-2952
3	35	-3712
3	36	2800
3	37	-520
4	5	-7536
4	6	-1152
4	7	2216
4	8	6296
4	9	-8728
4	10	696
4	11	4168
4	12	7208
4	13	4168
4	14	-4320
4	15	6776
4	16	2064
4	17	1280
4	18	-2520
4	19	-4192
4	20	4952
4	21	-2368
4	22	1128
4	23	-4472
4	24	-7840
4	25	4040
4	26	-1456
4	27	5104
4	28	3560
4	29	1584
4	30	-2216
4	31	-3888
4	32	-2824
4	33	-6472
4	34	-2520
4	35	-1760
4	36	-3104
4	37	824
5	6	-1000
5	7	2064
5	8	-5104
5	9	2672
5	10	-5232
5	11	-1456
5	12	-9968
5	13	4320
5	14	1304
5	15	848
5	16	-3864
5	17	1432
5	18	-2368
5	19	7512
5	20	4800
5	21	9336
5	22	1280
5	23	1152
5	24	3864
5	25	3888
5	26	-7080
5	27	4952
5	28	-2064
5	29	-4040
5	30	-2064
5	31	-3736
5	32	3104
5	33	-544
5	34	-2368
5	35	-1608
5	36	-3256
5	37	6752
6	7	1456
6	8	-10272
6	9	7840
6	10	-5840
6	11	-848
6	12	2192
6	13	-848
6	14	6472
6	15	-5536
6	16	1304
6	17	7816
6	18	-1760
6	19	-9208
6	20	4192
6	21	-7384
6	22	-3888
6	23	-5232
6	24	4472
6	25	-2496
6	26	-696
6	27	-7208
6	28	4320
6	29	13896
6	30	-1456
6	31	8424
6	32	3712
6	33	64
6	34	-7536
6	35	4776
6	36	1912
6	37	-4192
7	8	5560
7	9	-3128
7	10	-1000
7	11	7688
7	12	4648
7	13	1912
7	14	-1760
7	15	4472
7	16	-2368
7	17	-976
7	18	-2952
7	19	4496
7	20	520
7	21	-3104
7	22	10728
7	23	-7384
7	24	-3408
7	25	7208
7	26	-4016
7	27	368
7	28	2520
7	29	-1280
7	30	-9032
7	31	4192
7	32	-2648
7	33	-4776
7	34	2824
7	35	2064
7	36	2800
7	37	5256
8	9	-11160
8	10	4040
8	11	6600
8	12	3864
8	13	824
8	14	-6752
8	15	10120
8	16	-368
8	17	-2064
8	18	-88
8	19	4016
8	20	-3256
8	21	64
8	22	9336
8	23	-1128
8	24	-5408
8	25	7384
8	26	976
8	27	2672
8	28	216
8	29	-7536
8	30	-5560
8	31	-1456
8	32	-6168
8	33	-4040
8	34	5688
8	35	-5104
8	36	240
8	37	3256
9	10	-1608
9	11	-3256
9	12	-520
9	13	-3256
9	14	3408
9	15	-13464
9	16	-2976
9	17	-368
9	18	-2344
9	19	-672
9	20	-88
9	21	-2496
9	22	-5992
9	23	3560
9	24	2976
9	25	-10728
9	26	2368
9	27	-6016
9	28	-2648
9	29	5104
9	30	3128
9	31	4800
9	32	3736
9	33	7384
9	34	-2344
9	35	2672
9	36	2192
9	37	-5688
10	11	-5384
10	12	3128
10	13	392
10	14	5536
10	15	216
10	16	-848
10	17	-8272
10	18	1304
10	19	2976
10	20	-3736
10	21	-4624
10	22	3432
10	23	5688
10	24	848
10	25	-2824
10	26	240
10	27	-3888
10	28	-4776
10	29	-2800
10	30	6776
10	31	-3104
10	32	7384
10	33	-520
10	34	12856
10	35	544
10	36	-1456
10	37	3736
11	12	7512
11	13	-1304
11	14	-10400
11	15	696
11	16	-4016
11	17	1584
11	18	-7992
11	19	-3888
11	20	4648
11	21	3712
11	22	1432
11	23	-4776
11	24	-7536
11	25	3736
11	26	4624
11	27	-976
11	28	9640
11	29	-3888
11	30	-13464
11	31	2192
11	32	-2520
11	33	-6168
11	34	-2216
11	35	-1456
11	36	2368
11	37	-4648
12	13	1736
12	14	-1888
12	15	-2344
12	16	-1280
12	17	-1152
12	18	-4952
12	19	-6624
12	20	1608
12	21	-4800
12	22	-1304
12	23	-7816
12	24	-10272
12	25	696
12	26	1888
12	27	-4016
12	28	6904
12	29	-848
12	30	-4648
12	31	-544
12	32	520
12	33	2648
12	34	824
12	35	1584
12	36	5104
12	37	-7384
13	14	6928
13	15	6472
13	16	1760
13	17	7360
13	18	-7992
13	19	1888
13	20	10424
13	21	3712
13	22	1432
13	23	-4776
13	24	-1760
13	25	9512
13	26	-6928
13	27	4800
13	28	-1912
13	29	-3888
13	30	-1912
13	31	-9360
13	32	3256
13	33	5384
13	34	-2216
13	35	-1456
13	36	2368
13	37	6904
14	15	-544
14	16	4168
14	17	4040
14	18	2064
14	19	-2040
14	20	1280
14	21	-3864
14	22	-1584
14	23	-848
14	24	7384
14	25	2192
14	26	-4776
14	27	-4648
14	28	-4016
14	29	3736
14	30	7536
14	31	-2344
14	32	8144
14	33	6016
14	34	2064
14	35	7080
14	36	3560
14	37	4496
15	16	4624
15	17	3584
15	18	1608
15	19	3280
15	20	1736
15	21	1456
15	22	9512
15	23	-6168
15	24	1152
15	25	14200
15	26	-5232
15	27	7360
15	28	1304
15	29	-2496
15	30	-4472
15	31	-2800
15	32	-3864
15	33	-5992
15	34	1608
15	35	-4928
15	36	-1760
15	37	9816
16	17	-1128
16	18	2672
16	19	-1432
16	20	672
16	21	-3256
16	22	-976
16	23	-7232
16	24	7992
16	25	1584
16	26	7384
16	27	6296
16	28	2368
16	29	4344
16	30	2368
16	31	4040
16	32	-2800
16	33	848
16	34	2672
16	35	7688
16	36	8728
16	37	5104
17	18	-5104
17	19	-6776
17	20	7536
17	21	824
17	22	-1456
17	23	-1888
17	24	1128
17	25	6624
17	26	-4040
17	27	-3864
17	28	976
17	29	4776
17	30	-4800
17	31	-696
17	32	368
17	33	2496
17	34	-10880
17	35	-4344
17	36	-520
17	37	-1760
18	19	976
18	20	-11768
18	21	-2976
18	22	520
18	23	1912
18	24	3104
18	25	-1128
18	26	-2064
18	27	-64
18	28	-2824
18	29	976
18	30	8728
18	31	1280
18	32	-3432
18	33	-1304
18	34	2648
18	35	3408
18	36	-2496
18	37	216
19	20	-4320
19	21	1128
19	22	10400
19	23	3584
19	24	1432
19	25	544
19	26	-3736
19	27	7384
19	28	-10272
19	29	-6472
19	30	1280
19	31	-392
19	32	-5104
19	33	2800
19	34	6752
19	35	-4040
19	36	-824
19	37	10096
20	21	5408
20	22	-3864
20	23	-4344
20	24	-672
20	25	4472
20	26	-1280
20	27	3408
20	28	5256
20	29	1456
20	30	-6296
20	31	-4624
20	32	5864
20	33	-2040
20	34	-5992
20	35	-976
20	36	64
20	37	2216
21	22	-5104
21	23	1760
21	24	-2520
21	25	4496
21	26	-1912
21	27	5560
21	28	3104
21	29	-10424
21	30	-2672
21	31	-10120
21	32	2496
21	33	-1152
21	34	-2976
21	35	-2216
21	36	-2648
21	37	368
22	23	-1736
22	24	976
22	25	6776
22	26	-4192
22	27	2064
22	28	-4952
22	29	-1152
22	30	-4952
22	31	4928
22	32	-5560
22	33	-3432
22	34	6296
22	35	-4496
22	36	-368
22	37	9640
23	24	1456
23	25	-9208
23	26	848
23	27	-4496
23	28	-9944
23	29	-2192
23	30	7384
23	31	-2496
23	32	2216
23	33	88
23	34	1912
23	35	-4624
23	36	-7840
23	37	-1432
24	25	-1584
24	26	4168
24	27	-520
24	28	-2368
24	29	7208
24	30	3408
24	31	7512
24	32	2800
24	33	-848
24	34	3104
24	35	3864
24	36	2824
24	37	6448
25	26	-7968
25	27	4320
25	28	4344
25	29	-5232
25	30	-7208
25	31	-5536
25	32	-824
25	33	-2952
25	34	-1128
25	35	-1888
25	36	976
25	37	7080
26	27	-1128
26	28	4016
26	29	2040
26	30	-1760
26	31	8120
26	32	-2368
26	33	-240
26	34	3712
26	35	4472
26	36	7992
26	37	-4496
27	28	-368
27	29	-4168
27	30	-368
27	31	-4472
27	32	-5536
27	33	-1888
27	34	-64
27	35	-824
27	36	-88
27	37	8144
28	29	1280
28	30	-8296
28	31	1584
28	32	2648
28	33	-6776
28	34	-2824
28	35	3712
28	36	2976
28	37	-5256
29	30	1280
29	31	11160
29	32	672
29	33	-2976
29	34	-4800
29	35	1736
29	36	-824
29	37	-1456
30	31	-4192
30	32	2648
30	33	4776
30	34	2952
30	35	3712
30	36	-2800
30	37	520
31	32	-4800
31	33	-2672
31	34	1280
31	35	2040
31	36	4648
31	37	-1152
32	33	-1608
32	34	2344
32	35	3104
32	36	-2192
32	37	-88
33	34	-1304
33	35	-544
33	36	7232
33	37	-3736
34	35	3408
34	36	3280
34	37	5992
35	36	8296
35	37	976
36	37	-64
