0	1	2.1258125e-01
0	2	-2.5433507e-02
0	3	5.6903682e-02
0	4	2.4387107e-02
0	5	2.2849920e-01
0	6	5.1449527e-02
0	7	-2.0497353e-02
0	8	2.3006866e-02
0	9	7.0708653e-02
0	10	3.7551480e-02
0	11	8.2263971e-02
0	12	1.0704801e-01
0	13	8.0805965e-02
0	14	2.5788696e-01
0	15	1.0422361e-01
0	16	9.3144895e-02
0	17	-1.0652632e-01
0	18	9.9887674e-02
0	19	7.3387959e-02
0	20	-7.3432942e-02
0	21	-3.9128903e-02
0	22	1.8513850e-01
0	23	2.4772128e-02
0	24	9.3166214e-02
1	2	-7.4135560e-02
1	3	2.1647644e-02
1	4	8.2653310e-02
1	5	9.7523371e-02
1	6	9.7268347e-02
1	7	-4.0640881e-02
1	8	-2.0797556e-01
1	9	3.6853089e-02
1	10	-3.0593289e-01
1	11	-2.9583648e-02
1	12	3.8994245e-02
1	13	3.0822712e-01
1	14	7.4472077e-02
1	15	-1.1737112e-01
1	16	-7.4248407e-02
1	17	-1.1999291e-01
1	18	1.2284654e-01
1	19	5.9571030e-02
1	20	6.6612894e-02
1	21	1.5027531e-01
1	22	-3.2540754e-02
1	23	-2.4661914e-01
1	24	2.3387794e-02
2	3	-2.3335753e-01
2	4	-1.3288952e-01
2	5	-2.2058495e-01
2	6	5.9466776e-02
2	7	8.9995637e-02
2	8	-4.9667039e-02
2	9	-3.6757853e-02
2	10	1.8015974e-01
2	11	1.7768076e-01
2	12	-4.4608229e-02
2	13	2.5264625e-01
2	14	6.3259394e-03
2	15	-9.3353296e-02
2	16	6.7851692e-02
2	17	-2.9199677e-01
2	18	-2.5917178e-01
2	19	1.0788485e-01
2	20	1.7895434e-01
2	21	2.9985366e-02
2	22	-5.4730109e-02
2	23	-7.9995729e-02
2	24	1.6404728e-01
3	4	-2.9445417e-02
3	5	1.6375875e-01
3	6	1.0173039e-01
3	7	-9.7294200e-02
3	8	1.9744635e-01
3	9	1.6487685e-02
3	10	6.0339758e-02
3	11	-4.9148036e-02
3	12	1.4181518e-01
3	13	-2.1859596e-02
3	14	-1.3562798e-01
3	15	-5.0174672e-02
3	16	-3.2526235e-01
3	17	1.6468009e-01
3	18	1.5887546e-01
3	19	9.5485079e-02
3	20	2.4054149e-01
3	21	2.1129827e-01
3	22	-3.2215788e-02
3	23	-1.4545739e-01
3	24	-1.4128310e-01
4	5	-1.7394362e-02
4	6	-1.3598432e-01
4	7	-1.0722107e-01
4	8	5.5972775e-03
4	9	1.2204250e-01
4	10	-3.4655687e-02
4	11	9.5652734e-02
4	12	-2.9115599e-02
4	13	5.3516051e-02
4	14	-1.1204842e-03
4	15	-1.2227742e-02
4	16	1.3554192e-01
4	17	9.9381611e-02
4	18	-9.6575572e-02
4	19	-4.5247125e-02
4	20	-2.2640574e-01
4	21	8.5572302e-02
4	22	6.4782019e-03
4	23	-1.2456505e-02
4	24	-3.2760875e-02
5	6	1.6594493e-01
5	7	-2.2343047e-01
5	8	1.1866522e-01
5	9	9.8219114e-03
5	10	7.9270855e-03
5	11	-9.2770167e-02
5	12	1.5605466e-01
5	13	9.0631563e-02
5	14	2.6432427e-01
5	15	8.8829237e-02
5	16	1.6616500e-01
5	17	3.1122874e-02
5	18	1.6596458e-01
5	19	-5.3670346e-02
5	20	-7.0247530e-02
5	21	2.3155396e-01
5	22	6.7499951e-02
5	23	-1.0002492e-01
5	24	-9.2938231e-02
6	7	-1.7788101e-01
6	8	9.7675075e-02
6	9	-7.7455368e-02
6	10	5.8008313e-02
6	11	-2.5119323e-01
6	12	5.7198102e-02
6	13	1.6769572e-01
6	14	1.7712594e-01
6	15	1.9055974e-02
6	16	1.0505007e-01
6	17	-2.2312815e-01
6	18	-4.4397814e-02
6	19	-8.6001725e-05
6	20	8.5324743e-02
6	21	5.2977789e-02
6	22	-1.2042666e-01
6	23	-1.0184040e-01
6	24	-6.1986570e-02
7	8	-8.5659216e-02
7	9	-8.9087097e-02
7	10	-5.5375193e-02
7	11	4.5346510e-02
7	12	-7.5767554e-02
7	13	-1.5665597e-01
7	14	-2.3044738e-01
7	15	9.3591885e-02
7	16	-1.2328737e-01
7	17	2.2753571e-02
7	18	7.9181858e-02
7	19	1.6342480e-01
7	20	1.7863421e-01
7	21	-2.1569466e-01
7	22	1.1448860e-01
7	23	2.3256539e-01
7	24	-9.1471972e-03
8	9	-1.0226772e-01
8	10	1.3915460e-01
8	11	-1.3896323e-01
8	12	1.6771551e-01
8	13	5.8736672e-02
8	14	4.9215540e-02
8	15	8.6292176e-02
8	16	1.8732579e-02
8	17	-4.3461437e-02
8	18	2.4176454e-01
8	19	3.3436425e-02
8	20	-3.8935029e-02
8	21	1.1717628e-01
8	22	-5.5070140e-02
8	23	-3.5475334e-02
8	24	-2.5771108e-01
9	10	5.9594104e-03
9	11	1.9380445e-01
9	12	-2.3809935e-02
9	13	-8.2293453e-03
9	14	2.1710422e-02
9	15	-7.0455451e-02
9	16	-3.1029641e-02
9	17	7.3606529e-02
9	18	-1.5783872e-01
9	19	-2.2859487e-02
9	20	-5.2381884e-02
9	21	-3.2161302e-02
9	22	3.5624344e-02
9	23	-4.7548947e-02
9	24	1.5845564e-01
10	11	1.0287523e-02
10	12	4.7156638e-02
10	13	-7.7912172e-02
10	14	8.6111977e-02
10	15	3.1524269e-02
10	16	2.0969707e-02
10	17	-2.7274066e-02
10	18	-1.0557259e-01
10	19	4.1345407e-02
10	20	-3.3265677e-02
10	21	4.1125163e-02
10	22	1.5741253e-02
10	23	6.2514687e-02
10	24	1.1335427e-01
11	12	-5.8177069e-02
11	13	6.0264430e-02
11	14	-5.5899802e-02
11	15	-1.5240573e-01
11	16	-1.6663361e-01
11	17	1.1686556e-01
11	18	-1.6867191e-01
11	19	5.8956660e-02
11	20	7.1355966e-02
11	21	3.6405367e-02
11	22	8.4291959e-02
11	23	-3.8511821e-02
11	24	1.3978930e-01
12	13	5.8703365e-02
12	14	7.1078551e-02
12	15	8.9261356e-02
12	16	5.2375784e-02
12	17	1.0101809e-02
12	18	2.3286333e-01
12	19	7.8812702e-02
12	20	1.1399671e-02
12	21	1.3283352e-01
12	22	-5.9442245e-03
12	23	-1.2084510e-01
12	24	-5.8716607e-02
13	14	-1.0396311e-02
13	15	-9.1316276e-02
13	16	2.0083889e-01
13	17	-3.5495169e-01
13	18	4.9764790e-02
13	19	-8.8765541e-02
13	20	1.4916961e-01
13	21	4.8442277e-02
13	22	-9.2444651e-02
13	23	-4.4296097e-01
13	24	-2.5695918e-01
14	15	6.2756055e-02
14	16	2.3162912e-01
14	17	-1.0971691e-01
14	18	-2.6046519e-02
14	19	-3.1139510e-02
14	20	-3.7232021e-01
14	21	1.4100407e-01
14	22	2.5514155e-02
14	23	1.3518062e-01
14	24	1.6150168e-01
15	16	2.8155638e-01
15	17	-9.5631830e-03
15	18	1.2077096e-01
15	19	6.6357470e-02
15	20	-6.3359201e-02
15	21	-9.7891759e-02
15	22	1.0619655e-01
15	23	1.6386396e-01
15	24	-6.3982992e-02
16	17	-1.8196596e-01
16	18	-7.6309171e-02
16	19	-1.2276630e-01
16	20	-2.5568874e-01
16	21	-2.9891840e-02
16	22	7.2839985e-02
16	23	-4.4620327e-04
16	24	-6.8634515e-02
17	18	-3.3699525e-02
17	19	1.2225143e-01
17	20	2.8938957e-02
17	21	4.5027667e-01
17	22	4.3113762e-02
17	23	1.7628025e-01
17	24	3.1510757e-02
18	19	-1.7770248e-02
18	20	-2.5658967e-02
18	21	-2.9520057e-02
18	22	5.6629686e-02
18	23	-1.1784479e-01
18	24	-2.9645782e-01
19	20	2.0665164e-01
19	21	1.9585938e-01
19	22	-4.3776050e-03
19	23	1.6651660e-01
19	24	1.7467141e-02
20	21	1.0075186e-01
20	22	-4.2715922e-02
20	23	-1.6103092e-01
20	24	-1.4431804e-01
21	22	-1.0262648e-01
21	23	-5.5925435e-02
21	24	-1.3058449e-01
22	23	1.0799662e-01
22	24	8.2923696e-02
23	24	1.1796595e-01
