0	1	1.3563879e-01
0	2	9.5307499e-02
0	3	9.0928018e-02
0	4	3.0009059e-02
0	5	-1.3564129e-01
0	6	7.0018612e-02
0	7	-3.9134581e-02
0	8	1.5681481e-02
0	9	-1.9763879e-01
0	10	-1.9437654e-01
0	11	1.4302989e-01
0	12	-1.2452333e-01
0	13	-6.5352285e-02
0	14	-7.2896625e-02
0	15	7.9683787e-02
0	16	-6.9570647e-02
0	17	-2.9236559e-02
0	18	-4.4877500e-02
0	19	-1.7558950e-01
0	20	3.0752429e-01
0	21	-4.0528580e-02
0	22	-7.2681818e-02
0	23	2.1134854e-01
0	24	-2.6789063e-01
1	2	2.5950562e-01
1	3	4.4891891e-02
1	4	5.8198184e-02
1	5	-1.6880364e-01
1	6	-9.9146729e-03
1	7	7.1610851e-02
1	8	2.5259785e-01
1	9	-1.2625109e-01
1	10	-7.4392517e-02
1	11	8.8379646e-02
1	12	3.5561338e-02
1	13	7.1188058e-02
1	14	4.8420532e-02
1	15	-5.6374092e-02
1	16	-1.0512806e-01
1	17	-4.5811122e-03
1	18	1.0469437e-02
1	19	-9.7770279e-02
1	20	1.4643487e-03
1	21	-3.3485984e-02
1	22	-1.2628239e-02
1	23	2.6848175e-01
1	24	6.5069302e-02
2	3	9.3001916e-03
2	4	-1.4460075e-01
2	5	-2.1911536e-01
2	6	-6.6642645e-02
2	7	4.4171454e-02
2	8	-7.9351668e-02
2	9	7.5341181e-02
2	10	-1.3667407e-01
2	11	-1.0195834e-01
2	12	3.3486154e-02
2	13	-1.1443116e-01
2	14	-2.0141417e-01
2	15	-2.4179125e-01
2	16	1.9016254e-01
2	17	-1.4283804e-02
2	18	-1.4226840e-02
2	19	5.1939116e-03
2	20	-1.0422804e-01
2	21	-1.5700793e-02
2	22	-4.9751840e-02
2	23	3.3034099e-02
2	24	9.6490002e-02
3	4	2.0227759e-01
3	5	1.5595460e-01
3	6	-8.4458448e-02
3	7	1.2475068e-03
3	8	2.9430717e-02
3	9	-9.9825867e-02
3	10	-5.1101216e-02
3	11	-3.1882662e-03
3	12	3.6015893e-02
3	13	-1.4705221e-01
3	14	8.5155514e-02
3	15	5.4627240e-02
3	16	-5.5786983e-02
3	17	-2.1819795e-02
3	18	-2.1415544e-01
3	19	3.1764026e-02
3	20	9.1916046e-02
3	21	-3.3582311e-02
3	22	1.3380166e-01
3	23	1.0675946e-02
3	24	-2.7212208e-02
4	5	1.7130664e-01
4	6	-8.4484469e-03
4	7	7.6144846e-02
4	8	1.6370242e-01
4	9	-1.3024882e-01
4	10	1.5058620e-01
4	11	2.0207672e-01
4	12	-3.5948487e-02
4	13	7.7867250e-03
4	14	5.4997748e-02
4	15	9.3723647e-02
4	16	2.1734755e-01
4	17	-4.3345871e-02
4	18	-1.5550661e-01
4	19	-1.8451227e-01
4	20	1.3115733e-01
4	21	-9.5213632e-02
4	22	5.4092255e-02
4	23	6.0239218e-02
4	24	6.5509270e-02
5	6	2.6303885e-02
5	7	5.6238759e-02
5	8	1.8934196e-03
5	9	-1.6865748e-01
5	10	-4.8987979e-02
5	11	-4.6958289e-02
5	12	1.8825865e-01
5	13	-1.2103084e-01
5	14	8.5395876e-02
5	15	1.7080654e-01
5	16	2.1999870e-01
5	17	-3.7585633e-02
5	18	-2.2131039e-01
5	19	1.5992344e-01
5	20	1.3814582e-03
5	21	3.7436578e-02
5	22	6.3894817e-02
5	23	-1.6759329e-01
5	24	2.5988259e-01
6	7	6.0722851e-02
6	8	-2.3644289e-02
6	9	-1.1396847e-01
6	10	-3.9040356e-02
6	11	-5.8687974e-02
6	12	-7.1502063e-02
6	13	1.3813371e-02
6	14	1.8632018e-02
6	15	1.0539888e-02
6	16	1.2391249e-02
6	17	-1.4488357e-02
6	18	6.9773666e-02
6	19	7.7196940e-02
6	20	1.9410224e-01
6	21	6.2831532e-02
6	22	-1.3762640e-02
6	23	-3.2374184e-02
6	24	-7.7131424e-02
7	8	5.9729917e-02
7	9	-9.7842352e-02
7	10	3.7265070e-02
7	11	-2.1699004e-01
7	12	-6.6942068e-02
7	13	-3.6195566e-02
7	14	3.5387897e-02
7	15	-1.4631130e-01
7	16	2.8144273e-02
7	17	-7.9067550e-02
7	18	1.2678633e-01
7	19	4.7751255e-02
7	20	1.4463447e-01
7	21	-5.4124023e-02
7	22	1.3183523e-01
7	23	-2.6570383e-02
7	24	1.0931864e-01
8	9	-9.9375411e-02
8	10	6.1875679e-02
8	11	1.0417731e-01
8	12	1.0084210e-02
8	13	8.8047308e-02
8	14	9.0733404e-02
8	15	6.2027131e-02
8	16	-7.0653167e-02
8	17	-1.7743512e-02
8	18	-3.6250450e-02
8	19	-1.9513623e-01
8	20	4.6116227e-02
8	21	-4.7231712e-02
8	22	-1.3250485e-02
8	23	2.0065186e-01
8	24	1.0682841e-01
9	10	3.0731694e-01
9	11	-1.5876102e-01
9	12	7.9927359e-02
9	13	7.3486383e-02
9	14	-6.9521258e-02
9	15	-1.1860783e-01
9	16	4.7359919e-02
9	17	1.6815814e-02
9	18	-6.4467616e-02
9	19	1.8533951e-02
9	20	-6.4356291e-01
9	21	1.5674794e-01
9	22	3.4718804e-02
9	23	-9.5418752e-02
9	24	-2.8450559e-02
10	11	-4.5744136e-03
10	12	-1.0024588e-01
10	13	1.0863243e-01
10	14	1.9356382e-02
10	15	-9.0456620e-02
10	16	1.3952575e-01
10	17	-5.4526312e-02
10	18	-1.6969592e-02
10	19	-6.0258397e-02
10	20	-1.4064515e-01
10	21	-4.1539624e-02
10	22	6.2891166e-02
10	23	-9.5740994e-02
10	24	6.5683541e-02
11	12	6.2823014e-02
11	13	1.2317858e-01
11	14	-7.9197842e-02
11	15	2.3053998e-01
11	16	2.8041601e-01
11	17	6.0974974e-03
11	18	-1.7012194e-01
11	19	-2.2646184e-01
11	20	-3.2638399e-02
11	21	-1.9339880e-01
11	22	-1.7872540e-01
11	23	2.4884177e-01
11	24	-2.8334521e-02
12	13	4.4390411e-02
12	14	5.6716738e-02
12	15	9.9570890e-02
12	16	1.3907818e-01
12	17	6.2451367e-02
12	18	-1.6199015e-01
12	19	2.1633131e-01
12	20	-6.5956784e-01
12	21	1.3779893e-01
12	22	1.9844472e-02
12	23	1.2339197e-03
12	24	2.2882695e-01
13	14	1.0382299e-01
13	15	4.9334222e-02
13	16	-3.0222505e-02
13	17	1.3486340e-01
13	18	2.2194573e-01
13	19	-3.8417970e-02
13	20	-2.0046550e-01
13	21	8.4155118e-03
13	22	-7.1013752e-02
13	23	2.2407202e-02
13	24	2.8342290e-02
14	15	3.7243034e-02
14	16	-2.0997791e-01
14	17	9.9347158e-02
14	18	1.3476284e-01
14	19	1.5130194e-01
14	20	4.8339549e-03
14	21	3.5316359e-02
14	22	7.6647238e-02
14	23	-6.9310879e-02
14	24	7.1167730e-02
15	16	9.3172085e-02
15	17	7.1664219e-02
15	18	-6.6406539e-02
15	19	-2.0339310e-01
15	20	3.2506927e-02
15	21	-4.4387166e-02
15	22	-1.9142703e-01
15	23	8.7514233e-02
15	24	-2.6583539e-02
16	17	-8.6860691e-02
16	18	-2.2961993e-01
16	19	-8.9581660e-02
16	20	-2.5283075e-01
16	21	-8.8690774e-02
16	22	-1.0126760e-01
16	23	-6.4600838e-02
16	24	2.3351495e-01
17	18	1.9743506e-01
17	19	2.4882049e-03
17	20	-1.0700708e-01
17	21	5.1691470e-02
17	22	-6.9632454e-02
17	23	-7.0932240e-02
17	24	1.9629345e-03
18	19	1.5505886e-02
18	20	2.5817490e-01
18	21	-1.1637703e-01
18	22	-6.6720655e-02
18	23	-1.2764133e-01
18	24	-2.1971477e-02
19	20	-2.6694721e-01
19	21	1.4946031e-01
19	22	2.2916650e-01
19	23	-2.9473246e-01
19	24	1.5694953e-01
20	21	-3.7304547e-01
20	22	-1.0250971e-01
20	23	-2.5582751e-02
20	24	-2.1668233e-01
21	22	6.0780262e-02
21	23	-5.5989207e-02
21	24	-5.5787961e-02
22	23	-7.0213829e-02
22	24	2.7132340e-02
23	24	-1.2313572e-01
