0	1	304
0	2	-2496
0	3	752
0	4	5968
0	5	816
0	6	-1264
0	7	-80
0	8	-2944
0	9	5968
0	10	-6016
0	11	2048
0	12	-5072
0	13	304
0	14	2320
0	15	-1200
0	16	3728
0	17	3616
0	18	-1936
0	19	-6192
0	20	1088
0	21	-3552
0	22	-528
0	23	864
0	24	-3104
0	25	592
0	26	-928
0	27	5568
1	2	8144
1	3	-1152
1	4	-1536
1	5	5856
1	6	6240
1	7	4960
1	8	-1712
1	9	4736
1	10	2160
1	11	3952
1	12	-3840
1	13	1536
1	14	-2720
1	15	3840
1	16	-3776
1	17	2384
1	18	-704
1	19	1312
1	20	-7088
1	21	4624
1	22	-4896
1	23	5232
1	24	-1200
1	25	-640
1	26	-5968
1	27	528
2	3	-3952
2	4	1264
2	5	8656
2	6	3440
2	7	4624
2	8	-1376
2	9	-5008
2	10	1824
2	11	480
2	12	-368
2	13	1872
2	14	-2384
2	15	3504
2	16	-976
2	17	-1088
2	18	-368
2	19	-1488
2	20	-480
2	21	4288
2	22	1040
2	23	-704
2	24	-1536
2	25	-976
2	26	-2496
2	27	-2272
3	4	10560
3	5	2272
3	6	-2720
3	7	-1760
3	8	-1264
3	9	7424
3	10	-1424
3	11	6640
3	12	-3392
3	13	-1152
3	14	-2272
3	15	-2880
3	16	-4224
3	17	-4336
3	18	2880
3	19	-1376
3	20	-3504
3	21	1040
3	22	-5344
3	23	-592
3	24	1488
3	25	-4224
3	26	3888
3	27	976
4	5	3552
4	6	-3104
4	7	-4960
4	8	-1424
4	9	1536
4	10	-5296
4	11	5456
4	12	-2432
4	13	4736
4	14	2720
4	15	-704
4	16	-5632
4	17	-2384
4	18	3840
4	19	-4448
4	20	816
4	21	1648
4	22	-1376
4	23	-5232
4	24	-1936
4	25	-2496
4	26	-304
4	27	-3664
5	6	4288
5	7	-2944
5	8	-6576
5	9	416
5	10	-144
5	11	7472
5	12	1824
5	13	-416
5	14	704
5	15	4448
5	16	-3616
5	17	-3504
5	18	1824
5	19	-3328
5	20	1936
5	21	3664
5	22	-2496
5	23	-976
5	24	80
5	25	-6752
5	26	-2320
5	27	3728
6	7	3392
6	8	-3280
6	9	-3104
6	10	6864
6	11	2384
6	12	-2272
6	13	3104
6	14	-4288
6	15	2272
6	16	928
6	17	816
6	18	-5408
6	19	-256
6	20	3888
6	21	3056
6	22	-3328
6	23	528
6	24	6640
6	25	928
6	26	1872
6	27	2096
7	8	1936
7	9	1312
7	10	-2384
7	11	-4176
7	12	-5344
7	13	-1312
7	14	-6464
7	15	2208
7	16	416
7	17	528
7	18	928
7	19	-1088
7	20	-5232
7	21	-4848
7	22	-1600
7	23	4400
7	24	-2160
7	25	416
7	26	-80
7	27	-304
8	9	1712
8	10	-4000
8	11	-2208
8	12	-3952
8	13	-4848
8	14	6576
8	15	3952
8	16	2608
8	17	-640
8	18	-816
8	19	4336
8	20	-7200
8	21	-4672
8	22	-1648
8	23	1984
8	24	2048
8	25	2608
8	26	-2944
8	27	-5856
9	10	-5296
9	11	5456
9	12	-2432
9	13	-4672
9	14	2720
9	15	-704
9	16	640
9	17	752
9	18	704
9	19	-1312
9	20	-8592
9	21	-1488
9	22	-4512
9	23	4176
9	24	1200
9	25	-5632
9	26	2832
9	27	8880
10	11	-1376
10	12	1264
10	13	2160
10	14	-6128
10	15	-1264
10	16	-6192
10	17	-2944
10	18	1264
10	19	5520
10	20	1376
10	21	7360
10	22	1200
10	23	-1536
10	24	3776
10	25	-3056
10	26	256
10	27	32
11	12	-3216
11	13	-2320
11	14	-1200
11	15	-3056
11	16	-1712
11	17	-7872
11	18	3056
11	19	4176
11	20	3168
11	21	5568
11	22	-592
11	23	256
11	24	-1152
11	25	-1712
11	26	-1088
11	27	4960
12	13	-3840
12	14	1312
12	15	9216
12	16	-1536
12	17	1488
12	18	192
12	19	5344
12	20	80
12	21	-2544
12	22	-2656
12	23	-6416
12	24	1040
12	25	1600
12	26	-1936
12	27	1424
13	14	-2720
13	15	-5568
13	16	-3776
13	17	2384
13	18	-6976
13	19	-1824
13	20	2320
13	21	7760
13	22	4512
13	23	-4176
13	24	1936
13	25	-3776
13	26	-2832
13	27	528
14	15	4960
14	16	3616
14	17	3504
14	18	-4960
14	19	-2944
14	20	-1936
14	21	-3664
14	22	-640
14	23	-5296
14	24	-3216
14	25	3616
14	26	-816
14	27	2544
15	16	1536
15	17	-1488
15	18	2944
15	19	4064
15	20	-6352
15	21	-3728
15	22	-6752
15	23	-2992
15	24	-1040
15	25	1536
15	26	-4336
15	27	-1424
16	17	6128
16	18	-1536
16	19	-416
16	20	1712
16	21	-2384
16	22	-2272
16	23	8208
16	24	304
16	25	2880
16	26	3728
16	27	368
17	18	-4784
17	19	-6800
17	20	-1536
17	21	-5408
17	22	-2160
17	23	4960
17	24	416
17	25	-144
17	26	480
17	27	256
18	19	2208
18	20	80
18	21	592
18	22	3616
18	23	2992
18	24	-5232
18	25	-4672
18	26	4336
18	27	-7984
19	20	-7312
19	21	1712
19	22	1600
19	23	-1264
19	24	5296
19	25	-416
19	26	-6192
19	27	304
20	21	3840
20	22	3728
20	23	-3392
20	24	-1984
20	25	4848
20	26	4224
20	27	-1824
21	22	-1264
21	23	928
21	24	-1824
21	25	-2384
21	26	5856
21	27	-3776
22	23	-5456
22	24	-1712
22	25	-2272
22	26	2608
22	27	-752
23	24	4512
23	25	-4336
23	26	864
23	27	-2048
24	25	-5968
24	26	-3104
24	27	6080
25	26	592
25	27	-2768
26	27	-3840
