0	1	1532
0	2	-3884
0	3	-708
0	4	524
0	5	-3324
0	6	2092
0	7	2612
0	8	1044
0	9	4332
0	10	-5636
0	11	-1420
0	12	-1156
0	13	-1380
0	14	484
0	15	-3660
0	16	1380
0	17	-524
0	18	-3884
0	19	484
0	20	-4444
0	21	972
0	22	-7916
0	23	-1716
0	24	-2164
0	25	-1828
0	26	1868
0	27	2388
1	2	-2276
1	3	3732
1	4	-636
1	5	-2836
1	6	932
1	7	10044
1	8	-4068
1	9	1828
1	10	-3884
1	11	7804
1	12	-2092
1	13	-1868
1	14	-372
1	15	-2500
1	16	-1268
1	17	-2500
1	18	-8548
1	19	9036
1	20	4556
1	21	-1084
1	22	1756
1	23	-4668
1	24	-1084
1	25	-4556
1	26	1156
1	27	-2276
2	3	1756
2	4	6124
2	5	-2652
2	6	-1716
2	7	-9260
2	8	1716
2	9	3660
2	10	-36
2	11	-748
2	12	-4964
2	13	-2052
2	14	4292
2	15	3284
2	16	2052
2	17	3284
2	18	3060
2	19	-1980
2	20	2500
2	21	300
2	22	-4108
2	23	748
2	24	6572
2	25	636
2	26	4332
2	27	-76
3	4	4740
3	5	1196
3	6	-3100
3	7	-1604
3	8	-9444
3	9	-2204
3	10	-1644
3	11	5564
3	12	-2988
3	13	372
3	14	6796
3	15	-1604
3	16	-3508
3	17	-1604
3	18	-7652
3	19	3660
3	20	8588
3	21	-11388
3	22	8924
3	23	6980
3	24	-8252
3	25	3956
3	26	260
3	27	1756
4	5	5564
4	6	-7468
4	7	-372
4	8	1196
4	9	-3436
4	10	260
4	11	524
4	12	2052
4	13	-3996
4	14	8028
4	15	5900
4	16	-5412
4	17	2764
4	18	-148
4	19	-1380
4	20	-2724
4	21	-6348
4	22	-2388
4	23	-524
4	24	-76
4	25	8996
4	26	2164
4	27	-148
5	6	-2276
5	7	-2428
5	8	-860
5	9	-36
5	10	-596
5	11	2948
5	12	3884
5	13	3660
5	14	-1420
5	15	708
5	16	-524
5	17	708
5	18	-2652
5	19	1716
5	20	-3212
5	21	2876
5	22	-3548
5	23	188
5	24	-6532
5	25	3212
5	26	-2500
5	27	484
6	7	4332
6	8	2764
6	9	-5004
6	10	1828
6	11	-4180
6	12	-5788
6	13	708
6	14	188
6	15	-1940
6	16	2428
6	17	-1940
6	18	1420
6	19	188
6	20	1980
6	21	1492
6	22	-820
6	23	1044
6	24	1492
6	25	-1980
6	26	3732
6	27	1420
7	8	-7468
7	9	-2836
7	10	6012
7	11	2612
7	12	4220
7	13	3996
7	14	1380
7	15	-2764
7	16	-860
7	17	372
7	18	-6124
7	19	4516
7	20	-412
7	21	-3060
7	22	2388
7	23	-8884
7	24	76
7	25	-2724
7	26	-2164
7	27	148
8	9	-4404
8	10	-1828
8	11	-8364
8	12	-484
8	13	-3844
8	14	-6460
8	15	8212
8	16	-2428
8	17	-4332
8	18	7988
8	19	-3324
8	20	-5116
8	21	4780
8	22	-5452
8	23	2092
8	24	1644
8	25	1980
8	26	-596
8	27	-4556
9	10	-412
9	11	7468
9	12	1380
9	13	-4668
9	14	-3844
9	15	300
9	16	7804
9	17	6572
9	18	-5748
9	19	-708
9	20	-2052
9	21	5524
9	22	-4852
9	23	-1196
9	24	5524
9	25	-7356
9	26	1492
9	27	6796
10	11	636
10	12	1940
10	13	-972
10	14	1868
10	15	6012
10	16	972
10	17	6012
10	18	-3172
10	19	-4404
10	20	524
10	21	2948
10	22	3996
10	23	-3772
10	24	6084
10	25	-524
10	26	-1084
10	27	6236
11	12	1980
11	13	-1380
11	14	-2652
11	15	-524
11	16	4516
11	17	-524
11	18	-7020
11	19	3620
11	20	1828
11	21	972
11	22	1492
11	23	-1716
11	24	972
11	25	-1828
11	26	-1268
11	27	2388
12	13	-2316
12	14	-3060
12	15	4220
12	16	2316
12	17	-2052
12	18	-1828
12	19	3212
12	20	-7540
12	21	-1532
12	22	-932
12	23	-5116
12	24	-1532
12	25	1268
12	26	-5564
12	27	-1828
13	14	2988
13	15	-8548
13	16	2092
13	17	860
13	18	4220
13	19	2988
13	20	1644
13	21	1828
13	22	-1156
13	23	1380
13	24	-1308
13	25	-1644
13	26	-5340
13	27	-5188
14	15	-1756
14	16	-2988
14	17	7652
14	18	-1980
14	19	2388
14	20	3732
14	21	-4068
14	22	3396
14	23	5788
14	24	2204
14	25	5676
14	26	6236
14	27	4292
15	16	2276
15	17	-2764
15	18	-2988
15	19	-4892
15	20	-3548
15	21	76
15	22	-748
15	23	524
15	24	76
15	25	3548
15	26	4108
15	27	148
16	17	-860
16	18	-1084
16	19	-2988
16	20	-1644
16	21	4444
16	22	-5116
16	23	-1380
16	24	7580
16	25	-4628
16	26	-932
16	27	-1084
17	18	148
17	19	-1756
17	20	-412
17	21	3212
17	22	2388
17	23	3660
17	24	9484
17	25	412
17	26	7244
17	27	9556
18	19	1156
18	20	-3772
18	21	300
18	22	-4108
18	23	3884
18	24	3436
18	25	3772
18	26	1196
18	27	-6348
19	20	-2540
19	21	-932
19	22	-2876
19	23	-484
19	24	-4068
19	25	-3732
19	26	3100
19	27	-5116
20	21	-2276
20	22	4740
20	23	4444
20	24	860
20	25	1196
20	26	-1380
20	27	2500
21	22	-8212
21	23	-972
21	24	5748
21	25	-7132
21	26	-1420
21	27	6572
22	23	7916
22	24	-1940
22	25	1532
22	26	-1044
22	27	2164
23	24	-972
23	25	1828
23	26	4404
23	27	3884
24	25	-3996
24	26	1716
24	27	3436
25	26	1380
25	27	636
26	27	4332
