0	1	2196
0	2	-7772
0	3	-2732
0	4	3204
0	5	-2396
0	6	-3628
0	7	4436
0	8	-4100
0	9	-5084
0	10	-3964
0	11	-828
0	12	-964
0	13	-2508
0	14	2172
0	15	-940
0	16	964
0	17	-3292
0	18	-3428
0	19	1748
0	20	1636
0	21	-2980
0	22	-4188
0	23	6900
0	24	-9116
0	25	-2420
0	26	-2172
0	27	-1500
1	2	-940
1	3	-2172
1	4	628
1	5	-1836
1	6	6340
1	7	-4412
1	8	-1524
1	9	1748
1	10	2868
1	11	-3404
1	12	-4660
1	13	-1948
1	14	1612
1	15	-380
1	16	-1612
1	17	-2732
1	18	-852
1	19	-828
1	20	-4076
1	21	-3540
1	22	-3628
1	23	1188
1	24	-2284
1	25	3292
1	26	-4748
1	27	-4076
2	3	404
2	4	68
2	5	7012
2	6	5780
2	7	-1836
2	8	5308
2	9	1188
2	10	2308
2	11	-3964
2	12	2172
2	13	628
2	14	-964
2	15	-940
2	16	-2172
2	17	-156
2	18	2844
2	19	-4524
2	20	-4636
2	21	6428
2	22	2084
2	23	628
2	24	292
2	25	-2420
2	26	964
2	27	-1500
3	4	-1164
3	5	-492
3	6	-4860
3	7	3204
3	8	-2868
3	9	-3180
3	10	-2060
3	11	-2060
3	12	3404
3	13	5668
3	14	3404
3	15	-2172
3	16	-268
3	17	4884
3	18	940
3	19	-2620
3	20	404
3	21	-1748
3	22	-5420
3	23	-604
3	24	-4076
3	25	-1188
3	26	2868
3	27	-2732
4	5	5444
4	6	1076
4	7	-3404
4	8	6876
4	9	2756
4	10	-2396
4	11	-5532
4	12	-2532
4	13	5332
4	14	604
4	15	-2508
4	16	-10012
4	17	-1724
4	18	-1860
4	19	180
4	20	68
4	21	-1412
4	22	-2620
4	23	-4076
4	24	-4412
4	25	-3988
4	26	-3740
4	27	3204
5	6	1748
5	7	404
5	8	3068
5	9	292
5	10	-1724
5	11	-4860
5	12	-68
5	13	-3404
5	14	-3204
5	15	1300
5	16	-6204
5	17	2084
5	18	3740
5	19	-2284
5	20	-8668
5	21	1052
5	22	1188
5	23	2868
5	24	2532
5	25	4748
5	26	68
5	27	-2396
6	7	-828
6	8	1164
6	9	2196
6	10	180
6	11	-6092
6	12	-1972
6	13	-4636
6	14	1164
6	15	3204
6	16	1972
6	17	-2284
6	18	-4436
6	19	-3516
6	20	-6764
6	21	-852
6	22	-6316
6	23	-1500
6	24	4436
6	25	2844
6	26	-1164
6	27	-6764
7	8	-3764
7	9	-5420
7	10	-4300
7	11	5108
7	12	2508
7	13	-5980
7	14	-628
7	15	-1276
7	16	628
7	17	2644
7	18	44
7	19	1412
7	20	-4972
7	21	3628
7	22	-1388
7	23	6564
7	24	-3180
7	25	1052
7	26	3764
7	27	-4972
8	9	2620
8	10	-1636
8	11	4636
8	12	3428
8	13	3180
8	14	-2844
8	15	-4660
8	16	-292
8	17	828
8	18	-6652
8	19	-1076
8	20	2172
8	21	5444
8	22	1724
8	23	-9364
8	24	3516
8	25	-4524
8	26	2844
8	27	2172
9	10	-1276
9	11	-1276
9	12	-3652
9	13	3316
9	14	-516
9	15	1748
9	16	-5756
9	17	2532
9	18	3292
9	19	-8108
9	20	1188
9	21	3740
9	22	-1500
9	23	-6092
9	24	2980
9	25	-1972
9	26	516
9	27	1188
10	11	-156
10	12	-1636
10	13	-1836
10	14	7772
10	15	2868
10	16	1636
10	17	516
10	18	5308
10	19	5556
10	20	2308
10	21	2620
10	22	5892
10	23	-1836
10	24	-2172
10	25	9452
10	26	-1500
10	27	2308
11	12	4636
11	13	-1836
11	14	-1636
11	15	-3404
11	16	4772
11	17	3652
11	18	-964
11	19	2420
11	20	2308
11	21	5756
11	22	2756
11	23	-1836
11	24	4100
11	25	44
11	26	1636
11	27	2308
12	13	44
12	14	292
12	15	4748
12	16	9116
12	17	3964
12	18	-380
12	19	-1076
12	20	5308
12	21	2308
12	22	4860
12	23	-3092
12	24	-2756
12	25	1748
12	26	-292
12	27	5308
13	14	6316
13	15	1188
13	16	-6316
13	17	1972
13	18	3852
13	19	-2396
13	20	3764
13	21	1164
13	22	1076
13	23	-6652
13	24	-6988
13	25	-10820
13	26	3092
13	27	3764
14	15	1612
14	16	-292
14	17	7100
14	18	5892
14	19	5196
14	20	2172
14	21	2308
14	22	-1412
14	23	-3092
14	24	-12164
14	25	-1388
14	26	5980
14	27	2172
15	16	-1612
15	17	404
15	18	8556
15	19	-828
15	20	-940
15	21	-6676
15	22	-492
15	23	-1948
15	24	-2284
15	25	6428
15	26	-1612
15	27	2196
16	17	-828
16	18	-9028
16	19	1076
16	20	964
16	21	3964
16	22	4548
16	23	-44
16	24	2756
16	25	4524
16	26	3428
16	27	-2172
17	18	10908
17	19	6228
17	20	-3292
17	21	1948
17	22	-5980
17	23	-1164
17	24	-1500
17	25	2508
17	26	5444
17	27	-156
18	19	5868
18	20	-3428
18	21	-1500
18	22	-740
18	23	3852
18	24	-5220
18	25	4212
18	26	380
18	27	2844
19	20	-1388
19	21	44
19	22	-940
19	23	740
19	24	-2732
19	25	3740
19	26	4212
19	27	1748
20	21	156
20	22	5220
20	23	-5644
20	24	-2844
20	25	-5556
20	26	-5308
20	27	11044
21	22	5980
21	23	-1972
21	24	-1636
21	25	-2508
21	26	7100
21	27	156
22	23	-2060
22	24	740
22	25	268
22	26	-1724
22	27	5220
23	24	-3852
23	25	1724
23	26	-3180
23	27	-5644
24	25	5196
24	26	-3516
24	27	-2844
25	26	-1748
25	27	716
26	27	-2172
