0	1	9244
0	2	1060
0	3	-1180
0	4	-3980
0	5	-2740
0	6	2860
0	7	-3308
0	8	-2292
0	9	-5316
0	10	1740
0	11	5652
0	12	-9692
0	13	-2300
0	14	-6108
0	15	1956
0	16	6668
0	17	1284
0	18	-1620
0	19	-836
0	20	-8564
0	21	3980
0	22	1852
0	23	508
0	24	1844
0	25	-836
0	26	-2180
0	27	-52
1	2	284
1	3	5660
1	4	-7220
1	5	-8012
1	6	2068
1	7	-1620
1	8	-2188
1	9	-5436
1	10	6324
1	11	-1172
1	12	-1508
1	13	-2628
1	14	-5092
1	15	-612
1	16	4532
1	17	3196
1	18	276
1	19	-6780
1	20	-5324
1	21	4084
1	22	-3196
1	23	1284
1	24	2636
1	25	-508
1	26	-5436
1	27	-1292
2	3	-1628
2	4	-1292
2	5	-5428
2	6	172
2	7	-3756
2	8	1292
2	9	4540
2	10	5324
2	11	-1068
2	12	-732
2	13	-2748
2	14	-9692
2	15	-4764
2	16	-2292
2	17	836
2	18	1964
2	19	-3524
2	20	-1844
2	21	1292
2	22	-3972
2	23	956
2	24	7668
2	25	2748
2	26	1404
2	27	396
3	4	-3532
3	5	3084
3	6	-724
3	7	276
3	8	6668
3	9	508
3	10	4428
3	11	-6444
3	12	3300
3	13	-1852
3	14	-2524
3	15	-732
3	16	-3188
3	17	4868
3	18	-5204
3	19	-1284
3	20	-2740
3	21	-2740
3	22	4540
3	23	60
3	24	-844
3	25	-1284
3	26	508
3	27	-500
4	5	2748
4	6	-4196
4	7	-2524
4	8	60
4	9	3308
4	10	-5316
4	11	164
4	12	-2636
4	13	1620
4	14	4084
4	15	-396
4	16	-388
4	17	-4204
4	18	732
4	19	-4756
4	20	60
4	21	3196
4	22	7340
4	23	-6548
4	24	-3644
4	25	4652
4	26	3308
4	27	5436
5	6	1508
5	7	5212
5	8	3524
5	9	-5996
5	10	-3644
5	11	5660
5	12	-4084
5	13	7340
5	14	4876
5	15	-3188
5	16	-2300
5	17	-2516
5	18	-9692
5	19	5204
5	20	388
5	21	-5884
5	22	11924
5	23	-2412
5	24	-9348
5	25	-1068
5	26	-2860
5	27	1284
6	7	7676
6	8	1060
6	9	948
6	10	-6108
6	11	-1284
6	12	-4756
6	13	3532
6	14	-2068
6	15	-724
6	16	1508
6	17	-3188
6	18	-2748
6	19	-396
6	20	-5212
6	21	-5212
6	22	-3084
6	23	10804
6	24	2524
6	25	-396
6	26	-5324
6	27	-7452
7	8	5660
7	9	-3636
7	10	3420
7	11	3972
7	12	1172
7	13	2292
7	14	-1516
7	15	276
7	16	-1060
7	17	-6668
7	18	-6212
7	19	3980
7	20	-3748
7	21	-6884
7	22	3532
7	23	2188
7	24	-6108
7	25	844
7	26	-6772
7	27	1628
8	9	-3308
8	10	2180
8	11	2972
8	12	-500
8	13	4652
8	14	2188
8	15	396
8	16	-5884
8	17	-2068
8	18	-7004
8	19	1620
8	20	-60
8	21	-60
8	22	-1068
8	23	3412
8	24	508
8	25	1620
8	26	2964
8	27	3972
9	10	-4204
9	11	-9460
9	12	5884
9	13	-10916
9	14	-836
9	15	3644
9	16	-2860
9	17	1180
9	18	2292
9	19	-1628
9	20	-172
9	21	-172
9	22	-1180
9	23	164
9	24	10028
9	25	1508
9	26	5988
9	27	-5548
10	11	3868
10	12	3532
10	13	-3860
10	14	-9460
10	15	1292
10	16	2628
10	17	5100
10	18	-1628
10	19	724
10	20	-7228
10	21	-4092
10	22	1172
10	23	-3756
10	24	1404
10	25	-2412
10	26	2068
10	27	9348
11	12	-11820
11	13	4980
11	14	1172
11	15	-172
11	16	8796
11	17	-844
11	18	-2628
11	19	1292
11	20	-3300
11	21	-164
11	22	844
11	23	-3636
11	24	-3420
11	25	4428
11	26	-3188
11	27	8348
12	13	-7228
12	14	-1628
12	15	3300
12	16	-7220
12	17	-508
12	18	3308
12	19	956
12	20	5772
12	21	-3636
12	22	-2628
12	23	-836
12	24	52
12	25	-2180
12	26	5884
12	27	-4532
13	14	5764
13	15	-1852
13	16	-2068
13	17	-5660
13	18	-4084
13	19	-164
13	20	4652
13	21	-1620
13	22	2524
13	23	4316
13	24	-11372
13	25	-164
13	26	-4644
13	27	3756
14	15	612
14	16	-4532
14	17	-6332
14	18	2860
14	19	508
14	20	8460
14	21	5324
14	22	60
14	23	1852
14	24	-5772
14	25	-2628
14	26	-836
14	27	-1844
15	16	3084
15	17	1732
15	18	-2068
15	19	8124
15	20	-2740
15	21	396
15	22	4540
15	23	60
15	24	-844
15	25	1852
15	26	3644
15	27	-500
16	17	3756
16	18	-284
16	19	-1068
16	20	-5884
16	21	388
16	22	-3756
16	23	-2412
16	24	60
16	25	-1068
16	26	-2860
16	27	1284
17	18	1740
17	19	5660
17	20	-2068
17	21	4204
17	22	-4196
17	23	732
17	24	11028
17	25	2524
17	26	1180
17	27	172
18	19	-2188
18	20	2404
18	21	5540
18	22	-8012
18	23	-396
18	24	4316
18	25	948
18	26	2292
18	27	-6108
19	20	-1516
19	21	-1516
19	22	3748
19	23	-1180
19	24	1964
19	25	-2972
19	26	1508
19	27	-620
20	21	3076
20	22	-4204
20	23	276
20	24	-5764
20	25	-1516
20	26	-3308
20	27	-2300
21	22	-4204
21	23	276
21	24	3644
21	25	-1516
21	26	-172
21	27	-2300
22	23	-10140
22	24	-11028
22	25	612
22	26	-4316
22	27	6100
23	24	3308
23	25	-1180
23	26	164
23	27	-8236
24	25	1964
24	26	6892
24	27	-3524
25	26	-1628
25	27	2516
26	27	-2412
