0	1	-1688
0	2	-1008
0	3	488
0	4	-5656
0	5	3208
0	6	-56
0	7	1848
0	8	1008
0	9	-1552
0	10	1032
0	11	3072
0	12	3184
0	13	-1144
0	14	-1416
0	15	4136
0	16	2528
0	17	-488
0	18	3616
0	19	1576
0	20	3344
0	21	4160
0	22	1712
0	23	872
0	24	-1552
0	25	-1552
0	26	1712
0	27	2392
0	28	-3728
0	29	-4816
0	30	5112
0	31	3344
0	32	1008
0	33	5768
1	2	-3480
1	3	-4976
1	4	5520
1	5	1552
1	6	192
1	7	-6336
1	8	3480
1	9	-2936
1	10	3728
1	11	-2936
1	12	-3320
1	13	1280
1	14	1552
1	15	-4272
1	16	-2392
1	17	352
1	18	1144
1	19	3184
1	20	-3208
1	21	5224
1	22	-6200
1	23	3616
1	24	1688
1	25	-2936
1	26	3048
1	27	2368
1	28	-760
1	29	4952
1	30	-352
1	31	-3208
1	32	3480
1	33	-5904
2	3	8216
2	4	-3048
2	5	-3752
2	6	-5112
2	7	2232
2	8	-9712
2	9	-3616
2	10	-1576
2	11	-3616
2	12	6608
2	13	600
2	14	5496
2	15	5656
2	16	-3072
2	17	1032
2	18	464
2	19	-2120
2	20	-3888
2	21	-80
2	22	-2256
2	23	-328
2	24	-3616
2	25	1008
2	26	-2256
2	27	-2936
2	28	-1440
2	29	-352
2	30	-1032
2	31	5360
2	32	-9712
2	33	-600
3	4	-1552
3	5	-5248
3	6	-1984
3	7	5360
3	8	-8216
3	9	-5112
3	10	-3072
3	11	-5112
3	12	3480
3	13	-896
3	14	4000
3	15	7152
3	16	56
3	17	-2096
3	18	-1032
3	19	1008
3	20	-5384
3	21	3048
3	22	872
3	23	1168
3	24	-5112
3	25	-488
3	26	872
3	27	192
3	28	-2936
3	29	-1848
3	30	-2528
3	31	3864
3	32	-8216
3	33	896
4	5	-3456
4	6	2528
4	7	-4816
4	8	3048
4	9	1032
4	10	-1008
4	11	-3592
4	12	-8648
4	13	1440
4	14	-3456
4	15	-3072
4	16	488
4	17	-3072
4	18	-3048
4	19	4160
4	20	-3320
4	21	2120
4	22	-4952
4	23	2912
4	24	1032
4	25	1032
4	26	-328
4	27	4976
4	28	3480
4	29	7016
4	30	-1552
4	31	-3320
4	32	3048
4	33	-1440
5	6	4544
5	7	-1984
5	8	3752
5	9	1416
5	10	-1168
5	11	6040
5	12	1576
5	13	1008
5	14	-3344
5	15	624
5	16	1960
5	17	624
5	18	5496
5	19	-6336
5	20	1144
5	21	-4296
5	22	-1848
5	23	-736
5	24	6040
5	25	1416
5	26	2776
5	27	2096
5	28	-1032
5	29	-4568
5	30	-624
5	31	-3480
5	32	3752
5	33	-1008
6	7	-3344
6	8	5112
6	9	56
6	10	-7152
6	11	4680
6	12	-6312
6	13	-352
6	14	-4704
6	15	-2640
6	16	600
6	17	1984
6	18	-488
6	19	1552
6	20	-216
6	21	-1032
6	22	1416
6	23	624
6	24	9304
6	25	4680
6	26	1416
6	27	736
6	28	2232
6	29	-1304
6	30	-1984
6	31	-9464
6	32	5112
6	33	352
7	8	-2232
7	9	-1848
7	10	192
7	11	-1848
7	12	216
7	13	-2256
7	14	2640
7	15	3888
7	16	3320
7	17	-736
7	18	-2392
7	19	-352
7	20	-2120
7	21	1688
7	22	8760
7	23	2528
7	24	-6472
7	25	-1848
7	26	4136
7	27	-1168
7	28	-4296
7	29	-3208
7	30	-3888
7	31	2504
7	32	-2232
7	33	2256
8	9	3616
8	10	1576
8	11	3616
8	12	-6608
8	13	-600
8	14	-5496
8	15	-5656
8	16	3072
8	17	-1032
8	18	-464
8	19	2120
8	20	3888
8	21	80
8	22	2256
8	23	328
8	24	3616
8	25	-1008
8	26	2256
8	27	2936
8	28	1440
8	29	352
8	30	1032
8	31	-5360
8	32	9712
8	33	600
9	10	-1032
9	11	1552
9	12	-3184
9	13	5768
9	14	-7832
9	15	-4136
9	16	6720
9	17	-4136
9	18	-3616
9	19	-6200
9	20	5904
9	21	-8784
9	22	-1712
9	23	-872
9	24	1552
9	25	1552
9	26	-6336
9	27	2232
9	28	8352
9	29	192
9	30	-488
9	31	1280
9	32	3616
9	33	3480
10	11	-1032
10	12	4024
10	13	-1440
10	14	3456
10	15	-1552
10	16	-488
10	17	-1552
10	18	3048
10	19	464
10	20	3320
10	21	2504
10	22	328
10	23	-2912
10	24	-5656
10	25	-5656
10	26	328
10	27	-352
10	28	-3480
10	29	-2392
10	30	1552
10	31	3320
10	32	1576
10	33	-3184
11	12	1440
11	13	-3480
11	14	-3208
11	15	488
11	16	-2528
11	17	5112
11	18	5632
11	19	-1576
11	20	5904
11	21	-4160
11	22	2912
11	23	-5496
11	24	6176
11	25	6176
11	26	-1712
11	27	-2392
11	28	-896
11	29	-4432
11	30	4136
11	31	-3344
11	32	3616
11	33	3480
12	13	-2776
12	14	6200
12	15	5768
12	16	-3728
12	17	1144
12	18	6608
12	19	-4680
12	20	1712
12	21	-2096
12	22	80
12	23	-6744
12	24	-3184
12	25	-3184
12	26	80
12	27	-3864
12	28	-5360
12	29	-6448
12	30	3480
12	31	6336
12	32	-6608
12	33	-1848
13	14	-3616
13	15	-3728
13	16	6312
13	17	-3728
13	18	-4024
13	19	-6608
13	20	872
13	21	-4568
13	22	-6744
13	23	4160
13	24	1144
13	25	1144
13	26	-6744
13	27	1824
13	28	7944
13	29	-216
13	30	-5520
13	31	872
13	32	-600
13	33	-736
14	15	624
14	16	-7288
14	17	5248
14	18	872
14	19	2912
14	20	-3480
14	21	4952
14	22	2776
14	23	-736
14	24	-3208
14	25	-3208
14	26	2776
14	27	-7152
14	28	-5656
14	29	56
14	30	-624
14	31	1144
14	32	-5496
14	33	-5632
15	16	-56
15	17	-2528
15	18	5656
15	19	-1008
15	20	-3864
15	21	1576
15	22	-872
15	23	-1168
15	24	-4136
15	25	488
15	26	3752
15	27	4432
15	28	-6312
15	29	-2776
15	30	2528
15	31	5384
15	32	-5656
15	33	3728
16	17	-9304
16	18	-3072
16	19	-5656
16	20	1824
16	21	-3616
16	22	-1168
16	23	3208
16	24	-2528
16	25	-2528
16	26	-1168
16	27	7400
16	28	4272
16	29	-3888
16	30	-4568
16	31	1824
16	32	3072
16	33	2936
17	18	1032
17	19	3616
17	20	760
17	21	1576
17	22	3752
17	23	-1168
17	24	5112
17	25	5112
17	26	-872
17	27	-9440
17	28	-1688
17	29	1848
17	30	2528
17	31	-3864
17	32	-1032
17	33	-896
18	19	-2120
18	20	736
18	21	-80
18	22	-2256
18	23	-4952
18	24	1008
18	25	1008
18	26	2368
18	27	1688
18	28	-6064
18	29	-4976
18	30	3592
18	31	736
18	32	-464
18	33	-600
19	20	-1848
19	21	11208
19	22	4408
19	23	2256
19	24	-1576
19	25	-1576
19	26	4408
19	27	-896
19	28	-4024
19	29	6312
19	30	5632
19	31	-1848
19	32	2120
19	33	1984
20	21	-4432
20	22	2640
20	23	-5224
20	24	1280
20	25	1280
20	26	-6608
20	27	-2664
20	28	3456
20	29	-4704
20	30	3864
20	31	1008
20	32	3888
20	33	3752
21	22	1824
21	23	4840
21	24	-4160
21	25	-4160
21	26	6448
21	27	1144
21	28	-6608
21	29	3728
21	30	3048
21	31	192
21	32	80
21	33	-56
22	23	-2232
22	24	-1712
22	25	-1712
22	26	4272
22	27	-5656
22	28	-4160
22	29	-3072
22	30	872
22	31	-1984
22	32	2256
22	33	2120
23	24	-872
23	25	-872
23	26	2392
23	27	3072
23	28	1576
23	29	5112
23	30	-3456
23	31	-600
23	32	328
23	33	464
24	25	6176
24	26	-1712
24	27	-2392
24	28	3728
24	29	192
24	30	-488
24	31	-7968
24	32	3616
24	33	-1144
25	26	-6336
25	27	-2392
25	28	3728
25	29	192
25	30	-488
25	31	-3344
25	32	-1008
25	33	3480
26	27	3592
26	28	-8784
26	29	1552
26	30	872
26	31	-1984
26	32	2256
26	33	-2504
27	28	-216
27	29	872
27	30	192
27	31	1960
27	32	2936
27	33	2800
28	29	2368
28	30	-2936
28	31	-1168
28	32	1440
28	33	1304
29	30	2776
29	31	-80
29	32	352
29	33	216
30	31	3864
30	32	1032
30	33	5520
31	32	-5360
31	33	3752
32	33	600
