0	1	5072
0	2	-2080
0	3	4856
0	4	720
0	5	5672
0	6	40
0	7	-7928
0	8	-6216
0	9	-1672
0	10	-232
0	11	6760
0	12	4664
0	13	-4720
0	14	-312
0	15	1128
0	16	-96
0	17	-4312
0	18	6488
0	19	-448
0	20	2000
0	21	1944
0	22	-4312
0	23	912
0	24	1320
0	25	176
0	26	-5480
0	27	640
0	28	-4584
0	29	-3848
0	30	-4392
0	31	-3768
0	32	-3576
0	33	-584
1	2	1048
1	3	3360
1	4	-2408
1	5	-5072
1	6	-3088
1	7	-4800
1	8	-96
1	9	6080
1	10	-3360
1	11	640
1	12	-3088
1	13	-3224
1	14	-1808
1	15	2624
1	16	-3224
1	17	1808
1	18	368
1	19	2680
1	20	-4120
1	21	-5808
1	22	1808
1	23	8664
1	24	-4800
1	25	-2952
1	26	-2352
1	27	3768
1	28	-3088
1	29	-5344
1	30	3360
1	31	2352
1	32	-5072
1	33	2544
2	3	-1728
2	4	776
2	5	-2544
2	6	1456
2	7	6432
2	8	3088
2	9	176
2	10	1728
2	11	992
2	12	1456
2	13	-3032
2	14	3440
2	15	368
2	16	1592
2	17	-3440
2	18	-3360
2	19	-1048
2	20	1128
2	21	4176
2	22	1184
2	23	2216
2	24	-2816
2	25	-3304
2	26	-640
2	27	7112
2	28	1456
2	29	-2272
2	30	-1728
2	31	640
2	32	-2544
2	33	-5536
3	4	3088
3	5	4392
3	6	3768
3	7	-5128
3	8	776
3	9	-2136
3	10	-5208
3	11	3304
3	12	-856
3	13	-720
3	14	-3496
3	15	2680
3	16	-720
3	17	-1128
3	18	8200
3	19	-3360
3	20	-1184
3	21	-2760
3	22	-5752
3	23	-96
3	24	-504
3	25	-992
3	26	-2952
3	27	176
3	28	-856
3	29	40
3	30	584
3	31	2952
3	32	-232
3	33	-3224
4	5	3904
4	6	1808
4	7	-448
4	8	176
4	9	1184
4	10	-3088
4	11	4992
4	12	-2816
4	13	6296
4	14	2544
4	15	2896
4	16	-2952
4	17	-7168
4	18	96
4	19	-2216
4	20	4856
4	21	-912
4	22	-2544
4	23	-5480
4	24	-448
4	25	6568
4	26	2000
4	27	-1128
4	28	1808
4	29	-992
4	30	-1536
4	31	-2000
4	32	-720
4	33	-2352
5	6	4584
5	7	-5944
5	8	-7656
5	9	-7576
5	10	232
5	11	7112
5	12	-40
5	13	96
5	14	312
5	15	3496
5	16	96
5	17	-4936
5	18	7384
5	19	-4176
5	20	-2000
5	21	2680
5	22	-4936
5	23	-5536
5	24	3304
5	25	4448
5	26	856
5	27	-5264
5	28	-40
5	29	3848
5	30	-4856
5	31	-5480
5	32	-1048
5	33	-4040
6	7	232
6	8	-504
6	9	-7384
6	10	856
6	11	5672
6	12	1128
6	13	992
6	14	3224
6	15	6840
6	16	992
6	17	-3224
6	18	776
6	19	-1536
6	20	912
6	21	3032
6	22	-7848
6	23	-176
6	24	232
6	25	-3360
6	26	-6568
6	27	-448
6	28	5752
6	29	8936
6	30	-856
6	31	1944
6	32	4584
6	33	-1672
7	8	6488
7	9	1400
7	10	5128
7	11	-2408
7	12	232
7	13	368
7	14	40
7	15	-5480
7	16	368
7	17	-40
7	18	-6760
7	19	176
7	20	2352
7	21	2952
7	22	4584
7	23	-1184
7	24	-6216
7	25	-4528
7	26	584
7	27	3712
7	28	4856
7	29	-1048
7	30	-504
7	31	-584
7	32	3304
7	33	312
8	9	3496
8	10	-776
8	11	-6568
8	12	-504
8	13	-640
8	14	-4392
8	15	-4040
8	16	3984
8	17	4392
8	18	-2216
8	19	96
8	20	2544
8	21	-3224
8	22	-232
8	23	1456
8	24	-2760
8	25	-4992
8	26	-312
8	27	5808
8	28	4120
8	29	-3304
8	30	5400
8	31	4936
8	32	6216
8	33	-40
9	10	-2488
9	11	-4040
9	12	-2760
9	13	2000
9	14	-1592
9	15	-3848
9	16	-2624
9	17	1592
9	18	-3768
9	19	3168
9	20	720
9	21	-4664
9	22	6216
9	23	1808
9	24	-3224
9	25	1728
9	26	3576
9	27	2080
9	28	-2760
9	29	-7304
9	30	2488
9	31	1048
9	32	-2952
9	33	3304
10	11	1320
10	12	856
10	13	-3904
10	14	-1128
10	15	-2680
10	16	720
10	17	1128
10	18	-3576
10	19	-1264
10	20	1184
10	21	2760
10	22	1128
10	23	96
10	24	-4120
10	25	-3632
10	26	-1672
10	27	-176
10	28	5480
10	29	-40
10	30	-584
10	31	-7576
10	32	4856
10	33	3224
11	12	1048
11	13	1184
11	14	3848
11	15	4584
11	16	-3440
11	17	-8472
11	18	1672
11	19	-640
11	20	1536
11	21	3768
11	22	-3848
11	23	-2000
11	24	-2408
11	25	912
11	26	-4856
11	27	-1728
11	28	1048
11	29	2760
11	30	-5944
11	31	-4392
11	32	-2136
11	33	-504
12	13	-3632
12	14	3224
12	15	-2408
12	16	5616
12	17	-3224
12	18	776
12	19	3088
12	20	5536
12	21	7656
12	22	-3224
12	23	-176
12	24	4856
12	25	-3360
12	26	-6568
12	27	4176
12	28	-3496
12	29	-312
12	30	-5480
12	31	1944
12	32	-40
12	33	-1672
13	14	3360
13	15	2080
13	16	-3768
13	17	-3360
13	18	-3712
13	19	3224
13	20	1048
13	21	-1728
13	22	1264
13	23	-4664
13	24	368
13	25	5752
13	26	2816
13	27	-4936
13	28	992
13	29	4448
13	30	-720
13	31	1808
13	32	96
13	33	3088
14	15	6760
14	16	-1264
14	17	-6296
14	18	-5128
14	19	1808
14	20	3984
14	21	5944
14	22	-1672
14	23	448
14	24	4664
14	25	3088
14	26	-2408
14	27	720
14	28	-1400
14	29	5208
14	30	-3496
14	31	2408
14	32	-4312
14	33	-2680
15	16	-2544
15	17	-2136
15	18	-312
15	19	-2624
15	20	-176
15	21	-504
15	22	-6760
15	23	3360
15	24	3768
15	25	2352
15	26	-3032
15	27	-1536
15	28	2216
15	29	7848
15	30	2680
15	31	3032
15	32	-1128
15	33	-2760
16	17	1264
16	18	912
16	19	3224
16	20	1048
16	21	2896
16	22	-3360
16	23	-40
16	24	4992
16	25	-3496
16	26	-1808
16	27	4312
16	28	992
16	29	-176
16	30	-720
16	31	1808
16	32	4720
16	33	-1536
17	18	504
17	19	-1808
17	20	-3984
17	21	-5944
17	22	1672
17	23	4176
17	24	-40
17	25	-3088
17	26	2408
17	27	-720
17	28	1400
17	29	-584
17	30	8120
17	31	2216
17	32	4312
17	33	2680
18	19	-4992
18	20	-2816
18	21	-1128
18	22	-4120
18	23	-1728
18	24	2488
18	25	640
18	26	40
18	27	-1456
18	28	-3848
18	29	-1592
18	30	-1048
18	31	-40
18	32	-1864
18	33	-4856
19	20	-504
19	21	1184
19	22	2816
19	23	584
19	24	176
19	25	-1672
19	26	-2272
19	27	856
19	28	-1536
19	29	720
19	30	-3360
19	31	2272
19	32	448
19	33	6704
20	21	3632
20	22	-3984
20	23	-1864
20	24	2352
20	25	776
20	26	-4720
20	27	3032
20	28	912
20	29	-1728
20	30	-1184
20	31	96
20	32	2624
20	33	-368
21	22	-1320
21	23	-2080
21	24	2952
21	25	-1456
21	26	-3848
21	27	2272
21	28	-1592
21	29	2408
21	30	-7384
21	31	-776
21	32	-1944
21	33	-3576
22	23	-448
22	24	-4664
22	25	1536
22	26	7032
22	27	-720
22	28	-3224
22	29	-5208
22	30	-1128
22	31	-2408
22	32	-4936
22	33	2680
23	24	-1184
23	25	-4936
23	26	-3632
23	27	4120
23	28	-176
23	29	-640
23	30	4528
23	31	3632
23	32	-912
23	33	720
24	25	4720
24	26	584
24	27	-912
24	28	-4392
24	29	3576
24	30	-504
24	31	4040
24	32	-1320
24	33	-4312
25	26	7168
25	27	-5208
25	28	-3360
25	29	-448
25	30	-992
25	31	-2544
25	32	-4800
25	33	-1808
26	27	-3360
26	28	-1944
26	29	-3496
26	30	1672
26	31	-2760
26	32	-3768
26	33	-2136
27	28	-448
27	29	-4992
27	30	176
27	31	3360
27	32	-640
27	33	-3632
28	29	4312
28	30	3768
28	31	-2680
28	32	9208
28	33	2952
29	30	40
29	31	3496
29	32	3848
29	33	856
30	31	2952
30	32	4392
30	33	1400
31	32	-856
31	33	-2488
32	33	5208
