0	1	356
0	2	356
0	3	4540
0	4	188
0	5	1988
0	6	-188
0	7	4132
0	8	-12156
0	9	-596
0	10	2668
0	11	-4708
0	12	-2772
0	13	4708
0	14	2092
0	15	-4572
0	16	-324
0	17	-2260
0	18	2668
0	19	-5492
0	20	2772
0	21	-1036
0	22	-2908
0	23	-4572
0	24	1444
0	25	1716
0	26	-84
0	27	2908
0	28	-324
0	29	2260
0	30	2668
0	31	-6204
0	32	4980
0	33	-4300
1	2	1004
1	3	-1276
1	4	3076
1	5	-628
1	6	-3076
1	7	-868
1	8	-356
1	9	-7292
1	10	7940
1	11	3348
1	12	-5116
1	13	5900
1	14	-8076
1	15	-1412
1	16	1684
1	17	5524
1	18	3316
1	19	-2396
1	20	5116
1	21	-324
1	22	-356
1	23	-1412
1	24	-84
1	25	-4980
1	26	-1276
1	27	356
1	28	-7564
1	29	3724
1	30	-1308
1	31	4844
1	32	5628
1	33	-1684
2	3	-1276
2	4	-1548
2	5	-628
2	6	-3076
2	7	-5492
2	8	-356
2	9	-7292
2	10	-1308
2	11	3348
2	12	-492
2	13	1276
2	14	1172
2	15	-1412
2	16	1684
2	17	5524
2	18	-1308
2	19	-2396
2	20	-4132
2	21	4300
2	22	-356
2	23	-1412
2	24	-4708
2	25	-356
2	26	-1276
2	27	4980
2	28	-2940
2	29	3724
2	30	3316
2	31	220
2	32	5628
2	33	-1684
3	4	-7428
3	5	4980
3	6	-1820
3	7	1140
3	8	-4540
3	9	2396
3	10	-3588
3	11	1548
3	12	220
3	13	-1548
3	14	-900
3	15	1684
3	16	2668
3	17	-628
3	18	5660
3	19	-7124
3	20	-220
3	21	-4028
3	22	-4540
3	23	-2940
3	24	-188
3	25	9332
3	26	-3076
3	27	4540
3	28	-1956
3	29	628
3	30	5660
3	31	52
3	32	3348
3	33	1956
4	5	-4540
4	6	2532
4	7	1412
4	8	-188
4	9	-2500
4	10	5388
4	11	-2804
4	12	-52
4	13	2804
4	14	-628
4	15	-7292
4	16	-2228
4	17	-356
4	18	-3860
4	19	6476
4	20	52
4	21	868
4	22	4436
4	23	1956
4	24	-460
4	25	-9436
4	26	6444
4	27	-4436
4	28	2396
4	29	356
4	30	-8484
4	31	-4300
4	32	-1548
4	33	-2396
5	6	-84
5	7	764
5	8	-1988
5	9	324
5	10	1684
5	11	4980
5	12	2500
5	13	4268
5	14	-1820
5	15	220
5	16	52
5	17	2532
5	18	1684
5	19	-4028
5	20	2124
5	21	1308
5	22	-1988
5	23	220
5	24	2908
5	25	2636
5	26	356
5	27	1988
5	28	-4572
5	29	-2532
5	30	1684
5	31	1852
5	32	3996
5	33	-52
6	7	-1412
6	8	188
6	9	2500
6	10	-764
6	11	-1820
6	12	52
6	13	-2804
6	14	628
6	15	-1956
6	16	2228
6	17	-4268
6	18	3860
6	19	-1852
6	20	-52
6	21	3756
6	22	-4436
6	23	-1956
6	24	460
6	25	-4436
6	26	2804
6	27	4436
6	28	6852
6	29	-9604
6	30	-764
6	31	-4948
6	32	-3076
6	33	-2228
7	8	-4132
7	9	2804
7	10	1444
7	11	-3484
7	12	-3996
7	13	3484
7	14	3316
7	15	1276
7	16	-1548
7	17	-1036
7	18	-3180
7	19	2532
7	20	3996
7	21	-9060
7	22	492
7	23	-3348
7	24	9468
7	25	492
7	26	1140
7	27	-5116
7	28	-1548
7	29	1036
7	30	-3180
7	31	-4980
7	32	-868
7	33	-3076
8	9	596
8	10	-2668
8	11	4708
8	12	2772
8	13	-4708
8	14	-2092
8	15	4572
8	16	324
8	17	2260
8	18	-2668
8	19	5492
8	20	-2772
8	21	1036
8	22	2908
8	23	4572
8	24	-1444
8	25	-1716
8	26	84
8	27	-2908
8	28	324
8	29	-2260
8	30	-2668
8	31	6204
8	32	-4980
8	33	4300
9	10	-4980
9	11	-6852
9	12	5084
9	13	-7020
9	14	4844
9	15	2260
9	16	-1988
9	17	-9300
9	18	-356
9	19	3180
9	20	-460
9	21	-1276
9	22	596
9	23	2260
9	24	868
9	25	5220
9	26	2396
9	27	-5220
9	28	7260
9	29	-4572
9	30	-356
9	31	-732
9	32	-7292
9	33	6612
10	11	1036
10	12	-2804
10	13	8212
10	14	-5764
10	15	-3724
10	16	-628
10	17	3212
10	18	1004
10	19	-84
10	20	7428
10	21	1988
10	22	1956
10	23	900
10	24	2228
10	25	-7292
10	26	1036
10	27	-1956
10	28	-5252
10	29	1412
10	30	-3620
10	31	2532
10	32	3316
10	33	-3996
11	12	220
11	13	3076
11	14	-5524
11	15	1684
11	16	2668
11	17	8620
11	18	1036
11	19	-2500
11	20	-220
11	21	596
11	22	84
11	23	1684
11	24	-188
11	25	84
11	26	-3076
11	27	4540
11	28	-6580
11	29	628
11	30	1036
11	31	4676
11	32	3348
11	33	-2668
12	13	-4844
12	14	2668
12	15	-4540
12	16	188
12	17	-2228
12	18	-2804
12	19	5356
12	20	-2636
12	21	5796
12	22	7396
12	23	9332
12	24	-6204
12	25	2772
12	26	4844
12	27	-2772
12	28	4812
12	29	-2396
12	30	-2804
12	31	1716
12	32	-5116
12	33	4436
13	14	-3724
13	15	-1684
13	16	-2668
13	17	5252
13	18	-1036
13	19	-2124
13	20	4844
13	21	-596
13	22	-84
13	23	-1684
13	24	4812
13	25	-4708
13	26	-1548
13	27	84
13	28	-7292
13	29	3996
13	30	-1036
13	31	-52
13	32	5900
13	33	-6580
14	15	-764
14	16	492
14	17	-3076
14	18	-5764
14	19	4572
14	20	-2668
14	21	-1852
14	22	2532
14	23	-764
14	24	2260
14	25	2532
14	26	3724
14	27	-2532
14	28	5116
14	29	-1548
14	30	-1140
14	31	-7020
14	32	-3452
14	33	-492
15	16	-2092
15	17	-492
15	18	900
15	19	-2636
15	20	-84
15	21	-3892
15	22	-4676
15	23	-2804
15	24	4300
15	25	4572
15	26	-7564
15	27	52
15	28	-2092
15	29	492
15	30	5524
15	31	4812
15	32	-1412
15	33	2092
16	17	4844
16	18	3996
16	19	-1716
16	20	4436
16	21	-1004
16	22	324
16	23	-2092
16	24	596
16	25	324
16	26	2668
16	27	4300
16	28	-2260
16	29	-4844
16	30	-628
16	31	-460
16	32	1684
16	33	-2364
17	18	-1412
17	19	-324
17	20	2228
17	21	-1580
17	22	2260
17	23	-492
17	24	1988
17	25	-2364
17	26	-628
17	27	2364
17	28	-9028
17	29	2804
17	30	-1412
17	31	2500
17	32	5524
17	33	-4844
18	19	-9332
18	20	2804
18	21	1988
18	22	-7292
18	23	-3724
18	24	-2396
18	25	1956
18	26	-3588
18	27	7292
18	28	-628
18	29	-3212
18	30	5628
18	31	2532
18	32	3316
18	33	628
19	20	-732
19	21	-1548
19	22	10116
19	23	6612
19	24	1140
19	25	-3756
19	26	6748
19	27	-10116
19	28	2908
19	29	324
19	30	-9332
19	31	-1004
19	32	-7020
19	33	1716
20	21	-1172
20	22	1852
20	23	-84
20	24	6204
20	25	-2772
20	26	-220
20	27	-1852
20	28	-4812
20	29	-2228
20	30	-1820
20	31	2908
20	32	492
20	33	-4436
21	22	1036
21	23	5356
21	24	-8484
21	25	-3588
21	26	596
21	27	3588
21	28	3620
21	29	-3044
21	30	1988
21	31	3724
21	32	-324
21	33	1004
22	23	9196
22	24	-1444
22	25	-1716
22	26	4708
22	27	-7532
22	28	324
22	29	2364
22	30	-7292
22	31	1580
22	32	-4980
22	33	-324
23	24	-4948
23	25	-52
23	26	1684
23	27	-4572
23	28	2532
23	29	492
23	30	-3724
23	31	4812
23	32	-6036
23	33	2092
24	25	-1444
24	26	-188
24	27	-3180
24	28	-4028
24	29	-1988
24	30	-2396
24	31	-3316
24	32	-84
24	33	-5220
25	26	-4540
25	27	1716
25	28	324
25	29	2364
25	30	6580
25	31	1580
25	32	-356
25	33	4300
26	27	-4708
26	28	2668
26	29	-3996
26	30	-8212
26	31	-4572
26	32	-1276
26	33	1956
27	28	-324
27	29	-2364
27	30	7292
27	31	-1580
27	32	4980
27	33	-4300
28	29	-4844
28	30	-628
28	31	-5084
28	32	-7564
28	33	2260
29	30	1412
29	31	2124
29	32	3724
29	33	220
30	31	2532
30	32	3316
30	33	628
31	32	220
31	33	5084
32	33	-1684
