0	1	-3204
0	2	6604
0	3	6332
0	4	6724
0	5	-1708
0	6	604
0	7	-604
0	8	-4156
0	9	1148
0	10	4428
0	11	-5500
0	12	4004
0	13	2388
0	14	-9052
0	15	5228
0	16	-1148
0	17	7284
0	18	-60
0	19	2660
0	20	2236
0	21	-620
0	22	4428
0	23	1300
0	24	2644
0	25	3748
0	26	60
0	27	5772
0	28	-4140
0	29	-1436
0	30	-5108
0	31	-1164
0	32	4004
0	33	-8220
1	2	212
1	3	-60
1	4	3868
1	5	60
1	6	-2252
1	7	-2372
1	8	-2388
1	9	2916
1	10	-1964
1	11	1980
1	12	-3476
1	13	620
1	14	1964
1	15	-6876
1	16	-2916
1	17	892
1	18	2796
1	19	892
1	20	-620
1	21	1148
1	22	-1964
1	23	-468
1	24	4412
1	25	-2644
1	26	-2796
1	27	-1708
1	28	-1284
1	29	-4292
1	30	1284
1	31	604
1	32	-3476
1	33	3884
2	3	5908
2	4	4156
2	5	-1284
2	6	-3596
2	7	-1028
2	8	-3460
2	9	-4140
2	10	-1436
2	11	-5380
2	12	2252
2	13	604
2	14	-3188
2	15	1028
2	16	4140
2	17	4956
2	18	3052
2	19	-4292
2	20	-604
2	21	-2372
2	22	-1436
2	23	-2932
2	24	3612
2	25	3868
2	26	1572
2	27	5108
2	28	-6740
2	29	-1556
2	30	2116
2	31	-6452
2	32	6876
2	33	-2660
3	4	8508
3	5	-6180
3	6	756
3	7	-5380
3	8	892
3	9	212
3	10	-1164
3	11	-5108
3	12	-2644
3	13	5500
3	14	-3460
3	15	756
3	16	4412
3	17	5228
3	18	-1300
3	19	-4020
3	20	3748
3	21	-2644
3	22	-1164
3	23	1964
3	24	3340
3	25	-484
3	26	1300
3	27	212
3	28	-1844
3	29	-1828
3	30	1844
3	31	-2100
3	32	1980
3	33	-2388
4	5	-3884
4	6	3052
4	7	-7676
4	8	-1708
4	9	-1028
4	10	1980
4	11	-3324
4	12	1828
4	13	4564
4	14	-6604
4	15	-1572
4	16	1028
4	17	4836
4	18	2116
4	19	212
4	20	60
4	21	1828
4	22	1980
4	23	-1148
4	24	468
4	25	1300
4	26	-2116
4	27	-1028
4	28	-6588
4	29	-3612
4	30	-2660
4	31	1284
4	32	1828
4	33	-1420
5	6	-756
5	7	756
5	8	-5516
5	9	-212
5	10	5788
5	11	484
5	12	2644
5	13	-5500
5	14	-1164
5	15	-756
5	16	-4412
5	17	-5228
5	18	5924
5	19	4020
5	20	876
5	21	-1980
5	22	-3460
5	23	-1964
5	24	1284
5	25	5108
5	26	3324
5	27	4412
5	28	1844
5	29	-2796
5	30	-1844
5	31	-2524
5	32	-1980
5	33	2388
6	7	-1556
6	8	-3204
6	9	-2524
6	10	3476
6	11	-1828
6	12	332
6	13	-3188
6	14	-3476
6	15	-3068
6	16	-2100
6	17	-2916
6	18	-1012
6	19	1708
6	20	3188
6	21	-4292
6	22	3476
6	23	4972
6	24	-1028
6	25	2796
6	26	-3612
6	27	2100
6	28	-468
6	29	-5108
6	30	468
6	31	9036
6	32	-4292
6	33	-4548
7	8	-1420
7	9	2524
7	10	1148
7	11	1828
7	12	4292
7	13	-1436
7	14	3476
7	15	3068
7	16	2100
7	17	-1708
7	18	1012
7	19	2916
7	20	-3188
7	21	-332
7	22	1148
7	23	-348
7	24	1028
7	25	-2796
7	26	-1012
7	27	2524
7	28	468
7	29	484
7	30	-468
7	31	212
7	32	4292
7	33	-4700
8	9	1964
8	10	-5636
8	11	2932
8	12	-4428
8	13	6196
8	14	5636
8	15	1420
8	16	2660
8	17	1844
8	18	-5500
8	19	-2780
8	20	-1572
8	21	4820
8	22	-1012
8	23	484
8	24	-5788
8	25	-6316
8	26	876
8	27	-7284
8	28	4292
8	29	8628
8	30	332
8	31	-348
8	32	196
8	33	4836
9	10	2932
9	11	2252
9	12	-3748
9	13	5516
9	14	1692
9	15	2100
9	16	-2644
9	17	1164
9	18	-1556
9	19	5788
9	20	3732
9	21	876
9	22	-1692
9	23	4428
9	24	4140
9	25	-6996
9	26	1556
9	27	-1980
9	28	8236
9	29	60
9	30	-3612
9	31	332
9	32	-3748
9	33	-468
10	11	1420
10	12	4700
10	13	-1844
10	14	-5364
10	15	3476
10	16	-2932
10	17	-2116
10	18	5228
10	19	7132
10	20	1844
10	21	76
10	22	740
10	23	-756
10	24	1436
10	25	1420
10	26	-604
10	27	2932
10	28	60
10	29	-3732
10	30	-4684
10	31	620
10	32	76
10	33	-5108
11	12	-604
11	13	-1164
11	14	3204
11	15	2796
11	16	-2252
11	17	-1436
11	18	1284
11	19	3188
11	20	-3460
11	21	8644
11	22	1420
11	23	-4700
11	24	-3868
11	25	-7148
11	26	-5908
11	27	-6996
11	28	740
11	29	4836
11	30	-740
11	31	-60
11	32	-604
11	33	196
12	13	-1964
12	14	-4700
12	15	4956
12	16	3748
12	17	-1692
12	18	4836
12	19	2932
12	20	-7284
12	21	3732
12	22	4700
12	23	-7676
12	24	-2252
12	25	4020
12	26	-212
12	27	876
12	28	-8492
12	29	-1708
12	30	-5380
12	31	-1436
12	32	8356
12	33	-3324
13	14	1844
13	15	1436
13	16	3732
13	17	4548
13	18	-1980
13	19	-76
13	20	-196
13	21	2660
13	22	-1844
13	23	1284
13	24	-604
13	25	-5788
13	26	1980
13	27	-3732
13	28	2100
13	29	3476
13	30	-2100
13	31	-1420
13	32	2660
13	33	1556
14	15	-3476
14	16	2932
14	17	-2508
14	18	-604
14	19	-2508
14	20	-1844
14	21	-76
14	22	-5364
14	23	756
14	24	-1436
14	25	-6044
14	26	604
14	27	-2932
14	28	4564
14	29	3732
14	30	4684
14	31	-620
14	32	-76
14	33	5108
15	16	2524
15	17	1708
15	18	-1012
15	19	1708
15	20	-1436
15	21	4956
15	22	3476
15	23	-4276
15	24	-1028
15	25	-1828
15	26	1012
15	27	-2524
15	28	-468
15	29	4140
15	30	-4156
15	31	-4836
15	32	4956
15	33	-4548
16	17	-1164
16	18	1556
16	19	-5788
16	20	-3732
16	21	-876
16	22	-2932
16	23	-4428
16	24	484
16	25	-2252
16	26	3068
16	27	-2644
16	28	-3612
16	29	-60
16	30	3612
16	31	-4956
16	32	8372
16	33	468
17	18	-2252
17	19	-348
17	20	76
17	21	2932
17	22	2508
17	23	1012
17	24	-332
17	25	-1436
17	26	-2372
17	27	1164
17	28	-2796
17	29	3748
17	30	-1828
17	31	-1148
17	32	2932
17	33	-3340
18	19	2372
18	20	-2644
18	21	212
18	22	-4020
18	23	-5516
18	24	1572
18	25	1284
18	26	-468
18	27	3068
18	28	-4700
18	29	-3596
18	30	76
18	31	-3868
18	32	4836
18	33	-620
19	20	76
19	21	2932
19	22	2508
19	23	1012
19	24	-332
19	25	-1436
19	26	-2372
19	27	1164
19	28	1828
19	29	-876
19	30	-6452
19	31	3476
19	32	-1692
19	33	-3340
20	21	-7284
20	22	-2780
20	23	7964
20	24	5228
20	25	1164
20	26	2644
20	27	3732
20	28	7148
20	29	-3476
20	30	2100
20	31	1420
20	32	-7284
20	33	-1556
21	22	4700
21	23	-7676
21	24	-6876
21	25	-5228
21	26	-4836
21	27	-8372
21	28	-3868
21	29	7540
21	30	-5380
21	31	-1436
21	32	3732
21	33	1300
22	23	-756
22	24	-3188
22	25	1420
22	26	-5228
22	27	-1692
22	28	-4564
22	29	892
22	30	-4684
22	31	5244
22	32	76
22	33	-5108
23	24	2932
23	25	-76
23	26	892
23	27	4428
23	28	7812
23	29	-2236
23	30	1436
23	31	6740
23	32	-7676
23	33	-1980
24	25	756
24	26	3052
24	27	4140
24	28	2116
24	29	-7692
24	30	2508
24	31	-2796
24	32	-2252
24	33	-1964
25	26	3340
25	27	6876
25	28	-3884
25	29	-4412
25	30	-740
25	31	-60
25	32	-604
25	33	196
26	27	1556
26	28	4700
26	29	-1028
26	30	-76
26	31	-5380
26	32	-212
26	33	5244
27	28	-1012
27	29	-4564
27	30	1012
27	31	332
27	32	876
27	33	-5092
28	29	1572
28	30	620
28	31	1300
28	32	-8492
28	33	3460
29	30	-1572
29	31	-2252
29	32	2916
29	33	2116
30	31	-1300
30	32	-756
30	33	1164
31	32	-6060
31	33	-2780
32	33	-3324
