0	1	3156
0	2	-6228
0	3	4188
0	4	-2748
0	5	708
0	6	8052
0	7	1332
0	8	5332
0	9	4596
0	10	-1524
0	11	380
0	12	1060
0	13	-1060
0	14	-164
0	15	1932
0	16	2884
0	17	-2828
0	18	-652
0	19	-5548
0	20	-5004
0	21	3020
0	22	-2340
0	23	-1604
0	24	1932
0	25	-2748
0	26	-4516
0	27	-3916
0	28	-2204
0	29	-1388
0	30	-2884
0	31	-2148
0	32	844
0	33	2612
1	2	-2748
1	3	-4460
1	4	-2148
1	5	4188
1	6	6092
1	7	-1604
1	8	-436
1	9	4380
1	10	1252
1	11	8596
1	12	-1332
1	13	-3292
1	14	4516
1	15	2964
1	16	-2612
1	17	-1524
1	18	924
1	19	-3428
1	20	-3972
1	21	-2748
1	22	-7180
1	23	6500
1	24	2964
1	25	2476
1	26	-380
1	27	-9684
1	28	1932
1	29	1116
1	30	2612
1	31	2420
1	32	-572
1	33	6908
2	3	28
2	4	-2284
2	5	-300
2	6	-7644
2	7	-1740
2	8	-4924
2	9	-380
2	10	1116
2	11	-788
2	12	3156
2	13	-3156
2	14	-4868
2	15	-1524
2	16	-2476
2	17	-1388
2	18	1060
2	19	1332
2	20	5412
2	21	2012
2	22	1932
2	23	-2612
2	24	3100
2	25	-2284
2	26	-516
2	27	4324
2	28	1796
2	29	5604
2	30	-2148
2	31	-2068
2	32	-5060
2	33	-2204
3	4	-4380
3	5	-2284
3	6	436
3	7	-300
3	8	6964
3	9	-1660
3	10	-3156
3	11	-1252
3	12	4052
3	13	572
3	14	-1796
3	15	3564
3	16	4516
3	17	3428
3	18	980
3	19	-3916
3	20	1252
3	21	4652
3	22	5276
3	23	-4596
3	24	-1060
3	25	-4380
3	26	-1524
3	27	2340
3	28	788
3	29	-3020
3	30	108
3	31	-9764
3	32	2476
3	33	-380
4	5	-4596
4	6	-1876
4	7	2012
4	8	28
4	9	652
4	10	-844
4	11	-3564
4	12	-7508
4	13	-1740
4	14	-4108
4	15	-3372
4	16	-2420
4	17	1116
4	18	3292
4	19	7644
4	20	3564
4	21	-2284
4	22	-1660
4	23	2340
4	24	-3372
4	25	2556
4	26	-3836
4	27	28
4	28	-1524
4	29	3916
4	30	2420
4	31	1796
4	32	164
4	33	-2692
5	6	3916
5	7	572
5	8	-2612
5	9	-2692
5	10	-1196
5	11	1524
5	12	5468
5	13	3780
5	14	2068
5	15	788
5	16	-164
5	17	-3700
5	18	-1252
5	19	-5604
5	20	-1524
5	21	-300
5	22	-380
5	23	-300
5	24	788
5	25	4652
5	26	1796
5	27	-2612
5	28	8732
5	29	-1332
5	30	164
5	31	4868
5	32	-2748
5	33	4732
6	7	-1332
6	8	3916
6	9	4652
6	10	-3100
6	11	4244
6	12	-1060
6	13	1060
6	14	4788
6	15	2692
6	16	1740
6	17	-1796
6	18	652
6	19	-3700
6	20	-4244
6	21	1604
6	22	-2284
6	23	1604
6	24	-1932
6	25	2748
6	26	-108
6	27	-5332
6	28	2204
6	29	-3236
6	30	-1740
6	31	2148
6	32	-844
6	33	2012
7	8	-4052
7	9	108
7	10	3236
7	11	-4108
7	12	1196
7	13	3428
7	14	-4652
7	15	1796
7	16	2748
7	17	1660
7	18	-788
7	19	-1060
7	20	-516
7	21	-1740
7	22	2420
7	23	-1740
7	24	1796
7	25	-2612
7	26	-4380
7	27	572
7	28	-2068
7	29	-1252
7	30	1876
7	31	-2284
7	32	5332
7	33	2476
8	9	-2692
8	10	-1196
8	11	1524
8	12	844
8	13	-844
8	14	2068
8	15	788
8	16	-164
8	17	924
8	18	3372
8	19	-980
8	20	-1524
8	21	4324
8	22	-380
8	23	-300
8	24	-3836
8	25	28
8	26	-2828
8	27	-2612
8	28	-516
8	29	-1332
8	30	164
8	31	-4380
8	32	1876
8	33	108
9	10	-2748
9	11	3780
9	12	-4788
9	13	-4460
9	14	-1388
9	15	3156
9	16	-516
9	17	-1604
9	18	572
9	19	300
9	20	844
9	21	-380
9	22	-3564
9	23	-380
9	24	3156
9	25	-3972
9	26	-1116
9	27	-2692
9	28	-3428
9	29	2012
9	30	-4108
9	31	-924
9	32	-2556
9	33	-788
10	11	2284
10	12	2964
10	13	1660
10	14	1740
10	15	28
10	16	-3644
10	17	-108
10	18	2068
10	19	1796
10	20	-2284
10	21	1116
10	22	-436
10	23	1116
10	24	28
10	25	-844
10	26	-2612
10	27	-1196
10	28	-4924
10	29	516
10	30	-980
10	31	572
10	32	3564
10	33	708
11	12	244
11	13	-244
11	14	8268
11	15	7372
11	16	-5548
11	17	2612
11	18	4788
11	19	-108
11	20	436
11	21	-788
11	22	-3156
11	23	3836
11	24	-1876
11	25	1060
11	26	3916
11	27	-7724
11	28	1604
11	29	-2204
11	30	924
11	31	-1332
11	32	1660
11	33	3428
12	13	3700
12	14	-300
12	15	2068
12	16	-1604
12	17	-2692
12	18	-516
12	19	-5412
12	20	-244
12	21	3156
12	22	2148
12	23	-6092
12	24	2068
12	25	-2884
12	26	-28
12	27	844
12	28	2284
12	29	-1524
12	30	-3020
12	31	-2012
12	32	980
12	33	2748
13	14	4924
13	15	2556
13	16	1604
13	17	2692
13	18	516
13	19	788
13	20	244
13	21	1468
13	22	7100
13	23	-3156
13	24	-6692
13	25	2884
13	26	4652
13	27	3780
13	28	2340
13	29	-7724
13	30	-1604
13	31	2012
13	32	3644
13	33	-2748
14	15	3292
14	16	-380
14	17	3156
14	18	708
14	19	436
14	20	-3644
14	21	-244
14	22	924
14	23	4380
14	24	-5956
14	25	5140
14	26	7996
14	27	-2556
14	28	1060
14	29	-7372
14	30	380
14	31	3836
14	32	2204
14	33	-652
15	16	-1388
15	17	4324
15	18	2148
15	19	-2204
15	20	1876
15	21	-1524
15	22	844
15	23	-1524
15	24	-436
15	25	-3372
15	26	3020
15	27	-3836
15	28	708
15	29	-4732
15	30	1388
15	31	-5604
15	32	5276
15	33	3508
16	17	3372
16	18	-3428
16	19	-3156
16	20	-3700
16	21	2148
16	22	6420
16	23	2148
16	24	-1388
16	25	2204
16	26	-652
16	27	4460
16	28	1660
16	29	-3780
16	30	2340
16	31	-1932
16	32	-300
16	33	-2068
17	18	2284
17	19	2556
17	20	2012
17	21	-1388
17	22	5332
17	23	3236
17	24	-4924
17	25	1116
17	26	2884
17	27	924
17	28	572
17	29	-4868
17	30	5876
17	31	-5468
17	32	5412
17	33	-980
18	19	5004
18	20	4460
18	21	5684
18	22	2884
18	23	1060
18	24	-7100
18	25	3292
18	26	-4188
18	27	-1252
18	28	2748
18	29	1932
18	30	-1196
18	31	-3020
18	32	-1388
18	33	-3156
19	20	4732
19	21	1332
19	22	2612
19	23	1332
19	24	-6828
19	25	3020
19	26	164
19	27	3644
19	28	-2148
19	29	1660
19	30	-1468
19	31	1876
19	32	-1116
19	33	-7508
20	21	788
20	22	3156
20	23	-3836
20	24	-2748
20	25	-1060
20	26	708
20	27	3100
20	28	3020
20	29	2204
20	30	-924
20	31	-3292
20	32	-1660
20	33	-3428
21	22	6556
21	23	-2612
21	24	-6148
21	25	2340
21	26	-5140
21	27	4324
21	28	1796
21	29	980
21	30	-6772
21	31	-2068
21	32	-5060
21	33	-6828
22	23	-2692
22	24	-8404
22	25	2964
22	26	1196
22	27	8868
22	28	3508
22	29	-4924
22	30	-1796
22	31	-3236
22	32	-244
22	33	-7724
23	24	-1524
23	25	6964
23	26	-516
23	27	-4924
23	28	1796
23	29	980
23	30	7100
23	31	2556
23	32	-436
23	33	2420
24	25	-7996
24	26	-1604
24	27	-3836
24	28	-3916
24	29	4516
24	30	1388
24	31	-980
24	32	652
24	33	8132
25	26	788
25	27	28
25	28	7724
25	29	-708
25	30	2420
25	31	6420
25	32	-4460
25	33	-2692
26	27	1796
26	28	1332
26	29	-7100
26	30	652
26	31	3564
26	32	1932
26	33	-924
27	28	-516
27	29	-1332
27	30	-4460
27	31	244
27	32	-2748
27	33	-9140
28	29	-164
28	30	2964
28	31	1252
28	32	-5004
28	33	1388
29	30	-844
29	31	436
29	32	-5820
29	33	572
30	31	-2692
30	32	4924
30	33	6692
31	32	-4516
31	33	-1660
32	33	4596
