0	1	212
0	2	996
0	3	-548
0	4	940
0	5	-2004
0	6	-1244
0	7	12
0	8	-1052
0	9	-380
0	10	124
0	11	1636
0	12	516
0	13	-68
1	2	-604
1	3	-628
1	4	-1332
1	5	-740
1	6	-716
1	7	1164
1	8	-908
1	9	-12
1	10	-516
1	11	1108
1	12	-124
1	13	-324
2	3	-628
2	4	1020
2	5	-740
2	6	-716
2	7	380
2	8	-124
2	9	-12
2	10	268
2	11	324
2	12	660
2	13	-1108
3	4	100
3	5	404
3	6	268
3	7	-1500
3	8	-212
3	9	-324
3	10	180
3	11	-660
3	12	-212
3	13	660
4	5	-796
4	6	-660
4	7	-460
4	8	-180
4	9	-68
4	10	996
4	11	268
4	12	1388
4	13	516
5	6	940
5	7	-604
5	8	684
5	9	-212
5	10	-492
5	11	-1332
5	12	-884
5	13	-236
6	7	492
6	8	772
6	9	884
6	10	380
6	11	-1132
6	12	-12
6	13	1132
7	8	-436
7	9	1020
7	10	-44
7	11	684
7	12	348
7	13	100
8	9	740
8	10	-324
8	11	-1164
8	12	-716
8	13	380
9	10	-1220
9	11	292
9	12	-828
9	13	492
10	11	-772
10	12	2028
10	13	772
11	12	-380
11	13	44
12	13	380
