0	1	280
0	2	-224
0	3	-112
0	4	-1176
0	5	168
0	6	56
0	7	-672
0	8	224
0	9	952
0	10	-560
0	11	-1736
0	12	-672
0	13	112
1	2	-952
1	3	728
1	4	-336
1	5	-560
1	7	-616
1	8	168
1	9	896
1	10	280
1	11	560
1	12	168
1	13	-728
2	3	-560
2	4	-56
2	5	504
2	6	504
2	7	-336
2	8	1456
2	9	-1736
2	10	-1008
2	11	-504
2	12	448
2	13	560
3	4	840
3	5	-952
3	6	392
3	7	-224
3	8	560
3	9	504
3	10	672
3	11	952
3	12	-224
3	13	-336
4	5	-448
4	6	672
4	7	280
4	8	56
4	10	392
4	11	1232
4	12	280
4	13	-56
5	6	112
5	7	-728
5	8	280
5	9	-1344
5	10	-1400
5	11	-896
5	12	-728
5	13	168
6	7	-616
6	8	1064
6	9	-448
6	10	840
6	11	-112
6	12	-616
6	13	-1176
7	8	-448
7	9	280
7	10	112
7	11	728
7	12	784
7	13	1008
8	9	-616
8	10	-560
8	11	-280
8	12	336
8	13	-560
9	10	952
9	11	-224
9	12	280
9	13	-504
10	11	616
10	12	-672
10	13	-1456
11	12	728
11	13	-168
12	13	1008
