0	1	-940
0	2	100
0	3	-1132
0	4	156
0	5	1020
0	6	740
0	7	604
0	8	1332
0	9	-516
0	10	1692
0	11	-324
0	12	180
0	13	1412
1	2	1412
1	3	-492
1	4	-996
1	5	-180
1	6	-684
1	7	124
1	8	180
1	9	460
1	10	-1636
1	11	380
1	12	-124
1	13	-572
2	3	-348
2	4	-628
2	5	236
2	6	-44
2	7	-180
2	8	548
2	9	-516
2	10	-660
2	11	460
2	12	-604
2	13	628
3	4	492
3	5	-100
3	6	404
3	7	-628
3	8	-684
3	9	-180
3	10	-212
3	11	124
3	12	-156
3	13	292
4	5	964
4	6	1468
4	7	-124
4	8	-180
4	9	-460
4	10	68
4	11	-380
4	12	908
4	13	-212
5	6	492
5	7	516
5	8	572
5	9	-716
5	10	324
5	11	-796
5	12	268
5	13	604
6	7	-548
6	8	292
6	9	572
6	10	604
6	11	-516
6	12	548
6	13	100
7	8	-516
7	9	-796
7	10	404
7	11	-44
7	12	460
7	13	124
8	9	-68
8	10	460
8	11	796
8	12	-268
8	13	964
9	10	-44
9	11	-492
9	12	796
9	13	-1108
10	11	-684
10	12	380
10	13	716
11	12	-740
11	13	380
12	13	-908
