0	1	968
0	2	-176
0	3	1904
0	4	1528
0	5	1800
0	6	-2112
0	7	1840
0	8	-176
0	9	1800
0	10	-1528
0	11	488
0	12	72
0	13	-384
0	14	1840
0	15	2424
0	16	800
0	17	72
0	18	2112
0	19	-72
0	20	-384
0	21	-656
0	22	-176
0	23	-448
0	24	1280
0	25	-2984
1	2	-1072
1	3	-448
1	4	2424
1	5	-344
1	6	656
1	7	-592
1	8	1632
1	9	2360
1	10	-2424
1	11	-1944
1	12	1176
1	13	1840
1	14	-592
1	15	1736
1	16	448
1	17	1176
1	18	-656
1	19	-1176
1	20	1840
1	21	1904
1	22	1632
1	23	1696
1	24	176
1	25	-968
2	3	-2008
2	4	-1424
2	5	800
2	6	-488
2	7	968
2	8	72
2	9	-1904
2	10	1424
2	11	-384
2	12	32
2	13	-2424
2	14	968
2	15	176
2	16	-696
2	17	32
2	18	488
2	19	-32
2	20	-2424
2	21	-1944
2	22	72
2	23	552
2	24	1320
2	25	176
3	4	656
3	5	1424
3	6	-1112
3	7	344
3	8	-2008
3	9	1424
3	10	-656
3	11	1696
3	12	-592
3	13	904
3	14	344
3	15	800
3	16	1384
3	17	-592
3	18	1112
3	19	592
3	20	904
3	21	136
3	22	-2008
3	23	-2776
3	24	-760
3	25	-1904
4	5	552
4	6	-864
4	7	384
4	8	1280
4	9	3256
4	10	-2776
4	11	-968
4	12	1320
4	13	1072
4	14	384
4	15	1176
4	16	-656
4	17	1320
4	18	864
4	19	-1320
4	20	1072
4	21	592
4	22	1280
4	23	800
4	24	32
4	25	-1528
5	6	-1216
5	7	240
5	8	-1904
5	9	1528
5	10	-552
5	11	-1112
5	12	2008
5	13	-1696
5	14	240
5	15	904
5	16	-1424
5	17	2008
5	18	1216
5	19	-2008
5	20	-1696
5	21	-2672
5	22	-1904
5	23	-2880
5	24	-656
5	25	-1800
6	7	-3256
6	8	-488
6	9	-1216
6	10	864
6	11	-1904
6	12	384
6	13	2008
6	14	-3256
6	15	-592
6	16	1112
6	17	384
6	18	-3608
6	19	-384
6	20	2008
6	21	2360
6	22	-488
6	23	-136
6	24	-1736
6	25	2112
7	8	968
7	9	240
7	10	-384
7	11	2048
7	12	-1072
7	13	-1944
7	14	3400
7	15	864
7	16	-344
7	17	-1072
7	18	3256
7	19	1072
7	20	-1944
7	21	-1800
7	22	968
7	23	1112
7	24	2424
7	25	-1840
8	9	800
8	10	-1280
8	11	-384
8	12	32
8	13	280
8	14	968
8	15	176
8	16	-696
8	17	32
8	18	488
8	19	-32
8	20	280
8	21	760
8	22	2776
8	23	3256
8	24	1320
8	25	176
9	10	-3256
9	11	-1112
9	12	2008
9	13	1008
9	14	240
9	15	904
9	16	-1424
9	17	2008
9	18	1216
9	19	-2008
9	20	1008
9	21	32
9	22	800
9	23	-176
9	24	-656
9	25	-1800
10	11	968
10	12	-1320
10	13	-1072
10	14	-384
10	15	-1176
10	16	656
10	17	-1320
10	18	-864
10	19	1320
10	20	-1072
10	21	-592
10	22	-1280
10	23	-800
10	24	-32
10	25	1528
11	12	-2424
11	13	-592
11	14	2048
11	15	-488
11	16	1008
11	17	-2424
11	18	1904
11	19	2424
11	20	-592
11	21	-448
11	22	-384
11	23	-240
11	24	1072
11	25	-488
12	13	-176
12	14	-1072
12	15	-72
12	16	-2112
12	17	2568
12	18	-384
12	19	-2568
12	20	-176
12	21	-864
12	22	32
12	23	-656
12	24	-1216
12	25	-72
13	14	-1944
13	15	384
13	16	1800
13	17	-176
13	18	-2008
13	19	176
13	20	3192
13	21	3256
13	22	280
13	23	344
13	24	-1176
13	25	384
14	15	864
14	16	-344
14	17	-1072
14	18	3256
14	19	1072
14	20	-1944
14	21	-1800
14	22	968
14	23	1112
14	24	2424
14	25	-1840
15	16	1904
15	17	-72
15	18	592
15	19	72
15	20	384
15	21	656
15	22	176
15	23	448
15	24	1424
15	25	-2424
16	17	-2112
16	18	-1112
16	19	2112
16	20	1800
16	21	2568
16	22	-696
16	23	72
16	24	760
16	25	-800
17	18	-384
17	19	-2568
17	20	-176
17	21	-864
17	22	32
17	23	-656
17	24	-1216
17	25	-72
18	19	384
18	20	-2008
18	21	-2360
18	22	488
18	23	136
18	24	1736
18	25	-2112
19	20	176
19	21	864
19	22	-32
19	23	656
19	24	1216
19	25	72
20	21	3256
20	22	280
20	23	344
20	24	-1176
20	25	384
21	22	760
21	23	1320
21	24	-488
21	25	656
22	23	3256
22	24	1320
22	25	176
23	24	2008
23	25	448
24	25	-1280
