0	1	1300
0	2	-3276
0	3	-1716
0	4	780
0	5	1092
0	6	676
0	7	-780
0	8	-884
0	9	676
0	10	1196
0	11	-1612
0	12	-1092
0	13	-156
0	14	-1612
0	15	-3276
0	16	-52
0	17	1300
0	18	-884
0	19	-52
0	20	780
0	21	1300
0	22	-468
0	23	-1612
0	24	-1716
0	25	364
1	2	-2132
1	3	-3276
1	4	2340
1	5	-52
1	6	-884
1	7	-2340
1	8	260
1	9	-884
1	10	52
1	11	-52
1	12	52
1	13	-1300
1	14	-52
1	15	-2132
1	16	-1196
1	17	2444
1	18	260
1	19	-1196
1	20	-364
1	21	2444
1	22	1092
1	23	-52
1	24	-156
1	25	1508
2	3	2964
2	4	-1196
2	5	-884
2	6	-52
2	7	1196
2	8	1092
2	9	-52
2	10	-780
2	11	1820
2	12	884
2	13	572
2	14	1820
2	15	4108
2	16	676
2	17	-2132
2	18	1092
2	19	676
2	20	-1196
2	21	-2132
2	22	260
2	23	1820
2	24	1716
2	25	-364
3	4	-2756
3	5	260
3	6	1508
3	7	2756
3	8	-52
3	9	1508
3	10	364
3	11	260
3	12	-260
3	13	1716
3	14	260
3	15	2964
3	16	1820
3	17	-3276
3	18	-52
3	19	1820
3	20	-52
3	21	-3276
3	22	-1300
3	23	260
3	24	156
3	25	-1508
4	5	676
4	6	260
4	7	-3692
4	8	1820
4	9	260
4	10	572
4	11	676
4	12	-676
4	13	-780
4	14	676
4	15	-1196
4	16	-884
4	17	2340
4	18	1820
4	19	-884
4	20	-1716
4	21	2340
4	22	2236
4	23	676
4	24	780
4	25	3276
5	6	3276
5	7	-676
5	8	-572
5	9	572
5	10	260
5	11	364
5	12	-3068
5	13	1612
5	14	-2340
5	15	-884
5	16	-1196
5	17	-52
5	18	2132
5	19	-1196
5	20	676
5	21	-52
5	22	-780
5	23	364
5	24	468
5	25	884
6	7	-260
6	8	-364
6	9	1196
6	10	676
6	11	572
6	12	-3276
6	13	2028
6	14	-2132
6	15	-52
6	16	-572
6	17	-884
6	18	2340
6	19	-572
6	20	260
6	21	-884
6	22	-988
6	23	572
6	24	468
6	25	884
7	8	-1820
7	9	-260
7	10	-572
7	11	-676
7	12	676
7	13	780
7	14	-676
7	15	1196
7	16	884
7	17	-2340
7	18	-1820
7	19	884
7	20	1716
7	21	-2340
7	22	-2236
7	23	-676
7	24	-780
7	25	-3276
8	9	2340
8	10	-468
8	11	-572
8	12	572
8	13	884
8	14	2132
8	15	1092
8	16	988
8	17	260
8	18	780
8	19	988
8	20	-884
8	21	260
8	22	3276
8	23	-572
8	24	2028
8	25	2028
9	10	676
9	11	-2132
9	12	-572
9	13	2028
9	14	572
9	15	-52
9	16	2132
9	17	-884
9	18	-364
9	19	2132
9	20	260
9	21	-884
9	22	1716
9	23	-2132
9	24	468
9	25	884
10	11	260
10	12	-260
10	13	-1196
10	14	260
10	15	-780
10	16	1404
10	17	52
10	18	-468
10	19	1404
10	20	-2132
10	21	52
10	22	-884
10	23	260
10	24	-2340
10	25	988
11	12	-364
11	13	-1092
11	14	364
11	15	1820
11	16	-1196
11	17	-52
11	18	2132
11	19	-1196
11	20	-2028
11	21	-52
11	22	-780
11	23	3068
11	24	468
11	25	884
12	13	-1612
12	14	2340
12	15	884
12	16	1196
12	17	52
12	18	-2132
12	19	1196
12	20	-676
12	21	52
12	22	780
12	23	-364
12	24	-468
12	25	-884
13	14	-1092
13	15	572
13	16	52
13	17	-1300
13	18	884
13	19	52
13	20	1924
13	21	-1300
13	22	468
13	23	-1092
13	24	1716
13	25	-364
14	15	1820
14	16	1508
14	17	-52
14	18	-572
14	19	1508
14	20	-2028
14	21	-52
14	22	1924
14	23	364
14	24	468
14	25	884
15	16	676
15	17	-2132
15	18	1092
15	19	676
15	20	-1196
15	21	-2132
15	22	260
15	23	1820
15	24	1716
15	25	-364
16	17	-1196
16	18	-1716
16	19	2652
16	20	-884
16	21	-1196
16	22	364
16	23	-1196
16	24	-1092
16	25	-260
17	18	260
17	19	-1196
17	20	-364
17	21	2444
17	22	1092
17	23	-52
17	24	-156
17	25	1508
18	19	-1716
18	20	-884
18	21	260
18	22	572
18	23	2132
18	24	2028
18	25	2028
19	20	-884
19	21	-1196
19	22	364
19	23	-1196
19	24	-1092
19	25	-260
20	21	-364
20	22	-468
20	23	-2028
20	24	780
20	25	-2132
21	22	1092
21	23	-52
21	24	-156
21	25	1508
22	23	-780
22	24	2028
22	25	2028
23	24	468
23	25	884
24	25	780
