0	1	-1216
0	2	-368
0	3	776
0	4	688
0	5	1304
0	6	2360
0	7	-632
0	8	2888
0	9	1216
0	10	2040
0	11	2832
0	12	-688
0	13	-544
0	14	-2448
0	15	2800
0	16	-424
0	17	-1952
0	18	16
0	19	-1160
0	20	-1656
0	21	808
1	2	1216
1	3	-1512
1	4	336
1	5	-2920
1	6	-3800
1	7	-2920
1	8	-3272
1	9	864
1	10	456
1	11	1248
1	12	-2272
1	13	2976
1	14	-160
1	15	2448
1	16	-3944
1	17	3504
1	18	368
1	19	4296
1	20	-1304
1	21	1160
2	3	-2712
2	4	-688
2	5	-3240
2	6	-2360
2	7	632
2	8	-952
2	9	720
2	10	-104
2	11	-896
2	12	-3184
2	13	544
2	14	2448
2	15	-864
2	16	424
2	17	-1920
2	18	-16
2	19	-776
2	20	-4152
2	21	-808
3	4	-1832
3	5	-512
3	6	4240
3	7	-2448
3	8	-160
3	9	1512
3	10	-896
3	11	248
3	12	3768
3	13	1336
3	14	-280
3	15	1864
3	16	1568
3	17	-1128
3	18	-808
3	19	-1920
3	20	2800
3	21	336
4	5	-2360
4	6	-1480
4	7	1512
4	8	-72
4	9	-2272
4	10	2888
4	11	-3712
4	12	1744
4	13	-2448
4	14	-368
4	15	16
4	16	1480
4	17	896
4	18	-896
4	19	2040
4	20	-1160
4	21	248
5	6	1776
5	7	896
5	8	3184
5	9	-952
5	10	-368
5	11	2712
5	12	424
5	13	-1128
5	14	-1688
5	15	-600
5	16	160
5	17	-1656
5	18	-280
5	19	-512
5	20	1392
5	21	864
6	7	-160
6	8	192
6	9	-72
6	10	688
6	11	-104
6	12	3416
6	13	-248
6	14	-2568
6	15	-1656
6	16	1216
6	17	-776
6	18	-1160
6	19	-3504
6	20	2448
6	21	-16
7	8	3184
7	9	-2888
7	10	1568
7	11	-1160
7	12	424
7	13	808
7	14	2184
7	15	-2536
7	16	2096
7	17	-1656
7	18	1656
7	19	-512
7	20	-544
7	21	864
8	9	-2536
8	10	-720
8	11	2360
8	12	72
8	13	-776
8	14	1832
8	15	-248
8	16	1744
8	17	-3240
8	18	1304
8	19	-160
8	20	1040
8	21	-1424
9	10	-456
9	11	688
9	12	336
9	13	896
9	14	160
9	15	5296
9	16	72
9	17	-1568
9	18	1568
9	19	-424
9	20	-632
9	21	776
10	11	-1304
10	12	-952
10	13	-280
10	14	-2712
10	15	1128
10	16	1248
10	17	248
10	18	-2184
10	19	1040
10	20	-1920
10	21	2480
11	12	-2096
11	13	864
11	14	-1920
11	15	2272
11	16	-1832
11	17	1392
11	18	-1392
11	19	2184
11	20	808
11	21	3272
12	13	512
12	14	368
12	15	-16
12	16	2392
12	17	-896
12	18	896
12	19	-104
12	20	3096
12	21	-248
13	14	2272
13	15	1248
13	16	-1688
13	17	192
13	18	3680
13	19	1336
13	20	-456
13	21	952
14	15	-192
14	16	632
14	17	-3008
14	18	3008
14	19	-280
14	20	-600
14	21	-2008
15	16	-280
15	17	-1216
15	18	1216
15	19	1864
15	20	-984
15	21	2360
16	17	-3096
16	18	-776
16	19	-368
16	20	-512
16	21	16
17	18	-1600
17	19	2744
17	20	2008
17	21	1480
18	19	-808
18	20	-72
18	21	-3416
19	20	864
19	21	2272
20	21	-1216
