0	1	-2760
0	2	120
0	3	32
0	4	-848
0	5	-1704
0	6	-1176
0	7	-3136
0	8	-1376
0	9	-1640
0	10	2168
0	11	1792
0	12	912
0	13	1288
0	14	-3312
0	15	-2784
0	16	-1528
0	17	2760
0	18	1640
0	19	-120
0	20	2608
0	21	-2056
1	2	2960
1	3	-824
1	4	56
1	5	-1376
1	6	-1904
1	7	408
1	8	-1352
1	9	-1088
1	10	560
1	11	1288
1	12	232
1	13	1440
1	14	2520
1	15	1992
1	16	384
1	17	320
1	18	-848
1	19	-2960
1	20	-1816
1	21	2848
2	3	2056
2	4	1176
2	5	144
2	6	672
2	7	-1112
2	8	648
2	9	-3488
2	10	144
2	11	-56
2	12	-2872
2	13	1200
2	14	2584
2	15	-760
2	16	2256
2	17	2848
2	18	1552
2	19	-208
2	20	-1352
2	21	-208
3	4	1088
3	5	4104
3	6	760
3	7	-1200
3	8	560
3	9	296
3	10	-1704
3	11	1792
3	12	-1024
3	13	-2584
3	14	-1376
3	15	-848
3	16	-1528
3	17	-1112
3	18	5512
3	19	3752
3	20	672
3	21	-120
4	5	1112
4	6	-296
4	7	1792
4	8	-2256
4	9	-584
4	10	-2760
4	11	-1024
4	12	-3840
4	13	2168
4	14	1616
4	15	4080
4	16	3224
4	17	-56
4	18	584
4	19	2696
4	20	-384
4	21	760
5	6	912
5	7	1464
5	8	1640
5	9	1904
5	10	-2432
5	11	408
5	12	-648
5	13	-1552
5	14	-296
5	15	1112
5	16	-672
5	17	-2496
5	18	1968
5	19	3728
5	20	-936
5	21	1792
6	7	-1880
6	8	4104
6	9	496
6	10	-1024
6	11	-1000
6	12	-2056
6	13	-4016
6	14	2168
6	15	-296
6	16	2672
6	17	-32
6	18	-496
6	19	1264
6	20	-1464
6	21	-672
7	8	-672
7	9	1000
7	10	-472
7	11	-1376
7	12	-2256
7	13	584
7	14	1264
7	15	1792
7	16	1640
7	17	-2344
7	18	-2936
7	19	1112
7	20	-32
7	21	1112
8	9	-1112
8	10	1640
8	11	2320
8	12	-496
8	13	-3112
8	14	3024
8	15	-2256
8	16	-120
8	17	-2520
8	18	-824
8	19	1288
8	20	144
8	21	1288
9	10	-1968
9	11	-1816
9	12	-760
9	13	-912
9	14	824
9	15	1352
9	16	144
9	17	-2784
9	18	-560
9	19	-384
9	20	-1528
9	21	3488
10	11	4280
10	12	1288
10	13	-1552
10	14	-296
10	15	-2760
10	16	-2608
10	17	1376
10	18	32
10	19	-144
10	20	1000
10	21	-144
11	12	2672
11	13	-2408
11	14	-1552
11	15	-1024
11	16	-3288
11	17	-1288
11	18	1816
11	19	1992
11	20	2784
11	21	1992
12	13	-1528
12	14	-4368
12	15	-1904
12	16	-4344
12	17	-232
12	18	760
12	19	-1000
12	20	1728
12	21	-1000
13	14	760
13	15	2168
13	16	208
13	17	496
13	18	-1024
13	19	-3136
13	20	-1992
13	21	736
14	15	1616
14	16	3752
14	17	-584
14	18	-2760
14	19	-648
14	20	-1792
14	21	3224
15	16	1288
15	17	-1992
15	18	-1352
15	19	760
15	20	-2320
15	21	2696
16	17	1552
16	18	-2080
16	19	-320
16	20	-1112
16	21	-320
17	18	848
17	19	-912
17	20	-120
17	21	-2848
18	19	2320
18	20	-408
18	21	-1552
19	20	1352
19	21	208
20	21	-584
