0	1	-4
0	2	2284
0	3	-1148
0	4	172
0	5	-1756
0	6	1324
0	7	-348
0	8	348
0	9	2732
0	10	-2372
0	11	1764
0	12	2108
0	13	532
0	14	268
0	15	972
0	16	4
0	17	1052
0	18	3780
0	19	2372
0	20	1324
0	21	1580
1	2	1236
1	3	796
1	4	-2460
1	5	-1764
1	6	2900
1	7	-1236
1	8	-700
1	9	-2380
1	10	788
1	11	-1412
1	12	-2460
1	13	3692
1	14	84
1	15	-620
1	16	2284
1	17	2468
1	18	-260
1	19	-788
1	20	2900
1	21	4
2	3	444
2	4	1060
2	5	-1412
2	6	1316
2	7	2988
2	8	884
2	9	1844
2	10	-2732
2	11	2812
2	12	1060
2	13	2108
2	14	436
2	15	-268
2	16	700
2	17	2116
2	18	-612
2	19	-1140
2	20	-620
2	21	-2284
3	4	-1316
3	5	964
3	6	-2116
3	7	1492
3	8	-1492
3	9	-1588
3	10	-356
3	11	1316
3	12	-1316
3	13	2548
3	14	4748
3	15	4044
3	16	-796
3	17	1676
3	18	884
3	19	2292
3	20	-180
3	21	-788
4	5	2284
4	6	1140
4	7	2812
4	8	-876
4	9	1668
4	10	2900
4	11	2636
4	12	1236
4	13	-4
4	14	260
4	15	-2380
4	16	-3348
4	17	356
4	18	-436
4	19	972
4	20	-2732
4	21	-172
5	6	-2724
5	7	-524
5	8	524
5	9	620
5	10	1324
5	11	1588
5	12	348
5	13	-1580
5	14	2028
5	15	-1140
5	16	-2108
5	17	-708
5	18	2020
5	19	612
5	20	-788
5	21	-2116
6	7	620
6	8	-620
6	9	-172
6	10	532
6	11	-1140
6	12	1140
6	13	-436
6	14	-700
6	15	4
6	16	-964
6	17	84
6	18	-2996
6	19	1404
6	20	356
6	21	2548
7	8	-2820
7	9	2028
7	10	-1140
7	11	1060
7	12	876
7	13	-172
7	14	-436
7	15	268
7	16	-2636
7	17	-180
7	18	-1324
7	19	1140
7	20	-1316
7	21	348
8	9	-92
8	10	-796
8	11	2812
8	12	1060
8	13	172
8	14	436
8	15	-268
8	16	2636
8	17	2116
8	18	1324
8	19	-3076
8	20	-620
8	21	-4220
9	10	-3868
9	11	2204
9	12	5540
9	13	-2900
9	14	708
9	15	1412
9	16	444
9	17	612
9	18	1404
9	19	1932
9	20	-172
9	21	1140
10	11	-964
10	12	-2908
10	13	1676
10	14	-524
10	15	-3692
10	16	-788
10	17	-92
10	18	700
10	19	-708
10	20	532
10	21	436
11	12	2636
11	13	4
11	14	3612
11	15	444
11	16	1412
11	17	1580
11	18	2372
11	19	964
11	20	-3076
11	21	-1764
12	13	-3876
12	14	2196
12	15	1492
12	16	524
12	17	-1580
12	18	1500
12	19	972
12	20	-796
12	21	1764
13	14	444
13	15	-788
13	16	180
13	17	4748
13	18	-268
13	19	-1676
13	20	1500
13	21	-2468
14	15	2820
14	16	-84
14	17	1140
14	18	1932
14	19	2460
14	20	-700
14	21	-268
15	16	620
15	17	436
15	18	-708
15	19	3692
15	20	-1932
15	21	964
16	17	1404
16	18	2196
16	19	-1148
16	20	972
16	21	-4
17	18	620
17	19	92
17	20	2020
17	21	-2988
18	19	1236
18	20	2812
18	21	92
19	20	-532
19	21	3436
20	21	612
