0	1	2532
0	2	-1164
0	3	-1212
0	4	2180
0	5	-3324
0	6	-3148
0	7	812
0	8	-1252
0	9	68
0	10	2308
0	11	-108
0	12	-4204
0	13	156
0	14	332
0	15	988
0	16	-244
0	17	-1652
0	18	-2924
0	19	2092
0	20	20
0	21	-3276
1	2	1956
1	3	-1516
1	4	-3324
1	5	-3276
1	6	420
1	7	332
1	8	108
1	9	-3148
1	10	-1164
1	11	900
1	12	-460
1	13	636
1	14	-1476
1	15	4028
1	16	1388
1	17	-3012
1	18	-2092
1	19	636
1	20	-812
1	21	-1740
2	3	596
2	4	-1564
2	5	772
2	6	596
2	7	-1428
2	8	-68
2	9	548
2	10	948
2	11	724
2	12	1652
2	13	460
2	14	284
2	15	4204
2	16	3500
2	17	1036
2	18	1604
2	19	460
2	20	3236
2	21	1956
3	4	68
3	5	2660
3	6	-1036
3	7	-948
3	8	508
3	9	-108
3	10	-1388
3	11	1652
3	12	-156
3	13	1916
3	14	2092
3	15	-772
3	16	3804
3	17	2396
3	18	4644
3	19	-20
3	20	2132
3	21	2356
4	5	244
4	6	-1868
4	7	1916
4	8	-1476
4	9	3012
4	10	2356
4	11	-684
4	12	-812
4	13	-2884
4	14	2748
4	15	-2132
4	16	-900
4	17	508
4	18	196
4	19	988
4	20	772
4	21	-1388
5	6	724
5	7	-1124
5	8	2620
5	9	2004
5	10	372
5	11	1828
5	12	3540
5	13	2092
5	14	2268
5	15	-948
5	16	1692
5	17	2220
5	18	4820
5	19	-1780
5	20	3892
5	21	4468
6	7	-2884
6	8	2444
6	9	-2044
6	10	-1388
6	11	-284
6	12	-156
6	13	-20
6	14	-3716
6	15	1164
6	16	-68
6	17	460
6	18	772
6	19	-20
6	20	-1740
6	21	2356
7	8	-1516
7	9	1740
7	10	2572
7	11	-372
7	12	1868
7	13	-108
7	14	2004
7	15	-2620
7	16	-1916
7	17	-1388
7	18	-1252
7	19	1828
7	20	-1652
7	21	-3540
8	9	636
8	10	860
8	11	-1124
8	12	-372
8	13	-1388
8	14	-1564
8	15	2180
8	16	-460
8	17	948
8	18	1692
8	19	-3324
8	20	-724
8	21	3980
9	10	2180
9	11	-2444
9	12	948
9	13	-2708
9	14	2924
9	15	-372
9	16	-3012
9	17	2268
9	18	372
9	19	-2708
9	20	596
9	21	724
10	11	68
10	12	-508
10	13	332
10	14	508
10	15	-1124
10	16	-420
10	17	2044
10	18	-812
10	19	2268
10	20	-156
10	21	772
11	12	2708
11	13	3276
11	14	1164
11	15	1388
11	16	4556
11	17	156
11	18	548
11	19	1340
11	20	2356
11	21	2836
12	13	1036
12	14	3148
12	15	108
12	16	812
12	17	-596
12	18	1828
12	19	-900
12	20	3012
12	21	1476
13	14	-1036
13	15	-2220
13	16	2884
13	17	420
13	18	2220
13	19	3012
13	20	2620
13	21	636
14	15	-108
14	16	1124
14	17	596
14	18	2044
14	19	-1036
14	20	2796
14	21	460
15	16	2132
15	17	-1212
15	18	-1428
15	19	-2220
15	20	460
15	21	2092
16	17	1428
16	18	3676
16	19	948
16	20	3100
16	21	3324
17	18	3148
17	19	-1516
17	20	-244
17	21	4732
18	19	-1652
18	20	3412
18	21	3716
19	20	684
19	21	-3236
20	21	1124
