0	1	-724
0	2	-596
0	3	68
0	4	-1740
0	5	-2356
0	6	772
0	7	-108
0	8	1740
0	9	548
0	10	2532
0	11	1516
0	12	1428
0	13	-1828
0	14	-3276
0	15	1340
0	16	2620
0	17	156
0	18	-684
0	19	1868
0	20	772
0	21	-108
1	2	948
1	3	-420
1	4	2092
1	5	772
1	6	812
1	7	-244
1	8	-156
1	9	1740
1	10	-948
1	11	772
1	12	860
1	13	244
1	14	-948
1	15	-988
1	16	900
1	17	1428
1	18	-900
1	19	-1516
1	20	812
1	21	-2180
2	3	3676
2	4	460
2	5	-2092
2	6	2444
2	7	1564
2	8	-460
2	9	-1124
2	10	-3540
2	11	-156
2	12	1692
2	13	-1564
2	14	332
2	15	1604
2	16	420
2	17	-2044
2	18	-420
2	19	-1740
2	20	-1428
2	21	-372
3	4	-988
3	5	-372
3	6	1956
3	7	2836
3	8	-948
3	9	596
3	10	-1740
3	11	-372
3	12	1652
3	13	-900
3	14	196
3	15	1740
3	16	108
3	17	-1300
3	18	-108
3	19	-724
3	20	-1916
3	21	900
4	5	636
4	6	1652
4	7	772
4	8	684
4	9	-332
4	10	-2396
4	11	-1300
4	12	-1388
4	13	3100
4	14	-460
4	15	460
4	16	-372
4	17	-900
4	18	372
4	19	-2884
4	20	3588
4	21	-1164
5	6	332
5	7	1388
5	8	-2572
5	9	2924
5	10	156
5	11	20
5	12	-68
5	13	548
5	14	2092
5	15	-156
5	16	-1692
5	17	1652
5	18	-244
5	19	-1564
5	20	332
5	21	1388
6	7	2132
6	8	284
6	9	1300
6	10	-2444
6	11	332
6	12	2356
6	13	-196
6	14	-508
6	15	2444
6	16	1340
6	17	-2004
6	18	-3276
6	19	-1956
6	20	1252
6	21	-1740
7	8	-2708
7	9	420
7	10	372
7	11	-548
7	12	-460
7	13	860
7	14	-1564
7	15	1564
7	16	-1652
7	17	-1124
7	18	-284
7	19	-900
7	20	196
7	21	1076
8	9	-1604
8	10	-1476
8	11	1300
8	12	1388
8	13	772
8	14	-1476
8	15	1476
8	16	2308
8	17	-1036
8	18	-372
8	19	-988
8	20	2220
8	21	-772
9	10	1124
9	11	-948
9	12	900
9	13	-420
9	14	1124
9	15	-1124
9	16	1212
9	17	2620
9	18	-1212
9	19	1340
9	20	-636
9	21	-1516
10	11	156
10	12	-1692
10	13	-372
10	14	-2268
10	15	-1604
10	16	-420
10	17	2044
10	18	420
10	19	3676
10	20	-508
10	21	372
11	12	3804
11	13	-1388
11	14	-1780
11	15	-156
11	16	2180
11	17	1652
11	18	-244
11	19	-1564
11	20	332
11	21	1388
12	13	-1476
12	14	244
12	15	-244
12	16	4204
12	17	-196
12	18	-2268
12	19	-1652
12	20	-1516
12	21	-460
13	14	-372
13	15	-1564
13	16	-284
13	17	-812
13	18	284
13	19	-1036
13	20	1740
13	21	-1076
14	15	-1604
14	16	-420
14	17	108
14	18	420
14	19	-196
14	20	-2444
14	21	372
15	16	-1516
15	17	-2044
15	18	-420
15	19	-1740
15	20	2444
15	21	1564
16	17	20
16	18	-1428
16	19	-108
16	20	-596
16	21	-1652
17	18	1916
17	19	1300
17	20	-68
17	21	812
18	19	108
18	20	596
18	21	3588
19	20	-1956
19	21	-900
20	21	196
