0	1	3636
0	2	-44
0	3	2604
0	4	3244
0	5	3724
0	6	524
0	7	3156
0	8	2444
0	9	3476
0	10	6516
0	11	4276
0	12	-3244
0	13	2604
0	14	-204
0	15	436
0	16	-276
0	17	-3084
0	18	6444
0	19	7156
0	20	-276
0	21	2924
0	22	-6516
0	23	5804
0	24	-2924
0	25	-2604
0	26	-5644
0	27	-204
0	28	-9964
0	29	-3476
0	30	-6604
0	31	6124
0	32	-5964
0	33	-6516
0	34	-3884
0	35	-2764
0	36	-3796
0	37	596
0	38	10036
0	39	10036
1	2	9396
1	3	-436
1	4	-6196
1	5	7084
1	6	3884
1	7	-6604
1	8	-6996
1	9	116
1	10	9556
1	11	7316
1	12	-6604
1	13	5964
1	14	-3564
1	15	3476
1	16	9484
1	17	-44
1	18	9804
1	19	3796
1	20	3084
1	21	-6516
1	22	-9556
1	23	2764
1	24	-6284
1	25	436
1	26	-2604
1	27	-3564
1	28	-524
1	29	-116
1	30	-3564
1	31	3084
1	32	3476
1	33	3244
1	34	-844
1	35	276
1	36	-436
1	37	-2764
1	38	276
1	39	276
2	3	-3156
2	4	-8916
2	5	4364
2	6	1164
2	7	-3884
2	8	-3316
2	9	-3564
2	10	5876
2	11	3636
2	12	-3884
2	13	9644
2	14	-844
2	15	-204
2	16	6764
2	17	2676
2	18	7084
2	19	116
2	20	364
2	21	-2836
2	22	-5876
2	23	44
2	24	-3564
2	25	3156
2	26	-6284
2	27	-844
2	28	2196
2	29	3564
2	30	-844
2	31	364
2	32	6196
2	33	524
2	34	1876
2	35	2996
2	36	3244
2	37	-6444
2	38	-3404
2	39	-3404
3	4	-44
3	5	-6924
3	6	-3724
3	7	6444
3	8	756
3	9	-276
3	10	3084
3	11	-1076
3	12	44
3	13	596
3	14	3404
3	15	-3636
3	16	3476
3	17	-116
3	18	-3244
3	19	2444
3	20	9876
3	21	276
3	22	-3084
3	23	10196
3	24	-6676
3	25	-596
3	26	2444
3	27	3404
3	28	364
3	29	-6124
3	30	3404
3	31	3476
3	32	-3636
3	33	-3084
3	34	684
3	35	-436
3	36	596
3	37	2604
3	38	-436
3	39	5964
4	5	-1164
4	6	-4364
4	7	684
4	8	116
4	9	364
4	10	-2676
4	11	-436
4	12	7084
4	13	-6444
4	14	-2356
4	15	3404
4	16	-9964
4	17	-5876
4	18	-3884
4	19	3084
4	20	-3564
4	21	6036
4	22	2676
4	23	3156
4	24	364
4	25	-6356
4	26	3084
4	27	-2356
4	28	-5396
4	29	-364
4	30	-2356
4	31	-3564
4	32	-9396
4	33	2676
4	34	1324
4	35	204
4	36	-6444
4	37	3244
4	38	6604
4	39	6604
5	6	7956
5	7	-5236
5	8	-6764
5	9	844
5	10	4204
5	11	6444
5	12	-5236
5	13	-524
5	14	-1876
5	15	3884
5	16	2356
5	17	1004
5	18	8436
5	19	3564
5	20	-4044
5	21	-844
5	22	-4204
5	23	-3724
5	24	844
5	25	524
5	26	-2836
5	27	-1876
5	28	-4916
5	29	-844
5	30	-8276
5	31	2356
5	32	3884
5	33	2196
5	34	-4596
5	35	684
5	36	-524
5	37	-2676
5	38	684
5	39	684
6	7	-2036
6	8	-3564
6	9	4044
6	10	1004
6	11	3244
6	12	-8436
6	13	-3724
6	14	1324
6	15	684
6	16	5556
6	17	4204
6	18	5236
6	19	364
6	20	-844
6	21	-4044
6	22	-1004
6	23	-6924
6	24	4044
6	25	3724
6	26	364
6	27	1324
6	28	-1716
6	29	-4044
6	30	-5076
6	31	5556
6	32	7084
6	33	-1004
6	34	-7796
6	35	-2516
6	36	2676
6	37	524
6	38	-2516
6	39	-2516
7	8	6284
7	9	-364
7	10	-3724
7	11	-5964
7	12	-684
7	13	44
7	14	8756
7	15	-9804
7	16	-2836
7	17	5876
7	18	-2516
7	19	-3084
7	20	3564
7	21	6764
7	22	3724
7	23	3244
7	24	-364
7	25	-44
7	26	-3084
7	27	8756
7	28	-1004
7	29	-6036
7	30	2356
7	31	3564
7	32	-3404
7	33	-9076
7	34	-1324
7	35	-204
7	36	44
7	37	3156
7	38	-204
7	39	6196
8	9	5964
8	10	-3476
8	11	-7636
8	12	-116
8	13	756
8	14	3244
8	15	-3796
8	16	-2764
8	17	-276
8	18	-3084
8	19	-4116
8	20	-2764
8	21	436
8	22	3476
8	23	-2444
8	24	5964
8	25	-756
8	26	-4116
8	27	3244
8	28	204
8	29	436
8	30	3244
8	31	3636
8	32	-3796
8	33	-9324
8	34	524
8	35	-6996
8	36	756
8	37	2444
8	38	5804
8	39	-596
9	10	2996
9	11	-5644
9	12	-6764
9	13	-6676
9	14	2676
9	15	3316
9	16	3244
9	17	-204
9	18	3564
9	19	-2764
9	20	-3156
9	21	-6356
9	22	-2996
9	23	-3476
9	24	6356
9	25	-6124
9	26	-2764
9	27	2676
9	28	-684
9	29	-6356
9	30	-3724
9	31	9644
9	32	-3084
9	33	-2996
9	34	-1004
9	35	-12684
9	36	-276
9	37	3476
9	38	6516
9	39	116
10	11	3796
10	12	-3724
10	13	3084
10	14	-684
10	15	6356
10	16	6604
10	17	-3564
10	18	6924
10	19	6676
10	20	204
10	21	-2996
10	22	-12436
10	23	6284
10	24	-3404
10	25	-3084
10	26	-6124
10	27	-684
10	28	-4044
10	29	-2996
10	30	-7084
10	31	6604
10	32	-44
10	33	364
10	34	2036
10	35	-3244
10	36	3084
10	37	-6284
10	38	3156
10	39	3156
11	12	436
11	13	5324
11	14	-9324
11	15	4116
11	16	2444
11	17	-5804
11	18	2764
11	19	10836
11	20	2444
11	21	-756
11	22	-3796
11	23	2124
11	24	-5644
11	25	7476
11	26	4436
11	27	-9324
11	28	-6284
11	29	5644
11	30	-2924
11	31	-3956
11	32	4116
11	33	2604
11	34	-6604
11	35	7316
11	36	-1076
11	37	-2124
11	38	916
11	39	916
12	13	44
12	14	-4044
12	15	2996
12	16	-9236
12	17	-6924
12	18	-8916
12	19	3316
12	20	-2836
12	21	6764
12	22	3724
12	23	3244
12	24	-364
12	25	-44
12	26	3316
12	27	-4044
12	28	-1004
12	29	6764
12	30	2356
12	31	-9236
12	32	-3404
12	33	3724
12	34	5076
12	35	6196
12	36	44
12	37	-3244
12	38	-204
12	39	-204
13	14	-2996
13	15	-3636
13	16	3476
13	17	-116
13	18	3156
13	19	2444
13	20	3476
13	21	276
13	22	-3084
13	23	3796
13	24	-6676
13	25	5804
13	26	-3956
13	27	-2996
13	28	364
13	29	6676
13	30	3404
13	31	-2924
13	32	2764
13	33	-3084
13	34	684
13	35	5964
13	36	596
13	37	-3796
13	38	-436
13	39	-436
14	15	-6764
14	16	524
14	17	8916
14	18	844
14	19	-6444
14	20	524
14	21	3724
14	22	684
14	23	204
14	24	2676
14	25	-3404
14	26	-6444
14	27	11796
14	28	2036
14	29	-9076
14	30	-1004
14	31	6924
14	32	-364
14	33	-5716
14	34	1716
14	35	-3564
14	36	3404
14	37	-204
14	38	-3564
14	39	2836
15	16	-116
15	17	-9644
15	18	204
15	19	6996
15	20	-6516
15	21	-3316
15	22	-6356
15	23	-436
15	24	3316
15	25	-2764
15	26	596
15	27	-6764
15	28	-3724
15	29	3084
15	30	-6764
15	31	-116
15	32	276
15	33	6444
15	34	2356
15	35	-2924
15	36	2764
15	37	-5964
15	38	3476
15	39	-2924
16	17	3404
16	18	6036
16	19	-436
16	20	6356
16	21	-9644
16	22	-6604
16	23	276
16	24	-3156
16	25	2924
16	26	-436
16	27	524
16	28	3884
16	29	-3244
16	30	524
16	31	6356
16	32	6284
16	33	-204
16	34	-2196
16	35	-3316
16	36	3476
16	37	-276
16	38	-3316
16	39	-3316
17	18	3724
17	19	-9324
17	20	3404
17	21	204
17	22	3564
17	23	-3316
17	24	-204
17	25	116
17	26	-2924
17	27	8916
17	28	5556
17	29	-6196
17	30	2516
17	31	3404
17	32	3156
17	33	-2836
17	34	-1164
17	35	-44
17	36	-116
17	37	3316
17	38	-6444
17	39	-44
18	19	-116
18	20	-364
18	21	-3564
18	22	-6924
18	23	-44
18	24	-2836
18	25	-3156
18	26	-6516
18	27	844
18	28	-2196
18	29	-3564
18	30	-5556
18	31	6036
18	32	204
18	33	-524
18	34	-1876
18	35	-2996
18	36	-3244
18	37	44
18	38	3404
18	39	3404
19	20	-436
19	21	2764
19	22	-6676
19	23	5644
19	24	-2764
19	25	3956
19	26	916
19	27	-6444
19	28	-9804
19	29	2764
19	30	-6444
19	31	-436
19	32	596
19	33	-276
19	34	-3724
19	35	3796
19	36	2444
19	37	-5644
19	38	3796
19	39	3796
20	21	-3244
20	22	-204
20	23	6676
20	24	-9556
20	25	2924
20	26	5964
20	27	524
20	28	3884
20	29	-3244
20	30	6924
20	31	-44
20	32	-116
20	33	-204
20	34	-2196
20	35	3084
20	36	-2924
20	37	6124
20	38	-3316
20	39	3084
21	22	2996
21	23	3476
21	24	44
21	25	-276
21	26	-3636
21	27	3724
21	28	-5716
21	29	-44
21	30	-2676
21	31	-3244
21	32	-3316
21	33	-3404
21	34	1004
21	35	6284
21	36	276
21	37	-3476
21	38	-116
21	39	6284
22	23	-6284
22	24	3404
22	25	3084
22	26	6124
22	27	684
22	28	4044
22	29	2996
22	30	7084
22	31	-6604
22	32	44
22	33	-364
22	34	-2036
22	35	3244
22	36	-3084
22	37	6284
22	38	-3156
22	39	-3156
23	24	-9876
23	25	-3796
23	26	-756
23	27	204
23	28	-2836
23	29	-2924
23	30	204
23	31	276
23	32	-6836
23	33	116
23	34	3884
23	35	2764
23	36	-2604
23	37	-596
23	38	2764
23	39	9164
24	25	276
24	26	-2764
24	27	2676
24	28	-684
24	29	44
24	30	-3724
24	31	3244
24	32	3316
24	33	-2996
24	34	-1004
24	35	-6284
24	36	6124
24	37	-2924
24	38	116
24	39	-6284
25	26	3956
25	27	-3404
25	28	-364
25	29	6124
25	30	2996
25	31	-3476
25	32	10036
25	33	-3316
25	34	-7084
25	35	6836
25	36	5804
25	37	-2604
25	38	-5964
25	39	-5964
26	27	-6444
26	28	2996
26	29	2764
26	30	6356
26	31	-6836
26	32	596
26	33	6124
26	34	-3724
26	35	3796
26	36	-3956
26	37	7156
26	38	-2604
26	39	-2604
27	28	2036
27	29	-9076
27	30	-1004
27	31	6924
27	32	-364
27	33	-5716
27	34	1716
27	35	-3564
27	36	3404
27	37	-204
27	38	-3564
27	39	2836
28	29	684
28	30	8436
28	31	-2516
28	32	2676
28	33	4044
28	34	4756
28	35	-524
28	36	364
28	37	2836
28	38	-6924
28	39	-6924
29	30	3724
29	31	-9644
29	32	3084
29	33	2996
29	34	1004
29	35	6284
29	36	276
29	37	-3476
29	38	-116
29	39	-6516
30	31	-5876
30	32	-364
30	33	684
30	34	1716
30	35	2836
30	36	-2996
30	37	6196
30	38	-3564
30	39	-3564
31	32	-116
31	33	-6604
31	34	-2196
31	35	-9716
31	36	3476
31	37	-276
31	38	3084
31	39	3084
32	33	44
32	34	-4044
32	35	3476
32	36	9164
32	37	-5964
32	38	-9324
32	39	-9324
33	34	4364
33	35	3244
33	36	-3084
33	37	-116
33	38	-3156
33	39	-3156
34	35	-844
34	36	684
34	37	-3884
34	38	-844
34	39	-844
35	36	-436
35	37	-2764
35	38	-6124
35	39	276
36	37	-10196
36	38	-6836
36	39	-6836
37	38	3636
37	39	3636
38	39	6676
