0	1	4344
0	2	456
0	3	-8256
0	4	-3816
0	5	1224
0	6	-3216
0	7	6576
0	8	2664
0	9	-504
0	10	3816
0	11	-4416
0	12	7464
0	13	-1464
0	14	96
0	15	-4464
0	16	1056
0	17	-4584
0	18	-2256
0	19	216
0	20	3024
0	21	5136
0	22	384
0	23	5976
0	24	-6504
0	25	336
0	26	5856
0	27	-5256
0	28	1296
0	29	-2184
1	2	4536
1	3	-12336
1	4	2904
1	5	-6456
1	6	-96
1	7	3456
1	8	-1416
1	9	7176
1	10	-6504
1	11	-1296
1	12	3384
1	13	6216
1	14	-6624
1	15	6816
1	16	-5664
1	17	-4104
1	18	-2736
1	19	696
1	20	-4656
1	21	-1584
1	22	3504
1	23	2856
1	24	-2424
1	25	816
1	26	-864
1	27	1464
1	28	1776
1	29	1896
2	3	-864
2	4	1896
2	5	-3144
2	6	1296
2	7	2544
2	8	-984
2	9	-4776
2	10	-1896
2	11	-1104
2	12	-5784
2	13	-3816
2	14	-8976
2	15	2784
2	16	-6336
2	17	-4296
2	18	336
2	19	1704
2	20	2256
2	21	-3216
2	22	-2304
2	23	10344
2	24	-2376
2	25	-9216
2	26	-336
2	27	-264
2	28	4224
2	29	-3096
3	4	-2496
3	5	6144
3	6	-1896
3	7	-5544
3	8	-6816
3	9	-5424
3	10	2496
3	11	7704
3	12	-9216
3	13	-2784
3	14	2376
3	15	1416
3	16	6936
3	17	8496
3	18	2664
3	19	-4704
3	20	-2856
3	21	3816
3	22	1704
3	23	-2544
3	24	2976
3	25	-984
3	26	-2664
3	27	3264
3	28	-24
3	29	-3504
4	5	-7416
4	6	6144
4	7	816
4	8	-5976
4	9	936
4	10	1656
4	11	-5856
4	12	6024
4	13	-24
4	14	1536
4	15	-3024
4	16	-4704
4	17	-3144
4	18	-7296
4	19	1656
4	20	5184
4	21	2976
4	22	-1056
4	23	3816
4	24	2136
4	25	-1824
4	26	96
4	27	-6696
4	28	2736
4	29	-4344
5	6	-6816
5	7	-624
5	8	-936
5	9	-4104
5	10	-6984
5	11	2784
5	12	264
5	13	-1464
5	14	3696
5	15	2736
5	16	8256
5	17	2616
5	18	1344
5	19	3816
5	20	-576
5	21	5136
5	22	384
5	23	-1224
5	24	-2904
5	25	3936
5	26	2256
5	27	1944
5	28	-2304
5	29	1416
6	7	3816
6	8	1824
6	9	3936
6	10	1056
6	11	-1656
6	12	-576
6	13	2976
6	14	-2664
6	15	-3624
6	16	-1704
6	17	-3744
6	18	-3096
6	19	1056
6	20	2184
6	21	-8424
6	22	-456
6	23	-384
6	24	5136
6	25	-2424
6	26	3096
6	27	4704
6	28	9336
6	29	9456
7	8	-2064
7	9	-3696
7	10	-816
7	11	-5784
7	12	3936
7	13	-2736
7	14	2904
7	15	-6936
7	16	1944
7	17	384
7	18	-744
7	19	6384
7	20	1176
7	21	1464
7	22	-3384
7	23	-2976
7	24	-4896
7	25	-4536
7	26	-2856
7	27	5856
7	28	-5496
7	29	5184
8	9	1656
8	10	2376
8	11	624
8	12	-1896
8	13	696
8	14	-4944
8	15	1296
8	16	-384
8	17	-2424
8	18	6384
8	19	5976
8	20	8064
8	21	-3504
8	22	-1776
8	23	4536
8	24	2856
8	25	-1104
8	26	8016
8	27	3384
8	28	-144
8	29	10776
9	10	-4536
9	11	1536
9	12	456
9	13	744
9	14	2784
9	15	144
9	16	-5376
9	17	-3336
9	18	2976
9	19	-4536
9	20	-5904
9	21	-2256
9	22	3936
9	23	4104
9	24	9384
9	25	-1056
9	26	-2976
9	27	2376
9	28	1584
9	29	1464
10	11	2256
10	12	-2424
10	13	-3576
10	14	2064
10	15	-11376
10	16	4704
10	17	-456
10	18	-3504
10	19	1944
10	20	5616
10	21	-6576
10	22	-2544
10	23	-216
10	24	-5736
10	25	-1776
10	26	3504
10	27	-4104
10	28	-2736
10	29	744
11	12	-8976
11	13	-3024
11	14	-5064
11	15	1176
11	16	3096
11	17	11856
11	18	-696
11	19	2256
11	20	-6216
11	21	-3624
11	22	-5256
11	23	-2784
11	24	-864
11	25	2376
11	26	696
11	27	10704
11	28	3336
11	29	3456
12	13	-504
12	14	4656
12	15	96
12	16	5616
12	17	-3624
12	18	-6816
12	19	4776
12	20	2064
12	21	6096
12	22	3024
12	23	-264
12	24	1656
12	25	1296
12	26	-384
12	27	-6216
12	28	-1344
12	29	-4824
13	14	-7056
13	15	1104
13	16	-816
13	17	-2376
13	18	5616
13	19	-3576
13	20	3936
13	21	2304
13	22	-4224
13	23	1464
13	24	3144
13	25	7104
13	26	-5616
13	27	5016
13	28	-1056
13	29	6024
14	15	-7656
14	16	4824
14	17	-3936
14	18	-3624
14	19	-5136
14	20	-1704
14	21	744
14	22	936
14	23	-3696
14	24	1584
14	25	1944
14	26	24
14	27	-4224
14	28	-9816
14	29	-6336
15	16	-5016
15	17	4224
15	18	2616
15	19	-576
15	20	-6264
15	21	1704
15	22	7176
15	23	864
15	24	-1056
15	25	2904
15	26	-2616
15	27	-1584
15	28	5544
15	29	-1776
16	17	2304
16	18	-2664
16	19	8304
16	20	2856
16	21	-216
16	22	1896
16	23	-8256
16	24	624
16	25	-2616
16	26	2664
16	27	3936
16	28	-3576
16	29	3504
17	18	2496
17	19	-456
17	20	-9984
17	21	1824
17	22	-144
17	23	-6216
17	24	-4536
17	25	-576
17	26	-6096
17	27	5496
17	28	2064
17	29	1944
18	19	-3504
18	20	-456
18	21	1416
18	22	-3096
18	23	9456
18	24	4176
18	25	-3384
18	26	-5064
18	27	5664
18	28	-2424
18	29	4896
19	20	9216
19	21	-2976
19	22	-6144
19	23	-3816
19	24	-2136
19	25	-1776
19	26	-96
19	27	6696
19	28	-2736
19	29	7944
20	21	3336
20	22	-8616
20	23	4176
20	24	2496
20	25	2136
20	26	4056
20	27	144
20	28	-4104
20	29	3216
21	22	2376
21	23	2064
21	24	3744
21	25	4104
21	26	-1416
21	27	-2784
21	28	-4056
21	29	-7776
22	23	-3984
22	24	1536
22	25	-6024
22	26	6696
22	27	-9696
22	28	5736
22	29	-1344
23	24	2904
23	25	-3936
23	26	1344
23	27	-1944
23	28	2304
23	29	-1416
24	25	-5856
24	26	-576
24	27	7176
24	28	384
24	29	264
25	26	-216
25	27	-384
25	28	-6456
25	29	-2976
26	27	-5664
26	28	6024
26	29	2304
27	28	-3024
27	29	11496
28	29	3264
