0	1	-144
0	2	-2304
0	3	-456
0	4	816
0	5	-576
0	6	3504
0	7	1296
0	8	3504
0	9	-576
0	10	1224
0	11	6816
0	12	-6144
0	13	-4104
0	14	4536
0	15	3264
0	16	-3456
0	17	336
0	18	3576
0	19	5256
0	20	7656
0	21	-336
0	22	2424
0	23	-7656
0	24	1896
0	25	-4584
0	26	1584
0	27	2496
0	28	-9216
0	29	2304
1	2	2184
1	3	4176
1	4	2664
1	5	-2904
1	6	216
1	7	2184
1	8	3816
1	9	696
1	10	-1104
1	11	-3336
1	12	-1176
1	13	3984
1	14	-1056
1	15	456
1	16	10776
1	17	3144
1	18	-3696
1	19	5424
1	20	-7776
1	21	456
1	22	-2304
1	23	4176
1	24	5184
1	25	-6336
1	26	2136
1	27	4584
1	28	2136
1	29	5016
2	3	2016
2	4	-5976
2	5	9336
2	6	-5544
2	7	-6456
2	8	8856
2	9	-5064
2	10	3936
2	11	2424
2	12	-2616
2	13	2544
2	14	-2496
2	15	-1704
2	16	-5784
2	17	-5496
2	18	-5136
2	19	384
2	20	-2016
2	21	-5304
2	22	-864
2	23	-1584
2	24	144
2	25	3024
2	26	-3624
2	27	-4056
2	28	-24
2	29	6456
3	4	5136
3	5	5904
3	6	2784
3	7	2016
3	8	-4416
3	9	-4896
3	10	4104
3	11	3936
3	12	-5424
3	13	-6984
3	14	5256
3	15	-4656
3	16	3024
3	17	8256
3	18	4296
3	19	-4824
3	20	-2424
3	21	-1056
3	22	-5496
3	23	2424
3	24	-4584
3	25	6936
3	26	-2736
3	27	-3984
3	28	864
3	29	-2016
4	5	-5544
4	6	4776
4	7	4824
4	8	-2424
4	9	5256
4	10	-144
4	11	-4296
4	12	-5736
4	13	-7776
4	14	5184
4	15	-2184
4	16	4536
4	17	9384
4	18	2544
4	19	-6336
4	20	-5136
4	21	5016
4	22	-4944
4	23	-5664
4	24	-2976
4	25	3504
4	26	6696
4	27	24
4	28	6696
4	29	-8424
5	6	2664
5	7	2136
5	8	2664
5	9	-5016
5	10	7584
5	11	11256
5	12	1896
5	13	-6864
5	14	-1824
5	15	2424
5	16	-7896
5	17	-2424
5	18	4416
5	19	6096
5	20	4896
5	21	-4776
5	22	-2016
5	23	-1296
5	24	-864
5	25	3456
5	26	-6456
5	27	-3864
5	28	744
5	29	5064
6	7	5256
6	8	-456
6	9	2664
6	10	-2736
6	11	-24
6	12	-2184
6	13	-10944
6	14	1296
6	15	-4296
6	16	-216
6	17	11496
6	18	3936
6	19	2016
6	20	-2784
6	21	-4296
6	22	-1536
6	23	-816
6	24	-1344
6	25	-624
6	26	1224
6	27	6456
6	28	-2376
6	29	-5256
7	8	1656
7	9	5736
7	10	3936
7	11	-1176
7	12	-2616
7	13	-4656
7	14	8304
7	15	5496
7	16	5016
7	17	-1896
7	18	2064
7	19	3984
7	20	1584
7	21	1896
7	22	9936
7	23	-1584
7	24	144
7	25	3024
7	26	-24
7	27	3144
7	28	3576
7	29	-11544
8	9	2664
8	10	864
8	11	-24
8	12	5016
8	13	-144
8	14	4896
8	15	2904
8	16	-7416
8	17	-6504
8	18	-6864
8	19	5616
8	20	816
8	21	-7896
8	22	5664
8	23	-816
8	24	-1344
8	25	-7824
8	26	-5976
8	27	2856
8	28	-2376
8	29	1944
9	10	-3216
9	11	-6744
9	12	5496
9	13	-3264
9	14	1776
9	15	-1176
9	16	-696
9	17	1176
9	18	-6384
9	19	6096
9	20	-2304
9	21	2424
9	22	8784
9	23	-4896
9	24	-864
9	25	-144
9	26	4344
9	27	3336
9	28	-2856
9	29	-12936
10	11	5856
10	12	3696
10	13	-1464
10	14	7176
10	15	-2976
10	16	1104
10	17	-4224
10	18	-984
10	19	696
10	20	3096
10	21	-2976
10	22	-216
10	23	504
10	24	936
10	25	1656
10	26	-1056
10	27	5136
10	28	2544
10	29	3264
11	12	-936
11	13	-6576
11	14	-4416
11	15	3816
11	16	-3864
11	17	-3816
11	18	3744
11	19	2064
11	20	3264
11	21	-3384
11	22	-2544
11	23	-3264
11	24	-1776
11	25	1104
11	26	-8904
11	27	1224
11	28	-5304
11	29	8376
12	13	-816
12	14	4944
12	15	-1944
12	16	-6024
12	17	-8856
12	18	-4896
12	19	4224
12	20	-1776
12	21	-1944
12	22	6096
12	23	8976
12	24	3984
12	25	-7536
12	26	-3864
12	27	3384
12	28	-3864
12	29	2616
13	14	-7896
13	15	3696
13	16	6816
13	17	-7296
13	18	-3336
13	19	-5016
13	20	3384
13	21	3696
13	22	936
13	23	216
13	24	1944
13	25	-2376
13	26	1776
13	27	1344
13	28	1776
13	29	4656
14	15	-2064
14	16	-2544
14	17	-1536
14	18	-1176
14	19	744
14	20	-1656
14	21	-2064
14	22	5976
14	23	5256
14	24	4104
14	25	-216
14	26	3216
14	27	-96
14	28	3216
14	29	-8304
15	16	-456
15	17	-9864
15	18	4176
15	19	2256
15	20	11856
15	21	6264
15	22	1824
15	23	-4656
15	24	6096
15	25	-3984
15	26	-6216
15	27	-4104
15	28	-2616
15	29	1704
16	17	4056
16	18	-3504
16	19	-1824
16	20	-3024
16	21	3144
16	22	-1296
16	23	-576
16	24	5616
16	25	-864
16	26	5064
16	27	6216
16	28	5064
16	29	-1416
17	18	3024
17	19	-2256
17	20	-4656
17	21	-2664
17	22	-9024
17	23	1056
17	24	-6096
17	25	3984
17	26	9816
17	27	504
17	28	2616
17	29	-5304
18	19	-5496
18	20	2904
18	21	576
18	22	-2184
18	23	696
18	24	-5736
18	25	4344
18	26	2256
18	27	-2736
18	28	-1344
18	29	1536
19	20	4824
19	21	-1344
19	22	3096
19	23	-1224
19	24	6984
19	25	-8136
19	26	-3264
19	27	-816
19	28	336
19	29	3216
20	21	4656
20	22	1896
20	23	-9624
20	24	984
20	25	-3336
20	26	-4464
20	27	-6816
20	28	-4464
20	29	2016
21	22	-1776
21	23	-4656
21	24	9696
21	25	-384
21	26	984
21	27	-4104
21	28	984
21	29	-1896
22	23	-1896
22	24	-264
22	25	456
22	26	144
22	27	3936
22	28	-7056
22	29	-6336
23	24	2616
23	25	-3864
23	26	864
23	27	3216
23	28	864
23	29	1584
24	25	-8376
24	26	576
24	27	2544
24	28	576
24	29	3456
25	26	4896
25	27	-8976
25	28	4896
25	29	-6624
26	27	1176
26	28	2904
26	29	-7176
27	28	-6024
27	29	456
28	29	-3576
