0	1	-7.1121136e-02
0	2	-9.1249591e-02
0	3	-2.7062368e-01
0	4	3.4677562e-02
0	5	-8.8030407e-02
0	6	-3.8807667e-02
0	7	1.0514491e-01
0	8	-4.3441612e-02
0	9	-1.6849049e-01
0	10	-6.2801347e-02
0	11	2.9644650e-02
0	12	5.1673326e-02
0	13	1.5119078e-01
0	14	6.3256064e-02
0	15	2.9563702e-01
0	16	-2.3420988e-01
0	17	-2.7290707e-01
0	18	1.1878741e-01
0	19	-1.7251583e-01
0	20	4.1277287e-01
0	21	2.6018332e-01
0	22	-2.3907519e-01
0	23	-3.2441538e-02
0	24	6.9757959e-02
1	2	2.0610373e-02
1	3	1.3019523e-01
1	4	4.0829453e-02
1	5	1.1053260e-01
1	6	-8.5129436e-02
1	7	-2.8538506e-01
1	8	-3.3306781e-01
1	9	-4.4117278e-01
1	10	1.5207509e-01
1	11	1.8119047e-01
1	12	-1.2338607e-01
1	13	3.5418823e-01
1	14	1.5331583e-01
1	15	9.9833603e-02
1	16	2.7986883e-01
1	17	2.6048790e-01
1	18	-9.6245503e-02
1	19	-5.0891453e-02
1	20	-7.2291737e-02
1	21	-2.2051337e-01
1	22	4.1098611e-01
1	23	6.3543027e-01
1	24	2.9693388e-01
2	3	3.3280347e-01
2	4	-1.0589328e-01
2	5	8.9223190e-02
2	6	2.1717451e-01
2	7	-2.2627253e-01
2	8	-6.9707474e-03
2	9	-1.5740053e-02
2	10	-1.3443420e-01
2	11	-2.0307501e-01
2	12	9.9378866e-02
2	13	1.5378675e-02
2	14	8.1337275e-02
2	15	1.5487027e-02
2	16	9.4247914e-02
2	17	1.0194363e-01
2	18	2.1271716e-02
2	19	-1.3236895e-01
2	20	-1.7112218e-01
2	21	-1.7436344e-02
2	22	4.0468431e-01
2	23	2.3440365e-02
2	24	3.2430753e-01
3	4	-3.3837972e-01
3	5	7.6894618e-02
3	6	-5.0118456e-02
3	7	7.1334983e-02
3	8	6.9272761e-02
3	9	8.9264420e-02
3	10	-3.4542463e-01
3	11	-1.8531335e-01
3	12	-2.0590214e-01
3	13	2.0969176e-01
3	14	4.6169336e-01
3	15	-1.1975567e-01
3	16	5.8444456e-01
3	17	-1.4383583e-01
3	18	-1.0411187e-01
3	19	-3.3481161e-01
3	20	-3.3232621e-01
3	21	-2.3665395e-01
3	22	3.6068784e-01
3	23	3.1051995e-01
3	24	4.2242323e-01
4	5	-1.6199201e-01
4	6	-1.3935739e-02
4	7	1.7607806e-02
4	8	-1.3539719e-01
4	9	-5.9704779e-02
4	10	3.1001646e-01
4	11	5.8609715e-02
4	12	-3.9966332e-02
4	13	-2.7807526e-01
4	14	-2.1476282e-01
4	15	1.2225885e-01
4	16	6.5076929e-03
4	17	2.0615689e-03
4	18	4.6644464e-02
4	19	2.0816802e-01
4	20	-6.6379578e-02
4	21	1.9781651e-01
4	22	1.0006239e-01
4	23	2.2278215e-01
4	24	4.3749428e-03
5	6	4.6552417e-02
5	7	-2.0990533e-01
5	8	1.1594389e-01
5	9	3.4134153e-01
5	10	-4.3116424e-02
5	11	-2.4142405e-01
5	12	2.4769421e-02
5	13	3.2534003e-01
5	14	3.1722240e-01
5	15	2.5669116e-01
5	16	2.6720213e-02
5	17	1.6797861e-01
5	18	-1.6094186e-01
5	19	2.9874114e-01
5	20	-1.4562302e-01
5	21	6.9775245e-02
5	22	-2.8250931e-02
5	23	-2.4270407e-01
5	24	1.7005475e-01
6	7	-1.4360028e-01
6	8	-1.4031545e-01
6	9	8.3002632e-02
6	10	1.3148481e-01
6	11	1.0449181e-01
6	12	1.0671486e-01
6	13	7.7831999e-02
6	14	-1.4037377e-01
6	15	-1.9634599e-02
6	16	-2.3659358e-01
6	17	1.8580211e-02
6	18	-2.3280293e-02
6	19	-7.1495394e-02
6	20	-3.4354754e-01
6	21	-9.2586807e-02
6	22	4.9196398e-02
6	23	-2.7900100e-01
6	24	-1.9637362e-03
7	8	-8.5235093e-03
7	9	-1.2890792e-02
7	10	-1.9115483e-01
7	11	1.0060542e-01
7	12	-2.0532539e-01
7	13	-1.2436263e-01
7	14	-4.2075104e-02
7	15	-2.7650909e-01
7	16	-9.3662963e-02
7	17	-1.6073063e-01
7	18	-7.5183824e-02
7	19	8.5936667e-02
7	20	4.0863073e-02
7	21	2.7400708e-02
7	22	-3.9208322e-01
7	23	-2.5158889e-02
7	24	-2.2642958e-01
8	9	6.8336427e-02
8	10	-1.4038306e-01
8	11	-2.6888847e-01
8	12	2.5129223e-01
8	13	-1.6661136e-01
8	14	1.7323446e-01
8	15	1.1271020e-01
8	16	5.6715665e-02
8	17	-6.3191455e-02
8	18	1.9049294e-02
8	19	-5.0617563e-02
8	20	1.6200060e-01
8	21	3.8745186e-02
8	22	-3.1893052e-02
8	23	-7.0357160e-02
8	24	-2.1919281e-01
9	10	4.3818951e-02
9	11	-9.7569820e-02
9	12	2.2913528e-01
9	13	2.1822514e-02
9	14	1.6915704e-01
9	15	2.9328630e-01
9	16	-1.9631210e-01
9	17	-3.1376461e-02
9	18	-2.0535586e-01
9	19	1.0040113e-01
9	20	-2.7911424e-01
9	21	1.3364062e-01
9	22	1.0295407e-01
9	23	-2.8162804e-01
9	24	3.7616617e-02
10	11	2.6909007e-01
10	12	4.1879355e-02
10	13	8.6466213e-02
10	14	-4.5094743e-01
10	15	2.1964555e-01
10	16	3.0218484e-02
10	17	9.2014757e-02
10	18	1.6081476e-01
10	19	-1.3107263e-01
10	20	-3.4974892e-01
10	21	3.0917850e-01
10	22	5.9245033e-02
10	23	-2.2108966e-01
10	24	1.1391452e-01
11	12	-1.4750461e-01
11	13	9.3218342e-02
11	14	-9.2339888e-02
11	15	-7.9760381e-02
11	16	-4.9788077e-01
11	17	-8.1025488e-02
11	18	-2.0230892e-01
11	19	-5.9937398e-02
11	20	-6.0466728e-02
11	21	1.7164818e-01
11	22	-1.2554973e-01
11	23	-1.2774244e-01
11	24	-4.3543539e-01
12	13	8.7677002e-02
12	14	4.8536077e-02
12	15	2.7185754e-01
12	16	-3.6031468e-01
12	17	-2.8493605e-02
12	18	-6.5289587e-02
12	19	2.1517476e-02
12	20	1.4401851e-02
12	21	1.8955693e-01
12	22	3.2267232e-01
12	23	6.0310809e-02
12	24	7.0594515e-03
13	14	2.4899741e-01
13	15	2.0401854e-01
13	16	4.6550442e-02
13	17	-4.4602826e-02
13	18	-9.1734646e-02
13	19	-1.1255811e-01
13	20	-1.4356247e-02
13	21	1.3192319e-01
13	22	3.4777731e-02
13	23	-1.2766053e-01
13	24	3.7110859e-01
14	15	2.5861973e-01
14	16	1.5667433e-01
14	17	-1.6706427e-01
14	18	-2.4515208e-01
14	19	8.4148432e-02
14	20	1.8055019e-01
14	21	-2.8746686e-02
14	22	1.6060420e-01
14	23	1.3402435e-01
14	24	1.6686276e-01
15	16	-1.4176467e-02
15	17	-3.7674841e-02
15	18	2.0626936e-01
15	19	-3.5202117e-02
15	20	3.3342785e-01
15	21	2.7362071e-01
15	22	3.4402437e-01
15	23	1.1542366e-01
15	24	4.1572247e-02
16	17	2.8188305e-02
16	18	6.5451351e-02
16	19	-3.7945717e-01
16	20	2.9499289e-01
16	21	-1.2213735e-01
16	22	2.8523769e-01
16	23	4.8697834e-02
16	24	5.2727484e-01
17	18	1.0761500e-03
17	19	2.0317996e-01
17	20	-9.5544472e-03
17	21	-1.9815440e-01
17	22	5.4641564e-02
17	23	1.0169623e-01
17	24	-2.6343138e-01
18	19	-1.0615786e-01
18	20	1.9226536e-01
18	21	-6.4891070e-02
18	22	-6.3504546e-03
18	23	-5.4719402e-02
18	24	-3.6741112e-02
19	20	-1.0556371e-01
19	21	2.0606732e-01
19	22	-3.1516092e-01
19	23	-1.3271940e-01
19	24	-2.3325464e-01
20	21	1.3429502e-01
20	22	-1.0363619e-01
20	23	2.9589545e-02
20	24	-3.0485410e-01
21	22	2.3187869e-02
21	23	-2.7394497e-01
21	24	1.8539331e-01
22	23	7.5590767e-01
22	24	4.6454007e-01
23	24	1.0603407e-01
