0	1	-5.6461549e-02
0	2	5.4131245e-03
0	3	2.3985878e-01
0	4	1.9237230e-01
0	5	-2.2742158e-01
0	6	-3.7038263e-01
0	7	5.4376487e-02
0	8	-3.4373413e-02
0	9	1.5743634e-01
0	10	-4.9373514e-02
0	11	-1.5242377e-01
0	12	-4.8557979e-02
0	13	4.2895324e-02
0	14	1.0858161e-01
0	15	1.6455605e-03
0	16	-4.0690469e-02
0	17	-1.1737056e-01
0	18	-1.1051341e-01
0	19	-1.0884790e-01
0	20	1.3665961e-01
0	21	-1.8777052e-01
0	22	2.2643737e-01
0	23	6.6294491e-02
0	24	2.2509978e-01
1	2	-2.0175436e-02
1	3	6.1882045e-02
1	4	-3.5469982e-01
1	5	-9.9493015e-02
1	6	-1.2177229e-01
1	7	1.8965974e-02
1	8	1.9862779e-01
1	9	-1.3614888e-01
1	10	-4.1858221e-01
1	11	-1.3388182e-01
1	12	1.8837868e-01
1	13	1.1077862e-01
1	14	-4.0000107e-02
1	15	-4.4045547e-03
1	16	2.0152092e-01
1	17	2.5964900e-01
1	18	-1.9345469e-01
1	19	-2.2130152e-01
1	20	-2.6505727e-01
1	21	-1.6362791e-01
1	22	2.6366780e-02
1	23	-1.0477991e-01
1	24	-1.8748614e-02
2	3	5.0503243e-02
2	4	7.6152960e-02
2	5	-9.5307666e-02
2	6	-1.1327581e-01
2	7	6.7484893e-02
2	8	-1.0647378e-01
2	9	1.2166339e-01
2	10	2.0121024e-01
2	11	2.4929039e-01
2	12	-3.4418194e-01
2	13	1.1866196e-03
2	14	-1.1577630e-02
2	15	3.7397143e-01
2	16	1.5364263e-01
2	17	-2.6170961e-01
2	18	-9.6035536e-02
2	19	-3.7835735e-02
2	20	8.6973913e-02
2	21	-1.8292027e-01
2	22	3.0958055e-01
2	23	1.5294640e-01
2	24	-4.0564833e-02
3	4	6.1489164e-02
3	5	5.6615099e-02
3	6	-1.9099454e-01
3	7	-6.0253167e-02
3	8	1.0364004e-01
3	9	4.2463445e-01
3	10	-1.0999593e-01
3	11	-1.6096826e-01
3	12	2.1206157e-01
3	13	-3.1784273e-02
3	14	1.0111564e-01
3	15	1.4283907e-01
3	16	2.9040408e-01
3	17	-2.1472206e-01
3	18	1.3122062e-01
3	19	7.6906740e-02
3	20	1.4531106e-01
3	21	2.3740499e-01
3	22	1.5901768e-01
3	23	9.2835466e-03
3	24	-1.6586923e-02
4	5	1.4004519e-01
4	6	-2.0736426e-01
4	7	4.1095347e-01
4	8	-2.2583201e-01
4	9	-9.4786224e-02
4	10	5.5626173e-01
4	11	1.1759333e-01
4	12	-5.5270742e-01
4	13	6.2039364e-02
4	14	1.6532172e-01
4	15	-6.4915368e-02
4	16	5.1393985e-04
4	17	3.3117023e-02
4	18	7.4766818e-03
4	19	-7.3966806e-02
4	20	-2.1131862e-01
4	21	-1.3321929e-01
4	22	2.8695422e-01
4	23	8.3227000e-02
4	24	1.4398022e-01
5	6	3.4728516e-02
5	7	-9.6220095e-02
5	8	-2.3342732e-01
5	9	-3.6427920e-03
5	10	-1.3406947e-01
5	11	-1.9888415e-01
5	12	1.8253425e-03
5	13	1.1323938e-01
5	14	2.8313683e-02
5	15	1.6383786e-01
5	16	3.4646454e-01
5	17	2.6876092e-01
5	18	3.1650505e-01
5	19	-1.0286411e-01
5	20	-1.3617187e-02
5	21	4.7219562e-01
5	22	-1.1749549e-01
5	23	-8.0687711e-02
5	24	-3.9614059e-01
6	7	-4.9550370e-02
6	8	-8.3344147e-02
6	9	2.4500515e-01
6	10	-3.1903600e-01
6	11	5.4086427e-02
6	12	3.1372364e-01
6	13	1.5889843e-01
6	14	9.3991416e-03
6	15	-1.4067201e-01
6	16	9.2957935e-02
6	17	-1.2427245e-01
6	18	-4.4024712e-02
6	19	1.2707765e-01
6	20	3.3475673e-01
6	21	4.2476011e-02
6	22	-3.9534812e-01
6	23	-1.2816784e-02
6	24	-1.9917235e-01
7	8	6.4717882e-02
7	9	-8.8708392e-02
7	10	2.6001182e-01
7	11	1.6527585e-01
7	12	-4.1731659e-01
7	13	3.0028659e-01
7	14	-4.4723373e-02
7	15	-2.9064818e-02
7	16	1.7406419e-01
7	17	1.2634247e-01
7	18	-1.1898164e-01
7	19	2.9440246e-02
7	20	-3.5903776e-01
7	21	-1.5216919e-01
7	22	2.1118661e-01
7	23	1.6156295e-01
7	24	1.5897613e-01
8	9	3.6206781e-02
8	10	1.5611737e-01
8	11	2.3846357e-01
8	12	4.1709934e-02
8	13	1.2771781e-01
8	14	-5.3855255e-02
8	15	2.8706050e-01
8	16	-7.3470925e-02
8	17	1.4045631e-01
8	18	-3.5260205e-01
8	19	-1.3923103e-01
8	20	-4.3537170e-01
8	21	7.3433925e-02
8	22	-5.8041874e-02
8	23	-2.5166347e-01
8	24	2.6615547e-01
9	10	-2.2517358e-01
9	11	-6.3692120e-02
9	12	1.9510490e-01
9	13	4.2463403e-01
9	14	-8.4281224e-03
9	15	4.1789091e-02
9	16	3.2470739e-01
9	17	-5.2902216e-01
9	18	4.7561974e-02
9	19	7.8114441e-02
9	20	1.6075019e-01
9	21	-1.4657811e-01
9	22	2.8629339e-02
9	23	-1.4282391e-01
9	24	-6.1756210e-03
10	11	3.1546670e-01
10	12	-4.3120207e-01
10	13	1.2308684e-02
10	14	8.0085426e-02
10	15	-1.7217833e-02
10	16	-4.4284817e-01
10	17	-7.9174529e-02
10	18	-1.5132402e-01
10	19	-1.0631980e-01
10	20	-2.7679064e-01
10	21	-7.9668681e-02
10	22	7.4373421e-02
10	23	-1.6615333e-01
10	24	2.3007186e-01
11	12	-3.5338521e-01
11	13	4.1466217e-02
11	14	4.5684552e-02
11	15	1.5874822e-01
11	16	4.6252769e-02
11	17	-2.9121234e-01
11	18	-2.0010100e-01
11	19	3.0983981e-01
11	20	-4.0046456e-02
11	21	-1.7356591e-01
11	22	2.0481789e-01
11	23	1.5472641e-02
11	24	-5.4599807e-02
12	13	9.6824972e-02
12	14	7.7639228e-02
12	15	-1.5351074e-01
12	16	-2.0238015e-01
12	17	-2.1334040e-01
12	18	-3.0087027e-02
12	19	1.4153772e-01
12	20	4.3648357e-01
12	21	9.3489938e-02
12	22	-5.3491788e-01
12	23	-3.5731245e-01
12	24	4.8014989e-03
13	14	-1.3335201e-01
13	15	-1.3133661e-01
13	16	3.3389936e-01
13	17	-4.2887172e-01
13	18	-2.0582500e-01
13	19	6.5882337e-03
13	20	-3.1446917e-01
13	21	-1.7498931e-01
13	22	-3.1937840e-02
13	23	-2.4628936e-01
13	24	3.5696473e-01
14	15	3.2780607e-02
14	16	-1.5967451e-01
14	17	1.0003189e-01
14	18	-2.8388504e-02
14	19	-5.2500106e-02
14	20	2.5597440e-01
14	21	-1.0827050e-01
14	22	-2.6445332e-02
14	23	-1.2649021e-01
14	24	-1.2812120e-01
15	16	1.9165055e-01
15	17	3.1116320e-01
15	18	-2.3885726e-01
15	19	-2.8772178e-01
15	20	-5.9073193e-02
15	21	1.3988224e-01
15	22	4.3688184e-03
15	23	-2.2148712e-02
15	24	-1.6317745e-01
16	17	-2.1809680e-01
16	18	1.1270442e-01
16	19	-1.5626052e-02
16	20	-1.4531051e-01
16	21	8.5092662e-02
16	22	3.7049090e-01
16	23	2.8394303e-01
16	24	1.3230976e-02
17	18	7.6344202e-02
17	19	-5.1252537e-01
17	20	-4.0152006e-01
17	21	2.6668935e-01
17	22	-2.2028703e-01
17	23	-1.0658897e-01
17	24	-3.0729542e-01
18	19	3.3214342e-01
18	20	1.3129619e-01
18	21	2.0406792e-01
18	22	1.6712473e-01
18	23	1.0415149e-01
18	24	-2.8447326e-01
19	20	1.8141860e-01
19	21	-2.5802009e-02
19	22	4.6691756e-01
19	23	2.2768841e-01
19	24	-2.2937603e-01
20	21	1.7235196e-01
20	22	-2.7998911e-01
20	23	2.8656950e-01
20	24	-4.9381555e-01
21	22	-2.9727550e-01
21	23	1.6090140e-01
21	24	-5.0727820e-01
22	23	3.2149601e-01
22	24	-2.9459184e-02
23	24	-1.6376913e-01
