0	1	-5.9100193e-02
0	2	-1.3420318e-01
0	3	4.7455924e-01
0	4	-1.3571169e-01
0	5	-2.3573192e-01
0	6	1.8140105e-01
0	7	1.4651262e-01
0	8	1.1702416e-02
0	9	-2.0423132e-01
0	10	-5.0767565e-01
0	11	-1.3146519e-02
0	12	3.4092477e-01
0	13	-2.1338251e-01
0	14	-3.9405562e-01
0	15	-9.3999580e-02
0	16	2.9707877e-01
0	17	1.0931549e-01
0	18	-1.0550002e-01
0	19	-2.5476220e-01
0	20	1.1424970e-01
0	21	-3.9277533e-01
0	22	-3.0240561e-01
0	23	1.2250434e-01
0	24	-1.8123093e-01
1	2	3.0393437e-01
1	3	-1.3263446e-01
1	4	-8.9020398e-02
1	5	-7.2706787e-02
1	6	-4.8791649e-01
1	7	5.4947823e-02
1	8	-1.6261084e-01
1	9	5.8417079e-01
1	10	-3.1824144e-01
1	11	-1.8885762e-01
1	12	-2.1289463e-01
1	13	-5.3977548e-01
1	14	2.7523560e-01
1	15	2.6648998e-01
1	16	-2.9499229e-01
1	17	4.2557699e-02
1	18	-1.1167557e-01
1	19	-6.2006712e-03
1	20	-1.3618968e-02
1	21	-2.9544959e-01
1	22	-2.8612304e-01
1	23	1.2795231e-01
1	24	1.2522972e-01
2	3	-1.6164088e-02
2	4	1.1544676e-01
2	5	-1.9746613e-01
2	6	-3.2641506e-01
2	7	2.0529982e-01
2	8	3.1609553e-02
2	9	2.2701425e-01
2	10	9.1890513e-02
2	11	9.9607650e-02
2	12	5.1207618e-02
2	13	-2.9051064e-02
2	14	1.0733910e-01
2	15	-1.5722411e-01
2	16	1.9769944e-02
2	17	7.5256822e-02
2	18	-1.9816850e-02
2	19	2.3721505e-01
2	20	5.3031372e-02
2	21	-1.4061076e-01
2	22	5.1189202e-02
2	23	5.7034402e-01
2	24	2.2043865e-01
3	4	1.3903005e-01
3	5	-1.4058056e-01
3	6	1.7588692e-01
3	7	9.9203721e-02
3	8	-9.5572461e-02
3	9	-2.8606348e-01
3	10	2.2430666e-02
3	11	1.1098731e-01
3	12	1.7131170e-01
3	13	3.7606996e-02
3	14	-2.0084913e-01
3	15	-3.6134389e-01
3	16	1.5587665e-01
3	17	-1.6554033e-01
3	18	-6.2115190e-02
3	19	2.4090559e-01
3	20	-2.9454554e-02
3	21	-1.4201357e-01
3	22	7.7876514e-02
3	23	1.0742498e-02
3	24	5.3541563e-02
4	5	-3.3351767e-01
4	6	-1.9858986e-01
4	7	3.2175217e-01
4	8	-3.6233893e-01
4	9	-1.5572994e-01
4	10	-2.9680211e-02
4	11	3.6594786e-01
4	12	-1.2992011e-01
4	13	2.7231277e-01
4	14	1.4475928e-01
4	15	-2.3207369e-01
4	16	1.8608079e-01
4	17	4.5535896e-02
4	18	-1.9430060e-02
4	19	-2.1542888e-01
4	20	-7.5646575e-02
4	21	5.3453148e-03
4	22	1.7995132e-01
4	23	9.7824104e-02
4	24	2.2762786e-01
5	6	1.8582616e-01
5	7	-2.1447521e-01
5	8	1.3114672e-01
5	9	-1.5092526e-02
5	10	-2.5792845e-01
5	11	-1.3198878e-01
5	12	-1.2851952e-02
5	13	4.7952532e-01
5	14	-1.9296214e-01
5	15	-1.2488363e-01
5	16	-1.1874484e-01
5	17	-8.3817697e-02
5	18	2.0030272e-01
5	19	7.4790509e-02
5	20	1.3280609e-01
5	21	1.5874897e-01
5	22	3.3618248e-02
5	23	-4.3248253e-01
5	24	-1.3861871e-01
6	7	-7.3465184e-02
6	8	1.2137451e-01
6	9	-1.1157831e-01
6	10	8.6421763e-02
6	11	-1.8803440e-01
6	12	2.0112843e-01
6	13	1.1065908e-01
6	14	-4.4163331e-01
6	15	-2.1685721e-03
6	16	9.5700332e-02
6	17	3.7533978e-02
6	18	-2.3034149e-01
6	19	-4.6267256e-03
6	20	1.1195543e-01
6	21	-6.6128128e-02
6	22	9.0602627e-02
6	23	-2.1643565e-01
6	24	1.0690326e-01
7	8	-2.4659092e-02
7	9	1.5614174e-01
7	10	-2.0989862e-01
7	11	2.2147279e-01
7	12	1.1587111e-01
7	13	1.2714900e-01
7	14	-1.6555309e-01
7	15	-2.5680238e-01
7	16	1.1684288e-01
7	17	-2.1305402e-01
7	18	4.1932027e-02
7	19	5.1587646e-03
7	20	-7.4320387e-02
7	21	-2.6618636e-01
7	22	1.0105161e-01
7	23	4.0326637e-01
7	24	2.0831857e-01
8	9	9.7300310e-02
8	10	-3.4531879e-02
8	11	3.2383261e-02
8	12	2.0326729e-01
8	13	-1.7333620e-01
8	14	2.2408018e-02
8	15	-2.7283588e-01
8	16	7.0046745e-02
8	17	-1.3129656e-01
8	18	2.9717213e-01
8	19	1.0181436e-01
8	20	2.8502146e-01
8	21	8.2316309e-03
8	22	-4.9510312e-02
8	23	1.3262578e-01
8	24	-9.6616502e-03
9	10	-4.7164241e-02
9	11	-2.5420043e-01
9	12	2.6073007e-01
9	13	-1.9224716e-01
9	14	2.4291701e-02
9	15	-1.3118560e-01
9	16	-5.2358660e-01
9	17	1.9041815e-01
9	18	2.0487381e-01
9	19	1.7958056e-02
9	20	4.8626360e-02
9	21	-3.5559063e-01
9	22	-1.3710018e-01
9	23	2.3930821e-01
9	24	1.5876829e-01
10	11	-1.5367269e-01
10	12	-2.2660769e-02
10	13	-6.6166195e-02
10	14	-2.5851400e-02
10	15	2.1318339e-01
10	16	3.6627580e-03
10	17	1.8526280e-02
10	18	-8.8570881e-02
10	19	2.9568949e-01
10	20	-2.0879015e-01
10	21	3.9412198e-01
10	22	3.0344713e-01
10	23	2.2669414e-01
10	24	9.4853175e-02
11	12	-1.4391835e-01
11	13	-5.9478170e-02
11	14	-8.3207474e-02
11	15	2.4339602e-01
11	16	2.7126898e-01
11	17	-1.2767905e-01
11	18	-9.8785692e-02
11	19	-2.3702911e-01
11	20	-3.2890890e-01
11	21	2.1199229e-02
11	22	2.5733900e-01
11	23	2.0144736e-01
11	24	-1.6644579e-01
12	13	3.2666458e-01
12	14	-2.6968175e-01
12	15	-8.2784119e-01
12	16	-4.4465219e-01
12	17	7.3773339e-02
12	18	8.6571022e-02
12	19	-6.8938021e-02
12	20	2.4922020e-01
12	21	-3.0854712e-01
12	22	-6.2490475e-02
12	23	-1.9304732e-01
12	24	3.6048212e-01
13	14	-1.8904807e-01
13	15	-5.9030699e-01
13	16	-9.1296461e-02
13	17	-3.5884729e-04
13	18	1.7602693e-01
13	19	3.8893927e-02
13	20	6.2849311e-02
13	21	4.4705841e-02
13	22	2.1551783e-01
13	23	-3.6672603e-01
13	24	2.1683578e-01
14	15	1.2741715e-01
14	16	-1.0049634e-01
14	17	-3.4893277e-02
14	18	1.4690871e-02
14	19	-4.2552611e-02
14	20	-2.6085046e-02
14	21	1.6932858e-01
14	22	5.4273564e-03
14	23	1.4670410e-01
14	24	2.4802177e-02
15	16	2.7002103e-01
15	17	5.0582802e-02
15	18	-6.2080589e-01
15	19	-2.4060369e-01
15	20	-4.3752193e-01
15	21	2.7014431e-01
15	22	1.1258041e-01
15	23	1.9112296e-01
15	24	-3.4557893e-01
16	17	-9.8667123e-02
16	18	1.5214278e-02
16	19	-1.7067334e-01
16	20	-1.2535038e-01
16	21	1.1228545e-01
16	22	5.7332166e-02
16	23	1.6665634e-01
16	24	-2.5478866e-01
17	18	-2.4408369e-02
17	19	-1.8151890e-01
17	20	4.4551640e-02
17	21	-7.1278123e-02
17	22	-1.9957105e-01
17	23	-3.0056947e-02
17	24	-1.0531770e-01
18	19	1.1482038e-02
18	20	2.0733550e-01
18	21	4.1370589e-02
18	22	-2.6713382e-02
18	23	-6.0080141e-02
18	24	-1.4139754e-01
19	20	2.8050715e-02
19	21	3.2975040e-02
19	22	-5.7856561e-02
19	23	4.4764832e-01
19	24	3.3385669e-02
20	21	-2.1051905e-03
20	22	-6.0851327e-02
20	23	-8.9405854e-02
20	24	1.7611784e-01
21	22	2.1151178e-01
21	23	-5.6198873e-02
21	24	-1.2975695e-01
22	23	9.4190158e-02
22	24	1.1263553e-01
23	24	1.6823800e-02
