0	1	-3.2310067e-01
0	2	-2.1358906e-01
0	3	1.5400622e-01
0	4	-4.9381670e-01
0	5	-2.6247988e-02
0	6	-1.2627956e-01
0	7	-1.1636544e-01
0	8	1.9564501e-01
0	9	-1.0809129e-01
0	10	1.8580567e-01
0	11	-1.0827465e-01
0	12	-1.6800255e-01
0	13	-2.8546702e-01
0	14	-2.9941110e-01
0	15	6.3518964e-02
0	16	7.8284765e-02
0	17	2.5541926e-01
0	18	-1.9003989e-01
0	19	-2.6114109e-01
0	20	-7.9536971e-02
0	21	-2.3477209e-01
0	22	-1.4084571e-01
0	23	-3.5521152e-01
0	24	1.5514126e-01
1	2	3.1706495e-01
1	3	-1.4003270e-01
1	4	1.3249695e-01
1	5	-4.7697230e-02
1	6	8.7608444e-02
1	7	-1.7007072e-01
1	8	3.3578907e-01
1	9	6.4795974e-03
1	10	5.4484785e-02
1	11	4.0404972e-03
1	12	-1.2467131e-01
1	13	-2.2303643e-02
1	14	-1.6239388e-01
1	15	-1.9725576e-01
1	16	7.9343763e-02
1	17	8.6582052e-02
1	18	-2.4208187e-01
1	19	3.6879971e-01
1	20	-2.7412655e-02
1	21	-2.1842971e-01
1	22	5.2273848e-01
1	23	-3.2066060e-02
1	24	9.3692479e-02
2	3	-2.7702433e-01
2	4	-4.7486297e-02
2	5	2.7236070e-01
2	6	6.6764688e-02
2	7	-8.4035737e-02
2	8	2.2733296e-01
2	9	-2.0799250e-01
2	10	-2.9014708e-01
2	11	7.7926361e-02
2	12	-1.1541072e-01
2	13	-1.1000198e-01
2	14	-5.4298996e-01
2	15	-2.8643509e-01
2	16	1.0368812e-01
2	17	1.2728911e-01
2	18	1.2281907e-02
2	19	-1.7930845e-01
2	20	-1.3102693e-01
2	21	6.2613795e-01
2	22	1.7218002e-01
2	23	1.2250964e-01
2	24	-7.8949479e-04
3	4	-1.4825632e-02
3	5	-2.6402129e-02
3	6	5.5393539e-04
3	7	-2.1693134e-02
3	8	-3.0534601e-01
3	9	-1.1690130e-01
3	10	1.3413188e-02
3	11	4.0073860e-02
3	12	-1.2884848e-01
3	13	2.1019724e-01
3	14	1.4083740e-01
3	15	-1.0760314e-01
3	16	1.3961947e-01
3	17	-2.2416498e-01
3	18	-1.6295266e-01
3	19	1.6984342e-01
3	20	-3.8669243e-01
3	21	-1.3073022e-01
3	22	-2.2020547e-01
3	23	-2.4852863e-01
3	24	2.1811640e-01
4	5	1.1511427e-01
4	6	3.1650087e-01
4	7	1.7294155e-01
4	8	5.1607183e-02
4	9	2.1676360e-01
4	10	4.3771059e-02
4	11	2.2663987e-01
4	12	8.3018471e-02
4	13	2.5612368e-01
4	14	1.6735072e-01
4	15	4.8068157e-02
4	16	1.8155501e-01
4	17	-3.6812997e-02
4	18	6.4268461e-02
4	19	1.8861472e-01
4	20	4.1671037e-01
4	21	3.0102213e-01
4	22	1.4566864e-01
4	23	-8.6521453e-02
4	24	1.4943583e-01
5	6	2.2439722e-02
5	7	-4.4847760e-02
5	8	2.1298878e-01
5	9	1.7071005e-03
5	10	-1.3026606e-01
5	11	8.5958512e-02
5	12	-5.7704683e-02
5	13	-7.8344757e-02
5	14	2.6470935e-02
5	15	9.7455458e-02
5	16	9.9713993e-02
5	17	-3.4846276e-02
5	18	9.8439554e-02
5	19	-3.4595959e-01
5	20	-2.0571321e-02
5	21	2.4229172e-01
5	22	5.4966473e-02
5	23	7.1410486e-02
5	24	1.2241549e-01
6	7	1.7724949e-01
6	8	6.3613551e-02
6	9	-2.2394969e-03
6	10	-3.6175832e-01
6	11	9.0800840e-02
6	12	1.3018185e-02
6	13	2.5929714e-01
6	14	1.9809106e-02
6	15	6.7220863e-02
6	16	5.2625268e-02
6	17	9.3709570e-03
6	18	-9.4601282e-02
6	19	3.3269832e-01
6	20	3.0201054e-02
6	21	1.4872747e-01
6	22	1.1066932e-01
6	23	-2.2423791e-01
6	24	8.0595732e-02
7	8	-3.1862462e-02
7	9	1.2917980e-01
7	10	1.1559250e-02
7	11	1.1880845e-02
7	12	-1.5117354e-02
7	13	2.2803701e-01
7	14	2.0607690e-02
7	15	1.5053667e-01
7	16	9.5797506e-03
7	17	3.3625050e-02
7	18	-1.9675354e-02
7	19	7.7631276e-02
7	20	9.2153037e-02
7	21	-5.5304751e-02
7	22	-1.1947400e-02
7	23	2.2562449e-03
7	24	1.1062886e-01
8	9	3.5191261e-01
8	10	2.3373555e-01
8	11	-5.9151519e-02
8	12	-4.3595989e-02
8	13	-2.7702523e-02
8	14	-1.8488593e-01
8	15	3.1396807e-01
8	16	-9.4462554e-04
8	17	1.7691728e-01
8	18	4.4676184e-02
8	19	-7.9126907e-02
8	20	7.1937829e-02
8	21	1.5409331e-01
8	22	7.7800510e-02
8	23	-7.9002721e-02
8	24	3.8640905e-02
9	10	3.4859106e-01
9	11	-4.7607411e-02
9	12	1.2908944e-01
9	13	2.8801290e-01
9	14	4.2611387e-01
9	15	1.4710427e-01
9	16	-3.8692001e-02
9	17	1.8385928e-01
9	18	-1.0743067e-01
9	19	5.9190505e-03
9	20	1.0665820e-01
9	21	1.3506830e-01
9	22	8.5210629e-02
9	23	-1.9851239e-01
9	24	-1.0722586e-01
10	11	7.7438545e-02
10	12	-3.2761275e-01
10	13	-1.0208074e-01
10	14	7.9705500e-02
10	15	2.2519943e-01
10	16	-3.2085188e-03
10	17	2.6039260e-01
10	18	6.9006844e-02
10	19	-7.3834424e-02
10	20	2.8518789e-01
10	21	-1.1904513e-01
10	22	-3.9109706e-01
10	23	1.8267467e-01
10	24	2.2361863e-02
11	12	1.9949455e-02
11	13	1.2495557e-01
11	14	-5.2462145e-02
11	15	2.5923153e-02
11	16	1.6084579e-01
11	17	3.6496856e-02
11	18	7.6850431e-02
11	19	9.6268597e-03
11	20	2.8130755e-01
11	21	1.5031021e-01
11	22	-7.5681375e-02
11	23	-3.9397646e-02
11	24	8.3374200e-02
12	13	3.9600181e-01
12	14	3.6595705e-01
12	15	7.2301238e-02
12	16	1.4395491e-01
12	17	-6.1038735e-02
12	18	-3.2923913e-01
12	19	-9.0277274e-02
12	20	-8.1198727e-02
12	21	1.5740700e-01
12	22	3.2801616e-01
12	23	-2.3255193e-01
12	24	-3.8544107e-02
13	14	2.7680202e-01
13	15	-1.0258682e-01
13	16	-5.9238492e-02
13	17	1.9484498e-02
13	18	-6.2265650e-02
13	19	3.2285301e-01
13	20	3.2891742e-02
13	21	1.8540042e-01
13	22	6.6752414e-02
13	23	-2.0761251e-01
13	24	7.5799217e-02
14	15	6.3496127e-02
14	16	-2.2765737e-01
14	17	-2.0708065e-02
14	18	-1.3927132e-01
14	19	-6.0577742e-02
14	20	-6.9002501e-02
14	21	-1.1814443e-01
14	22	4.8423014e-04
14	23	-8.5147206e-02
14	24	-4.2895899e-02
15	16	2.4947035e-01
15	17	2.1070241e-02
15	18	-2.7106759e-01
15	19	-4.0560636e-02
15	20	1.1696248e-01
15	21	2.3232751e-02
15	22	-2.1503536e-01
15	23	1.4906058e-01
15	24	9.0645202e-02
16	17	1.7320707e-01
16	18	-1.5378041e-01
16	19	5.8550168e-02
16	20	-1.5234125e-01
16	21	-9.1899790e-03
16	22	1.3020341e-01
16	23	-1.6648009e-01
16	24	5.0417758e-02
17	18	6.5721442e-02
17	19	-1.7772799e-01
17	20	5.0054851e-02
17	21	-7.1972331e-02
17	22	2.2554381e-02
17	23	1.0004805e-01
17	24	-5.1278164e-02
18	19	-1.8192673e-01
18	20	1.3736885e-01
18	21	-7.2329900e-02
18	22	-3.6898207e-01
18	23	3.2384569e-01
18	24	-1.3977172e-01
19	20	-4.0282313e-01
19	21	3.5379225e-02
19	22	1.3715901e-01
19	23	-2.5528594e-01
19	24	2.7984828e-02
20	21	1.3890690e-01
20	22	-5.6952812e-02
20	23	1.7411433e-01
20	24	6.7787822e-02
21	22	3.9872963e-02
21	23	-1.4449715e-01
21	24	-3.6977915e-02
22	23	-2.7055638e-01
22	24	8.4486784e-04
23	24	-1.5902241e-02
