0	1	-3.4988906e-01
0	2	-3.2998889e-01
0	3	-6.3931007e-02
0	4	8.8068997e-02
0	5	2.1003203e-01
0	6	5.7763914e-01
0	7	2.2034412e-01
0	8	-2.9750966e-01
0	9	6.8096037e-02
0	10	-9.4338991e-02
0	11	4.5940736e-02
0	12	1.6214351e-01
0	13	9.2340844e-03
0	14	1.4209231e-01
0	15	4.3163180e-04
0	16	-1.3533651e-01
0	17	-2.5804087e-01
0	18	-1.7322165e-01
0	19	2.2696615e-01
0	20	-1.6190369e-01
0	21	-1.7237117e-01
0	22	-4.8402936e-01
0	23	1.1152974e-01
0	24	7.1225703e-02
1	2	-3.7481276e-01
1	3	1.0559549e-01
1	4	4.6455912e-02
1	5	-7.7968428e-02
1	6	-1.2024435e-01
1	7	-1.2031045e-01
1	8	-2.9493861e-01
1	9	-2.8917339e-01
1	10	1.8136541e-01
1	11	-2.2113558e-01
1	12	-1.9127751e-01
1	13	-4.1580892e-01
1	14	-3.5965712e-02
1	15	5.1533033e-01
1	16	2.1284524e-01
1	17	1.5382955e-01
1	18	1.4086774e-01
1	19	-3.5296352e-01
1	20	6.5680817e-02
1	21	-1.1783253e-01
1	22	-5.0771432e-02
1	23	-1.4757853e-01
1	24	-3.8199844e-01
2	3	3.7925600e-01
2	4	-2.4334321e-02
2	5	7.4144881e-02
2	6	1.6975297e-01
2	7	-1.1324526e-01
2	8	1.5411304e-01
2	9	3.3522692e-02
2	10	1.2536319e-01
2	11	1.6779493e-01
2	12	-4.4255896e-02
2	13	1.9068783e-01
2	14	-1.3383741e-02
2	15	-2.3707680e-01
2	16	2.5491208e-02
2	17	1.3484044e-01
2	18	-7.0648108e-02
2	19	3.4810090e-02
2	20	-1.0075059e-02
2	21	1.1025841e-01
2	22	8.0575705e-02
2	23	-1.2900486e-01
2	24	1.6617826e-01
3	4	-2.6766077e-01
3	5	-1.6065829e-01
3	6	1.4786880e-01
3	7	-9.2186250e-02
3	8	-2.8072510e-01
3	9	-2.1584216e-01
3	10	7.4875629e-03
3	11	-2.1589205e-01
3	12	-1.9485915e-01
3	13	2.3277683e-01
3	14	1.4197441e-02
3	15	-2.5913534e-01
3	16	1.5767096e-01
3	17	-4.4939713e-02
3	18	-1.5055201e-02
3	19	1.4010571e-01
3	20	1.3294970e-01
3	21	-2.9671529e-01
3	22	8.3359823e-02
3	23	1.7432342e-02
3	24	2.2658990e-01
4	5	-1.9237810e-01
4	6	-8.0912079e-02
4	7	-9.2992733e-02
4	8	7.7237523e-02
4	9	2.2523248e-01
4	10	-2.6416120e-01
4	11	-1.8225230e-02
4	12	1.5918812e-01
4	13	-2.0526292e-01
4	14	-1.5490194e-01
4	15	1.7869240e-01
4	16	-6.2038608e-02
4	17	2.8682136e-01
4	18	-1.0958012e-01
4	19	1.8733593e-01
4	20	-1.4350006e-01
4	21	7.2816060e-02
4	22	9.1925489e-02
4	23	9.4128270e-02
4	24	-2.0769253e-01
5	6	1.8979034e-01
5	7	-5.4890426e-02
5	8	-1.2455583e-01
5	9	1.1623490e-01
5	10	3.1402769e-01
5	11	1.5713974e-01
5	12	6.6749603e-02
5	13	6.4529502e-02
5	14	9.8445959e-03
5	15	6.6575861e-02
5	16	-8.7353741e-02
5	17	-1.7787702e-01
5	18	5.0227248e-02
5	19	-9.4061772e-02
5	20	-1.6030458e-01
5	21	2.3939173e-01
5	22	-3.9520722e-01
5	23	-1.4342081e-01
5	24	1.0106471e-01
6	7	5.6331757e-01
6	8	-2.4754561e-01
6	9	1.3221852e-01
6	10	1.3571849e-01
6	11	-1.4342602e-01
6	12	1.0864228e-01
6	13	1.1168088e-01
6	14	2.0036437e-01
6	15	-4.0146666e-01
6	16	-5.4591524e-02
6	17	1.1134793e-01
6	18	-5.8047629e-03
6	19	2.3158953e-01
6	20	-2.0286799e-01
6	21	1.6596697e-01
6	22	-6.1282209e-01
6	23	-3.0360961e-03
6	24	1.8758002e-01
7	8	1.5418739e-01
7	9	1.7058980e-01
7	10	-3.2844726e-02
7	11	9.6407205e-02
7	12	2.2693399e-02
7	13	-4.3602190e-02
7	14	5.7099107e-02
7	15	-2.2055066e-01
7	16	-1.6156066e-01
7	17	-5.3391815e-02
7	18	6.8150251e-02
7	19	1.2266411e-01
7	20	-4.1481912e-02
7	21	1.2680901e-01
7	22	-1.7155067e-01
7	23	-3.4317723e-02
7	24	2.4155453e-01
8	9	-6.9163972e-02
8	10	-1.2911959e-01
8	11	3.6395544e-01
8	12	5.6942113e-02
8	13	-2.2715110e-01
8	14	-1.2426344e-01
8	15	-1.2659987e-02
8	16	-2.4591050e-01
8	17	-1.6771640e-01
8	18	1.2640169e-01
8	19	-9.5409674e-04
8	20	1.3223297e-01
8	21	3.6053110e-01
8	22	2.9494381e-01
8	23	1.7802859e-01
8	24	7.8892420e-02
9	10	-2.8220648e-01
9	11	9.1217265e-02
9	12	2.0335858e-01
9	13	3.3900422e-01
9	14	-8.3255215e-02
9	15	7.5873073e-02
9	16	-6.3767315e-02
9	17	6.1828851e-02
9	18	-1.3173986e-01
9	19	1.5952274e-01
9	20	-3.7678222e-01
9	21	-5.3349206e-03
9	22	-2.4842620e-01
9	23	1.3090574e-01
9	24	3.8960183e-02
10	11	1.2359406e-01
10	12	-1.6069507e-01
10	13	1.1828256e-01
10	14	-2.6656953e-01
10	15	2.8064877e-02
10	16	-4.8523303e-02
10	17	7.7762286e-02
10	18	2.2379393e-01
10	19	-1.4506866e-01
10	20	6.0183831e-02
10	21	4.3361924e-01
10	22	-3.1852295e-01
10	23	-5.2544670e-01
10	24	1.1379987e-01
11	12	1.2258639e-01
11	13	-6.4101689e-02
11	14	-6.1198837e-02
11	15	-2.0803320e-01
11	16	-8.3384005e-02
11	17	9.2948063e-02
11	18	-4.7825877e-03
11	19	-3.9313632e-02
11	20	6.9554326e-02
11	21	2.6109168e-02
11	22	7.9630907e-02
11	23	-8.8107762e-02
11	24	2.8093286e-01
12	13	-6.8460483e-03
12	14	1.3023404e-01
12	15	4.5222696e-02
12	16	-2.3590035e-02
12	17	-1.9015276e-02
12	18	-4.4786500e-02
12	19	1.9712972e-01
12	20	5.1986951e-02
12	21	-5.9745986e-02
12	22	-5.5547427e-02
12	23	1.6600557e-01
12	24	1.9442042e-01
13	14	5.3081189e-02
13	15	-1.2790567e-01
13	16	-5.5278202e-02
13	17	2.8101469e-02
13	18	-1.3675496e-01
13	19	2.4176565e-01
13	20	-2.1694495e-01
13	21	-5.7634769e-02
13	22	-1.0763707e-01
13	23	-7.2212214e-02
13	24	1.3169227e-01
14	15	-2.2471907e-01
14	16	-8.1185244e-03
14	17	1.0461895e-01
14	18	-8.5181262e-02
14	19	7.4348130e-04
14	20	2.7134708e-01
14	21	-3.9178621e-01
14	22	4.3892228e-01
14	23	-8.7314232e-02
14	24	4.3827516e-02
15	16	1.9101834e-02
15	17	-2.5954250e-01
15	18	-1.0265838e-01
15	19	-3.4574314e-02
15	20	-2.2645265e-01
15	21	2.4623966e-01
15	22	-4.3780713e-01
15	23	4.6520482e-01
15	24	-3.5323479e-01
16	17	4.1568321e-01
16	18	-6.7504878e-02
16	19	-1.5000867e-01
16	20	9.9741568e-02
16	21	-2.7092176e-01
16	22	-9.7903537e-02
16	23	4.0062350e-02
16	24	-1.2498683e-01
17	18	-4.3994288e-02
17	19	-1.7089525e-02
17	20	1.6743356e-01
17	21	-1.8586709e-01
17	22	2.4378951e-01
17	23	-3.3012203e-01
17	24	-1.8765915e-01
18	19	6.1515000e-02
18	20	1.6145702e-01
18	21	1.0671017e-01
18	22	2.9369683e-01
18	23	-3.1099971e-01
18	24	6.8044046e-02
19	20	-5.2551436e-02
19	21	2.1812953e-02
19	22	1.9509612e-01
19	23	6.6069760e-02
19	24	3.0395294e-01
20	21	-2.4551476e-01
20	22	5.6938162e-01
20	23	-1.6432699e-01
20	24	1.3228523e-01
21	22	-5.0545411e-01
21	23	1.3007054e-01
21	24	6.6167632e-02
22	23	-4.7729026e-01
22	24	1.1448525e-01
23	24	-5.3834530e-02
