0	1	12580
0	2	3740
0	3	7548
0	4	-3468
0	5	-1564
0	6	6732
0	7	6732
0	8	-7276
0	9	5236
0	10	4012
0	11	12172
0	12	4828
0	13	-7140
0	14	-5644
0	15	-8092
0	16	-7684
0	17	-1836
0	18	4692
0	19	16116
0	20	-1700
0	21	12444
0	22	3468
0	23	1700
0	24	-5916
0	25	-3740
0	26	2788
0	27	-2108
0	28	-7820
0	29	-9316
0	30	6188
0	31	1156
0	32	476
0	33	7140
1	2	-68
1	3	9996
1	4	-2108
1	5	-8636
1	6	6188
1	7	8092
1	8	-5644
1	9	16932
1	10	1564
1	11	748
1	12	5372
1	13	1564
1	14	6596
1	15	-4828
1	16	-7140
1	17	-3740
1	18	-1020
1	19	-1292
1	20	9996
1	21	-2244
1	22	-4420
1	23	11220
1	24	-4284
1	25	-1836
1	26	10132
1	27	-8092
1	28	2244
1	29	-5508
1	30	-5236
1	31	11764
1	32	-6052
1	33	1156
2	3	-2924
2	4	-4692
2	5	1836
2	6	5508
2	7	7956
2	8	-6052
2	9	8636
2	10	612
2	11	-2924
2	12	1428
2	13	10132
2	14	9452
2	15	7004
2	16	9588
2	17	1564
2	18	8092
2	19	8092
2	20	10948
2	21	4420
2	22	-7004
2	23	-4148
2	24	-11764
2	25	-4964
2	26	-7684
2	27	-7956
2	28	204
2	29	12580
2	30	-6460
2	31	-9316
2	32	-14620
2	33	-7956
3	4	-884
3	5	10268
3	6	68
3	7	4148
3	8	-5236
3	9	-1428
3	10	-3196
3	11	-8364
3	12	-7004
3	13	4692
3	14	1020
3	15	-1428
3	16	-5100
3	17	-3876
3	18	-1972
3	19	4284
3	20	-12988
3	21	5236
3	22	6052
3	23	4284
3	24	-3332
3	25	8092
3	26	748
3	27	-8772
3	28	-612
3	29	-11356
3	30	3604
3	31	3740
3	32	-1564
3	33	-8772
4	5	8500
4	6	-1700
4	7	5916
4	8	-8092
4	9	-7820
4	10	-1428
4	11	-5508
4	12	-5236
4	13	-6324
4	14	12036
4	15	340
4	16	-2244
4	17	-5644
4	18	-3740
4	19	-7820
4	20	-884
4	21	-6868
4	22	-4964
4	23	-6732
4	24	-14348
4	25	-7548
4	26	3604
4	27	12580
4	28	-2380
4	29	748
4	30	5372
4	31	-7276
4	32	10540
4	33	3332
5	6	204
5	7	8636
5	8	-748
5	9	-15164
5	10	-3332
5	11	-3604
5	12	-2516
5	13	-13668
5	14	884
5	15	3060
5	16	4284
5	17	-8364
5	18	-11084
5	19	4148
5	20	-12852
5	21	476
5	22	6188
5	23	-4828
5	24	1428
5	25	12852
5	26	884
5	27	5236
5	28	-5100
5	29	-6596
5	30	3468
5	31	-748
5	32	3196
5	33	-4012
6	7	-4284
6	8	204
6	9	-2244
6	10	2244
6	11	4692
6	12	-1564
6	13	13124
6	14	1836
6	15	-5236
6	16	3332
6	17	-13940
6	18	1836
6	19	5100
6	20	68
6	21	6052
6	22	-4012
6	23	-1156
6	24	476
6	25	-1972
6	26	-13940
6	27	-340
6	28	3196
6	29	1700
6	30	13668
6	31	-6324
6	32	-2380
6	33	-9588
7	8	-4420
7	9	11084
7	10	7412
7	11	-9724
7	12	1972
7	13	340
7	14	3196
7	15	-8228
7	16	884
7	17	8908
7	18	-2244
7	19	-4692
7	20	4148
7	21	-1020
7	22	-1020
7	23	5372
7	24	-884
7	25	1564
7	26	4284
7	27	-68
7	28	-12852
7	29	-2108
7	30	612
7	31	1292
7	32	1972
7	33	-68
8	9	-7548
8	10	7548
8	11	-5236
8	12	-2516
8	13	204
8	14	-15164
8	15	1156
8	16	748
8	17	-476
8	18	-2380
8	19	68
8	20	-5236
8	21	-5508
8	22	8092
8	23	9860
8	24	12852
8	25	10676
8	26	-476
8	27	9044
8	28	884
8	29	7004
8	30	5372
8	31	1156
8	32	1836
8	33	4420
9	10	-884
9	11	-1428
9	12	9180
9	13	7004
9	14	-1292
9	15	884
9	16	-2788
9	17	3060
9	18	-4284
9	19	-7276
9	20	17068
9	21	2924
9	22	-5508
9	23	15844
9	24	3604
9	25	-12716
9	26	3060
9	27	-11084
9	28	1700
9	29	-4420
9	30	-7956
9	31	1428
9	32	-13124
9	33	-6460
10	11	6052
10	12	68
10	13	6868
10	14	-7956
10	15	-10132
10	16	2788
10	17	6188
10	18	4284
10	19	-1972
10	20	1428
10	21	1700
10	22	14756
10	23	11900
10	24	1020
10	25	-1156
10	26	-7684
10	27	1836
10	28	-15572
10	29	-4828
10	30	-1292
10	31	3196
10	32	8500
10	33	-2788
11	12	11492
11	13	-9180
11	14	-3604
11	15	-1428
11	16	-5100
11	17	-3876
11	18	-6596
11	19	-340
11	20	884
11	21	-4012
11	22	-3196
11	23	-9588
11	24	5916
11	25	-5780
11	26	748
11	27	-4148
11	28	8636
11	29	-11356
11	30	-5644
11	31	-884
11	32	-1564
11	33	476
12	13	3060
12	14	-8772
12	15	7548
12	16	-1020
12	17	-11492
12	18	476
12	19	-7412
12	20	20740
12	21	-8364
12	22	-2924
12	23	-10404
12	24	6460
12	25	-4964
12	26	2380
12	27	7276
12	28	8364
12	29	5236
12	30	-2108
12	31	-5236
12	32	68
12	33	-1972
13	14	11084
13	15	-5236
13	16	7956
13	17	-68
13	18	11084
13	19	476
13	20	4692
13	21	6052
13	22	-8636
13	23	-1156
13	24	-4148
13	25	-1972
13	26	-9316
13	27	-4964
13	28	7820
13	29	15572
13	30	-204
13	31	-6324
13	32	-11628
13	33	-14212
14	15	4148
14	16	-6868
14	17	-3468
14	18	8500
14	19	3060
14	20	5644
14	21	-2516
14	22	-13396
14	23	-2380
14	24	-13260
14	25	3060
14	26	-3468
14	27	1428
14	28	7140
14	29	8636
14	30	-884
14	31	-1836
14	32	-1156
14	33	6052
15	16	-68
15	17	-5916
15	18	6052
15	19	884
15	20	7820
15	21	-4692
15	22	-1972
15	23	-204
15	24	2788
15	25	-4012
15	26	3332
15	27	3604
15	28	9316
15	29	6188
15	30	-3060
15	31	9588
15	32	-3604
15	33	-1020
16	17	-612
16	18	-3332
16	19	1020
16	20	-9724
16	21	1972
16	22	68
16	23	-6324
16	24	-4692
16	25	-2516
16	26	-9860
16	27	-884
16	28	-1972
16	29	1156
16	30	340
16	31	7004
16	32	-7548
16	33	-10132
17	18	11764
17	19	-204
17	20	-3876
17	21	5372
17	22	1292
17	23	-476
17	24	-8092
17	25	-5916
17	26	-4012
17	27	-13532
17	28	-5372
17	29	2380
17	30	-10132
17	31	3604
17	32	-1700
17	33	340
18	19	7140
18	20	7276
18	21	12716
18	22	-6052
18	23	-7820
18	24	-10812
18	25	-4012
18	26	-2108
18	27	-2380
18	28	-3468
18	29	8908
18	30	1836
18	31	-3740
18	32	9452
18	33	6868
19	20	-340
19	21	12716
19	22	3740
19	23	-3740
19	24	-5372
19	25	15572
19	26	-204
19	27	-4556
19	28	1156
19	29	7276
19	30	9724
19	31	-3196
19	32	2108
19	33	4692
20	21	612
20	22	-12444
20	23	-340
20	24	1292
20	25	-1156
20	26	748
20	27	5100
20	28	8636
20	29	11764
20	30	-1020
20	31	-10132
20	32	3060
20	33	476
21	22	68
21	23	1836
21	24	-4420
21	25	-1972
21	26	748
21	27	-12852
21	28	2108
21	29	3604
21	30	-476
21	31	-2244
21	32	-1564
21	33	-3604
22	23	14076
22	24	-2788
22	25	4012
22	26	-7956
22	27	5644
22	28	-13940
22	29	-1564
22	30	3060
22	31	4284
22	32	3604
22	33	-3604
23	24	9316
23	25	-2380
23	26	-5100
23	27	-748
23	28	-15708
23	29	-7956
23	30	204
23	31	11764
23	32	-2788
23	33	3876
24	25	8500
24	26	5780
24	27	884
24	28	4420
24	29	-6324
24	30	3196
24	31	-476
24	32	-5780
24	33	-3740
25	26	-5916
25	27	7684
25	28	6596
25	29	-4148
25	30	10268
25	31	1700
25	32	1020
25	33	3060
26	27	-8908
26	28	3876
26	29	2380
26	30	-10132
26	31	3604
26	32	2924
26	33	4964
27	28	-1020
27	29	2108
27	30	17884
27	31	-5916
27	32	7276
27	33	4692
28	29	10268
28	30	5100
28	31	-2380
28	32	-16932
28	33	-10268
29	30	1972
29	31	-8500
29	32	-4556
29	33	-7140
30	31	748
30	32	6052
30	33	-612
31	32	-3332
31	33	3332
32	33	16524
