0	1	684
0	2	8708
0	3	5036
0	4	-6116
0	5	4
0	6	-7484
0	7	948
0	8	-6388
0	9	6396
0	10	-5300
0	11	-7204
0	12	-16044
0	13	-7340
0	14	3268
0	15	-10884
0	16	2316
0	17	-2580
0	18	-6396
0	19	684
0	20	812
0	21	2444
0	22	-8700
0	23	-3940
0	24	1900
0	25	-1092
0	26	1092
0	27	2172
0	28	276
0	29	8972
0	30	5572
0	31	-2580
0	32	-3940
0	33	-2172
1	2	-3668
1	3	1908
1	4	4
1	5	6124
1	6	-13604
1	7	-19044
1	8	-23388
1	9	-5980
1	10	5444
1	11	8164
1	12	-676
1	13	-5844
1	14	-4484
1	15	15364
1	16	3812
1	17	-10332
1	18	1356
1	19	-7068
1	20	-5308
1	21	5572
1	22	-11828
1	23	6804
1	24	5028
1	25	6660
1	26	2588
1	27	9924
1	28	-2852
1	29	-6396
1	30	-9796
1	31	8164
1	32	-11692
1	33	-5300
2	3	684
2	4	-10468
2	5	276
2	6	10740
2	7	676
2	8	-1492
2	9	-2580
2	10	-5028
2	11	-6932
2	12	-15772
2	13	-2444
2	14	3540
2	15	-15780
2	16	-2036
2	17	2316
2	18	7204
2	19	-3668
2	20	-4084
2	21	2172
2	22	820
2	23	956
2	24	-12244
2	25	-5988
2	26	-3260
2	27	-2724
2	28	14420
2	29	4076
2	30	5300
2	31	-6932
2	32	-12916
2	33	-6524
3	4	4356
3	5	1228
3	6	-8708
3	7	4348
3	8	4084
3	9	-1628
3	10	548
3	11	-1356
3	12	-14820
3	13	-6116
3	14	-4756
3	15	11012
3	16	-5708
3	17	-1356
3	18	1628
3	19	-11964
3	20	-5036
3	21	-8028
3	22	-2852
3	23	1908
3	24	676
3	25	6932
3	26	6940
3	27	-3676
3	28	-7748
3	29	7748
3	30	-4900
3	31	7892
3	32	-7340
3	33	-5572
4	5	-5300
4	6	-6804
4	7	1628
4	8	-2444
4	9	-3532
4	10	-5980
4	11	1364
4	12	-2852
4	13	1228
4	14	7212
4	15	8292
4	16	-2988
4	17	1364
4	18	-5716
4	19	4
4	20	-7756
4	21	-6124
4	22	-4756
4	23	-9244
4	24	-2044
4	25	-5036
4	26	-4212
4	27	2852
4	28	-404
4	29	5028
4	30	15500
4	31	5988
4	32	4628
4	33	-7476
5	6	-3676
5	7	-9116
5	8	-10196
5	9	-2036
5	10	-4484
5	11	2860
5	12	-1356
5	13	-1900
5	14	8708
5	15	2172
5	16	-1492
5	17	-15636
5	18	2036
5	19	-7748
5	20	4620
5	21	6252
5	22	1364
5	23	1500
5	24	1084
5	25	2716
5	26	1908
5	27	5980
5	28	-3532
5	29	3532
5	30	-9116
5	31	7484
5	32	-3124
5	33	-5980
6	7	2724
6	8	7340
6	9	-5444
6	10	-7620
6	11	-10340
6	12	-6124
6	13	8292
6	14	2308
6	15	-8564
6	16	7884
6	17	17404
6	18	-8428
6	19	4892
6	20	2860
6	21	10476
6	22	5028
6	23	-4356
6	24	-2852
6	25	140
6	26	13732
6	27	-7748
6	28	14548
6	29	3948
6	30	-1900
6	31	-5716
6	32	9516
6	33	7748
7	8	11148
7	9	12236
7	10	-8436
7	11	2716
7	12	2308
7	13	2852
7	14	-3132
7	15	-7748
7	16	2444
7	17	7340
7	18	-7612
7	19	8700
7	20	3676
7	21	-2580
7	22	13460
7	23	-548
7	24	2588
7	25	-3668
7	26	-19452
7	27	-11556
7	28	-9388
7	29	4764
7	30	-1084
7	31	7340
7	32	13324
7	33	-2316
8	9	5444
8	10	-1628
8	11	-3532
8	12	-7748
8	13	956
8	14	-6932
8	15	-5308
8	16	1364
8	17	5716
8	18	3804
8	19	-268
8	20	1764
8	21	-5852
8	22	8844
8	23	-9516
8	24	2852
8	25	-4764
8	26	4764
8	27	-10748
8	28	3948
8	29	5300
8	30	11148
8	31	-3532
8	32	13604
8	33	6124
9	10	-7340
9	11	-9244
9	12	412
9	13	-9380
9	14	-8020
9	15	-4220
9	16	9524
9	17	4628
9	18	-8980
9	19	-1356
9	20	2852
9	21	4484
9	22	7756
9	23	3268
9	24	8564
9	25	5572
9	26	-5572
9	27	4212
9	28	2860
9	29	11012
9	30	-1636
9	31	9252
9	32	-1356
9	33	412
10	11	-7068
10	12	11836
10	13	2044
10	14	-15092
10	15	-1772
10	16	-6796
10	17	2180
10	18	11964
10	19	-3804
10	20	-3948
10	21	2308
10	22	-8564
10	23	820
10	24	11012
10	25	-1228
10	26	1228
10	27	2036
10	28	-4212
10	29	-14284
10	30	-13060
10	31	2180
10	32	-13052
10	33	2588
11	12	9932
11	13	4764
11	14	1500
11	15	9380
11	16	-8700
11	17	-22844
11	18	4620
11	19	3540
11	20	16452
11	21	-412
11	22	3404
11	23	-1084
11	24	-10204
11	25	5300
11	26	-9924
11	27	-9932
11	28	-6116
11	29	6116
11	30	-1908
11	31	276
11	32	12788
11	33	5308
12	13	5172
12	14	1908
12	15	8972
12	16	-8292
12	17	-3940
12	18	4212
12	19	3948
12	20	6796
12	21	-5444
12	22	3812
12	23	8572
12	24	3260
12	25	-4356
12	26	-9516
12	27	3532
12	28	-10332
12	29	-12788
12	30	-6940
12	31	684
12	32	3948
12	33	-3532
13	14	5988
13	15	-4356
13	16	412
13	17	4764
13	18	132
13	19	-5844
13	20	-1908
13	21	4348
13	22	-10604
13	23	-5844
13	24	13052
13	25	-3812
13	26	-812
13	27	4076
13	28	-1628
13	29	-12244
13	30	7476
13	31	-9108
13	32	12652
13	33	9796
14	15	8156
14	16	1772
14	17	-7748
14	18	-5852
14	19	-4484
14	20	5980
14	21	-1636
14	22	-4620
14	23	-4484
14	24	-2180
14	25	-9796
14	26	5172
14	27	7340
14	28	-9516
14	29	-4356
14	30	10740
14	31	-3124
14	32	4764
14	33	-2716
15	16	4484
15	17	-4492
15	18	4220
15	19	-7756
15	20	1636
15	21	4
15	22	1628
15	23	10740
15	24	548
15	25	8164
15	26	10332
15	27	4900
15	28	-11972
15	29	-6524
15	30	-3124
15	31	9380
15	32	1492
15	33	-4900
16	17	548
16	18	-276
16	19	-812
16	20	-2316
16	21	17812
16	22	12924
16	23	8436
16	24	17268
16	25	404
16	26	13468
16	27	12916
16	28	3404
16	29	1220
16	30	-2180
16	31	-4076
16	32	-812
16	33	5580
17	18	-4628
17	19	3540
17	20	-11292
17	21	-412
17	22	-1220
17	23	-5708
17	24	3668
17	25	676
17	26	3948
17	27	-684
17	28	3132
17	29	-7756
17	30	2716
17	31	276
17	32	-1084
17	33	5308
18	19	1356
18	20	-12100
18	21	-9108
18	22	10740
18	23	-3268
18	24	-3940
18	25	3676
18	26	948
18	27	5036
18	28	1764
18	29	-6388
18	30	-2988
18	31	-4628
18	32	-12516
18	33	-412
19	20	-5308
19	21	-3676
19	22	6668
19	23	2180
19	24	-13468
19	25	15908
19	26	-6660
19	27	5300
19	28	6396
19	29	2852
19	30	-548
19	31	-10332
19	32	11428
19	33	-5300
20	21	16052
20	22	8700
20	23	-684
20	24	-1900
20	25	-8156
20	26	3532
20	27	-16044
20	28	-4900
20	29	4900
20	30	-5572
20	31	7204
20	32	8564
20	33	6796
21	22	1084
21	23	10196
21	24	10340
21	25	4084
21	26	14412
21	27	820
21	28	5980
21	29	3268
21	30	-7204
21	31	8836
21	32	948
21	33	8428
22	23	2044
22	24	-4084
22	25	-2452
22	26	-2172
22	27	-8436
22	28	1636
22	29	7612
22	30	-5036
22	31	-5844
22	32	2044
22	33	-812
23	24	404
23	25	6660
23	26	-2036
23	27	5300
23	28	-7476
23	29	-1772
23	30	-5172
23	31	-1084
23	32	-2444
23	33	-5300
24	25	-9244
24	26	4620
24	27	10612
24	28	-13060
24	29	-10060
24	30	-6660
24	31	3668
24	32	404
24	33	7884
25	26	1628
25	27	-268
25	28	11692
25	29	11428
25	30	-8292
25	31	5300
25	32	6660
25	33	268
26	27	9516
26	28	6804
26	29	-2180
26	30	-956
26	31	-5300
26	32	-6660
26	33	4356
27	28	1084
27	29	-10332
27	30	2316
27	31	-9932
27	32	-8572
27	33	-5716
28	29	12508
28	30	9108
28	31	-6116
28	32	1772
28	33	-5708
29	30	140
29	31	6116
29	32	7476
29	33	5708
30	31	-11156
30	32	13324
30	33	-6940
31	32	-1084
31	33	-3940
32	33	-676
