0	1	5688
0	2	-10496
0	3	-14120
0	4	3152
0	5	-976
0	6	-6504
0	7	1656
0	8	2472
0	9	7048
0	10	3832
0	11	-1336
0	12	1112
0	13	3376
0	14	2608
0	15	-3920
0	16	13032
0	17	3152
0	18	-3376
0	19	3104
0	20	-3560
0	21	-8272
0	22	10176
0	23	1200
0	24	9272
0	25	24
0	26	5872
0	27	5144
0	28	7368
0	29	2832
0	30	1928
0	31	2064
0	32	-792
0	33	-10176
1	2	1248
1	3	4872
1	4	1472
1	5	-3648
1	6	-2744
1	7	12216
1	8	-7096
1	9	-2424
1	10	792
1	11	-12536
1	12	12760
1	13	-8000
1	14	2016
1	15	3920
1	16	5464
1	17	-7776
1	18	3376
1	19	1520
1	20	-1064
1	21	-976
1	22	8320
1	23	-1200
1	24	4600
1	25	-24
1	26	12624
1	27	-5144
1	28	6504
1	29	-2832
1	30	-1928
1	31	-11312
1	32	-3832
1	33	5552
2	3	2560
2	4	-5464
2	5	-10584
2	6	4192
2	7	-3968
2	8	9088
2	9	-4736
2	10	-1520
2	11	3648
2	12	5824
2	13	-5688
2	14	-296
2	15	6232
2	16	-1472
2	17	3784
2	18	5688
2	19	3832
2	20	1248
2	21	5960
2	22	6008
2	23	-12760
2	24	6912
2	25	-11584
2	26	-8184
2	27	1792
2	28	8816
2	29	-5144
2	30	384
2	31	-4376
2	32	-1520
2	33	-1384
3	4	-656
3	5	2832
3	6	-1064
3	7	2472
3	8	-5960
3	9	-3016
3	10	4648
3	11	4104
3	12	1928
3	13	2560
3	14	-1200
3	15	1520
3	16	7592
3	17	3968
3	18	-2560
3	19	-2336
3	20	14120
3	21	-2832
3	22	-9136
3	23	384
3	24	840
3	25	-3784
3	26	-7184
3	27	-296
3	28	8184
3	29	2016
3	30	-1880
3	31	-1744
3	32	24
3	33	-112
4	5	8680
4	6	-2288
4	7	10496
4	8	2064
4	9	-6416
4	10	-1200
4	11	-10992
4	12	-3920
4	13	-14712
4	14	2200
4	15	-8952
4	16	-432
4	17	-6504
4	18	-3784
4	19	-5736
4	20	10720
4	21	5192
4	22	10584
4	23	1608
4	24	-5008
4	25	-5008
4	26	840
4	27	-12944
4	28	2336
4	29	7864
4	30	-7728
4	31	-2968
4	32	-5824
4	33	-1336
5	6	-160
5	7	10176
5	8	112
5	9	-384
5	10	3376
5	11	-5328
5	12	1472
5	13	3288
5	14	-24
5	15	-16616
5	16	2880
5	17	13304
5	18	-7912
5	19	-5688
5	20	5600
5	21	1608
5	22	1112
5	23	-3784
5	24	-2064
5	25	-2064
5	26	1336
5	27	-7728
5	28	-4784
5	29	-792
5	30	656
5	31	5144
5	32	8000
5	33	3512
6	7	10088
6	8	-2968
6	9	7864
6	10	3016
6	11	7096
6	12	-8952
6	13	4192
6	14	-7456
6	15	-9360
6	16	4600
6	17	2336
6	18	18928
6	19	8544
6	20	-7368
6	21	4784
6	22	1744
6	23	11264
6	24	-792
6	25	-5416
6	26	-4192
6	27	10584
6	28	-2696
6	29	-5600
6	30	1112
6	31	5872
6	32	-6232
6	33	2880
7	8	-4056
7	9	4328
7	10	1928
7	11	-12488
7	12	-792
7	13	-3968
7	14	704
7	15	-5824
7	16	10312
7	17	-3376
7	18	-656
7	19	5008
7	20	-1656
7	21	3696
7	22	7456
7	23	7728
7	24	7368
7	25	-6504
7	26	-656
7	27	2424
7	28	-3784
7	29	-4512
7	30	-4600
7	31	160
7	32	-2696
7	33	11040
8	9	8136
8	10	-6504
8	11	2200
8	12	24
8	13	-4784
8	14	-3104
8	15	-5008
8	16	248
8	17	2064
8	18	4784
8	19	-5056
8	20	11400
8	21	4512
8	22	11264
8	23	-6960
8	24	8184
8	25	-5688
8	26	-9088
8	27	6232
8	28	6280
8	29	-9952
8	30	-8408
8	31	-12896
8	32	-1880
8	33	7232
9	10	-7096
9	11	2696
9	12	4872
9	13	-112
9	14	-10496
9	15	9904
9	16	4104
9	17	2832
9	18	4736
9	19	-4464
9	20	2200
9	21	-4240
9	22	-6912
9	23	11312
9	24	10584
9	25	5960
9	26	112
9	27	16616
9	28	3240
9	29	-4192
9	30	-568
9	31	3920
9	32	-7096
9	33	6912
10	11	-5688
10	12	-3240
10	13	7728
10	14	-6368
10	15	-3648
10	16	12760
10	17	-1200
10	18	-12352
10	19	-1792
10	20	-3832
10	21	5872
10	22	5280
10	23	-8320
10	24	296
10	25	-4328
10	26	1520
10	27	4872
10	28	3016
10	29	7184
10	30	2200
10	31	11584
10	32	-520
10	33	-14528
11	12	-8408
11	13	12896
11	14	-6912
11	15	-4192
11	16	-568
11	17	7504
11	18	976
11	19	-5872
11	20	1336
11	21	704
11	22	-8048
11	23	10720
11	24	-4872
11	25	-4872
11	26	-12896
11	27	792
11	28	-6776
11	29	-1520
11	30	10904
11	31	1792
11	32	8184
11	33	-1200
12	13	-3424
12	14	160
12	15	7504
12	16	-7640
12	17	-3920
12	18	-5824
12	19	-3696
12	20	3512
12	21	-10720
12	22	3376
12	23	-5600
12	24	6824
12	25	2200
12	26	3424
12	27	2968
12	28	4920
12	29	656
12	30	-5144
12	31	-5008
12	32	6008
12	33	1248
13	14	-296
13	15	-7640
13	16	3152
13	17	8408
13	18	-8184
13	19	3832
13	20	-17248
13	21	-3288
13	22	-12488
13	23	10360
13	24	-2336
13	25	6912
13	26	-12808
13	27	6416
13	28	-5056
13	29	4104
13	30	18880
13	31	9496
13	32	12352
13	33	3240
14	15	4376
14	16	112
14	17	-2424
14	18	4920
14	19	8680
14	20	-7232
14	21	4648
14	22	11128
14	23	2152
14	24	3696
14	25	-10176
14	26	296
14	27	-7776
14	28	-2832
14	29	3784
14	30	-3648
14	31	-3512
14	32	-1744
14	33	-6504
15	16	-7232
15	17	-4328
15	18	3016
15	19	1336
15	20	-5328
15	21	7368
15	22	-5464
15	23	-5192
15	24	6416
15	25	1792
15	26	-6232
15	27	3376
15	28	-112
15	29	10312
15	30	-10176
15	31	-792
15	32	-17520
15	33	-3784
16	17	4192
16	18	-3152
16	19	3424
16	20	840
16	21	1744
16	22	976
16	23	704
16	24	7320
16	25	-11176
16	26	1472
16	27	1384
16	28	4600
16	29	-5552
16	30	10040
16	31	5280
16	32	-1112
16	33	-976
17	18	840
17	19	12760
17	20	-3152
17	21	-4056
17	22	1336
17	23	-3016
17	24	-384
17	25	-384
17	26	-8408
17	27	928
17	28	-2288
17	29	-6008
17	30	1520
17	31	6280
17	32	3424
17	33	-1336
18	19	10040
18	20	-5872
18	21	3288
18	22	7864
18	23	3512
18	24	2336
18	25	-2288
18	26	-5688
18	27	2832
18	28	432
18	29	-8728
18	30	-5008
18	31	-9496
18	32	-16976
18	33	-3240
19	20	-12352
19	21	10312
19	22	6280
19	23	1384
19	24	2016
19	25	-2608
19	26	792
19	27	-2560
19	28	-704
19	29	-248
19	30	-4512
19	31	-24
19	32	2832
19	33	-1656
20	21	-5600
20	22	-5552
20	23	-1200
20	24	4600
20	25	-4648
20	26	8000
20	27	4104
20	28	20376
20	29	1792
20	30	-6552
20	31	-6688
20	32	10040
20	33	-3696
21	22	3512
21	23	-840
21	24	-7184
21	25	-7184
21	26	-10584
21	27	-10768
21	28	-9088
21	29	10040
21	30	-5280
21	31	-520
21	32	-3376
21	33	-3512
22	23	-14936
22	24	9088
22	25	-18656
22	26	3240
22	27	-9632
22	28	-2880
22	29	-7320
22	30	-15936
22	31	-6824
22	32	-13216
22	33	792
23	24	112
23	25	4736
23	26	-5736
23	27	3968
23	28	-7232
23	29	6280
23	30	12080
23	31	7320
23	32	10176
23	33	5688
24	25	-3512
24	26	-2288
24	27	13304
24	28	8456
24	29	1744
24	30	-6232
24	31	-10720
24	32	296
24	33	4784
25	26	2336
25	27	13304
25	28	-5416
25	29	6368
25	30	3016
25	31	-1472
25	32	4920
25	33	160
26	27	-1792
26	28	9680
26	29	520
26	30	-384
26	31	-4872
26	32	6144
26	33	1384
27	28	10584
27	29	-2288
27	30	2152
27	31	2016
27	32	248
27	33	-4240
28	29	-976
28	30	-3512
28	31	-12624
28	32	3016
28	33	-10992
29	30	4464
29	31	-296
29	32	7184
29	33	-6552
30	31	14304
30	32	11448
30	33	-2560
31	32	-2288
31	33	-7048
32	33	3968
