0	1	-6.8802616e-02
0	2	7.1619133e-03
0	3	2.7667885e-02
0	4	7.6486406e-02
0	5	-1.1297023e-01
0	6	-6.2745002e-02
0	7	8.6551546e-02
0	8	-3.3197474e-02
0	9	6.1939253e-02
0	10	3.0138715e-02
0	11	-4.9323263e-02
0	12	1.0177701e-01
0	13	-8.0943135e-02
0	14	-4.2030564e-02
0	15	7.6473168e-02
0	16	-9.7352316e-03
0	17	1.6580986e-01
0	18	2.1693583e-02
0	19	1.0573903e-01
0	20	1.6515576e-01
0	21	-1.1805208e-02
0	22	-3.0067678e-02
0	23	1.3328920e-01
0	24	2.5055256e-02
1	2	8.6299910e-03
1	3	-3.4150156e-02
1	4	-3.4551078e-02
1	5	1.0043619e-01
1	6	3.9657745e-02
1	7	-3.1090771e-02
1	8	7.5937412e-02
1	9	-8.8213289e-02
1	10	-6.0807751e-02
1	11	-6.0083486e-02
1	12	-7.3599171e-03
1	13	4.2797756e-02
1	14	5.3981253e-02
1	15	-6.5625125e-02
1	16	-3.2772101e-03
1	17	-1.0523140e-01
1	18	5.0415812e-02
1	19	-3.7061205e-02
1	20	-9.7233078e-02
1	21	5.7747528e-02
1	22	-2.0224797e-03
1	23	-6.8364460e-02
1	24	-3.4119735e-02
2	3	4.3881764e-02
2	4	2.5104860e-02
2	5	2.5459856e-03
2	6	-1.0675537e-01
2	7	2.4257565e-02
2	8	-3.0578982e-02
2	9	-3.8593436e-02
2	10	4.9476679e-02
2	11	-4.7648950e-02
2	12	-3.7543283e-02
2	13	-4.5646592e-02
2	14	1.8104641e-02
2	15	-6.3629995e-02
2	16	-2.9710218e-02
2	17	-2.2369987e-02
2	18	-1.5875431e-01
2	19	9.9758385e-02
2	20	-4.5323302e-02
2	21	8.3567834e-02
2	22	-5.5398201e-02
2	23	2.3801516e-02
2	24	-4.2259792e-02
3	4	1.4945285e-02
3	5	-3.7860299e-02
3	6	-1.0833594e-01
3	7	3.9804216e-02
3	8	-7.7631349e-02
3	9	7.8745353e-02
3	10	2.1791568e-02
3	11	-2.8810967e-02
3	12	-5.3516580e-02
3	13	7.4852777e-03
3	14	-5.5388083e-02
3	15	-6.8403803e-03
3	16	-1.5743316e-02
3	17	-3.1866859e-02
3	18	-1.4064305e-01
3	19	4.6648228e-02
3	20	-2.2410222e-02
3	21	2.9914585e-02
3	22	5.0369616e-03
3	23	3.1800315e-02
3	24	-3.8089706e-02
4	5	-2.8391718e-02
4	6	-4.0204849e-02
4	7	5.2905775e-02
4	8	-3.5991399e-02
4	9	-3.1755144e-02
4	10	4.3980935e-02
4	11	1.5510718e-02
4	12	2.1645064e-02
4	13	-7.8946032e-02
4	14	6.6880050e-03
4	15	6.4761860e-02
4	16	-2.9134621e-02
4	17	9.5258540e-02
4	18	-2.3261007e-02
4	19	5.4362576e-02
4	20	8.9114740e-02
4	21	1.4716578e-02
4	22	-5.2341170e-02
4	23	1.3173194e-01
4	24	4.9532772e-02
5	6	8.3085925e-02
5	7	6.0345769e-04
5	8	5.0682267e-02
5	9	-2.1725808e-01
5	10	-1.3696129e-01
5	11	-3.0440379e-04
5	12	-1.2354146e-01
5	13	8.3578416e-02
5	14	8.9097584e-02
5	15	6.1725412e-02
5	16	-6.7582292e-02
5	17	-2.3318845e-01
5	18	1.0409750e-01
5	19	-2.0556376e-01
5	20	-1.5557024e-01
5	21	1.1545013e-01
5	22	-1.3062582e-02
5	23	9.3544251e-02
5	24	5.9859525e-02
6	7	-6.4998029e-02
6	8	9.4371605e-02
6	9	-8.7759830e-02
6	10	-6.6293012e-02
6	11	9.4900378e-02
6	12	4.0937478e-02
6	13	3.6872848e-02
6	14	5.7024141e-02
6	15	7.0218090e-02
6	16	2.5514568e-02
6	17	9.3722424e-03
6	18	2.5528978e-01
6	19	-1.6384731e-01
6	20	2.6121759e-02
6	21	-8.1855950e-02
6	22	3.2931865e-02
6	23	-3.1471969e-02
6	24	8.9744143e-02
7	8	-4.1676773e-02
7	9	6.8130476e-03
7	10	-2.0137940e-02
7	11	-5.1352767e-02
7	12	7.5049091e-03
7	13	-2.3884142e-02
7	14	-2.6479869e-02
7	15	7.8094901e-02
7	16	-3.8308784e-02
7	17	2.3461648e-02
7	18	-6.5183090e-03
7	19	2.3013149e-02
7	20	5.7136440e-02
7	21	4.5338658e-02
7	22	-2.2353924e-02
7	23	1.4754823e-01
7	24	2.2752626e-02
8	9	-6.8740443e-02
8	10	-8.0662389e-02
8	11	-1.0482165e-01
8	12	1.0437235e-01
8	13	3.3038784e-02
8	14	5.9580742e-02
8	15	-8.0305998e-02
8	16	2.9819695e-02
8	17	-2.4918872e-02
8	18	1.7581188e-01
8	19	-8.4586035e-03
8	20	-2.9588102e-02
8	21	1.8686845e-02
8	22	9.7731238e-03
8	23	-1.1966657e-01
8	24	-4.3954281e-02
9	10	4.5507394e-03
9	11	-6.9528972e-02
9	12	4.6726882e-02
9	13	8.2080822e-02
9	14	-1.7115494e-01
9	15	-5.3401677e-02
9	16	7.4701291e-02
9	17	3.4044031e-02
9	18	-7.4553091e-02
9	19	7.2743150e-02
9	20	3.6385313e-02
9	21	-1.0477501e-01
9	22	1.2076200e-01
9	23	-1.5195296e-01
9	24	-1.1979567e-01
10	11	1.3561182e-01
10	12	-8.8628106e-03
10	13	-1.4371099e-01
10	14	1.2916332e-02
10	15	-2.5197783e-02
10	16	5.1551360e-03
10	17	1.7578553e-01
10	18	-1.9551241e-01
10	19	1.4543076e-01
10	20	8.5501863e-02
10	21	-5.1305399e-02
10	22	-7.3068645e-02
10	23	1.7480019e-02
10	24	3.2126321e-02
11	12	-1.1387942e-01
11	13	-8.2182437e-02
11	14	3.0369229e-02
11	15	1.5411870e-01
11	16	-1.3473668e-02
11	17	1.1064749e-01
11	18	-4.3026210e-02
11	19	-1.1491350e-01
11	20	8.0147621e-02
11	21	-1.2845163e-01
11	22	-3.0494456e-02
11	23	1.1748294e-01
11	24	1.8528356e-01
12	13	-5.0276095e-02
12	14	2.3100610e-03
12	15	-4.0623511e-02
12	16	5.0376820e-02
12	17	1.7485566e-01
12	18	1.6659341e-01
12	19	1.1876632e-01
12	20	1.4129918e-01
12	21	-4.5245473e-02
12	22	-2.1873107e-03
12	23	-6.5281595e-02
12	24	-3.5411746e-02
13	14	-5.0893959e-02
13	15	-3.2256376e-02
13	16	2.1059884e-02
13	17	-2.0633120e-01
13	18	7.6072188e-02
13	19	-1.3606783e-01
13	20	-1.3911945e-01
13	21	9.7376883e-03
13	22	1.0685942e-01
13	23	-1.1884403e-01
13	24	-7.2388496e-02
14	15	-1.3237343e-02
14	16	-2.1656552e-02
14	17	3.0033313e-03
14	18	4.1976610e-02
14	19	-9.9597829e-03
14	20	-1.9099664e-02
14	21	4.1813261e-02
14	22	-6.3522416e-02
14	23	2.3119903e-02
14	24	4.3303366e-02
15	16	-5.6091985e-02
15	17	7.6101660e-02
15	18	1.3497058e-01
15	19	-1.5894560e-01
15	20	1.4518903e-01
15	21	-5.0279915e-02
15	22	-1.1541771e-02
15	23	2.9738334e-01
15	24	1.9463524e-01
16	17	2.8936838e-02
16	18	2.8132088e-02
16	19	2.3814955e-02
16	20	7.7421565e-03
16	21	-5.3475609e-02
16	22	3.7092527e-02
16	23	-1.1746822e-01
16	24	-4.2486343e-02
17	18	2.9758224e-02
17	19	1.7852326e-01
17	20	2.9691027e-01
17	21	-1.2885075e-01
17	22	-7.6211343e-02
17	23	9.8092041e-02
17	24	9.5725136e-02
18	19	-1.9775789e-01
18	20	1.0262758e-01
18	21	-6.8923122e-02
18	22	6.2494552e-02
18	23	2.3362131e-02
18	24	9.1934381e-02
19	20	7.9507070e-02
19	21	3.0513133e-02
19	22	-7.4630141e-02
19	23	-7.1348652e-02
19	24	-1.1165445e-01
20	21	-1.0445736e-01
20	22	-4.2487631e-02
20	23	1.6163852e-01
20	24	1.1337234e-01
21	22	-4.7966830e-02
21	23	5.2999419e-02
21	24	-4.8963928e-02
22	23	-1.0193838e-01
22	24	-4.5818274e-02
23	24	2.1369166e-01
