0	1	5.7518105e-02
0	2	-6.3660931e-02
0	3	1.4007270e-02
0	4	7.1770267e-02
0	5	2.5706996e-02
0	6	-1.3781908e-02
0	7	-2.9151566e-02
0	8	-4.8683796e-02
0	9	-7.4907963e-02
0	10	-4.9424105e-02
0	11	9.8541214e-02
0	12	-5.0356177e-02
0	13	-3.1989766e-03
0	14	1.4265640e-02
0	15	7.7918198e-02
0	16	4.8268309e-02
0	17	-6.6206565e-02
0	18	3.4459598e-02
0	19	-1.8121603e-01
0	20	4.4120122e-02
0	21	7.8768425e-02
0	22	-2.7386531e-02
0	23	6.3369331e-02
0	24	9.0531136e-02
1	2	-8.9269723e-02
1	3	-3.5997265e-02
1	4	-3.3681727e-02
1	5	8.1527865e-03
1	6	3.7532417e-02
1	7	1.5772518e-01
1	8	-5.5400097e-02
1	9	-3.2582197e-02
1	10	-3.4432181e-02
1	11	1.5379661e-02
1	12	-8.0489991e-02
1	13	-1.5782856e-02
1	14	-1.0543628e-01
1	15	1.0342932e-01
1	16	9.8139518e-02
1	17	1.0514513e-02
1	18	4.0334635e-02
1	19	-1.4059092e-01
1	20	9.8478161e-02
1	21	6.0169894e-03
1	22	-6.5762703e-02
1	23	5.0677768e-02
1	24	2.9300174e-02
2	3	8.0708984e-02
2	4	-8.8033505e-02
2	5	2.1435165e-02
2	6	4.3434845e-02
2	7	-1.0052229e-01
2	8	2.5592990e-02
2	9	5.2954560e-02
2	10	5.1676872e-02
2	11	-1.1357171e-01
2	12	4.7693038e-02
2	13	1.2355793e-03
2	14	9.4025332e-02
2	15	-1.0751754e-01
2	16	1.0848057e-02
2	17	2.5892999e-02
2	18	4.9700463e-03
2	19	5.7967185e-02
2	20	-6.5104557e-02
2	21	-2.0880030e-02
2	22	2.2401551e-04
2	23	-6.2090517e-02
2	24	-9.4804789e-03
3	4	-1.6985630e-01
3	5	6.6638490e-02
3	6	7.7324391e-02
3	7	-1.4346186e-01
3	8	5.3604722e-02
3	9	1.8345237e-02
3	10	6.1361033e-03
3	11	-9.5219967e-02
3	12	5.2020730e-02
3	13	1.7587312e-02
3	14	1.3596406e-01
3	15	-6.7167525e-02
3	16	7.3061407e-02
3	17	-3.7583459e-02
3	18	4.2385127e-02
3	19	-1.0814051e-01
3	20	-3.2202853e-02
3	21	-2.8784858e-02
3	22	-4.4181897e-02
3	23	-9.1021003e-02
3	24	5.2973858e-02
4	5	-7.2291762e-02
4	6	-1.8798676e-01
4	7	3.9625971e-02
4	8	-1.4608262e-01
4	9	-9.6923520e-02
4	10	-8.7480054e-03
4	11	2.7045939e-01
4	12	-1.1287095e-01
4	13	-2.3962483e-02
4	14	-8.5607712e-02
4	15	9.0735017e-02
4	16	-1.5260113e-01
4	17	-2.5550834e-02
4	18	-8.1848601e-02
4	19	1.1337807e-01
4	20	-2.9116739e-03
4	21	1.9851960e-01
4	22	1.0233270e-01
4	23	2.0567196e-01
4	24	-3.6400089e-03
5	6	3.1033139e-02
5	7	2.3144101e-02
5	8	-2.2469534e-02
5	9	-2.8859308e-02
5	10	2.2421946e-02
5	11	3.1414773e-02
5	12	-9.9920945e-02
5	13	4.4374057e-02
5	14	5.8154023e-02
5	15	1.9024714e-02
5	16	4.4273761e-02
5	17	-7.7438824e-02
5	18	-6.0108337e-02
5	19	-4.0013120e-02
5	20	1.2096090e-02
5	21	5.9242185e-02
5	22	-6.0478299e-02
5	23	-6.5416347e-02
5	24	-2.3794996e-02
6	7	6.6098640e-03
6	8	1.6904579e-02
6	9	3.6495028e-02
6	10	9.0148281e-03
6	11	-1.3625575e-01
6	12	1.8431756e-02
6	13	-9.0768692e-03
6	14	2.1693333e-02
6	15	-2.9371633e-02
6	16	1.1418226e-01
6	17	3.2367089e-02
6	18	6.4486332e-02
6	19	-1.0050949e-01
6	20	1.9993113e-02
6	21	-5.8662107e-02
6	22	-6.6090905e-02
6	23	-5.0341374e-02
6	24	3.0342483e-02
7	8	-1.4375108e-01
7	9	-2.2525082e-02
7	10	3.3093348e-02
7	11	5.8053947e-02
7	12	-2.3429892e-01
7	13	-4.2265086e-03
7	14	-2.3522920e-01
7	15	1.4305504e-01
7	16	5.5989477e-02
7	17	5.2983590e-02
7	18	-8.2014103e-02
7	19	6.8619028e-02
7	20	1.2692050e-01
7	21	5.9131857e-02
7	22	-7.1626168e-02
7	23	6.8890303e-02
7	24	-1.1805770e-01
8	9	5.2701235e-02
8	10	-2.6280786e-02
8	11	-7.6613727e-02
8	12	1.7335028e-01
8	13	2.4011764e-02
8	14	7.7922064e-02
8	15	-7.6448962e-02
8	16	-5.3994531e-02
8	17	-1.1757266e-02
8	18	2.2362120e-02
8	19	3.5635884e-02
8	20	-5.6069778e-02
8	21	-1.4540327e-01
8	22	3.7832322e-02
8	23	-1.1883572e-01
8	24	-7.7220114e-03
9	10	2.1207219e-02
9	11	-1.1411208e-01
9	12	7.7899532e-02
9	13	-9.9463564e-03
9	14	8.0030940e-03
9	15	-6.9025746e-02
9	16	-4.6208741e-04
9	17	5.8733244e-02
9	18	2.4461471e-02
9	19	6.4743642e-02
9	20	-3.0251934e-02
9	21	-8.4345790e-02
9	22	1.0622267e-02
9	23	-4.6423066e-02
9	24	-2.3351801e-02
10	11	-2.9601667e-02
10	12	-4.0167516e-02
10	13	5.5646811e-03
10	14	6.2119299e-03
10	15	-3.2730331e-02
10	16	-4.5244486e-03
10	17	1.8712247e-02
10	18	-4.0440538e-02
10	19	8.5876646e-02
10	20	-1.9368705e-02
10	21	2.1530981e-02
10	22	-5.6307873e-03
10	23	-1.8839269e-02
10	24	-4.8507905e-02
11	12	-1.4069211e-01
11	13	3.7333417e-02
11	14	-3.6044358e-02
11	15	1.2554027e-01
11	16	-1.0816501e-01
11	17	-1.2006919e-01
11	18	-1.1997456e-01
11	19	3.1410051e-02
11	20	2.7039592e-02
11	21	1.5917014e-01
11	22	3.6315806e-02
11	23	7.8097743e-02
11	24	-2.8004184e-02
12	13	-2.1727162e-02
12	14	8.4341810e-02
12	15	-1.2095013e-01
12	16	-4.9790349e-02
12	17	5.0288955e-02
12	18	1.0842933e-01
12	19	4.2352104e-03
12	20	-7.9762155e-02
12	21	-1.7949331e-01
12	22	7.3022008e-02
12	23	-6.3706296e-02
12	24	5.8812368e-02
13	14	3.1765401e-02
13	15	3.2406627e-03
13	16	-2.6672110e-02
13	17	-4.9820603e-02
13	18	-5.3423295e-02
13	19	3.2794712e-02
13	20	-9.8383267e-03
13	21	7.7715078e-03
13	22	-4.2457885e-03
13	23	-5.3426056e-02
13	24	-3.6570510e-02
14	15	-9.3067424e-02
14	16	-9.1029044e-03
14	17	-7.2267405e-02
14	18	6.0841821e-03
14	19	-4.0531223e-02
14	20	-8.0029158e-02
14	21	-5.7642248e-03
14	22	6.6922731e-03
14	23	-9.6238231e-02
14	24	4.4245030e-02
15	16	2.5652094e-02
15	17	-3.8488384e-02
15	18	-2.3452550e-02
15	19	-8.0168220e-02
15	20	8.1195280e-02
15	21	7.3405159e-02
15	22	-3.2357978e-02
15	23	7.0511198e-02
15	24	5.5976891e-03
16	17	2.8171157e-02
16	18	9.5927027e-02
16	19	-2.1371320e-01
16	20	6.7569177e-02
16	21	-6.3852588e-04
16	22	-1.0413071e-01
16	23	1.2656699e-02
16	24	7.9958790e-02
17	18	6.3244139e-02
17	19	4.3014200e-02
17	20	3.2533713e-03
17	21	-6.3474100e-02
17	22	9.8569169e-03
17	23	4.1957577e-02
17	24	-5.8810390e-04
18	19	-1.7309361e-01
18	20	1.6681455e-02
18	21	-7.1694138e-02
18	22	-1.7220540e-02
18	23	4.1063376e-02
18	24	1.1921819e-01
19	20	-9.2315779e-02
19	21	-2.0016073e-02
19	22	1.0801680e-01
19	23	-5.6259609e-02
19	24	-2.0791573e-01
20	21	2.4005702e-02
20	22	-4.8321315e-02
20	23	4.4684784e-02
20	24	1.4918007e-02
21	22	-1.6675674e-02
21	23	9.2297357e-02
21	24	4.9809907e-03
22	23	1.6511140e-02
22	24	-1.6665811e-02
23	24	5.8489773e-02
