0	1	-2520
0	2	-200
0	3	-360
0	4	680
0	5	-120
0	6	1800
0	7	-3160
0	8	280
0	9	1800
0	10	440
0	11	-1560
0	12	-760
0	13	-200
0	14	1160
0	15	-2520
0	16	-3000
0	17	-1880
0	18	-920
0	19	-520
1	2	-2600
1	3	760
1	4	-2680
1	5	-1880
1	6	-2200
1	7	-440
1	8	-3080
1	9	-1400
1	10	-840
1	11	-1240
1	12	1160
1	13	-200
1	14	-1560
1	15	1320
1	16	3400
1	17	-920
1	18	2920
1	19	-680
2	3	-280
2	4	600
2	5	1400
2	6	1720
2	7	1560
2	8	360
2	9	280
2	10	1960
2	11	-1480
2	12	-680
2	13	-1880
2	14	1080
2	15	2360
2	16	-2920
2	17	1400
2	18	-2440
2	19	1160
3	4	760
3	5	-40
3	6	1880
3	7	-1480
3	8	200
3	9	-1480
3	10	520
3	11	1560
3	12	-840
3	13	-120
3	14	1240
3	15	-2600
3	16	120
3	17	-360
3	18	600
3	19	-600
4	5	-280
4	6	-600
4	7	-440
4	8	1720
4	9	-1400
4	10	2360
4	11	360
4	12	1160
4	13	3000
4	14	-1560
4	15	-1880
4	16	200
4	17	2280
4	18	1320
4	19	920
5	6	200
5	7	360
5	8	920
5	9	1000
5	10	-40
5	11	-2040
5	12	360
5	13	-2600
5	14	840
5	15	520
5	16	1000
5	17	1480
5	18	-1080
5	19	120
6	7	-3160
6	8	-360
6	9	1320
6	10	1240
6	11	1480
6	12	-920
6	13	-1320
6	14	520
6	15	-760
6	16	-3480
6	17	-1400
6	18	-2360
6	19	2040
7	8	-520
7	9	2760
7	10	-200
7	11	-280
7	12	520
7	13	440
7	14	680
7	15	2280
7	16	2760
7	17	4840
7	18	-920
7	19	-2920
8	9	-2440
8	10	1480
8	11	600
8	12	-200
8	13	2440
8	14	-1000
8	15	-360
8	16	-840
8	17	-1320
8	18	-1960
8	19	40
9	10	-40
9	11	-1080
9	12	-280
9	13	-680
9	14	3880
9	15	-440
9	16	-920
9	17	1800
9	18	-440
9	19	1560
10	11	-1480
10	12	920
10	13	40
10	14	-1320
10	15	1080
10	16	-40
10	17	440
10	18	1080
10	19	680
11	12	-2040
11	13	1080
11	14	840
11	15	-600
11	16	-1080
11	17	40
11	18	-2200
11	19	-200
12	13	1880
12	14	-1560
12	15	-1400
12	16	2920
12	17	840
12	18	200
12	19	-1000
13	14	-680
13	15	-1160
13	16	920
13	17	-200
13	18	2040
13	19	1640
14	15	200
14	16	-2520
14	17	-440
14	18	-1400
14	19	3000
15	16	1160
15	17	680
15	18	-1560
15	19	440
16	17	1800
16	18	1160
16	19	-3240
17	18	-920
17	19	-2120
18	19	2040
