0	1	-2120
0	2	3880
0	3	40
0	4	1880
0	5	-2520
0	6	-1160
0	7	40
0	8	1080
0	9	-440
0	10	520
0	11	840
0	12	-1400
0	13	-2680
0	14	-680
0	15	1240
0	16	-1000
0	17	-280
0	18	-2200
0	19	-600
1	2	-2360
1	3	-1400
1	4	3640
1	5	520
1	6	-1000
1	7	-1400
1	8	2520
1	9	-1880
1	10	-2840
1	11	-920
1	12	-1240
1	13	-920
1	14	-520
1	15	1080
1	16	760
1	17	-440
1	18	-440
1	19	1160
2	3	-200
2	4	1640
2	5	-680
2	6	-1400
2	7	-1800
2	8	-280
2	9	920
2	10	760
2	11	1080
2	12	1560
2	13	-2920
2	14	-920
2	15	-1720
2	16	-1240
2	17	-40
2	18	-840
2	19	-4040
3	4	-600
3	5	1560
3	6	1160
3	7	760
3	8	360
3	9	280
3	10	1400
3	11	1720
3	12	-680
3	13	2840
3	14	-1560
3	15	520
3	16	1320
3	17	600
3	18	-1480
3	19	-1480
4	5	1320
4	6	-3400
4	7	-600
4	8	3320
4	9	520
4	10	-2040
4	11	1480
4	12	-2040
4	13	-4920
4	14	-1320
4	15	280
4	16	-40
4	17	-1240
4	18	360
4	19	360
5	6	-440
5	7	-40
5	8	2120
5	9	440
5	10	-520
5	11	2360
5	12	3000
5	13	1080
5	14	2280
5	15	-1240
5	16	-600
5	17	-1320
5	18	600
5	19	2200
6	7	2760
6	8	-40
6	9	680
6	10	-600
6	11	-1880
6	12	-280
6	13	3240
6	14	-1160
6	15	120
6	16	-3080
6	17	200
6	18	-2680
6	19	-2680
7	8	1960
7	9	280
7	10	-200
7	11	120
7	12	-2280
7	13	-360
7	14	40
7	15	520
7	16	-1880
7	17	-1000
7	18	-1480
7	19	120
8	9	-760
8	10	-2520
8	11	360
8	12	200
8	13	-1720
8	14	1080
8	15	1560
8	16	-200
8	17	-1720
8	18	-2200
8	19	1000
9	10	-1320
9	11	2200
9	12	440
9	13	-840
9	14	-2040
9	15	1000
9	16	-2360
9	17	-520
9	18	-360
9	19	-360
10	11	-680
10	12	-360
10	13	920
10	14	520
10	15	-1080
10	16	2440
10	17	-1160
10	18	3640
10	19	-1160
11	12	-40
11	13	-360
11	14	840
11	15	1800
11	16	1160
11	17	-1480
11	18	760
11	19	2360
12	13	1400
12	14	1800
12	15	-1240
12	16	-1720
12	17	440
12	18	280
12	19	280
13	14	520
13	15	1640
13	16	200
13	17	120
13	18	-1000
13	19	600
14	15	1240
14	16	600
14	17	-280
14	18	1000
14	19	2600
15	16	-40
15	17	-1880
15	18	-2040
15	19	2760
16	17	1640
16	18	2280
16	19	2280
17	18	-360
17	19	-360
18	19	1080
