0	1	596
0	2	-436
0	3	2444
0	4	3476
0	5	-756
0	6	-516
0	7	-684
0	8	-36
0	9	2036
0	10	2764
0	11	-836
0	12	-2524
0	13	-2044
0	14	524
0	15	3324
0	16	2276
0	17	-2044
0	18	1324
0	19	-1084
1	2	3564
1	3	44
1	4	-524
1	5	-1556
1	6	-1316
1	7	-1484
1	8	764
1	9	1236
1	10	364
1	11	1564
1	12	1476
1	13	356
1	14	2924
1	15	924
1	16	-124
1	17	356
1	18	3724
1	19	1316
2	3	-1804
2	4	684
2	5	1396
2	6	-3644
2	7	-3156
2	8	676
2	9	524
2	10	-524
2	11	-124
2	12	1884
2	13	3004
2	14	116
2	15	516
2	16	-2916
2	17	-196
2	18	916
2	19	2044
3	4	364
3	5	-1484
3	6	-124
3	7	2924
3	8	-2204
3	9	1804
3	10	1396
3	11	196
3	12	-36
3	13	-516
3	14	-1164
3	15	4036
3	16	1564
3	17	-3716
3	18	-364
3	19	124
4	5	364
4	6	2204
4	7	-1804
4	8	-516
4	9	916
4	10	684
4	11	-1316
4	12	-3644
4	13	1636
4	14	44
4	15	1244
4	16	-444
4	17	1636
4	18	2444
4	19	-2204
5	6	1476
5	7	-276
5	8	-604
5	9	1804
5	10	-1804
5	11	-3004
5	12	-36
5	13	1084
5	14	-1164
5	15	2436
5	16	1564
5	17	1084
5	18	-1964
5	19	124
6	7	1564
6	8	-844
6	9	444
6	10	-444
6	11	-44
6	12	-2996
6	13	1324
6	14	196
6	15	-1004
6	16	204
6	17	2924
6	18	996
6	19	-1236
7	8	-2756
7	9	-1644
7	10	3244
7	11	-356
7	12	196
7	13	-924
7	14	-596
7	15	2204
7	16	1796
7	17	-924
7	18	-2996
7	19	-1564
8	9	2524
8	10	-2524
8	11	-524
8	12	684
8	13	204
8	14	-284
8	15	116
8	16	684
8	17	1804
8	18	2116
8	19	-756
9	10	-1076
9	11	124
9	12	-284
9	13	1796
9	14	1484
9	15	2684
9	16	1316
9	17	196
9	18	2284
9	19	-444
10	11	-124
10	12	284
10	13	-1796
10	14	1716
10	15	516
10	16	284
10	17	-196
10	18	-684
10	19	-1156
11	12	1484
11	13	1004
11	14	516
11	15	-2284
11	16	-1716
11	17	-596
11	18	1316
11	19	3244
12	13	436
12	14	1244
12	15	-756
12	16	-1644
12	17	436
12	18	444
12	19	1396
13	14	764
13	15	-1236
13	16	-4364
13	17	916
13	18	1564
13	19	276
14	15	-2044
14	16	-356
14	17	2364
14	18	3156
14	19	-1796
15	16	4044
15	17	-2836
15	18	-1244
15	19	-596
16	17	-1164
16	18	-1156
16	19	-1804
17	18	3164
17	19	-2924
18	19	-996
