0	1	-800
0	2	3120
0	3	-80
0	4	1200
0	5	2560
0	6	-1040
0	7	1440
0	8	2560
0	9	1760
0	10	2160
0	11	1760
0	12	-160
0	13	800
0	14	1760
0	15	-240
0	16	1520
0	17	-1760
0	18	1280
0	19	-1040
1	2	-80
1	3	1840
1	4	-1360
1	5	-1120
1	6	880
1	8	-1120
1	9	-320
1	10	1200
1	11	1600
1	12	-1280
1	13	-2560
1	14	-1600
1	15	-1200
1	16	-1680
1	17	320
1	18	480
1	19	880
2	3	960
2	4	-2080
2	5	-1840
2	6	1760
2	7	-720
2	8	-240
2	9	-1040
2	10	320
2	11	-880
2	12	-2160
2	13	-1680
2	14	-880
2	15	2720
2	16	-2400
2	17	-2160
2	18	-400
2	19	1760
3	4	-4160
3	5	-1200
3	6	3200
3	7	-720
3	8	-1200
3	9	1200
3	10	-480
3	11	720
3	12	400
3	13	240
3	14	-880
3	15	1920
3	16	-640
3	17	-2800
3	18	-2960
3	19	3200
4	5	1680
4	6	-1120
4	7	-400
4	8	1680
4	9	-720
4	11	-1200
4	12	720
4	13	240
4	14	2000
4	15	-800
4	16	2720
4	17	2320
4	18	2480
4	19	-4320
5	6	720
5	7	1440
5	8	-1280
5	9	1120
5	10	1360
5	11	160
5	12	2080
5	13	2080
5	14	1760
5	15	-1040
5	16	-240
5	17	480
5	18	2240
5	19	-880
6	7	-1360
6	8	-4080
6	9	-80
6	10	-2240
6	11	-1840
6	12	80
6	13	-720
6	14	-240
6	15	1760
6	16	-3040
6	17	1680
6	18	-1360
6	19	-480
7	8	-160
7	9	640
7	10	3440
7	11	640
7	12	-640
7	14	-960
7	15	-560
7	16	880
7	17	960
7	18	2720
7	19	240
8	9	1120
8	10	1360
8	11	1760
8	12	480
8	13	2080
8	14	160
8	15	560
8	16	2960
8	17	480
8	18	640
8	19	-880
9	10	560
9	11	2560
9	12	1280
9	13	1280
9	14	-640
9	15	-240
9	16	-1040
9	17	-320
9	18	1440
9	19	-80
10	11	-240
10	12	1040
10	13	-400
10	14	-1840
10	15	960
10	16	320
10	17	-560
10	18	880
10	19	2560
11	12	640
11	13	1600
11	14	-640
11	15	-2640
11	16	720
11	17	-960
11	18	480
11	19	-240
12	13	1920
12	14	640
12	15	240
12	16	1040
12	17	-1280
12	18	-1440
12	19	1680
13	14	3200
13	15	-1200
13	16	-80
13	17	320
13	18	480
13	19	-720
14	15	-2640
14	16	720
14	17	-960
14	18	-1120
14	19	-1840
15	16	-480
15	17	-1360
15	18	80
15	19	3360
16	17	-560
16	18	-400
16	19	-1440
17	18	1760
17	19	-4720
18	19	-1360
