0 1 4.3683409436834095
0 2 -3.2724505327245055
0 3 -5.58599695585997
0 4 6.712328767123288
0 5 -0.258751902587519
0 6 -4.7336377473363775
0 7 0.593607305936073
0 8 1.9634703196347032
0 9 -1.7199391171993912
0 10 0.350076103500761
0 11 1.8417047184170472
0 12 -6.9558599695586
0 13 4.9771689497716896
0 14 -2.085235920852359
0 15 -3.2724505327245055
0 16 0.593607305936073
0 17 -4.3683409436834095
0 18 4.52054794520548
0 19 -6.834094368340944
0 20 0.106544901065449
0 21 2.0547945205479454
0 22 0.837138508371385
0 23 5.12937595129376
0 24 -4.9771689497716896
0 25 0.593607305936073
0 26 4.6118721461187215
0 27 -0.015220700152207
0 28 -0.258751902587519
0 29 1.7199391171993912
0 30 0.715372907153729
0 31 1.8417047184170472
0 32 5.251141552511416
0 33 -4.6118721461187215
0 34 -1.7199391171993912
0 35 1.7199391171993912
0 36 -7.168949771689498
0 37 -0.471841704718417
0 38 -3.2724505327245055
0 39 1.7199391171993912
0 40 0.4489961896700705
0 41 0.0244521863023357
1 2 2.2983257229832574
1 3 -0.258751902587519
1 4 2.0547945205479454
1 5 6.103500761035008
1 6 -1.1111111111111112
1 7 -4.4901065449010655
1 8 -2.9375951293759512
1 9 -7.047184170471842
1 10 0.624048706240487
1 11 2.0547945205479454
1 12 -1.8112633181126332
1 13 0.867579908675799
1 14 3.0593607305936072
1 15 2.2983257229832574
1 16 0.380517503805175
1 17 -6.34703196347032
1 18 -0.624048706240487
1 19 -1.9330289193302892
1 20 5.73820395738204
1 21 8.660578386605783
1 22 -4.7336377473363775
1 23 -1.2328767123287672
1 24 -0.867579908675799
1 25 -4.4901065449010655
1 26 6.103500761035008
1 27 0.989345509893455
1 28 1.2328767123287672
1 29 2.1765601217656014
1 30 -4.6118721461187215
1 31 2.0547945205479454
1 32 -1.3546423135464232
1 33 -1.2328767123287672
1 34 -7.047184170471842
1 35 7.047184170471842
1 36 -3.5464231354642313
1 37 -0.502283105022831
1 38 2.2983257229832574
1 39 2.1765601217656014
1 46 -0.55680559203967
1 47 -0.9023805057442811
2 3 6.225266362252664
2 4 -0.958904109589041
2 5 2.5418569254185694
2 6 2.207001522070015
2 7 3.3942161339421615
2 8 -0.837138508371385
2 9 1.0806697108066972
2 10 3.1506849315068495
2 11 -0.958904109589041
2 12 5.58599695585997
2 13 -6.834094368340944
2 14 5.58599695585997
2 15 3.6681887366818873
2 16 3.3942161339421615
2 17 -2.2983257229832574
2 18 1.7199391171993912
2 19 0.837138508371385
2 20 2.9071537290715375
2 21 -0.015220700152207
2 22 -1.2328767123287672
2 23 -2.5418569254185694
2 24 6.834094368340944
2 25 -1.4764079147640792
2 26 2.5418569254185694
2 27 2.7853881278538815
2 28 2.5418569254185694
2 29 -1.0806697108066972
2 30 -6.225266362252664
2 31 -0.958904109589041
2 32 -2.4200913242009134
2 33 -2.5418569254185694
2 34 -3.7899543378995433
2 35 -1.0806697108066972
2 36 -0.228310502283105
2 37 1.5981735159817352
2 38 3.6681887366818873
2 39 3.7899543378995433
2 52 -0.6972160143690043
2 53 0.12170016742054668
3 4 -3.2724505327245055
3 5 4.8554033485540335
3 6 -0.106544901065449
3 7 0.837138508371385
3 8 1.7199391171993912
3 9 -1.4764079147640792
3 10 0.593607305936073
3 11 -3.2724505327245055
3 12 7.899543378995434
3 13 -4.52054794520548
3 14 3.0289193302891935
3 15 6.225266362252664
3 16 0.837138508371385
3 17 0.258751902587519
3 18 -0.593607305936073
3 19 3.1506849315068495
3 20 0.350076103500761
3 21 -2.5722983257229832
3 22 -3.7899543378995433
3 23 -4.8554033485540335
3 24 4.52054794520548
3 25 -4.033485540334856
3 26 -0.015220700152207
3 27 5.098934550989346
3 28 4.8554033485540335
3 29 1.4764079147640792
3 30 -3.9117199391171993
3 31 -3.2724505327245055
3 32 -4.7336377473363775
3 33 0.015220700152207
3 34 -1.4764079147640792
3 35 1.4764079147640792
3 36 2.328767123287671
3 37 -0.715372907153729
3 38 1.3546423135464232
3 39 1.4764079147640792
3 58 -0.28867781554073546
3 59 0.9861311448777241
4 5 -2.5722983257229832
4 6 -7.290715372907154
4 7 3.1506849315068495
4 8 4.277016742770168
4 9 0.837138508371385
4 10 2.9071537290715375
4 11 4.155251141552512
4 12 -4.398782343987824
4 13 2.6636225266362255
4 14 -4.398782343987824
4 15 -0.958904109589041
4 16 -1.7199391171993912
4 17 -6.925418569254186
4 18 1.9634703196347032
4 19 -4.277016742770168
4 20 2.6636225266362255
4 21 -0.258751902587519
4 22 -1.4764079147640792
4 23 2.5722983257229832
4 24 -2.6636225266362255
4 25 3.1506849315068495
4 26 2.2983257229832574
4 27 -2.328767123287671
4 28 2.2983257229832574
4 29 4.033485540334856
4 30 3.2724505327245055
4 31 4.155251141552512
4 32 2.6940639269406392
4 33 -7.168949771689498
4 34 0.837138508371385
4 35 -0.837138508371385
4 36 -4.8554033485540335
4 37 -3.0289193302891935
4 38 -0.958904109589041
4 39 4.033485540334856
4 64 0.8542862900340427
4 65 -0.00124623165989024
5 6 -0.867579908675799
5 7 -4.7336377473363775
5 8 -2.6940639269406392
5 9 -7.290715372907154
5 10 0.380517503805175
5 11 -2.5722983257229832
5 12 2.8158295281582952
5 13 0.624048706240487
5 14 2.8158295281582952
5 15 2.5418569254185694
5 16 0.136986301369863
5 17 -1.2328767123287672
5 18 -0.380517503805175
5 19 2.6940639269406392
5 20 0.624048706240487
5 21 3.5464231354642313
5 22 -4.9771689497716896
5 23 -5.859969558599696
5 24 -0.624048706240487
5 25 -9.604261796042618
5 26 5.859969558599696
5 27 5.616438356164384
5 28 0.989345509893455
5 29 2.4200913242009134
5 30 -4.8554033485540335
5 31 -2.5722983257229832
5 32 -1.1111111111111112
5 33 3.8812785388127855
5 34 -7.290715372907154
5 35 7.290715372907154
5 36 1.5677321156773212
5 37 -0.258751902587519
5 38 -2.328767123287671
5 39 2.4200913242009134
5 70 0.7171668753457883
5 71 -0.9548778845853152
6 7 -0.015220700152207
6 8 -7.168949771689498
6 9 2.5418569254185694
6 10 -0.258751902587519
6 11 -2.4200913242009134
6 12 2.1765601217656014
6 13 -5.372907153729072
6 14 7.047184170471842
6 15 -2.6636225266362255
6 16 4.8554033485540335
6 17 5.981735159817352
6 18 0.258751902587519
6 19 2.2983257229832574
6 20 -0.502283105022831
6 21 1.4459665144596652
6 22 5.098934550989346
6 23 0.867579908675799
6 24 5.372907153729072
6 25 -0.015220700152207
6 26 -0.867579908675799
6 27 -0.624048706240487
6 28 -5.73820395738204
6 29 -7.41248097412481
6 30 -4.764079147640792
6 31 -2.4200913242009134
6 32 0.989345509893455
6 33 5.73820395738204
6 34 -2.328767123287671
6 35 -2.5418569254185694
6 36 3.1811263318112633
6 37 5.007610350076104
6 38 2.207001522070015
6 39 -2.5418569254185694
6 76 0.44014414072149655
6 77 0.44123032496668113
7 8 3.0289193302891935
7 9 6.468797564687976
7 10 4.398782343987824
7 11 -1.7199391171993912
7 12 1.9634703196347032
7 13 -5.098934550989346
7 14 1.9634703196347032
7 15 -1.4764079147640792
7 16 4.155251141552512
7 17 -0.380517503805175
7 18 5.342465753424658
7 19 -3.0289193302891935
7 20 -0.228310502283105
7 21 -7.047184170471842
7 22 3.9117199391171993
7 23 4.7336377473363775
7 24 5.098934550989346
7 25 4.155251141552512
7 26 0.136986301369863
7 27 -0.106544901065449
7 28 0.136986301369863
7 29 -1.5981735159817352
7 30 -0.837138508371385
7 31 -1.7199391171993912
7 32 4.6118721461187215
7 33 -5.007610350076104
7 34 1.5981735159817352
7 35 -6.468797564687976
7 36 -2.450532724505327
7 37 0.593607305936073
7 38 -1.4764079147640792
7 39 3.2724505327245055
7 82 0.6473319047558306
7 83 -0.06141552221227542
8 9 0.715372907153729
8 10 -2.085235920852359
8 11 -0.593607305936073
8 12 0.350076103500761
8 13 2.5418569254185694
8 14 -4.52054794520548
8 15 4.033485540334856
8 16 -1.8417047184170472
8 17 -1.9330289193302892
8 18 2.085235920852359
8 19 -4.398782343987824
8 20 -2.328767123287671
8 21 -5.251141552511416
8 22 -1.5981735159817352
8 23 2.6940639269406392
8 24 -2.5418569254185694
8 25 3.0289193302891935
8 26 -2.6940639269406392
8 27 2.4200913242009134
8 28 7.047184170471842
8 29 4.155251141552512
8 30 3.1506849315068495
8 31 -0.593607305936073
8 32 -2.0547945205479454
8 33 -7.047184170471842
8 34 5.58599695585997
8 35 -0.715372907153729
8 36 -4.7336377473363775
8 37 -2.9071537290715375
8 38 -0.837138508371385
8 39 -0.715372907153729
8 88 -0.8676079516495736
8 89 -0.6430273428797841
9 10 1.8417047184170472
9 11 0.837138508371385
9 12 -0.593607305936073
9 13 -2.7853881278538815
9 14 -0.593607305936073
9 15 -3.7899543378995433
9 16 1.5981735159817352
9 17 2.1765601217656014
9 18 3.0289193302891935
9 19 -0.715372907153729
9 20 -2.7853881278538815
9 21 -4.7336377473363775
9 22 6.225266362252664
9 23 2.4200913242009134
9 24 2.7853881278538815
9 25 6.468797564687976
9 26 -2.4200913242009134
9 27 -2.6636225266362255
9 28 -2.4200913242009134
9 29 -3.9117199391171993
9 30 1.4764079147640792
9 31 0.837138508371385
9 32 2.2983257229832574
9 33 -2.450532724505327
9 34 3.9117199391171993
9 35 -8.78234398782344
9 36 0.106544901065449
9 37 3.1506849315068495
9 38 1.0806697108066972
9 39 0.958904109589041
9 94 0.37963047896185387
9 95 0.4457827083881398
10 11 -1.9634703196347032
10 12 2.207001522070015
10 13 -4.8554033485540335
10 14 2.207001522070015
10 15 -1.7199391171993912
10 16 -0.471841704718417
10 17 -5.494672754946728
10 18 0.228310502283105
10 19 2.085235920852359
10 20 4.885844748858448
10 21 -1.9330289193302892
10 22 -0.715372907153729
10 23 -0.380517503805175
10 24 4.8554033485540335
10 25 -0.471841704718417
10 26 5.251141552511416
10 27 -4.7336377473363775
10 28 -4.4901065449010655
10 29 3.0289193302891935
10 30 -0.593607305936073
10 31 -1.9634703196347032
10 32 4.3683409436834095
10 33 -0.380517503805175
10 34 -3.0289193302891935
10 35 -1.8417047184170472
10 36 2.1765601217656014
10 37 0.350076103500761
10 38 -1.7199391171993912
10 39 7.899543378995434
10 100 0.6973613929363858
10 101 -0.11096032612221562
11 12 -4.398782343987824
11 13 2.6636225266362255
11 14 -4.398782343987824
11 15 -0.958904109589041
11 16 -1.7199391171993912
11 17 -2.0547945205479454
11 18 -2.9071537290715375
11 19 0.593607305936073
11 20 2.6636225266362255
11 21 4.6118721461187215
11 22 -1.4764079147640792
11 23 -2.2983257229832574
11 24 -2.6636225266362255
11 25 3.1506849315068495
11 26 -2.5722983257229832
11 27 -2.328767123287671
11 28 2.2983257229832574
11 29 -0.837138508371385
11 30 3.2724505327245055
11 31 9.025875190258752
11 32 -2.1765601217656014
11 33 -2.2983257229832574
11 34 0.837138508371385
11 35 -0.837138508371385
11 36 0.015220700152207
11 37 -3.0289193302891935
11 38 3.9117199391171993
11 39 -0.837138508371385
11 106 0.9417960937918115
11 107 -0.7657750421191865
12 13 -7.290715372907154
12 14 4.642313546423136
12 15 5.58599695585997
12 16 1.9634703196347032
12 17 1.8112633181126332
12 18 -2.207001522070015
12 19 4.52054794520548
12 20 2.450532724505327
12 21 -4.3683409436834095
12 22 -3.1506849315068495
12 23 -2.8158295281582952
12 24 7.290715372907154
12 25 -2.9071537290715375
12 26 -2.0547945205479454
12 27 2.5722983257229832
12 28 2.8158295281582952
12 29 0.593607305936073
12 30 -3.0289193302891935
12 31 -4.398782343987824
12 32 -2.9375951293759512
12 33 2.0547945205479454
12 34 -0.593607305936073
12 35 0.593607305936073
12 36 4.6118721461187215
12 37 -2.085235920852359
12 38 0.715372907153729
12 39 0.593607305936073
12 112 0.3306106149925505
12 113 0.10324087284579764
13 14 -7.290715372907154
13 15 -1.9634703196347032
13 16 -5.098934550989346
13 17 -0.867579908675799
13 18 -0.015220700152207
13 19 -2.5418569254185694
13 20 -4.6118721461187215
13 21 3.1811263318112633
13 22 -0.471841704718417
13 23 -0.624048706240487
13 24 -10.0
13 25 -0.228310502283105
13 26 0.624048706240487
13 27 0.380517503805175
13 28 0.624048706240487
13 29 2.7853881278538815
13 30 4.52054794520548
13 31 2.6636225266362255
13 32 -0.745814307458143
13 33 -0.624048706240487
13 34 2.085235920852359
13 35 2.7853881278538815
13 36 -2.9375951293759512
13 37 0.106544901065449
13 38 -1.9634703196347032
13 39 -2.085235920852359
13 118 0.07059428570085946
13 119 -0.9904346113233826
14 15 0.715372907153729
14 16 6.834094368340944
14 17 1.8112633181126332
14 18 2.6636225266362255
14 19 -0.350076103500761
14 20 2.450532724505327
14 21 0.502283105022831
14 22 1.7199391171993912
14 23 2.0547945205479454
14 24 7.290715372907154
14 25 -2.9071537290715375
14 26 2.8158295281582952
14 27 2.5722983257229832
14 28 -2.0547945205479454
14 29 -4.277016742770168
14 30 -7.899543378995434
14 31 -4.398782343987824
14 32 1.9330289193302892
14 33 2.0547945205479454
14 34 -5.464231354642314
14 35 0.593607305936073
14 36 -0.258751902587519
14 37 2.7853881278538815
14 38 0.715372907153729
14 39 0.593607305936073
14 124 -0.6987595370990385
14 125 -0.5464429193668077
15 16 -1.4764079147640792
15 17 -2.2983257229832574
15 18 -3.1506849315068495
15 19 0.837138508371385
15 20 2.9071537290715375
15 21 -0.015220700152207
15 22 -6.103500761035008
15 23 -2.5418569254185694
15 24 1.9634703196347032
15 25 -1.4764079147640792
15 26 -2.328767123287671
15 27 2.7853881278538815
15 28 7.41248097412481
15 29 3.7899543378995433
15 30 -1.3546423135464232
15 31 -0.958904109589041
15 32 -7.290715372907154
15 33 -2.5418569254185694
15 34 1.0806697108066972
15 35 3.7899543378995433
15 36 -0.228310502283105
15 37 -3.2724505327245055
15 38 3.6681887366818873
15 39 -1.0806697108066972
15 130 0.9434675232579095
15 131 -0.2760117104672295
16 17 4.4901065449010655
16 18 5.342465753424658
16 19 -3.0289193302891935
16 20 -0.228310502283105
16 21 -2.1765601217656014
16 22 3.9117199391171993
16 23 4.7336377473363775
16 24 5.098934550989346
16 25 -0.715372907153729
16 26 0.136986301369863
16 27 4.764079147640792
16 28 0.136986301369863
16 29 -6.468797564687976
16 30 -5.707762557077626
16 31 -1.7199391171993912
16 32 4.6118721461187215
16 33 -0.136986301369863
16 34 -3.2724505327245055
16 35 -1.5981735159817352
16 36 -2.450532724505327
16 37 0.593607305936073
16 38 -1.4764079147640792
16 39 -1.5981735159817352
16 136 0.7669194957084136
16 137 0.25440583386742266
17 18 0.624048706240487
17 19 1.9330289193302892
17 20 -5.73820395738204
17 21 -3.7899543378995433
17 22 4.7336377473363775
17 23 1.2328767123287672
17 24 0.867579908675799
17 25 -0.380517503805175
17 26 -6.103500761035008
17 27 3.8812785388127855
17 28 -1.2328767123287672
17 29 -7.047184170471842
17 30 -0.258751902587519
17 31 -2.0547945205479454
17 32 1.3546423135464232
17 33 6.103500761035008
17 34 2.1765601217656014
17 35 -2.1765601217656014
17 36 3.5464231354642313
17 37 0.502283105022831
17 38 -2.2983257229832574
17 39 -7.047184170471842
17 142 -0.8262093878167884
17 143 -0.014296171084042353
18 19 -6.9558599695586
18 20 -4.885844748858448
18 21 -2.9375951293759512
18 22 5.58599695585997
18 23 5.251141552511416
18 24 0.015220700152207
18 25 0.471841704718417
18 26 4.4901065449010655
18 27 4.7336377473363775
18 28 -0.380517503805175
18 29 -3.0289193302891935
18 30 -4.277016742770168
18 31 -2.9071537290715375
18 32 5.372907153729072
18 33 -4.4901065449010655
18 34 -1.8417047184170472
18 35 -3.0289193302891935
18 36 -7.047184170471842
18 37 4.52054794520548
18 38 -3.1506849315068495
18 39 1.8417047184170472
18 148 -0.6964686534042446
18 149 0.8028370669335552
19 20 2.328767123287671
19 21 0.380517503805175
19 22 -3.2724505327245055
19 23 -7.56468797564688
19 24 2.5418569254185694
19 25 -3.0289193302891935
19 26 -2.1765601217656014
19 27 -2.4200913242009134
19 28 -2.1765601217656014
19 29 0.715372907153729
19 30 1.7199391171993912
19 31 0.593607305936073
19 32 -2.8158295281582952
19 33 7.047184170471842
19 34 -0.715372907153729
19 35 0.715372907153729
19 36 9.604261796042618
19 37 -1.9634703196347032
19 38 0.837138508371385
19 39 0.715372907153729
19 154 0.0901446587420962
19 155 0.29011619517984966
20 21 3.1811263318112633
20 22 -5.342465753424658
20 23 -0.624048706240487
20 24 4.6118721461187215
20 25 -0.228310502283105
20 26 0.624048706240487
20 27 -4.4901065449010655
20 28 0.624048706240487
20 29 2.7853881278538815
20 30 -0.350076103500761
20 31 2.6636225266362255
20 32 -0.745814307458143
20 33 -0.624048706240487
20 34 -2.7853881278538815
20 35 2.7853881278538815
20 36 1.9330289193302892
20 37 -4.764079147640792
20 38 2.9071537290715375
20 39 2.7853881278538815
20 160 0.04336284206493146
20 161 -0.04336496166664805
21 22 -2.4200913242009134
21 23 -3.5464231354642313
21 24 -3.1811263318112633
21 25 -2.1765601217656014
21 26 3.5464231354642313
21 27 -1.5677321156773212
21 28 -1.3242009132420092
21 29 -0.136986301369863
21 30 -2.2983257229832574
21 31 4.6118721461187215
21 32 -3.6681887366818873
21 33 1.3242009132420092
21 34 -4.7336377473363775
21 35 4.7336377473363775
21 36 -0.989345509893455
21 37 2.0547945205479454
21 38 4.8554033485540335
21 39 -0.136986301369863
21 166 -0.7362983697177656
21 167 0.1811220885153597
22 23 4.9771689497716896
22 24 0.471841704718417
22 25 3.9117199391171993
22 26 -0.106544901065449
22 27 -0.350076103500761
22 28 -4.9771689497716896
22 29 -6.225266362252664
22 30 -1.0806697108066972
22 31 -1.4764079147640792
22 32 4.8554033485540335
22 33 0.106544901065449
22 34 1.3546423135464232
22 35 -6.225266362252664
22 36 -2.207001522070015
22 37 5.707762557077626
22 38 -1.2328767123287672
22 39 -1.3546423135464232
22 172 -0.2734233048728245
22 173 0.7462948153623343
23 24 0.624048706240487
23 25 4.7336377473363775
23 26 -0.989345509893455
23 27 -0.745814307458143
23 28 -0.989345509893455
23 29 -2.4200913242009134
23 30 -0.015220700152207
23 31 -2.2983257229832574
23 32 5.981735159817352
23 33 -3.8812785388127855
23 34 2.4200913242009134
23 35 -2.4200913242009134
23 36 -6.438356164383562
23 37 0.258751902587519
23 38 -2.5418569254185694
23 39 -2.4200913242009134
23 178 0.7981211560617465
23 179 0.8637660343774449
24 25 0.228310502283105
24 26 -0.624048706240487
24 27 -0.380517503805175
24 28 -0.624048706240487
24 29 -2.7853881278538815
24 30 -4.52054794520548
24 31 -2.6636225266362255
24 32 0.745814307458143
24 33 0.624048706240487
24 34 -2.085235920852359
24 35 -2.7853881278538815
24 36 2.9375951293759512
24 37 -0.106544901065449
24 38 1.9634703196347032
24 39 2.085235920852359
24 184 -0.3049637411256134
24 185 -0.22203071663498708
25 26 -4.7336377473363775
25 27 -4.9771689497716896
25 28 0.136986301369863
25 29 -1.5981735159817352
25 30 4.033485540334856
25 31 3.1506849315068495
25 32 -0.258751902587519
25 33 -5.007610350076104
25 34 6.468797564687976
25 35 -6.468797564687976
25 36 -2.450532724505327
25 37 0.593607305936073
25 38 3.3942161339421615
25 39 -1.5981735159817352
25 190 -0.8826910909181382
25 191 -0.5841058830613881
26 27 0.745814307458143
26 28 -3.8812785388127855
26 29 2.4200913242009134
26 30 -4.8554033485540335
26 31 -2.5722983257229832
26 32 3.7595129375951295
26 33 -0.989345509893455
26 34 -7.290715372907154
26 35 2.4200913242009134
26 36 -3.3028919330289193
26 37 4.6118721461187215
26 38 -2.328767123287671
26 39 7.290715372907154
26 196 -0.804823271194212
26 197 -0.779110065758085
27 28 5.616438356164384
27 29 -2.207001522070015
27 30 -5.098934550989346
27 31 -2.328767123287671
27 32 -0.867579908675799
27 33 -0.745814307458143
27 34 -2.6636225266362255
27 35 2.6636225266362255
27 36 -3.0593607305936072
27 37 -0.015220700152207
27 38 -2.085235920852359
27 39 -2.207001522070015
27 202 0.3899522351995457
27 203 -0.5454343651626934
28 29 2.4200913242009134
28 30 0.015220700152207
28 31 2.2983257229832574
28 32 -5.981735159817352
28 33 -5.859969558599696
28 34 2.450532724505327
28 35 2.4200913242009134
28 36 -3.3028919330289193
28 37 -5.12937595129376
28 38 2.5418569254185694
28 39 -2.450532724505327
28 208 -0.8930369499718145
28 209 0.32715157438447995
29 30 3.3942161339421615
29 31 -0.837138508371385
29 32 -2.2983257229832574
29 33 -2.4200913242009134
29 34 0.958904109589041
29 35 3.9117199391171993
29 36 -0.106544901065449
29 37 -3.1506849315068495
29 38 -1.0806697108066972
29 39 3.9117199391171993
29 214 -0.586644244525246
29 215 0.27756948870195686
30 31 3.2724505327245055
30 32 -0.136986301369863
30 33 -0.015220700152207
30 34 6.34703196347032
30 35 -1.4764079147640792
30 36 2.5418569254185694
30 37 -4.155251141552512
30 38 -1.3546423135464232
30 39 -1.4764079147640792
30 220 0.6041815650242965
30 221 -0.7969059907108893
31 32 -2.1765601217656014
31 33 -2.2983257229832574
31 34 0.837138508371385
31 35 -0.837138508371385
31 36 0.015220700152207
31 37 -3.0289193302891935
31 38 3.9117199391171993
31 39 -0.837138508371385
31 226 -0.35206949964388157
31 227 -0.3009377894297769
32 33 1.1111111111111112
32 34 -2.5722983257229832
32 35 -2.2983257229832574
32 36 -1.4459665144596652
32 37 0.380517503805175
32 38 -7.290715372907154
32 39 2.5722983257229832
32 232 -0.7678216820389099
32 233 -0.3904616831424832
33 34 -2.450532724505327
33 35 2.450532724505327
33 36 8.173515981735159
33 37 0.258751902587519
33 38 -2.5418569254185694
33 39 -2.4200913242009134
33 238 0.785078696518847
33 239 0.7127504616418694
34 35 -3.9117199391171993
34 36 0.106544901065449
34 37 -1.7199391171993912
34 38 1.0806697108066972
34 39 -3.9117199391171993
34 244 0.24442156052130937
34 245 -0.4843560664611186
35 36 -0.106544901065449
35 37 -3.1506849315068495
35 38 -1.0806697108066972
35 39 -0.958904109589041
35 250 -0.2780316561024536
35 251 -0.5541890661311315
36 37 -2.2983257229832574
36 38 -0.228310502283105
36 39 -0.106544901065449
36 256 0.21131728272414985
36 257 -0.5321672891057605
37 38 1.5981735159817352
37 39 1.7199391171993912
37 262 0.47122220959512084
37 263 -0.866810189167514
38 39 -1.0806697108066972
38 268 -0.9915281162783958
38 269 0.3871613045725777
39 274 0.5014955942521966
39 275 0.7046169636905806
40 42 -0.4756243377267193
40 43 0.38866467701154916
41 44 -0.9342235587288614
41 45 -0.8932143036038713
42 128 0.10835550879831723
42 141 0.19770909927449942
43 68 0.01997183936089053
44 273 -0.9445278473792544
46 48 0.695352395778017
46 49 -0.02914613943191169
46 259 -0.31926008423724084
47 50 -0.9427836037306245
47 51 -0.5206786829531362
48 52 0.4687043406000697
51 130 0.335432037107537
52 54 -0.665301650774986
52 55 -0.822535673700004
53 56 0.044324111692335855
53 57 -0.17205666860262858
56 126 0.8741050995330979
57 95 0.030410551079426584
57 149 -0.7579507271982409
58 60 -0.6794453822072679
58 61 -0.38172141383099056
59 62 -0.9120441191835811
59 63 0.6606381239608574
59 156 -0.7448033490459567
60 273 0.22014334738446073
64 66 -0.07395414234063935
64 67 -0.8231270537038664
64 273 -0.9870009568657307
65 68 -0.7897832863680916
65 69 0.9283904545242307
68 242 0.11736711700380753
70 72 0.454702887192574
70 73 0.8485685092191819
70 256 -0.3359000686725324
71 74 -0.9513335762396091
71 75 -0.46393600263941615
76 78 -0.8737424101791349
76 79 0.306974396976754
77 80 0.6375406967881605
77 81 -0.6088330998084981
77 179 -0.2959065667849423
77 207 -0.7779183840620216
77 228 0.9770312398225773
81 272 0.014487092553183478
82 84 0.012731008509838437
82 85 0.19629051939721975
83 86 -0.6016120117835357
83 87 -0.7543605795342936
83 272 0.5130972423032345
86 215 0.7260590470419546
87 140 0.3002819644459691
88 90 0.12187043529054087
88 91 -0.5595784026941082
88 213 0.08509707693278079
89 92 -0.700296030626747
89 93 -0.4934707611230198
94 96 -0.49101777908453403
94 97 -0.8732961153442969
95 98 -0.6399067020669369
95 99 -0.373397867034694
100 102 -0.591959580700165
100 103 -0.8061794170153607
101 104 0.13969213893548926
101 105 0.5880377638517282
102 195 -0.4714007741615598
106 108 -0.38520902889769437
106 109 0.07286175071800693
107 110 -0.5941579985174126
107 111 0.1859623242471733
108 125 0.8165069106159257
109 182 0.6153684025887334
112 114 -0.4209564128037746
112 115 -0.6939909275550198
113 116 -0.31769289174909576
113 117 0.6104520360046461
113 275 -0.24280834620684755
118 120 -0.914488874439993
118 121 -0.9153443208283123
119 122 -0.09434667532556151
119 123 -0.9800862559944354
120 197 0.4458063851103877
124 126 -0.7939975424403962
124 127 -0.4451323566230523
125 128 0.639623275729051
125 129 -0.5749009261887481
129 178 0.47997944894611777
130 132 -0.9834945994057571
130 133 -0.4065127400614126
131 134 0.03547369081205831
131 135 0.6952818210677205
131 198 0.7137736705208828
132 275 -0.4394005859315808
134 163 0.37714523238389797
136 138 -0.48699804883284026
136 139 -0.9338240494080137
137 140 0.3334417362146651
137 141 -0.7631407230002436
142 144 -0.5569344913818035
142 145 -0.1309738396357063
142 221 -0.4858578347468081
143 146 -0.8721759534793359
143 147 -0.328952520655563
148 150 -0.7102516330118736
148 151 0.044670648082792974
149 152 0.5083109540364064
149 153 0.7538580893411828
150 220 -0.31310434059506087
151 269 0.5312840241119745
153 155 0.1065712690910825
154 156 0.05315997337779321
154 157 -0.9253203775772605
155 158 -0.06303226936271078
155 159 -0.4252493176754044
155 201 -0.5564851544165976
157 169 -0.5273104891475751
160 162 -0.5964913492146022
160 163 0.5842203799955166
161 164 -0.6947025441648369
161 165 -0.776341557426061
166 168 -0.31523214020726376
166 169 -0.6728932816966573
167 170 -0.03564961671963274
167 171 -0.5079098066502137
171 229 0.5232537092220548
172 174 0.6715403039779406
172 175 -0.5218063241650996
173 176 -0.32643701873553277
173 177 -0.0813478684570641
176 180 0.7517576345043058
178 180 0.21477749525573642
178 181 0.6971839536993443
179 182 -0.7782764303063943
179 183 -0.5775995660033466
182 252 0.8820758417869654
184 186 0.6416574531441832
184 187 -0.33768179869060977
185 188 0.06888945937045032
185 189 -0.879534462740881
190 192 0.0007538247842662216
190 193 -0.8845267702115402
191 194 -0.5601027310092501
191 195 0.4558814268822209
196 198 -0.11135202072528716
196 199 -0.9349538652323046
196 221 -0.26888574730896675
197 200 -0.9757516762521123
197 201 -0.02578720734450024
200 207 0.7069612026155103
202 204 0.2430017386269394
202 205 -0.6547971535713468
202 245 0.12174589121885426
203 206 -0.3291316375568767
203 207 0.512568149249699
208 210 0.007834725431849598
208 211 -0.5374953556897466
209 212 -0.4144543986389688
209 213 -0.12226344973081682
212 273 -0.30331180686670245
214 216 0.15578113512818104
214 217 -0.7964234164099262
215 218 -0.14097142979438537
215 219 -0.33402803454302665
220 222 -0.49448042283314786
220 223 0.06686036692257091
220 236 0.1319894701428843
220 272 0.8694432540398047
221 224 -0.07623464864998697
221 225 0.5507820989220673
221 256 0.02598469098247902
225 246 -0.5840733807543923
226 228 -0.3794417508838168
226 229 -0.3684057394830067
227 230 -0.21167750104102478
227 231 -0.6517939875541892
232 234 -0.5795079780223227
232 235 -0.8744567539516421
233 236 -0.9403314135947327
233 237 -0.8686010630671321
238 240 -0.1531907280928999
238 241 -0.6642510232795753
239 242 0.36786006541659044
239 243 -0.9588277725561636
244 246 -0.9380595280469792
244 247 -0.10238536443452606
245 248 -0.6570204861614728
245 249 0.11319004412175393
250 252 0.4645279871087733
250 253 -0.34325723569157596
251 254 -0.36045430759106956
251 255 -0.11450679480847059
256 258 -0.3571015233303887
256 259 0.05025502661882908
257 260 -0.4797050599266208
257 261 -0.1312437428208726
262 264 0.13812278477848627
262 265 -0.009040819068336647
263 266 -0.9325218876680483
263 267 -0.4910990469066274
268 270 -0.5752829369838526
268 271 0.3547365533927369
269 272 -0.8986372741678583
269 273 -0.05455403005532311
274 276 0.276814262398835
274 277 -0.4739122995789886
275 278 -0.38074197864939463
275 279 -0.9711126192090829
0 0 0.12603272497630114
1 1 -0.8923338141421144
2 2 -0.6282294529781045
3 3 1.6453894062852186
4 4 0.9917020677407745
5 5 0.5873143908260627
6 6 1.0706509962503241
7 7 0.7612996181485676
8 8 -0.7216592273064153
9 9 -1.9491170184468307
10 10 -1.955629212837685
11 11 -0.5750560228370283
12 12 -1.8815982866615542
13 13 0.42541938365437787
14 14 -1.824769585151699
15 15 -1.0221908653224259
16 16 -0.0701706920729781
17 17 -0.5925083527404094
18 18 0.009859222775089105
19 19 -1.8101902021322325
20 20 -0.27395330706345256
21 21 1.978473820919685
22 22 -1.2904853072485754
23 23 1.8437080261470142
24 24 0.8404609087471311
25 25 -1.611633547139728
26 26 -0.1617324425729008
27 27 1.5672925905384076
28 28 -0.13844270552820515
29 29 -1.1093788860059104
30 30 1.9676342359185472
31 31 -1.2842754691389637
32 32 1.161746037610485
33 33 1.0584371537150274
34 34 -0.36877183988003326
35 35 0.8673902088455416
36 36 1.8224884931663932
37 37 -0.6851228384604271
38 38 -0.959057442613057
39 39 -0.8124296016881245
40 40 0.8321506799024054
41 41 -0.32225221395864034
42 42 1.525603544252376
43 43 0.19488896542032966
44 44 1.6999063481834276
45 45 -1.2459603987674983
46 46 1.188274684130544
47 47 0.9897260559609191
48 48 -1.8519692041106615
49 49 -0.4752771121142607
50 50 1.7515882173451582
51 51 -0.7489611689640134
52 52 0.49756020323150324
53 53 -0.48395280755452275
54 54 -1.8971313828474283
55 55 0.0062313325060854305
56 56 0.33085570800222364
57 57 -0.36230338540127743
58 58 -1.193904773337319
59 59 -1.8411012983484412
60 60 1.434975768472658
61 61 -0.32112243347440206
62 62 -0.02372806491604207
63 63 0.6130409934460559
64 64 -1.1756969085468163
65 65 1.3653651599432923
66 66 0.8434481899871936
67 67 -0.34830610891503433
68 68 1.1610969687389066
69 69 0.04218031125232314
70 70 0.8500677439581993
71 71 1.4164692719624536
72 72 1.6960849277254009
73 73 -1.352097079440393
74 74 -1.0839397686837193
75 75 -0.5951383727360211
76 76 -1.1845495502625116
77 77 1.783965845399843
78 78 -0.5808266085440135
79 79 -0.9965730319653798
80 80 0.07344917377050209
81 81 0.8184417369906348
82 82 0.9832696152446063
83 83 -1.666220643565559
84 84 0.8792274714280213
85 85 -0.30543102791569465
86 86 1.9769708343858743
87 87 -0.8720447527356062
88 88 -0.5234135663661577
89 89 -1.7937959329881572
90 90 -0.8946050745190176
91 91 -0.5664576678910622
92 92 -1.5000765062217136
93 93 -1.0671586291100117
94 94 1.0374218744617094
95 95 -0.6575416244394537
96 96 1.0543049248691618
97 97 0.03363649947713698
98 98 -0.7068288805057406
99 99 -0.9787368801188001
100 100 1.6179553811057446
101 101 0.4033529009544141
102 102 -0.8802637053108585
103 103 -0.17402055866990865
104 104 -0.17215760570407923
105 105 1.6745776013859741
106 106 -0.08298769513926318
107 107 -1.991140070178654
108 108 -0.7810272817061432
109 109 -1.7317084063353043
110 110 -1.8113806560474721
111 111 -0.30491927045928957
112 112 1.2927115827700906
113 113 -1.0149037921772917
114 114 1.651924013835142
115 115 -1.1413069533201865
116 116 0.8004496744331786
117 117 -1.563827611019417
118 118 -0.8510600604716791
119 119 1.8015946775328273
120 120 -0.4404329280260044
121 121 0.6099093260999995
122 122 0.14972022479393576
123 123 -1.631836987698587
124 124 -0.4609610992393498
125 125 1.6514891963912046
126 126 1.6830820058340623
127 127 -0.525778781233774
128 128 0.28038534092745815
129 129 1.6241222184086632
130 130 1.4271209819062958
131 131 0.16523256133345265
132 132 -0.9374935719881052
133 133 -1.334074018041954
134 134 0.5731211300275381
135 135 1.2423492507587959
136 136 1.4628340041037589
137 137 1.8945073491181195
138 138 1.5407487688296921
139 139 1.0619870126098507
140 140 1.9546029849884876
141 141 0.7464752491278724
142 142 0.25454833201249594
143 143 0.9673445035211405
144 144 -1.8163904422471597
145 145 1.6534971833369383
146 146 1.4298944021348636
147 147 -0.7444143098270982
148 148 0.49182042051706315
149 149 -1.9514325769412866
150 150 1.6810415824302758
151 151 1.7171180995148165
152 152 -1.1234667810909325
153 153 0.11995110748511495
154 154 0.7427483265322543
155 155 1.3804549583873738
156 156 0.16724616719489616
157 157 -0.3789372652573615
158 158 1.1764361097612213
159 159 1.858566596495968
160 160 -1.8847568031462125
161 161 1.3808601209529905
162 162 -0.20031348819791406
163 163 -1.6564960654946517
164 164 0.029761245570687045
165 165 -0.9590025502850069
166 166 1.4713085030808348
167 167 0.8171456009844734
168 168 -1.2968186741096992
169 169 -0.5843977631656654
170 170 -1.4488900707034078
171 171 -1.5374498099426448
172 172 -1.9086003176045234
173 173 -1.9824882167653972
174 174 0.4164449448562264
175 175 0.8505445805789758
176 176 -0.3578530968432365
177 177 -1.927149962028426
178 178 -0.08344183755594248
179 179 0.3626383732097689
180 180 -1.5568238446586269
181 181 1.577625636146434
182 182 1.3585722993624296
183 183 0.8324375519519696
184 184 -0.2493633540396152
185 185 0.8716784223922819
186 186 -1.8969461067569084
187 187 1.7048356185619618
188 188 -1.9792105490844718
189 189 -0.010205255922375311
190 190 -0.4324356668628857
191 191 -0.026968975859689607
192 192 -0.9523069772462073
193 193 0.9431998354975019
194 194 -1.5236033819270713
195 195 -1.1251379038418565
196 196 -0.4664372829964898
197 197 -1.4366004111336275
198 198 -0.4521093569115484
199 199 -1.6467940037176054
200 200 1.34135217388325
201 201 -1.6099965499841455
202 202 -0.1996123622035975
203 203 0.8856057979015741
204 204 1.477577768869823
205 205 -0.23491884280858244
206 206 -1.9263365956464173
207 207 -0.8693638423131569
208 208 -0.2590610331891865
209 209 0.5245749444131342
210 210 -0.7971021793385664
211 211 0.5656095244222787
212 212 -0.5488757172506755
213 213 0.8412807943125356
214 214 -0.2468548601123599
215 215 -0.3809819351072244
216 216 -1.0484347499354914
217 217 -0.18292021819305807
218 218 0.9515678032344482
219 219 -0.27588037073266003
220 220 -1.980932801361066
221 221 0.03460922846017178
222 222 -0.304384257153282
223 223 1.1320385464667715
224 224 1.6630463865107534
225 225 0.0731996297796238
226 226 0.7157920216538827
227 227 -1.205257913999823
228 228 1.9966267621434397
229 229 0.08817464004210995
230 230 1.8635376770579903
231 231 0.5609013416630964
232 232 -0.29804983961070874
233 233 -1.8999357403766923
234 234 -0.1861055414591686
235 235 -1.8789526048696403
236 236 0.033628809640058765
237 237 -1.6834163049593034
238 238 0.7928511700388291
239 239 1.3742142302010354
240 240 -1.831584544557343
241 241 1.1332949862444885
242 242 1.57588338029682
243 243 0.7859911137802872
244 244 -1.4850522836233875
245 245 1.595143829103745
246 246 -0.26630483212070155
247 247 -0.6973794752180398
248 248 0.03952936955866537
249 249 -1.4900289239960554
250 250 1.1757964430975774
251 251 1.0650809454341115
252 252 -1.983295873945258
253 253 -1.5443906393328026
254 254 1.1971949098307615
255 255 1.102406135086452
256 256 1.217157120975362
257 257 0.39261959888159886
258 258 1.2087455047927245
259 259 -0.21368721753484854
260 260 -1.489572963012594
261 261 -1.1413703524044334
262 262 1.0972361105357349
263 263 -0.38577165143241343
264 264 -0.7798810215579683
265 265 0.4599383730400697
266 266 1.116548690356825
267 267 -1.9310218022444592
268 268 -0.6949024463404325
269 269 -0.014758625917941526
270 270 0.38437299500168326
271 271 -0.3100345955615662
272 272 -1.0516404838722786
273 273 -1.9918743065846887
274 274 -0.5392968256401587
275 275 -0.7596339590529357
276 276 0.653661612833739
277 277 -0.8159235401156756
278 278 0.9449728586714895
279 279 0.769097701928001
