0 1 -1.7746957260118879
0 2 -5.244834418341353
0 3 -2.2275686385508067
0 4 4.4919332012454
0 5 1.2821964336258138
0 6 2.4143787149731106
0 7 -2.7540333993773
0 8 -5.584489102745542
0 9 -7.622417209170677
0 10 -6.15058024341919
0 11 0.6028870648174356
0 12 -0.4896688366827059
0 13 -4.7183696575148595
0 14 3.8126238324370223
0 15 -2.3407868666855363
0 16 1.4350410416076989
0 17 -0.829323521086895
0 18 4.83158788564959
0 19 -0.03679592414378715
0 20 3.925842060571752
0 21 4.378714973110671
0 22 4.1522785168412115
0 23 -5.244834418341353
0 24 -2.980469855646759
0 25 6.756297763939994
0 26 5.584489102745542
0 27 -4.1522785168412115
0 28 1.7746957260118879
0 29 -0.4896688366827059
0 30 2.2275686385508067
0 31 -3.2069063119162187
0 32 -0.37645060854797624
0 33 -2.3407868666855363
0 34 4.265496744975941
0 35 -2.7540333993773
0 36 0.829323521086895
0 37 -4.1522785168412115
0 38 -0.6028870648174356
0 39 1.5482592697424284
0 40 0.5321887614343839
0 41 -0.5565081538544137
1 2 -2.301160486838381
1 3 -0.642513444664591
1 4 -1.6218511180300028
1 5 2.8672516275120294
1 6 -0.5292952165298613
1 7 0.18964053212567222
1 8 1.8879139541466177
1 9 -0.15001415227851683
1 10 1.321822813472969
1 11 -6.869515992074724
1 12 -2.0747240305689214
1 13 1.3954146617605434
1 14 2.2275686385508067
1 15 -0.7557316727993207
1 16 -0.15001415227851683
1 17 6.643079535805264
1 18 -1.2821964336258138
1 19 -1.6218511180300028
1 20 -2.1879422587036514
1 21 -1.7350693461647326
1 22 2.567223322954996
1 23 2.2275686385508067
1 24 -0.03679592414378715
1 25 0.642513444664591
1 26 -1.8879139541466177
1 27 -2.567223322954996
1 28 0.18964053212567222
1 29 -2.0747240305689214
1 30 0.642513444664591
1 31 -0.26323238041324654
1 32 2.567223322954996
1 33 3.772997452589867
1 34 -1.8482875742994622
1 35 0.18964053212567222
1 36 6.943107840362298
1 37 -2.567223322954996
1 38 -2.1879422587036514
1 39 4.4919332012454
1 46 0.5348650538061994
1 47 -0.21600217912644704
2 3 2.6804415510897255
2 4 -4.94480611378432
2 5 3.6994056043022927
2 6 -6.49023492782338
2 7 2.301160486838381
2 8 0.6028870648174356
2 9 2.6408151712425703
2 10 1.168978205491084
2 11 -0.15001415227851683
2 12 0.03679592414378715
2 13 0.642513444664591
2 14 -4.265496744975941
2 15 2.793659779224455
2 16 -1.8879139541466177
2 17 -4.1522785168412115
2 18 -0.7557316727993207
2 19 -0.41607698839513163
2 20 0.15001415227851683
2 21 -0.3028587602604019
2 22 -4.60515142938013
2 23 0.26323238041324654
2 24 -2.0011321822813475
2 25 -2.6804415510897255
2 26 -0.6028870648174356
2 27 4.60515142938013
2 28 2.301160486838381
2 29 0.03679592414378715
2 30 1.8482875742994622
2 31 2.7540333993773
2 32 -0.07642230399094255
2 33 -1.7350693461647326
2 34 -0.18964053212567222
2 35 2.301160486838381
2 36 -4.905179733937164
2 37 4.60515142938013
2 38 0.15001415227851683
2 39 -2.0011321822813475
2 52 -0.26599234886186873
2 53 -0.10959851055636038
3 4 -5.697707330880272
3 5 -2.114350410416077
3 6 -0.98216812906878
3 7 -3.8862156807245967
3 8 2.3407868666855363
3 9 0.3028587602604019
3 10 1.7746957260118879
3 11 1.7350693461647326
3 12 2.9068780073591847
3 13 5.471270874610813
3 14 2.6804415510897255
3 15 -1.2086045853382394
3 16 4.83158788564959
3 17 2.567223322954996
3 18 -0.829323521086895
3 19 -1.168978205491084
3 20 2.793659779224455
3 21 3.246532691763374
3 22 -6.037362015284461
3 23 -1.8482875742994622
3 24 0.41607698839513163
3 25 1.0953863572035099
3 26 -2.3407868666855363
3 27 6.037362015284461
3 28 5.171242570053779
3 29 -1.6218511180300028
3 30 1.0953863572035099
3 31 4.7183696575148595
3 32 3.0200962354939147
3 33 3.3201245400509483
3 34 -1.3954146617605434
3 35 0.642513444664591
3 36 -2.567223322954996
3 37 6.037362015284461
3 38 -1.7350693461647326
3 39 0.41607698839513163
3 58 0.18667133349059473
3 59 0.5565321236079623
4 5 -0.15001415227851683
4 6 3.246532691763374
4 7 1.6218511180300028
4 8 -0.07642230399094255
4 9 -2.567223322954996
4 10 -4.039060288706482
4 11 0.5292952165298613
4 12 -0.642513444664591
4 13 -3.2069063119162187
4 14 -0.41607698839513163
4 15 -1.0557599773563544
4 16 -2.567223322954996
4 17 -0.3028587602604019
4 18 3.0936880837814886
4 19 3.433342768185678
4 20 -0.5292952165298613
4 21 -0.98216812906878
4 22 3.772997452589867
4 23 -0.41607698839513163
4 24 1.8482875742994622
4 25 1.168978205491084
4 26 0.07642230399094255
4 27 -3.772997452589867
4 28 -2.9068780073591847
4 29 3.8862156807245967
4 30 1.168978205491084
4 31 -6.982734220209454
4 32 -5.284460798188508
4 33 -1.0557599773563544
4 34 -0.8689499009340503
4 35 -2.9068780073591847
4 36 0.3028587602604019
4 37 -3.772997452589867
4 38 -0.5292952165298613
4 39 -2.6804415510897255
4 64 0.26779876146729586
4 65 0.9784930199130963
5 6 -6.529861307670535
5 7 1.6614774978771583
5 8 -1.168978205491084
5 9 -3.2069063119162187
5 10 -6.26379847155392
5 11 -3.8126238324370223
5 12 -0.6028870648174356
5 13 -4.60515142938013
5 14 -0.829323521086895
5 15 -2.2275686385508067
5 16 -3.2069063119162187
5 17 -0.9425417492216247
5 18 4.7183696575148595
5 19 -0.15001415227851683
5 20 -0.7161052929521653
5 21 -0.26323238041324654
5 22 -0.4896688366827059
5 23 -0.829323521086895
5 24 -3.0936880837814886
5 25 2.114350410416077
5 26 1.168978205491084
5 27 0.4896688366827059
5 28 1.6614774978771583
5 29 -0.6028870648174356
5 30 6.643079535805264
5 31 -3.3201245400509483
5 32 -0.4896688366827059
5 33 -2.2275686385508067
5 34 -0.37645060854797624
5 35 1.6614774978771583
5 36 0.9425417492216247
5 37 0.4896688366827059
5 38 -0.7161052929521653
5 39 1.4350410416076989
5 70 -0.6603623425918919
5 71 0.08891834042046809
6 7 0.5292952165298613
6 8 2.2275686385508067
6 9 0.18964053212567222
6 10 1.6614774978771583
6 11 1.8482875742994622
6 12 2.793659779224455
6 13 1.0557599773563544
6 14 2.567223322954996
6 15 -1.0953863572035099
6 16 0.18964053212567222
6 17 2.454005094820266
6 18 -0.9425417492216247
6 19 -1.2821964336258138
6 20 -1.8482875742994622
6 21 -1.3954146617605434
6 22 2.9068780073591847
6 23 2.567223322954996
6 24 0.3028587602604019
6 25 0.98216812906878
6 26 -2.2275686385508067
6 27 -2.9068780073591847
6 28 -3.9994339088593263
6 29 2.793659779224455
6 30 -3.5465609963204074
6 31 0.07642230399094255
6 32 -1.6218511180300028
6 33 3.433342768185678
6 34 -1.5086328898952732
6 35 -3.9994339088593263
6 36 2.0747240305689214
6 37 -2.9068780073591847
6 38 2.6804415510897255
6 39 0.3028587602604019
6 76 0.3669224966512803
6 77 0.5434066210949136
7 8 2.6408151712425703
7 9 4.678743277667705
7 10 -1.321822813472969
7 11 -2.1879422587036514
7 12 2.0747240305689214
7 13 -1.3954146617605434
7 14 -6.756297763939994
7 15 0.7557316727993207
7 16 -8.907444098499859
7 17 -2.114350410416077
7 18 1.2821964336258138
7 19 1.6218511180300028
7 20 -6.869515992074724
7 21 -2.793659779224455
7 22 1.9615058024341918
7 23 6.829889612227569
7 24 -4.4919332012454
7 25 -0.642513444664591
7 26 -2.6408151712425703
7 27 -1.9615058024341918
7 28 -4.7183696575148595
7 29 6.6034531559581096
7 30 -0.642513444664591
7 31 0.26323238041324654
7 32 -2.567223322954996
7 33 0.7557316727993207
7 34 -2.6804415510897255
7 35 -4.7183696575148595
7 36 2.114350410416077
7 37 -1.9615058024341918
7 38 2.1879422587036514
7 39 -4.4919332012454
7 82 0.4079859458595223
7 83 -0.9358943713413606
8 9 2.980469855646759
8 10 1.5086328898952732
8 11 -0.4896688366827059
8 12 4.905179733937164
8 13 4.83158788564959
8 14 0.6028870648174356
8 15 -2.0747240305689214
8 16 -1.5482592697424284
8 17 5.244834418341353
8 18 -0.41607698839513163
8 19 -0.07642230399094255
8 20 -4.039060288706482
8 21 -4.4919332012454
8 22 -4.265496744975941
8 23 5.131616190206623
8 24 2.8672516275120294
8 25 -2.3407868666855363
8 26 -10.0
8 27 4.265496744975941
8 28 -1.8879139541466177
8 29 4.905179733937164
8 30 2.1879422587036514
8 31 -1.4350410416076989
8 32 -4.265496744975941
8 33 6.982734220209454
8 34 -8.907444098499859
8 35 -1.8879139541466177
8 36 -0.7161052929521653
8 37 4.265496744975941
8 38 0.4896688366827059
8 39 -1.6614774978771583
8 88 -0.10665346665648068
8 89 0.10262420612169021
9 10 3.5465609963204074
9 11 2.0011321822813475
9 12 2.4143787149731106
9 13 2.793659779224455
9 14 -6.416643079535805
9 15 0.41607698839513163
9 16 -4.039060288706482
9 17 -1.7746957260118879
9 18 -2.9068780073591847
9 19 1.9615058024341918
9 20 -6.529861307670535
9 21 -2.454005094820266
9 22 -2.2275686385508067
9 23 7.1695442966317575
9 24 0.37645060854797624
9 25 -4.83158788564959
9 26 -2.980469855646759
9 27 2.2275686385508067
9 28 -4.378714973110671
9 29 2.4143787149731106
9 30 -4.83158788564959
9 31 5.131616190206623
9 32 2.301160486838381
9 33 0.41607698839513163
9 34 -2.3407868666855363
9 35 0.15001415227851683
9 36 1.7746957260118879
9 37 2.2275686385508067
9 38 2.52759694310784
9 39 -4.1522785168412115
9 94 -0.2491531148426891
9 95 -0.1591372746515125
10 11 -1.0557599773563544
10 12 -3.586187376167563
10 13 4.265496744975941
10 14 1.168978205491084
10 15 6.416643079535805
10 16 3.5465609963204074
10 17 1.2821964336258138
10 18 -8.907444098499859
10 19 -4.039060288706482
10 20 1.0557599773563544
10 21 -3.925842060571752
10 22 0.829323521086895
10 23 1.168978205491084
10 24 3.433342768185678
10 25 -6.303424851401076
10 26 -1.5086328898952732
10 27 -0.829323521086895
10 28 -1.321822813472969
10 29 -3.586187376167563
10 30 -6.303424851401076
10 31 3.6597792244551375
10 32 0.829323521086895
10 33 1.8879139541466177
10 34 0.7161052929521653
10 35 3.2069063119162187
10 36 -1.2821964336258138
10 37 -0.829323521086895
10 38 1.0557599773563544
10 39 3.433342768185678
10 100 -0.8051157631003885
10 101 0.9520470159436836
11 12 4.60515142938013
11 13 -0.7557316727993207
11 14 -0.15001415227851683
11 15 -2.9068780073591847
11 16 2.0011321822813475
11 17 -4.791961505802434
11 18 0.8689499009340503
11 19 0.5292952165298613
11 20 -0.03679592414378715
11 21 0.41607698839513163
11 22 -4.339088593263515
11 23 -0.15001415227851683
11 24 2.114350410416077
11 25 -1.7350693461647326
11 26 0.4896688366827059
11 27 4.339088593263515
11 28 -2.1879422587036514
11 29 0.07642230399094255
11 30 -1.7350693461647326
11 31 1.8879139541466177
11 32 0.18964053212567222
11 33 -2.9068780073591847
11 34 0.3028587602604019
11 35 2.3407868666855363
11 36 -4.265496744975941
11 37 4.339088593263515
11 38 4.4919332012454
11 39 -2.4143787149731106
11 106 0.9698286249440258
11 107 0.9950736907905546
12 13 0.8689499009340503
12 14 0.03679592414378715
12 15 -6.037362015284461
12 16 -2.114350410416077
12 17 0.15001415227851683
12 18 3.5465609963204074
12 19 -0.642513444664591
12 20 -4.60515142938013
12 21 -0.5292952165298613
12 22 -4.83158788564959
12 23 4.565525049532975
12 24 -2.2275686385508067
12 25 1.6218511180300028
12 26 -4.905179733937164
12 27 4.83158788564959
12 28 -2.454005094820266
12 29 4.339088593263515
12 30 1.6218511180300028
12 31 2.52759694310784
12 32 -0.3028587602604019
12 33 3.0200962354939147
12 34 -4.94480611378432
12 35 -2.454005094820266
12 36 -0.15001415227851683
12 37 4.83158788564959
12 38 4.4523068213982455
12 39 -2.2275686385508067
12 112 0.8974480587969995
12 113 -0.7754641630797046
13 14 0.642513444664591
13 15 0.829323521086895
13 16 2.793659779224455
13 17 5.058024341919049
13 18 -2.8672516275120294
13 19 1.321822813472969
13 20 0.7557316727993207
13 21 1.2086045853382394
13 22 -3.5465609963204074
13 23 0.642513444664591
13 24 2.9068780073591847
13 25 -0.9425417492216247
13 26 -4.83158788564959
13 27 3.5465609963204074
13 28 3.1333144636286443
13 29 0.8689499009340503
13 30 -0.9425417492216247
13 31 2.6804415510897255
13 32 0.98216812906878
13 33 5.358052646476082
13 34 -3.433342768185678
13 35 -1.3954146617605434
13 36 -0.5292952165298613
13 37 3.5465609963204074
13 38 -3.772997452589867
13 39 -1.6218511180300028
13 118 -0.17208889507593716
13 119 0.28814771873275014
14 15 -1.7350693461647326
14 16 7.1695442966317575
14 17 4.905179733937164
14 18 -0.7557316727993207
14 19 -4.94480611378432
14 20 4.678743277667705
14 21 -0.3028587602604019
14 22 -0.07642230399094255
14 23 -4.265496744975941
14 24 2.52759694310784
14 25 1.8482875742994622
14 26 -0.6028870648174356
14 27 0.07642230399094255
14 28 2.301160486838381
14 29 -4.4919332012454
14 30 1.8482875742994622
14 31 -1.7746957260118879
14 32 -0.07642230399094255
14 33 2.793659779224455
14 34 -0.18964053212567222
14 35 2.301160486838381
14 36 -0.37645060854797624
14 37 0.07642230399094255
14 38 0.15001415227851683
14 39 7.056326068497028
14 124 -0.2253657562371023
14 125 0.9708375807456666
15 16 0.41607698839513163
15 17 -1.8482875742994622
15 18 -5.244834418341353
15 19 -1.0557599773563544
15 20 2.9068780073591847
15 21 -1.168978205491084
15 22 3.1333144636286443
15 23 -1.7350693461647326
15 24 0.5292952165298613
15 25 -3.3201245400509483
15 26 2.0747240305689214
15 27 -3.1333144636286443
15 28 0.7557316727993207
15 29 -1.5086328898952732
15 30 -3.3201245400509483
15 31 0.3028587602604019
15 32 -1.3954146617605434
15 33 -1.321822813472969
15 34 3.246532691763374
15 35 0.7557316727993207
15 36 -2.6804415510897255
15 37 -3.1333144636286443
15 38 -1.6218511180300028
15 39 0.5292952165298613
15 130 -0.71063480499139
15 131 -0.38127387959782455
16 17 2.7540333993773
16 18 -2.9068780073591847
16 19 -2.567223322954996
16 20 7.056326068497028
16 21 2.0747240305689214
16 22 -2.2275686385508067
16 23 -6.416643079535805
16 24 4.905179733937164
16 25 -0.3028587602604019
16 26 1.5482592697424284
16 27 2.2275686385508067
16 28 4.678743277667705
16 29 -6.643079535805264
16 30 -0.3028587602604019
16 31 0.6028870648174356
16 32 2.301160486838381
16 33 0.41607698839513163
16 34 2.1879422587036514
16 35 4.678743277667705
16 36 -2.7540333993773
16 37 2.2275686385508067
16 38 -2.0011321822813475
16 39 4.905179733937164
16 136 0.5715696637557943
16 137 0.23613184824021816
17 18 -0.642513444664591
17 19 -0.3028587602604019
17 20 0.26323238041324654
17 21 -0.18964053212567222
17 22 0.03679592414378715
17 23 0.37645060854797624
17 24 2.6408151712425703
17 25 1.9615058024341918
17 26 -5.244834418341353
17 27 -0.03679592414378715
17 28 2.4143787149731106
17 29 0.15001415227851683
17 30 1.9615058024341918
17 31 -1.6614774978771583
17 32 0.03679592414378715
17 33 7.209170676478913
17 34 -4.60515142938013
17 35 -2.114350410416077
17 36 4.039060288706482
17 37 -0.03679592414378715
17 38 -4.265496744975941
17 39 2.6408151712425703
17 142 -0.3017775613195137
17 143 -0.46424444991920555
18 19 3.0936880837814886
18 20 -0.8689499009340503
18 21 3.2069063119162187
18 22 -1.0953863572035099
18 23 -0.7557316727993207
18 24 -3.0200962354939147
18 25 5.358052646476082
18 26 0.41607698839513163
18 27 1.0953863572035099
18 28 1.2821964336258138
18 29 3.5465609963204074
18 30 5.358052646476082
18 31 -2.793659779224455
18 32 -1.0953863572035099
18 33 -0.7161052929521653
18 34 -1.2086045853382394
18 35 -3.246532691763374
18 36 0.642513444664591
18 37 1.0953863572035099
18 38 -0.8689499009340503
18 39 -3.0200962354939147
18 148 0.6655700280987775
18 149 -0.3070638313185221
19 20 -0.5292952165298613
19 21 3.5465609963204074
19 22 -0.7557316727993207
19 23 -0.41607698839513163
19 24 1.8482875742994622
19 25 1.168978205491084
19 26 0.07642230399094255
19 27 0.7557316727993207
19 28 1.6218511180300028
19 29 3.8862156807245967
19 30 1.168978205491084
19 31 -2.454005094820266
19 32 -0.7557316727993207
19 33 -1.0557599773563544
19 34 -0.8689499009340503
19 35 -2.9068780073591847
19 36 0.3028587602604019
19 37 0.7557316727993207
19 38 -5.058024341919049
19 39 -7.209170676478913
19 154 0.051225300516571926
19 155 -0.09133620897701422
20 21 4.112652136994056
20 22 -0.18964053212567222
20 23 -8.907444098499859
20 24 2.4143787149731106
20 25 1.7350693461647326
20 26 4.039060288706482
20 27 0.18964053212567222
20 28 6.716671384092839
20 29 -4.60515142938013
20 30 1.7350693461647326
20 31 -1.8879139541466177
20 32 -0.18964053212567222
20 33 -1.6218511180300028
20 34 4.2258703651287854
20 35 2.1879422587036514
20 36 -4.791961505802434
20 37 0.18964053212567222
20 38 -4.4919332012454
20 39 2.4143787149731106
20 160 -0.6847644406085998
20 161 -0.924558846828397
21 22 -0.642513444664591
21 23 -4.83158788564959
21 24 -2.567223322954996
21 25 5.8109255590150015
21 26 4.4919332012454
21 27 0.642513444664591
21 28 6.26379847155392
21 29 -0.5292952165298613
21 30 1.2821964336258138
21 31 2.1879422587036514
21 32 3.8862156807245967
21 33 -1.168978205491084
21 34 3.772997452589867
21 35 -2.793659779224455
21 36 0.18964053212567222
21 37 0.642513444664591
21 38 -4.94480611378432
21 39 -2.567223322954996
21 166 0.4603017164111478
21 167 0.5151774939353639
22 23 -0.07642230399094255
22 24 -2.3407868666855363
22 25 1.5086328898952732
22 26 4.265496744975941
22 27 -8.641381262383243
22 28 -2.567223322954996
22 29 -0.3028587602604019
22 30 -3.0200962354939147
22 31 -2.114350410416077
22 32 -0.41607698839513163
22 33 -1.3954146617605434
22 34 3.9994339088593263
22 35 -2.567223322954996
22 36 4.4919332012454
22 37 -8.641381262383243
22 38 -0.18964053212567222
22 39 2.1879422587036514
22 172 0.9696597286111743
22 173 0.9307616949480586
23 24 -2.0011321822813475
23 25 -2.6804415510897255
23 26 -5.131616190206623
23 27 0.07642230399094255
23 28 -6.756297763939994
23 29 4.565525049532975
23 30 -2.6804415510897255
23 31 2.7540333993773
23 32 -0.07642230399094255
23 33 2.793659779224455
23 34 -4.7183696575148595
23 35 -2.2275686385508067
23 36 4.1522785168412115
23 37 0.07642230399094255
23 38 4.678743277667705
23 39 -2.0011321822813475
23 178 0.051424582666980356
23 179 0.12885091859510367
24 25 -4.94480611378432
24 26 -2.8672516275120294
24 27 2.3407868666855363
24 28 0.03679592414378715
24 29 -2.2275686385508067
24 30 -0.41607698839513163
24 31 -4.039060288706482
24 32 -2.3407868666855363
24 33 0.5292952165298613
24 34 -2.454005094820266
24 35 4.565525049532975
24 36 -2.6408151712425703
24 37 2.3407868666855363
24 38 -2.114350410416077
24 39 0.26323238041324654
24 184 0.15481379717642385
24 185 -0.06567082994747175
25 26 2.3407868666855363
25 27 -1.5086328898952732
25 28 3.8862156807245967
25 29 1.6218511180300028
25 30 3.433342768185678
25 31 -0.18964053212567222
25 32 1.5086328898952732
25 33 1.2086045853382394
25 34 1.3954146617605434
25 35 -5.171242570053779
25 36 2.567223322954996
25 37 -1.5086328898952732
25 38 -2.793659779224455
25 39 -0.41607698839513163
25 190 -0.5012733736800776
25 191 0.928197014322043
26 27 -4.265496744975941
26 28 1.8879139541466177
26 29 -4.905179733937164
26 30 -2.1879422587036514
26 31 1.4350410416076989
26 32 4.265496744975941
26 33 -6.982734220209454
26 34 8.907444098499859
26 35 1.8879139541466177
26 36 0.7161052929521653
26 37 -4.265496744975941
26 38 -0.4896688366827059
26 39 1.6614774978771583
26 196 0.1248535817026395
26 197 -0.474906229078631
27 28 2.567223322954996
27 29 0.3028587602604019
27 30 3.0200962354939147
27 31 2.114350410416077
27 32 0.41607698839513163
27 33 1.3954146617605434
27 34 -3.9994339088593263
27 35 2.567223322954996
27 36 -4.4919332012454
27 37 8.641381262383243
27 38 0.18964053212567222
27 39 -2.1879422587036514
27 202 -0.08448328322890997
27 203 0.8341090025128461
28 29 -2.454005094820266
28 30 3.8862156807245967
28 31 0.26323238041324654
28 32 1.9615058024341918
28 33 0.7557316727993207
28 34 1.8482875742994622
28 35 -0.18964053212567222
28 36 -2.4143787149731106
28 37 2.567223322954996
28 38 -6.869515992074724
28 39 0.03679592414378715
28 208 0.4151502586708964
28 209 -0.08435733260957412
29 30 1.6218511180300028
29 31 -2.0011321822813475
29 32 -4.83158788564959
29 33 3.0200962354939147
29 34 -4.94480611378432
29 35 -6.982734220209454
29 36 -0.15001415227851683
29 37 0.3028587602604019
29 38 -0.07642230399094255
29 39 -6.756297763939994
29 214 -0.5266636043472959
29 215 0.10767325165512576
30 31 -4.7183696575148595
30 32 -3.0200962354939147
30 33 1.2086045853382394
30 34 -3.1333144636286443
30 35 -0.642513444664591
30 36 -1.9615058024341918
30 37 3.0200962354939147
30 38 -2.793659779224455
30 39 -0.41607698839513163
30 220 -0.9083107314921886
30 221 0.21072297478750235
31 32 6.943107840362298
31 33 0.3028587602604019
31 34 2.301160486838381
31 35 0.26323238041324654
31 36 1.6614774978771583
31 37 2.114350410416077
31 38 2.6408151712425703
31 39 0.4896688366827059
31 226 0.2648120692965714
31 227 0.344505998481492
32 33 -1.3954146617605434
32 34 3.9994339088593263
32 35 1.9615058024341918
32 36 4.4919332012454
32 37 0.41607698839513163
32 38 -0.18964053212567222
32 39 2.1879422587036514
32 232 -0.7340566013353949
32 233 0.5563779857398594
33 34 -5.8109255590150015
33 35 -3.772997452589867
33 36 1.8482875742994622
33 37 1.3954146617605434
33 38 -1.6218511180300028
33 39 0.5292952165298613
33 238 0.7997437651308823
33 239 -0.24779948645718974
34 35 1.8482875742994622
34 36 0.07642230399094255
34 37 -3.9994339088593263
34 38 -0.3028587602604019
34 39 2.0747240305689214
34 244 -0.15829780682551098
34 245 -0.6870172388058786
35 36 -2.4143787149731106
35 37 2.567223322954996
35 38 2.1879422587036514
35 39 4.565525049532975
35 250 0.4559800009872814
35 251 0.7135016659478881
36 37 -4.4919332012454
36 38 -0.26323238041324654
36 39 1.8879139541466177
36 256 0.20007916381462
36 257 -0.10726596108891817
37 38 0.18964053212567222
37 39 -2.1879422587036514
37 262 -0.1477236797914454
37 263 -0.4973413414343564
38 39 2.4143787149731106
38 268 0.41747612242271903
38 269 -0.2638247197528236
39 274 0.6604603375093872
39 275 0.8927789804756516
40 42 0.006948131961963311
40 43 -0.8047570135310469
41 44 -0.26422700658076725
41 45 -0.6933483801661982
43 239 -0.4429441913912282
44 159 0.6572711299939791
46 48 -0.2720030406159444
46 49 -0.9637870158046606
46 194 0.5419163071291704
47 50 0.08471806021058326
47 51 0.29963865206263596
49 210 0.16657817896403349
52 54 -0.5502006466095066
52 55 -0.01910624316112286
53 56 0.46946195537292645
53 57 0.12073770739928569
53 126 0.06373042789095096
54 164 -0.24242359196404806
56 122 0.6885688255859204
58 60 -0.05300718869884835
58 61 0.25689120690548406
59 62 0.1447424655726115
59 63 -0.13343107488611494
60 139 -0.3273506672512574
61 88 -0.46796374760074566
61 236 0.02345300645336379
64 66 -0.5494644821203005
64 67 0.46549832594923
64 89 0.593818890737899
64 187 -0.16615744159798318
65 68 0.4018200560460039
65 69 -0.9568503846583671
65 103 0.10159450478667797
66 156 0.49089124979626875
69 126 0.6456013473980429
70 72 -0.578448535537238
70 73 -0.0133375181713149
71 74 0.2784639695370166
71 75 -0.8086215408954629
75 99 -0.8088849383108943
76 78 0.16882492718789588
76 79 -0.8302530380439468
77 80 -0.8635562624898798
77 81 0.06815056912997619
80 112 -0.6328121973961132
80 114 -0.8954929405305381
81 149 0.3855665009144704
82 84 -0.25188865580028175
82 85 0.3673157095784283
82 204 -0.6341810801890122
83 86 -0.5228197692239578
83 87 0.08365475442829262
88 90 -0.8518449752298878
88 91 -0.8740302775842839
88 108 0.22968723694358828
89 92 0.15979354072590213
89 93 0.034796564308942735
91 178 -0.3462622021945545
94 96 -0.560769367402776
94 97 -0.8757654089249642
94 105 0.33098873327887346
94 263 -0.8467343871123092
95 98 0.07843279181291996
95 99 -0.2613511794972958
95 221 0.23345204506946127
99 234 0.1533861377700716
100 102 -0.9427694261760358
100 103 -0.13403982620636712
101 104 -0.6612755560178236
101 105 -0.26644856999517175
103 122 0.21057480444029064
106 108 -0.5087786126793554
106 109 0.3885736627812959
106 213 -0.5981756584959856
107 110 -0.09418215100964922
107 111 -0.3061387576117287
110 121 0.7555691305170551
110 163 -0.4457048409112716
110 275 0.3487696287770723
112 114 0.6638358342727133
112 115 -0.9140281999014996
113 116 -0.5696279439344085
113 117 -0.6662167320311354
115 277 0.3596263877853856
118 120 -0.4481165019770392
118 121 -0.4824997120732064
119 122 -0.5383675370474967
119 123 -0.9445229932583334
119 157 -0.7704339519413799
124 126 -0.5820247439816308
124 127 -0.6949156826512548
125 128 -0.1115815229017858
125 129 -0.5611764933946273
130 132 -0.4499187629240322
130 133 0.0856118505748169
131 134 -0.7238345281728149
131 135 -0.8340244083467716
133 217 -0.6219155953181883
136 138 -0.34914332758426125
136 139 -0.5944650984122688
137 140 -0.020997644987050812
137 141 -0.528582114570797
139 154 0.41659429907615997
139 213 -0.0826477184237484
141 153 0.851232544683163
142 144 -0.7106688872066658
142 145 0.12781978737537414
143 146 -0.8264316890633128
143 147 -0.49137628999368066
144 258 -0.548044053520387
148 149 0.5743483075436024
148 150 -0.7343348877156606
148 151 -0.8489871280709207
149 152 0.2533227124530075
149 153 0.03510167453195745
150 167 -0.5633743723261184
151 227 -0.43641435513388993
152 225 -0.534773064267807
154 156 -0.4925687597586921
154 157 -0.7776019670798193
155 158 -0.38645950635271165
155 159 -0.050697898774337835
157 202 0.5064110641362045
160 162 -0.7387718329495832
160 163 -0.507236929009925
161 164 -0.9434945217505046
161 165 -0.7864546407244344
166 168 -0.3470528727708839
166 169 -0.8762058613536963
167 170 -0.5938667766020644
167 171 -0.20432321328559255
168 195 0.5352508830534752
172 174 -0.941156251568422
172 175 0.3231753569163478
173 176 -0.8683893705664425
173 177 -0.9951251553280693
176 272 -0.6705236953766742
178 180 -0.7837640595288973
178 181 -0.23587688576873878
179 182 -0.374154443228895
179 183 -0.8038786704055296
183 217 0.9309057960305505
184 186 -0.626987998868366
184 187 -0.7813136548136548
185 188 0.2257694059403561
185 189 -0.8300200056294897
190 192 -0.41532572040498783
190 193 -0.807014635567957
191 194 -0.9530107614803509
191 195 0.3671223315562384
196 198 -0.8424140897463028
196 199 -0.9534984296016111
197 200 -0.7068791586084455
197 201 -0.4754735727168182
199 251 0.0020209754754216824
202 204 -0.8647347002097268
202 205 0.500278002649033
203 206 0.4794680374669329
203 207 -0.2940578453665428
208 210 -0.8905958769974505
208 211 -0.029673139986995167
209 212 -0.9788602639369113
209 213 -0.4243624831755608
212 213 -0.1242708485065871
214 216 0.2592259730234141
214 217 0.3598755993673963
214 242 0.9829483663955672
215 218 0.009051789006788269
215 219 -0.878802300700601
220 222 0.3035549435773792
220 223 -0.6048059369036165
221 224 0.8586612463937475
221 225 -0.8420466897868493
224 237 -0.41523282783989823
226 228 -0.7735616367849842
226 229 -0.23420577807234633
227 230 -0.893872099917312
227 231 -0.9336229256935702
232 234 -0.622063921706598
232 235 -0.374226328219627
233 236 0.225764056012433
233 237 0.5277757271032053
238 240 0.015749833760420273
238 241 -0.8212179382295945
239 242 -0.7420733203782657
239 243 -0.16877869988527006
244 246 -0.3934777099832254
244 247 0.8606704641062537
245 248 -0.7932163007413848
245 249 -0.35439473787333364
250 252 0.9149649044026376
250 253 -0.5837650982859943
251 254 -0.7372437016568576
251 255 -0.8453766968705492
256 258 -0.8511083441305203
256 259 0.04047876786205307
257 260 -0.5213062716643884
257 261 -0.8062892564842241
262 264 -0.4640440027704411
262 265 -0.8306661210963662
263 266 -0.2585343554041666
263 267 0.286666319274933
268 270 -0.46528773275889224
268 271 0.015485852104631048
269 272 -0.999843966986272
269 273 -0.23067200978841873
274 276 -0.6212540100214445
274 277 -0.04092654075017399
275 278 0.11820963576554044
275 279 -0.3075928375497001
0 0 -1.7271887625869164
1 1 -0.9020429272624382
2 2 1.2311166330842163
3 3 -0.6425180437557675
4 4 -1.413264658235013
5 5 1.3473114056557893
6 6 -0.06227116149169199
7 7 1.6333311187249526
8 8 -1.0185431482957568
9 9 0.02623060641871167
10 10 -1.4231067411155027
11 11 -1.259716149250146
12 12 -0.8698297807147704
13 13 -1.5062667823857612
14 14 -0.29544705588732434
15 15 0.2581491008642427
16 16 -1.421200779199284
17 17 1.4167761057859956
18 18 0.7779328182097417
19 19 1.5330577725511296
20 20 -0.7118737006828435
21 21 1.9532262754773702
22 22 -0.19923925117242502
23 23 0.05166835497832878
24 24 -0.8172308016884484
25 25 -1.404950703353392
26 26 -1.8461591276621996
27 27 0.9733450327427323
28 28 0.18301752577446795
29 29 0.8076127684725312
30 30 -1.3414444096947284
31 31 0.6042707966913436
32 32 1.154729287028938
33 33 0.9308058405682261
34 34 -1.6267040315465031
35 35 -0.9838555475319365
36 36 1.9524937424750533
37 37 1.9634764465166978
38 38 1.3308507778115755
39 39 -0.020501415894256695
40 40 -1.8463285004801
41 41 -1.055660023547376
42 42 1.9937616966233862
43 43 -0.6950152686259714
44 44 1.2266117338606897
45 45 0.8751181012677747
46 46 -0.09078439611607216
47 47 -1.3440743440384437
48 48 -0.9212425037606522
49 49 -0.4263859561851083
50 50 -0.4461059223912853
51 51 -1.4061265146614186
52 52 1.4834411479677576
53 53 1.8000196064872507
54 54 -0.868304494588803
55 55 -0.9199109433403003
56 56 -0.3237948979179417
57 57 -0.28261050767599416
58 58 -0.0675430137721933
59 59 -0.41690973376349394
60 60 0.7910449914533326
61 61 -1.9303173855223863
62 62 0.9808541294552652
63 63 0.5383715387320791
64 64 1.6195710184955527
65 65 -0.3346685266165799
66 66 1.2399517492655012
67 67 0.6897241872777503
68 68 -0.20523924619656997
69 69 0.9936081972332333
70 70 1.9671267315345073
71 71 -0.2714681274866777
72 72 -0.7122910611819617
73 73 1.9226217573132265
74 74 -1.3023740154187284
75 75 1.730662707138309
76 76 0.3216217002192665
77 77 -1.6588270678143546
78 78 -1.9613262887026195
79 79 1.0002100621193057
80 80 -0.5308798119678384
81 81 1.8707251126499755
82 82 -1.512369649095908
83 83 -0.5266022464215543
84 84 1.717484766204739
85 85 0.2713853810958211
86 86 -1.1032380561223745
87 87 -1.3117450246525952
88 88 0.3229516516824354
89 89 -0.1749717743263699
90 90 -1.0181126483244465
91 91 -0.21079723114541915
92 92 -1.9106473111582642
93 93 1.5254064908015401
94 94 1.8214598820323147
95 95 -0.5011182125806428
96 96 0.15044877088764963
97 97 -0.7124955696256051
98 98 -0.8268225186608734
99 99 1.1747137916453863
100 100 0.7967822574803729
101 101 1.2137406081767312
102 102 1.1519068615419377
103 103 0.6627470445593908
104 104 -0.9964011938243283
105 105 -1.723364476121958
106 106 -0.20683500368221933
107 107 -0.013116679601994363
108 108 1.29399167017209
109 109 -1.9323439147034485
110 110 -1.3258501226299493
111 111 1.8862134737631273
112 112 -1.8470156779255964
113 113 -0.772416183430642
114 114 0.5030861919180678
115 115 1.130795522863267
116 116 1.0763022125575796
117 117 -1.954376135080077
118 118 0.13161042303732629
119 119 1.4603314501471165
120 120 -0.5846485781197286
121 121 -0.7406322727047923
122 122 -1.5945690223770093
123 123 0.21181203238618806
124 124 -0.9344259935082055
125 125 -1.989920409553083
126 126 -0.3338174210288538
127 127 -1.4396198449983386
128 128 -0.8433575055477159
129 129 1.5728216776220882
130 130 -1.9211381206723033
131 131 -0.8769965046112721
132 132 1.7356886429295448
133 133 0.9941245914169216
134 134 -1.3154067708784192
135 135 0.7273683760964654
136 136 -0.945392716459843
137 137 -1.1430902470187259
138 138 -0.5271821178350558
139 139 1.7217026208652642
140 140 -0.16119808437316596
141 141 1.9932315288674851
142 142 0.42511771439588264
143 143 1.3167416820213993
144 144 1.3372272570408232
145 145 0.7369612677263003
146 146 -0.4634708239806043
147 147 1.0373949063857855
148 148 0.8767417822785339
149 149 1.6342496542140172
150 150 -0.9013071004276298
151 151 1.512010002588996
152 152 0.43118009672416463
153 153 -1.1753863800349023
154 154 0.6017829141606139
155 155 -1.4884740064942452
156 156 -0.11487495567432804
157 157 -0.7980683980933079
158 158 1.990620630984593
159 159 1.8890303225545995
160 160 -0.8020407384769174
161 161 0.58595183679676
162 162 -1.9533941181977263
163 163 -1.1805278335450633
164 164 0.8994860833980899
165 165 0.9733356157664425
166 166 1.5531674913375362
167 167 -1.6380443313488038
168 168 0.2972895469174306
169 169 -1.4152613005257542
170 170 -1.4533829236949405
171 171 0.9160094635387172
172 172 -1.2533685841580002
173 173 0.10215507096700228
174 174 -0.0527856942285001
175 175 -1.185843119241913
176 176 -0.6137229951082364
177 177 -0.903825694488471
178 178 1.2454356693585726
179 179 0.3818233006046517
180 180 -1.7304697625134036
181 181 -0.21002618371720683
182 182 -0.6299595888461328
183 183 -1.5371496890119531
184 184 -0.6918959589358193
185 185 0.12931482538564731
186 186 0.7301362949905457
187 187 -0.5043270355725644
188 188 1.2328326130917495
189 189 -1.6235087382853197
190 190 1.29867507096602
191 191 -0.11514498196475254
192 192 0.7731028409570816
193 193 1.3420380037020063
194 194 0.6015041633995302
195 195 -0.7760320779272162
196 196 -1.7142847446225744
197 197 0.24334684052560854
198 198 1.8831282817009665
199 199 1.2471896774231679
200 200 -1.967167936717456
201 201 -0.4890562772138987
202 202 -1.6510174269203808
203 203 0.7668569597842866
204 204 -1.541924455193705
205 205 0.012954249592763924
206 206 -1.6682029132207115
207 207 -1.622779912363942
208 208 0.2859668338818162
209 209 -0.6776320076589477
210 210 -0.20569854488638883
211 211 1.437943544055835
212 212 1.6429220530477053
213 213 -0.8444008104457592
214 214 1.1758020760642602
215 215 1.3913496478582974
216 216 -0.3700436835001071
217 217 -0.9216666476075703
218 218 1.410914155834515
219 219 -0.7860933560391065
220 220 -0.34147144964888465
221 221 -0.8444318474446161
222 222 1.695824747780609
223 223 0.31353139765337623
224 224 1.6362626968685037
225 225 0.16233145640837998
226 226 1.6523908026201284
227 227 -1.8470021757582522
228 228 0.3064277553867756
229 229 1.7190020116009672
230 230 1.5008125712011182
231 231 1.6356804578096662
232 232 -1.0299324304677917
233 233 1.2451298536842752
234 234 -0.8295472505686408
235 235 -1.8871253820031124
236 236 0.6239330464944159
237 237 0.3596335332308525
238 238 -0.8620814875238239
239 239 -1.3635781503058573
240 240 -1.5071667565450908
241 241 -0.8744419675620443
242 242 1.5669747909976237
243 243 -0.8106319635336311
244 244 -1.8868685466727675
245 245 -0.9635116074153355
246 246 -1.5460475889128078
247 247 1.827211467740175
248 248 0.24773072232082471
249 249 -0.7502468204937146
250 250 1.8505903807900803
251 251 1.673785453911866
252 252 -0.5767277016318619
253 253 1.7674955379990753
254 254 -0.08073959042896163
255 255 -1.2549440920333468
256 256 -0.7035010918272917
257 257 0.7485072801692594
258 258 0.8020996019213302
259 259 0.8933892812110917
260 260 -0.8416679087871888
261 261 -0.3074428682135224
262 262 1.7274451660326706
263 263 -0.152326265611193
264 264 -0.42599228531798206
265 265 1.6311686512802428
266 266 0.6836990022856018
267 267 -1.6766965959549434
268 268 -0.7945585922241888
269 269 -0.2678363452018808
270 270 -1.4792587487423563
271 271 -1.3586959666406448
272 272 0.9535331652169853
273 273 0.3332160487919107
274 274 -0.6627710358228462
275 275 -0.24072990697997912
276 276 -1.3237551195427915
277 277 0.8622175956623459
278 278 1.9663826975554457
279 279 0.268728163637602
