0	1	500
0	2	28
0	3	164
0	4	548
0	5	-28
0	6	-412
0	7	-172
0	8	-316
0	9	-28
0	10	692
0	11	212
1	2	-124
1	3	-68
1	4	124
1	5	124
1	6	-68
1	7	-308
1	8	-740
1	9	124
1	10	556
1	11	-116
2	3	116
2	4	-76
2	5	-76
2	6	116
2	7	356
2	8	212
2	9	-76
2	10	68
2	11	164
3	4	460
3	5	-116
3	6	-308
3	7	28
3	8	172
3	9	-116
3	10	-260
3	11	-356
4	5	76
4	6	-116
4	7	-356
4	8	-212
4	9	76
4	10	-68
4	11	-164
5	6	460
5	7	-932
5	8	-212
5	9	652
5	10	-68
5	11	-740
6	7	-548
6	8	-404
6	9	460
6	10	-260
6	11	-356
7	8	508
7	9	-932
7	10	76
7	11	1132
8	9	-212
8	10	-356
8	11	124
9	10	-68
9	11	-740
10	11	268
