0	1	384
0	2	240
0	3	192
0	4	144
0	5	624
0	6	480
0	7	-96
0	8	-720
0	9	624
0	10	-240
0	11	528
1	2	-96
1	3	816
1	4	-576
1	5	672
1	6	240
1	7	-336
1	8	-288
1	9	672
1	10	96
1	11	-96
2	3	96
2	4	144
2	5	-336
2	6	384
2	7	384
2	8	-720
2	9	-336
2	10	-624
2	11	336
3	4	-576
3	5	480
3	6	336
3	7	-240
3	8	-288
3	9	480
3	10	-96
3	11	96
4	5	-240
4	6	-96
4	7	-96
4	8	-48
4	9	-240
4	10	-144
4	11	240
5	7	-576
5	8	48
5	9	1008
5	10	336
5	11	144
6	7	144
6	8	-384
6	10	-384
6	11	576
7	8	-384
7	9	-576
7	10	-384
8	9	48
8	10	720
8	11	-48
9	10	336
9	11	144
10	11	-336
