0	1	-580
0	2	196
0	3	236
0	4	196
0	5	-524
0	6	-188
0	7	-580
0	8	-436
0	9	52
0	10	716
0	11	340
1	2	340
1	3	-484
1	4	340
1	5	772
1	6	-44
1	7	1004
1	8	-4
1	9	-380
1	10	-580
1	11	-668
2	3	-476
2	4	620
2	5	188
2	6	-724
2	7	340
2	8	196
2	9	-388
2	10	196
2	11	-100
3	4	100
3	5	-44
3	6	292
3	7	-484
3	8	-340
3	9	-44
3	10	236
3	11	244
4	5	188
4	6	-148
4	7	340
4	8	-380
4	9	-964
4	10	196
4	11	-100
5	6	-4
5	7	772
5	8	52
5	9	-244
5	10	-524
5	11	-532
6	7	-44
6	8	-188
6	9	-4
6	10	-188
6	11	-292
7	8	-4
7	9	-380
7	10	-580
7	11	-668
8	9	52
8	10	-436
8	11	340
9	10	52
9	11	44
10	11	340
