0	1	644
0	2	596
0	3	452
0	4	556
0	5	-308
0	6	-20
0	7	-604
0	8	-116
0	9	308
0	10	-596
0	11	556
1	2	316
1	3	460
1	4	260
1	5	-28
1	6	260
1	7	-212
1	8	356
1	9	28
1	10	-316
1	11	260
2	3	-68
2	4	788
2	5	-652
2	6	212
2	7	-164
2	8	308
2	9	76
2	10	-940
2	11	788
3	4	68
3	5	356
3	6	68
3	7	-20
3	8	164
3	9	220
3	10	68
3	11	68
4	5	-500
4	6	-212
4	7	-412
4	8	268
4	9	500
4	10	-788
4	11	940
5	6	76
5	7	452
5	8	-20
5	9	212
5	10	652
5	11	-500
6	7	740
6	8	268
6	9	-652
6	10	-212
6	11	-212
7	8	260
7	9	-452
7	10	164
7	11	-412
8	9	20
8	10	-308
8	11	268
9	10	-76
9	11	500
10	11	-788
