0	1	8052
0	2	-3724
0	3	3572
0	4	-1524
0	5	2164
0	6	3444
0	7	-1396
0	8	3340
0	9	-4748
0	10	-1012
0	11	-7924
0	12	2420
0	13	-3572
0	14	5388
0	15	-2932
0	16	-4236
0	17	7924
0	18	-1268
0	19	-3444
0	20	-6924
0	21	1908
0	22	2572
0	23	2036
0	24	-268
0	25	-140
0	26	4108
0	27	-500
0	28	652
0	29	-3828
0	30	-4468
0	31	-5260
1	2	2316
1	3	-4980
1	4	2932
1	5	524
1	6	7436
1	7	2804
1	8	2164
1	9	-756
1	10	2420
1	11	1140
1	12	268
1	13	-7308
1	14	116
1	15	-3852
1	16	-1268
1	17	-5236
1	18	-1420
1	19	756
1	20	-6772
1	21	780
1	22	-5260
1	23	-7540
1	24	-13428
1	25	-1268
1	26	1396
1	27	1908
1	28	-3340
1	29	-7052
1	30	1780
1	31	-244
2	3	-1396
2	4	-652
2	5	12
2	6	-1268
2	7	-780
2	8	-9612
2	9	-1268
2	10	-1164
2	11	1652
2	12	3852
2	13	1396
2	14	-3468
2	15	4852
2	16	-1780
2	17	-5748
2	18	-5004
2	19	1268
2	20	-3188
2	21	-3828
2	22	3444
2	23	-8052
2	24	-1652
2	25	-9972
2	26	1908
2	27	-5772
2	28	5364
2	29	5748
2	30	-9996
2	31	-4852
3	4	2548
3	5	5004
3	6	-372
3	7	6516
3	8	5876
3	9	-4468
3	10	-2060
3	11	756
3	12	-3444
3	13	500
3	14	-268
3	15	-8332
3	16	-884
3	17	3340
3	18	6388
3	19	372
3	20	-6388
3	21	1164
3	22	-1548
3	23	5132
3	24	7436
3	25	3212
3	26	-3084
3	27	9716
3	28	4468
3	29	756
3	30	1396
3	31	140
4	5	5236
4	6	2420
4	7	-372
4	8	4364
4	9	2420
4	10	12
4	11	1292
4	12	-2700
4	13	5644
4	14	-1780
4	15	-6004
4	16	-5260
4	17	2804
4	18	7948
4	19	-2420
4	20	4340
4	21	884
4	22	3596
4	23	-3084
4	24	-1292
4	25	7028
4	26	5132
4	27	-3572
4	28	-2420
4	29	-10996
4	30	652
4	31	6004
5	6	-7156
5	7	9204
5	8	8564
5	9	-3060
5	10	-7564
5	11	-652
5	12	-14324
5	13	-5004
5	14	-1676
5	15	-1548
5	16	524
5	17	-3444
5	18	-3212
5	19	-1036
5	20	3212
5	21	-5620
5	22	-2956
5	23	6540
5	24	-7540
5	25	524
5	26	7796
5	27	-3980
5	28	7156
5	29	-652
5	30	-12
5	31	9740
6	7	-5900
6	8	-2444
6	9	-4340
6	10	10100
6	11	4724
6	12	780
6	13	4468
6	14	-4492
6	15	-268
6	16	-4852
6	17	7564
6	18	6260
6	19	-3852
6	20	-6260
6	21	1292
6	22	-1676
6	23	-11124
6	24	-8820
6	25	3340
6	26	884
6	27	-2700
6	28	-7948
6	29	628
6	30	-2828
6	31	268
7	8	-3700
7	9	2292
7	10	-8052
7	11	-2676
7	12	-6924
7	13	1676
7	14	-1652
7	15	2316
7	16	2804
7	17	-1420
7	18	-4212
7	19	5900
7	20	116
7	21	-3340
7	22	-372
7	23	4980
7	24	-1420
7	25	-1292
7	26	-2932
7	27	4748
7	28	-2292
7	29	-2676
7	30	4876
7	31	5876
8	9	5748
8	10	4876
8	11	6156
8	12	-7564
8	13	-9972
8	14	7180
8	15	-5236
8	16	2164
8	17	2036
8	18	4620
8	19	-1652
8	20	-524
8	21	116
8	22	-12020
8	23	8436
8	24	-2060
8	25	6260
8	26	1804
8	27	-2804
8	28	2444
8	29	-6132
8	30	5516
8	31	5236
9	10	1908
9	11	628
9	12	-3316
9	13	372
9	14	3700
9	15	7924
9	16	3340
9	17	-628
9	18	-6028
9	19	8436
9	20	-2164
9	21	-10996
9	22	-5772
9	23	1164
9	24	7564
9	25	-4852
9	26	-3212
9	27	-6796
9	28	-7948
9	29	4724
9	30	5364
9	31	4364
10	11	5900
10	12	13172
10	13	2060
10	14	2828
10	15	-1396
10	16	-1676
10	17	2292
10	18	-3828
10	19	2188
10	20	-268
10	21	4468
10	22	-4084
10	23	-7692
10	24	2292
10	25	-5772
10	26	1548
10	27	1036
10	28	-14196
10	29	-2292
10	30	1164
10	31	1396
11	12	-396
11	13	-8948
11	14	4108
11	15	-4212
11	16	1140
11	17	-7180
11	18	1548
11	19	-4724
11	20	-1548
11	21	-908
11	22	-10996
11	23	-8972
11	24	-3084
11	25	1140
11	26	-9460
11	27	2316
11	28	-8820
11	29	-1012
11	30	2444
11	31	4212
12	13	7540
12	14	2676
12	15	-1292
12	16	-3828
12	17	-3700
12	18	-2956
12	19	-780
12	20	2956
12	21	10508
12	22	9588
12	23	-10100
12	24	8588
12	25	-7924
12	26	-4236
12	27	4468
12	28	-8972
12	29	-396
12	30	-3852
12	31	-6900
13	14	268
13	15	4236
13	16	-3212
13	17	4852
13	18	1804
13	19	3724
13	20	6388
13	21	2932
13	22	9740
13	23	-1036
13	24	8948
13	25	884
13	26	-1012
13	27	-5620
13	28	-4468
13	29	3340
13	30	-1396
13	31	-140
14	15	-3188
14	16	12404
14	17	4084
14	18	-1524
14	19	4492
14	20	-2572
14	21	-1932
14	22	-5876
14	23	2292
14	24	4084
14	25	4212
14	26	-4340
14	27	-756
14	28	-7796
14	29	12
14	30	-628
14	31	3188
15	16	4340
15	17	116
15	18	-5748
15	19	4364
15	20	5748
15	21	-5900
15	22	2188
15	23	2420
15	24	-3980
15	25	-3852
15	26	-4468
15	27	-9076
15	28	4364
15	29	3980
15	30	-4852
15	31	3316
16	17	-1140
16	18	-1420
16	19	4852
16	20	-6772
16	21	-7412
16	22	-5260
16	23	4748
16	24	-5236
16	25	2828
16	26	1396
16	27	1908
16	28	756
16	29	5236
16	30	-2316
16	31	12044
17	18	-1548
17	19	628
17	20	-6644
17	21	-3188
17	22	6900
17	23	4876
17	24	3084
17	25	7052
17	26	5364
17	27	-2316
17	28	628
17	29	1012
17	30	-2444
17	31	3980
18	19	-10356
18	20	-12
18	21	8820
18	22	-244
18	23	756
18	24	-5644
18	25	10868
18	26	-6900
18	27	780
18	28	1932
18	29	-6644
18	30	908
18	31	-2444
19	20	2164
19	21	-1292
19	22	-6516
19	23	2932
19	24	8820
19	25	756
19	26	-884
19	27	2700
19	28	-244
19	29	7564
19	30	6924
19	31	7924
20	21	7564
20	22	244
20	23	3340
20	24	1548
20	25	5516
20	26	-1292
20	27	-780
20	28	2164
20	29	-5644
20	30	7284
20	31	-1652
21	22	884
21	23	-5492
21	24	908
21	25	4876
21	26	-4748
21	27	8052
21	28	-1292
21	29	-908
21	30	3828
21	31	-2292
22	23	1012
22	24	2804
22	25	-1164
22	26	1036
22	27	524
22	28	5772
22	29	1292
22	30	-11636
22	31	-2188
23	24	4876
23	25	4748
23	26	-524
23	27	4084
23	28	15220
23	29	-4876
23	30	3956
23	31	1676
24	25	-5236
24	26	-2828
24	27	1780
24	28	-3468
24	29	5108
24	30	5748
24	31	-4212
25	26	1396
25	27	1908
25	28	4852
25	29	1140
25	30	5876
25	31	7948
26	27	-10228
26	28	3212
26	29	2828
26	30	-1908
26	31	4468
27	28	2700
27	29	-1780
27	30	5772
27	31	884
28	29	3468
28	30	-5364
28	31	-268
29	30	-1652
29	31	8308
30	31	4852
