0	1	-728
0	2	-6232
0	3	-3544
0	4	-552
0	5	4264
0	6	-6824
0	7	-2600
0	8	4568
0	9	1880
0	10	-5160
0	11	-2648
0	12	-4904
0	13	-3160
0	14	-4392
0	15	-7976
0	16	6440
0	17	4824
0	18	1960
0	19	11864
0	20	7464
0	21	1064
0	22	5672
0	23	-728
0	24	-3672
0	25	5208
0	26	-3880
0	27	-2520
0	28	4568
0	29	2008
0	30	12712
0	31	-7720
1	2	-2088
1	3	-680
1	4	680
1	5	-4392
1	6	-5336
1	7	6824
1	8	-4440
1	9	-5848
1	10	5288
1	11	2520
1	12	-7256
1	13	3032
1	14	424
1	15	-4184
1	16	1624
1	17	3496
1	18	-6184
1	19	4648
1	20	600
1	21	-9384
1	22	2392
1	23	-3496
1	24	-552
1	25	3112
1	26	-88
1	27	-5800
1	28	7848
1	29	-1880
1	30	-4648
1	31	-4440
2	3	4824
2	4	-4824
2	5	1112
2	6	-2648
2	7	-2776
2	8	-1752
2	9	936
2	10	7976
2	11	-168
2	12	7720
2	13	-3752
2	14	3112
2	15	6696
2	16	3032
2	17	14376
2	18	-4776
2	19	-856
2	20	-2088
2	21	-3880
2	22	-4392
2	23	2008
2	24	856
2	25	-6488
2	26	-5592
2	27	-4392
2	28	-1752
2	29	808
2	30	856
2	31	2344
3	4	6056
3	5	-1576
3	6	40
3	7	8104
3	8	-3160
3	9	-472
3	10	-1624
3	11	-2856
3	12	-1880
3	13	1752
3	14	5800
3	15	1192
3	16	4440
3	17	680
3	18	728
3	19	-6360
3	20	-8872
3	21	1624
3	22	1112
3	23	3416
3	24	6360
3	25	4392
3	26	5288
3	27	1112
3	28	936
3	29	7592
3	30	-5928
3	31	5032
4	5	5672
4	6	-4136
4	7	88
4	8	-5032
4	9	8664
4	10	-10664
4	11	2856
4	12	-6312
4	13	2344
4	14	6488
4	15	-1192
4	16	-4440
4	17	-680
4	18	7464
4	19	-10024
4	20	-3416
4	21	2472
4	22	2984
4	23	-3416
4	24	5928
4	25	3800
4	26	7000
4	27	2984
4	28	7256
4	29	600
4	30	-6360
4	31	-5032
5	6	-4440
5	7	-12760
5	8	-7640
5	9	7336
5	10	2088
5	11	-6568
5	12	-2264
5	13	6232
5	14	5416
5	15	9000
5	16	-7464
5	17	8488
5	18	1112
5	19	-2648
5	20	-296
5	21	2008
5	22	-2600
5	23	3800
5	24	-5544
5	25	4008
5	26	808
5	27	-6696
5	28	552
5	29	-5080
5	30	2648
5	31	-3544
6	7	-2088
6	8	-3112
6	9	-1704
6	10	-552
6	11	-3160
6	12	-296
6	13	4520
6	14	4312
6	15	4824
6	16	-2264
6	17	-2856
6	18	1448
6	19	-8104
6	20	11048
6	21	552
6	22	-3032
6	23	6952
6	24	-4184
6	25	-2472
6	26	728
6	27	1064
6	28	984
6	29	2520
6	30	-88
6	31	-3112
7	8	9304
7	9	-9768
7	10	-424
7	11	4904
7	12	-4264
7	13	296
7	14	-11944
7	15	-7336
7	16	5800
7	17	-2728
7	18	-2776
7	19	4312
7	20	-5464
7	21	4520
7	22	9128
7	23	-5464
7	24	3880
7	25	-2344
7	26	9048
7	27	5032
7	28	1112
7	29	6744
7	30	-4312
7	31	1112
8	9	-2600
8	10	-5544
8	11	1832
8	12	2904
8	13	-2776
8	14	-8872
8	15	-168
8	16	10920
8	17	-3752
8	18	6440
8	19	7384
8	20	-4440
8	21	13736
8	22	1960
8	23	-4440
8	24	808
8	25	4824
8	26	-168
8	27	14248
8	28	88
8	29	-2472
8	30	4904
8	31	4184
9	10	-8232
9	11	4520
9	12	216
9	13	-88
9	14	4824
9	15	1240
9	16	-2776
9	17	1752
9	18	9128
9	19	-7592
9	20	-1752
9	21	4136
9	22	-3544
9	23	2344
9	24	-600
9	25	-1960
9	26	-11048
9	27	552
9	28	1496
9	29	3032
9	30	-600
9	31	5592
10	11	-728
10	12	1368
10	13	2856
10	14	-6312
10	15	2392
10	16	-3928
10	17	2904
10	18	-8408
10	19	1752
10	20	9384
10	21	-9304
10	22	-4696
10	23	5288
10	24	-1752
10	25	-808
10	26	-1704
10	27	-8792
10	28	6744
10	29	88
10	30	2344
10	31	-5544
11	12	-9176
11	13	-7336
11	14	-1496
11	15	2088
11	16	-4648
11	17	-2520
11	18	-4264
11	19	-1368
11	20	-5672
11	21	728
11	22	-3880
11	23	-9768
11	24	1368
11	25	-11096
11	26	-2008
11	27	-3880
11	28	1832
11	29	296
11	30	5464
11	31	1832
12	13	2600
12	14	2136
12	15	-1448
12	16	8104
12	17	-5032
12	18	-472
12	19	-2088
12	20	936
12	21	6824
12	22	-4952
12	23	936
12	24	-2008
12	25	3544
12	26	-9640
12	27	-856
12	28	-5288
12	29	-3752
12	30	-2008
12	31	2904
13	14	6184
13	15	1576
13	16	-4136
13	17	1064
13	18	8536
13	19	-5976
13	20	-1064
13	21	-2856
13	22	728
13	23	11224
13	24	-2216
13	25	4776
13	26	-2520
13	27	728
13	28	9512
13	29	7976
13	30	-10408
13	31	-2776
14	15	11352
14	16	-600
14	17	-424
14	18	3112
14	19	-5672
14	20	-3672
14	21	-1880
14	22	-5464
14	23	12712
14	24	-2520
14	25	-4136
14	26	-5032
14	27	-5464
14	28	-680
14	29	-3240
14	30	-2520
14	31	7512
15	16	-5208
15	17	4184
15	18	2600
15	19	-5160
15	20	-88
15	21	1704
15	22	-10072
15	23	4008
15	24	-3032
15	25	-7720
15	26	-424
15	27	2216
15	28	-168
15	29	-10920
15	30	1064
15	31	3928
16	17	2472
16	18	3032
16	19	3624
16	20	1624
16	21	-168
16	22	-4776
16	23	-2472
16	24	-3624
16	25	6184
16	26	-1112
16	27	7512
16	28	-5464
16	29	5288
16	30	4568
16	31	2728
17	18	2088
17	19	-552
17	20	3496
17	21	-11096
17	22	1704
17	23	3496
17	24	-7640
17	25	-3112
17	26	88
17	27	-2392
17	28	344
17	29	1880
17	30	552
17	31	-3752
18	19	-9048
18	20	-2088
18	21	216
18	22	-296
18	23	6104
18	24	-3240
18	25	5800
18	26	-1496
18	27	7896
18	28	-1752
18	29	4904
18	30	-3240
18	31	6440
19	20	4648
19	21	2344
19	22	2856
19	23	-3544
19	24	1704
19	25	-4264
19	26	-1064
19	27	2856
19	28	-808
19	29	728
19	30	9896
19	31	-4904
20	21	-5288
20	22	-1704
20	23	4696
20	24	-8744
20	25	-984
20	26	-88
20	27	-1704
20	28	7848
20	29	-1880
20	30	7640
20	31	-16728
21	22	600
21	23	-5288
21	24	1752
21	25	4904
21	26	-2392
21	27	4696
21	28	1448
21	29	-8280
21	30	1752
21	31	1448
22	23	2392
22	24	-2856
22	25	1320
22	26	10408
22	27	-4008
22	28	-2136
22	29	4520
22	30	-2856
22	31	-2136
23	24	-4648
23	25	-984
23	26	-4184
23	27	-1704
23	28	3752
23	29	2216
23	30	-4648
23	31	7848
24	25	4264
24	26	1064
24	27	5336
24	28	4904
24	29	3368
24	30	-1704
24	31	4904
25	26	472
25	27	1320
25	28	4824
25	29	-1832
25	30	-3928
25	31	-3368
26	27	6312
26	28	-4264
26	29	1368
26	30	-3032
26	31	-4264
27	28	1960
27	29	424
27	30	-6952
27	31	1960
28	29	-2472
28	30	-3288
28	31	-12200
29	30	3368
29	31	1624
30	31	808
