0	1	-3564
0	2	684
0	3	4044
0	4	2484
0	5	756
0	6	-2196
0	7	996
0	8	-1356
0	9	2004
0	10	-1644
0	11	5124
0	12	2364
0	13	1836
0	14	-1716
0	15	-1524
0	16	6204
0	17	1236
0	18	996
0	19	4596
0	20	-276
0	21	5796
0	22	-5556
0	23	-2436
0	24	1236
0	25	-6156
0	26	2796
0	27	204
0	28	-1476
0	29	1764
1	2	1956
1	3	2196
1	4	156
1	5	-3396
1	6	-2364
1	7	-36
1	8	3996
1	9	-2964
1	10	2604
1	11	-6084
1	12	276
1	13	-876
1	14	756
1	15	6084
1	16	36
1	17	-3876
1	18	-36
1	19	-3636
1	20	2916
1	21	-4836
1	22	996
1	23	5076
1	24	3324
1	25	5196
1	26	1764
1	27	-1164
1	28	516
1	29	876
2	3	2124
2	4	-3036
2	5	-4524
2	6	-516
2	7	2916
2	8	-3276
2	9	84
2	10	3876
2	11	-396
2	12	444
2	13	3756
2	14	-36
2	15	3996
2	16	-2916
2	17	-7644
2	18	-684
2	19	2916
2	20	1404
2	21	-3084
2	22	-276
2	23	6444
2	24	6756
2	25	-876
2	26	-2484
2	27	-1716
2	28	204
2	29	-156
3	4	324
3	5	2916
3	6	-756
3	7	-444
3	8	84
3	9	-3756
3	10	4116
3	11	2964
3	12	3804
3	13	3996
3	14	-276
3	15	636
3	16	4044
3	17	-3804
3	18	3156
3	19	-444
3	20	-2436
3	21	4356
3	22	-516
3	23	-996
3	24	-204
3	25	-4716
3	26	1356
3	27	1644
3	28	-36
3	29	3204
4	5	876
4	6	1284
4	7	-2484
4	8	2124
4	9	-5316
4	10	-5124
4	11	-2196
4	12	-1356
4	13	-1644
4	14	-5436
4	15	-1404
4	16	2484
4	17	4956
4	18	1116
4	19	1116
4	20	-396
4	21	-1284
4	22	-2076
4	23	-2556
4	24	1356
4	25	924
4	26	-684
4	27	84
4	28	-1596
4	29	1644
5	6	1956
5	7	-756
5	8	1116
5	9	-2244
5	10	1884
5	11	1836
5	12	996
5	13	2004
5	14	5076
5	15	-1836
5	16	4356
5	17	2604
5	18	2844
5	19	-4356
5	20	36
5	21	5244
5	22	-1884
5	23	-5004
5	24	-4596
5	25	-4884
5	26	1044
5	27	6756
5	28	1236
5	29	1596
6	7	2196
6	8	1044
6	9	804
6	10	3156
6	11	-3276
6	12	-2436
6	13	6636
6	14	684
6	15	-3924
6	16	-5796
6	17	2436
6	18	2196
6	19	-1404
6	20	2124
6	21	-204
6	22	4044
6	23	-3636
6	24	-4764
6	25	-3756
6	26	-6804
6	27	-996
6	28	924
6	29	564
7	8	-5844
7	9	5196
7	10	1644
7	11	-1524
7	12	-2364
7	13	1764
7	14	1716
7	15	-2076
7	16	-2604
7	17	-1236
7	18	2604
7	19	-996
7	20	276
7	21	-2196
7	22	1956
7	23	2436
7	24	-1236
7	25	-1044
7	26	804
7	27	3396
7	28	1476
7	29	1836
8	9	-1956
8	10	2316
8	11	-2436
8	12	2004
8	13	2196
8	14	1524
8	15	2436
8	16	2244
8	17	1596
8	18	-2244
8	19	-2244
8	20	2964
8	21	2556
8	22	-2316
8	23	-2796
8	24	1596
8	25	684
8	26	-444
8	27	-3756
8	28	1764
8	29	1404
9	10	2556
9	11	924
9	12	1764
9	13	2436
9	14	4884
9	15	-4524
9	16	-1596
9	17	1836
9	18	-2004
9	19	1596
9	20	2724
9	21	2796
9	22	-2556
9	23	564
9	24	-1764
9	25	-3156
9	26	3396
9	27	-396
9	28	1524
9	29	-2436
10	11	-564
10	12	5796
10	13	8004
10	14	6276
10	15	564
10	16	-1644
10	17	-5796
10	18	1644
10	19	-1956
10	20	1236
10	21	4044
10	22	-684
10	23	-204
10	24	1404
10	25	-3684
10	26	-156
10	27	756
10	28	6036
10	29	2796
11	12	1284
11	13	-684
11	14	804
11	15	-444
11	16	5124
11	17	-1284
11	18	2076
11	19	5676
11	20	-4956
11	21	6876
11	22	564
11	23	-3516
11	24	-1284
11	25	-3636
11	26	3876
11	27	2724
11	28	-2556
11	29	684
12	13	2076
12	14	1644
12	15	-1284
12	16	2364
12	17	-2124
12	18	1236
12	19	1236
12	20	-516
12	21	6036
12	22	-5796
12	23	-2676
12	24	1476
12	25	-2796
12	26	3036
12	27	-36
12	28	5484
12	29	1524
13	14	2556
13	15	-2916
13	16	-1764
13	17	-2076
13	18	-1836
13	19	-1836
13	20	1116
13	21	4164
13	22	-804
13	23	-324
13	24	1524
13	25	-7404
13	26	-3636
13	27	-2964
13	28	2316
13	29	2676
14	15	2796
14	16	1884
14	17	-1644
14	18	1716
14	19	-1884
14	20	6204
14	21	2916
14	22	-2676
14	23	444
14	24	-1644
14	25	-3276
14	26	3516
14	27	6684
14	28	1404
14	29	-2556
15	16	2076
15	17	-5916
15	18	1524
15	19	1524
15	20	4956
15	21	-3276
15	22	-564
15	23	3516
15	24	4884
15	25	3636
15	26	-276
15	27	876
15	28	-1044
15	29	-684
16	17	1236
16	18	996
16	19	996
16	20	-276
16	21	5796
16	22	-5556
16	23	-2436
16	24	1236
16	25	-2556
16	26	6396
16	27	3804
16	28	-1476
16	29	1764
17	18	-1236
17	19	-1236
17	20	516
17	21	1164
17	22	-1404
17	23	-4524
17	24	-5076
17	25	-804
17	26	564
17	27	36
17	28	-1884
17	29	-1524
18	19	2604
18	20	276
18	21	1404
18	22	1956
18	23	-4764
18	24	-4836
18	25	-1044
18	26	804
18	27	6996
18	28	1476
18	29	1836
19	20	276
19	21	1404
19	22	-1644
19	23	-1164
19	24	2364
19	25	-1044
19	26	804
19	27	-204
19	28	-2124
19	29	-1764
20	21	-2124
20	22	-4836
20	23	1884
20	24	516
20	25	-1836
20	26	-1524
20	27	924
20	28	-756
20	29	-4716
21	22	-4044
21	23	-7164
21	24	-2436
21	25	-7044
21	26	3204
21	27	996
21	28	2676
21	29	3036
22	23	204
22	24	-5004
22	25	3684
22	26	-3444
22	27	-756
22	28	-2436
22	29	804
23	24	6276
23	25	3204
23	26	636
23	27	-1236
23	28	-2916
23	29	-3276
24	25	2796
24	26	564
24	27	-3564
24	28	1716
24	29	2076
25	26	756
25	27	-1356
25	28	564
25	29	204
26	27	5196
26	28	-324
26	29	36
27	28	-276
27	29	-636
28	29	4884
