0	1	484
0	2	1324
0	3	-1444
0	4	3124
0	5	956
0	6	1564
0	7	244
0	8	-124
0	9	-1676
0	10	-596
0	11	-1444
0	12	3364
0	13	476
0	14	1924
0	15	364
0	16	5756
0	17	-1076
0	18	7316
0	19	3484
0	20	-1684
0	21	3836
0	22	-1444
0	23	1084
0	24	-724
0	25	-116
0	26	-2516
0	27	-5996
0	28	716
0	29	-3476
1	2	-1676
1	3	1556
1	4	124
1	5	3956
1	6	-5036
1	7	-2756
1	8	2876
1	9	2524
1	10	-7196
1	11	-2044
1	12	-3236
1	13	3476
1	14	-1076
1	15	964
1	16	-2044
1	17	3124
1	18	-484
1	19	4084
1	20	-2284
1	21	3236
1	22	1556
1	23	8884
1	24	2276
1	25	484
1	26	1684
1	27	-1796
1	28	116
1	29	724
2	3	716
2	4	-2636
2	5	-4084
2	6	-596
2	7	-1916
2	8	-5164
2	9	-236
2	10	-2756
2	11	716
2	12	-2396
2	13	-4564
2	14	-7436
2	15	1804
2	16	4316
2	17	364
2	18	5876
2	19	-2276
2	20	4076
2	21	-4804
2	22	-2884
2	23	-4676
2	24	-2164
2	25	8524
2	26	-1076
2	27	-956
2	28	2876
2	29	1564
3	4	-1084
3	5	-2996
3	6	-3124
3	7	1796
3	8	-1916
3	9	7316
3	10	-964
3	11	3004
3	12	-4924
3	13	-2516
3	14	3716
3	15	5276
3	16	3004
3	17	3116
3	18	1444
3	19	-1444
3	20	-356
3	21	1324
3	22	-596
3	23	956
3	24	5884
3	25	2156
3	26	956
3	27	836
3	28	844
3	29	1916
4	5	-2284
4	6	1204
4	7	-3716
4	8	7436
4	9	-2036
4	10	-956
4	11	-1084
4	12	3004
4	13	4436
4	14	1564
4	15	4
4	16	2516
4	17	-5036
4	18	4076
4	19	3124
4	20	-1324
4	21	4196
4	22	-1084
4	23	724
4	24	-364
4	25	-4076
4	26	4324
4	27	844
4	28	-6124
4	29	-236
5	6	-4324
5	7	596
5	8	-716
5	9	2516
5	10	1436
5	11	604
5	12	1076
5	13	2284
5	14	2516
5	15	-3124
5	16	-2996
5	17	5516
5	18	-4556
5	19	956
5	20	-2756
5	21	2524
5	22	4204
5	23	6956
5	24	-116
5	25	-2644
5	26	-244
5	27	-364
5	28	2044
5	29	-2884
6	7	1924
6	8	1796
6	9	-7196
6	10	1084
6	11	-3124
6	12	5044
6	13	-1204
6	14	4
6	15	2044
6	16	476
6	17	-6596
6	18	2036
6	19	1564
6	20	3836
6	21	-1444
6	22	-3124
6	23	-4436
6	24	1196
6	25	-2036
6	26	-4436
6	27	-4316
6	28	-964
6	29	1804
7	8	-4084
7	9	-1316
7	10	3364
7	11	-1804
7	12	-3476
7	13	116
7	14	5884
7	15	-2876
7	16	1796
7	17	2884
7	18	-244
7	19	-6956
7	20	-2044
7	21	-124
7	22	-5404
7	23	1444
7	24	2516
7	25	244
7	26	-5756
7	27	-2036
7	28	356
7	29	-3116
8	9	-2164
8	10	356
8	11	-5516
8	12	3596
8	13	3364
8	14	1436
8	15	-604
8	16	-1916
8	17	-6364
8	18	124
8	19	3476
8	20	1924
8	21	3604
8	22	-1916
8	23	2276
8	24	964
8	25	-7324
8	26	5876
8	27	-1444
8	28	-7676
8	29	-364
9	10	1444
9	11	3716
9	12	-1796
9	13	-1564
9	14	3964
9	15	2404
9	16	116
9	17	4564
9	18	-1924
9	19	-1676
9	20	-124
9	21	1796
9	22	3716
9	23	3124
9	24	4436
9	25	1924
9	26	3124
9	27	3244
9	28	2276
9	29	-1436
10	11	-964
10	12	2884
10	13	-2644
10	14	5044
10	15	-3716
10	16	-964
10	17	-1556
10	18	-3004
10	19	-4196
10	20	2396
10	21	716
10	22	-964
10	23	-2996
10	24	-244
10	25	-4196
10	26	604
10	27	724
10	28	-2404
10	29	-3956
11	12	-1324
11	13	-2516
11	14	116
11	15	1676
11	16	-596
11	17	6716
11	18	-2156
11	19	2156
11	20	-3956
11	21	1324
11	22	6604
11	23	-2644
11	24	-1316
11	25	2156
11	26	956
11	27	4436
11	28	4444
11	29	1916
12	13	596
12	14	1804
12	15	244
12	16	-1324
12	17	-4796
12	18	236
12	19	3364
12	20	2036
12	21	356
12	22	2276
12	23	-2636
12	24	-604
12	25	-3836
12	26	964
12	27	-2516
12	28	836
12	29	-3596
13	14	2036
13	15	-4
13	16	1084
13	17	-2164
13	18	-476
13	19	476
13	20	-5876
13	21	-596
13	22	1084
13	23	6476
13	24	364
13	25	-3124
13	26	-724
13	27	2756
13	28	-1076
13	29	236
14	15	-1196
14	16	116
14	17	964
14	18	-1924
14	19	-1676
14	20	-3724
14	21	5396
14	22	116
14	23	3124
14	24	4436
14	25	-5276
14	26	-476
14	27	-356
14	28	-1324
14	29	-5036
15	16	5276
15	17	-596
15	18	3236
15	19	3964
15	20	1436
15	21	-3844
15	22	1676
15	23	1564
15	24	5996
15	25	364
15	26	-2036
15	27	-1916
15	28	3836
15	29	7804
16	17	-484
16	18	8644
16	19	-1444
16	20	-356
16	21	-2276
16	22	-4196
16	23	956
16	24	2284
16	25	2156
16	26	-2644
16	27	-2764
16	28	844
16	29	1916
17	18	-2524
17	19	-1076
17	20	-4324
17	21	1196
17	22	3116
17	23	3724
17	24	236
17	25	2524
17	26	124
17	27	244
17	28	5276
17	29	-836
18	19	116
18	20	1684
18	21	-236
18	22	-5756
18	23	-1084
18	24	724
18	25	3716
18	26	-1084
18	27	-4804
18	28	-716
18	29	-124
19	20	-1684
19	21	3836
19	22	5756
19	23	1084
19	24	-724
19	25	-3716
19	26	1084
19	27	-2396
19	28	716
19	29	3724
20	21	-2036
20	22	-3956
20	23	-2884
20	24	2524
20	25	1916
20	26	716
20	27	-3004
20	28	-2516
20	29	1676
21	22	1324
21	23	2636
21	24	604
21	25	-3364
21	26	2636
21	27	-1084
21	28	-4436
21	29	-3604
22	23	956
22	24	-1316
22	25	-1444
22	26	956
22	27	4436
22	28	4444
22	29	1916
23	24	5276
23	25	-2516
23	26	-1316
23	27	-1196
23	28	-484
23	29	1324
24	25	-724
24	26	-1924
24	27	-2044
24	28	124
24	29	2636
25	26	-2516
25	27	1204
25	28	4316
25	29	124
26	27	2404
26	28	-4084
26	29	-2276
27	28	-604
27	29	1444
28	29	476
