0	1	4020
0	2	-1164
0	3	12
0	4	156
0	5	6204
0	6	-1716
0	7	-876
0	8	4164
0	9	3036
0	10	3180
0	11	3036
0	12	-4164
0	13	3300
0	14	-12
0	15	3756
0	16	1860
0	17	-588
0	18	300
0	19	-4164
0	20	1020
0	21	4308
0	22	876
0	23	-1860
0	24	3180
0	25	-2748
0	26	1284
0	27	4308
0	28	-2148
0	29	5772
0	30	-3876
0	31	-1716
0	32	-2148
0	33	-444
0	34	3588
0	35	-4044
1	2	-708
1	3	1860
1	4	-3468
1	5	852
1	6	3588
1	7	-6180
1	8	4332
1	9	4020
1	10	-1308
1	11	-1164
1	12	-4332
1	13	5196
1	14	-1860
1	15	3300
1	16	1452
1	17	-1284
1	18	6756
1	19	-4332
1	20	-4332
1	21	4188
1	22	996
1	23	3732
1	24	3876
1	25	876
1	26	-3156
1	27	-996
1	28	-1164
1	29	1284
1	30	564
1	31	-1596
1	32	4020
1	33	-1428
1	34	4908
1	35	2172
2	3	1860
2	4	1716
2	5	-4332
2	6	-1596
2	7	4188
2	8	-852
2	9	-1164
2	10	-1308
2	11	4020
2	12	852
2	13	12
2	14	-1860
2	15	3300
2	16	-8916
2	17	3900
2	18	1572
2	19	852
2	20	852
2	21	-6180
2	22	996
2	23	3732
2	24	-6492
2	25	876
2	26	2028
2	27	-996
2	28	4020
2	29	-3900
2	30	564
2	31	3588
2	32	-1164
2	33	-1428
2	34	4908
2	35	2172
3	4	2316
3	5	-2004
3	6	444
3	7	2148
3	8	2004
3	9	5196
3	10	156
3	11	12
3	12	3180
3	13	6324
3	14	-7356
3	15	-4452
3	16	-300
3	17	-2748
3	18	2460
3	19	3180
3	20	-2004
3	21	2148
3	22	-2148
3	23	300
3	24	156
3	25	276
3	26	-876
3	27	-3036
3	28	5196
3	29	-2436
3	30	-1716
3	31	-4740
3	32	12
3	33	2580
3	34	1428
3	35	4164
4	5	-1860
4	6	588
4	7	2004
4	8	-3324
4	9	156
4	10	300
4	11	156
4	12	-1860
4	13	996
4	14	-2316
4	15	-4308
4	16	-444
4	17	2292
4	18	-2580
4	19	-1860
4	20	-1860
4	21	-3180
4	22	3180
4	23	-4740
4	24	300
4	25	-5052
4	26	4164
4	27	2004
4	28	156
4	29	2892
4	30	-1572
4	31	588
4	32	156
4	33	-2748
4	34	1284
4	35	4020
5	6	-3732
5	7	1140
5	8	996
5	9	1020
5	10	6348
5	11	1020
5	12	-996
5	13	132
5	14	2004
5	15	1740
5	16	3876
5	17	-3756
5	18	-1716
5	19	-996
5	20	4188
5	21	6324
5	22	-1140
5	23	-3876
5	24	1164
5	25	-732
5	26	-1884
5	27	1140
5	28	-4164
5	29	3756
5	30	-5892
5	31	-3732
5	32	-4164
5	33	1572
5	34	420
5	35	-7212
6	7	-6492
6	8	-1452
6	9	3468
6	10	-6756
6	11	-6900
6	12	-3732
6	13	-2316
6	14	-444
6	15	-996
6	16	1428
6	17	4164
6	18	732
6	19	-3732
6	20	-8916
6	21	-1308
6	22	6492
6	23	-1428
6	24	3612
6	25	2004
6	26	-4332
6	27	-1308
6	28	-1716
6	29	1020
6	30	6924
6	31	-1284
6	32	3468
6	33	-876
6	34	-2028
6	35	5892
7	8	-1140
7	9	-876
7	10	4164
7	11	4308
7	12	6324
7	13	-276
7	14	-2148
7	15	-1596
7	16	-4020
7	17	-1572
7	18	-3324
7	19	6324
7	20	6324
7	21	-1284
7	22	-3900
7	23	-1164
7	24	-6204
7	25	588
7	26	1740
7	27	-1284
7	28	4308
7	29	-3612
7	30	-4332
7	31	-1308
7	32	-6060
7	33	3468
7	34	-564
7	35	-3300
8	9	4164
8	10	-1164
8	11	4164
8	12	996
8	13	5052
8	14	-2004
8	15	3444
8	16	1308
8	17	-1428
8	18	1716
8	19	996
8	20	996
8	21	4044
8	22	-4044
8	23	3876
8	24	4020
8	25	732
8	26	1884
8	27	4044
8	28	4164
8	29	1428
8	30	708
8	31	-1452
8	32	-1020
8	33	3612
8	34	-420
8	35	-3156
9	10	-2004
9	11	-2148
9	12	1020
9	13	3300
9	14	-5196
9	15	-1428
9	16	1860
9	17	-588
9	18	300
9	19	1020
9	20	-4164
9	21	4308
9	22	876
9	23	-1860
9	24	3180
9	25	2436
9	26	-3900
9	27	-876
9	28	3036
9	29	588
9	30	1308
9	31	-6900
9	32	-2148
9	33	4740
9	34	-1596
9	35	1140
10	11	3180
10	12	1164
10	13	3156
10	14	-156
10	15	-1284
10	16	1716
10	17	-5916
10	18	444
10	19	1164
10	20	6348
10	21	4164
10	22	-4164
10	23	-1716
10	24	-1860
10	25	-2892
10	26	1140
10	27	-1020
10	28	-2004
10	29	732
10	30	-8916
10	31	-1572
10	32	-2004
10	33	-588
10	34	3444
10	35	-4188
11	12	1020
11	13	3300
11	14	-12
11	15	3756
11	16	-3324
11	17	-588
11	18	300
11	19	1020
11	20	6204
11	21	-876
11	22	-4308
11	23	3324
11	24	-2004
11	25	-2748
11	26	6468
11	27	4308
11	28	3036
11	29	588
11	30	-3876
11	31	3468
11	32	-2148
11	33	-444
11	34	3588
11	35	-4044
12	13	132
12	14	-3180
12	15	-3444
12	16	-1308
12	17	-3756
12	18	-1716
12	19	9372
12	20	4188
12	21	1140
12	22	-6324
12	23	1308
12	24	-4020
12	25	4452
12	26	-1884
12	27	-4044
12	28	6204
12	29	-6612
12	30	-708
12	31	-3732
12	32	-4164
12	33	6756
12	34	-4764
12	35	-2028
13	14	-6324
13	15	-2604
13	16	2172
13	17	-5748
13	18	6036
13	19	132
13	20	132
13	21	4908
13	22	-4908
13	23	3012
13	24	3156
13	25	-3588
13	26	2748
13	27	-276
13	28	3300
13	29	564
13	30	-5340
13	31	-2316
13	32	3300
13	33	-708
13	34	5628
13	35	2892
14	15	4452
14	16	300
14	17	2748
14	18	-2460
14	19	-3180
14	20	2004
14	21	-2148
14	22	2148
14	23	-300
14	24	-156
14	25	-276
14	26	876
14	27	3036
14	28	-5196
14	29	2436
14	30	1716
14	31	4740
14	32	-12
14	33	-2580
14	34	-1428
14	35	-4164
15	16	-4044
15	17	3876
15	18	1020
15	19	-3444
15	20	1740
15	21	-1596
15	22	1596
15	23	4044
15	24	-1284
15	25	1716
15	26	564
15	27	3588
15	28	-1428
15	29	1308
15	30	2028
15	31	4188
15	32	-1428
15	33	-1164
15	34	2868
15	35	-4764
16	17	-4308
16	18	-588
16	19	-1308
16	20	-1308
16	21	6348
16	22	-1164
16	23	-3612
16	24	6900
16	25	-2148
16	26	-996
16	27	1164
16	28	-3324
16	29	4308
16	30	-1596
16	31	-3756
16	32	1860
16	33	732
16	34	-3300
16	35	-852
17	18	-3036
17	19	-3756
17	20	-3756
17	21	-6756
17	22	6756
17	23	-876
17	24	-732
17	25	300
17	26	1452
17	27	3612
17	28	-588
17	29	1860
17	30	6324
17	31	4164
17	32	-588
17	33	-2004
17	34	-852
17	35	1596
18	19	-1716
18	20	-1716
18	21	1860
18	22	-1860
18	23	5772
18	24	444
18	25	-12
18	26	-1164
18	27	-3324
18	28	300
18	29	-2148
18	30	-1428
18	31	732
18	32	5484
18	33	-2892
18	34	6324
18	35	3876
19	20	4188
19	21	1140
19	22	-6324
19	23	1308
19	24	-4020
19	25	4452
19	26	-1884
19	27	-4044
19	28	6204
19	29	-6612
19	30	-708
19	31	-3732
19	32	-4164
19	33	6756
19	34	-4764
19	35	-2028
20	21	1140
20	22	-6324
20	23	1308
20	24	-4020
20	25	-732
20	26	3300
20	27	1140
20	28	1020
20	29	-1428
20	30	-5892
20	31	1452
20	32	-4164
20	33	1572
20	34	420
20	35	-7212
21	22	-3900
21	23	-1164
21	24	4164
21	25	588
21	26	-3444
21	27	-1284
21	28	-876
21	29	1572
21	30	-4332
21	31	-6492
21	32	-876
21	33	3468
21	34	-564
21	35	-3300
22	23	-4020
22	24	1020
22	25	-588
22	26	-1740
22	27	1284
22	28	-4308
22	29	3612
22	30	4332
22	31	1308
22	32	876
22	33	-3468
22	34	564
22	35	3300
23	24	-1716
23	25	2148
23	26	996
23	27	-1164
23	28	3324
23	29	-4308
23	30	1596
23	31	3756
23	32	3324
23	33	-732
23	34	3300
23	35	852
24	25	-2892
24	26	1140
24	27	4164
24	28	-2004
24	29	5916
24	30	1452
24	31	-1572
24	32	3180
24	33	-588
24	34	-1740
24	35	996
25	26	-6756
25	27	-4596
25	28	2436
25	29	-5484
25	30	4164
25	31	-3180
25	32	-2748
25	33	5340
25	34	-3876
25	35	-1428
26	27	6924
26	28	1284
26	29	3732
26	30	-2172
26	31	6036
26	32	1284
26	33	-3876
26	34	2460
26	35	-276
27	28	-876
27	29	6756
27	30	852
27	31	3876
27	32	-876
27	33	-1716
27	34	-564
27	35	-3300
28	29	-4596
28	30	1308
28	31	-1716
28	32	-2148
28	33	4740
28	34	-1596
28	35	1140
29	30	-1140
29	31	1020
29	32	588
29	33	-3180
29	34	852
29	35	-1596
30	31	1740
30	32	1308
30	33	1284
30	34	-5052
30	35	2868
31	32	3468
31	33	-6060
31	34	3156
31	35	708
32	33	-5628
32	34	3588
32	35	6324
33	34	-6180
33	35	-3732
34	35	2604
