0	1	5356
0	2	1268
0	3	-1036
0	4	3628
0	5	748
0	6	6308
0	7	-2564
0	8	1124
0	9	2132
0	10	2476
0	11	-1844
0	12	-604
0	13	-5356
0	14	-4436
0	15	748
0	16	-1412
0	17	-1412
0	18	3860
0	19	-2564
0	20	-1468
0	21	-2908
0	22	-4292
0	23	-1412
0	24	-1412
0	25	4148
0	26	-2276
0	27	748
0	28	6220
0	29	-3860
0	30	4580
0	31	-1180
0	32	748
0	33	-5644
0	34	604
0	35	3196
1	2	-1036
1	3	1844
1	4	748
1	5	-2132
1	6	4004
1	7	-260
1	8	4004
1	9	-172
1	10	4780
1	11	-4724
1	12	2276
1	13	-2476
1	14	-2132
1	15	3052
1	16	-4292
1	17	-4292
1	18	1556
1	19	-260
1	20	1412
1	21	-5212
1	22	-1988
1	23	892
1	24	892
1	25	1844
1	26	28
1	27	-2132
1	28	3340
1	29	-6740
1	30	2276
1	31	1700
1	32	3052
1	33	-2764
1	34	2908
1	35	5500
2	3	-3284
2	4	692
2	5	3572
2	6	4924
2	7	1700
2	8	-260
2	9	3916
2	10	1844
2	11	980
2	12	-8900
2	13	-4148
2	14	3572
2	15	-1612
2	16	5732
2	17	548
2	18	2188
2	19	1700
2	20	2332
2	21	3772
2	22	-1756
2	23	548
2	24	-4636
2	25	7084
2	26	6596
2	27	-1612
2	28	-1900
2	29	2996
2	30	1468
2	31	-3140
2	32	-1612
2	33	-3860
2	34	-1468
2	35	-4060
3	4	-6796
3	5	-3916
3	6	-3140
3	7	-604
3	8	7228
3	9	-4148
3	10	4724
3	11	-1324
3	12	3772
3	13	-1844
3	14	1268
3	15	1268
3	16	-1756
3	17	-1756
3	18	-5876
3	19	-604
3	20	-548
3	21	892
3	22	6308
3	23	-1756
3	24	-1756
3	25	-6164
3	26	-892
3	27	1268
3	28	980
3	29	-4492
3	30	-1412
3	31	-836
3	32	1268
3	33	3628
3	34	1412
3	35	4004
4	5	6508
4	6	548
4	7	-1988
4	8	-4636
4	9	1556
4	10	-2132
4	11	-1268
4	12	-1180
4	13	-748
4	14	-3860
4	15	-3860
4	16	-836
4	17	4348
4	18	3284
4	19	-1988
4	20	3140
4	21	-3484
4	22	-8900
4	23	-836
4	24	4348
4	25	3572
4	26	-1700
4	27	1324
4	28	1612
4	29	1900
4	30	4004
4	31	-1756
4	32	-3860
4	33	-1036
4	34	-4004
4	35	-1412
5	6	-1756
5	7	316
5	8	-1756
5	9	-748
5	10	172
5	11	1036
5	12	-3484
5	13	-3052
5	14	-1556
5	15	-6740
5	16	1468
5	17	6652
5	18	980
5	19	316
5	20	6020
5	21	-604
5	22	-6596
5	23	-3716
5	24	1468
5	25	1268
5	26	604
5	27	3628
5	28	-1268
5	29	4204
5	30	1700
5	31	-4060
5	32	-6740
5	33	1844
5	34	-6884
5	35	-4292
6	7	1556
6	8	-116
6	9	4060
6	10	1700
6	11	836
6	12	-3572
6	13	-4004
6	14	-1756
6	15	3428
6	16	404
6	17	-4780
6	18	7516
6	19	1556
6	20	-2708
6	21	-1268
6	22	-1900
6	23	404
6	24	-4780
6	25	7228
6	26	1268
6	27	-1756
6	28	3140
6	29	-2332
6	30	1612
6	31	2188
6	32	3428
6	33	-8900
6	34	3572
6	35	980
7	8	1556
7	9	-2620
7	10	2044
7	11	2908
7	12	-172
7	13	260
7	14	316
7	15	316
7	16	-1844
7	17	-1844
7	18	4292
7	19	7372
7	20	4148
7	21	-2476
7	22	460
7	23	-1844
7	24	-1844
7	25	-604
7	26	2476
7	27	316
7	28	-4580
7	29	892
7	30	-5356
7	31	4436
7	32	316
7	33	-28
7	34	172
7	35	-2420
8	9	-1124
8	10	6884
8	11	-4348
8	12	1612
8	13	-4004
8	14	-1756
8	15	3428
8	16	404
8	17	-4780
8	18	-2852
8	19	1556
8	20	2476
8	21	-1268
8	22	3284
8	23	404
8	24	-4780
8	25	-3140
8	26	1268
8	27	-1756
8	28	3140
8	29	-2332
8	30	-3572
8	31	-2996
8	32	3428
8	33	1468
8	34	-1612
8	35	980
9	10	-2476
9	11	-3340
9	12	-4580
9	13	172
9	14	-748
9	15	4436
9	16	6596
9	17	-3772
9	18	1324
9	19	-2620
9	20	-3716
9	21	2908
9	22	-892
9	23	6596
9	24	-3772
9	25	6220
9	26	2276
9	27	-5932
9	28	4148
9	29	3860
9	30	604
9	31	-4004
9	32	4436
9	33	-4724
9	34	-604
9	35	-3196
10	11	-2420
10	12	-28
10	13	-4780
10	14	172
10	15	172
10	16	-1988
10	17	-1988
10	18	-748
10	19	2044
10	20	4292
10	21	-2332
10	22	316
10	23	-1988
10	24	-1988
10	25	-460
10	26	2332
10	27	172
10	28	460
10	29	-4436
10	30	-28
10	31	-604
10	32	172
10	33	116
10	34	28
10	35	2620
11	12	-892
11	13	-460
11	14	1036
11	15	-4148
11	16	-1124
11	17	4060
11	18	3572
11	19	2908
11	20	-1756
11	21	1988
11	22	1180
11	23	-6308
11	24	-1124
11	25	-1324
11	26	-1988
11	27	6220
11	28	-3860
11	29	1612
11	30	-892
11	31	3716
11	32	-4148
11	33	-748
11	34	892
11	35	-1700
12	13	2908
12	14	-3484
12	15	1700
12	16	-6508
12	17	-1324
12	18	-1124
12	19	-172
12	20	-980
12	21	-4724
12	22	1556
12	23	-1324
12	24	3860
12	25	-6596
12	26	-5644
12	27	1700
12	28	1412
12	29	-4060
12	30	-1844
12	31	3916
12	32	1700
12	33	3196
12	34	1844
12	35	4436
13	14	2132
13	15	2132
13	16	-892
13	17	-892
13	18	-1556
13	19	260
13	20	-1412
13	21	28
13	22	1988
13	23	4292
13	24	4292
13	25	-1844
13	26	-28
13	27	-3052
13	28	-3340
13	29	1556
13	30	-2276
13	31	3484
13	32	2132
13	33	2764
13	34	2276
13	35	-316
14	15	-1556
14	16	1468
14	17	1468
14	18	-4204
14	19	316
14	20	836
14	21	4580
14	22	3772
14	23	1468
14	24	1468
14	25	1268
14	26	5788
14	27	-1556
14	28	-6452
14	29	-980
14	30	1700
14	31	1124
14	32	-1556
14	33	1844
14	34	3484
14	35	892
15	16	1468
15	17	-8900
15	18	980
15	19	316
15	20	-4348
15	21	-604
15	22	3772
15	23	6652
15	24	-3716
15	25	1268
15	26	604
15	27	-6740
15	28	3916
15	29	-980
15	30	-3484
15	31	1124
15	32	8812
15	33	-3340
15	34	3484
15	35	892
16	17	-692
16	18	-2044
16	19	-1844
16	20	-2188
16	21	6740
16	22	1612
16	23	4492
16	24	-5876
16	25	3428
16	26	3628
16	27	-3716
16	28	1756
16	29	7228
16	30	-1324
16	31	-7084
16	32	1468
16	33	-1180
16	34	-3860
16	35	-6452
17	18	-2044
17	19	-1844
17	20	2996
17	21	1556
17	22	-3572
17	23	-5876
17	24	4492
17	25	-1756
17	26	-1556
17	27	6652
17	28	-3428
17	29	2044
17	30	3860
17	31	-1900
17	32	-8900
17	33	4004
17	34	-3860
17	35	-1268
18	19	4292
18	20	-260
18	21	-4004
18	22	-4348
18	23	-2044
18	24	-2044
18	25	4492
18	26	-1180
18	27	980
18	28	692
18	29	404
18	30	-1124
18	31	4636
18	32	980
18	33	-6452
18	34	1124
18	35	-1468
19	20	4148
19	21	-2476
19	22	460
19	23	-1844
19	24	-1844
19	25	-604
19	26	2476
19	27	316
19	28	-4580
19	29	892
19	30	-5356
19	31	4436
19	32	316
19	33	-28
19	34	172
19	35	-2420
20	21	-3860
20	22	-4492
20	23	-2188
20	24	2996
20	25	-548
20	26	3860
20	27	836
20	28	-4636
20	29	260
20	30	-980
20	31	-404
20	32	-4348
20	33	4060
20	34	-4204
20	35	-1612
21	22	4436
21	23	1556
21	24	-3628
21	25	892
21	26	2420
21	27	-604
21	28	-892
21	29	4004
21	30	460
21	31	-4148
21	32	-604
21	33	316
21	34	-460
21	35	-3052
22	23	1612
22	24	-3572
22	25	-4060
22	26	748
22	27	-1412
22	28	-1124
22	29	-836
22	30	-3628
22	31	980
22	32	3772
22	33	1700
22	34	3628
22	35	1036
23	24	-692
23	25	3428
23	26	3628
23	27	-8900
23	28	1756
23	29	2044
23	30	-1324
23	31	-1900
23	32	6652
23	33	-1180
23	34	1324
23	35	-1268
24	25	-1756
24	26	-1556
24	27	1468
24	28	-3428
24	29	-3140
24	30	3860
24	31	3284
24	32	-3716
24	33	4004
24	34	1324
24	35	3916
25	26	4292
25	27	-3916
25	28	980
25	29	692
25	30	3772
25	31	-836
25	32	1268
25	33	-6740
25	34	1412
25	35	-1180
26	27	-4580
26	28	-4292
26	29	1180
26	30	-460
26	31	-1036
26	32	604
26	33	-316
26	34	460
26	35	-2132
27	28	-1268
27	29	-980
27	30	1700
27	31	1124
27	32	-6740
27	33	1844
27	34	-1700
27	35	892
28	29	-692
28	30	1412
28	31	-4348
28	32	3916
28	33	-3628
28	34	-1412
28	35	1180
29	30	-4060
29	31	-4636
29	32	-980
29	33	1268
29	34	-6308
29	35	-8900
30	31	-1268
30	32	-3484
30	33	-1988
30	34	1844
30	35	4436
31	32	1124
31	33	-1412
31	34	6452
31	35	3860
32	33	-3340
32	34	3484
32	35	892
33	34	-3196
33	35	-604
34	35	5932
