0	1	-560
0	2	1600
0	3	-2032
0	4	-704
0	5	-4192
0	6	272
0	7	416
0	8	-2464
0	9	2032
0	10	-272
0	11	4048
0	12	-1600
0	13	-4480
0	14	3008
0	15	848
0	16	5312
0	17	1136
0	18	-4192
0	19	416
0	20	5312
0	21	3616
0	22	-416
0	23	5168
0	24	1600
0	25	2720
0	26	-2432
0	27	-1600
0	28	2720
0	29	-1744
0	30	1888
0	31	-2864
0	32	-2032
0	33	-5312
0	34	-4192
0	35	4336
1	2	1568
1	3	-1136
1	4	-1312
1	5	-4160
1	6	-3440
1	7	1600
1	8	-704
1	9	-4048
1	10	-1744
1	11	4304
1	12	3616
1	13	6496
1	14	4192
1	15	6352
1	16	-3296
1	17	-4304
1	18	-4160
1	19	-3584
1	20	1888
1	21	-448
1	22	-1600
1	23	2032
1	24	-3616
1	25	4480
1	26	416
1	27	-6752
1	28	-704
1	29	-1424
1	30	1280
1	31	848
1	32	4048
1	33	3296
1	34	6208
1	35	-1168
2	3	-4160
2	4	1712
2	5	-2000
2	6	3904
2	7	8944
2	8	1456
2	9	-1024
2	10	1280
2	11	7328
2	12	592
2	13	-1712
2	14	1168
2	15	-1856
2	16	4048
2	17	-2144
2	18	-2000
2	19	-1424
2	20	-1136
2	21	2576
2	22	-8944
2	23	4192
2	24	-592
2	25	1456
2	26	-1744
2	27	-4592
2	28	6640
2	29	-4448
2	30	-880
2	31	3872
2	32	1024
2	33	-4048
2	34	3184
2	35	1856
3	4	-6464
3	5	1568
3	6	-4336
3	7	-4192
3	8	3296
3	9	1456
3	10	-848
3	11	-1712
3	12	4160
3	13	1280
3	14	-1600
3	15	-3760
3	16	-4480
3	17	-3472
3	18	1568
3	19	-4192
3	20	704
3	21	3040
3	22	4192
3	23	560
3	24	-4160
3	25	3296
3	26	-3008
3	27	-1024
3	28	-1888
3	29	4016
3	30	-3872
3	31	1744
3	32	-1456
3	33	4480
3	34	-3616
3	35	3760
4	5	880
4	6	6784
4	7	1456
4	8	-848
4	9	-3904
4	10	-1600
4	11	-736
4	12	-6896
4	13	1168
4	14	-1136
4	15	1024
4	16	1744
4	17	736
4	18	880
4	19	6640
4	20	-3440
4	21	-304
4	22	-1456
4	23	-3296
4	24	6896
4	25	-6032
4	26	560
4	27	3472
4	28	-848
4	29	-1568
4	30	1424
4	31	-4192
4	32	3904
4	33	-1744
4	34	880
4	35	-6208
5	6	3872
5	7	-1168
5	8	1136
5	9	3616
5	10	6496
5	11	-4736
5	12	2000
5	13	-880
5	14	1424
5	15	-736
5	16	-1456
5	17	-448
5	18	-592
5	19	-1168
5	20	-1456
5	21	-5168
5	22	1168
5	23	-6784
5	24	-2000
5	25	-4048
5	26	4336
5	27	2000
5	28	-4048
5	29	7040
5	30	-1712
5	31	3904
5	32	-3616
5	33	1456
5	34	-592
5	35	-4448
6	7	3296
6	8	416
6	9	-848
6	10	2032
6	11	1168
6	12	-3904
6	13	-1600
6	14	704
6	15	-1456
6	16	3008
6	17	-1168
6	18	-1312
6	19	3296
6	20	-2176
6	21	736
6	22	-3296
6	23	-2320
6	24	3904
6	25	-4768
6	26	-128
6	27	1280
6	28	416
6	29	1136
6	30	-992
6	31	-560
6	32	848
6	33	-3008
6	34	-1312
6	35	-3728
7	8	560
7	9	-992
7	10	1888
7	11	6208
7	12	1424
7	13	-1456
7	14	848
7	15	-1312
7	16	3152
7	17	-1024
7	18	-1168
7	19	-1744
7	20	-2032
7	21	592
7	22	-8624
7	23	3008
7	24	-1424
7	25	560
7	26	-272
7	27	-3760
7	28	5744
7	29	-3904
7	30	-1136
7	31	4480
7	32	992
7	33	-3152
7	34	4016
7	35	1312
8	9	1888
8	10	-416
8	11	-1280
8	12	-1456
8	13	848
8	14	-2032
8	15	-4192
8	16	272
8	17	-3904
8	18	1136
8	19	560
8	20	272
8	21	3472
8	22	-560
8	23	128
8	24	1456
8	25	2864
8	26	-2576
8	27	-1456
8	28	2864
8	29	-1600
8	30	1744
8	31	2176
8	32	-1888
8	33	-272
8	34	1136
8	35	-992
9	10	6032
9	11	-3472
9	12	1024
9	13	-6464
9	14	1600
9	15	-1424
9	16	4480
9	17	3472
9	18	-1568
9	19	-992
9	20	4480
9	21	-3040
9	22	992
9	23	-560
9	24	-1024
9	25	1888
9	26	3008
9	27	1024
9	28	1888
9	29	1168
9	30	3872
9	31	3440
9	32	-8912
9	33	-4480
9	34	-1568
9	35	1424
10	11	-1168
10	12	3904
10	13	-3584
10	14	4480
10	15	1456
10	16	2176
10	17	1168
10	18	-3872
10	19	-3296
10	20	2176
10	21	-5920
10	22	-1888
10	23	-2864
10	24	-3904
10	25	-416
10	26	5312
10	27	-1280
10	28	-416
10	29	4048
10	30	992
10	31	5744
10	32	-6032
10	33	-2176
10	34	1312
10	35	-1456
11	12	3040
11	13	736
11	14	3616
11	15	592
11	16	1312
11	17	-4880
11	18	-4736
11	19	-4160
11	20	1312
11	21	5312
11	22	-6208
11	23	6640
11	24	-3040
11	25	3904
11	26	-4192
11	27	-7328
11	28	3904
11	29	-2000
11	30	-3328
11	31	1424
11	32	3472
11	33	-1312
11	34	448
11	35	4592
12	13	1712
12	14	4016
12	15	1856
12	16	-4048
12	17	-3040
12	18	-3184
12	19	-8944
12	20	1136
12	21	-2576
12	22	-1424
12	23	992
12	24	-9776
12	25	3728
12	26	1744
12	27	-5776
12	28	-1456
12	29	4448
12	30	-4304
12	31	6496
12	32	-1024
12	33	4048
12	34	2000
12	35	3328
13	14	1136
13	15	4160
13	16	-6928
13	17	-5920
13	18	-880
13	19	-1456
13	20	-1744
13	21	304
13	22	1456
13	23	-1888
13	24	-1712
13	25	848
13	26	-560
13	27	-3472
13	28	-4336
13	29	1568
13	30	-1424
13	31	-992
13	32	6464
13	33	6928
13	34	4304
13	35	-4160
14	15	6464
14	16	560
14	17	-3616
14	18	-8944
14	19	-4336
14	20	5744
14	21	-2000
14	22	-848
14	23	416
14	24	-4016
14	25	3152
14	26	2320
14	27	-6352
14	28	-2032
14	29	3872
14	30	1456
14	31	1888
14	32	-1600
14	33	-560
14	34	1424
14	35	-1280
15	16	-1600
15	17	-592
15	18	-5920
15	19	-1312
15	20	3584
15	21	-5024
15	22	1312
15	23	-1744
15	24	-1856
15	25	992
15	26	4480
15	27	-3328
15	28	-4192
15	29	1712
15	30	3616
15	31	-1136
15	32	1424
15	33	1600
15	34	4448
15	35	-4304
16	17	3872
16	18	-1456
16	19	3152
16	20	2864
16	21	880
16	22	-3152
16	23	2720
16	24	4048
16	25	272
16	26	16
16	27	1136
16	28	5456
16	29	-4192
16	30	4336
16	31	-416
16	32	-4480
16	33	-8048
16	34	-1456
16	35	1600
17	18	4736
17	19	4160
17	20	-1312
17	21	-5312
17	22	1024
17	23	-1456
17	24	3040
17	25	-3904
17	26	4192
17	27	7328
17	28	1280
17	29	-3184
17	30	3328
17	31	-1424
17	32	-3472
17	33	-3872
17	34	-448
17	35	592
18	19	4016
18	20	-6640
18	21	16
18	22	1168
18	23	-1600
18	24	3184
18	25	-4048
18	26	-848
18	27	7184
18	28	1136
18	29	-3328
18	30	-1712
18	31	-1280
18	32	1568
18	33	1456
18	34	-592
18	35	736
19	20	-2032
19	21	592
19	22	1744
19	23	-2176
19	24	8944
19	25	-4624
19	26	-272
19	27	6608
19	28	560
19	29	-3904
19	30	4048
19	31	-5888
19	32	992
19	33	-3152
19	34	-1168
19	35	-3872
20	21	880
20	22	2032
20	23	2720
20	24	-1136
20	25	5456
20	26	16
20	27	-4048
20	28	272
20	29	992
20	30	4336
20	31	-416
20	32	-4480
20	33	-2864
20	34	-1456
20	35	1600
21	22	-592
21	23	6208
21	24	2576
21	25	3472
21	26	-8944
21	27	-2576
21	28	3472
21	29	-2432
21	30	-2896
21	31	-3328
21	32	3040
21	33	-880
21	34	-5168
21	35	5024
22	23	-3008
22	24	1424
22	25	-560
22	26	272
22	27	3760
22	28	-5744
22	29	3904
22	30	1136
22	31	-4480
22	32	-992
22	33	3152
22	34	-4016
22	35	-1312
23	24	-992
23	25	5312
23	26	-5024
23	27	-4192
23	28	5312
23	29	-4336
23	30	-704
23	31	-272
23	32	560
23	33	-2720
23	34	-1600
23	35	6928
24	25	-3728
24	26	-1744
24	27	5776
24	28	1456
24	29	-4448
24	30	4304
24	31	-6496
24	32	1024
24	33	-4048
24	34	-2000
24	35	-3328
25	26	-2576
25	27	-6640
25	28	2864
25	29	-1600
25	30	1744
25	31	2176
25	32	-1888
25	33	-272
25	34	1136
25	35	4192
26	27	1744
26	28	-2576
26	29	1888
26	30	3152
26	31	2720
26	32	-3008
26	33	-16
26	34	4336
26	35	-4480
27	28	-1456
27	29	-736
27	30	880
27	31	-3872
27	32	-1024
27	33	-1136
27	34	-3184
27	35	-1856
28	29	-6784
28	30	1744
28	31	2176
28	32	-1888
28	33	-5456
28	34	1136
28	35	4192
29	30	-4160
29	31	1456
29	32	-1168
29	33	4192
29	34	-3328
29	35	-1712
30	31	-1600
30	32	-3872
30	33	-4336
30	34	3472
30	35	-3616
31	32	-3440
31	33	416
31	34	3904
31	35	1136
32	33	4480
32	34	1568
32	35	-1424
33	34	1456
33	35	-1600
34	35	-4448
