0	1	-4080
0	2	-672
0	3	960
0	4	-1488
0	5	6528
0	6	-1776
0	7	624
0	8	3408
0	9	-3696
0	10	1104
0	11	-1824
0	12	1776
0	13	-6528
0	14	1248
0	15	-6816
0	16	-1056
0	17	6432
0	18	-6288
0	19	-1200
0	20	1248
0	21	-3696
0	22	-8976
0	23	-6144
0	24	-624
0	25	-816
0	26	-1488
0	27	3984
0	28	-672
0	29	1248
0	30	3936
0	31	-1104
0	32	-1344
0	33	6672
0	34	1776
0	35	3264
1	2	-3264
1	3	3552
1	4	1104
1	5	-1248
1	6	816
1	7	-1968
1	8	816
1	9	4080
1	10	-1488
1	11	5952
1	12	-816
1	13	1248
1	14	3840
1	15	960
1	16	1536
1	17	-1344
1	18	1488
1	19	1392
1	20	-1344
1	21	-1104
1	22	3984
1	23	1632
1	24	-3216
1	25	1776
1	26	1104
1	27	-3792
1	28	-3264
1	29	-6528
1	30	-3840
1	31	1488
1	32	-3936
1	33	-6288
1	34	4368
1	35	-4512
2	3	-3120
2	4	-672
2	5	-4368
2	6	-384
2	7	-3648
2	8	-5568
2	9	-4512
2	10	-3264
2	11	-6384
2	12	384
2	13	4368
2	14	-3408
2	15	-528
2	16	-1104
2	17	-3408
2	18	-1920
2	19	4224
2	20	1776
2	21	672
2	22	1632
2	23	3120
2	24	3648
2	25	2976
2	26	-672
2	27	4224
2	28	8016
2	29	1776
2	30	-1776
2	31	-1920
2	32	4368
2	33	672
2	34	384
2	35	-240
3	4	-4224
3	5	-1104
3	6	672
3	7	3360
3	8	672
3	9	4224
3	10	-1632
3	11	912
3	12	-672
3	13	1104
3	14	3696
3	15	-4368
3	16	1392
3	17	-1488
3	18	1632
3	19	1248
3	20	-6672
3	21	-6144
3	22	-1344
3	23	-3408
3	24	-3360
3	25	1920
3	26	-4224
3	27	-3936
3	28	-3120
3	29	-1488
3	30	-3696
3	31	-3552
3	32	-4080
3	33	-960
3	34	-672
3	35	528
4	5	1344
4	6	-1776
4	7	624
4	8	-1776
4	9	-3696
4	10	-4080
4	11	3360
4	12	1776
4	13	-1344
4	14	-3936
4	15	3552
4	16	4128
4	17	1248
4	18	-1104
4	19	-6384
4	20	6432
4	21	6672
4	22	1392
4	23	-960
4	24	-624
4	25	-816
4	26	8880
4	27	-1200
4	28	-672
4	29	1248
4	30	3936
4	31	4080
4	32	3840
4	33	-3696
4	34	1776
4	35	-1920
5	6	-3552
5	7	-480
5	8	6816
5	9	-1344
5	10	3936
5	11	1968
5	12	3552
5	13	-9168
5	14	3792
5	15	-3696
5	16	912
5	17	8976
5	18	-3936
5	19	-4128
5	20	3792
5	21	-1344
5	22	-6720
5	23	-4080
5	24	480
5	25	-4224
5	26	1344
5	27	1056
5	28	-4368
5	29	-1392
5	30	6576
5	31	1248
5	32	-3984
5	33	3840
5	34	3552
5	35	1776
6	7	912
6	8	-2064
6	9	1776
6	10	816
6	11	3648
6	12	-8304
6	13	3552
6	14	-4224
6	15	3264
6	16	-6528
6	17	-4224
6	18	-816
6	19	3696
6	20	-4224
6	21	1776
6	22	1104
6	23	-672
6	24	-6096
6	25	4656
6	26	-1776
6	27	3696
6	28	-384
6	29	960
6	30	-6144
6	31	4368
6	32	3552
6	33	1776
6	34	-3120
6	35	-2208
7	8	912
7	9	-624
7	10	-1968
7	11	2688
7	12	-912
7	13	480
7	14	-2112
7	15	768
7	16	192
7	17	-2112
7	18	1968
7	19	-4848
7	20	-2112
7	21	-624
7	22	-2256
7	23	-3360
7	24	-5424
7	25	-3504
7	26	624
7	27	-4848
7	28	-3648
7	29	3072
7	30	2112
7	31	-3216
7	32	480
7	33	-624
7	34	-6096
7	35	6240
8	9	1776
8	10	6000
8	11	3648
8	12	2064
8	13	-6816
8	14	6144
8	15	-1920
8	16	-1344
8	17	6144
8	18	-816
8	19	-1488
8	20	960
8	21	-3408
8	22	-4080
8	23	-672
8	24	-912
8	25	-5712
8	26	-1776
8	27	-1488
8	28	-5568
8	29	-4224
8	30	4224
8	31	-816
8	32	-6816
8	33	1776
8	34	2064
8	35	2976
9	10	4080
9	11	1824
9	12	-1776
9	13	1344
9	14	3936
9	15	1632
9	16	1056
9	17	-1248
9	18	6288
9	19	1200
9	20	-6432
9	21	-1488
9	22	3792
9	23	960
9	24	624
9	25	816
9	26	-3696
9	27	-3984
9	28	-4512
9	29	-1248
9	30	-3936
9	31	1104
9	32	-3840
9	33	-1488
9	34	-1776
9	35	-3264
10	11	768
10	12	-816
10	13	-3936
10	14	3840
10	15	960
10	16	-3648
10	17	3840
10	18	1488
10	19	1392
10	20	-1344
10	21	-1104
10	22	-1200
10	23	1632
10	24	1968
10	25	-3408
10	26	-4080
10	27	1392
10	28	-3264
10	29	-1344
10	30	1344
10	31	1488
10	32	-3936
10	33	4080
10	34	-816
10	35	672
11	12	-3648
11	13	-1968
11	14	624
11	15	3504
11	16	-2256
11	17	624
11	18	-768
11	19	-2112
11	20	624
11	21	1824
11	22	480
11	23	-912
11	24	-7872
11	25	-1056
11	26	3360
11	27	-2112
11	28	-6384
11	29	-4560
11	30	-624
11	31	4416
11	32	-1968
11	33	-3360
11	34	1536
11	35	-1392
12	13	-3552
12	14	4224
12	15	-3264
12	16	6528
12	17	4224
12	18	816
12	19	-3696
12	20	4224
12	21	-1776
12	22	-1104
12	23	672
12	24	6096
12	25	-4656
12	26	1776
12	27	-3696
12	28	384
12	29	-960
12	30	6144
12	31	-4368
12	32	-3552
12	33	-1776
12	34	3120
12	35	2208
13	14	-3792
13	15	3696
13	16	-912
13	17	-8976
13	18	3936
13	19	4128
13	20	-3792
13	21	1344
13	22	6720
13	23	4080
13	24	-480
13	25	4224
13	26	-1344
13	27	-1056
13	28	4368
13	29	1392
13	30	-6576
13	31	-1248
13	32	3984
13	33	-3840
13	34	-3552
13	35	-1776
14	15	-4080
14	16	1680
14	17	3984
14	18	1344
14	19	1536
14	20	-1200
14	21	-6432
14	22	-1056
14	23	1488
14	24	2112
14	25	-3552
14	26	-3936
14	27	-3648
14	28	-3408
14	29	-6384
14	30	1200
14	31	-3840
14	32	-8976
14	33	-1248
14	34	4224
14	35	816
15	16	-1200
15	17	-4080
15	18	4224
15	19	-1344
15	20	1104
15	21	6816
15	22	6432
15	23	4368
15	24	-768
15	25	-672
15	26	3552
15	27	-1344
15	28	-528
15	29	1104
15	30	-1104
15	31	4224
15	32	3696
15	33	-3552
15	34	-3264
15	35	-2064
16	17	1680
16	18	3648
16	19	-5952
16	20	1680
16	21	1056
16	22	1824
16	23	-1392
16	24	4992
16	25	-1248
16	26	4128
16	27	-5952
16	28	-1104
16	29	1680
16	30	3504
16	31	-1536
16	32	-912
16	33	-4128
16	34	1344
16	35	-1488
17	18	-3840
17	19	-3648
17	20	3984
17	21	-1248
17	22	-6240
17	23	-3696
17	24	2112
17	25	-3552
17	26	1248
17	27	1536
17	28	-3408
17	29	-1200
17	30	6384
17	31	1344
17	32	-3792
17	33	3936
17	34	4224
17	35	816
18	19	-1392
18	20	-3840
18	21	1104
18	22	6384
18	23	3552
18	24	3216
18	25	-1776
18	26	-1104
18	27	-6576
18	28	-1920
18	29	1344
18	30	-1344
18	31	-1488
18	32	-1248
18	33	-4080
18	34	-4368
18	35	-672
19	20	-3648
19	21	-3984
19	22	1680
19	23	3936
19	24	-336
19	25	4080
19	26	-6384
19	27	4272
19	28	4224
19	29	-3648
19	30	-6720
19	31	-1392
19	32	-1056
19	33	1200
19	34	1488
19	35	-1632
20	21	3936
20	22	-1056
20	23	1488
20	24	2112
20	25	-3552
20	26	6432
20	27	1536
20	28	1776
20	29	-1200
20	30	6384
20	31	1344
20	32	1392
20	33	-1248
20	34	4224
20	35	816
21	22	3792
21	23	960
21	24	624
21	25	816
21	26	6672
21	27	1200
21	28	672
21	29	3936
21	30	1248
21	31	6288
21	32	6528
21	33	-1488
21	34	-1776
21	35	-3264
22	23	6528
22	24	2256
22	25	1488
22	26	1392
22	27	-3504
22	28	1632
22	29	-1056
22	30	-4128
22	31	1200
22	32	1536
22	33	-6576
22	34	-1104
22	35	-4224
23	24	3360
23	25	-1920
23	26	-960
23	27	-1248
23	28	3120
23	29	-3696
23	30	-1488
23	31	-1632
23	32	-1104
23	33	-4224
23	34	672
23	35	-528
24	25	-1680
24	26	-624
24	27	-336
24	28	3648
24	29	2112
24	30	3072
24	31	-1968
24	32	-480
24	33	624
24	34	912
24	35	-1056
25	26	-816
25	27	4080
25	28	2976
25	29	1632
25	30	-6816
25	31	3408
25	32	4224
25	33	816
25	34	528
25	35	-5568
26	27	-1200
26	28	-672
26	29	1248
26	30	3936
26	31	4080
26	32	3840
26	33	-3696
26	34	1776
26	35	-1920
27	28	4224
27	29	1536
27	30	-1536
27	31	3792
27	32	4128
27	33	6384
27	34	1488
27	35	-1632
28	29	1776
28	30	-1776
28	31	-1920
28	32	4368
28	33	672
28	34	384
28	35	-240
29	30	1200
29	31	1344
29	32	6576
29	33	3936
29	34	-6144
29	35	816
30	31	-1344
30	32	-1392
30	33	1248
30	34	960
30	35	4368
31	32	3936
31	33	1104
31	34	816
31	35	-5856
32	33	1344
32	34	-3552
32	35	-1776
33	34	-1776
33	35	1920
34	35	-2976
