0	1	-3488
0	2	-896
0	3	-544
0	4	1840
0	5	-6656
0	6	4432
0	7	1840
0	8	-3856
0	9	-1696
0	10	-752
0	11	-1904
0	12	-3712
0	13	1552
0	14	-8896
0	15	-176
0	16	-3568
0	17	1840
0	18	-3920
0	19	5872
0	20	-608
0	21	-3200
0	22	-896
0	23	832
0	24	-1552
0	25	1552
0	26	-2128
0	27	-1616
0	28	464
0	29	-896
0	30	-1328
0	31	-4496
0	32	1552
0	33	1616
0	34	1472
0	35	-3920
1	2	608
1	3	832
1	4	3056
1	5	1184
1	6	-4720
1	7	-2128
1	8	-1040
1	9	1984
1	10	464
1	11	-3568
1	12	4000
1	13	-1840
1	14	4000
1	15	-112
1	16	-1328
1	17	3056
1	18	-1552
1	19	-976
1	20	320
1	21	2912
1	22	-4576
1	23	4064
1	24	1840
1	25	-1840
1	26	2416
1	27	-3856
1	28	-5360
1	29	608
1	30	-4144
1	31	4208
1	32	-1840
1	33	-1328
1	34	-1184
1	35	3632
2	3	-1760
2	4	464
2	5	-1408
2	6	3056
2	7	464
2	8	6736
2	9	-608
2	10	-2128
2	11	-976
2	12	1408
2	13	752
2	14	1408
2	15	2480
2	16	1264
2	17	464
2	18	-4144
2	19	1616
2	20	2912
2	21	5504
2	22	3200
2	23	1472
2	24	-752
2	25	-4432
2	26	-176
2	27	-6448
2	28	2416
2	29	3200
2	30	-1552
2	31	-3568
2	32	-4432
2	33	1264
2	34	-3776
2	35	1040
3	4	976
3	5	2848
3	6	3568
3	7	976
3	8	-2992
3	9	-6016
3	10	-1616
3	11	-2768
3	12	-2848
3	13	-4496
3	14	2336
3	15	4144
3	16	2480
3	17	976
3	18	400
3	19	-5360
3	20	3712
3	21	1120
3	22	-1760
3	23	-5216
3	24	4496
3	25	688
3	26	-6448
3	27	2704
3	28	-3856
3	29	3424
3	30	2992
3	31	-5360
3	32	688
3	33	-2704
3	34	7520
3	35	400
4	5	-4144
4	6	320
4	7	-2272
4	8	-896
4	9	-3056
4	10	320
4	11	-8896
4	12	-1040
4	13	3200
4	14	-1040
4	15	-256
4	16	4000
4	17	8096
4	18	-1696
4	19	-1120
4	20	5360
4	21	-2416
4	22	464
4	23	3920
4	24	-3200
4	25	-1984
4	26	2560
4	27	-4000
4	28	-5216
4	29	-4720
4	30	896
4	31	-1120
4	32	-1984
4	33	4000
4	34	-1040
4	35	-1696
5	6	-1552
5	7	-4144
5	8	976
5	9	-1184
5	10	-1552
5	11	4784
5	12	832
5	13	-3856
5	14	6016
5	15	-2128
5	16	688
5	17	-4144
5	18	1616
5	19	-2992
5	20	-1696
5	21	896
5	22	-1408
5	23	-3136
5	24	3856
5	25	1328
5	26	-752
5	27	4496
5	28	1840
5	29	3776
5	30	4208
5	31	2192
5	32	1328
5	33	-4496
5	34	832
5	35	1616
6	7	320
6	8	1696
6	9	-5648
6	10	-2272
6	11	-1120
6	12	-3632
6	13	608
6	14	-3632
6	15	2336
6	16	1408
6	17	320
6	18	-4288
6	19	1472
6	20	2768
6	21	176
6	22	3056
6	23	-3856
6	24	-608
6	25	608
6	26	-5216
6	27	-1408
6	28	2560
6	29	3056
6	30	3488
6	31	-8896
6	32	608
6	33	1408
6	34	1552
6	35	-4288
7	8	-896
7	9	2128
7	10	320
7	11	1472
7	12	-1040
7	13	-1984
7	14	-1040
7	15	4928
7	16	-1184
7	17	-2272
7	18	3488
7	19	-1120
7	20	176
7	21	2768
7	22	464
7	23	-1264
7	24	1984
7	25	-1984
7	26	-2624
7	27	1184
7	28	-32
7	29	464
7	30	-4288
7	31	-1120
7	32	-1984
7	33	-1184
7	34	4144
7	35	3488
8	9	1040
8	10	1696
8	11	544
8	12	4208
8	13	4000
8	14	4208
8	15	2272
8	16	4352
8	17	-896
8	18	-1472
8	19	-2048
8	20	1840
8	21	4432
8	22	6736
8	23	-1904
8	24	-4000
8	25	-1184
8	26	608
8	27	-4352
8	28	3200
8	29	1552
8	30	1120
8	31	-2048
8	32	-1184
8	33	4352
8	34	-6160
8	35	-1472
9	10	4720
9	11	3568
9	12	6368
9	13	1840
9	14	1184
9	15	112
9	16	-3856
9	17	-3056
9	18	1552
9	19	976
9	20	-5504
9	21	2272
9	22	-608
9	23	1120
9	24	-1840
9	25	1840
9	26	2768
9	27	-1328
9	28	176
9	29	-608
9	30	-6224
9	31	6160
9	32	1840
9	33	1328
9	34	-4000
9	35	1552
10	11	-1120
10	12	6736
10	13	5792
10	14	1552
10	15	2336
10	16	1408
10	17	320
10	18	896
10	19	-3712
10	20	-2416
10	21	176
10	22	3056
10	23	-3856
10	24	-5792
10	25	5792
10	26	-32
10	27	-1408
10	28	-2624
10	29	-2128
10	30	-1696
10	31	1472
10	32	5792
10	33	6592
10	34	-3632
10	35	-4288
11	12	400
11	13	-3424
11	14	400
11	15	-1696
11	16	-4928
11	17	-8896
11	18	2048
11	19	2624
11	20	-6448
11	21	1328
11	22	-976
11	23	-2704
11	24	3424
11	25	1760
11	26	-1184
11	27	4928
11	28	6592
11	29	4208
11	30	-544
11	31	2624
11	32	1760
11	33	-4928
11	34	400
11	35	2048
12	13	3856
12	14	4352
12	15	2128
12	16	-688
12	17	-1040
12	18	-1616
12	19	-2192
12	20	-3488
12	21	4288
12	22	1408
12	23	-2048
12	24	-3856
12	25	3856
12	26	752
12	27	-4496
12	28	-1840
12	29	1408
12	30	-4208
12	31	2992
12	32	3856
12	33	4496
12	34	-6016
12	35	-1616
13	14	-1328
13	15	32
13	16	3712
13	17	3200
13	18	-1408
13	19	-832
13	20	464
13	21	-2128
13	22	5936
13	23	-976
13	24	-8672
13	25	3488
13	26	2272
13	27	-3712
13	28	-320
13	29	-4432
13	30	1184
13	31	-832
13	32	3488
13	33	8896
13	34	-6512
13	35	-6592
14	15	2128
14	16	4496
14	17	-1040
14	18	3568
14	19	-7376
14	20	1696
14	21	4288
14	22	1408
14	23	-2048
14	24	1328
14	25	-1328
14	26	752
14	27	688
14	28	-1840
14	29	1408
14	30	976
14	31	2992
14	32	-1328
14	33	-688
14	34	-832
14	35	3568
15	16	1984
15	17	-256
15	18	320
15	19	-4288
15	20	2192
15	21	4784
15	22	2480
15	23	-4432
15	24	-32
15	25	32
15	26	-4640
15	27	-1984
15	28	-2048
15	29	2480
15	30	-2272
15	31	-4288
15	32	32
15	33	1984
15	34	2128
15	35	320
16	17	4000
16	18	3424
16	19	-7520
16	20	6736
16	21	-1040
16	22	6448
16	23	-2192
16	24	-3712
16	25	-1472
16	26	896
16	27	544
16	28	-1696
16	29	-3920
16	30	6016
16	31	-2336
16	32	-1472
16	33	4640
16	34	-688
16	35	-1760
17	18	-1696
17	19	-1120
17	20	5360
17	21	-2416
17	22	464
17	23	3920
17	24	-3200
17	25	-1984
17	26	2560
17	27	-4000
17	28	-5216
17	29	-4720
17	30	896
17	31	-1120
17	32	-1984
17	33	4000
17	34	-1040
17	35	-1696
18	19	-5728
18	20	752
18	21	-1840
18	22	1040
18	23	-688
18	24	1408
18	25	-1408
18	26	1984
18	27	6944
18	28	-608
18	29	-4144
18	30	1472
18	31	4640
18	32	-1408
18	33	-1760
18	34	3568
18	35	4064
19	20	-3856
19	21	-1264
19	22	-3568
19	23	5072
19	24	832
19	25	-832
19	26	1408
19	27	-2848
19	28	4000
19	29	1616
19	30	-3136
19	31	32
19	32	-832
19	33	-2336
19	34	-2192
19	35	-544
20	21	32
20	22	2912
20	23	1184
20	24	-464
20	25	-4720
20	26	112
20	27	-1552
20	28	-2480
20	29	-2272
20	30	3344
20	31	-3856
20	32	-4720
20	33	1552
20	34	1696
20	35	752
21	22	320
21	23	-1408
21	24	2128
21	25	-2128
21	26	-2480
21	27	-4144
21	28	112
21	29	5504
21	30	-4432
21	31	-1264
21	32	-2128
21	33	-1040
21	34	-896
21	35	3344
22	23	-3712
22	24	-5936
22	25	752
22	26	-176
22	27	-1264
22	28	2416
22	29	-1984
22	30	3632
22	31	-3568
22	32	752
22	33	6448
22	34	-3776
22	35	-4144
23	24	976
23	25	-6160
23	26	6736
23	27	-2992
23	28	-1040
23	29	-3712
23	30	-3280
23	31	5072
23	32	-6160
23	33	-2192
23	34	-2048
23	35	4496
24	25	-3488
24	26	-2272
24	27	3712
24	28	320
24	29	4432
24	30	-1184
24	31	832
24	32	-3488
24	33	-8896
24	34	6512
24	35	6592
25	26	-2912
25	27	1472
25	28	-320
25	29	752
25	30	1184
25	31	-832
25	32	8672
25	33	3712
25	34	-1328
25	35	-6592
26	27	-896
26	28	-256
26	29	-5360
26	30	-608
26	31	6592
26	32	-2912
26	33	896
26	34	-4432
26	35	1984
27	28	1696
27	29	-1264
27	30	4352
27	31	2336
27	32	1472
27	33	-4640
27	34	5872
27	35	1760
28	29	2416
28	30	1984
28	31	-1184
28	32	-320
28	33	-1696
28	34	-1840
28	35	-608
29	30	-1552
29	31	-3568
29	32	752
29	33	-3920
29	34	1408
29	35	1040
30	31	-3136
30	32	1184
30	33	832
30	34	976
30	35	-3712
31	32	-832
31	33	-2336
31	34	-2192
31	35	4640
32	33	3712
32	34	-1328
32	35	-6592
33	34	-5872
33	35	-6944
34	35	3568
