0	1	-4596
0	2	156
0	3	-1572
0	4	2004
0	5	-300
0	6	-2004
0	7	-5916
0	8	1740
0	9	3756
0	10	588
0	11	588
0	12	2148
0	13	4452
0	14	876
0	15	8916
0	16	3900
0	17	-4452
0	18	-1428
0	19	3876
0	20	-876
0	21	1740
0	22	6348
0	23	1716
0	24	2748
0	25	6612
0	26	876
0	27	3468
0	28	-3876
0	29	3756
0	30	-1164
0	31	-1596
0	32	1452
0	33	5916
0	34	4452
0	35	4164
1	2	2604
1	3	876
1	4	-5628
1	5	-2748
1	6	5628
1	7	2004
1	8	-6180
1	9	1020
1	10	-2148
1	11	-2148
1	12	-5484
1	13	-3180
1	14	-1860
1	15	-3900
1	16	-4020
1	17	3180
1	18	6204
1	19	1428
1	20	1860
1	21	-6180
1	22	-6756
1	23	-732
1	24	12
1	25	-1020
1	26	-1860
1	27	732
1	28	-1428
1	29	-4164
1	30	-3612
1	31	6324
1	32	-1284
1	33	-2004
1	34	-3180
1	35	1716
2	3	-4740
2	4	-12
2	5	-2316
2	6	12
2	7	-2748
2	8	-6612
2	9	-4596
2	10	2604
2	11	2604
2	12	-5052
2	13	-2748
2	14	-2292
2	15	1716
2	16	-4452
2	17	2748
2	18	588
2	19	1860
2	20	2292
2	21	-6612
2	22	-2004
2	23	-300
2	24	4764
2	25	-588
2	26	-2292
2	27	300
2	28	-1860
2	29	588
2	30	2004
2	31	1572
2	32	-1716
2	33	2748
2	34	-2748
2	35	-3036
3	4	-3468
3	5	-588
3	6	3468
3	7	4164
3	8	2028
3	9	4044
3	10	-4308
3	11	876
3	12	1860
3	13	4164
3	14	1164
3	15	-1740
3	16	-996
3	17	-4164
3	18	-1140
3	19	-1596
3	20	-6348
3	21	2028
3	22	1452
3	23	-3756
3	24	-2148
3	25	1140
3	26	1164
3	27	-1428
3	28	1596
3	29	-1140
3	30	-1452
3	31	3300
3	32	-3444
3	33	-4164
3	34	-1020
3	35	3876
4	5	5340
4	6	-3036
4	7	588
4	8	3588
4	9	-3612
4	10	4740
4	11	4740
4	12	2892
4	13	588
4	14	-732
4	15	1308
4	16	1428
4	17	-588
4	18	-3612
4	19	-4020
4	20	732
4	21	3588
4	22	4164
4	23	-1860
4	24	2580
4	25	-1572
4	26	-732
4	27	-3324
4	28	-1164
4	29	6756
4	30	6204
4	31	-8916
4	32	-1308
4	33	-588
4	34	588
4	35	-4308
5	6	-156
5	7	2892
5	8	1284
5	9	-732
5	10	2436
5	11	2436
5	12	12
5	13	2892
5	14	2148
5	15	-1572
5	16	-876
5	17	-2892
5	18	-732
5	19	-6900
5	20	-2148
5	21	1284
5	22	1860
5	23	-4740
5	24	276
5	25	732
5	26	2148
5	27	-5628
5	28	1716
5	29	4452
5	30	3324
5	31	-6612
5	32	1572
5	33	-2892
5	34	2892
5	35	-2004
6	7	4596
6	8	-3588
6	9	3612
6	10	444
6	11	444
6	12	-2892
6	13	-588
6	14	732
6	15	-1308
6	16	-1428
6	17	588
6	18	3612
6	19	-1164
6	20	-732
6	21	-3588
6	22	-4164
6	23	-3324
6	24	2604
6	25	1572
6	26	732
6	27	-1860
6	28	-4020
6	29	-1572
6	30	-1020
6	31	3732
6	32	-3876
6	33	-4596
6	34	-588
6	35	4308
7	8	852
7	9	-1164
7	10	2004
7	11	2004
7	12	444
7	13	-1860
7	14	1716
7	15	-6324
7	16	-1308
7	17	1860
7	18	-1164
7	19	-6468
7	20	-1716
7	21	852
7	22	-3756
7	23	-4308
7	24	-156
7	25	-4020
7	26	1716
7	27	-6060
7	28	1284
7	29	-1164
7	30	3756
7	31	-996
7	32	-4044
7	33	-8508
7	34	-1860
7	35	-1572
8	9	2172
8	10	-996
8	11	-996
8	12	8916
8	13	852
8	14	-708
8	15	132
8	16	7500
8	17	-852
8	18	-3012
8	19	276
8	20	708
8	21	10524
8	22	4764
8	23	3300
8	24	-4020
8	25	-2172
8	26	-708
8	27	1884
8	28	-276
8	29	2172
8	30	420
8	31	-5196
8	32	-132
8	33	-852
8	34	852
8	35	564
9	10	-4164
9	11	-4164
9	12	1716
9	13	4020
9	14	1308
9	15	3300
9	16	4332
9	17	-4020
9	18	4188
9	19	3444
9	20	-1308
9	21	2172
9	22	1596
9	23	1284
9	24	-2004
9	25	6180
9	26	1308
9	27	3900
9	28	-3444
9	29	-996
9	30	-6780
9	31	3156
9	32	1884
9	33	1164
9	34	4020
9	35	8916
10	11	3036
10	12	-300
10	13	-3180
10	14	3324
10	15	1284
10	16	1164
10	17	3180
10	18	-4164
10	19	-3756
10	20	1860
10	21	-996
10	22	-1572
10	23	-732
10	24	5196
10	25	-1020
10	26	3324
10	27	-4452
10	28	-1428
10	29	1020
10	30	6756
10	31	-4044
10	32	-1284
10	33	-2004
10	34	2004
10	35	-3468
11	12	-300
11	13	2004
11	14	-1860
11	15	1284
11	16	-4020
11	17	-2004
11	18	-4164
11	19	-3756
11	20	-3324
11	21	-996
11	22	3612
11	23	-5916
11	24	5196
11	25	-1020
11	26	-1860
11	27	-4452
11	28	-1428
11	29	6204
11	30	6756
11	31	-4044
11	32	-6468
11	33	-2004
11	34	-3180
11	35	-3468
12	13	444
12	14	-588
12	15	1164
12	16	6756
12	17	-444
12	18	-3468
12	19	1020
12	20	588
12	21	8916
12	22	4308
12	23	3180
12	24	-2460
12	25	-1716
12	26	-588
12	27	2004
12	28	-1020
12	29	1716
12	30	876
12	31	-3876
12	32	-1164
12	33	-444
12	34	444
12	35	732
13	14	1716
13	15	4044
13	16	-1308
13	17	-8508
13	18	-1164
13	19	-1284
13	20	-6900
13	21	852
13	22	6612
13	23	-4308
13	24	-156
13	25	6348
13	26	1716
13	27	-876
13	28	1284
13	29	4020
13	30	-1428
13	31	-996
13	32	1140
13	33	1860
13	34	3324
13	35	3612
14	15	996
14	16	1452
14	17	-1716
14	18	-3876
14	19	-4044
14	20	-3612
14	21	-708
14	22	-1284
14	23	-1020
14	24	300
14	25	3876
14	26	8796
14	27	-4164
14	28	4044
14	29	-3876
14	30	1284
14	31	852
14	32	4188
14	33	-1716
14	34	6900
14	35	1428
15	16	3156
15	17	-4044
15	18	-1884
15	19	4620
15	20	-996
15	21	132
15	22	5892
15	23	1596
15	24	4308
15	25	7068
15	26	996
15	27	3588
15	28	-4620
15	29	3300
15	30	-708
15	31	-276
15	32	420
15	33	6324
15	34	4044
15	35	4332
16	17	1308
16	18	-852
16	19	3300
16	20	3732
16	21	7500
16	22	1740
16	23	6324
16	24	-1860
16	25	852
16	26	1452
16	27	4044
16	28	-3300
16	29	-852
16	30	-1740
16	31	-2172
16	32	2028
16	33	1308
16	34	3876
16	35	3588
17	18	1164
17	19	1284
17	20	6900
17	21	-852
17	22	-6612
17	23	4308
17	24	156
17	25	-6348
17	26	-1716
17	27	876
17	28	-1284
17	29	-4020
17	30	1428
17	31	996
17	32	-1140
17	33	-1860
17	34	-3324
17	35	-3612
18	19	3444
18	20	3876
18	21	-3012
18	22	-3588
18	23	1284
18	24	-2004
18	25	996
18	26	-3876
18	27	3900
18	28	-3444
18	29	-996
18	30	-6780
18	31	3156
18	32	1884
18	33	1164
18	34	-1164
18	35	3732
19	20	4044
19	21	276
19	22	852
19	23	6636
19	24	-732
19	25	1740
19	26	-4044
19	27	8916
19	28	-4476
19	29	-1740
19	30	-6036
19	31	4764
19	32	564
19	33	6468
19	34	-1284
19	35	4188
20	21	708
20	22	-3900
20	23	6204
20	24	-300
20	25	-3876
20	26	-3612
20	27	4164
20	28	-4044
20	29	-1308
20	30	-1284
20	31	-852
20	32	996
20	33	1716
20	34	-1716
20	35	-1428
21	22	4764
21	23	3300
21	24	-4020
21	25	-2172
21	26	-708
21	27	1884
21	28	-276
21	29	2172
21	30	420
21	31	-5196
21	32	-132
21	33	-852
21	34	852
21	35	564
22	23	-1308
22	24	588
22	25	3588
22	26	-1284
22	27	1308
22	28	-852
22	29	6780
22	30	996
22	31	-4620
22	32	-708
22	33	3756
22	34	1428
22	35	1140
23	24	-2892
23	25	-1284
23	26	-1020
23	27	6756
23	28	-1452
23	29	-3900
23	30	-3876
23	31	1740
23	32	3588
23	33	4308
23	34	876
23	35	1164
24	25	2004
24	26	300
24	27	-2292
24	28	-4452
24	29	3180
24	30	4596
24	31	-1020
24	32	-4308
24	33	156
24	34	-156
24	35	-444
25	26	3876
25	27	1284
25	28	-1740
25	29	996
25	30	-3588
25	31	2028
25	32	3300
25	33	4020
25	34	6348
25	35	6636
26	27	-4164
26	28	4044
26	29	-3876
26	30	1284
26	31	852
26	32	4188
26	33	-1716
26	34	6900
26	35	1428
27	28	-3732
27	29	-1284
27	30	-6492
27	31	3444
27	32	1596
27	33	6060
27	34	-876
27	35	4020
28	29	-3444
28	30	852
28	31	420
28	32	4620
28	33	-1284
28	34	1284
28	35	-4188
29	30	3588
29	31	-7212
29	32	-3300
29	33	1164
29	34	-1164
29	35	-1452
30	31	-5748
30	32	-4476
30	33	-3756
30	34	-1428
30	35	-6324
31	32	276
31	33	996
31	34	-996
31	35	4476
32	33	4044
32	34	6324
32	35	852
33	34	1860
33	35	1572
34	35	3612
