0	1	4512
0	2	2544
0	3	240
0	4	-5568
0	5	-8688
0	6	1968
0	7	384
0	8	768
0	9	2640
0	10	-2544
0	11	-4656
0	12	2832
0	13	2496
0	14	-2928
0	15	4368
0	16	192
0	17	-1536
0	18	-2688
0	19	528
0	20	1536
0	21	4224
0	22	1776
0	23	528
0	24	3648
0	25	-4416
0	26	-1776
0	27	5280
0	28	-192
0	29	4368
0	30	-4848
0	31	3120
0	32	2064
0	33	4416
0	34	-2112
0	35	-4944
1	2	3936
1	3	6240
1	4	-912
1	5	-5568
1	6	4512
1	7	912
1	8	-2064
1	9	1248
1	10	-3936
1	11	-4416
1	12	-1536
1	13	1392
1	14	-960
1	15	-480
1	16	-1488
1	17	240
1	18	-3792
1	19	-4416
1	20	-240
1	21	4848
1	22	2112
1	23	-4416
1	24	5424
1	25	-2064
1	26	-7296
1	27	6384
1	28	1488
1	29	-480
1	30	-1632
1	31	3360
1	32	-3360
1	33	2064
1	34	816
1	35	1056
2	3	6000
2	4	-960
2	5	-2928
2	6	-2640
2	7	-4224
2	8	192
2	9	-3120
2	10	2064
2	11	-4080
2	12	3408
2	13	-3264
2	14	-2352
2	15	3792
2	16	4800
2	17	-2112
2	18	1920
2	19	-4080
2	20	2112
2	21	-1536
2	22	6384
2	23	1104
2	24	3072
2	25	-4992
2	26	-6384
2	27	5856
2	28	-4800
2	29	3792
2	30	-240
2	31	3696
2	32	-3696
2	33	4992
2	34	-2688
2	35	816
3	4	1344
3	5	-48
3	6	240
3	7	-1344
3	8	-2688
3	9	-816
3	10	-816
3	11	-1200
3	12	1104
3	13	-960
3	14	528
3	15	912
3	16	1920
3	17	192
3	18	-960
3	19	-6384
3	20	-192
3	21	768
3	22	3504
3	23	-1200
3	24	5376
3	25	-2688
3	26	-8688
3	27	3552
3	28	-1920
3	29	912
3	30	2064
3	31	1392
3	32	-6576
3	33	2688
3	34	-384
3	35	3696
4	5	5088
4	6	-384
4	7	1200
4	8	-2352
4	9	-4224
4	10	960
4	11	1056
4	12	-6432
4	13	-4080
4	14	4512
4	15	-5952
4	16	-1776
4	17	-48
4	18	1104
4	19	-4128
4	20	48
4	21	-624
4	22	1824
4	23	-4128
4	24	-48
4	25	2832
4	26	-1824
4	27	-3696
4	28	1776
4	29	-5952
4	30	3264
4	31	-1536
4	32	-3648
4	33	-2832
4	34	528
4	35	6528
5	6	-3504
5	7	96
5	8	1056
5	9	-2256
5	10	2928
5	11	5424
5	12	-2640
5	13	-2400
5	14	1968
5	15	-5712
5	16	480
5	17	3936
5	18	2784
5	19	240
5	20	-3936
5	21	-5856
5	22	-3120
5	23	240
5	24	-6432
5	25	6240
5	26	3120
5	27	-5376
5	28	-480
5	29	-5712
5	30	5808
5	31	-2352
5	32	-2832
5	33	-6240
5	34	3360
5	35	5136
6	7	384
6	8	-4416
6	9	2640
6	10	-2544
6	11	528
6	12	-2352
6	13	2496
6	14	2256
6	15	-816
6	16	-4992
6	17	-1536
6	18	-2688
6	19	528
6	20	1536
6	21	4224
6	22	-3408
6	23	-4656
6	24	3648
6	25	768
6	26	-1776
6	27	96
6	28	4992
6	29	-816
6	30	336
6	31	-2064
6	32	2064
6	33	-768
6	34	3072
6	35	240
7	8	2352
7	9	4224
7	10	-6144
7	11	-1056
7	12	-3936
7	13	4080
7	14	672
7	15	-4416
7	16	-3408
7	17	5232
7	18	-6288
7	19	-1056
7	20	-5232
7	21	5808
7	22	-1824
7	23	-1056
7	24	48
7	25	2352
7	26	1824
7	27	-1488
7	28	3408
7	29	-4416
7	30	-3264
7	31	1536
7	32	-1536
7	33	-2352
7	34	-528
7	35	-1344
8	9	-192
8	10	-192
8	11	-2976
8	12	-96
8	13	-48
8	14	-4704
8	15	-1920
8	16	2256
8	17	3984
8	18	-48
8	19	2208
8	20	-3984
8	21	-1776
8	22	672
8	23	2208
8	24	-6384
8	25	1680
8	26	4512
8	27	2640
8	28	-2256
8	29	-1920
8	30	-3072
8	31	4800
8	32	384
8	33	-1680
8	34	-624
8	35	-2688
9	10	-2064
9	11	-1104
9	12	1776
9	13	3264
9	14	2352
9	15	1392
9	16	-4800
9	17	2112
9	18	-7104
9	19	4080
9	20	-2112
9	21	6720
9	22	-6384
9	23	-1104
9	24	2112
9	25	-192
9	26	1200
9	27	-672
9	28	4800
9	29	1392
9	30	240
9	31	1488
9	32	3696
9	33	192
9	34	2688
9	35	-6000
10	11	-1104
10	12	1776
10	13	-7104
10	14	2352
10	15	1392
10	16	384
10	17	-3072
10	18	3264
10	19	4080
10	20	3072
10	21	-3648
10	22	-1200
10	23	-1104
10	24	-3072
10	25	-192
10	26	1200
10	27	-672
10	28	-384
10	29	1392
10	30	5424
10	31	1488
10	32	3696
10	33	192
10	34	2688
10	35	-816
11	12	1392
11	13	3936
11	14	816
11	15	624
11	16	1632
11	17	-96
11	18	3936
11	19	-912
11	20	96
11	21	-4704
11	22	-1968
11	23	4272
11	24	-96
11	25	2208
11	26	1968
11	27	-6528
11	28	-1632
11	29	624
11	30	1776
11	31	-8688
11	32	-1680
11	33	-2208
11	34	-672
11	35	3984
12	13	1632
12	14	-2064
12	15	8688
12	16	4512
12	17	-2400
12	18	1632
12	19	1392
12	20	2400
12	21	-1824
12	22	912
12	23	6576
12	24	2784
12	25	-5280
12	26	-912
12	27	960
12	28	-4512
12	29	8688
12	30	-528
12	31	-1200
12	32	1200
12	33	5280
12	34	-2976
12	35	-4080
13	14	-2976
13	15	1536
13	16	528
13	17	2256
13	18	-1776
13	19	-1248
13	20	-2256
13	21	1680
13	22	-1056
13	23	3936
13	24	2256
13	25	-48
13	26	1056
13	27	-816
13	28	-528
13	29	1536
13	30	-4800
13	31	-3840
13	32	-1344
13	33	48
13	34	-2352
13	35	-960
14	15	-1104
14	16	-5280
14	17	-1824
14	18	-2976
14	19	816
14	20	1824
14	21	3936
14	22	-3696
14	23	-4368
14	24	3360
14	25	480
14	26	-1488
14	27	-4800
14	28	5280
14	29	-1104
14	30	5232
14	31	-1776
14	32	1776
14	33	-480
14	34	2784
14	35	528
15	16	3840
15	17	-4800
15	18	1536
15	19	624
15	20	4800
15	21	-192
15	22	2256
15	23	5808
15	24	5568
15	25	-7104
15	26	-2256
15	27	1056
15	28	-3840
15	29	10032
15	30	-1488
15	31	-1968
15	32	1968
15	33	7104
15	34	-4224
15	35	-4272
16	17	-624
16	18	5712
16	19	-3552
16	20	624
16	21	-6384
16	22	6432
16	23	6816
16	24	-624
16	25	-2928
16	26	-1248
16	27	2064
16	28	-8016
16	29	3840
16	30	-2496
16	31	-960
16	32	-4224
16	33	2928
16	34	-5232
16	35	1920
17	18	-2928
17	19	-96
17	20	-6288
17	21	528
17	22	-2208
17	23	-96
17	24	-4080
17	25	3984
17	26	2208
17	27	336
17	28	624
17	29	-4800
17	30	-768
17	31	2496
17	32	-2496
17	33	-3984
17	34	1680
17	35	192
18	19	-1248
18	20	2928
18	21	-8688
18	22	4128
18	23	3936
18	24	-2928
18	25	-48
18	26	1056
18	27	-816
18	28	-5712
18	29	1536
18	30	384
18	31	-3840
18	32	-1344
18	33	48
18	34	-2352
18	35	4224
19	20	96
19	21	480
19	22	-7152
19	23	-912
19	24	-5280
19	25	2208
19	26	7152
19	27	-1344
19	28	3552
19	29	624
19	30	1776
19	31	1680
19	32	8688
19	33	-2208
19	34	4512
19	35	-6384
20	21	-528
20	22	2208
20	23	96
20	24	4080
20	25	-3984
20	26	-2208
20	27	-336
20	28	-624
20	29	4800
20	30	768
20	31	-2496
20	32	2496
20	33	3984
20	34	-1680
20	35	-192
21	22	-2784
21	23	-4704
21	24	5712
21	25	-1776
21	26	-2400
21	27	912
21	28	6384
21	29	-192
21	30	-1344
21	31	3072
21	32	2112
21	33	1776
21	34	1104
21	35	-4416
22	23	3216
22	24	2976
22	25	-4512
22	26	-4848
22	27	3648
22	28	-6432
22	29	2256
22	30	-4080
22	31	624
22	32	-5808
22	33	4512
22	34	-6816
22	35	3504
23	24	-96
23	25	-2976
23	26	1968
23	27	-1344
23	28	-6816
23	29	5808
23	30	-3408
23	31	-3504
23	32	-1680
23	33	2976
23	34	-5856
23	35	-1200
24	25	-6384
24	26	-8160
24	27	336
24	28	624
24	29	5568
24	30	-768
24	31	-2688
24	32	-2496
24	33	6384
24	34	-3504
24	35	192
25	26	4512
25	27	-2544
25	28	2928
25	29	-7104
25	30	2112
25	31	-384
25	32	384
25	33	-6864
25	34	4560
25	35	2496
26	27	-3648
26	28	1248
26	29	-2256
26	30	-1104
26	31	-624
26	32	5808
26	33	-4512
26	34	1632
26	35	-3504
27	28	-2064
27	29	1056
27	30	-2976
27	31	6432
27	32	-1248
27	33	2544
27	34	-240
27	35	-1632
28	29	-3840
28	30	2496
28	31	960
28	32	4224
28	33	-2928
28	34	5232
28	35	-1920
29	30	-1488
29	31	-1968
29	32	1968
29	33	7104
29	34	-4224
29	35	-4272
30	31	-816
30	32	816
30	33	-2112
30	34	4992
30	35	2064
31	32	912
31	33	384
31	34	1920
31	35	-3792
32	33	-384
32	34	3264
32	35	-6576
33	34	-4560
33	35	-2496
34	35	-384
