0	1	2248
0	2	1192
0	3	-304
0	4	224
0	5	-744
0	6	3216
0	7	-832
0	8	-224
0	9	-1016
0	10	-1096
0	11	-392
0	12	-3560
0	13	-2248
0	14	568
0	15	-2680
0	16	-392
0	17	-304
0	18	480
0	19	224
0	20	-1800
0	21	-1536
1	2	1280
1	3	1720
1	4	-1624
1	5	-656
1	6	1368
1	7	-2680
1	8	1624
1	9	-1104
1	10	-1008
1	11	-304
1	12	-1536
1	13	-2336
1	14	480
1	15	-656
1	16	-2240
1	17	-216
1	18	392
1	19	-1624
1	20	224
1	21	488
2	3	-1272
2	4	-744
2	5	224
2	6	2248
2	7	136
2	8	-1192
2	9	-1984
2	10	-2064
2	11	-1360
2	12	-656
2	13	-1280
2	14	1536
2	15	224
2	16	-1360
2	17	-1272
2	18	1448
2	19	1192
2	20	-832
2	21	-2504
3	4	-304
3	5	664
3	6	-1184
3	7	-3296
3	8	304
3	9	-488
3	10	312
3	11	1016
3	12	1720
3	13	216
3	14	1096
3	15	-1272
3	16	-920
3	17	-832
3	18	-928
3	19	-4176
3	20	-392
3	21	3744
4	5	-744
4	6	-656
4	7	-832
4	8	-224
4	9	920
4	10	840
4	11	-392
4	12	312
4	13	1624
4	14	-1368
4	15	-2680
4	16	3480
4	17	-304
4	18	-1456
4	19	224
4	20	-1800
4	21	400
5	6	312
5	7	136
5	8	-1192
5	9	-48
5	10	-128
5	11	576
5	12	1280
5	13	656
5	14	3472
5	15	224
5	16	-1360
5	17	-1272
5	18	-488
5	19	-744
5	20	-832
5	21	1368
6	7	224
6	8	-1280
6	9	-136
6	10	-1976
6	11	-1272
6	12	-2504
6	13	-3304
6	14	1448
6	15	-1624
6	16	-1272
6	17	-1184
6	18	-576
6	19	1280
6	20	-2680
6	21	-2416
7	8	-1104
7	9	40
7	10	-216
7	11	488
7	12	-744
7	13	744
7	14	-312
7	15	2072
7	16	488
7	17	576
7	18	1536
7	19	3040
7	20	1016
7	21	-2592
8	9	1016
8	10	-840
8	11	2328
8	12	-312
8	13	312
8	14	-2504
8	15	744
8	16	392
8	17	304
8	18	-480
8	19	-224
8	20	1800
8	21	1536
9	10	304
9	11	-400
9	12	832
9	13	-832
9	14	-1712
9	15	-48
9	16	1536
9	17	-488
9	18	-3560
9	19	920
9	20	-928
9	21	744
10	11	-1712
10	12	928
10	13	1008
10	14	-48
10	15	-128
10	16	224
10	17	2248
10	18	-136
10	19	-1096
10	20	752
10	21	1016
11	12	-304
11	13	2240
11	14	-752
11	15	576
11	16	928
11	17	-920
11	18	1096
11	19	-392
11	20	1456
11	21	1720
12	13	1536
12	14	480
12	15	1280
12	16	-304
12	17	-216
12	18	-1544
12	19	-1624
12	20	224
12	21	2424
13	14	-480
13	15	656
13	16	2240
13	17	216
13	18	1544
13	19	-312
13	20	1712
13	21	1448
14	15	-400
14	16	-2688
14	17	-840
14	18	664
14	19	-1368
14	20	-1280
14	21	392
15	16	-1360
15	17	664
15	18	1448
15	19	1192
15	20	3040
15	21	-568
16	17	-920
16	18	-840
16	19	1544
16	20	-480
16	21	-216
17	18	1008
17	19	-304
17	20	1544
17	21	-128
18	19	480
18	20	2504
18	21	-1632
19	20	136
19	21	-3472
20	21	312
