0	1	1516
0	2	284
0	3	1868
0	4	1692
0	5	900
0	6	684
0	7	20
0	8	-1300
0	9	636
0	10	724
0	11	-948
0	12	772
0	13	20
0	14	244
0	15	-948
0	16	-2396
0	17	-332
0	18	2004
0	19	-1300
0	20	20
0	21	2220
1	2	244
1	3	596
1	4	772
1	5	-372
1	6	724
1	7	508
1	8	-2044
1	9	1828
1	10	-196
1	11	-2396
1	12	2572
1	13	508
1	14	1164
1	15	-2396
1	16	-68
1	17	860
1	18	1340
1	19	-108
1	20	508
1	21	4116
2	3	-108
2	4	68
2	5	860
2	6	-2444
2	7	1740
2	8	-2748
2	9	-812
2	10	1036
2	11	772
2	12	-596
2	13	-196
2	14	-68
2	15	-1164
2	16	636
2	17	-1780
2	18	108
2	19	-2748
2	20	-196
2	21	-460
3	4	420
3	5	-724
3	6	1076
3	7	156
3	8	-460
3	9	1476
3	10	-548
3	11	-812
3	12	988
3	13	156
3	14	1516
3	15	1124
3	16	284
3	17	508
3	18	1692
3	19	-460
3	20	2092
3	21	-108
4	5	-548
4	6	900
4	7	-1604
4	8	-284
4	9	-2220
4	10	-372
4	11	-636
4	12	812
4	13	332
4	14	1340
4	15	-636
4	16	-1828
4	17	-1252
4	18	-420
4	19	-284
4	20	2268
4	21	2004
5	6	108
5	7	1124
5	8	-1428
5	9	-1428
5	10	420
5	11	-1780
5	12	-1916
5	13	-812
5	14	548
5	15	156
5	16	-2620
5	17	1476
5	18	2660
5	19	508
5	20	-812
5	21	-1076
6	7	-772
6	8	1780
6	9	-156
6	10	-68
6	11	-1740
6	12	1564
6	13	-772
6	14	1036
6	15	196
6	16	-1604
6	17	2748
6	18	860
6	19	1780
6	20	1164
6	21	1428
7	8	-548
7	9	-548
7	10	3236
7	11	-900
7	12	-860
7	13	68
7	14	1604
7	15	-900
7	16	372
7	17	420
7	18	1780
7	19	-2484
7	20	-1868
7	21	-196
8	9	-1164
8	10	684
8	11	420
8	12	-244
8	13	1388
8	14	284
8	15	420
8	16	988
8	17	1740
8	18	-1476
8	19	772
8	20	-548
8	21	-812
9	10	-1252
9	11	420
9	12	1692
9	13	-548
9	14	-1652
9	15	420
9	16	988
9	17	-196
9	18	460
9	19	772
9	20	-548
9	21	1124
10	11	332
10	12	-156
10	13	-636
10	14	372
10	15	-1604
10	16	-860
10	17	-284
10	18	548
10	19	-3188
10	20	-2572
10	21	1036
11	12	108
11	13	-900
11	14	-3236
11	15	68
11	16	1340
11	17	-2484
11	18	-3060
11	19	-1516
11	20	-900
11	21	-1164
12	13	-860
12	14	-812
12	15	-1828
12	16	420
12	17	724
12	18	-988
12	19	-244
12	20	1076
12	21	3276
13	14	1604
13	15	-900
13	16	2308
13	17	420
13	18	-156
13	19	-548
13	20	68
13	21	-196
14	15	636
14	16	-108
14	17	1252
14	18	2356
14	19	284
14	20	1604
14	21	-68
15	16	-596
15	17	-548
15	18	812
15	19	2356
15	20	1036
15	21	-3100
16	17	20
16	18	-2220
16	19	-948
16	20	372
16	21	-1300
17	18	1428
17	19	1740
17	20	420
17	21	156
18	19	460
18	20	-156
18	21	108
19	20	1388
19	21	-812
20	21	-196
