0	1	-2792
0	2	568
0	3	5080
0	4	2584
0	5	776
0	6	-2584
0	7	-4696
0	8	-1256
0	9	-488
0	10	2488
0	11	2776
0	12	-4712
0	13	-1064
0	14	280
0	15	-2984
0	16	-760
0	17	2600
0	18	1240
0	19	-280
0	20	1736
0	21	3352
0	22	184
0	23	3736
1	2	-3064
1	3	-7576
1	4	1832
1	5	4024
1	6	472
1	7	2584
1	8	-1240
1	9	-4312
1	10	4232
1	11	-664
1	12	2216
1	13	-3736
1	14	4136
1	15	-4120
1	16	-3656
1	17	-2408
1	18	-1432
1	19	472
1	20	3064
1	21	1064
1	22	1928
1	23	-1624
2	3	584
2	4	-1528
2	5	-1832
2	6	1528
2	7	-968
2	8	8
2	9	-3064
2	10	-1432
2	11	584
2	12	3464
2	13	-2488
2	14	-6136
2	15	1736
2	16	4312
2	17	3256
2	18	-184
2	19	-776
2	20	1816
2	21	-2296
2	22	872
2	23	6536
3	4	-1432
3	5	-4232
3	6	1432
3	7	-3368
3	8	-4504
3	9	3944
3	10	-1336
3	11	5288
3	12	-5656
3	13	2216
3	14	-1432
3	15	-472
3	16	4216
3	17	5464
3	18	2216
3	19	-3176
3	20	1720
3	21	-2200
3	22	968
3	23	2024
4	5	4792
4	6	-3368
4	7	1048
4	8	-4312
4	9	-472
4	10	-1144
4	11	-3736
4	12	3752
4	13	104
4	14	-1240
4	15	2024
4	16	-2888
4	17	-1640
4	18	-4504
4	19	1240
4	20	-3080
4	21	-2008
4	22	-1144
4	23	-2392
5	6	-4792
5	7	8
5	8	952
5	9	-2888
5	10	-4520
5	11	-1928
5	12	-200
5	13	-1160
5	14	2488
5	15	1528
5	16	-5272
5	17	-1912
5	18	-1160
5	19	-2488
5	20	-472
5	21	3256
5	22	88
5	23	-968
6	7	-3352
6	8	-296
6	9	2776
6	10	1144
6	11	1432
6	12	856
6	13	2200
6	14	-1064
6	15	-2024
6	16	584
6	17	1640
6	18	2200
6	19	-1240
6	20	776
6	21	-4904
6	22	1144
6	23	88
7	8	-488
7	9	2584
7	10	952
7	11	-3368
7	12	2968
7	13	2008
7	14	-1256
7	15	4696
7	16	776
7	17	-472
7	18	-296
7	19	3560
7	20	-1336
7	21	-488
7	22	-1352
7	23	2200
8	9	-1240
8	10	-1912
8	11	104
8	12	-1624
8	13	-664
8	14	2600
8	15	-1048
8	16	184
8	17	-872
8	18	3944
8	19	4312
8	20	-4616
8	21	1832
8	22	-1912
8	23	-3160
9	10	-2680
9	11	-664
9	12	-88
9	13	872
9	14	1832
9	15	488
9	16	3256
9	17	2200
9	18	-1432
9	19	2776
9	20	-3848
9	21	-1240
9	22	-2680
9	23	2984
10	11	-1336
10	12	1544
10	13	-2104
10	14	1160
10	15	-7096
10	16	-2984
10	17	568
10	18	2504
10	19	-1160
10	20	3736
10	21	-4216
10	22	1256
10	23	8
11	12	-5656
11	13	2216
11	14	3176
11	15	-472
11	16	1912
11	17	7768
11	18	-88
11	19	1432
11	20	4024
11	21	2408
11	22	-3640
11	23	2024
12	13	488
12	14	-3160
12	15	104
12	16	3640
12	17	-2024
12	18	-4120
12	19	3160
12	20	-1160
12	21	-3928
12	22	1544
12	23	296
13	14	-4504
13	15	1064
13	16	376
13	17	1624
13	18	-3160
13	19	2200
13	20	2488
13	21	1640
13	22	2504
13	23	1256
14	15	-4888
14	16	-2888
14	17	2968
14	18	2408
14	19	3544
14	20	-776
14	21	296
14	22	-1144
14	23	-2392
15	16	3064
15	17	-2600
15	18	-1240
15	19	280
15	20	-4040
15	21	1256
15	22	-4792
15	23	872
16	17	1160
16	18	-1928
16	19	5192
16	20	-2008
16	21	184
16	22	1624
16	23	5176
17	18	1624
17	19	-664
17	20	5960
17	21	-872
17	22	568
17	23	4120
18	19	-2408
18	20	184
18	21	-664
18	22	-2104
18	23	-5656
19	20	-6136
19	21	2008
19	22	-3464
19	23	2392
20	21	2296
20	22	6040
20	23	2680
21	22	-1912
21	23	1448
22	23	2312
