0	1	-1132
0	2	2572
0	3	-884
0	4	2764
0	5	4916
0	6	-652
0	7	3572
0	8	-2188
0	9	4972
0	10	-3284
0	11	3916
0	12	-3092
0	13	-2420
0	14	500
0	15	-5876
0	16	-5644
0	17	-2708
0	18	1612
0	19	5780
0	20	3572
0	21	6068
0	22	-2668
0	23	76
1	2	-748
1	3	404
1	4	-940
1	5	172
1	6	3436
1	7	1516
1	8	2668
1	9	1460
1	10	500
1	11	2516
1	12	4916
1	13	-364
1	14	-20
1	15	-1516
1	16	1516
1	17	4532
1	18	4820
1	19	-2996
1	20	-5396
1	21	-3284
1	22	844
1	23	-556
2	3	1036
2	4	-2228
2	5	692
2	6	2036
2	7	3956
2	8	-1804
2	9	2284
2	10	-3668
2	11	-1076
2	12	-1172
2	13	-5108
2	14	-1420
2	15	-1652
2	16	-2956
2	17	-788
2	18	-3380
2	19	1556
2	20	-652
2	21	4148
2	22	-6892
2	23	-2612
3	4	-1076
3	5	1844
3	6	884
3	7	500
3	8	-652
3	9	-1172
3	10	-2516
3	11	2380
3	12	-2324
3	13	-1652
3	14	2036
3	15	4108
3	16	500
3	17	-1940
3	18	4684
3	19	2708
3	20	-1804
3	21	692
3	22	1172
3	23	-6068
4	5	5108
4	6	1844
4	7	1460
4	8	308
4	9	172
4	10	-1172
4	11	-884
4	12	-3284
4	13	-2612
4	14	692
4	15	3148
4	16	1460
4	17	-596
4	18	-884
4	19	3668
4	20	1460
4	21	-652
4	22	-2476
4	23	4492
5	6	4300
5	7	2380
5	8	-1076
5	9	2900
5	10	1940
5	11	3956
5	12	-2860
5	13	1076
5	14	844
5	15	-76
5	16	-2228
5	17	-940
5	18	3956
5	19	2476
5	20	2380
5	21	-116
5	22	-596
5	23	884
6	7	1036
6	8	-2420
6	9	-2668
6	10	3284
6	11	5300
6	12	788
6	13	-4492
6	14	4108
6	15	3572
6	16	-1268
6	17	404
6	18	-1612
6	19	-3476
6	20	-1268
6	21	-6068
6	22	364
6	23	4532
7	8	-4340
7	9	-748
7	10	-4012
7	11	308
7	12	404
7	13	4340
7	14	-116
7	15	-3724
7	16	-884
7	17	20
7	18	-1996
7	19	-3092
7	20	-884
7	21	1228
7	22	-8468
7	23	-2764
8	9	2708
8	10	-556
8	11	1460
8	12	3860
8	13	884
8	14	1036
8	15	2036
8	16	4876
8	17	3476
8	18	3764
8	19	2668
8	20	-2036
8	21	-2228
8	22	1900
8	23	692
9	10	-1268
9	11	3628
9	12	1228
9	13	-2708
9	14	3092
9	15	-3860
9	16	1556
9	17	-692
9	18	5932
9	19	3764
9	20	1556
9	21	6356
9	22	2228
9	23	-212
10	11	-20
10	12	-116
10	13	556
10	14	2132
10	15	1708
10	16	-4012
10	17	-4340
10	18	-2324
10	19	-4108
10	20	596
10	21	-1516
10	22	3572
10	23	3052
11	12	2476
11	13	844
11	14	6452
11	15	-2612
11	16	308
11	17	-1748
11	18	2572
11	19	-2092
11	20	2612
11	21	500
11	22	3284
11	23	1036
12	13	3052
12	14	-364
12	15	-2708
12	16	5012
12	17	2764
12	18	2476
12	19	-4300
12	20	404
12	21	-1708
12	22	3380
12	23	-1364
13	14	1268
13	15	-4340
13	16	4340
13	17	-1172
13	18	844
13	19	-4972
13	20	-268
13	21	-2380
13	22	-1900
13	23	-692
14	15	116
14	16	2188
14	17	-3052
14	18	1844
14	19	-2324
14	20	-2420
14	21	-308
14	22	1516
14	23	3380
15	16	884
15	17	-20
15	18	-308
15	19	3092
15	20	-1420
15	21	-3532
15	22	1556
15	23	460
16	17	2324
16	18	4916
16	19	-788
16	20	-3188
16	21	-3380
16	22	748
16	23	1844
17	18	2860
17	19	-76
17	20	-2284
17	21	-2092
17	22	692
17	23	-980
18	19	4820
18	20	-1996
18	21	500
18	22	5588
18	23	-1268
19	20	-788
19	21	3628
19	22	844
19	23	-556
20	21	3532
20	22	748
20	23	1844
21	22	-1748
21	23	-2572
22	23	2516
