0	1	-112
0	2	-2320
0	3	-2224
0	4	-3248
0	5	-944
0	6	-3344
0	7	-656
0	8	2032
0	9	-272
0	10	1840
0	11	-4720
0	12	-1456
0	13	688
0	14	-1936
0	15	-5008
0	16	848
0	17	16
0	18	1744
0	19	4784
0	20	-2896
0	21	1808
0	22	3472
0	23	-2768
1	2	1904
1	3	2000
1	4	-2864
1	5	4048
1	6	1648
1	7	-272
1	8	112
1	9	4720
1	10	2224
1	11	-2800
1	12	464
1	13	-1232
1	14	-16
1	15	-784
1	16	464
1	17	-1904
1	18	4432
1	19	-208
1	20	-976
1	21	-880
1	22	3856
1	23	-2384
2	3	4400
2	4	3952
2	5	1648
2	6	3856
2	7	-368
2	8	-4592
2	9	2320
2	10	2128
2	11	-2704
2	12	2864
2	13	976
2	14	-6832
2	15	6224
2	16	560
2	17	2608
2	18	2032
2	19	-7024
2	20	1424
2	21	1520
2	22	1456
2	23	-2480
3	4	3856
3	5	3856
3	6	3760
3	7	6448
3	8	-2384
3	9	-80
3	10	-4880
3	11	-304
3	12	2960
3	13	880
3	14	-2128
3	15	4016
3	16	2960
3	17	4816
3	18	-2672
3	19	-2320
3	20	-784
3	21	-2992
3	22	5968
3	23	-272
4	5	3920
4	6	1712
4	7	1328
4	8	-3664
4	9	-3664
4	10	-1168
4	11	-560
4	12	3088
4	13	-16
4	14	1264
4	15	8944
4	16	3088
4	17	2960
4	18	-1072
4	19	-3152
4	20	-80
4	21	-176
4	22	1808
4	23	-1168
5	6	4016
5	7	-3280
5	8	-1360
5	9	944
5	10	-1168
5	11	4048
5	12	5392
5	13	-16
5	14	1264
5	15	2032
5	16	3088
5	17	2960
5	18	1232
5	19	1456
5	20	-2384
5	21	-176
5	22	1808
5	23	1136
6	7	-3184
6	8	-1264
6	9	-1264
6	10	-1072
6	11	-656
6	12	5296
6	13	80
6	14	-1136
6	15	6544
6	16	688
6	17	752
6	18	-3280
6	19	-5552
6	20	-176
6	21	-272
6	22	1904
6	23	-1072
7	8	-1648
7	9	2960
7	10	-1456
7	11	-272
7	12	-3536
7	13	-304
7	14	3856
7	15	16
7	16	1072
7	17	368
7	18	-3664
7	19	-560
7	20	208
7	21	112
7	22	1520
7	23	848
8	9	2576
8	10	-1840
8	11	4720
8	12	-848
8	13	-688
8	14	4240
8	15	-1904
8	16	1456
8	17	-16
8	18	560
8	19	-2480
8	20	592
8	21	2800
8	22	-1168
8	23	-1840
9	10	2768
9	11	112
9	12	1456
9	13	-688
9	14	4240
9	15	-1904
9	16	1456
9	17	-16
9	18	560
9	19	-4784
9	20	-1712
9	21	7408
9	22	-1168
9	23	-4144
10	11	-2384
10	12	1264
10	13	-496
10	14	1744
10	15	208
10	16	1264
10	17	176
10	18	3056
10	19	-2672
10	20	400
10	21	2608
10	22	-5584
10	23	-3952
11	12	2768
11	13	3376
11	14	2288
11	15	-784
11	16	464
11	17	5008
11	18	-2480
11	19	-208
11	20	3632
11	21	-880
11	22	-3056
11	23	4528
12	13	4720
12	14	-1360
12	15	4784
12	16	1424
12	17	4048
12	18	-1136
12	19	-3856
12	20	2288
12	21	80
12	22	2896
12	23	1264
13	14	-1712
13	15	1360
13	16	2416
13	17	1328
13	18	-400
13	19	784
13	20	1552
13	21	1456
13	22	2480
13	23	1808
14	15	2000
14	16	3248
14	17	-2384
14	18	-656
14	19	272
14	20	-5104
14	21	4208
14	22	-3536
14	23	1744
15	16	2480
15	17	688
15	18	2416
15	19	-7408
15	20	-1264
15	21	-1168
15	22	1840
15	23	-2096
16	17	4048
16	18	1168
16	19	-1552
16	20	-2320
16	21	80
16	22	2896
16	23	-1040
17	18	-4336
17	19	-2192
17	20	880
17	21	-1520
17	22	-1456
17	23	-2128
18	19	1840
18	20	-2000
18	21	208
18	22	1424
18	23	-1552
19	20	-5296
19	21	-2896
19	22	1264
19	23	4240
20	21	-1360
20	22	-272
20	23	2704
21	22	-368
21	23	-2000
22	23	1328
