0	1	-832
0	2	1912
0	3	-3272
0	4	104
0	5	-3496
0	6	752
0	7	-968
0	8	-248
0	9	-832
0	10	-176
0	11	-616
0	12	328
0	13	-184
0	14	-1264
0	15	472
0	16	-328
0	17	40
1	2	-1544
1	3	-248
1	4	-1624
1	5	1256
1	6	-2272
1	7	-1832
1	8	184
1	9	-2560
1	10	1552
1	11	248
1	12	-536
1	13	680
1	14	896
1	15	2200
1	16	-2056
1	17	472
2	3	-2128
2	4	112
2	5	-2768
2	6	2056
2	7	-3136
2	8	32
2	9	-1544
2	10	-1336
2	11	2128
2	12	752
2	13	400
2	14	-1112
2	15	608
2	16	-752
2	17	-1552
3	4	-1184
3	5	2416
3	6	760
3	7	752
3	8	32
3	9	1048
3	10	-1336
3	11	-464
3	12	752
3	13	1696
3	14	184
3	15	-688
3	16	1840
3	17	-256
4	5	-400
4	6	-1336
4	7	1120
4	8	-752
4	9	3560
4	10	-680
4	11	-1408
4	12	-176
4	13	-3568
4	14	-2056
4	15	1264
4	16	-1120
4	17	-1760
5	6	-1048
5	7	832
5	8	1552
5	9	-40
5	10	1624
5	11	176
5	12	-464
5	13	-688
5	14	2120
5	15	976
5	16	464
5	17	544
6	7	-2120
6	8	2488
6	9	-976
6	10	-1328
6	11	-760
6	12	-824
6	13	-328
6	14	-1408
6	15	616
6	16	3416
6	17	184
7	8	-2272
7	9	2056
7	10	248
7	11	-2048
7	12	-1552
7	13	112
7	14	1192
7	15	-2992
7	16	256
7	17	1328
8	9	-1112
8	10	824
8	11	-32
8	12	-976
8	13	-464
8	14	-680
8	15	1472
8	16	2272
8	17	-688
9	10	-1040
9	11	-2344
9	12	-536
9	13	-1912
9	14	-400
9	15	-392
9	16	-760
9	17	472
10	11	40
10	12	-1048
10	13	-392
10	14	1984
10	15	104
10	16	1048
10	17	536
11	12	3136
11	13	896
11	14	-184
11	15	688
11	16	-544
11	17	-2336
12	13	1408
12	14	-104
12	15	-400
12	16	256
12	17	-1264
13	14	1544
13	15	-2336
13	16	-112
13	17	1120
14	15	-1256
14	16	-1192
14	17	3496
15	16	-896
15	17	-1408
16	17	-32
