0	1	872
0	2	656
0	3	1000
0	4	80
0	5	496
0	6	-496
0	7	1072
0	8	-368
0	9	-368
0	10	368
0	11	-424
0	12	496
0	13	208
0	14	872
0	15	80
0	16	424
0	17	-496
1	2	80
1	3	1576
1	4	-496
1	5	1072
1	6	224
1	7	352
1	8	208
1	9	-1088
1	10	-208
1	11	-1000
1	12	1072
1	13	-512
1	14	1592
1	15	800
1	16	1000
1	17	224
2	3	496
2	4	584
2	5	-8
2	6	8
2	7	568
2	8	424
2	9	424
2	10	-424
2	11	80
2	12	-8
2	13	1000
2	14	80
2	15	584
2	16	-80
2	17	8
3	4	-224
3	5	944
3	6	352
3	7	368
3	8	512
3	9	-784
3	10	-512
3	11	-1016
3	12	944
3	13	-64
3	14	1576
3	15	1072
3	16	1016
3	17	352
4	5	-728
4	6	-568
4	7	-152
4	8	1000
4	9	1000
4	10	296
4	11	800
4	12	-728
4	13	1576
4	14	-496
4	15	8
4	16	496
4	17	728
5	6	-152
5	7	872
5	8	-280
5	9	-1576
5	10	280
5	11	-224
5	12	1448
5	13	-856
5	14	1072
5	15	568
5	16	224
5	17	-152
6	7	-872
6	8	280
6	9	280
6	10	-1576
6	11	-1072
6	12	-152
6	13	-440
6	14	224
6	15	728
6	16	-224
6	17	152
7	8	-856
7	9	-856
7	10	856
7	11	352
7	12	872
7	13	-136
7	14	352
7	15	-152
7	16	-352
7	17	-872
8	9	584
8	10	-584
8	11	208
8	12	-280
8	13	1304
8	14	208
8	15	1000
8	16	1088
8	17	1576
9	10	-584
9	11	208
9	12	-1576
9	13	1304
9	14	-1088
9	15	-296
9	16	-208
9	17	280
10	11	1088
10	12	280
10	13	-8
10	14	-208
10	15	-1000
10	16	208
10	17	-280
11	12	-224
11	13	784
11	14	-1000
11	15	-496
11	16	-296
11	17	224
12	13	-856
12	14	1072
12	15	568
12	16	224
12	17	-152
13	14	-512
13	15	280
13	16	512
13	17	856
14	15	800
14	16	1000
14	17	224
15	16	496
15	17	728
16	17	1072
