0	1	516
0	2	780
0	3	-276
0	4	228
0	5	-1428
0	6	-516
0	7	228
0	8	-12
0	9	636
0	10	876
0	11	12
0	12	-780
0	13	-1524
0	14	-660
0	15	660
0	16	924
0	17	-1020
1	2	-132
1	3	924
1	4	420
1	5	-516
1	6	-132
1	7	-876
1	8	660
1	9	12
1	10	-228
1	11	636
1	12	-1164
1	13	-420
1	14	12
1	15	-12
1	16	-276
1	17	372
2	3	-924
2	4	876
2	5	-780
2	6	-1164
2	7	-420
2	8	-660
2	9	-12
2	10	1524
2	11	-636
2	12	-132
2	13	-876
2	14	-12
2	15	12
2	16	276
2	17	-372
3	4	-84
3	5	276
3	6	372
3	7	-84
3	8	1164
3	9	516
3	10	-732
3	11	132
3	12	-372
3	13	84
3	14	516
3	15	-516
3	16	-1068
3	17	876
4	5	-228
4	6	-420
4	7	-588
4	8	372
4	9	-276
4	10	1356
4	11	-372
4	12	-876
4	13	-708
4	14	1020
4	15	-1020
4	16	-564
4	17	84
5	6	516
5	7	-228
5	8	12
5	9	-636
5	10	-876
5	11	-12
5	12	780
5	13	1524
5	14	660
5	15	-660
5	16	-924
5	17	1020
6	7	876
6	8	636
6	9	-12
6	10	-1068
6	11	660
6	12	-132
6	13	420
6	14	-12
6	15	12
6	16	276
6	17	-372
7	8	372
7	9	1020
7	10	60
7	11	-372
7	12	420
7	13	-708
7	14	-276
7	15	276
7	16	732
7	17	-1212
8	9	492
8	10	-276
8	11	156
8	12	-636
8	13	-372
8	14	492
8	15	-492
8	16	-516
8	17	132
9	10	372
9	11	-492
9	12	12
9	13	-1020
9	14	-156
9	15	156
9	16	132
9	17	-516
10	11	-1020
10	12	-228
10	13	-1356
10	14	372
10	15	-372
10	16	84
10	17	-564
11	12	-660
11	13	372
11	14	-492
11	15	492
11	16	516
11	17	-132
12	13	876
12	14	12
12	15	-12
12	16	-276
12	17	372
13	14	276
13	15	-276
13	16	-732
13	17	1212
14	15	-1140
14	16	-1164
14	17	780
15	16	1164
15	17	-780
16	17	-1524
