0	1	-920
0	2	560
0	3	1096
0	4	304
0	5	304
0	6	-880
0	7	1528
0	8	128
0	9	272
0	10	304
0	11	-304
0	12	992
0	13	-920
0	14	-416
0	15	88
0	16	232
0	17	952
1	2	304
1	3	-664
1	4	128
1	5	128
1	6	448
1	7	-1096
1	8	-560
1	9	-704
1	10	128
1	11	-128
1	12	-128
1	13	1352
1	14	-448
1	15	-952
1	16	-1096
1	17	-520
2	3	-272
2	4	1528
2	5	-1064
2	6	-808
2	7	160
2	8	-1096
2	9	344
2	10	-1064
2	11	-1528
2	12	-232
2	13	304
2	14	-488
2	15	16
2	16	-1136
2	17	880
3	4	-592
3	5	704
3	6	-128
3	7	776
3	8	160
3	9	16
3	10	704
3	11	592
3	12	592
3	13	-664
3	14	128
3	15	-376
3	16	776
3	17	56
4	5	-1096
4	6	-920
4	7	272
4	8	-632
4	9	520
4	10	-1096
4	11	-1496
4	12	-200
4	13	128
4	14	-376
4	15	416
4	16	-1024
4	17	848
5	6	376
5	7	272
5	8	664
5	9	-776
5	10	1496
5	11	1096
5	12	1096
5	13	128
5	14	-376
5	15	-880
5	16	272
5	17	-448
6	7	-992
6	8	56
6	9	-1096
6	10	376
6	11	920
6	12	-376
6	13	448
6	14	-344
6	15	160
6	16	304
6	17	-272
7	8	592
7	9	448
7	10	272
7	11	-272
7	12	1024
7	13	-1096
7	14	-304
7	15	488
7	16	344
7	17	920
8	9	-88
8	10	664
8	11	632
8	12	632
8	13	-560
8	14	-56
8	15	448
8	16	592
8	17	16
9	10	-776
9	11	-520
9	12	-520
9	13	-704
9	14	1096
9	15	304
9	16	448
9	17	-128
10	11	1096
10	12	1096
10	13	128
10	14	-376
10	15	-880
10	16	272
10	17	-448
11	12	200
11	13	-128
11	14	376
11	15	-416
11	16	1024
11	17	-848
12	13	-128
12	14	-920
12	15	-416
12	16	-272
12	17	448
13	14	-448
13	15	-952
13	16	-1096
13	17	-520
14	15	-160
14	16	992
14	17	-1024
15	16	488
15	17	1064
16	17	-376
