0	1	-88
0	2	-488
0	3	728
0	4	-1320
0	5	1384
0	6	-2072
0	7	-872
0	8	-920
0	9	1064
0	10	-1448
0	11	-664
0	12	2088
0	13	1384
0	14	1432
0	15	88
1	2	-664
1	3	168
1	4	1192
1	5	-232
1	6	-872
1	7	1768
1	8	24
1	9	-936
1	10	1320
1	11	1816
1	12	1112
1	13	792
1	14	1512
1	15	808
2	3	280
2	4	-744
2	5	808
2	6	1448
2	7	-296
2	8	1576
2	9	-536
2	10	152
2	11	-216
2	12	488
2	13	-216
2	14	-40
2	15	-360
3	4	-1576
3	5	616
3	6	-792
3	7	-1128
3	8	360
3	9	296
3	10	-680
3	11	616
3	12	296
3	13	-408
3	14	152
3	15	-168
4	5	-1432
4	6	1256
4	7	1944
4	8	360
4	9	-728
4	10	-680
4	11	616
4	12	296
4	13	-408
4	14	152
4	15	-168
5	6	-296
5	7	-856
5	8	-424
5	9	664
5	10	744
5	11	-680
5	12	-360
5	13	344
5	14	1960
5	15	-792
6	7	808
6	8	-40
6	9	-2024
6	10	360
6	11	-296
6	12	24
6	13	-1320
6	14	-1496
6	15	-152
7	8	-88
7	9	-1176
7	10	-232
7	11	1192
7	12	-152
7	13	168
7	14	-424
7	15	-744
8	9	920
8	10	488
8	11	-424
8	12	-104
8	13	-1448
8	14	680
8	15	-24
9	10	-600
9	11	-1384
9	12	-40
9	13	-1384
9	14	1640
9	15	-88
10	11	744
10	12	-600
10	13	-280
10	14	24
10	15	728
11	12	-360
11	13	344
11	14	-88
11	15	1256
12	13	-360
12	14	616
12	15	936
13	14	-88
13	15	232
14	15	-488
