0	1	184
0	2	-184
0	3	-136
0	4	-824
0	5	-1096
0	6	824
0	7	-632
0	8	696
0	9	456
0	10	1080
0	11	-632
0	12	888
0	13	-968
0	14	-264
0	15	760
1	2	56
1	3	-1784
1	4	-328
1	5	200
1	6	-696
1	7	504
1	8	1480
1	9	440
1	10	-1976
1	11	504
1	12	264
1	13	72
1	14	392
1	15	-632
2	3	-264
2	4	-1720
2	5	824
2	6	696
2	7	-504
2	8	-1480
2	9	584
2	10	952
2	11	-1528
2	12	2808
2	13	-72
2	14	-392
2	15	-2440
3	4	-648
3	5	520
3	6	648
3	7	1208
3	8	-248
3	9	1144
3	10	1416
3	11	184
3	12	-440
3	13	-1656
3	14	-1336
3	15	712
4	5	440
4	6	-712
4	7	-1144
4	8	1208
4	9	-56
4	10	-456
4	11	-120
4	12	-1672
4	13	568
4	14	248
4	15	1272
5	6	-440
5	7	248
5	8	-312
5	9	184
5	10	328
5	11	1272
5	12	-504
5	13	328
5	14	-376
5	15	-1400
6	7	-904
6	8	840
6	9	1080
6	10	-568
6	11	120
6	12	648
6	13	-2616
6	14	-248
6	15	-248
7	8	1016
7	9	-888
7	10	-648
7	11	1096
7	12	-840
7	13	376
7	14	56
7	15	1080
8	9	952
8	10	-1464
8	11	1016
8	12	-248
8	13	-440
8	14	-1144
8	15	904
9	10	312
9	11	136
9	12	1144
9	13	-712
9	14	-8
9	15	-1032
10	11	-648
10	12	1416
10	13	200
10	14	-1528
10	15	-504
11	12	-840
11	13	1400
11	14	56
11	15	56
12	13	392
12	14	-1336
12	15	-2360
13	14	520
13	15	-504
14	15	-184
