0	1	3724
0	2	1292
0	3	4332
0	4	-9652
0	5	-20596
0	6	7220
0	7	-228
0	8	-6612
0	9	76
0	10	7828
0	11	-3572
0	12	3116
0	13	4636
0	14	13756
0	15	-16796
0	16	-6156
0	17	-10716
0	18	4028
0	19	3268
0	20	-4940
0	21	-10412
0	22	10716
0	23	-11324
0	24	-5244
0	25	-8284
0	26	-76
0	27	-2812
0	28	5244
0	29	-9348
0	30	-1596
0	31	10868
0	32	2204
0	33	1748
0	34	-5244
0	35	7828
0	36	-16340
0	37	-14820
1	2	13300
1	3	-6764
1	4	1444
1	5	7828
1	6	7676
1	7	6004
1	8	-11932
1	9	5396
1	10	1596
1	11	8436
1	12	8436
1	13	-684
1	14	2660
1	15	988
1	16	-836
1	17	-16036
1	18	15124
1	19	2812
1	20	6156
1	21	6460
1	22	4484
1	23	6460
1	24	6764
1	25	2812
1	26	-532
1	27	-3268
1	28	5700
1	29	-3116
1	30	3724
1	31	4636
1	32	1748
1	33	-3572
1	34	6764
1	35	1596
1	36	1444
1	37	-2812
2	3	13908
2	4	-1900
2	5	4484
2	6	-12084
2	7	3572
2	8	2964
2	9	13604
2	10	-19076
2	11	228
2	12	16644
2	13	-8892
2	14	6004
2	15	-1444
2	16	-9956
2	17	-1140
2	18	-11324
2	19	5244
2	20	8588
2	21	14668
2	22	6916
2	23	-1748
2	24	-1444
2	25	5244
2	26	7676
2	27	22268
2	28	-2508
2	29	228
2	30	380
2	31	1292
2	32	4180
2	33	11324
2	34	-1444
2	35	4028
2	36	-988
2	37	6308
3	4	836
3	5	-4332
3	6	-3268
3	7	836
3	8	6004
3	9	10564
3	10	-16340
3	11	-2508
3	12	-3724
3	13	-11628
3	14	-2508
3	15	1596
3	16	-7220
3	17	1900
3	18	-2812
3	19	-3572
3	20	11324
3	21	76
3	22	-7676
3	23	-10260
3	24	-9956
3	25	2204
3	26	4636
3	27	19228
3	28	-11020
3	29	-2508
3	30	3116
3	31	-13300
3	32	-10412
3	33	-2964
3	34	1596
3	35	12540
3	36	-9500
3	37	-2204
4	5	9652
4	6	-7828
4	7	5396
4	8	17556
4	9	532
4	10	4332
4	11	2964
4	12	-19836
4	13	6308
4	14	-2812
4	15	-1140
4	16	-16340
4	17	-7220
4	18	2356
4	19	-2660
4	20	-6004
4	21	-532
4	22	1444
4	23	-6612
4	24	-12692
4	25	14668
4	26	12236
4	27	3420
4	28	5700
4	29	8740
4	30	-15124
4	31	1292
4	32	-18924
4	33	-2356
4	34	-6916
4	35	-12996
4	36	4180
4	37	8436
5	6	-7220
5	7	-5548
5	8	6612
5	9	-5852
5	10	-2052
5	11	9348
5	12	2660
5	13	1140
5	14	-7980
5	15	11020
5	16	11932
5	17	-6612
5	18	-4028
5	19	-20596
5	20	-836
5	21	21964
5	22	-4940
5	23	5548
5	24	-6308
5	25	2508
5	26	76
5	27	-2964
5	28	-5244
5	29	3572
5	30	-4180
5	31	-5092
5	32	-2204
5	33	9804
5	34	5244
5	35	-7828
5	36	16340
5	37	14820
6	7	-7828
6	8	-14212
6	9	7676
6	10	15428
6	11	-11172
6	12	4940
6	13	-2964
6	14	-5396
6	15	-1292
6	16	7220
6	17	-988
6	18	17404
6	19	-6460
6	20	-3116
6	21	-14364
6	22	6764
6	23	-7372
6	24	-1292
6	25	-12236
6	26	-15580
6	27	-12540
6	28	-2356
6	29	380
6	30	11780
6	31	-10412
6	32	-1748
6	33	-5852
6	34	16036
6	35	3876
6	36	-836
6	37	-10868
7	8	7220
7	9	-7980
7	10	5548
7	11	4484
7	12	836
7	13	12692
7	14	-7068
7	15	8588
7	16	-14212
7	17	-8436
7	18	1748
7	19	12540
7	20	-7220
7	21	-1140
7	22	-3116
7	23	-3268
7	24	-8740
7	25	988
7	26	3420
7	27	12236
7	28	-9804
7	29	-1292
7	30	-15428
7	31	8588
7	32	5700
7	33	-13300
7	34	-8740
7	35	-6004
7	36	-14060
7	37	-6764
8	9	-7372
8	10	380
8	11	-7676
8	12	-15884
8	13	532
8	14	3876
8	15	2204
8	16	-7828
8	17	-3268
8	18	-9196
8	19	1596
8	20	-6612
8	21	16796
8	22	9044
8	23	-9652
8	24	-9348
8	25	7372
8	26	4028
8	27	12844
8	28	12692
8	29	3876
8	30	-14820
8	31	-2356
8	32	532
8	33	-2356
8	34	-3572
8	35	-5396
8	36	2660
8	37	-7372
9	10	-5396
9	11	6916
9	12	5092
9	13	-18620
9	14	1140
9	15	-2964
9	16	2812
9	17	-9044
9	18	4180
9	19	10716
9	20	-9956
9	21	-4484
9	22	3268
9	23	-8436
9	24	2812
9	25	-12388
9	26	-9044
9	27	5244
9	28	3876
9	29	1140
9	30	21356
9	31	-19988
9	32	-11324
9	33	1596
9	34	8588
9	35	380
9	36	2356
9	37	6612
10	11	8892
10	12	-8436
10	13	12236
10	14	-2660
10	15	-988
10	16	-4940
10	17	-7068
10	18	13756
10	19	2964
10	20	-17708
10	21	-12236
10	22	12844
10	23	-684
10	24	-6764
10	25	-14364
10	26	-5244
10	27	-19836
10	28	5852
10	29	8892
10	30	2052
10	31	-4636
10	32	4028
10	33	-7980
10	34	-6764
10	35	-1596
10	36	-7220
10	37	-2964
11	12	4180
11	13	3572
11	14	-10412
11	15	-532
11	16	684
11	17	-11780
11	18	5092
11	19	4332
11	20	-9652
11	21	-3572
11	22	228
11	23	-836
11	24	-532
11	25	-7220
11	26	988
11	27	-7524
11	28	-1596
11	29	-4636
11	30	11020
11	31	380
11	32	-8284
11	33	6460
11	34	-6308
11	35	-2660
11	36	-76
11	37	12996
12	13	1748
12	14	4180
12	15	5852
12	16	5548
12	17	-228
12	18	-4636
12	19	1900
12	20	-1444
12	21	-1748
12	22	228
12	23	11932
12	24	76
12	25	-9652
12	26	-6308
12	27	2204
12	28	-4636
12	29	-7372
12	30	6764
12	31	5852
12	32	8740
12	33	10412
12	34	-5700
12	35	3116
12	36	-380
12	37	-1900
13	14	-2204
13	15	1900
13	16	-1748
13	17	-9348
13	18	2660
13	19	-3876
13	20	-6308
13	21	-228
13	22	3572
13	23	7372
13	24	-9652
13	25	-3876
13	26	15884
13	27	1596
13	28	6612
13	29	-2204
13	30	-14516
13	31	21052
13	32	836
13	33	-8436
13	34	-9652
13	35	-10868
13	36	-3420
13	37	-7676
14	15	-532
14	16	684
14	17	-228
14	18	-6460
14	19	4332
14	20	-3876
14	21	2204
14	22	6004
14	23	-836
14	24	-532
14	25	4332
14	26	6764
14	27	15580
14	28	4180
14	29	6916
14	30	-532
14	31	6156
14	32	9044
14	33	12236
14	34	-12084
14	35	-2660
14	36	-5852
14	37	-10108
15	16	-3420
15	17	-1900
15	18	988
15	19	228
15	20	-2204
15	21	-1900
15	22	-9652
15	23	3268
15	24	-7980
15	25	6004
15	26	-3116
15	27	5700
15	28	-9044
15	29	-532
15	30	-4636
15	31	-9500
15	32	-836
15	33	-6764
15	34	-2204
15	35	16340
15	36	-1748
15	37	-228
16	17	-3724
16	18	4636
16	19	-17708
16	20	2052
16	21	1748
16	22	3724
16	23	-3116
16	24	2356
16	25	-11932
16	26	-2812
16	27	-11628
16	28	3420
16	29	6460
16	30	10260
16	31	-7980
16	32	684
16	33	6916
16	34	13908
16	35	-16492
16	36	7676
16	37	380
17	18	-5092
17	19	5700
17	20	20596
17	21	-2204
17	22	-4180
17	23	9348
17	24	9652
17	25	5700
17	26	-3420
17	27	5396
17	28	-14516
17	29	-228
17	30	-4940
17	31	-4028
17	32	10412
17	33	-684
17	34	9652
17	35	4484
17	36	4332
17	37	76
18	19	988
18	20	-8132
18	21	-14212
18	22	10868
18	23	-4484
18	24	988
18	25	-10564
18	26	4332
18	27	-16036
18	28	7828
18	29	-684
18	30	11628
18	31	-12388
18	32	-9500
18	33	-6004
18	34	12540
18	35	2204
18	36	532
18	37	-6764
19	20	-7372
19	21	-1900
19	22	5852
19	23	6308
19	24	17556
19	25	1748
19	26	-6460
19	27	7828
19	28	7068
19	29	-12996
19	30	836
19	31	-76
19	32	2812
19	33	-6764
19	34	-5548
19	35	8740
19	36	-228
19	37	-1748
20	21	532
20	22	-3268
20	23	9652
20	24	3572
20	25	15732
20	26	1748
20	27	4484
20	28	-12692
20	29	7676
20	30	-8284
20	31	2356
20	32	5244
20	33	-9196
20	34	9348
20	35	5396
20	36	3116
20	37	1596
21	22	-3572
21	23	9956
21	24	3876
21	25	-1900
21	26	-4332
21	27	15732
21	28	4940
21	29	-3572
21	30	-2812
21	31	2052
21	32	10716
21	33	8436
21	34	3876
21	35	-684
21	36	14972
21	37	-3876
22	23	-3572
22	24	1900
22	25	-5700
22	26	3420
22	27	-11172
22	28	26068
22	29	11780
22	30	4940
22	31	-1748
22	32	6916
22	33	684
22	34	7676
22	35	-10260
22	36	-4332
22	37	-11628
23	24	9044
23	25	6308
23	26	2964
23	27	-5548
23	28	7980
23	29	4940
23	30	1444
23	31	8132
23	32	11020
23	33	-12844
23	34	-2508
23	35	5092
23	36	15276
23	37	-532
24	25	228
24	26	-3116
24	27	-11628
24	28	14060
24	29	-17860
24	30	12692
24	31	7828
24	32	16492
24	33	-988
24	34	9348
24	35	-988
24	36	4028
24	37	5548
25	26	16644
25	27	7828
25	28	-4484
25	29	4332
25	30	-22268
25	31	11476
25	32	-2964
25	33	-6764
25	34	228
25	35	-2812
25	36	5548
25	37	9804
26	27	5396
26	28	9500
26	29	6764
26	30	-13148
26	31	9044
26	32	-5396
26	33	1444
26	34	-8892
26	35	-11020
26	36	-9348
26	37	6460
27	28	-16340
27	29	-1748
27	30	-10412
27	31	228
27	32	-2660
27	33	4484
27	34	-5852
27	35	3268
27	36	-532
27	37	-7828
28	29	-1596
28	30	7980
28	31	3116
28	32	228
28	33	-2052
28	34	2508
28	35	-5700
28	36	-2812
28	37	-12844
29	30	-532
29	31	-11172
29	32	3268
29	33	684
29	34	-6308
29	35	-14212
29	36	-76
29	37	1444
30	31	-12540
30	32	-3876
30	33	5700
30	34	6916
30	35	7828
30	36	6460
30	37	-836
31	32	12540
31	33	-4940
31	34	-9500
31	35	-10412
31	36	1596
31	37	76
32	33	-2052
32	34	4940
32	35	-7524
32	36	-7068
32	37	-8588
33	34	-12540
33	35	-2204
33	36	-6308
33	37	6764
34	35	-6764
34	36	9804
34	37	-11780
35	36	-1444
35	37	-2964
36	37	11780
