0	1	3192
0	2	4408
0	3	11248
0	4	-3496
0	5	-1520
0	6	10032
0	7	760
0	8	7600
0	9	6688
0	10	-4864
0	11	-3040
0	12	-608
0	13	-7752
0	14	456
0	15	-3192
0	16	10032
0	17	-760
0	18	-912
0	19	-11856
0	20	-17024
0	21	-5016
0	22	1976
0	23	-6232
0	24	-6536
0	25	-4408
0	26	-7448
0	27	-5928
0	28	3952
0	29	-456
0	30	-3496
0	31	1520
0	32	-10032
0	33	-4104
0	34	1368
0	35	-3040
0	36	2280
0	37	608
1	2	6688
1	3	6536
1	4	-7600
1	5	6840
1	6	-15352
1	7	4560
1	8	-1368
1	9	5320
1	10	-12008
1	11	-2280
1	12	1064
1	13	1520
1	14	-912
1	15	-3040
1	16	6840
1	17	-17024
1	18	12008
1	19	-152
1	20	-760
1	21	11248
1	22	3344
1	23	5776
1	24	-10336
1	25	9728
1	26	7904
1	27	-304
1	28	-3496
1	29	-4864
1	30	-13376
1	31	10488
1	32	-6840
1	33	-2128
1	34	-13376
1	35	3496
1	36	9728
1	37	-1064
2	3	-8360
2	4	5776
2	5	-10792
2	6	7752
2	7	14592
2	8	-6232
2	9	10184
2	10	4408
2	11	456
2	12	2888
2	13	6080
2	14	-14592
2	15	-912
2	16	760
2	17	-4256
2	18	1368
2	19	-15352
2	20	8360
2	21	-1520
2	22	10032
2	23	7600
2	24	14288
2	25	9424
2	26	1824
2	27	2128
2	28	1672
2	29	-2736
2	30	5776
2	31	10792
2	32	-6536
2	33	-1824
2	34	-7904
2	35	-5320
2	36	5776
2	37	-2888
3	4	1672
3	5	3344
3	6	-17632
3	7	12616
3	8	7904
3	9	-2736
3	10	-2736
3	11	-10336
3	12	-1216
3	13	-1976
3	14	1368
3	15	-760
3	16	9120
3	17	-8968
3	18	2736
3	19	2128
3	20	-21584
3	21	3192
3	22	-152
3	23	2280
3	24	-12616
3	25	-11096
3	26	-11704
3	27	-3800
3	28	5776
3	29	4408
3	30	-4104
3	31	2432
3	32	-3344
3	33	152
3	34	12008
3	35	-10336
3	36	-4104
3	37	-4560
4	5	152
4	6	8664
4	7	3648
4	8	5320
4	9	6232
4	10	6232
4	11	-1368
4	12	-3800
4	13	608
4	14	-1824
4	15	13376
4	16	-5624
4	17	5168
4	18	5320
4	19	-6840
4	20	9880
4	21	6384
4	22	2432
4	23	-6688
4	24	-9424
4	25	14592
4	26	-2736
4	27	-1216
4	28	-2584
4	29	1824
4	30	4864
4	31	5624
4	32	-152
4	33	2736
4	34	3040
4	35	-7144
4	36	-912
4	37	9576
5	6	7904
5	7	-2888
5	8	-304
5	9	-1216
5	10	-6992
5	11	608
5	12	-2736
5	13	5928
5	14	14136
5	15	4712
5	16	6384
5	17	-21736
5	18	-4560
5	19	-3952
5	20	-9120
5	21	4408
5	22	-7448
5	23	7448
5	24	-8664
5	25	-2280
5	26	-3800
5	27	-3800
5	28	7600
5	29	8968
5	30	5928
5	31	5168
5	32	-6384
5	33	-1976
5	34	9272
5	35	12160
5	36	-5624
5	37	8512
6	7	-11704
6	8	-2432
6	9	-1520
6	10	-1520
6	11	2432
6	12	5776
6	13	-3192
6	14	5928
6	15	3800
6	16	7904
6	17	12920
6	18	-4256
6	19	-16416
6	20	6080
6	21	-1368
6	22	-1368
6	23	-4712
6	24	5928
6	25	5016
6	26	6840
6	27	6536
6	28	6992
6	29	-5928
6	30	20216
6	31	-7904
6	32	-7904
6	33	4712
6	34	5016
6	35	8208
6	36	2888
6	37	5776
7	8	3192
7	9	8056
7	10	2280
7	11	9880
7	12	760
7	13	2432
7	14	-912
7	15	1216
7	16	-8664
7	17	-13680
7	18	-8056
7	19	-7448
7	20	-1064
7	21	-9424
7	22	12160
7	23	-1824
7	24	6384
7	25	-5776
7	26	-6080
7	27	4256
7	28	5320
7	29	6688
7	30	-2128
7	31	2888
7	32	-2888
7	33	-5472
7	34	11552
7	35	-7448
7	36	3648
7	37	-760
8	9	-4864
8	10	-4864
8	11	-912
8	12	8208
8	13	-5624
8	14	-2280
8	15	-4408
8	16	5472
8	17	10488
8	18	10640
8	19	-7296
8	20	3648
8	21	6840
8	22	7752
8	23	-1368
8	24	-8968
8	25	-3192
8	26	-2280
8	27	-1672
8	28	-2128
8	29	-3496
8	30	-456
8	31	-5472
8	32	304
8	33	-3496
8	34	2584
8	35	-12464
8	36	5320
8	37	9120
9	10	-3952
9	11	5776
9	12	-8208
9	13	10792
9	14	2584
9	15	456
9	16	4560
9	17	-1976
9	18	3952
9	19	-2432
9	20	2736
9	21	7752
9	22	6840
9	23	-2280
9	24	-2280
9	25	-4104
9	26	-12920
9	27	-2584
9	28	-1216
9	29	3192
9	30	-5320
9	31	12768
9	32	6992
9	33	1368
9	34	-4104
9	36	456
9	37	8208
10	11	5776
10	12	-8208
10	13	-6536
10	14	-8968
10	15	12008
10	16	-6992
10	17	-1976
10	18	3952
10	19	3344
10	20	2736
10	21	-9576
10	22	1064
10	23	3496
10	24	-8056
10	25	13224
10	26	-7144
10	27	-14136
10	28	4560
10	29	8968
10	30	456
10	31	1216
10	32	-4560
10	33	12920
10	34	7448
10	35	17328
10	36	-5320
10	37	2432
11	12	1520
11	13	1064
11	14	4408
11	15	-3496
11	16	608
11	17	5624
11	18	-5776
11	19	-6384
11	20	16112
11	21	-5624
11	22	-2888
11	23	-6232
11	24	-4104
11	25	9272
11	26	-14744
11	27	5016
11	28	-8816
11	29	1368
11	30	10184
11	31	10944
11	32	5168
11	33	-2584
11	34	3496
11	35	9728
11	36	-12920
11	37	4256
12	13	-13832
12	14	-4712
12	15	-1064
12	16	8816
12	17	13832
12	18	8208
12	19	-3952
12	20	1216
12	21	3496
12	22	-456
12	23	1976
12	24	5016
12	25	152
12	26	152
12	27	1672
12	28	304
12	29	-6840
12	30	1976
12	31	-14592
12	32	-3040
12	33	11400
12	34	-5624
12	35	-4256
12	36	1976
12	37	912
13	14	-3648
13	15	-1520
13	16	5928
13	17	-16416
13	18	6536
13	19	1368
13	20	-3800
13	21	16416
13	22	-2128
13	23	-4560
13	24	3344
13	25	-2736
13	26	-3344
13	27	1520
13	28	-3496
13	29	9424
13	30	6384
13	31	11400
13	32	-152
13	33	-8208
13	34	-2736
13	35	-4712
13	36	-5168
13	37	-3496
14	15	912
14	16	-3192
14	17	-8208
14	18	-8360
14	19	3800
14	20	-7144
14	21	2432
14	22	6080
14	23	3648
14	24	-4864
14	25	-6080
14	27	-7600
14	28	5624
14	29	6992
14	30	-1824
14	31	3192
14	32	-2584
14	34	5472
14	35	10184
14	36	3952
14	37	4712
15	16	-6840
15	17	-304
15	18	-6232
15	19	5928
15	20	760
15	21	6080
15	22	2432
15	23	-5776
15	24	-1216
15	25	1824
15	26	9424
15	27	-11248
15	28	15048
15	29	4864
15	30	-9728
15	31	1064
15	32	1064
15	33	13680
15	34	13376
15	35	2280
15	36	-9728
15	37	-16264
16	17	1368
16	18	18544
16	19	-9728
16	20	-9120
16	21	21736
16	22	-1672
16	23	-4104
16	24	-2888
16	25	3496
16	26	-3800
16	27	-3800
16	28	7600
16	29	-2584
16	30	152
16	31	-608
16	32	10944
16	33	3800
16	34	9272
16	35	608
16	36	152
16	37	8512
17	18	-3800
17	19	-8968
17	20	14744
17	21	-2128
17	22	4864
17	23	-9120
17	24	2128
17	25	-1520
17	26	-4560
17	27	8512
17	28	-4712
17	29	-20672
17	30	5168
17	31	-12920
17	32	15960
17	33	4560
17	34	-1520
17	35	-11704
17	36	5168
17	37	-2280
18	19	-3344
18	20	3040
18	21	15352
18	22	-1064
18	23	2280
18	24	-9272
18	25	9880
18	26	7144
18	27	-8968
18	28	-10336
18	29	2584
18	30	-456
18	31	4560
18	32	-1216
18	33	10184
18	34	-7448
18	36	-456
18	37	3344
19	20	3648
19	21	-2584
19	22	-17784
19	23	2888
19	24	1672
19	25	-6840
19	26	12312
19	27	-2584
19	28	6384
19	29	7752
19	30	-18392
19	31	-7600
19	32	-7600
19	33	5016
19	34	-12616
19	35	5168
19	36	-1064
19	37	-7600
20	21	2584
20	22	-11400
20	23	-2280
20	24	1064
20	25	5320
20	26	11704
20	27	9576
20	28	-23104
20	29	-4408
20	30	4104
20	31	3344
20	32	3344
20	33	5624
20	34	-6232
20	35	4560
20	36	9880
20	37	-1216
21	22	912
21	23	-8208
21	24	-7904
21	25	7296
21	26	-1216
21	27	-2736
21	28	-6840
21	29	3344
21	30	608
21	31	1368
21	32	7144
21	33	12768
21	34	1520
21	35	152
21	36	6384
21	37	8056
22	23	5168
22	24	-608
22	25	1216
22	26	-7296
22	27	-11856
22	28	4104
22	29	-304
22	30	-3344
22	31	1672
22	32	13224
22	33	-10032
22	34	1216
22	35	-8664
22	36	8208
22	37	6232
23	24	-3952
23	25	-6992
23	26	912
23	27	-14288
23	28	6536
23	29	7904
23	30	-912
23	31	-1672
23	32	-1672
23	33	-912
23	34	-6992
23	35	11096
23	36	-912
23	37	-1976
24	25	-11552
24	26	17632
24	27	18848
24	28	6232
24	29	-12464
24	30	-3648
24	31	-8664
24	32	2888
24	33	-6080
24	34	5776
24	35	-4104
24	36	2128
24	37	-10792
25	26	-912
25	27	-912
25	28	-1064
25	29	304
25	30	8816
25	31	8056
25	32	-3496
25	33	6688
25	34	-10944
25	35	3496
25	36	-2736
25	37	11400
26	27	12160
26	28	7144
26	29	-5776
26	30	-8512
26	31	-13528
26	32	-7752
26	33	4560
26	34	-912
26	35	2584
26	36	8816
26	37	-17480
27	28	-5320
27	29	-9728
27	30	16112
27	31	-13528
27	32	-7752
27	33	-608
27	34	-912
27	35	-6536
27	36	-1216
27	37	-7448
28	29	152
28	30	-8360
28	31	-13376
28	32	-1824
28	33	10184
28	34	10488
28	35	2736
28	36	-2584
28	37	-6080
29	30	7600
29	31	-3192
29	32	-8968
29	33	5776
29	34	-5472
29	35	-4408
29	36	-9728
29	37	-4712
30	31	-152
30	32	-11704
30	33	8512
30	34	-2736
30	35	-1368
30	36	-12464
30	37	3800
31	32	608
31	33	-9576
31	34	-3496
31	35	-608
31	36	-11704
31	37	3040
32	33	-9576
32	34	13832
32	35	-6384
32	36	-152
32	37	3040
33	34	912
33	35	14744
33	36	-3040
33	37	-5624
34	35	9272
34	36	-2736
34	37	-152
35	36	-1368
35	37	10032
36	37	9576
