0	1	-2960
0	2	536
0	3	4176
0	4	6160
0	5	-9344
0	6	8592
0	7	12080
0	8	6456
0	9	-11320
0	10	9496
0	11	-1896
0	12	8584
0	13	-6160
0	14	12392
0	15	3880
0	16	5240
0	17	-376
0	18	10264
0	19	18008
0	20	-7984
0	21	-5848
0	22	680
0	23	11928
0	24	224
0	25	-10720
0	26	18768
0	27	-1904
0	28	-8888
0	29	16800
0	30	2504
0	31	840
0	32	6760
0	33	3880
0	34	-6312
0	35	3576
0	36	-384
0	37	-2968
1	2	7376
1	3	-2664
1	4	-10104
1	5	-2504
1	6	-13448
1	7	-536
1	8	5392
1	9	7072
1	10	-3120
1	11	-6608
1	12	-4032
1	13	-1448
1	14	-15424
1	15	-12384
1	16	-1600
1	17	688
1	18	-11776
1	19	-384
1	20	2504
1	21	-16336
1	22	5392
1	23	-6464
1	24	10712
1	25	11320
1	26	376
1	27	2808
1	28	3728
1	29	6312
1	30	1440
1	31	19232
1	32	-5856
1	33	16496
1	34	9952
1	35	10416
1	36	-7224
1	37	7520
2	3	5392
2	4	-832
2	5	-4784
2	6	-9952
2	7	-4032
2	8	7672
2	9	-12536
2	10	4936
2	11	2664
2	12	9800
2	13	6608
2	14	-376
2	15	8440
2	16	-5096
2	17	-1592
2	18	-2504
2	19	-3880
2	20	-992
2	21	-7064
2	22	13448
2	23	-4184
2	24	1440
2	25	-3728
2	26	-8896
2	27	16640
2	28	1448
2	29	4032
2	30	-2056
2	31	-6152
2	32	2200
2	33	8440
2	34	680
2	35	8136
2	36	12384
2	37	-13304
3	4	-6008
3	5	-2056
3	6	3112
3	7	-6456
3	8	-6608
3	9	5696
3	10	1904
3	11	-9504
3	12	2816
3	13	-11320
3	14	-6464
3	15	7824
3	16	-5392
3	17	-11024
3	18	-10112
3	19	-832
3	20	2056
3	21	-5552
3	22	-6608
3	23	-528
3	24	-6152
3	25	-984
3	26	9960
3	27	1752
3	28	3264
3	29	6456
3	30	-2656
3	31	-6464
3	32	-6912
3	33	13600
3	34	384
3	35	13904
3	36	232
3	37	-2960
4	5	6616
4	6	1448
4	7	7672
4	8	-3728
4	9	-18464
4	10	-6464
4	11	2512
4	12	9952
4	13	6760
4	14	16800
4	15	8288
4	16	-4944
4	17	21360
4	18	20448
4	19	7824
4	20	10712
4	21	-1440
4	22	7824
4	23	7520
4	24	7368
4	25	2200
4	26	2808
4	27	-536
4	28	-16032
4	29	3880
4	30	3872
4	31	-6304
4	32	8128
4	33	-20592
4	34	6608
4	35	-9344
4	36	-10568
4	37	-7376
5	6	-2504
5	7	-5704
5	8	-11328
5	9	-5088
5	10	3264
5	11	4336
5	12	13904
5	13	10712
5	14	1296
5	15	15888
5	16	-6768
5	17	-5696
5	18	10720
5	19	-11328
5	20	3112
5	21	-5392
5	22	224
5	23	5696
5	24	-232
5	25	11928
5	26	6760
5	27	-2360
5	28	-2656
5	29	5704
5	30	2048
5	31	-10256
5	32	528
5	33	-7216
5	34	-992
5	35	-1744
5	36	-840
5	37	13904
6	7	5240
6	8	5392
6	9	7072
6	10	8432
6	11	4944
6	12	7520
6	13	10104
6	14	7680
6	15	-832
6	16	4176
6	17	-5088
6	18	-6000
6	19	11168
6	20	-3272
6	21	12544
6	22	5392
6	23	-12240
6	24	-840
6	25	-232
6	26	11928
6	27	-2968
6	28	-7824
6	29	12088
6	30	-4336
6	31	-9648
6	32	-80
6	33	4944
6	34	4176
6	35	-1136
6	36	-1448
6	37	-4032
7	8	8592
7	9	2048
7	10	5552
7	11	-1600
7	12	688
7	13	-1896
7	14	7216
7	15	-7376
7	16	4032
7	17	8432
7	18	-2208
7	19	14368
7	20	-72
7	21	2352
7	22	-2960
7	23	3120
7	24	-8280
7	25	-3112
7	26	7832
7	27	-11928
7	28	5392
7	29	14360
7	30	6768
7	31	1440
7	32	-9040
7	33	-7376
7	34	9808
7	35	4480
7	36	-1896
7	37	-10864
8	9	-3576
8	10	11176
8	11	-7224
8	12	6312
8	13	-7824
8	14	1592
8	15	-7224
8	16	3880
8	17	8584
8	18	3720
8	19	-3112
8	20	-224
8	21	8280
8	22	8440
8	23	-14360
8	24	8896
8	25	-3264
8	26	-3872
8	27	5248
8	28	5544
8	29	-2816
8	30	-10712
8	31	7368
8	32	8136
8	33	4328
8	34	-1896
8	35	-1144
8	36	-13600
8	37	-5240
9	10	-12088
9	11	2360
9	12	-7224
9	13	1136
9	14	-12232
9	15	-9192
9	16	6760
9	17	-13448
9	18	-14360
9	19	-9352
9	20	-688
9	21	-1592
9	22	-9352
9	23	-15432
9	24	-4032
9	25	8128
9	26	2960
9	27	-11936
9	28	1144
9	29	-7824
9	30	-1752
9	31	5096
9	32	-3272
9	33	8136
9	34	984
9	35	-3720
9	36	6912
9	37	10104
10	11	1592
10	12	3272
10	13	-10864
10	14	4632
10	15	1592
10	16	-4936
10	17	5848
10	18	984
10	19	11176
10	20	-3264
10	21	-232
10	22	-376
10	23	-72
10	24	80
10	25	-6304
10	26	4640
10	27	7984
10	28	-2968
10	29	17552
10	30	3576
10	31	-1144
10	32	-6456
10	33	13144
10	34	-4936
10	35	1896
10	36	688
10	37	-8280
11	12	6456
11	13	14816
11	14	-2808
11	15	6008
11	16	8888
11	17	-4024
11	18	6616
11	19	-1448
11	20	7216
11	21	7832
11	22	-1448
11	23	-1752
11	24	9648
11	25	4480
11	26	-688
11	27	-4032
11	28	-12536
11	29	-4176
11	30	6152
11	31	-8584
11	32	4632
11	33	-5544
11	34	-14216
11	35	-11624
11	36	-2512
11	37	680
12	13	7376
12	14	3720
12	15	6456
12	16	1752
12	17	10712
12	18	11624
12	19	-5240
12	20	9200
12	21	10408
12	22	6312
12	23	-10712
12	24	12544
12	25	384
12	26	5552
12	27	8896
12	28	-3880
12	29	5088
12	30	-12840
12	31	-7832
12	32	11784
12	33	680
12	34	1752
12	35	984
12	36	1600
12	37	-7368
13	14	6304
13	15	9040
13	16	-832
13	17	-4032
13	18	-3120
13	19	-7824
13	20	840
13	21	1440
13	22	3728
13	23	4032
13	24	9960
13	25	-2200
13	26	-2808
13	27	536
13	28	-7072
13	29	1896
13	30	13456
13	31	-5248
13	32	3424
13	33	-2512
13	34	-6608
13	35	3568
13	36	4792
13	37	7376
14	15	-8584
14	16	11928
14	17	16040
14	18	20904
14	19	13144
14	20	-1296
14	21	4792
14	22	-4184
14	23	12840
14	24	1136
14	25	-4032
14	26	-3424
14	27	-12544
14	28	-9800
14	29	-1440
14	30	3416
14	31	5704
14	32	13448
14	33	-8584
14	34	376
14	35	-14664
14	36	6304
14	37	-2056
15	16	-14216
15	17	-15576
15	18	-4936
15	19	-7224
15	20	-10112
15	21	-15272
15	22	4328
15	23	-1752
15	24	-1904
15	25	-1296
15	26	5088
15	27	7520
15	28	-984
15	29	1600
15	30	11928
15	31	-20136
15	32	4632
15	33	232
15	34	-14216
15	35	5704
15	36	3264
15	37	6456
16	17	7368
16	18	8280
16	19	9656
16	20	-4784
16	21	12840
16	22	-1896
16	23	-1592
16	24	-1440
16	25	-7824
16	26	-2656
16	27	-10864
16	28	-13000
16	29	-4032
16	30	-3720
16	31	6152
16	32	3576
16	33	-8440
16	34	-680
16	35	-8136
16	36	-12384
16	37	-4024
17	18	13912
17	19	8584
17	20	11472
17	21	15128
17	22	-2968
17	23	2504
17	24	8128
17	25	2960
17	26	-13760
17	27	6000
17	28	-16792
17	29	-2656
17	30	-1144
17	31	16040
17	32	8888
17	33	-15576
17	34	7368
17	35	-10104
17	36	-9808
17	37	-18168
18	19	-2056
18	20	6608
18	21	2664
18	22	-2056
18	23	14968
18	24	3264
18	25	3872
18	26	4480
18	27	1136
18	28	-11928
18	29	-9344
18	30	-11784
18	31	-2200
18	32	9800
18	33	-16488
18	34	-9048
18	35	-22568
18	36	-3120
18	37	72
19	20	-6000
19	21	2504
19	22	2664
19	23	2968
19	24	-8432
19	25	-9040
19	26	7680
19	27	-6304
19	28	-6008
19	29	20288
19	30	6616
19	31	1592
19	32	2360
19	33	-1448
19	34	9656
19	35	4632
19	36	-7824
19	37	-11016
20	21	16944
20	22	-6000
20	23	5856
20	24	6008
20	25	11176
20	26	-6760
20	27	-9192
20	28	2656
20	29	-5704
20	30	3728
20	31	4480
20	32	-6304
20	33	-4336
20	34	992
20	35	1744
20	36	-4936
20	37	3424
21	22	-3272
21	23	-3576
21	24	-3728
21	25	-3120
21	26	-8288
21	27	-80
21	28	840
21	29	-2352
21	30	-7224
21	31	-984
21	32	2808
21	33	-9496
21	34	1288
21	35	-9800
21	36	-4336
21	37	-6920
22	23	-20136
22	24	3120
22	25	2512
22	26	13456
22	27	5248
22	28	-11784
22	29	14512
22	30	-10712
22	31	-9960
22	32	-3416
22	33	10104
22	34	3880
22	35	4632
22	36	-7824
22	37	-11016
23	24	-8128
23	25	-8736
23	26	2208
23	27	-6000
23	28	-536
23	29	2656
23	30	18472
23	31	7064
23	32	-3112
23	33	-13304
23	34	-7368
23	35	4328
23	36	4032
23	37	6616
24	25	-8584
24	26	-3416
24	27	-72
24	28	-6464
24	29	-9048
24	30	1296
24	31	12688
24	32	20144
24	33	3872
24	34	-7216
24	35	4176
24	36	-13144
24	37	992
25	26	-4024
25	27	-680
25	28	-5856
25	29	-8440
25	30	-5088
25	31	1744
25	32	-9344
25	33	4480
25	34	3728
25	35	-12544
25	36	3576
25	37	6160
26	27	-7064
26	28	-5248
26	29	21048
26	30	80
26	31	-3424
26	32	-4176
26	33	10864
26	34	-8432
26	35	5392
26	36	-2808
26	37	-224
27	28	-2816
27	29	6152
27	30	-13904
27	31	-6768
27	32	-832
27	33	1744
27	34	688
27	35	2048
27	36	6312
27	37	-14208
28	29	-5392
28	30	-4184
28	31	-4024
28	32	-5704
28	33	10568
28	34	10104
28	35	10264
28	36	10256
28	37	13448
29	30	4784
29	31	-7216
29	32	-14064
29	33	7376
29	34	13296
29	35	12848
29	36	-3880
29	37	-6464
30	31	14968
30	32	536
30	33	376
30	34	-15272
30	35	6456
30	36	-3872
30	37	4488
31	32	13448
31	33	2968
31	34	-5400
31	35	2664
31	36	-5248
31	37	-2056
32	33	-6920
32	34	-7976
32	35	-6616
32	36	-2352
32	37	232
33	34	-2664
33	35	11480
33	36	9040
33	37	6456
34	35	3416
34	36	-832
34	37	-4024
35	36	-2208
35	37	-4792
36	37	1600
