0	1	3380
0	2	2092
0	3	-2620
0	4	4372
0	5	-9388
0	6	3988
0	7	-15164
0	8	5508
0	9	11364
0	10	-4596
0	11	-7180
0	12	-4372
0	13	36
0	14	2548
0	15	-4372
0	16	7332
0	17	1636
0	18	11436
0	19	-3004
0	20	3916
0	21	-11516
0	22	5508
0	23	1252
0	24	-7788
0	25	-3228
0	26	-9764
0	27	268
0	28	3460
0	29	-4140
0	30	-2316
0	31	3460
0	32	3308
0	33	6044
0	34	8020
0	35	-12428
0	36	4220
0	37	4980
1	2	3916
1	3	4980
1	4	420
1	5	6116
1	6	-3612
1	7	6116
1	8	-7868
1	9	13188
1	10	-8548
1	11	-16908
1	12	5356
1	13	-1788
1	14	10148
1	15	-6196
1	16	-6044
1	17	9236
1	18	-1940
1	19	-4828
1	20	-5812
1	21	-1788
1	22	-7868
1	23	-572
1	24	5588
1	25	4372
1	26	-13716
1	27	-3684
1	28	-492
1	29	9236
1	30	-492
1	31	5284
1	32	10908
1	33	-3684
1	34	-1708
1	35	3076
1	36	6044
1	37	-4748
2	3	1100
2	4	-11668
2	5	-12196
2	6	14860
2	7	-6420
2	8	-3988
2	9	15996
2	10	14628
2	11	-5892
2	12	17444
2	13	1484
2	14	-9844
2	15	-5660
2	16	5740
2	17	-8932
2	18	7412
2	19	-1252
2	20	6116
2	21	-4292
2	22	1788
2	23	-5508
2	24	-11060
2	25	-9844
2	26	-9084
2	27	9764
2	28	6572
2	29	-3156
2	30	12348
2	31	-10756
2	32	-4828
2	33	-7564
2	34	13564
2	35	8172
2	36	36
2	37	-6500
3	4	-12732
3	5	6196
3	6	-1404
3	7	420
3	8	-2924
3	9	-2396
3	10	-3764
3	11	-6956
3	12	1180
3	13	2548
3	14	12196
3	15	12732
3	16	12580
3	17	-9996
3	18	-8852
3	19	-5964
3	20	-724
3	21	2548
3	22	-2924
3	23	7108
3	24	5204
3	25	-10908
3	26	1404
3	27	-2852
3	28	-11820
3	29	1556
3	30	-268
3	31	11284
3	32	5660
3	33	8700
3	34	948
3	35	-2316
3	36	10524
3	37	-13340
4	5	13188
4	6	5588
4	7	-9916
4	8	9844
4	9	2164
4	10	-10756
4	11	3380
4	12	-9156
4	13	-7788
4	14	-12124
4	15	-14932
4	16	-3532
4	17	11892
4	18	3916
4	19	1028
4	20	-1940
4	21	-7788
4	22	9844
4	23	-3228
4	24	9764
4	25	22532
4	26	188
4	27	-15620
4	28	-13036
4	29	6116
4	30	-13036
4	31	-1484
4	32	4444
4	33	-15620
4	34	-268
4	35	-1100
4	36	-2244
4	37	-3004
5	6	948
5	7	-876
5	8	-9084
5	9	2852
5	10	-1556
5	11	-9916
5	12	-13188
5	13	2772
5	14	5588
5	15	-1636
5	16	-13036
5	17	-1100
5	18	-14708
5	19	-6044
5	20	6956
5	21	2772
5	22	2468
5	23	9764
5	24	6804
5	25	17140
5	26	-948
5	27	-2468
5	28	-5052
5	29	-6876
5	30	724
5	31	724
5	32	6348
5	33	3308
5	34	-12044
5	35	7636
5	36	1484
5	37	-9308
6	7	-22156
6	8	10068
6	9	12580
6	10	2396
6	11	11364
6	12	5964
6	13	-1180
6	14	-7788
6	15	-5588
6	16	6116
6	17	-8700
6	18	-1332
6	19	-9996
6	20	5132
6	21	-1180
6	22	-1484
6	23	-5740
6	24	-796
6	25	3764
6	26	-2772
6	27	1484
6	28	-6876
6	29	-2924
6	30	10452
6	31	-6876
6	32	-1252
6	33	-21620
6	34	9236
6	35	-2092
6	36	-340
6	37	420
7	8	-14860
7	9	-8700
7	10	-1556
7	11	1636
7	12	-1636
7	13	-3004
7	14	5588
7	15	-1636
7	16	-7260
7	17	-6876
7	18	2620
7	19	-268
7	20	1180
7	21	8548
7	22	-3308
7	23	-1788
7	24	6804
7	25	-11740
7	26	-948
7	27	14860
7	28	6500
7	29	-1100
7	30	6500
7	31	6500
7	32	-10980
7	33	14860
7	34	-6268
7	35	13412
7	36	-10068
7	37	8020
8	9	-492
8	10	-10676
8	11	9844
8	12	-15620
8	13	-5436
8	14	8020
8	15	-9844
8	16	19188
8	17	12884
8	18	5964
8	19	-2700
8	20	-13716
8	21	-11212
8	22	36
8	23	-4220
8	24	-2316
8	25	2244
8	26	7260
8	27	-5812
8	28	-8396
8	29	7108
8	30	-8396
8	31	-8396
8	32	-8548
8	33	-5812
8	34	1940
8	35	-12124
8	36	-1860
8	37	10452
9	10	5356
9	11	-9388
9	12	3612
9	13	16532
9	14	-13340
9	15	3612
9	16	3460
9	17	-6652
9	18	5132
9	19	-3532
9	20	19948
9	21	-6572
9	22	-492
9	23	-13564
9	24	-8780
9	25	-1788
9	26	-12580
9	27	-5284
9	28	3076
9	29	-6652
9	30	3076
9	31	-2700
9	32	-2548
9	33	-5284
9	34	4292
9	35	-11436
9	36	2316
9	37	7332
10	11	-4980
10	12	10756
10	13	-5204
10	14	-8932
10	15	16532
10	16	-948
10	17	-8020
10	18	6500
10	19	9388
10	20	12804
10	21	572
10	22	6652
10	23	5132
10	24	1404
10	25	-3156
10	26	9156
10	27	4900
10	28	1708
10	29	-2244
10	30	1708
10	31	-9844
10	32	-9692
10	33	-876
10	34	8700
10	35	7260
10	36	-4828
10	37	-5588
11	12	-3380
11	13	-2012
11	14	-6348
11	15	2396
11	16	13796
11	17	-11212
11	18	-1860
11	19	-4748
11	20	-7716
11	21	3764
11	22	-1708
11	23	-3228
11	24	3988
11	25	-572
11	26	188
11	27	13260
11	28	-7260
11	29	6116
11	30	4292
11	31	-1484
11	32	-12884
11	33	-4068
11	34	-268
11	35	-1100
11	36	-8020
11	37	2772
12	13	2012
12	14	-10980
12	15	3380
12	16	-2244
12	17	-6116
12	18	-3916
12	19	-6804
12	20	1940
12	21	2012
12	22	-4068
12	23	-2548
12	24	-3988
12	25	-5204
12	26	-188
12	27	-1708
12	28	1484
12	29	5436
12	30	7260
12	31	-4292
12	32	12884
12	33	-13260
12	34	6044
12	35	1100
12	36	13796
12	37	-14324
13	14	-9612
13	15	2012
13	16	-3612
13	17	1028
13	18	-11060
13	19	-2396
13	20	14860
13	21	644
13	22	6116
13	23	-9692
13	24	-19948
13	25	-3836
13	26	1180
13	27	5436
13	28	8628
13	29	-10524
13	30	-2924
13	31	2852
13	32	2700
13	33	5436
13	34	-9916
13	35	-11820
13	36	3612
13	37	10148
14	15	-10980
14	16	420
14	17	-3612
14	18	-3684
14	19	4980
14	20	-11668
14	21	1940
14	22	-3532
14	23	18052
14	24	5812
14	25	-4524
14	26	-3764
14	27	3532
14	28	340
14	29	2164
14	30	340
14	31	6116
14	32	492
14	33	20860
14	34	-9996
14	35	-2924
14	36	-420
14	37	-1180
15	16	3532
15	17	-340
15	18	-3916
15	19	-1028
15	20	1940
15	21	7788
15	22	-9844
15	23	-2548
15	24	1788
15	25	-10980
15	26	5588
15	27	-7484
15	28	-4292
15	29	5436
15	30	1484
15	31	7260
15	32	-4444
15	33	-1708
15	34	6044
15	35	-10452
15	36	8020
15	37	-8548
16	17	-6268
16	18	13564
16	19	-6652
16	20	-3988
16	21	-15164
16	22	-3916
16	23	3380
16	24	7412
16	25	-11132
16	26	5436
16	27	9692
16	28	-10220
16	29	11060
16	30	7108
16	31	-4444
16	32	-10372
16	33	-7636
16	34	5892
16	35	-10300
16	36	2092
16	37	2852
17	18	1180
17	19	-7484
17	20	-10756
17	21	-4748
17	22	1332
17	23	-188
17	24	-4828
17	25	2164
17	26	8700
17	27	-12884
17	28	-4524
17	29	14628
17	30	-10300
17	31	-4524
17	32	1404
17	33	-7108
17	34	-3308
17	35	-3836
17	36	6268
17	37	-268
18	19	3228
18	20	15012
18	21	-5284
18	22	188
18	23	-4068
18	24	3308
18	25	2092
18	26	7108
18	27	-188
18	28	3004
18	29	-4596
18	30	14556
18	31	-8548
18	32	-20252
18	33	-5964
18	34	1788
18	35	-6196
18	36	-2012
18	37	10300
19	20	572
19	21	-2396
19	22	-2700
19	23	4596
19	24	420
19	25	10756
19	26	4220
19	27	-3076
19	28	5892
19	29	-1708
19	30	-11436
19	31	5892
19	32	-36
19	33	2700
19	34	-1100
19	35	2468
19	36	-4900
19	37	1636
20	21	3308
20	22	9388
20	23	-3684
20	24	-12884
20	25	5660
20	26	644
20	27	-3612
20	28	4748
20	29	-22308
20	30	16300
20	31	-6804
20	32	-6652
20	33	7940
20	34	188
20	35	-1556
20	36	-1788
20	37	3228
21	22	-11212
21	23	-3916
21	24	-2620
21	25	1940
21	26	-10372
21	27	-6116
21	28	8628
21	29	1028
21	30	14404
21	31	2852
21	32	2700
21	33	5436
21	34	-4140
21	35	-268
21	36	9388
21	37	-12956
22	23	7332
22	24	-2316
22	25	2244
22	26	7260
22	27	-36
22	28	-8396
22	29	-10220
22	30	-2620
22	31	3156
22	32	3004
22	33	5740
22	34	7716
22	35	-572
22	36	-19188
22	37	4676
23	24	13492
23	25	-5052
23	26	-5812
23	27	4220
23	28	-4140
23	29	11364
23	30	7412
23	31	13188
23	32	13036
23	33	9996
23	34	-16908
23	35	948
23	36	-3380
23	37	-2620
24	25	36
24	26	796
24	27	2316
24	28	-18204
24	29	6724
24	30	-876
24	31	10676
24	32	-724
24	33	-9236
24	34	340
24	35	-1708
24	36	-7412
24	37	-8172
25	26	2012
25	27	-13796
25	28	340
25	29	-9388
25	30	-5436
25	31	-5436
25	32	12044
25	33	-13796
25	34	-4220
25	35	2852
25	36	-420
25	37	-6956
26	27	-1484
26	28	-10452
26	29	-2852
26	30	-4676
26	31	-16228
26	32	-16076
26	33	-1484
26	34	-3460
26	35	-3684
26	36	340
26	37	5356
27	28	2620
27	29	-1332
27	30	8396
27	31	-3156
27	32	-14556
27	33	5812
27	34	-1940
27	35	6348
27	36	-9692
27	37	6876
28	29	-10300
28	30	5204
28	31	5204
28	32	5356
28	33	2620
28	34	-10908
28	35	9540
28	36	-7108
28	37	15236
29	30	-4524
29	31	1252
29	32	1404
29	33	-7108
29	34	-9084
29	35	-3836
29	36	12044
29	37	-6044
30	31	-572
30	32	-6196
30	33	-3156
30	34	644
30	35	-2012
30	36	-1332
30	37	-2092
31	32	16908
31	33	-3156
31	34	644
31	35	-2012
31	36	-12884
31	37	3684
32	33	-8780
32	34	796
32	35	3612
32	36	4596
32	37	-7716
33	34	-13492
33	35	572
33	36	1860
33	37	1100
34	35	8324
34	36	-5892
34	37	-12428
35	36	-7028
35	37	-492
36	37	-14404
