0	1	-9308
0	2	-4444
0	3	-9308
0	4	-3612
0	5	2924
0	6	-4444
0	7	1556
0	8	-1100
0	9	796
0	10	-2772
0	11	9236
0	12	8396
0	13	7484
0	14	1332
0	15	3460
0	16	8020
0	17	-1788
0	18	-948
0	19	4900
0	20	-3076
0	21	7940
0	22	3764
0	23	-5812
0	24	-3916
0	25	-3684
0	26	-2316
0	27	2316
0	28	3156
0	29	9764
0	30	-644
0	31	-9612
0	32	5436
0	33	3460
0	34	-7412
0	35	-5436
0	36	-2316
0	37	-6044
1	2	9996
1	3	16684
1	4	-12276
1	5	17364
1	6	4220
1	7	-1332
1	8	-3988
1	9	-7868
1	10	-5660
1	11	-16756
1	12	-268
1	13	-6956
1	14	9996
1	15	-5204
1	16	5132
1	17	-4676
1	18	-3836
1	19	2012
1	20	-188
1	21	16604
1	22	6652
1	23	-2924
1	24	-6804
1	25	-6572
1	26	-5204
1	27	16756
1	28	-11284
1	29	-16228
1	30	19572
1	31	-12500
1	32	-20556
1	33	572
1	34	-4524
1	35	-2548
1	36	-10980
1	37	14172
2	3	4220
2	4	188
2	5	12500
2	6	-8244
2	7	5356
2	8	-16452
2	9	-1180
2	10	10756
2	11	-6116
2	12	644
2	13	-6044
2	14	3308
2	15	-340
2	16	9996
2	17	-3764
2	18	1028
2	19	8700
2	20	-12652
2	21	11740
2	22	-5812
2	23	-9612
2	24	-5892
2	25	-7484
2	26	16988
2	27	6116
2	28	-6420
2	29	-9540
2	30	7108
2	31	-7636
2	32	1636
2	33	-340
2	34	7940
2	35	-1636
2	36	-340
2	37	-2244
3	4	-724
3	5	11588
3	6	-1556
3	7	4444
3	8	-3988
3	9	-2092
3	10	-5660
3	11	-5204
3	12	5508
3	13	-6956
3	14	21548
3	15	572
3	16	-644
3	17	-4676
3	18	-3836
3	19	13564
3	20	-5964
3	21	-6500
3	22	-4900
3	23	-14476
3	24	-1028
3	25	-12348
3	26	572
3	27	16756
3	28	268
3	29	-16228
3	30	2244
3	31	-948
3	32	-3228
3	33	-5204
3	34	-4524
3	35	-8324
3	36	572
3	37	14172
4	5	-10220
4	6	188
4	7	-3076
4	8	14172
4	9	-8092
4	10	15844
4	11	3836
4	12	7412
4	13	-3228
4	14	-11364
4	15	9612
4	16	-6500
4	17	-11284
4	18	-3308
4	19	10908
4	20	-1180
4	21	-3684
4	22	-2244
4	23	1556
4	24	-3380
4	25	5204
4	26	15388
4	27	-3836
4	28	15692
4	29	6044
4	30	2164
4	31	5356
4	32	7636
4	33	-7716
4	34	5892
4	35	-1860
4	36	-13492
4	37	10300
5	6	948
5	7	1940
5	8	-13948
5	9	-14628
5	10	-724
5	11	-1180
5	12	-10676
5	13	-3988
5	14	6724
5	15	-1180
5	16	11588
5	17	-6268
5	18	3228
5	19	4372
5	20	-17748
5	21	-4444
5	22	-1484
5	23	-15012
5	24	7412
5	25	5964
5	26	-6956
5	27	6956
5	28	-6652
5	29	-6268
5	30	14476
5	31	-5436
5	32	-8932
5	33	4596
5	34	-6420
5	35	3156
5	36	-1180
5	37	9540
6	7	5356
6	8	-4900
6	9	-18508
6	10	-6572
6	11	-6116
6	12	6420
6	13	-268
6	14	-14020
6	15	-340
6	16	-13108
6	17	-3764
6	18	1028
6	19	-2852
6	20	-1100
6	21	188
6	22	-11588
6	23	13492
6	24	11436
6	25	9844
6	26	-11892
6	27	-5436
6	28	-12196
6	29	7788
6	30	1332
6	31	15468
6	32	7412
6	33	-6116
6	34	-15164
6	35	-1636
6	36	-340
6	37	9308
7	8	-3764
7	9	9844
7	10	9460
7	11	-2548
7	12	13796
7	13	-19948
7	14	-6196
7	15	9004
7	16	4444
7	17	12428
7	18	7636
7	19	-36
7	20	-7564
7	21	2700
7	22	-2852
7	23	6724
7	24	8780
7	25	4596
7	26	3228
7	27	8324
7	28	3532
7	29	876
7	30	1556
7	31	4748
7	32	7028
7	33	14780
7	34	-5052
7	35	-1252
7	36	3228
7	37	-644
8	9	7028
8	10	-9004
8	11	3004
8	12	-2700
8	13	2164
8	14	-4900
8	15	-2772
8	16	-15540
8	17	-7108
8	18	-7180
8	19	-6196
8	20	8020
8	21	2620
8	22	9084
8	23	-492
8	24	-3460
8	25	1636
8	26	3004
8	27	-3004
8	28	-3076
8	29	4444
8	30	-6876
8	31	1484
8	32	4980
8	33	-2772
8	34	-1180
8	35	-4980
8	36	-8548
8	37	188
9	10	2924
9	11	8244
9	12	3004
9	13	-7636
9	14	10372
9	15	8244
9	16	-2092
9	17	7412
9	18	1100
9	19	724
9	20	-2548
9	21	-2316
9	22	13716
9	23	188
9	24	3764
9	25	-7716
9	26	2468
9	27	3308
9	28	-3004
9	29	1636
9	30	796
9	31	-1788
9	32	12044
9	33	-3308
9	34	1484
9	35	-6268
9	36	8244
9	37	-11436
10	11	1332
10	12	-1028
10	13	-1940
10	14	-12348
10	15	1332
10	16	-5660
10	17	-5436
10	18	14252
10	19	7028
10	20	-10980
10	21	-1484
10	22	1636
10	23	-7940
10	24	3988
10	25	11516
10	26	7108
10	27	-1332
10	28	12580
10	29	-5436
10	30	-2772
10	31	-5964
10	32	-2468
10	33	-4444
10	34	492
10	35	-3308
10	36	-10220
10	37	-9692
11	12	-7260
11	13	-2396
11	14	-6116
11	15	-3988
11	16	6348
11	17	-11668
11	18	3156
11	19	12348
11	20	1028
11	21	-1940
11	22	2092
11	23	-7484
11	24	9308
11	25	-5356
11	26	-3988
11	27	-1788
11	28	1484
11	29	5660
11	30	-2316
11	31	-5508
11	32	9540
11	33	-15540
11	34	-5740
11	35	2012
11	36	1788
11	37	-10148
12	13	-9460
12	14	12196
12	15	10068
12	16	-268
12	17	5588
12	18	-14404
12	19	16228
12	20	5052
12	21	7412
12	22	-13340
12	23	13564
12	24	-3836
12	25	5660
12	26	4292
12	27	-4292
12	28	10372
12	29	11364
12	30	8396
12	31	5812
12	32	2316
12	33	4292
12	34	-6116
12	35	-2316
12	36	4292
12	37	-1708
13	14	-268
13	15	-2396
13	16	-6956
13	17	724
13	18	2012
13	19	-5964
13	20	4140
13	21	-14780
13	22	3076
13	23	1100
13	24	-2924
13	25	-1028
13	26	3380
13	27	2396
13	28	-13644
13	29	-10828
13	30	-21396
13	31	4900
13	32	-4372
13	33	3380
13	34	-5204
13	35	4372
13	36	3380
13	37	-6572
14	15	-6116
14	16	4220
14	17	7788
14	18	-22076
14	19	8700
14	20	-1100
14	21	188
14	22	-36
14	23	-3836
14	24	-116
14	25	-13260
14	26	-340
14	27	340
14	28	-644
14	29	2012
14	30	12884
14	31	-1860
14	32	1636
14	33	-340
14	34	2164
14	35	-7412
14	36	11212
14	37	-2244
15	16	-5204
15	17	17212
15	18	3156
15	19	796
15	20	-4748
15	21	-7716
15	22	2092
15	23	9844
15	24	9308
15	25	11972
15	26	1788
15	27	15540
15	28	13036
15	29	-11668
15	30	-2316
15	31	6044
15	32	3764
15	33	7564
15	34	5812
15	35	2012
15	36	-3988
15	37	7180
16	17	-4676
16	18	1940
16	19	7788
16	20	5588
16	21	5052
16	22	876
16	23	-2924
16	24	-12580
16	25	-18124
16	26	6348
16	27	5204
16	28	6044
16	29	1100
16	30	8020
16	31	-12500
16	32	-9004
16	33	572
16	34	12804
16	35	3228
16	36	572
16	37	2620
17	18	-1484
17	19	-14020
17	20	644
17	21	-5508
17	22	5356
17	23	20708
17	24	12124
17	25	12804
17	26	-5892
17	27	116
17	28	11740
17	29	-7332
17	30	-1788
17	31	-4372
17	32	3684
17	33	22988
17	34	9844
17	35	2092
17	36	5660
17	37	-3076
18	19	-572
18	20	-3380
18	21	-9084
18	22	-2316
18	23	-340
18	24	2164
18	25	7564
18	26	-2620
18	27	14172
18	28	-2924
18	29	-7260
18	30	-12500
18	31	-4140
18	32	-6420
18	33	-2620
18	34	-7108
18	35	644
18	36	-8396
18	37	36
19	20	1556
19	21	-644
19	22	-5284
19	23	-1484
19	24	-6116
19	25	-3612
19	26	796
19	27	-796
19	28	1100
19	29	-2468
19	30	10676
19	31	-3460
19	32	-6956
19	33	-10756
19	34	-14172
19	35	1180
19	36	-10756
19	37	-3988
20	21	10372
20	22	-10220
20	23	14860
20	24	-1484
20	25	-6116
20	26	6804
20	27	-6804
20	28	724
20	29	644
20	30	-14628
20	31	-492
20	32	-2772
20	33	1028
20	34	796
20	35	8548
20	36	1028
20	37	7940
21	22	-8020
21	23	1556
21	24	-9156
21	25	-6348
21	26	3836
21	27	1940
21	28	4140
21	29	6044
21	30	7940
21	31	-11972
21	32	1860
21	33	-1940
21	34	116
21	35	-7636
21	36	-7716
21	37	-1252
22	23	-7180
22	24	-8324
22	25	-5052
22	26	-9460
22	27	3684
22	28	-3988
22	29	-6196
22	30	9540
22	31	-16756
22	32	-7484
22	33	-3684
22	34	5508
22	35	-4068
22	36	-15236
22	37	-4676
23	24	12804
23	25	14252
23	26	-7484
23	27	-9844
23	28	-2012
23	29	9156
23	30	-36
23	31	8324
23	32	6044
23	33	15620
23	34	-8020
23	35	11284
23	36	-1708
23	37	4900
24	25	16452
24	26	-13796
24	27	-9308
24	28	-1940
24	29	572
24	30	-3916
24	31	5052
24	32	18884
24	33	3532
24	34	-11132
24	35	4220
24	36	9308
24	37	4828
25	26	-16908
25	27	-11972
25	28	5892
25	29	1252
25	30	-3684
25	31	10452
25	32	-3380
25	33	11972
25	34	-10148
25	35	14932
25	36	-5356
25	37	-3004
26	27	9764
26	28	1484
26	29	-5892
26	30	-2316
26	31	6044
26	32	9540
26	33	-3988
26	34	11588
26	35	-3764
26	36	-3988
26	37	12956
27	28	-1484
27	29	-22988
27	30	2316
27	31	-268
27	32	-9540
27	33	-1788
27	34	5740
27	35	-7788
27	36	-7564
27	37	10148
28	29	188
28	30	3156
28	31	-11588
28	32	-2316
28	33	1484
28	34	17668
28	35	-3460
28	36	-4292
28	37	-4068
29	30	9764
29	31	1404
29	32	15236
29	33	-116
29	34	-7484
29	35	-9460
29	36	11436
29	37	-3076
30	31	-9612
30	32	-6116
30	33	-2316
30	34	-1636
30	35	-5436
30	36	-8092
30	37	11284
31	32	8020
31	33	268
31	34	-4220
31	35	15084
31	36	11820
31	37	2924
32	33	-7788
32	34	-1940
32	35	-11516
32	36	3764
32	37	5204
33	34	36
33	35	13564
33	36	13340
33	37	1404
34	35	-9612
34	36	5812
34	37	-3228
35	36	2012
35	37	572
36	37	-10148
