0	1	-1648
0	2	-640
0	3	2664
0	4	1120
0	5	816
0	6	112
0	7	-1696
0	8	-2576
0	9	-2088
0	10	288
0	11	-4952
0	12	-1080
0	13	504
0	14	-1168
0	15	2264
0	16	1344
0	17	1384
0	18	-464
0	19	-2176
0	20	2400
0	21	-1696
1	2	24
1	3	-2048
1	4	2136
1	5	-2136
1	6	-3368
1	7	-2792
1	8	24
1	9	2704
1	10	328
1	11	464
1	12	464
1	13	-1120
1	14	6360
1	15	992
1	16	-728
1	17	1872
1	18	-152
1	19	856
1	20	4024
1	21	3016
2	3	464
2	4	-552
2	5	2488
2	6	-152
2	7	2440
2	8	1560
2	9	1520
2	10	24
2	11	-2752
2	12	-2752
2	13	768
2	14	-904
2	15	-1344
2	16	1080
2	17	-288
2	18	-200
2	19	3368
2	20	-1736
2	21	2440
3	4	640
3	5	1296
3	6	64
3	7	1520
3	8	-5344
3	9	-3544
3	10	1824
3	11	-1032
3	12	904
3	13	-2616
3	14	992
3	15	-504
3	16	-1168
3	17	2312
3	18	4160
3	19	-1520
3	20	1648
3	21	1520
4	5	-1208
4	6	-1912
4	7	-1608
4	8	-2488
4	9	-240
4	10	200
4	11	-992
4	12	-992
4	13	2528
4	14	856
4	15	-1520
4	16	1256
4	17	-2400
4	18	1560
4	19	3544
4	20	4248
4	21	2264
5	6	-24
5	7	5480
5	8	-3320
5	9	-3632
5	10	1736
5	11	-944
5	12	992
5	13	-592
5	14	-856
5	15	1520
5	16	680
5	17	-3408
5	18	2312
5	19	-1608
5	20	-4248
5	21	-2264
6	7	2840
6	8	-152
6	9	944
6	10	-1432
6	11	288
6	12	288
6	13	-3232
6	14	-1560
6	15	2752
6	16	-552
6	17	3632
6	18	-2264
6	19	-904
6	20	-1608
6	21	2840
7	8	-1432
7	9	-1296
7	10	-856
7	11	-1872
7	12	2000
7	13	-2224
7	14	-1960
7	15	-464
7	16	2136
7	17	-1344
7	18	-1256
7	19	-1384
7	20	-4552
7	21	-552
8	9	1520
8	10	-1912
8	11	-816
8	12	-4688
8	13	768
8	14	-904
8	15	-1344
8	16	3016
8	17	-288
8	18	-4072
8	19	-504
8	20	-1736
8	21	-1432
9	10	-5040
9	11	1960
9	12	24
9	13	2312
9	14	2048
9	15	-1384
9	16	-288
9	17	1432
9	18	-592
9	19	3232
9	20	592
9	21	2576
10	11	464
10	12	2400
10	13	2752
10	14	552
10	15	2928
10	16	-728
10	17	1872
10	18	-152
10	19	856
10	20	152
10	21	-856
11	12	4552
11	13	-1608
11	14	-1344
11	15	152
11	16	-416
11	17	-728
11	18	-640
11	19	-64
11	20	640
11	21	2000
12	13	328
12	14	-3280
12	15	2088
12	16	1520
12	17	1208
12	18	1296
12	19	1872
12	20	640
12	21	64
13	14	-1696
13	15	-200
13	16	1872
13	17	-3016
13	18	2880
13	19	6096
13	20	-944
13	21	-4160
14	15	64
14	16	-2264
14	17	1120
14	18	1208
14	19	-1912
14	20	728
14	21	1912
15	16	2048
15	17	2616
15	18	-3104
15	19	2400
15	20	-2704
15	21	-2400
16	17	-2880
16	18	-1032
16	19	1736
16	20	-2840
16	21	-1736
17	18	-2048
17	19	-592
17	20	3984
17	21	2528
18	19	1256
18	20	1960
18	21	-1256
19	20	-1256
19	21	552
20	21	3192
