0	1	-2964
0	2	204
0	3	1908
0	4	-644
0	5	204
0	6	4780
0	7	4868
0	8	732
0	9	-2932
0	10	-4252
0	11	-1612
0	12	2140
0	13	-3228
0	14	468
0	15	-1084
0	16	468
0	17	292
0	18	644
0	19	-4724
0	20	-236
0	21	-1380
1	2	-380
1	3	-3668
1	4	820
1	5	-380
1	6	-4956
1	7	764
1	8	-2844
1	9	-764
1	10	556
1	11	-148
1	12	-4252
1	13	1116
1	14	-4516
1	15	1260
1	16	-2580
1	17	-468
1	18	-2756
1	19	4548
1	20	1996
1	21	-732
2	3	-500
2	4	3988
2	5	2260
2	6	-380
2	7	-2404
2	8	-204
2	9	2404
2	10	1788
2	11	-2788
2	12	-1612
2	13	-116
2	14	-1876
2	15	-1380
2	16	60
2	17	-1700
2	18	-2052
2	19	1380
2	20	764
2	21	-28
3	4	-1876
3	5	1436
3	6	4076
3	7	292
3	8	1964
3	9	-292
3	10	-1612
3	11	-908
3	12	1436
3	13	-60
3	14	3636
3	15	-380
3	16	-236
3	17	-2348
3	18	1876
3	19	-1556
3	20	996
3	21	-2084
4	5	116
4	6	-1116
4	7	-1028
4	8	2580
4	9	2964
4	10	-292
4	11	-1524
4	12	116
4	13	2492
4	14	380
4	15	-996
4	16	-1556
4	17	-1732
4	18	-1380
4	19	4868
4	20	-2260
4	21	2404
5	6	-2316
5	7	-468
5	8	-204
5	9	-1468
5	10	-2084
5	11	-852
5	12	-3548
5	13	1820
5	14	-1876
5	15	556
5	16	-3812
5	17	-3636
5	18	-2052
5	19	1380
5	20	2700
5	21	-1964
6	7	764
6	8	-908
6	9	-764
6	10	-1380
6	11	1788
6	12	3492
6	13	-2756
6	14	1292
6	15	-2612
6	16	1292
6	17	-468
6	18	1116
6	19	-1260
6	20	1996
6	21	-2668
7	8	-2932
7	9	1260
7	10	-3228
7	11	1876
7	12	-468
7	13	-908
7	14	1204
7	15	1348
7	16	-732
7	17	1380
7	18	2964
7	19	-3284
7	20	-28
7	21	1116
8	9	996
8	10	-1556
8	11	-2260
8	12	1732
8	13	-644
8	14	1468
8	15	-852
8	16	1468
8	17	-4164
8	18	3228
8	19	852
8	20	-7508
8	21	1380
9	10	-644
9	11	60
9	12	-1468
9	13	-1028
9	14	4604
9	15	-3284
9	16	-3140
9	17	-1380
9	18	4780
9	19	1348
9	20	-1908
9	21	2756
10	11	-1260
10	12	-148
10	13	2228
10	14	116
10	15	3140
10	16	3988
10	17	1876
10	18	292
10	19	2668
10	20	1348
10	21	-1732
11	12	4956
11	13	-412
11	14	-588
11	15	-28
11	16	-588
11	17	1172
11	18	1524
11	19	1964
11	20	644
11	21	-500
12	13	-2052
12	14	3932
12	15	2492
12	16	1996
12	17	2172
12	18	-116
12	19	-556
12	20	-1172
12	21	-28
13	14	-380
13	15	996
13	16	-380
13	17	-2140
13	18	-2492
13	19	2876
13	20	-1612
13	21	-468
14	15	820
14	16	-2140
14	17	-28
14	18	3492
14	19	-2756
14	20	-1436
14	21	1644
15	16	2756
15	17	2580
15	18	-940
15	19	-500
15	20	116
15	21	908
16	17	3844
16	18	-380
16	19	-2756
16	20	-1436
16	21	-2228
17	18	-2140
17	19	-4516
17	20	2612
17	21	-116
18	19	-996
18	20	-3548
18	21	1468
19	20	-116
19	21	-908
20	21	-5396
