0	1	4032
0	2	2272
0	3	1600
0	4	3768
0	5	3536
0	6	424
0	7	-2304
0	8	2040
0	9	808
0	10	1656
0	11	3856
0	12	-2128
0	13	776
0	14	1392
0	15	-160
0	16	-2272
0	17	1392
0	18	2536
0	19	-3096
0	20	2536
0	21	-2040
1	2	-336
1	3	-1600
1	4	5912
1	5	4208
1	6	-2360
1	7	368
1	8	-104
1	9	1128
1	10	280
1	11	3888
1	12	-3680
1	13	-2712
1	14	544
1	15	2096
1	16	-1600
1	17	-1392
1	18	1336
1	19	-2712
1	20	-600
1	21	-1832
2	3	2448
2	4	1864
2	5	-3360
2	6	1336
2	7	192
2	8	2008
2	9	1304
2	10	-3768
2	11	1776
2	12	1952
2	13	2920
2	14	-1568
2	15	2272
2	16	2448
2	17	-3504
2	18	-776
2	19	-952
2	20	-776
2	21	-72
3	4	72
3	5	1424
3	6	-1336
3	7	-192
3	8	-3944
3	9	632
3	10	1832
3	11	160
3	12	1920
3	13	952
3	14	-368
3	15	-336
3	16	-2448
3	17	1568
3	18	-1160
3	19	-2920
3	20	2712
3	21	2008
4	5	2008
4	6	-160
4	7	-1304
4	8	3504
4	9	2800
4	10	544
4	11	6088
4	12	-1480
4	13	-2448
4	14	808
4	15	-104
4	16	72
4	17	-3064
4	18	-2272
4	19	-2448
4	20	-2272
4	21	368
5	6	-3272
5	7	1744
5	8	-72
5	9	-1304
5	10	5704
5	11	160
5	12	-3888
5	13	952
5	14	1568
5	15	-336
5	16	-512
5	17	3504
5	18	776
5	19	952
5	20	4648
5	21	-3800
6	7	-3768
6	8	4032
6	9	-2480
6	10	-3856
6	11	-248
6	12	5736
6	13	-1040
6	14	-1656
6	15	4296
6	16	600
6	17	-1656
6	18	1072
6	19	-1040
6	20	-864
6	21	-160
7	8	-2568
7	9	-1336
7	10	808
7	11	-1392
7	12	-3152
7	13	3624
7	14	-864
7	15	1568
7	16	1744
7	17	-864
7	18	-3944
7	19	1688
7	20	-72
7	21	-1304
8	9	-2800
8	10	-544
8	11	1656
8	12	-456
8	13	512
8	14	3064
8	15	2040
8	16	1864
8	17	-808
8	18	2272
8	19	512
8	20	-1600
8	21	-2304
9	10	688
9	11	2888
9	12	776
9	13	-192
9	14	-1512
9	15	-3064
9	16	632
9	17	-1512
9	18	-368
9	19	-2128
9	20	-368
9	21	4736
10	11	-1480
10	12	-3240
10	13	-336
10	14	4856
10	15	-2216
10	16	-104
10	17	2920
10	18	-160
10	19	1600
10	20	1776
10	21	-3328
11	12	-1568
11	13	-2536
11	14	-1216
11	15	-16
11	16	-1776
11	17	-1216
11	18	-424
11	19	-4472
11	20	-2360
11	21	2216
12	13	1512
12	14	-2976
12	15	-192
12	16	3856
12	17	-1040
12	18	-248
12	19	-424
12	20	-2184
12	21	456
13	14	-2008
13	15	-1160
13	16	2888
13	17	-72
13	18	720
13	19	544
13	20	720
13	21	-2448
14	15	-2480
14	16	-368
14	17	-688
14	18	-1832
14	19	-2008
14	20	-1832
14	21	808
15	16	-336
15	17	-544
15	18	600
15	19	776
15	20	2536
15	21	-104
16	17	1568
16	18	-1160
16	19	4824
16	20	-3096
16	21	-1864
17	18	2040
17	19	3800
17	20	2040
17	21	-1128
18	19	-1216
18	20	2832
18	21	-2272
19	20	720
19	21	-4384
20	21	-336
