0	1	232
0	2	200
0	3	488
0	4	280
0	5	-184
0	6	-200
0	7	-8
0	8	-664
0	9	-248
0	10	472
0	11	200
1	2	520
1	3	232
1	4	152
1	5	-248
1	6	-520
1	7	440
1	8	-344
1	9	104
1	10	-40
1	11	520
2	3	200
2	4	-8
2	5	-472
2	6	-488
2	7	280
2	8	-376
2	9	40
2	10	184
2	11	488
3	4	280
3	5	-184
3	6	-200
3	7	-8
3	8	-664
3	9	-248
3	10	472
3	11	200
4	5	376
4	6	8
4	7	392
4	8	-296
4	9	-520
4	10	-88
4	11	-8
5	6	472
5	7	88
5	8	392
5	9	-152
5	10	-584
5	11	-472
6	7	-280
6	8	376
6	9	-40
6	10	-184
6	11	-488
7	8	-8
7	9	-232
7	10	-376
7	11	280
8	9	328
8	10	-680
8	11	-376
9	10	-136
9	11	40
10	11	184
