0	1	132
0	2	-372
0	3	108
0	4	12
0	5	12
0	6	372
0	7	132
0	8	60
0	9	-396
0	10	-228
0	11	252
1	2	-252
1	3	-156
1	4	516
1	5	-60
1	6	252
1	7	-84
1	8	-108
1	9	-132
1	10	180
1	11	276
2	3	-84
2	4	-180
2	5	-180
2	6	-588
2	7	-252
2	8	-132
2	9	372
2	10	156
2	11	-516
3	4	-276
3	5	300
3	6	84
3	7	-156
3	8	-228
3	9	-108
3	10	-516
3	11	-36
4	5	-372
4	6	180
4	7	-60
4	8	-324
4	9	-12
4	10	540
4	11	444
5	6	180
5	7	-60
5	8	252
5	9	-12
5	10	-612
5	11	-132
6	7	252
6	8	132
6	9	-372
6	10	-156
6	11	516
7	8	468
7	9	-132
7	10	180
7	11	276
8	9	-60
8	10	12
8	11	-84
9	10	228
9	11	-252
10	11	204
