0	1	68
0	2	20
0	3	68
0	4	364
0	5	212
0	6	20
0	7	-76
0	8	-260
0	9	-364
0	10	548
0	11	260
1	2	-164
1	3	364
1	4	-220
1	5	220
1	6	-164
1	7	-644
1	8	404
1	9	220
1	10	-116
1	11	-404
2	3	-164
2	4	308
2	5	-308
2	6	460
2	7	-20
2	8	-220
2	9	-308
2	10	-68
2	11	220
3	4	-220
3	5	-356
3	6	-164
3	7	-68
3	8	404
3	9	220
3	10	-116
3	11	-404
4	5	-76
4	6	308
4	7	212
4	8	-548
4	9	-652
4	10	260
4	11	548
5	6	-308
5	7	-212
5	8	-28
5	9	76
5	10	316
5	11	28
6	7	-20
6	8	-220
6	9	-308
6	10	-68
6	11	220
7	8	-316
7	9	-212
7	10	28
7	11	316
8	9	548
8	10	-268
8	11	-556
9	10	-260
9	11	-548
10	11	268
