0	1	96
0	2	336
0	4	336
0	5	288
0	6	-48
0	7	-288
0	8	384
0	9	-288
0	10	384
0	11	-144
1	2	336
1	4	-240
1	5	288
1	6	528
1	7	-288
1	8	-192
1	9	-288
1	10	-192
1	11	-144
2	3	-336
2	5	48
2	6	288
2	7	-48
2	8	144
2	9	-48
2	10	144
2	11	192
3	4	-336
3	5	384
3	6	48
3	7	-384
3	8	-96
3	9	-384
3	10	-96
3	11	-624
4	5	48
4	6	-288
4	7	-48
4	8	144
4	9	-48
4	10	144
4	11	192
5	6	240
5	7	-480
5	8	-192
5	9	-480
5	10	-192
5	11	-240
6	7	-240
6	8	-432
6	9	-240
6	10	-432
6	11	96
7	8	192
7	9	480
7	10	192
7	11	240
8	9	192
8	10	864
8	11	-336
9	10	192
9	11	240
10	11	-336
