0	1	1064
0	2	456
0	3	-1384
0	4	-136
0	5	2056
0	6	1144
0	7	3224
0	8	-136
0	9	1704
0	10	24
0	11	216
0	12	-376
0	13	-616
0	14	-3016
0	15	-1704
0	16	-1464
0	17	1256
0	18	776
0	19	-2744
1	2	1224
1	3	-1736
1	4	-1544
1	5	1224
1	6	376
1	7	1496
1	8	1656
1	9	-1784
1	10	-104
1	11	-136
1	12	-2904
1	13	2136
1	14	-1864
1	15	1784
1	16	-1656
1	17	424
1	18	904
1	19	-376
2	3	56
2	4	24
2	5	296
2	6	2904
2	7	184
2	8	1624
2	9	264
2	10	184
2	11	56
2	12	-1816
2	13	1144
2	14	-1256
2	15	2936
2	16	-3224
2	17	2696
2	18	-2584
2	19	-1304
3	4	264
3	5	56
3	6	-1656
3	7	-1176
3	8	264
3	9	504
3	10	424
3	11	-1784
3	12	1624
3	13	-216
3	14	2184
3	15	-504
3	16	-264
3	17	-744
3	18	-1224
3	19	1656
4	5	1624
4	6	1576
4	7	2696
4	8	-1944
4	9	-584
4	10	-504
4	11	1864
4	12	-104
4	13	136
4	14	-664
4	15	584
4	16	344
4	17	824
4	18	-296
4	19	24
5	6	-296
5	7	3384
5	8	-1576
5	9	264
5	10	1784
5	11	56
5	12	-1816
5	13	-2056
5	14	344
5	15	-264
5	16	-24
5	17	-504
5	18	-2584
5	19	-1304
6	7	1416
6	8	-24
6	9	-264
6	10	-1784
6	11	3144
6	12	-1384
6	13	456
6	14	-1944
6	15	1864
6	16	-1576
6	17	2104
6	18	-616
6	19	-3496
7	8	-504
7	9	856
7	10	-664
7	11	2024
7	12	-1864
7	13	-1624
7	14	-2424
7	15	-856
7	16	-1096
7	17	984
7	18	-136
7	19	-1416
8	9	1016
8	10	1096
8	11	264
8	12	-1704
8	13	1736
8	14	-2264
8	15	2184
8	16	-1256
8	17	2424
8	18	1304
8	19	24
9	10	856
9	11	2104
9	12	1256
9	13	-1704
9	14	-2504
9	15	-776
9	16	-1016
9	17	2664
9	18	-1656
9	19	-1336
10	11	-1176
10	12	-264
10	13	-1624
10	14	776
10	15	2344
10	16	504
10	17	984
10	18	-1736
10	19	184
11	12	24
11	13	-216
11	14	-2616
11	15	1096
11	16	-264
11	17	2456
11	18	376
11	19	-3144
12	13	376
12	14	1176
12	15	-1256
12	16	1704
12	17	-1016
12	18	1064
12	19	1384
13	14	-1784
13	15	1704
13	16	-136
13	17	344
13	18	2424
13	19	1144
14	15	-696
14	16	2264
14	17	-3656
14	18	-1576
14	19	1944
15	16	-584
15	17	2136
15	18	-1544
15	19	-264
16	17	-4024
16	18	296
16	19	1576
17	18	-184
17	19	-2104
18	19	616
