0	1	-680
0	2	680
0	3	40
0	4	680
0	5	-400
0	6	-680
0	7	1192
0	8	400
0	9	680
0	10	176
0	11	-752
0	12	-464
0	13	-176
0	14	616
0	15	112
0	16	-400
0	17	-616
1	2	-1336
1	3	-536
1	4	-40
1	5	176
1	6	40
1	7	-680
1	8	-176
1	9	-1336
1	10	-544
1	11	-32
1	12	256
1	13	-752
1	14	-1256
1	15	-464
1	16	176
1	17	-40
2	3	536
2	4	40
2	5	-176
2	6	-40
2	7	680
2	8	176
2	9	1336
2	10	544
2	11	32
2	12	-256
2	13	752
2	14	1256
2	15	464
2	16	-176
2	17	40
3	4	536
3	5	752
3	6	-536
3	7	40
3	8	-752
3	9	536
3	10	32
3	11	688
3	12	976
3	13	-32
3	14	760
3	15	256
3	16	752
3	17	-760
4	5	-176
4	6	-1336
4	7	680
4	8	176
4	9	40
4	10	-752
4	11	32
4	12	-256
4	13	-544
4	14	-40
4	15	-832
4	16	-176
4	17	-1256
5	6	176
5	7	-400
5	8	-904
5	9	-176
5	10	328
5	11	248
5	12	1256
5	13	-328
5	14	176
5	15	680
5	16	904
5	17	-176
6	7	-680
6	8	-176
6	9	-40
6	10	752
6	11	-32
6	12	256
6	13	544
6	14	40
6	15	832
6	16	176
6	17	1256
7	8	400
7	9	680
7	10	176
7	11	-752
7	12	-464
7	13	-176
7	14	616
7	15	112
7	16	-400
7	17	-616
8	9	176
8	10	-328
8	11	-248
8	12	-1256
8	13	328
8	14	-176
8	15	-680
8	16	-904
8	17	176
9	10	544
9	11	32
9	12	-256
9	13	752
9	14	1256
9	15	464
9	16	-176
9	17	40
10	11	-472
10	12	536
10	13	248
10	14	752
10	15	1256
10	16	328
10	17	544
11	12	184
11	13	472
11	14	-32
11	15	-536
11	16	248
11	17	32
12	13	-536
12	14	256
12	15	1048
12	16	1256
12	17	-256
13	14	544
13	15	40
13	16	-328
13	17	752
14	15	832
14	16	176
14	17	-40
15	16	680
15	17	464
16	17	-176
