0	1	-308
0	2	-308
0	3	164
0	4	-164
0	5	-92
0	6	596
0	7	484
0	8	-340
0	9	-484
0	10	-740
0	11	-484
0	12	-92
0	13	740
0	14	-164
0	15	740
0	16	340
0	17	-988
1	2	988
1	3	164
1	4	-164
1	5	-92
1	6	596
1	7	-812
1	8	-340
1	9	812
1	10	556
1	11	812
1	12	-92
1	13	-556
1	14	-164
1	15	-556
1	16	340
1	17	308
2	3	164
2	4	-164
2	5	-92
2	6	596
2	7	-812
2	8	-340
2	9	812
2	10	556
2	11	812
2	12	-92
2	13	-556
2	14	-164
2	15	-556
2	16	340
2	17	308
3	4	20
3	5	-52
3	6	-452
3	7	-628
3	8	-812
3	9	628
3	10	596
3	11	628
3	12	1244
3	13	-596
3	14	-1276
3	15	-596
3	16	-484
3	17	-164
4	5	-1244
4	6	-844
4	7	628
4	8	-484
4	9	-628
4	10	-596
4	11	-628
4	12	52
4	13	596
4	14	-20
4	15	596
4	16	-812
4	17	164
5	6	380
5	7	-596
5	8	740
5	9	596
5	10	772
5	11	596
5	12	124
5	13	-772
5	14	52
5	15	-772
5	16	556
5	17	92
6	7	-196
6	8	52
6	9	196
6	10	-268
6	11	196
6	12	-916
6	13	268
6	14	452
6	15	268
6	16	1244
6	17	-596
7	8	164
7	9	-1276
7	10	-1244
7	11	-1276
7	12	-596
7	13	1244
7	14	628
7	15	1244
7	16	-164
7	17	-484
8	9	-164
8	10	92
8	11	-164
8	12	-556
8	13	-92
8	14	812
8	15	-92
8	16	308
8	17	340
9	10	1244
9	11	1276
9	12	596
9	13	-1244
9	14	-628
9	15	-1244
9	16	164
9	17	484
10	11	1244
10	12	772
10	13	-1420
10	14	-596
10	15	-1420
10	16	-92
10	17	740
11	12	596
11	13	-1244
11	14	-628
11	15	-1244
11	16	164
11	17	484
12	13	-772
12	14	-1244
12	15	-772
12	16	-740
12	17	92
13	14	596
13	15	1420
13	16	92
13	17	-740
14	15	596
14	16	484
14	17	164
15	16	92
15	17	-740
16	17	-340
