0	1	36
0	2	612
0	3	-756
0	4	-108
0	5	756
0	6	684
0	7	684
0	8	-756
0	9	540
0	10	612
0	11	1260
0	12	-612
0	13	-684
0	14	180
0	15	-1260
0	16	-756
0	17	-1260
1	2	-468
1	3	-396
1	4	-36
1	5	-612
1	6	756
1	7	756
1	8	-396
1	9	612
1	10	-468
1	11	-108
1	12	756
1	13	-756
1	14	1260
1	15	108
1	16	612
1	17	108
2	3	-252
2	4	-612
2	5	-36
2	6	-108
2	7	-108
2	8	-252
2	9	36
2	10	1116
2	11	756
2	12	-108
2	13	108
2	14	-612
2	15	-756
2	16	36
2	17	-756
3	4	756
3	5	-108
3	6	-180
3	7	-180
3	8	972
3	9	108
3	10	-252
3	11	-468
3	12	-180
3	13	180
3	14	-684
3	15	468
3	16	108
3	17	468
4	5	540
4	6	612
4	7	612
4	8	756
4	9	756
4	10	-612
4	11	36
4	12	-684
4	13	-612
4	14	-180
4	15	-36
4	16	-540
4	17	-36
5	6	36
5	7	36
5	8	-108
5	9	-108
5	10	-36
5	11	612
5	12	-1260
5	13	-36
5	14	-468
5	15	-612
5	16	-1404
5	17	-612
6	7	1260
6	8	-180
6	9	1260
6	10	-108
6	11	684
6	12	-36
6	13	-1260
6	14	756
6	15	-684
6	16	-36
6	17	-684
7	8	-180
7	9	1260
7	10	-108
7	11	684
7	12	-36
7	13	-1260
7	14	756
7	15	-684
7	16	-36
7	17	-684
8	9	108
8	10	-252
8	11	-468
8	12	-180
8	13	180
8	14	-684
8	15	468
8	16	108
8	17	468
9	10	36
9	11	684
9	12	-36
9	13	-1260
9	14	468
9	15	-684
9	16	108
9	17	-684
10	11	756
10	12	-108
10	13	108
10	14	-612
10	15	-756
10	16	36
10	17	-756
11	12	-612
11	13	-684
11	14	-108
11	15	-1260
11	16	-612
11	17	-1260
12	13	36
12	14	756
12	15	612
12	16	1260
12	17	612
13	14	-756
13	15	684
13	16	36
13	17	684
14	15	108
14	16	468
14	17	108
15	16	612
15	17	1260
16	17	612
