0	1	-420
0	2	-1428
0	3	-508
0	4	-1036
0	5	-156
0	6	-1428
0	7	-1652
0	8	2220
0	9	-1868
0	10	284
0	11	-772
0	12	-724
0	13	-2796
0	14	-2484
0	15	-1652
0	16	-372
0	17	-684
0	18	1780
0	19	2308
0	20	3892
0	21	420
1	2	1956
1	3	3852
1	4	508
1	5	-372
1	6	1956
1	7	-2748
1	8	3060
1	9	460
1	10	-2748
1	11	-3628
1	12	3188
1	13	-1604
1	14	-2796
1	15	3060
1	16	2836
1	17	-1780
1	18	-2308
1	19	1036
1	20	1388
1	21	108
2	3	1868
2	4	1340
2	5	-1652
2	6	-3804
2	7	-3148
2	8	2660
2	9	-2308
2	10	-3148
2	11	-332
2	12	-3100
2	13	-420
2	14	948
2	15	724
2	16	-812
2	17	-244
2	18	-1652
2	19	812
2	20	-1476
2	21	-1956
3	4	596
3	5	1652
3	6	1868
3	7	-2660
3	8	1212
3	9	372
3	10	-2660
3	11	-3540
3	12	3100
3	13	-1516
3	14	988
3	15	5084
3	16	812
3	17	244
3	18	-2220
3	19	1124
3	20	1476
3	21	3892
4	5	244
4	6	-596
4	7	1740
4	8	-2132
4	9	1780
4	10	-196
4	11	860
4	12	-1300
4	13	-988
4	14	4332
4	15	-4068
4	16	284
4	17	4644
4	18	-1692
4	19	-284
4	20	-1868
4	21	1428
5	6	-1652
5	7	2796
5	8	-3012
5	9	724
5	10	2796
5	11	-1956
5	12	1516
5	13	68
5	14	-596
5	15	-1076
5	16	5036
5	17	-108
5	18	-4508
5	19	772
5	20	-2748
5	21	372
6	7	724
6	8	724
6	9	-372
6	10	724
6	11	-332
6	12	4644
6	13	1516
6	14	-988
6	15	4596
6	16	-812
6	17	-2180
6	18	-1652
6	19	-1124
6	20	460
6	21	-20
7	8	-1516
7	9	1164
7	10	2356
7	11	-460
7	12	-1916
7	13	-372
7	14	1780
7	15	-3452
7	16	1604
7	17	3324
7	18	-3012
7	19	-3540
7	20	-1252
7	21	812
8	9	-772
8	10	-1516
8	11	-4332
8	12	20
8	13	-2308
8	14	-2092
8	15	420
8	16	-4204
8	17	-2484
8	18	860
8	19	-1604
8	20	2620
8	21	812
9	10	1164
9	11	-1828
9	12	332
9	13	1956
9	14	4380
9	15	-772
9	16	-1252
9	17	2132
9	18	724
9	19	1252
9	20	900
9	21	1476
10	11	3412
10	12	1956
10	13	1564
10	14	-2092
10	15	-3452
10	16	-332
10	17	-548
10	18	-3012
10	19	-1604
10	20	-5124
10	21	812
11	12	-1036
11	13	-1252
11	14	724
11	15	-2396
11	16	548
11	17	508
11	18	-20
11	19	1388
11	20	-2132
11	21	-2180
12	13	2748
12	14	-2220
12	15	3892
12	16	-108
12	17	-2884
12	18	-2356
12	19	108
12	20	-244
12	21	684
13	14	636
13	15	3500
13	16	-1476
13	17	-3276
13	18	68
13	19	-460
13	20	-3980
13	21	-2268
14	15	-2092
14	16	68
14	17	4684
14	18	1340
14	19	3804
14	20	1516
14	21	860
15	16	-332
15	17	-4420
15	18	-1076
15	19	332
15	20	684
15	21	-1124
16	17	636
16	18	-2708
16	19	3628
16	20	-596
16	21	-2836
17	18	-108
17	19	-636
17	20	1652
17	21	3716
18	19	772
18	20	3060
18	21	372
19	20	2532
19	21	-1036
20	21	548
