0	1	4844
0	2	796
0	3	1756
0	4	-4132
0	5	-3780
0	6	-700
0	7	1324
0	8	-1756
0	9	-436
0	10	-1676
0	11	-2116
0	12	-1052
0	13	-5804
0	14	-1668
0	15	-172
0	16	-2996
0	17	348
0	18	-2724
0	19	-3868
0	20	3172
0	21	-1412
1	2	1588
1	3	2900
1	4	-3340
1	5	-1052
1	6	-1844
1	7	180
1	8	-2900
1	9	2292
1	10	-532
1	11	-972
1	12	-260
1	13	-1140
1	14	-2812
1	15	4492
1	16	2020
1	17	1492
1	18	-3868
1	19	-1140
1	20	3964
1	21	3604
2	3	-796
2	4	356
2	5	-1228
2	6	-2020
2	7	-1932
2	8	-1140
2	9	-3692
2	10	1580
2	11	1140
2	12	-436
2	13	-3252
2	14	-1052
2	15	2380
2	16	-1676
2	17	-2204
2	18	-172
2	19	2556
2	20	-84
2	21	3780
3	4	-1676
3	5	-92
3	6	700
3	7	2548
3	8	-180
3	9	-1500
3	10	-260
3	11	2116
3	12	1052
3	13	-4
3	14	1668
3	15	-1764
3	16	-876
3	17	-2284
3	18	788
3	19	-4
3	20	2636
3	21	-524
4	5	1588
4	6	796
4	7	-2988
4	8	-260
4	9	1060
4	10	700
4	11	260
4	12	-3428
4	13	1500
4	14	-172
4	15	-612
4	16	-620
4	17	788
4	18	-1228
4	19	1500
4	20	-1140
4	21	-972
5	6	1148
5	7	-2636
5	8	92
5	9	-524
5	10	-1588
5	11	1844
5	12	796
5	13	1852
5	14	-3692
5	15	-260
5	16	2900
5	17	2372
5	18	2996
5	19	-84
5	20	-788
5	21	-1324
6	7	444
6	8	1236
6	9	620
6	10	-796
6	11	700
6	12	-1932
6	13	1060
6	14	3260
6	15	-1052
6	16	1756
6	17	-708
6	18	-1668
6	19	-876
6	20	-3516
6	21	1404
7	8	1324
7	9	-1228
7	10	-884
7	11	612
7	12	3964
7	13	1148
7	14	1412
7	15	-2900
7	16	-268
7	17	-796
7	18	-1580
7	19	-2724
7	20	-1492
7	21	-620
8	9	-436
8	10	2196
8	11	1756
8	12	-1052
8	13	4
8	14	268
8	15	-4044
8	16	876
8	17	2284
8	18	3084
8	19	1940
8	20	1236
8	21	-1412
9	10	-2996
9	11	436
9	12	-3604
9	13	3260
9	14	-2284
9	15	1148
9	16	3428
9	17	2900
9	18	-3340
9	19	1324
9	20	620
9	21	1140
10	11	-2196
10	12	1492
10	13	-1500
10	14	2108
10	15	612
10	16	-3252
10	17	-788
10	18	1228
10	19	2372
10	20	3076
10	21	2908
11	12	-884
11	13	1932
11	14	-268
11	15	172
11	16	1060
11	17	-2284
11	18	2724
11	19	-4
11	20	700
11	21	-524
12	13	708
12	14	972
12	15	-3340
12	16	-1764
12	17	1580
12	18	-84
12	19	-3164
12	20	4
12	21	-2116
13	14	92
13	15	-348
13	16	4924
13	17	524
13	18	972
13	19	-172
13	20	-876
13	21	2636
14	15	-84
14	16	-1148
14	17	-3612
14	18	-700
14	19	92
14	20	-2548
14	21	436
15	16	3164
15	17	-3172
15	18	-1140
15	19	1588
15	20	-1052
15	21	4748
16	17	532
16	18	-92
16	19	1052
16	20	-2116
16	21	2292
17	18	-620
17	19	-1412
17	20	3164
17	21	-1052
18	19	972
18	20	2204
18	21	-444
19	20	-876
19	21	2636
20	21	1404
