0	1	728
0	2	1560
0	3	-2880
0	4	416
0	5	1344
0	6	-1256
0	7	-728
0	8	3984
0	9	1784
0	10	-112
0	11	-2576
0	12	2576
0	13	-2088
0	14	240
0	15	-3368
0	16	-2088
0	17	-1960
0	18	1736
0	19	1208
0	20	416
0	21	464
1	2	-2264
1	3	1648
1	4	2752
1	5	-640
1	6	552
1	7	1960
1	8	-1344
1	9	2792
1	10	1344
1	11	3808
1	12	64
1	13	856
1	14	2928
1	15	2664
1	16	-1080
1	17	-2616
1	18	1432
1	19	3896
1	20	-1120
1	21	4112
2	3	-2000
2	4	-464
2	5	2224
2	6	1736
2	7	-3544
2	8	2928
2	9	-1208
2	10	-992
2	11	416
2	12	-416
2	13	728
2	14	-2576
2	15	-376
2	16	728
2	17	-904
2	18	-1080
2	19	-1608
2	20	1472
2	21	1344
3	4	1080
3	5	-2840
3	6	-1120
3	7	288
3	8	2264
3	9	-3280
3	10	1608
3	11	200
3	12	-2136
3	13	-1344
3	14	5128
3	15	992
3	16	-1344
3	17	1520
3	18	1696
3	19	288
3	20	-4728
3	21	-24
4	5	-2440
4	6	-1344
4	7	-2752
4	8	-1736
4	9	-2000
4	10	1736
4	11	-728
4	12	2664
4	13	-64
4	14	152
4	15	416
4	16	-2000
4	17	-112
4	18	-2224
4	19	1120
4	20	-3544
4	21	4424
5	6	1168
5	7	-1296
5	8	1912
5	9	-1696
5	10	-1912
5	11	2488
5	12	-552
5	13	-3632
5	14	-2264
5	15	3280
5	16	-1696
5	17	-2000
5	18	-1824
5	19	640
5	20	1432
5	21	-376
6	7	1384
6	8	3808
6	9	-328
6	10	64
6	11	1472
6	12	-1472
6	13	1608
6	14	-1520
6	15	2616
6	16	5480
6	17	152
6	18	-1960
6	19	-552
6	20	2528
6	21	2224
7	8	1344
7	9	3016
7	10	592
7	11	64
7	12	1872
7	13	1080
7	14	944
7	15	-728
7	16	4952
7	17	680
7	18	504
7	19	3848
7	20	3056
7	21	-240
8	9	-2400
8	10	-1208
8	11	-680
8	12	680
8	13	-2400
8	14	2312
8	15	-1824
8	16	1472
8	17	640
8	18	816
8	19	1344
8	20	200
8	21	856
9	10	464
9	11	-944
9	12	-992
9	13	3672
9	14	2048
9	15	-152
9	16	1736
9	17	-1560
9	18	2488
9	19	3016
9	20	1872
9	21	-816
10	11	-1256
10	12	1256
10	13	464
10	14	1560
10	15	-2048
10	16	2400
10	17	3232
10	18	-816
10	19	-3280
10	20	-2136
10	21	1080
11	12	-152
11	13	992
11	14	1032
11	15	1296
11	16	-944
11	17	-1168
11	18	592
11	19	64
11	20	-728
11	21	1608
12	13	-992
12	14	-1032
12	15	-1296
12	16	-992
12	17	1168
12	18	-2528
12	19	-64
12	20	728
12	21	328
13	14	112
13	15	1784
13	16	3672
13	17	2312
13	18	552
13	19	-856
13	20	1872
13	21	-816
14	15	-1696
14	16	-1824
14	17	-288
14	18	3408
14	19	944
14	20	-3720
14	21	-1208
15	16	-152
15	17	-24
15	18	-2136
15	19	1208
15	20	416
15	21	464
16	17	4248
16	18	-1384
16	19	-856
16	20	3808
16	21	1120
17	18	-728
17	19	-3192
17	20	-112
17	21	992
18	19	504
18	20	-2224
18	21	1168
19	20	-816
19	21	1696
20	21	552
