0	1	-476
0	2	908
0	3	676
0	4	-1252
0	5	604
0	6	404
0	7	-1124
0	8	748
0	9	-548
0	10	28
0	11	28
0	12	1772
0	13	1124
0	14	-892
0	15	-676
0	16	-1180
0	17	-2276
1	2	44
1	3	244
1	4	476
1	5	-1124
1	6	836
1	7	-260
1	8	316
1	9	-980
1	10	-404
1	11	-404
1	12	-388
1	13	260
1	14	-460
1	15	-244
1	16	-748
1	17	-116
2	3	188
2	4	-908
2	5	260
2	6	1324
2	7	692
2	8	116
2	9	116
2	10	836
2	11	-460
2	12	-44
2	13	604
2	14	28
2	15	-188
2	16	-2276
2	17	-748
3	4	-676
3	5	1324
3	6	980
3	7	892
3	8	-1124
3	9	-2420
3	10	-548
3	11	2044
3	12	-244
3	13	404
3	14	980
3	15	1196
3	16	-604
3	17	-1556
4	5	-1900
4	6	-404
4	7	1124
4	8	-748
4	9	548
4	10	-28
4	11	-1324
4	12	-1772
4	13	-2420
4	14	-404
4	15	-620
4	16	1180
4	17	980
5	6	-244
5	7	-476
5	8	100
5	9	-1196
5	10	-620
5	11	1972
5	12	1124
5	13	1772
5	14	1052
5	15	1268
5	16	-532
5	17	-332
6	7	1484
6	8	-388
6	9	-388
6	10	332
6	11	332
6	12	-836
6	13	-188
6	14	1828
6	15	-980
6	16	-1772
6	17	-1252
7	8	-1628
7	9	-332
7	10	244
7	11	244
7	12	-2332
7	13	-1684
7	14	1484
7	15	404
7	16	-100
7	17	532
8	9	244
8	10	820
8	11	-476
8	12	2276
8	13	1628
8	14	-388
8	15	-172
8	16	-676
8	17	-188
9	10	820
9	11	-1772
9	12	-316
9	13	-964
9	14	-388
9	15	-1468
9	16	620
9	17	1108
10	11	100
10	12	404
10	13	-244
10	14	332
10	15	548
10	16	44
10	17	-908
11	12	404
11	13	1052
11	14	1628
11	15	1844
11	16	44
11	17	-908
12	13	2332
12	14	-836
12	15	244
12	16	-548
12	17	-1180
13	14	-188
13	15	892
13	16	-1196
13	17	-532
14	15	316
14	16	-476
14	17	44
15	16	604
15	17	260
16	17	1052
