0	1	-536
0	2	-1480
0	3	1328
0	4	1552
0	5	1264
0	6	-904
0	7	1696
0	8	1904
0	9	-184
0	10	-112
0	11	-40
0	12	-752
0	13	752
0	14	320
0	15	1048
0	16	1192
0	17	968
1	2	-32
1	3	-248
1	4	-1336
1	5	248
1	6	-608
1	7	-184
1	8	-824
1	9	1264
1	10	-1400
1	11	-176
1	12	-328
1	13	1624
1	14	760
1	15	-832
1	16	320
1	17	112
2	3	-472
2	4	-536
2	5	472
2	6	2480
2	7	-1688
2	8	-1192
2	9	-688
2	10	-616
2	11	-544
2	12	1048
2	13	-1048
2	14	-1480
2	15	256
2	16	-896
2	17	464
3	4	544
3	5	1552
3	6	104
3	7	688
3	8	1616
3	9	-472
3	10	-400
3	11	-328
3	12	-1760
3	13	-832
3	14	-1264
3	15	40
3	16	1480
3	17	680
4	5	-544
4	6	-1112
4	7	320
4	8	1264
4	9	-1832
4	10	688
4	11	-680
4	12	176
4	13	-176
4	14	256
4	15	-328
4	16	-472
4	17	904
5	6	1192
5	7	608
5	8	976
5	9	472
5	10	-896
5	11	328
5	12	-832
5	13	-464
5	14	-1328
5	15	1256
5	16	1112
5	17	616
6	7	-968
6	8	-616
6	9	-112
6	10	-40
6	11	32
6	12	472
6	13	-1768
6	14	-2200
6	15	976
6	16	-176
6	17	-256
7	8	1408
7	9	-392
7	10	832
7	11	760
7	12	32
7	13	1264
7	14	400
7	15	824
7	16	680
7	17	1048
8	9	-1192
8	10	176
8	11	248
8	12	-1040
8	13	-256
8	14	-688
8	15	760
8	16	904
8	17	1256
9	10	-616
9	11	752
9	12	-248
9	13	248
9	14	1112
9	15	256
9	16	400
9	17	-2128
10	11	824
10	12	976
10	13	-976
10	14	-112
10	15	184
10	16	-968
10	17	-760
11	12	904
11	13	-904
11	14	-40
11	15	1408
11	16	-1040
11	17	-688
12	13	112
12	14	544
12	15	680
12	16	-2056
12	17	-104
13	14	2048
13	15	-680
13	16	760
13	17	1400
14	15	-248
14	16	-104
14	17	-328
15	16	32
15	17	400
16	17	544
