0	1	-136
0	2	1864
0	3	1720
0	4	-224
0	5	-496
0	6	296
0	7	800
0	8	656
0	9	568
0	10	640
0	11	872
0	12	-64
0	13	440
0	14	-856
0	15	584
0	16	-8
0	17	-224
1	2	-944
1	3	208
1	4	-440
1	5	-280
1	6	512
1	7	-1576
1	8	872
1	9	-944
1	10	424
1	11	-208
1	12	152
1	13	-1936
1	14	656
1	15	-496
1	16	1072
1	17	856
2	3	656
2	4	8
2	5	-584
2	6	-80
2	7	712
2	8	-440
2	9	512
2	10	440
2	11	640
2	12	280
2	13	1072
2	14	-224
2	15	928
2	16	-208
2	17	-1288
3	4	152
3	5	-728
3	6	-224
3	7	568
3	8	712
3	9	-640
3	10	-712
3	11	496
3	12	136
3	13	928
3	14	-1664
3	15	784
3	16	1232
3	17	-1144
4	5	1216
4	6	-872
4	7	1216
4	8	64
4	9	8
4	10	-1360
4	11	-1448
4	12	-512
4	13	280
4	14	-1016
4	15	1432
4	16	584
4	17	-1792
5	6	152
5	7	-640
5	8	512
5	9	2008
5	10	-1808
5	11	-568
5	12	-2800
5	13	296
5	14	296
5	15	440
5	16	136
5	17	-80
6	7	-1144
6	8	8
6	9	1216
6	10	-8
6	11	224
6	12	-712
6	13	-208
6	14	1088
6	15	-64
6	16	640
6	17	1720
7	8	512
7	9	-584
7	10	784
7	11	-568
7	12	1088
7	13	296
7	14	-2296
7	15	440
7	16	-1160
7	17	-1376
8	9	-440
8	10	928
8	11	-712
8	12	-352
8	13	-1144
8	14	-1144
8	15	-1000
8	16	280
8	17	64
9	10	-856
9	11	640
9	12	-2312
9	13	1072
9	14	1072
9	15	928
9	16	-208
9	17	1304
10	11	712
10	12	1648
10	13	-1448
10	14	-152
10	15	-1592
10	16	-1576
10	17	1232
11	12	-136
11	13	368
11	14	368
11	15	-784
11	16	-1232
11	17	1144
12	13	-568
12	14	-568
12	15	-424
12	16	-296
12	17	-512
13	14	-64
13	15	1376
13	16	496
13	17	-1016
14	15	80
14	16	496
14	17	1576
15	16	1648
15	17	-1160
16	17	-712
