0	1	820
0	2	244
0	3	-1180
0	4	-892
0	5	676
0	6	404
0	7	-172
0	8	-980
0	9	316
0	10	-604
0	11	-692
0	12	-404
0	13	-44
0	14	-260
0	15	-692
0	16	-1540
0	17	-332
1	2	188
1	3	-548
1	4	-836
1	5	-244
1	6	460
1	7	-260
1	8	-1180
1	9	1412
1	10	172
1	11	-1468
1	12	-1756
1	13	476
1	14	-604
1	15	-1468
1	16	-188
1	17	764
2	3	172
2	4	-116
2	5	332
2	6	-1412
2	7	-836
2	8	-1900
2	9	-604
2	10	-404
2	11	404
2	12	116
2	13	-244
2	14	-28
2	15	-892
2	16	532
2	17	-1252
3	4	476
3	5	604
3	6	-820
3	7	-100
3	8	244
3	9	-1052
3	10	-532
3	11	532
3	12	820
3	13	-116
3	14	964
3	15	-764
3	16	-172
3	17	-404
4	5	316
4	6	-532
4	7	-1108
4	8	-44
4	9	1252
4	10	-244
4	11	244
4	12	532
4	13	-404
4	14	676
4	15	244
4	16	1412
4	17	604
5	6	316
5	7	-404
5	8	-1036
5	9	-1036
5	10	28
5	11	-1324
5	12	980
5	13	-676
5	14	-460
5	15	-28
5	16	-1628
5	17	908
6	7	188
6	8	1252
6	9	-44
6	10	-244
6	11	-1052
6	12	-764
6	13	-404
6	14	-620
6	15	244
6	16	-1180
6	17	1900
7	8	532
7	9	532
7	10	1772
7	11	820
7	12	-188
7	13	172
7	14	1252
7	15	820
7	16	-460
7	17	-116
8	9	-676
8	10	-332
8	11	332
8	12	44
8	13	980
8	14	-100
8	15	332
8	16	604
8	17	1268
9	10	964
9	11	332
9	12	-1252
9	13	-316
9	14	1196
9	15	332
9	16	604
9	17	-28
10	11	-44
10	12	244
10	13	604
10	14	388
10	15	1252
10	16	404
10	17	316
11	12	-244
11	13	-604
11	14	2204
11	15	44
11	16	892
11	17	-1612
12	13	404
12	14	-676
12	15	1052
12	16	-116
12	17	-604
13	14	-1036
13	15	-604
13	16	1540
13	17	332
14	15	-388
14	16	28
14	17	-748
15	16	-404
15	17	-316
16	17	-44
