0	1	-732
0	2	-1260
0	3	2492
0	4	-28
0	5	-1908
0	6	1644
0	7	1612
0	8	500
0	9	-1116
0	10	-1644
0	11	852
0	12	3844
0	13	2260
0	14	-1116
0	15	-2580
0	16	-940
0	17	116
0	18	1820
0	19	1644
0	20	3548
0	21	1084
1	2	-1908
1	3	2612
1	4	-1204
1	5	3140
1	6	996
1	7	-2316
1	8	204
1	9	412
1	10	940
1	11	-2084
1	12	-1204
1	13	380
1	14	412
1	15	-588
1	16	-1700
1	17	-820
1	18	-1116
1	19	996
1	20	-380
1	21	-1788
2	3	148
2	4	1260
2	5	676
2	6	-2348
2	7	1028
2	8	-1204
2	9	-116
2	10	-1524
2	11	-1556
2	12	1260
2	13	908
2	14	1820
2	15	1876
2	16	-292
2	17	-1348
2	18	-588
2	19	-4284
2	20	-908
2	21	1556
3	4	1380
3	5	556
3	6	-820
3	7	-1732
3	8	-28
3	9	-2524
3	10	820
3	11	324
3	12	1380
3	13	1732
3	14	-588
3	15	-1172
3	16	-2348
3	17	644
3	18	1292
3	19	-820
3	20	204
3	21	1612
4	5	-28
4	6	-1644
4	7	324
4	8	-2436
4	9	-820
4	10	1644
4	11	1084
4	12	1964
4	13	-2260
4	14	-2756
4	15	-1292
4	16	2876
4	17	-116
4	18	2052
4	19	-1644
4	20	324
4	21	-1084
5	6	-292
5	7	-324
5	8	-1436
5	9	820
5	10	-1644
5	11	-1084
5	12	-1964
5	13	2260
5	14	-1116
5	15	-644
5	16	996
5	17	116
5	18	-116
5	19	-292
5	20	-324
5	21	-2788
6	7	-1876
6	8	-236
6	9	2788
6	10	1380
6	11	1348
6	12	292
6	13	-60
6	14	852
6	15	-2964
6	16	676
6	17	1556
6	18	2316
6	19	2492
6	20	1996
6	21	-1348
7	8	-1084
7	9	468
7	10	-3932
7	11	-732
7	12	2260
7	13	676
7	14	-1468
7	15	-292
7	16	644
7	17	-2172
7	18	-1700
7	19	1996
7	20	1260
7	21	-1204
8	9	-2228
8	10	-1700
8	11	-1380
8	12	-500
8	13	3020
8	14	3580
8	15	116
8	16	-468
8	17	412
8	18	-2348
8	19	-236
8	20	852
8	21	3316
9	10	-852
9	11	-1876
9	12	-820
9	13	-2404
9	14	-324
9	15	500
9	16	-148
9	17	-1028
9	18	1028
9	19	852
9	20	-1468
9	21	-1996
10	11	2524
10	12	-292
10	13	-3812
10	14	-852
10	15	1028
10	16	1260
10	17	2316
10	18	1556
10	19	-556
10	20	-1996
10	21	-588
11	12	-852
11	13	732
11	14	-1876
11	15	-2172
11	16	1820
11	17	4636
11	18	3108
11	19	1348
11	20	1204
11	21	-204
12	13	-324
12	14	-820
12	15	-1292
12	16	940
12	17	-2052
12	18	116
12	19	292
12	20	2260
12	21	852
13	14	1468
13	15	-1644
13	16	-644
13	17	2172
13	18	-236
13	19	-60
13	20	2612
13	21	1204
14	15	500
14	16	-2084
14	17	-1028
14	18	-2844
14	19	-1084
14	20	468
14	21	1876
15	16	-1612
15	17	-732
15	18	-1204
15	19	-2964
15	20	-4164
15	21	2172
16	17	1084
16	18	852
16	19	676
16	20	644
16	21	-1820
17	18	3668
17	19	-380
17	20	-236
17	21	1172
18	19	-1556
18	20	236
18	21	764
19	20	1996
19	21	-3284
20	21	-1204
