0	1	2044
0	2	-156
0	3	1252
0	4	-2044
0	5	-2396
0	6	-108
0	7	2044
0	8	-2708
0	9	-1652
0	10	1340
0	11	988
0	12	108
0	13	-1692
0	14	4732
0	15	-684
0	16	156
0	17	372
0	18	-4244
0	19	68
0	20	596
0	21	372
1	2	1476
1	3	2004
1	4	-1212
1	5	1076
1	6	724
1	7	-724
1	8	-1780
1	9	-900
1	10	-20
1	11	332
1	12	1212
1	13	372
1	14	1692
1	15	-1868
1	16	460
1	17	-988
1	18	988
1	19	-1388
1	20	20
1	21	948
2	3	332
2	4	-1476
2	5	812
2	6	4332
2	7	-460
2	8	420
2	9	-636
2	10	-1692
2	11	596
2	12	-460
2	13	-1828
2	14	-508
2	15	332
2	16	196
2	17	1212
2	18	724
2	19	284
2	20	3628
2	21	-724
3	4	-2004
3	5	-1652
3	6	1868
3	7	68
3	8	-2924
3	9	-2044
3	10	-1164
3	11	-812
3	12	2004
3	13	-420
3	14	900
3	15	860
3	16	-332
3	17	-196
3	18	196
3	19	1692
3	20	1164
3	21	-196
4	5	860
4	6	-2660
4	7	-1212
4	8	1780
4	9	2836
4	10	20
4	11	1604
4	12	-1212
4	13	-372
4	14	-1692
4	15	-68
4	16	1476
4	17	-948
4	18	-988
4	19	-548
4	20	-1956
4	21	-948
5	6	-1076
5	7	-2796
5	8	196
5	9	1252
5	10	2308
5	11	20
5	12	-860
5	13	1212
5	14	-2044
5	15	284
5	16	1124
5	17	1340
5	18	2532
5	19	-900
5	20	-372
5	21	1340
6	7	724
6	8	-156
6	9	-1036
6	10	-1916
6	11	1604
6	12	724
6	13	-372
6	14	244
6	15	1868
6	16	-460
6	17	-948
6	18	948
6	19	-548
6	20	3852
6	21	-948
7	8	-1780
7	9	-2836
7	10	-1956
7	11	-1604
7	12	3148
7	13	-1564
7	14	1692
7	15	68
7	16	-3412
7	17	-2924
7	18	-948
7	19	548
7	20	20
7	21	-988
8	9	1916
8	10	860
8	11	1212
8	12	-3716
8	13	1428
8	14	-3060
8	15	-2924
8	16	3452
8	17	1828
8	18	108
8	19	-2268
8	20	1076
8	21	-108
9	10	1740
9	11	2092
9	12	-2836
9	13	548
9	14	-68
9	15	-108
9	16	2572
9	17	-1164
9	18	-772
9	19	724
9	20	-1740
9	21	772
10	11	-900
10	12	-1956
10	13	1604
10	14	-948
10	15	-1164
10	16	3628
10	17	1652
10	18	284
10	19	-156
10	20	-684
10	21	3588
11	12	-1604
11	13	1252
11	14	636
11	15	1124
11	16	1340
11	17	68
11	18	-2004
11	19	-2444
11	20	900
11	21	-1868
12	13	372
12	14	-244
12	15	68
12	16	-3412
12	17	-2924
12	18	988
12	19	548
12	20	20
12	21	-988
13	14	-1340
13	15	-2356
13	16	1828
13	17	636
13	18	1300
13	19	-2132
13	20	-1604
13	21	2572
14	15	900
14	16	-1428
14	17	-1916
14	18	-1956
14	19	420
14	20	-2924
14	21	1956
15	16	-2268
15	17	-196
15	18	196
15	19	1692
15	20	1164
15	21	-2132
16	17	2660
16	18	-724
16	19	-284
16	20	244
16	21	2660
17	18	-684
17	19	812
17	20	2220
17	21	684
18	19	-812
18	20	-284
18	21	1252
19	20	156
19	21	812
20	21	-3588
