0	1	-500
0	2	588
0	3	500
0	4	-2260
0	5	-1700
0	6	2756
0	7	-996
0	8	1468
0	9	-60
0	10	2316
0	11	2612
0	12	-1172
0	13	-1292
0	14	1732
0	15	-588
0	16	-1700
0	17	1996
0	18	1996
0	19	28
0	20	556
0	21	940
1	2	2524
1	3	2436
1	4	3548
1	5	2172
1	6	-3052
1	7	940
1	8	-468
1	9	1876
1	10	380
1	11	2612
1	12	764
1	13	4516
1	14	1732
1	15	1348
1	16	236
1	17	1996
1	18	1996
1	19	-1908
1	20	2492
1	21	-2932
2	3	1348
2	4	2348
2	5	1612
2	6	-732
2	7	-1028
2	8	-1556
2	9	-1788
2	10	1644
2	11	1172
2	12	-852
2	13	3316
2	14	116
2	15	2612
2	16	-324
2	17	1788
2	18	-148
2	19	-1876
2	20	-468
2	21	-1028
3	4	2260
3	5	-236
3	6	1116
3	7	-2876
3	8	-1468
3	9	1996
3	10	1556
3	11	5132
3	12	3108
3	13	1292
3	14	4076
3	15	588
3	16	-236
3	17	-60
3	18	-60
3	19	-28
3	20	5252
3	21	996
4	5	1996
4	6	-2876
4	7	764
4	8	-2580
4	9	116
4	10	-1380
4	11	2436
4	12	588
4	13	2756
4	14	-380
4	15	3460
4	16	60
4	17	-116
4	18	-116
4	19	-3668
4	20	732
4	21	-1172
5	6	-1084
5	7	-676
5	8	732
5	9	-204
5	10	-644
5	11	-412
5	12	1436
5	13	1028
5	14	-3404
5	15	2260
5	16	-1908
5	17	204
5	18	2140
5	19	-2228
5	20	-820
5	21	-4548
6	7	-2316
6	8	148
6	9	1260
6	10	-236
6	11	1292
6	12	1380
6	13	-3844
6	14	412
6	15	-1204
6	16	-3020
6	17	676
6	18	676
6	19	1348
6	20	-60
6	21	1556
7	8	28
7	9	500
7	10	60
7	11	-1116
7	12	732
7	13	1732
7	14	-236
7	15	1028
7	16	-676
7	17	-500
7	18	1436
7	19	412
7	20	-2052
7	21	-1380
8	9	1028
8	10	2524
8	11	292
8	12	-1732
8	13	324
8	14	1172
8	15	-2316
8	16	-1204
8	17	-1028
8	18	2844
8	19	940
8	20	412
8	21	-1908
9	10	-1116
9	11	2172
9	12	324
9	13	1084
9	14	3228
9	15	-2084
9	16	-204
9	17	1556
9	18	3492
9	19	468
9	20	2932
9	21	-1436
10	11	1732
10	12	-116
10	13	1524
10	14	2788
10	15	292
10	16	-644
10	17	-820
10	18	1116
10	19	908
10	20	1436
10	21	60
11	12	996
11	13	1468
11	14	3900
11	15	764
11	16	-2348
11	17	-236
11	18	1700
11	19	-1788
11	20	3492
11	21	820
12	13	-380
12	14	-60
12	15	852
12	16	-2436
12	17	-324
12	18	-324
12	19	2172
12	20	1644
12	21	-1204
13	14	2524
13	15	556
13	16	1028
13	17	852
13	18	852
13	19	-764
13	20	1700
13	21	-2140
14	15	-2052
14	16	468
14	17	644
14	18	644
14	19	1204
14	20	4548
14	21	1700
15	16	-1612
15	17	148
15	18	148
15	19	-3932
15	20	-1468
15	21	-908
16	17	204
16	18	-1732
16	19	1644
16	20	1116
16	21	1260
17	18	2316
17	19	-468
17	20	940
17	21	-2436
18	19	-468
18	20	940
18	21	-4372
19	20	1084
19	21	412
20	21	-116
