0	1	5804
0	2	4988
0	3	-2628
0	4	-2948
0	5	2628
0	6	-92
0	7	11604
0	8	-1812
0	9	-1724
0	10	8932
0	11	13012
0	12	4124
0	13	636
0	14	-15868
0	15	7796
0	16	4396
0	17	1948
0	18	-5396
0	19	-5940
0	20	5804
0	21	-4444
0	22	-588
0	23	-6164
0	24	-7932
0	25	1044
0	26	3084
0	27	-2812
0	28	5348
0	29	-4716
0	30	-5620
0	31	-2628
0	32	4444
0	33	6620
1	2	2356
1	3	724
1	4	-4396
1	5	8524
1	6	11244
1	7	8796
1	8	-4716
1	9	-996
1	10	-1588
1	11	-1044
1	12	-6844
1	13	-2540
1	14	-5348
1	15	3356
1	16	-2492
1	17	4580
1	18	-15820
1	19	12468
1	20	1540
1	21	10972
1	22	-5940
1	23	-364
1	24	1404
1	25	-2948
1	26	4260
1	27	-9156
1	28	5804
1	29	-7252
1	30	-908
1	31	-3900
1	32	-1724
1	33	724
2	3	6164
2	4	-588
2	5	-15412
2	6	-3444
2	7	17228
2	8	724
2	9	-1812
2	10	-772
2	11	-228
2	12	-3036
2	13	7524
2	14	-6164
2	15	7164
2	16	10564
2	17	3764
2	18	6484
2	19	11652
2	20	-2268
2	21	5532
2	22	-9748
2	23	-4172
2	24	-7028
2	25	-2132
2	26	452
2	27	3900
2	28	-4260
2	29	5804
2	30	4532
2	31	1540
2	32	8340
2	33	1540
3	4	5668
3	5	-4532
3	6	2812
3	7	9612
3	8	-5532
3	9	4444
3	10	-7028
3	11	-1860
3	12	-1404
3	13	1268
3	14	4716
3	15	-452
3	16	2948
3	17	772
3	18	-1132
3	19	4036
3	20	724
3	21	-2084
3	22	-6756
3	23	8068
3	24	588
3	25	-3764
3	26	8068
3	27	908
3	28	1996
3	29	12060
3	30	2900
3	31	9156
3	32	-2540
3	33	-4716
4	5	-1044
4	6	860
4	7	3308
4	8	6484
4	9	-772
4	10	7980
4	11	-6436
4	12	-4172
4	13	-4940
4	14	-5668
4	15	-5124
4	16	724
4	17	-6348
4	18	180
4	19	4260
4	20	9476
4	21	1132
4	22	7708
4	23	6756
4	24	9612
4	25	4716
4	26	-2492
4	27	12012
4	28	1676
4	29	860
4	30	2676
4	31	1044
4	32	3492
4	33	-8204
5	6	1812
5	7	-364
5	8	-8340
5	9	180
5	10	7028
5	11	6484
5	12	1404
5	13	-15140
5	14	-4716
5	15	-8796
5	16	1676
5	17	3852
5	18	-3492
5	19	-8660
5	20	3900
5	21	-2540
5	22	2132
5	23	1180
5	24	13284
5	25	3764
5	26	-3444
5	27	-908
5	28	-11244
5	29	-2812
5	30	-2900
5	31	4716
5	32	2540
5	33	92
6	7	-7708
6	8	3628
6	9	6708
6	10	-4124
6	11	9204
6	12	-1316
6	13	-3172
6	14	6436
6	15	-2268
6	16	-10292
6	17	1132
6	18	-15460
6	19	-2132
6	20	-2628
6	21	3988
6	22	228
6	23	8524
6	24	-2492
6	25	-2764
6	26	3900
6	27	5620
6	28	-92
6	29	-908
6	30	4444
6	31	-11060
6	32	-3988
6	33	7436
7	8	1180
7	9	-92
7	10	-6572
7	11	2132
7	12	-3492
7	13	8252
7	14	-14236
7	15	4804
7	16	1404
7	17	3580
7	18	860
7	19	9564
7	20	-452
7	21	1812
7	22	-6844
7	23	-3172
7	24	4308
7	25	4036
7	26	-3172
7	27	-5804
7	28	2356
7	29	1540
7	30	-11876
7	31	9612
7	32	7436
7	33	4988
8	9	14508
8	10	-7844
8	11	-2676
8	12	-588
8	13	452
8	14	908
8	15	364
8	16	-860
8	17	-7660
8	18	-4940
8	19	9476
8	20	-92
8	21	7980
8	22	-7572
8	23	2628
8	24	-228
8	25	44
8	26	-1996
8	27	-7524
8	28	2812
8	29	-5620
8	30	-11788
8	31	3716
8	32	10516
8	33	-908
9	10	-11740
9	11	1588
9	12	-7572
9	13	-1540
9	14	9428
9	15	724
9	16	-7300
9	17	-500
9	18	-7844
9	19	10108
9	20	3628
9	21	-6892
9	22	-7388
9	23	5532
9	24	8388
9	25	-10380
9	26	5532
9	27	-9884
9	28	2900
9	29	-7164
9	30	-3172
9	31	4444
9	32	2268
9	33	-180
10	11	452
10	12	10156
10	13	-5668
10	14	-6844
10	15	-2764
10	16	5260
10	17	-6164
10	18	1180
10	19	-7524
10	20	7660
10	21	228
10	22	180
10	23	1132
10	24	2900
10	25	3172
10	26	-3492
10	27	12468
10	28	-316
10	29	5124
10	30	588
10	31	-2404
10	32	-228
10	33	-7028
11	12	4988
11	13	-5124
11	14	1860
11	15	5940
11	16	-9156
11	17	7164
11	18	-3988
11	19	-8068
11	20	3580
11	21	-4940
11	22	-3900
11	23	-7572
11	24	-5804
11	25	-5532
11	26	1676
11	27	-1948
11	28	-10108
11	29	-44
11	30	-8116
11	31	2764
11	32	4940
11	33	-1860
12	13	6484
12	14	-3220
12	15	-7300
12	16	-6076
12	17	-3900
12	18	-1996
12	19	-7164
12	20	2404
12	21	-5668
12	22	636
12	23	-316
12	24	-11332
12	25	11516
12	26	-316
12	27	5212
12	28	-500
12	29	7932
12	30	-9020
12	31	3220
12	32	-3580
12	33	3220
13	14	3356
13	15	7436
13	16	1588
13	17	4036
13	18	2132
13	19	-1948
13	20	-7164
13	21	-3444
13	22	-772
13	23	-4444
13	24	-2676
13	25	2220
13	26	-4444
13	27	-452
13	28	14508
13	29	-7796
13	30	-4988
13	31	1268
13	32	-5804
13	33	5892
14	15	452
14	16	-12196
14	17	3852
14	18	-3492
14	19	588
14	20	-724
14	21	-2540
14	22	2132
14	23	1180
14	24	-588
14	25	-5484
14	26	1180
14	27	-5532
14	28	2628
14	29	1812
14	30	6348
14	31	4716
14	32	-6708
14	33	-4532
15	16	-2404
15	17	4396
15	18	1676
15	19	1132
15	20	3356
15	21	-1996
15	22	-7660
15	23	-3988
15	24	3492
15	25	-10652
15	26	636
15	27	-4988
15	28	3172
15	29	-6892
15	30	-3444
15	31	-452
15	32	11244
15	33	-452
16	17	-3628
16	18	12148
16	19	-2268
16	20	2132
16	21	8476
16	22	-8884
16	23	-588
16	24	2268
16	25	-2628
16	26	-588
16	27	5484
16	28	-9476
16	29	3580
16	30	9204
16	31	2948
16	32	5396
16	33	2948
17	18	5076
17	19	-9340
17	20	-44
17	21	-7844
17	22	-1812
17	23	-7388
17	24	92
17	25	-180
17	26	6484
17	27	-6212
17	28	6572
17	29	-8116
17	30	-2220
17	31	5396
17	32	3220
17	33	5396
18	19	-12060
18	20	2676
18	21	-1316
18	22	908
18	23	-44
18	24	2812
18	25	-6708
18	26	9204
18	27	316
18	28	-10020
18	29	-6212
18	30	-4124
18	31	3492
18	32	-7932
18	33	3492
19	20	3220
19	21	16636
19	22	-3172
19	23	5124
19	24	-1268
19	25	-1540
19	26	-4124
19	27	-4852
19	28	-1316
19	29	2492
19	30	1044
19	31	4036
19	32	11108
19	33	-5212
20	21	-2900
20	22	-1316
20	23	8884
20	24	-7844
20	25	-12196
20	26	-4988
20	27	-4532
20	28	1180
20	29	-7252
20	30	3716
20	31	724
20	32	2900
20	33	-8524
21	22	-44
21	23	8252
21	24	-2764
21	25	1588
21	26	-996
21	27	-3356
21	28	-9068
21	29	-636
21	30	-452
21	31	2540
21	32	364
21	33	2540
22	23	-3220
22	24	-6076
22	25	12692
22	26	-3220
22	27	12196
22	28	4036
22	29	-4396
22	30	5484
22	31	-2132
22	32	-9204
22	33	-2132
23	24	4124
23	25	-4852
23	26	-2268
23	27	6620
23	28	3084
23	29	-724
23	30	-2812
23	31	-1180
23	32	-3628
23	33	-1180
24	25	1540
24	26	4124
24	27	4852
24	28	-3308
24	29	2132
24	30	-5668
24	31	5212
24	32	2764
24	33	588
25	26	-9476
25	27	9204
25	28	5668
25	29	11108
25	30	3852
25	31	860
25	32	3036
25	33	-3764
26	27	-2628
26	28	-1540
26	29	-5348
26	30	-7436
26	31	-5804
26	32	-12876
26	33	8068
27	28	-2812
27	29	10244
27	30	7164
27	31	-3716
27	32	3356
27	33	-3716
28	29	-9340
28	30	-996
28	31	-2628
28	32	-4804
28	33	-7252
29	30	9068
29	31	7436
29	32	636
29	33	2812
30	31	-10972
30	32	452
30	33	-6348
31	32	2084
31	33	-92
32	33	-7164
