0	1	6112
0	2	-2184
0	3	-3120
0	4	672
0	5	-9376
0	6	5160
0	7	-2304
0	8	-960
0	9	-4344
0	10	-8424
0	11	1080
0	12	-10872
0	13	-2032
0	14	-9512
0	15	-2304
0	16	-8984
0	17	2032
0	18	-8848
0	19	2712
0	20	6400
0	21	-3816
0	22	-5448
0	23	672
0	24	-2048
0	25	-6400
0	26	400
0	27	6808
0	28	-3408
0	29	2728
0	30	-9784
0	31	-14136
0	32	-3528
0	33	6944
1	2	4088
1	3	-8032
1	4	-12640
1	5	-1776
1	6	1368
1	7	5024
1	8	-1760
1	9	7064
1	10	1896
1	11	5448
1	12	-4904
1	13	-4496
1	14	-6264
1	15	400
1	16	-2984
1	17	-9376
1	18	1504
1	19	-808
1	20	10192
1	21	5720
1	22	-1896
1	23	-3392
1	24	-5296
1	25	3680
1	26	-3120
1	27	5160
1	28	-3936
1	29	-4632
1	30	7880
1	31	2984
1	32	-7624
1	33	5024
2	3	6792
2	4	-8968
2	5	3800
2	6	-4208
2	7	1352
2	8	-7336
2	9	-1232
2	10	-1776
2	11	-4752
2	12	672
2	13	-17416
2	14	-688
2	15	5976
2	16	688
2	17	-1080
2	18	-8696
2	19	2864
2	20	1896
2	21	-4480
2	22	6400
2	23	4904
2	24	3000
2	25	2728
2	26	552
2	27	1488
2	28	-264
2	29	944
2	30	-416
2	31	17808
2	32	-11296
2	33	10600
3	4	400
3	5	-4480
3	6	-4360
3	7	7216
3	8	-1232
3	9	-4072
3	10	-12776
3	11	-3816
3	12	-5976
3	13	-1760
3	14	-4616
3	15	-2032
3	16	4616
3	17	6384
3	18	-13744
3	19	2440
3	20	-7200
3	21	5160
3	22	3528
3	23	9648
3	24	-2320
3	25	-11296
3	26	-9120
3	27	-11416
3	28	944
3	29	-1624
3	30	-9512
3	31	9256
3	32	5992
3	33	-2032
4	5	6656
4	6	-2440
4	7	-416
4	8	3680
4	9	-3000
4	10	1080
4	11	-7608
4	12	-1096
4	13	13184
4	14	6792
4	15	-416
4	16	-6792
4	17	5312
4	18	2320
4	19	9256
4	20	9376
4	21	1912
4	22	-1080
4	23	-2576
4	24	4768
4	25	-9376
4	26	6944
4	27	-4904
4	28	-3120
4	29	-824
4	30	-2184
4	31	-11704
4	32	10056
4	33	-5040
5	6	1896
5	7	-8288
5	8	-8848
5	9	8168
5	10	13336
5	11	2440
5	12	-7608
5	13	-8016
5	14	-1624
5	15	-3664
5	16	6248
5	17	3392
5	18	1760
5	19	4072
5	20	9664
5	21	-2456
5	22	5160
5	23	-2592
5	24	8560
5	25	-5040
5	26	1760
5	27	-3800
5	28	-2048
5	29	-12504
5	30	16600
5	31	-1624
5	32	-264
5	33	-3664
6	7	8696
6	8	-5432
6	9	-7760
6	10	10192
6	11	1776
6	12	-5856
6	13	8424
6	14	2032
6	15	-552
6	16	-6656
6	17	10072
6	18	7080
6	19	-9104
6	20	4616
6	21	-2576
6	22	-5568
6	23	-7064
6	24	280
6	25	8
6	26	-2168
6	27	-416
6	28	1640
6	29	-10208
6	30	-2320
6	31	2032
6	32	5296
6	33	-9800
7	8	-6672
7	9	-7880
7	10	-7336
7	11	-9256
7	12	4088
7	13	3680
7	14	-3800
7	15	-5840
7	16	-10072
7	17	944
7	18	3936
7	19	1624
7	20	-6384
7	21	8968
7	22	-11160
7	23	-416
7	24	1488
7	25	1760
7	26	3936
7	27	-1352
7	28	-9120
7	29	-5432
7	30	-8696
7	31	10072
7	32	-2440
7	33	-5840
8	9	-8
8	10	-552
8	11	7896
8	12	6520
8	13	6928
8	14	9784
8	15	-2048
8	16	-536
8	17	11568
8	18	-672
8	19	-2984
8	20	-10752
8	21	-10328
8	22	-4072
8	23	-10192
8	24	-7472
8	25	1504
8	26	-9920
8	27	-1912
8	28	3136
8	29	-2456
8	30	808
8	31	536
8	32	13048
8	33	2576
9	10	13744
9	11	11280
9	12	-11824
9	13	-7608
9	14	-5840
9	15	10616
9	16	10464
9	17	-6264
9	18	5976
9	19	8288
9	20	10072
9	21	-7488
9	22	-9120
9	23	1624
9	24	12776
9	25	3800
9	26	1352
9	27	-8016
9	28	-11704
9	29	-2848
9	30	3136
9	31	-1216
9	32	-9104
9	33	-3256
10	11	10736
10	12	-2032
10	13	-2440
10	14	-672
10	15	11160
10	16	5296
10	17	2440
10	18	14680
10	19	7744
10	20	5992
10	21	-3408
10	22	-5040
10	23	1080
10	24	2984
10	25	3256
10	26	-3816
10	27	-7472
10	28	-3000
10	29	-2304
10	30	3680
10	31	3952
10	32	-3936
10	33	1912
11	12	-9936
11	13	-280
11	14	7200
11	15	9240
11	16	-2576
11	17	4904
11	18	-2712
11	19	4224
11	20	5160
11	21	-3120
11	22	-1488
11	23	-12232
11	24	-264
11	25	4088
11	26	-7336
11	27	128
11	28	5720
11	29	-416
11	30	7472
11	31	-2048
11	32	-3408
11	33	-8
12	13	-264
12	14	1504
12	15	-5160
12	16	3120
12	17	-4360
12	18	7880
12	19	944
12	20	-10328
12	21	3664
12	22	-2592
12	23	-5720
12	24	-3816
12	25	1080
12	26	-5992
12	27	-672
12	28	4072
12	29	-128
12	30	1232
12	31	6128
12	32	-6384
12	33	-536
13	14	10344
13	15	-5568
13	16	-10344
13	17	5296
13	18	8288
13	19	1352
13	20	3136
13	21	8696
13	22	-2184
13	23	-688
13	24	-8032
13	25	-7760
13	26	3664
13	27	-5704
13	28	4480
13	29	-5160
13	30	10072
13	31	-12776
13	32	16328
13	33	-14816
14	15	-3800
14	16	-7488
14	17	3528
14	18	1896
14	19	-5040
14	20	-8968
14	21	-2320
14	22	5296
14	23	-7080
14	24	-552
14	25	8968
14	26	-2728
14	27	688
14	28	7336
14	29	-3392
14	30	7216
14	31	2864
14	32	8848
14	33	-3800
15	16	8424
15	17	-3680
15	18	8560
15	19	6248
15	20	12112
15	21	-280
15	22	7336
15	23	-416
15	24	10736
15	25	1760
15	26	-688
15	27	3272
15	28	128
15	29	13064
15	30	-8696
15	31	824
15	32	-2440
15	33	3408
16	17	-8152
16	18	2728
16	19	-4208
16	20	-4904
16	21	-2304
16	22	8576
16	23	-2168
16	24	552
16	25	280
16	26	-6520
16	27	-688
16	28	1912
16	29	3392
16	30	-2592
16	31	1760
16	32	5024
16	33	-824
17	18	-3664
17	19	-5976
17	20	-3136
17	21	-4072
17	22	-11688
17	23	-3936
17	24	-5840
17	25	-1488
17	26	-8288
17	27	-3544
17	28	9392
17	29	-8712
17	30	-824
17	31	3528
17	32	11416
17	33	944
18	19	-4344
18	20	4480
18	21	-2440
18	22	-5432
18	23	2320
18	24	416
18	25	144
18	26	-2032
18	27	4072
18	28	-7472
18	29	-10344
18	30	2168
18	31	-7352
18	32	536
18	33	-9936
19	20	6792
19	21	4496
19	22	1504
19	23	4632
19	24	7352
19	25	-11416
19	26	280
19	27	-12112
19	28	-9784
19	29	1216
19	30	4480
19	31	-416
19	32	-11024
19	33	1624
20	21	-4360
20	22	3256
20	23	128
20	24	6656
20	25	-6944
20	26	4480
20	27	-6520
20	28	-3952
20	29	-1352
20	30	9256
20	31	-8968
20	32	-7608
20	33	-11008
21	22	-1216
21	23	1912
21	24	8
21	25	-264
21	26	-2440
21	27	-144
21	28	5992
21	29	8560
21	30	2576
21	31	2304
21	32	5568
21	33	4344
22	23	3544
22	24	1640
22	25	-7880
22	26	-5432
22	27	2848
22	28	3000
22	29	6928
22	30	5568
22	31	672
22	32	3936
22	33	2712
23	24	-4480
23	25	-9376
23	26	2320
23	27	-9528
23	28	-12368
23	29	3800
23	30	-2184
23	31	-2456
23	32	-3816
23	33	4208
24	25	-2032
24	26	416
24	27	-3000
24	28	-5024
24	29	1080
24	30	-280
24	31	4072
24	32	-6536
24	33	1488
25	26	4768
25	27	6520
25	28	8576
25	29	10600
25	30	-4632
25	31	13592
25	32	2984
25	33	6384
26	27	8696
26	28	-7472
26	29	3528
26	30	2168
26	31	-7352
26	32	-4088
26	33	-688
27	28	4888
27	29	3680
27	30	-8832
27	31	-8560
27	32	2048
27	33	7896
28	29	8968
28	30	2984
28	31	2712
28	32	15224
28	33	4752
29	30	-12912
29	31	-3392
29	32	2592
29	33	8440
30	31	-2032
30	32	-672
30	33	-4072
31	32	-5024
31	33	10072
32	33	-2440
