0	1	-3884
0	2	-5108
0	3	3868
0	4	-2780
0	5	-8508
0	6	1164
0	7	-8780
0	8	1148
0	9	1164
0	10	3612
0	11	7692
0	12	-2524
0	13	-13540
0	14	3612
0	15	-18692
0	16	756
0	17	-8764
0	18	2372
0	19	-2508
0	20	-4956
0	21	2660
0	22	5380
0	23	-10820
0	24	7148
0	25	1164
0	26	5108
0	27	-14476
0	28	5244
0	29	3188
0	30	-7268
0	31	-604
0	32	4564
0	33	-4700
1	2	-8508
1	3	-8780
1	4	19116
1	5	-2660
1	6	-9308
1	7	1692
1	8	-11500
1	9	-9308
1	10	-2236
1	11	-2780
1	12	3324
1	13	1556
1	14	-2236
1	15	7828
1	16	-5092
1	17	-740
1	18	-1028
1	19	-8356
1	20	-6180
1	21	-12436
1	22	8780
1	23	-348
1	24	-3324
1	25	-13932
1	26	8508
1	27	2796
1	28	-604
1	29	-14084
1	30	5380
1	31	7420
1	32	3340
1	33	-3476
2	3	-5380
2	4	-2780
2	5	-3884
2	6	15036
2	7	-4156
2	8	10396
2	9	10412
2	10	-10260
2	11	-10804
2	12	-7148
2	13	4956
2	14	3612
2	15	-196
2	16	-8492
2	17	-4140
2	18	-2252
2	19	6740
2	20	8916
2	21	2660
2	22	756
2	23	3052
2	24	7148
2	25	10412
2	26	484
2	27	8644
2	28	-8628
2	29	7812
2	30	-2644
2	31	-9852
2	32	4564
2	33	-4700
3	4	-7132
3	5	5092
3	6	-3188
3	7	4820
3	8	5500
3	9	6060
3	10	8508
3	11	3340
3	12	6452
3	13	-9188
3	14	-5364
3	15	-9172
3	16	5652
3	17	-3868
3	18	6724
3	19	-6860
3	20	9188
3	21	12180
3	22	5652
3	23	-1844
3	24	7420
3	25	10684
3	26	-3868
3	27	-9580
3	28	5516
3	29	-6332
3	30	6876
3	31	8916
3	32	212
3	33	8900
4	5	5244
4	6	-2524
4	7	892
4	8	-9036
4	9	-11772
4	10	-9596
4	11	196
4	12	-740
4	13	1028
4	14	-4972
4	15	-5788
4	16	7132
4	17	-6468
4	18	-5636
4	19	-3476
4	20	-1028
4	21	-13268
4	22	2508
4	23	-6316
4	24	-8508
4	25	-7148
4	26	7404
4	27	3868
4	28	-6604
4	29	-11076
4	30	5908
4	31	3868
4	32	3324
4	33	6060
5	6	4564
5	7	1692
5	8	-11500
5	9	-9308
5	10	7012
5	11	1844
5	12	-1300
5	13	-7692
5	14	-2236
5	15	-6044
5	16	-468
5	17	-740
5	18	3596
5	19	5516
5	20	-1556
5	21	6060
5	22	-9716
5	23	8900
5	24	1300
5	25	-60
5	26	-14612
5	27	7420
5	28	8644
5	29	-4836
5	30	10004
5	31	-1828
5	32	12588
5	33	5772
6	7	212
6	8	-5092
6	9	-6468
6	10	-8916
6	11	876
6	12	3204
6	13	4972
6	14	4956
6	15	4140
6	16	-6060
6	17	-5788
6	18	-6316
6	19	11076
6	20	8900
6	21	1284
6	22	-1436
6	23	-2372
6	24	6044
6	25	-1844
6	26	-1164
6	27	9172
6	28	-5924
6	29	6740
6	30	-2660
6	31	-18572
6	32	-620
6	33	10004
7	8	2100
7	9	-9036
7	10	2660
7	11	6740
7	12	-1572
7	13	1284
7	14	11908
7	15	8100
7	16	-196
7	17	-468
7	18	3324
7	19	-8084
7	20	-1284
7	21	6332
7	22	9052
7	23	4004
7	24	-3052
7	25	4836
7	26	-468
7	27	7692
7	28	-4956
7	29	-5108
7	30	5652
7	31	3068
7	32	-1012
7	33	5500
8	9	8780
8	10	-7268
8	11	-3188
8	12	-5516
8	13	-2660
8	14	11228
8	15	-1828
8	16	8372
8	17	-10396
8	18	4004
8	19	5108
8	20	-1964
8	21	5652
8	22	3748
8	23	-4564
8	24	892
8	25	18028
8	26	3476
8	27	-6860
8	28	-10260
8	29	-4428
8	30	348
8	31	2388
8	32	2932
8	33	-3068
9	10	4956
9	11	-8372
9	12	3204
9	13	348
9	14	332
9	15	-14356
9	16	-1436
9	17	-5788
9	18	2932
9	19	-7420
9	20	4276
9	21	10532
9	22	7812
9	23	6876
9	24	6044
9	25	7404
9	26	-10412
9	27	-4700
9	28	7948
9	29	11364
9	30	1964
9	31	-76
9	32	4004
9	33	-3868
10	11	-1572
10	12	10276
10	13	-1828
10	14	-2116
10	15	-7556
10	16	5364
10	17	1012
10	18	10004
10	19	-5244
10	20	-2796
10	21	12708
10	22	5364
10	23	4700
10	24	-1028
10	25	332
10	26	-8236
10	27	-11772
10	28	14748
10	29	-4684
10	30	-5108
10	31	2100
10	32	-3068
10	33	-6044
11	12	484
11	13	-6996
11	14	-1572
11	15	-2388
11	16	5908
11	17	6180
11	18	-4412
11	19	-9324
11	20	2372
11	21	-5244
11	22	-3340
11	23	-5092
11	24	-18980
11	25	876
11	26	6180
11	27	-6604
11	28	-7828
11	29	4020
11	30	4684
11	31	2644
11	32	2100
11	33	11908
12	13	2916
12	14	5652
12	15	6468
12	16	2796
12	17	-2100
12	18	332
12	19	-5092
12	20	-2916
12	21	4700
12	22	7420
12	23	5636
12	24	-9308
12	25	-1420
12	26	2524
12	27	-3188
12	28	2660
12	29	-12724
12	30	4020
12	31	1436
12	32	-7268
12	33	2508
13	14	-1828
13	15	8236
13	16	-4684
13	17	13540
13	18	-1436
13	19	-3324
13	20	3476
13	21	-7404
13	22	9188
13	23	-10004
13	24	-2916
13	25	-8900
13	26	-4956
13	27	12452
13	28	4428
13	29	-5244
13	30	-12708
13	31	-6044
13	32	-10124
13	33	-8508
14	15	1692
14	16	-3884
14	17	-8236
14	18	10004
14	19	4004
14	20	-7420
14	21	-1164
14	22	740
14	23	4700
14	24	-1028
14	25	332
14	26	5636
14	27	-2524
14	28	876
14	29	-9308
14	30	-5108
14	31	-7148
14	32	10804
14	33	-10668
15	16	-4700
15	17	9444
15	18	-3052
15	19	7812
15	20	-3612
15	21	-6604
15	22	-4700
15	23	10140
15	24	-6468
15	25	-484
15	26	4820
15	27	10532
15	28	-9188
15	29	-3868
15	30	3324
15	31	1284
15	32	-13132
15	33	4020
16	17	-14628
16	18	-2100
16	19	6860
16	20	60
16	21	-2932
16	22	-1028
16	23	-2780
16	24	-12044
16	25	3188
16	26	-756
16	27	-4292
16	28	-10140
16	29	-7540
16	30	-6876
16	31	332
16	32	-4836
16	33	4972
17	18	2252
17	19	-6740
17	20	-4292
17	21	-7284
17	22	-5380
17	23	-3052
17	24	-7148
17	25	-10412
17	26	-5108
17	27	5228
17	28	8628
17	29	1436
17	30	-6604
17	31	9852
17	32	-4564
17	33	-4548
18	19	8508
18	20	-3188
18	21	4428
18	22	-2100
18	23	1284
18	24	4292
18	25	7556
18	26	-2372
18	27	-3460
18	28	7012
18	29	-7828
18	30	3748
18	31	-8084
18	32	10956
18	33	-11092
19	20	-5924
19	21	-4292
19	22	-20884
19	23	3204
19	24	5092
19	25	6452
19	26	7132
19	27	8220
19	28	-11500
19	29	3068
19	30	-3612
19	31	-14900
19	32	3052
19	33	1708
20	21	7404
20	22	60
20	23	-8492
20	24	2916
20	25	-348
20	26	332
20	27	-7828
20	28	-9052
20	29	9868
20	30	-1164
20	31	-7828
20	32	-8372
20	33	3884
21	22	6316
21	23	3748
21	24	9172
21	25	5908
21	26	-7284
21	27	-6196
21	28	1828
21	29	8236
21	30	9716
21	31	-1572
21	32	-2116
21	33	2252
22	23	1844
22	24	6452
22	25	-1436
22	26	-5380
22	27	332
22	28	8356
22	29	-7540
22	30	-2252
22	31	4956
22	32	-4836
22	33	-4276
23	24	3612
23	25	6876
23	26	-3052
23	27	5108
23	28	6332
23	29	2100
23	30	7692
23	31	484
23	32	1028
23	33	3460
24	25	1420
24	26	-7148
24	27	-1436
24	28	6588
24	29	8100
24	30	604
24	31	-1436
24	32	2644
24	33	-7132
25	26	-1164
25	27	-76
25	28	-5924
25	29	2116
25	30	11212
25	31	-76
25	32	-620
25	33	5380
26	27	-4020
26	28	-14492
26	29	-3188
26	30	-1980
26	31	-4020
26	32	-4564
26	33	4700
27	28	-4156
27	29	348
27	30	-892
27	31	-7556
27	32	1148
27	33	3612
28	29	-7676
28	30	-6740
28	31	468
28	32	4548
28	33	-9036
29	30	2932
29	31	-4276
29	32	-3732
29	33	3596
30	31	8356
30	32	3188
30	33	15444
31	32	-8100
31	33	3612
32	33	-5092
