0	1	2436
0	2	-2884
0	3	4452
0	4	-1540
0	5	-2324
0	6	-2604
0	7	3388
0	8	-1876
0	9	196
0	10	1372
0	11	4676
0	12	-1540
0	13	-420
0	14	-5852
0	15	-5460
0	16	-4844
0	17	-8540
0	18	588
0	19	4004
0	20	980
0	21	-1316
0	22	-4508
0	23	-6244
0	24	-5012
0	25	-476
0	26	6412
0	27	7700
1	2	980
1	3	588
1	4	-3500
1	5	3556
1	6	-4900
1	7	980
1	8	-28
1	9	1708
1	10	-140
1	11	-2772
1	12	2772
1	13	1652
1	14	-1652
1	15	-2716
1	16	6748
1	17	1036
1	18	644
1	19	-5236
1	20	-2212
1	21	2548
1	22	-2996
1	23	1204
1	24	-28
1	25	-756
1	26	1092
1	27	6748
2	3	2996
2	4	3052
2	5	5404
2	6	5348
2	7	1708
2	8	-420
2	9	1876
2	10	-308
2	11	-3052
2	12	-84
2	13	1036
2	14	5236
2	15	-868
2	16	-3164
2	17	2548
2	18	-1092
2	19	-6860
2	20	-476
2	21	140
2	22	308
2	23	-4788
2	24	-3556
2	25	1204
2	26	-4676
2	27	-28
3	4	4788
3	5	5572
3	6	2492
3	7	6132
3	8	-1148
3	9	-308
3	10	-1260
3	11	-1652
3	12	-4620
3	13	532
3	14	-532
3	15	-700
3	16	-4676
3	17	-980
3	18	2660
3	19	-980
3	20	2044
3	21	4564
3	22	-1876
3	23	-9324
3	24	-4284
3	25	364
3	26	-28
3	27	-1540
4	5	476
4	6	868
4	7	6188
4	8	924
4	9	3668
4	10	-8372
4	11	1876
4	12	-1876
4	13	-756
4	14	756
4	15	476
4	16	-4508
4	17	1204
4	18	3388
4	19	-1932
4	20	-1820
4	21	-4788
4	22	-1036
4	23	-308
4	24	-2212
4	25	6132
4	26	-3332
4	27	-1372
5	6	4788
5	7	2268
5	8	-2996
5	9	-1820
5	10	252
5	11	-3612
5	12	476
5	13	-1540
5	14	4676
5	15	-308
5	16	2548
5	17	1988
5	18	2604
5	19	-4284
5	20	-4172
5	21	700
5	22	-252
5	23	-1092
5	24	-2996
5	25	3780
5	26	-4116
5	27	-588
6	7	2212
6	8	-5068
6	9	-8932
6	10	4228
6	11	-4004
6	12	-2268
6	13	-252
6	14	3388
6	15	1652
6	16	-3892
6	17	2940
6	18	-1260
6	19	-196
6	20	-3444
6	21	-2492
6	22	2044
6	23	-3836
6	24	-1932
6	25	1148
6	26	-812
6	27	-3892
7	8	-6692
7	9	-1260
7	10	-3444
7	11	84
7	12	-3220
7	13	-2100
7	14	2100
7	15	-4004
7	16	-6300
7	17	-3724
7	18	2044
7	19	-588
7	20	-3612
7	21	-2996
7	22	-2828
7	23	-4788
7	24	-6692
7	25	4340
7	26	1596
7	27	-28
8	9	4004
8	10	700
8	11	2212
8	12	-5348
8	13	5180
8	14	-2044
8	15	140
8	16	2100
8	17	1540
8	18	-3220
8	19	-1596
8	20	7924
8	21	1148
8	22	2436
8	23	2492
8	24	588
8	25	-2940
8	26	-532
8	27	-1036
9	10	-8652
9	11	-3668
9	12	532
9	13	-588
9	14	588
9	15	-1820
9	16	-420
9	17	140
9	18	-4732
9	19	-6132
9	20	-3108
9	21	3444
9	22	-756
9	23	2100
9	24	4004
9	25	-1652
9	26	-7420
9	27	-420
10	11	2100
10	12	-2100
10	13	-4116
10	14	-5292
10	15	3388
10	16	1988
10	17	4564
10	18	-3108
10	19	1428
10	20	4676
10	21	4396
10	22	2324
10	23	-532
10	24	-5572
10	25	-3052
10	26	2716
10	27	-1148
11	12	1876
11	13	756
11	14	-7028
11	15	-476
11	16	-1764
11	17	-4340
11	18	2884
11	19	5068
11	20	4956
11	21	-4620
11	22	1036
11	23	308
11	24	-7196
11	25	3276
11	26	6468
11	27	1372
12	13	-3892
12	14	-2380
12	15	-2660
12	16	4900
12	17	1204
12	18	3388
12	19	-1932
12	20	-1820
12	21	-1652
12	22	2100
12	23	2828
12	24	924
12	25	-140
12	26	-196
12	27	-1372
13	14	5908
13	15	1596
13	16	3780
13	17	84
13	18	-1764
13	19	3220
13	20	196
13	21	2604
13	22	-2156
13	23	-5460
13	24	2044
13	25	-7532
13	26	924
13	27	3780
14	15	1540
14	16	-644
14	17	-84
14	18	1764
14	19	-84
14	20	-3332
14	21	532
14	22	-4116
14	23	-812
14	24	1092
14	25	-1876
14	26	-7196
14	27	-644
15	16	2548
15	17	5124
15	18	-3668
15	19	-1148
15	20	2100
15	21	3836
15	22	-3388
15	23	-1092
15	24	3276
15	25	644
15	26	-7252
15	27	-588
16	17	8316
16	18	-364
16	19	-1092
16	20	-1204
16	21	4676
16	22	1148
16	23	3332
16	24	5236
16	25	-6020
16	26	84
16	27	1484
17	18	-924
17	19	-3668
17	20	-3780
17	21	7252
17	22	4844
17	23	2772
17	24	1540
17	25	-5460
17	26	-6748
17	27	-4228
18	19	5348
18	20	-812
18	21	-2660
18	22	-28
18	23	1820
18	24	-3220
18	25	4004
18	26	1932
18	27	2772
19	20	-644
19	21	980
19	22	-1428
19	23	-364
19	24	-1596
19	25	-2324
19	26	5796
19	27	2044
20	21	-2044
20	22	-1540
20	23	-3388
20	24	-1484
20	25	700
20	26	5908
20	27	-1204
21	22	1876
21	23	-3220
21	24	1148
21	25	-9772
21	26	-6244
21	27	-1596
22	23	3668
22	24	2436
22	25	-3220
22	26	420
22	27	-5124
23	24	2492
23	25	4564
23	26	-1764
23	27	-2940
24	25	-2940
24	26	-532
24	27	2100
25	26	1316
25	27	252
26	27	3220
