0	1	1196
0	2	3100
0	3	-188
0	4	188
0	5	-7092
0	6	-148
0	7	748
0	8	820
0	9	-3396
0	10	1084
0	11	-4332
0	12	9932
0	13	-6348
0	14	3548
0	15	2204
0	16	-5116
0	17	2092
0	18	1156
0	19	-7316
0	20	-3844
0	21	2500
0	22	-5748
0	23	3660
0	24	-4444
0	25	5116
0	26	-2652
0	27	-5972
1	2	-6572
1	3	6796
1	4	-524
1	5	-2652
1	6	-188
1	7	-4220
1	8	-484
1	9	-3212
1	10	1716
1	11	1532
1	12	2276
1	13	-5860
1	14	-748
1	15	596
1	16	2316
1	17	6980
1	18	-820
1	19	3844
1	20	-2764
1	21	972
1	22	-860
1	23	-860
1	24	1644
1	25	-2316
1	26	-148
1	27	-636
2	3	-708
2	4	-5564
2	5	1716
2	6	1044
2	7	3284
2	8	-1716
2	9	-1980
2	10	2948
2	11	-2836
2	12	372
2	13	2316
2	14	484
2	15	-4444
2	16	-2052
2	17	-1196
2	18	4220
2	19	1940
2	20	4740
2	21	2876
2	22	-2764
2	23	-2764
2	24	-2724
2	25	-1084
2	26	-1380
2	27	-2540
3	4	-484
3	5	1644
3	6	-820
3	7	-3060
3	8	-4780
3	9	2204
3	10	3548
3	11	2612
3	12	-3284
3	13	-5676
3	14	-260
3	15	1532
3	16	-4444
3	17	4556
3	18	4964
3	19	1420
3	20	-1380
3	21	36
3	22	-3284
3	23	-148
3	24	2500
3	25	-1828
3	26	-1980
3	27	-372
4	5	-1644
4	6	-5452
4	7	-76
4	8	1644
4	9	932
4	10	-9820
4	11	6796
4	12	3284
4	13	-3732
4	14	-6012
4	15	7876
4	16	-4964
4	17	1716
4	18	-4964
4	19	-4556
4	20	1380
4	21	-36
4	22	3284
4	23	148
4	24	636
4	25	-1308
4	26	1980
4	27	-2764
5	6	4964
5	7	-2204
5	8	-2500
5	9	1940
5	10	-2540
5	11	2652
5	12	-8252
5	13	1532
5	14	1268
5	15	-3660
5	16	6572
5	17	2724
5	18	300
5	19	2724
5	20	2388
5	21	2092
5	22	-1980
5	23	-5116
5	24	2764
5	25	-300
5	26	-5300
5	27	-1756
6	7	260
6	8	-1828
6	9	-1868
6	10	-76
6	11	-2948
6	12	484
6	13	2204
6	14	3732
6	15	-4332
6	16	4108
6	17	-1084
6	18	972
6	19	2052
6	20	-4556
6	21	5900
6	22	-5788
6	23	484
6	24	6572
6	25	5300
6	26	-1492
6	27	3844
7	8	-932
7	9	-2764
7	10	2164
7	11	-2052
7	12	2724
7	13	6236
7	14	-3436
7	15	4180
7	16	-4404
7	17	1156
7	18	5004
7	19	-1980
7	20	-5452
7	21	-2612
7	22	-3548
7	23	-412
7	24	-1940
7	25	-1868
7	26	2540
7	27	-3324
8	9	-1940
8	10	-3732
8	11	3620
8	12	1980
8	13	1604
8	14	5004
8	15	-2612
8	16	-300
8	17	412
8	18	-9708
8	19	412
8	20	748
8	21	-5228
8	22	1980
8	23	-4292
8	24	-5900
8	25	300
8	26	-972
8	27	1756
9	10	36
9	11	3212
9	12	-8812
9	13	-1044
9	14	-5564
9	15	2052
9	16	860
9	17	-4108
9	18	-2276
9	19	-7244
9	20	-1308
9	21	-3620
9	22	3732
9	23	3732
9	24	3324
9	25	2276
9	26	-4740
9	27	820
10	11	-1716
10	12	-748
10	13	3436
10	14	-636
10	15	-2428
10	16	2204
10	17	820
10	18	8476
10	19	3956
10	20	-2652
10	21	-2276
10	22	-748
10	23	2388
10	24	-1604
10	25	932
10	26	2876
10	27	2612
11	12	-2276
11	13	-3548
11	14	-2388
11	15	5676
11	16	820
11	17	2428
11	18	-2316
11	19	2428
11	20	-372
11	21	2164
11	22	3996
11	23	-2276
11	24	-1644
11	25	-820
11	26	-2988
11	27	-2500
12	13	-3396
12	14	3060
12	15	1268
12	16	-1492
12	17	-1756
12	18	-1492
12	19	1380
12	20	-2092
12	21	6572
12	22	-188
12	23	-188
12	24	972
12	25	1492
12	26	2316
12	27	36
13	14	-372
13	15	-4852
13	16	1940
13	17	-1828
13	18	1940
13	19	1308
13	20	1644
13	21	-6124
13	22	2876
13	23	-260
13	24	-524
13	25	1196
13	26	7540
13	27	5788
14	15	-4892
14	16	1532
14	17	-1644
14	18	-1604
14	19	4628
14	20	-1980
14	21	3324
14	22	-3212
14	23	-3212
14	24	-2276
14	25	4740
14	26	-4068
14	27	148
15	16	-6084
15	17	-300
15	18	3324
15	19	-3436
15	20	-6908
15	21	1980
15	22	1268
15	23	4404
15	24	-3620
15	25	-3324
15	26	-2276
15	27	-7916
16	17	-3060
16	18	-3100
16	19	6348
16	20	412
16	21	4516
16	22	4780
16	23	-1492
16	24	3844
16	25	3100
16	26	-3772
16	27	1420
17	18	3212
17	19	-188
17	20	-524
17	21	-4404
17	22	-8028
17	23	-4892
17	24	-3732
17	25	-76
17	26	748
17	27	-4668
18	19	3212
18	20	-2724
18	21	1380
18	22	-4628
18	23	1644
18	24	-2428
18	25	-36
18	26	2500
18	27	-1716
19	20	-524
19	21	5004
19	22	1380
19	23	-8028
19	24	-596
19	25	-3212
19	26	748
19	27	1604
20	21	-932
20	22	4180
20	23	-2092
20	24	-260
20	25	-3548
20	26	4220
20	27	4404
21	22	300
21	23	300
21	24	5188
21	25	1756
21	26	-5564
21	27	-3060
22	23	2948
22	24	972
22	25	-4780
22	26	2316
22	27	3172
23	24	972
23	25	1492
23	26	2316
23	27	36
24	25	2428
24	26	36
24	27	7020
25	26	-2500
25	27	1716
26	27	8364
