0	1	52
0	2	4
0	3	-284
0	4	-340
0	5	4
0	6	340
0	7	284
0	8	-4
0	9	-284
0	10	-284
0	11	52
1	2	-284
1	3	4
1	4	-52
1	5	-284
1	6	52
1	7	-4
1	8	284
1	9	4
1	10	4
1	11	340
2	3	-44
2	4	-4
2	5	244
2	6	4
2	7	44
2	8	-244
2	9	-44
2	10	-44
2	11	-284
3	4	284
3	5	-44
3	6	-284
3	7	-244
3	8	44
3	9	244
3	10	244
3	11	4
4	5	-4
4	6	-340
4	7	-284
4	8	4
4	9	284
4	10	284
4	11	-52
5	6	4
5	7	44
5	8	-244
5	9	-44
5	10	-44
5	11	-284
6	7	284
6	8	-4
6	9	-284
6	10	-284
6	11	52
7	8	-44
7	9	-244
7	10	-244
7	11	-4
8	9	44
8	10	44
8	11	284
9	10	244
9	11	4
10	11	4
