0	1	28
0	2	-164
0	3	76
0	4	-164
0	5	268
0	6	28
0	7	76
0	8	76
0	9	268
0	10	164
0	11	-164
1	2	-28
1	3	-268
1	4	-28
1	5	116
1	6	356
1	7	-268
1	8	-268
1	9	116
1	10	28
1	11	-28
2	3	-76
2	4	164
2	5	-268
2	6	-28
2	7	-76
2	8	-76
2	9	-268
2	10	-164
2	11	164
3	4	-76
3	5	68
3	6	-268
3	7	260
3	8	260
3	9	68
3	10	76
3	11	-76
4	5	-268
4	6	-28
4	7	-76
4	8	-76
4	9	-268
4	10	-164
4	11	164
5	6	116
5	7	68
5	8	68
5	9	452
5	10	268
5	11	-268
6	7	-268
6	8	-268
6	9	116
6	10	28
6	11	-28
7	8	260
7	9	68
7	10	76
7	11	-76
8	9	68
8	10	76
8	11	-76
9	10	268
9	11	-268
10	11	-164
