0	1	-2948
0	2	-60
0	3	6324
0	4	3892
0	5	1308
0	6	5380
0	7	-7388
0	8	-700
0	9	-9972
0	10	7204
0	11	3556
0	12	-8148
0	13	-2828
0	14	516
0	15	5076
0	16	-6780
0	17	5684
0	18	-6444
0	19	700
0	20	700
0	21	3860
0	22	2220
0	23	2796
0	24	1460
0	25	4348
0	26	2188
0	27	820
0	28	-3252
0	29	10884
0	30	3284
0	31	-852
0	32	-6140
0	33	-2036
0	34	-1004
0	35	-5684
0	36	6628
0	37	1764
1	2	-8756
1	3	-9364
1	4	10396
1	5	7204
1	6	3436
1	7	10428
1	8	-2036
1	9	-4316
1	10	7388
1	11	5260
1	12	5412
1	13	92
1	14	-9028
1	15	-2036
1	16	-1732
1	17	3132
1	18	3404
1	19	-3740
1	20	-9516
1	21	-820
1	22	-5260
1	23	-5532
1	24	-4500
1	25	-7388
1	26	-4924
1	27	2220
1	28	212
1	29	-2372
1	30	5228
1	31	-1884
1	32	-2676
1	33	4772
1	34	-7508
1	35	2644
1	36	1884
1	37	-4804
2	3	5076
2	4	-4044
2	5	-1460
2	6	-5228
2	7	-4012
2	8	-4924
2	9	4348
2	10	-1276
2	11	2372
2	12	-3252
2	13	-2796
2	14	5412
2	15	-4924
2	16	-4620
2	17	-5532
2	18	516
2	19	-852
2	20	4924
2	21	7844
2	22	-2372
2	23	3132
2	24	4164
2	25	1276
2	26	3740
2	27	5108
2	28	-2676
2	29	516
2	30	2340
2	31	1004
2	32	-5564
2	33	1884
2	34	6932
2	35	-6020
2	36	-6780
2	37	3860
3	4	-4652
3	5	-7844
3	6	1156
3	7	-9180
3	8	7236
3	9	-820
3	10	-668
3	11	-2796
3	12	-2644
3	13	-7964
3	14	6020
3	15	7236
3	16	-4012
3	17	-4924
3	18	-5868
3	19	4316
3	20	4316
3	21	8452
3	22	2796
3	23	-2036
3	24	3556
3	25	668
3	26	4348
3	27	-60
3	28	-3284
3	29	-92
3	30	-4044
3	31	-4164
3	32	-396
3	33	-4500
3	34	7540
3	35	4924
3	36	4164
3	37	3252
4	5	6140
4	6	4500
4	7	5716
4	8	-972
4	9	-3252
4	10	8452
4	11	6324
4	12	700
4	13	1156
4	14	-7964
4	15	-6748
4	16	-6444
4	17	4196
4	18	-3436
4	19	-4804
4	20	-4804
4	21	244
4	22	-6324
4	23	1308
4	24	212
4	25	-2676
4	26	1916
4	27	3284
4	28	-852
4	29	2340
4	30	9940
4	31	-820
4	32	-3740
4	33	3708
4	34	-668
4	35	-4196
4	36	6596
4	37	-92
5	6	-3860
5	7	3132
5	8	-9332
5	9	-5836
5	10	5868
5	11	3740
5	12	3892
5	13	10124
5	14	1004
5	15	-3556
5	16	2524
5	17	7388
5	18	4924
5	19	-2220
5	20	-2220
5	21	-2340
5	22	2036
5	23	4500
5	24	2796
5	25	-5868
5	26	-668
5	27	-5076
5	28	1732
5	29	-852
5	30	972
5	31	2372
5	32	-1156
5	33	516
5	34	-3252
5	35	-7388
5	36	3404
5	37	-3284
6	7	-2220
6	8	10244
6	9	972
6	10	820
6	11	-2828
6	12	-8756
6	13	-9212
6	14	-5868
6	15	4468
6	16	-7388
6	17	-700
6	18	-11612
6	19	-4468
6	20	-10244
6	21	3252
6	22	-2948
6	23	-9364
6	24	2068
6	25	-820
6	26	-4196
6	27	212
6	28	3132
6	29	5716
6	30	-1884
6	31	4316
6	32	244
6	33	-1428
6	34	-7388
6	35	6476
6	36	1460
6	37	2372
7	8	-2524
7	9	-244
7	10	-396
7	11	1732
7	12	7356
7	13	1124
7	14	-7084
7	15	-8300
7	16	2948
7	17	3860
7	18	1156
7	19	-3252
7	20	-3252
7	21	-3740
7	22	-7508
7	23	-4804
7	24	-2492
7	25	-5380
7	26	-5412
7	27	4772
7	28	4348
7	29	-4620
7	30	5108
7	31	-2676
7	32	1460
7	33	5564
7	34	-2828
7	35	1916
7	36	-3100
7	37	-7964
8	9	6444
8	10	-5260
8	11	-8908
8	12	-3284
8	13	-9516
8	14	-396
8	15	4164
8	16	-1916
8	17	-6780
8	18	-11308
8	19	-4164
8	20	-4164
8	21	2948
8	22	-2644
8	23	-9668
8	24	2372
8	25	-516
8	26	-4500
8	27	-92
8	28	3436
8	29	244
8	30	-7356
8	31	-1764
8	32	6324
8	33	-6900
8	34	-1916
8	35	12556
8	36	1764
8	37	2676
9	10	-8756
9	11	-6628
9	12	-1004
9	13	-1460
9	14	1884
9	15	-5108
9	16	364
9	17	-10276
9	18	-2036
9	19	-6444
9	20	-668
9	21	-548
9	22	-4924
9	23	-1612
9	24	92
9	25	2980
9	26	-2220
9	27	2188
9	28	1156
9	29	-2036
9	30	-3860
9	31	516
9	32	4044
9	33	-3404
9	34	364
9	35	4500
9	36	-6292
9	37	6172
10	11	10548
10	12	-1156
10	13	-1612
10	14	-4044
10	15	516
10	16	-5564
10	17	1124
10	18	3892
10	19	-516
10	20	-516
10	21	5076
10	22	1004
10	23	4012
10	24	244
10	25	-2644
10	26	3404
10	27	2036
10	28	-4468
10	29	3892
10	30	7844
10	31	364
10	32	-7356
10	33	2524
10	34	212
10	35	-6900
10	36	5412
10	37	548
11	12	972
11	13	516
11	14	-7692
11	15	-3132
11	16	-3436
11	17	3252
11	18	7540
11	19	3132
11	20	3132
11	21	1428
11	22	-1124
11	23	6140
11	24	-1884
11	25	1004
11	26	5532
11	27	4164
11	28	-6596
11	29	1764
11	30	11492
11	31	2492
11	32	-9484
11	33	6172
11	34	2340
11	35	-9028
11	36	3284
11	37	-1580
12	13	6140
12	14	-2068
12	15	-3284
12	16	7964
12	17	3100
12	18	7692
12	19	3284
12	20	3284
12	21	-4500
12	22	-972
12	23	212
12	24	-1732
12	25	-4620
12	26	-396
12	27	-1764
12	28	-668
12	29	-9636
12	30	92
12	31	-3436
12	32	2220
12	33	548
12	34	2188
12	35	2676
12	36	3436
12	37	-7204
13	14	3252
13	15	-3740
13	16	7508
13	17	8420
13	18	8148
13	19	3740
13	20	3740
13	21	-10732
13	22	5260
13	23	11308
13	24	-1276
13	25	1612
13	26	4924
13	27	-7996
13	28	-212
13	29	-3404
13	30	548
13	31	1884
13	32	2676
13	33	1004
13	34	1732
13	35	-8420
13	36	3892
13	37	-972
14	15	5380
14	16	-700
14	17	-5564
14	18	-972
14	19	396
14	20	396
14	21	4164
14	22	7692
14	23	3100
14	24	1156
14	25	-1732
14	26	2492
14	27	-4652
14	28	2220
14	29	-972
14	30	-8572
14	31	-6324
14	32	5108
14	33	-2340
14	34	5076
14	35	-212
14	36	-5228
14	37	7236
15	16	-1916
15	17	-1004
15	18	244
15	19	7388
15	20	-4164
15	21	2948
15	22	8908
15	23	-3892
15	24	-3404
15	25	-516
15	26	1276
15	27	-5868
15	28	-2340
15	29	244
15	30	-7356
15	31	-1764
15	32	548
15	33	-1124
15	34	-1916
15	35	6780
15	36	1764
15	37	2676
16	17	4468
16	18	6324
16	19	1916
16	20	7692
16	21	-8908
16	22	3436
16	23	1580
16	24	2676
16	25	-212
16	26	-4804
16	27	-6172
16	28	3740
16	29	-5228
16	30	-7052
16	31	3708
16	32	6628
16	33	-6596
16	34	-2220
16	35	1308
16	36	2068
16	37	-8572
17	18	-364
17	19	6780
17	20	1004
17	21	-7996
17	22	2524
17	23	2492
17	24	1764
17	25	-1124
17	26	1884
17	27	-5260
17	28	2828
17	29	-364
17	30	3588
17	31	4620
17	32	-60
17	33	4044
17	34	-1308
17	35	-5380
17	36	6932
17	37	-9484
18	19	5532
18	20	5532
18	21	-4316
18	22	4012
18	23	8300
18	24	-6780
18	25	1884
18	26	3132
18	27	-1276
18	28	-7844
18	29	-4652
18	30	2948
18	31	396
18	32	-4956
18	33	2492
18	34	548
18	35	-5412
18	36	-396
18	37	-1308
19	20	4164
19	21	-2948
19	22	8420
19	23	3892
19	24	-2372
19	25	516
19	26	10276
19	27	-5684
19	28	-3436
19	29	-6020
19	30	1580
19	31	1764
19	32	-548
19	33	6900
19	34	7692
19	35	-1004
19	36	4012
19	37	-2676
20	21	-2948
20	22	2644
20	23	9668
20	24	3404
20	25	6292
20	26	4500
20	27	92
20	28	-3436
20	29	-244
20	30	1580
20	31	1764
20	32	-548
20	33	-4652
20	34	7692
20	35	-6780
20	36	4012
20	37	-2676
21	22	-1428
21	23	-5108
21	24	3588
21	25	-5076
21	26	60
21	27	4468
21	28	-1124
21	29	1460
21	30	-364
21	31	-2980
21	32	-4012
21	33	92
21	34	2644
21	35	2220
21	36	-2796
21	37	3892
22	23	5412
22	24	1884
22	25	-1004
22	26	6020
22	27	-9940
22	28	820
22	29	-1764
22	30	-5716
22	31	3284
22	32	3708
22	33	-396
22	34	3436
22	35	-2524
22	36	2492
22	37	1580
23	24	-1124
23	25	7540
23	26	10548
23	27	-2372
23	28	-5836
23	29	2524
23	30	6476
23	31	1732
23	32	-2948
23	33	1156
23	34	7356
23	35	-14044
23	36	4044
23	37	4956
24	25	-6020
24	26	-516
24	27	-4924
24	28	7356
24	29	-1004
24	30	-4956
24	31	8300
24	32	4468
24	33	-5412
24	34	2676
24	35	-1764
24	36	3252
24	37	-3436
25	26	2372
25	27	3740
25	28	-7084
25	29	7660
25	30	3708
25	31	-364
25	32	-4196
25	33	-2524
25	34	-212
25	35	-4652
25	36	364
25	37	5228
26	27	-2980
26	28	-5228
26	29	-2644
26	30	7084
26	31	1124
26	32	-2340
26	33	7540
26	34	12524
26	35	-7660
26	36	4652
26	37	5564
27	28	-3860
27	29	4500
27	30	8452
27	31	-6020
27	32	-6748
27	33	3132
27	34	-396
27	35	-516
27	36	-5532
27	37	1156
28	29	-2068
28	30	-6020
28	31	3588
28	32	9180
28	33	-700
28	34	-2036
28	35	2948
28	36	-3588
28	37	-4500
29	30	2948
29	31	396
29	32	-4956
29	33	-3284
29	34	-5228
29	35	-5412
29	36	-396
29	37	4468
30	31	-1428
30	32	-8908
30	33	10092
30	34	4500
30	35	-9364
30	36	1428
30	37	516
31	32	700
31	33	-972
31	34	-2068
31	35	-4620
31	36	1916
31	37	-2948
32	33	-3588
32	34	852
32	35	5836
32	36	-700
32	37	-1612
33	34	4956
33	35	-4044
33	36	-4804
33	37	60
34	35	-4468
34	36	2068
34	37	2980
35	36	-1156
35	37	-2068
36	37	-2828
