0	1	-2604
0	2	3516
0	3	-7428
0	4	2604
0	5	-1996
0	6	476
0	7	2108
0	8	-3364
0	9	-3020
0	10	10012
0	11	-4692
0	12	2868
0	13	2716
0	14	172
0	15	2564
0	16	3172
0	17	1956
0	18	4540
0	19	2604
0	20	4844
0	21	7276
0	22	7772
0	23	628
0	24	-740
0	25	-5340
0	26	-4540
0	27	-284
0	28	-2260
0	29	-5644
0	30	2564
0	31	-4540
0	32	-2108
0	33	-5340
0	34	7924
0	35	7620
0	36	-8228
0	37	5300
1	2	1804
1	3	1196
1	4	2716
1	5	-3324
1	6	-932
1	7	-7428
1	8	-1956
1	9	-3212
1	10	-3780
1	11	4236
1	12	3364
1	13	-2260
1	14	-628
1	15	-2108
1	16	3060
1	17	-7276
1	18	-4084
1	19	-3060
1	20	1388
1	21	-12596
1	22	-8228
1	23	4692
1	24	284
1	25	5796
1	26	4084
1	27	-5948
1	28	1804
1	29	324
1	30	3668
1	31	-1692
1	32	-4124
1	33	-5756
1	34	-2604
1	35	-2300
1	36	2908
1	37	932
2	3	-284
2	4	-1804
2	5	2412
2	6	-9708
2	7	740
2	8	1044
2	9	-1652
2	10	2868
2	11	-3324
2	12	-4276
2	13	1348
2	14	-4236
2	15	6972
2	16	1804
2	17	-5188
2	18	-2604
2	19	-7580
2	20	3476
2	21	132
2	22	-2412
2	23	7772
2	24	-5148
2	25	-932
2	26	2604
2	27	6860
2	28	-892
2	29	4540
2	30	6972
2	31	2604
2	32	5036
2	33	-932
2	34	3516
2	35	-2564
2	36	-9596
2	37	-1844
3	4	4580
3	5	1804
3	6	-3324
3	7	132
3	8	436
3	9	-1044
3	10	-15068
3	11	-2716
3	12	-4884
3	13	740
3	14	2148
3	15	-5188
3	16	-4580
3	17	-20
3	18	2564
3	19	-6972
3	20	-8684
3	21	-6252
3	22	-7580
3	23	-3172
3	24	1236
3	25	4236
3	26	3212
3	27	1692
3	28	-6060
3	29	3932
3	30	588
3	31	-2564
3	32	5644
3	33	10012
3	34	-1652
3	35	-1956
3	36	7124
3	37	3324
4	5	-8228
4	6	932
4	7	7428
4	8	1956
4	9	-2564
4	10	-1996
4	11	-10012
4	12	-3364
4	13	2260
4	14	628
4	15	-3668
4	16	2716
4	17	1500
4	18	9860
4	19	-2716
4	20	-1388
4	21	1044
4	22	2452
4	23	1084
4	24	-284
4	25	-5796
4	26	-4084
4	27	172
4	28	-7580
4	29	-324
4	30	2108
4	31	-9860
4	32	4124
4	33	-20
4	34	8380
4	35	8076
4	36	2868
4	37	-932
5	6	-324
5	7	-2260
5	8	-2564
5	9	-2604
5	10	-4388
5	11	4844
5	12	2756
5	13	2908
5	14	-20
5	15	-2716
5	16	2452
5	17	-2108
5	18	-10468
5	19	3324
5	20	-4996
5	21	-1652
5	22	-1844
5	23	-476
5	24	-4884
5	25	-588
5	26	-1084
5	27	436
5	28	2412
5	29	-284
5	30	-2716
5	31	4692
5	32	2260
5	33	5188
5	34	-1996
5	35	-7468
5	36	2300
5	37	324
6	7	-1996
6	8	-7468
6	9	-4692
6	10	132
6	11	5188
6	12	4540
6	13	4388
6	14	4276
6	15	-1540
6	16	4844
6	17	3628
6	18	436
6	19	932
6	20	740
6	21	-2604
6	22	324
6	23	-1044
6	24	-2412
6	25	2108
6	26	-436
6	27	-7732
6	28	1844
6	29	-9748
6	30	-1540
6	31	5340
6	32	-3780
6	33	-3668
6	34	-5300
6	35	172
6	36	4996
6	37	1196
7	8	4884
7	9	7276
7	10	3060
7	11	-14156
7	12	-1348
7	13	4580
7	14	-7468
7	15	4732
7	16	-1652
7	17	-436
7	18	8532
7	19	1652
7	20	2452
7	21	11572
7	22	8036
7	23	-2148
7	24	-780
7	25	-10468
7	26	-2756
7	27	4540
7	28	740
7	29	1388
7	30	-6820
7	31	-8532
7	32	12140
7	33	1084
7	34	7884
7	35	8188
7	36	-1804
7	37	-3780
8	9	7580
8	10	2756
8	11	-2300
8	12	-7428
8	13	-7276
8	14	-7164
8	15	-1348
8	16	-1956
8	17	-740
8	18	2452
8	19	1956
8	20	-3628
8	21	5492
8	22	2564
8	23	3932
8	24	-476
8	25	-4996
8	26	3324
8	27	4844
8	28	1044
8	29	12636
8	30	-1348
8	31	-2452
8	32	892
8	33	6556
8	34	2412
8	35	-3060
8	36	-2108
8	37	-9860
9	10	3628
9	11	-4084
9	12	2260
9	13	-3668
9	14	-10772
9	15	7732
9	16	-8988
9	17	-4428
9	18	3932
9	19	3212
9	20	4236
9	21	6668
9	22	2604
9	23	-4540
9	24	5644
9	25	-172
9	26	7620
9	27	324
9	28	9900
9	29	5300
9	30	-9596
9	31	-3932
9	32	4276
9	33	-172
9	34	-3020
9	35	2452
9	36	-3060
9	37	-1084
10	11	-476
10	12	2300
10	13	-3324
10	14	-5340
10	15	8380
10	16	1996
10	17	-2564
10	18	628
10	19	3780
10	20	6100
10	21	9444
10	22	10164
10	23	-20
10	24	1348
10	25	-6820
10	26	-628
10	27	892
10	28	2868
10	29	-740
10	30	2604
10	31	-628
10	32	-3060
10	33	-6820
10	34	4236
10	35	4540
10	36	-9708
10	37	-132
11	12	3932
11	13	-7772
11	14	4884
11	15	-2148
11	16	4236
11	17	-2756
11	18	-11724
11	19	1540
11	20	-5644
11	21	-8988
11	22	-4844
11	23	-436
11	24	-1804
11	25	7276
11	26	5948
11	27	-7124
11	28	2452
11	29	1196
11	30	3628
11	31	11724
11	32	-8948
11	33	1500
11	34	-10468
11	35	-10772
11	36	4388
11	37	588
12	13	-1956
12	14	-932
12	15	3972
12	16	3364
12	17	-6972
12	18	-3780
12	19	8188
12	20	1692
12	21	-740
12	22	3020
12	23	-7164
12	24	-20
12	25	324
12	26	3780
12	27	-12028
12	28	7276
12	29	-5148
12	30	-7580
12	31	-1996
12	32	1348
12	33	-5452
12	34	-2908
12	35	3172
12	36	3212
12	37	7012
13	14	-1084
13	15	-1652
13	16	-2260
13	17	4732
13	18	2148
13	19	-3516
13	20	7620
13	21	-588
13	22	-2908
13	23	4236
13	24	-172
13	25	476
13	26	-7924
13	27	5148
13	28	1348
13	29	-10772
13	30	-1652
13	31	-2148
13	32	1196
13	33	-5300
13	34	2716
13	35	3020
13	36	-2412
13	37	1388
14	15	-7012
14	16	5148
14	17	9708
14	18	740
14	19	628
14	20	-4732
14	21	-2300
14	22	20
14	23	-1348
14	24	-2716
14	25	2412
14	26	-6516
14	27	-2260
14	28	-10012
14	29	-3668
14	30	4540
14	31	5036
14	32	-4084
14	33	2412
14	34	172
14	35	-132
14	36	5300
14	37	1500
15	16	-2108
15	17	-6668
15	18	2300
15	19	-3668
15	20	7772
15	21	5340
15	22	2716
15	23	-1692
15	24	-324
15	25	628
15	26	9252
15	27	-780
15	28	6972
15	29	932
15	30	-1500
15	31	3476
15	32	6820
15	33	-5148
15	34	-3212
15	35	2868
15	36	-8036
15	37	1540
16	17	-1500
16	18	-4084
16	19	2716
16	20	-4388
16	21	-1044
16	22	3324
16	23	4692
16	24	-11268
16	25	-5756
16	26	-1692
16	27	-5948
16	28	-3972
16	29	324
16	30	3668
16	31	4084
16	32	1652
16	33	20
16	34	3172
16	35	-2300
16	36	2908
16	37	-4844
17	18	8684
17	19	1500
17	20	2604
17	21	5948
17	22	2108
17	23	3476
17	24	-932
17	25	1236
17	26	-8684
17	27	4388
17	28	-5188
17	29	-4236
17	30	-892
17	31	2868
17	32	-5340
17	33	1236
17	34	1956
17	35	2260
17	36	-1652
17	37	-3628
18	19	-1692
18	20	5796
18	21	9140
18	22	4692
18	23	284
18	24	1652
18	25	-1348
18	26	-324
18	27	1196
18	28	-2604
18	29	-1044
18	30	-3476
18	31	-6100
18	32	3020
18	33	-1348
18	34	4540
18	35	10620
18	36	-4236
18	37	-436
19	20	-1388
19	21	6820
19	22	8228
19	23	-4692
19	24	-284
19	25	-5796
19	26	-4084
19	27	-5604
19	28	3972
19	29	-324
19	30	-9444
19	31	-4084
19	32	-1652
19	33	-20
19	34	2604
19	35	2300
19	36	2868
19	37	-932
20	21	3060
20	22	-780
20	23	6364
20	24	1956
20	25	4124
20	26	-20
20	27	1500
20	28	9252
20	29	-7124
20	30	-3780
20	31	-20
20	32	-2452
20	33	-13204
20	34	-932
20	35	5148
20	36	-10316
20	37	-740
21	22	13204
21	23	-2756
21	24	-1388
21	25	-9860
21	26	-3364
21	27	3932
21	28	132
21	29	1996
21	30	-6212
21	31	-3364
21	32	5756
21	33	1692
21	34	7276
21	35	7580
21	36	-6972
21	37	-3172
22	23	-5300
22	24	-892
22	25	-10964
22	26	-4692
22	27	-436
22	28	-2412
22	29	284
22	30	-3060
22	31	-4692
22	32	3516
22	33	588
22	34	7772
22	35	7468
22	36	-2300
22	37	-324
23	24	-8036
23	25	1956
23	26	-284
23	27	3972
23	28	1996
23	29	1652
23	30	4084
23	31	5492
23	32	-3628
23	33	-3820
23	34	628
23	35	-5452
23	36	-6708
23	37	-10508
24	25	3324
24	26	-1652
24	27	2604
24	28	628
24	29	-2756
24	30	-324
24	31	-7428
24	32	-4996
24	33	-2452
24	34	-740
24	35	4732
24	36	436
24	37	8188
25	26	7124
25	27	-2908
25	28	4844
25	29	-2716
25	30	628
25	31	7124
25	32	-6860
25	33	-3020
25	34	-11116
25	35	-5036
25	36	-132
25	37	3668
26	27	-6972
26	28	8380
26	29	6820
26	30	-2300
26	31	6100
26	32	2756
26	33	1348
26	34	-10316
26	35	-4844
26	36	-1540
26	37	436
27	28	-4692
27	29	2564
27	30	4996
27	31	-1196
27	32	1236
27	33	2868
27	34	5492
27	35	-588
27	36	-5796
27	37	-3820
28	29	-1236
28	30	-10356
28	31	2604
28	32	-740
28	33	-6708
28	34	-8036
28	35	-2564
28	36	-3820
28	37	-1844
29	30	932
29	31	1044
29	32	4388
29	33	8836
29	34	132
29	35	-5340
29	36	172
29	37	-7580
30	31	3476
30	32	-4732
30	33	628
30	34	2564
30	35	-2908
30	36	-2260
30	37	1540
31	32	-3020
31	33	1348
31	34	-10316
31	35	-10620
31	36	-1540
31	37	-5340
32	33	4692
32	34	3668
32	35	3364
32	36	1804
32	37	-1996
33	34	436
33	35	-5036
33	36	5644
33	37	-2108
34	35	7620
34	36	-2452
34	37	-476
35	36	-2148
35	37	5604
36	37	780
