0	1	4416
0	2	6832
0	3	3808
0	4	3200
0	5	4112
0	6	5464
0	7	-1968
0	8	-7744
0	9	4704
0	10	7592
0	11	6088
0	12	920
0	13	5024
0	14	6392
0	15	5784
0	16	-1680
0	17	-8
0	18	1664
0	19	6392
0	20	-4704
0	21	-1664
0	22	-4400
0	23	-3808
0	24	-1360
0	25	-2120
0	26	2272
0	27	-2120
0	28	1664
0	29	1224
0	30	-2896
0	31	1816
0	32	-3808
0	33	-8200
0	34	4096
0	35	-4856
0	36	-144
0	37	768
1	2	144
1	3	-1056
1	4	-1664
1	5	-6528
1	6	-1224
1	7	-1056
1	8	-1056
1	9	-7760
1	10	904
1	11	1224
1	12	-3944
1	13	160
1	14	1528
1	15	-4856
1	16	-2592
1	17	4856
1	18	-5024
1	19	7304
1	20	1984
1	21	-752
1	22	-3488
1	23	1056
1	24	5328
1	25	4568
1	26	-4416
1	27	4568
1	28	6528
1	29	2136
1	30	1968
1	31	-4872
1	32	6832
1	33	-1512
1	34	3184
1	35	-3944
1	36	-10784
1	37	-9872
2	3	752
2	4	-4416
2	5	448
2	6	7304
2	7	752
2	8	-10800
2	9	2288
2	10	5176
2	11	4248
2	12	9416
2	13	-464
2	14	3944
2	15	4552
2	16	-2880
2	17	-10328
2	18	-6224
2	19	9720
2	20	-8064
2	21	-5328
2	22	3184
2	23	-6528
2	24	144
2	25	-4872
2	26	-6832
2	27	904
2	28	5328
2	29	-8216
2	30	-7440
2	31	-600
2	32	-752
2	33	1208
2	34	2896
2	35	3640
2	36	-1072
2	37	-7760
3	4	-2272
3	5	10192
3	6	-616
3	7	-1664
3	8	-1664
3	9	10176
3	10	1512
3	11	-5160
3	12	1224
3	13	5328
3	14	6696
3	15	312
3	16	-1984
3	17	-312
3	18	-4416
3	19	920
3	20	-4400
3	21	-1360
3	22	7456
3	23	7440
3	24	-1056
3	25	-7592
3	26	-3808
3	27	-1816
3	28	1360
3	29	7304
3	30	8352
3	31	1512
3	32	7440
3	33	3656
3	34	9568
3	35	1224
3	36	160
3	37	1072
4	5	-1968
4	6	-5784
4	7	3504
4	8	3504
4	9	-768
4	10	2120
4	11	5784
4	12	-10936
4	13	-1056
4	14	-5464
4	15	-296
4	16	10176
4	17	6072
4	18	13520
4	19	312
4	20	768
4	21	3808
4	22	-10480
4	23	2272
4	24	-1664
4	25	9128
4	26	8352
4	27	-2424
4	28	-9584
4	29	920
4	30	-2592
4	31	-3656
4	32	-3504
4	33	-2728
4	34	-1376
4	35	-5160
4	36	5328
4	37	6240
5	6	4856
5	7	-1360
5	8	-7136
5	9	15648
5	10	1208
5	11	-4856
5	12	7304
5	13	11408
5	14	1224
5	15	616
5	16	-8064
5	17	-616
5	18	1056
5	19	1224
5	20	-4096
5	21	-6832
5	22	7760
5	23	1360
5	24	-6528
5	25	-7288
5	26	1664
5	27	-1512
5	28	-4720
5	29	1832
5	30	8048
5	31	1208
5	32	1360
5	33	-1816
5	34	3488
5	35	7304
5	36	464
5	37	7152
6	7	-616
6	8	-6392
6	9	3656
6	10	6544
6	11	2880
6	12	8048
6	13	9720
6	14	2576
6	15	3184
6	16	-7288
6	17	-3184
6	18	-4856
6	19	2576
6	20	-9432
6	21	-920
6	22	1816
6	23	-5160
6	24	4552
6	25	-6240
6	26	312
6	27	-464
6	28	920
6	29	-3808
6	30	-296
6	31	768
6	32	-5160
6	33	-5936
6	34	-7288
6	35	2272
6	36	-2440
6	37	-3352
7	8	-1664
7	9	-1376
7	10	7288
7	11	-5160
7	12	-4552
7	13	5328
7	14	-10632
7	15	-5464
7	16	-1984
7	17	-312
7	18	1360
7	19	920
7	20	-4400
7	21	4416
7	22	-4096
7	23	1664
7	24	-1056
7	25	9736
7	26	7744
7	27	3960
7	28	-4416
7	29	1528
7	30	-3200
7	31	-10040
7	32	1664
7	33	-2120
7	34	-1984
7	35	-4552
7	36	160
7	37	1072
8	9	-7152
8	10	-4264
8	11	616
8	12	-10328
8	13	-6224
8	14	920
8	15	312
8	16	9568
8	17	5464
8	18	1360
8	19	-10632
8	20	1376
8	21	10192
8	22	-4096
8	23	7440
8	24	4720
8	25	3960
8	26	1968
8	27	-1816
8	28	1360
8	29	7304
8	30	2576
8	31	1512
8	32	1664
8	33	3656
8	34	-1984
8	35	-4552
8	36	5936
8	37	1072
9	10	1528
9	11	-3656
9	12	7288
9	13	8960
9	14	1816
9	15	2424
9	16	-6528
9	17	-2424
9	18	1680
9	19	1816
9	20	-4416
9	21	-7456
9	22	6832
9	23	1376
9	24	-7760
9	25	-7000
9	26	1072
9	27	-1224
9	28	-4096
9	29	1208
9	30	6240
9	31	1528
9	32	1376
9	33	-920
9	34	5024
9	35	7288
9	36	2576
9	37	7440
10	11	5008
10	12	-1376
10	13	6072
10	14	-1072
10	15	5312
10	16	-3640
10	17	464
10	18	-1208
10	19	4704
10	20	-7304
10	21	1208
10	22	-7608
10	23	-1512
10	24	904
10	25	1664
10	26	3960
10	27	1664
10	28	-1208
10	29	4096
10	30	-2424
10	31	-1360
10	32	-1512
10	33	-3808
10	34	-3640
10	35	-7152
10	36	-312
10	37	-1224
11	12	-2272
11	13	-3944
11	14	3200
11	15	8368
11	16	7288
11	17	3184
11	18	4856
11	19	3200
11	20	-2120
11	21	920
11	22	-7592
11	23	-6392
11	24	1224
11	25	464
11	26	-312
11	27	-5312
11	28	-920
11	29	-1968
11	30	-5480
11	31	5008
11	32	-6392
11	33	160
11	34	-4264
11	35	-2272
11	36	2440
11	37	-2424
12	13	2440
12	14	3808
12	15	3200
12	16	-10648
12	17	-8976
12	18	-7304
12	19	3808
12	20	-1512
12	21	-10024
12	22	10344
12	23	-7000
12	24	-3944
12	25	-10480
12	26	-6696
12	27	1072
12	28	4248
12	29	-7136
12	30	-312
12	31	4400
12	32	-1224
12	33	768
12	34	904
12	35	9888
12	36	-2728
12	37	-1816
13	14	-3640
13	15	-4248
13	16	-8976
13	17	4248
13	18	144
13	19	2136
13	20	-8960
13	21	-144
13	22	2896
13	23	448
13	24	160
13	25	-600
13	26	6528
13	27	-600
13	28	-5632
13	29	2744
13	30	7136
13	31	-5480
13	32	448
13	33	-6680
13	34	-3200
13	35	2440
13	36	-4400
13	37	2288
14	15	8672
14	16	1208
14	17	-2896
14	18	-7000
14	19	-2272
14	20	-1816
14	21	1224
14	22	4264
14	23	-920
14	24	1528
14	25	-10784
14	26	-6392
14	27	-5008
14	28	10328
14	29	4112
14	30	-8
14	31	10480
14	32	-920
14	33	464
14	34	6984
14	35	-1968
14	36	2744
14	37	-2120
15	16	1816
15	17	-2288
15	18	-616
15	19	-2880
15	20	-2424
15	21	616
15	22	-2120
15	23	-6088
15	24	-4856
15	25	-5616
15	26	-8
15	27	-5616
15	28	5160
15	29	3504
15	30	-5176
15	31	11088
15	32	-6088
15	33	-144
15	34	1816
15	35	-2576
15	36	7912
15	37	3048
16	17	3960
16	18	8064
16	19	-4568
16	20	752
16	21	9264
16	22	-5328
16	23	1984
16	24	3184
16	25	3944
16	26	1680
16	27	-7608
16	28	-3488
16	29	600
16	30	-4704
16	31	2136
16	32	-3792
16	33	4248
16	34	-144
16	35	-4872
16	36	7744
16	37	1056
17	18	6392
17	19	-2896
17	20	2424
17	21	5160
17	22	-3656
17	23	312
17	24	-920
17	25	5616
17	26	5784
17	27	-5936
17	28	-5160
17	29	8048
17	30	5176
17	31	464
17	32	312
17	33	144
17	34	-1816
17	35	-3200
17	36	-2136
17	37	2728
18	19	-1224
18	20	4096
18	21	1056
18	22	-7760
18	23	-1360
18	24	-5024
18	25	7288
18	26	9888
18	27	-4264
18	28	-12608
18	29	-1832
18	30	-2272
18	31	-1208
18	32	-7136
18	33	-3960
18	34	-3488
18	35	-1528
18	36	5312
18	37	10176
19	20	-1816
19	21	-10328
19	22	-1512
19	23	-920
19	24	1528
19	25	768
19	26	-6392
19	27	6544
19	28	-1224
19	29	-7440
19	30	-8
19	31	-6848
19	32	4856
19	33	464
19	34	1208
19	35	3808
19	36	-8808
19	37	-7896
20	21	-4096
20	22	-1056
20	23	-1376
20	24	-3792
20	25	1224
20	26	-1072
20	27	1224
20	28	-1680
20	29	-1208
20	30	-464
20	31	4248
20	32	-1376
20	33	920
20	34	752
20	35	-1512
20	36	-2576
20	37	4112
21	22	-3792
21	23	1360
21	24	5024
21	25	4264
21	26	7440
21	27	-7288
21	28	1056
21	29	7608
21	30	-3504
21	31	1208
21	32	-4416
21	33	-1816
21	34	-2288
21	35	-10024
21	36	6240
21	37	1376
22	23	-1680
22	24	-3488
22	25	-10024
22	26	-7152
22	27	-4248
22	28	3792
22	29	-904
22	30	5008
22	31	3944
22	32	4096
22	33	7000
22	34	6224
22	35	10344
22	36	-2272
22	37	-1360
23	24	6832
23	25	1816
23	26	-1968
23	27	7592
23	28	-1360
23	29	4248
23	30	8976
23	31	-7288
23	32	9888
23	33	2120
23	34	1984
23	35	-1224
23	36	-160
23	37	-1072
24	25	-1208
24	26	-4416
24	27	4568
24	28	752
24	29	-3640
24	30	1968
24	31	-4872
24	32	1056
24	33	-1512
24	34	-8368
24	35	-3944
24	36	-5008
24	37	-9872
25	26	7896
25	27	3808
25	28	-4264
25	29	1376
25	30	-3048
25	31	-9888
25	32	1816
25	33	-2272
25	34	-1832
25	35	-4704
25	36	8
25	37	920
26	27	-3656
26	28	-7440
26	29	4552
26	30	-2880
26	31	-1816
26	32	-7744
26	33	-9128
26	34	-4096
26	35	-6696
26	36	5920
26	37	10784
27	28	1512
27	29	-4400
27	30	2728
27	31	-9888
27	32	7592
27	33	-2272
27	34	-1832
27	35	1072
27	36	-5768
27	37	-4856
28	29	3944
28	30	-2272
28	31	4568
28	32	4416
28	33	1816
28	34	8064
28	35	-1528
28	36	-464
28	37	-7152
29	30	5160
29	31	4096
29	32	4248
29	33	1072
29	34	6376
29	35	-7136
29	36	3352
29	37	4264
30	31	-2424
30	32	8976
30	33	3032
30	34	1072
30	35	5464
30	36	-5024
30	37	-160
31	32	-7288
31	33	1968
31	34	2136
31	35	-1376
31	36	5464
31	37	4552
32	33	7896
32	34	7760
32	35	4552
32	36	-5936
32	37	-6848
33	34	4248
33	35	6544
33	36	-296
33	37	-5160
34	35	904
34	36	1968
34	37	1056
35	36	-2728
35	37	-1816
36	37	8672
