0	1	-9336
0	2	-14136
0	3	14536
0	4	-11464
0	5	-5536
0	6	664
0	7	-64
0	8	-8936
0	9	1064
0	10	-9736
0	11	-10464
0	12	-5664
0	13	6136
0	14	-19736
0	15	-9664
0	16	-1264
0	17	-16136
0	18	664
0	19	6136
0	20	-4464
0	21	-3536
0	22	10736
0	23	-5536
0	24	3864
0	25	-9136
0	26	-736
0	27	10464
0	28	-5664
0	29	-3736
0	30	11336
0	31	2936
0	32	5664
0	33	15664
0	34	-5464
0	35	9136
0	36	-9864
0	37	1664
0	38	936
0	39	10064
0	40	21464
0	41	14336
0	42	7464
0	43	5536
0	44	6464
0	45	-5936
0	46	-16664
0	47	-2736
0	48	5664
0	49	1136
1	2	264
1	3	136
1	4	-5864
1	5	-1136
1	6	-4936
1	7	-4464
1	8	-4536
1	9	5464
1	10	4664
1	11	5136
1	12	9936
1	13	1736
1	14	4664
1	15	15936
1	16	-5664
1	17	-1736
1	18	-4936
1	19	1736
1	20	1136
1	21	864
1	22	-3664
1	23	-1136
1	24	8264
1	25	5264
1	26	-6336
1	27	-5136
1	28	-64
1	29	-9336
1	30	-3064
1	31	-1464
1	32	-9936
1	33	-9936
1	34	-9864
1	35	-15264
1	36	5736
1	37	-3936
1	38	-3464
1	39	-5536
1	40	-4136
1	41	-10064
1	42	11864
1	43	1136
1	44	864
1	45	-1536
1	46	-1064
1	47	1664
1	48	64
1	49	6736
2	3	-15064
2	4	8936
2	5	4064
2	6	10264
2	7	336
2	8	10664
2	9	10664
2	10	-136
2	11	9936
2	12	4736
2	13	-3464
2	14	9864
2	15	736
2	16	-10864
2	17	13464
2	18	10264
2	19	6536
2	20	-4064
2	21	6064
2	22	1136
2	23	-5936
2	24	-6536
2	25	10464
2	26	-1136
2	27	-9936
2	28	14736
2	29	5864
2	30	1736
2	31	-16664
2	32	-14736
2	33	-4736
2	34	14936
2	35	-464
2	36	536
2	37	1264
2	38	1336
2	39	-336
2	40	-8936
2	41	-5264
2	42	-12936
2	43	5936
2	44	-3936
2	45	-6336
2	46	13736
2	47	6864
2	48	-4736
2	49	1536
3	4	-19336
3	5	-13664
3	6	136
3	7	-10736
3	8	-264
3	9	-264
3	10	536
3	11	-10336
3	12	4864
3	13	13064
3	14	-9464
3	15	-1136
3	16	10464
3	17	-13064
3	18	136
3	19	-6936
3	20	-6336
3	21	-5664
3	22	-1536
3	23	-3664
3	24	6936
3	25	-64
3	26	1536
3	27	336
3	28	-5136
3	29	-5464
3	30	-2136
3	31	6264
3	32	5136
3	33	5136
3	34	-15336
3	35	10064
3	36	-10936
3	37	-10864
3	38	-1736
3	39	736
3	40	9336
3	41	14864
3	42	3336
3	43	3664
3	44	4336
3	45	-3264
3	46	-14136
3	47	3536
3	48	5136
3	49	-1936
4	5	10336
4	6	-5864
4	7	15264
4	8	3736
4	9	3736
4	10	4536
4	11	5664
4	12	864
4	13	-10936
4	14	14536
4	15	-5136
4	16	-3536
4	17	10936
4	18	4136
4	19	-936
4	20	-336
4	21	-1664
4	22	-5536
4	23	336
4	24	936
4	25	3936
4	26	5536
4	27	4336
4	28	10864
4	29	8536
4	30	-6136
4	31	2264
4	32	-864
4	33	-864
4	34	10664
4	35	-3936
4	36	5064
4	37	13136
4	38	-5736
4	39	-5264
4	40	-16664
4	41	-9136
4	42	-12664
4	43	-336
4	44	-11664
4	45	10736
4	46	21864
4	47	-2464
4	48	-10864
4	49	-5936
5	6	-1136
5	7	1736
5	8	-10736
5	9	-736
5	10	-11536
5	11	1336
5	12	-3864
5	13	-12064
5	14	-1536
5	15	2136
5	16	-9464
5	17	12064
5	18	-11136
5	19	7936
5	20	-2664
5	21	-5336
5	22	-7464
5	23	2664
5	24	2064
5	25	-10936
5	26	7464
5	27	8664
5	28	6136
5	29	-5536
5	30	3136
5	31	4736
5	32	-6136
5	33	-6136
5	34	6336
5	35	-9064
5	36	1936
5	37	-136
5	38	-7264
5	39	8264
5	40	-336
5	41	-3864
5	42	-4336
5	43	-2664
5	44	4664
5	45	2264
5	46	5136
5	47	-14536
5	48	3864
5	49	2936
6	7	-4464
6	8	-4536
6	9	-4536
6	10	-5336
6	11	-4864
6	12	-64
6	13	-8264
6	14	-5336
6	15	5936
6	16	-5664
6	17	8264
6	18	5064
6	19	1736
6	20	-8864
6	21	-9136
6	22	6336
6	23	-11136
6	24	-1736
6	25	-4736
6	26	-6336
6	27	4864
6	28	-64
6	29	-9336
6	30	-3064
6	31	-21464
6	32	-9936
6	33	10064
6	34	136
6	35	4736
6	36	5736
6	37	-3936
6	38	6536
6	39	4464
6	40	5864
6	41	9936
6	42	-8136
6	43	11136
6	44	10864
6	45	-11536
6	46	-1064
6	47	1664
6	48	10064
6	49	6736
7	8	-4864
7	9	5136
7	10	-4064
7	11	4264
7	12	-10536
7	13	-2336
7	14	5936
7	15	-6536
7	16	5064
7	17	2336
7	18	-4464
7	19	7664
7	20	8264
7	21	-264
7	22	3064
7	23	1736
7	24	2336
7	25	5336
7	26	-3064
7	27	5736
7	28	-536
7	29	-64
7	30	2464
7	31	864
7	32	10536
7	33	10536
7	34	-736
7	35	4664
7	36	3664
7	37	24536
7	38	-7136
7	39	-13864
7	40	-5264
7	41	-10536
7	42	-1264
7	43	-1736
7	44	-10264
7	45	12136
7	46	10464
7	47	8936
7	48	-9464
7	49	-7336
8	9	5864
8	10	15064
8	11	4736
8	12	9536
8	13	11336
8	14	15064
8	15	-4464
8	16	3936
8	17	-1336
8	18	15464
8	19	-8664
8	20	736
8	21	11264
8	22	-4064
8	23	-736
8	24	-11336
8	25	15664
8	26	4064
8	27	-14736
8	28	9536
8	29	21064
8	30	-3464
8	31	-1864
8	32	464
8	33	-9536
8	34	9736
8	35	4336
8	36	-4664
8	37	-3536
8	38	6136
8	39	-5136
8	40	-13736
8	41	-464
8	42	-7736
8	43	736
8	44	-8736
8	45	-1136
8	46	8536
8	47	12064
8	48	-9536
8	49	-3664
9	10	-4936
9	11	4736
9	12	9536
9	13	11336
9	14	5064
9	15	-4464
9	16	-6064
9	17	-1336
9	18	5464
9	19	11336
9	20	-9264
9	21	1264
9	22	-4064
9	23	-10736
9	24	8664
9	25	15664
9	26	4064
9	27	-4736
9	28	19536
9	29	1064
9	30	6536
9	31	-1864
9	32	-9536
9	33	464
9	34	-264
9	35	4336
9	36	-14664
9	37	6464
9	38	-13864
9	39	-5136
9	40	-3736
9	41	-464
9	42	-7736
9	43	10736
9	44	-8736
9	45	-1136
9	46	8536
9	47	12064
9	48	-9536
9	49	-3664
10	11	-4464
10	12	10336
10	13	2136
10	14	14264
10	15	6336
10	16	4736
10	17	-2136
10	18	14664
10	19	-17864
10	20	1536
10	21	464
10	22	-3264
10	23	-1536
10	24	-2136
10	25	4864
10	26	3264
10	27	-5536
10	28	336
10	29	10264
10	30	-12664
10	31	-1064
10	32	-336
10	33	-10336
10	34	536
10	35	-4864
10	36	6136
10	37	-4336
10	38	6936
10	39	-5936
10	40	-14536
10	41	336
10	42	1464
10	43	1536
10	44	-9536
10	45	-1936
10	46	9336
10	47	1264
10	48	-336
10	49	-2864
11	12	-136
11	13	-1936
11	14	5536
11	15	-6136
11	16	-4536
11	17	1936
11	18	-4864
11	19	8064
11	20	8664
11	21	19336
11	22	3464
11	23	11336
11	24	-8064
11	25	14936
11	26	-13464
11	27	-14664
11	28	-136
11	29	9536
11	30	2864
11	31	1264
11	32	136
11	33	136
11	34	9664
11	35	-4936
11	36	4064
11	37	4136
11	38	3264
11	39	-4264
11	40	-5664
11	41	-20136
11	42	-1664
11	43	-11336
11	44	-664
11	45	11736
11	46	864
11	47	8536
11	48	-19864
11	49	3064
12	13	3264
12	14	10336
12	15	9064
12	16	-9336
12	17	-3264
12	18	9936
12	19	-6736
12	20	-16136
12	21	-5864
12	22	-11336
12	23	-13864
12	24	6736
12	25	9736
12	26	1336
12	27	136
12	28	15064
12	29	4336
12	30	-11936
12	31	-3536
12	32	-15064
12	33	-5064
12	34	-5136
12	35	-9736
12	36	-736
12	37	-11064
12	38	-1536
12	39	536
12	40	-10864
12	41	5064
12	42	-6864
12	43	13864
12	44	4136
12	45	-3464
12	46	6064
12	47	3336
12	48	-5064
12	49	8264
13	14	2136
13	15	-2736
13	16	8864
13	17	-11464
13	18	1736
13	19	1464
13	20	2064
13	21	5936
13	22	-3136
13	23	-2064
13	24	-1464
13	25	11536
13	26	3136
13	27	-8064
13	28	3264
13	29	6136
13	30	6264
13	31	4664
13	32	6736
13	33	-3264
13	34	-6936
13	35	8464
13	36	-12536
13	37	736
13	38	-3336
13	39	-7664
13	40	936
13	41	3264
13	42	4936
13	43	2064
13	44	-4064
13	45	-1664
13	46	-5736
13	47	15136
13	48	-3264
13	49	-3536
14	15	6336
14	16	4736
14	17	7864
14	18	4664
14	19	-7864
14	20	1536
14	21	464
14	22	-13264
14	23	-1536
14	24	-2136
14	25	14864
14	26	3264
14	27	-5536
14	28	10336
14	29	10264
14	30	-12664
14	31	-1064
14	32	-336
14	33	-10336
14	34	536
14	35	-4864
14	36	6136
14	37	5664
14	38	-3064
14	39	-15936
14	40	-24536
14	41	-9664
14	42	-8536
14	43	1536
14	44	-9536
14	45	8064
14	46	19336
14	47	11264
14	48	-10336
14	49	-2864
15	16	-5336
15	17	2736
15	18	-4064
15	19	-2736
15	20	-2136
15	21	-9864
15	22	-7336
15	23	-7864
15	24	2736
15	25	-4264
15	26	-2664
15	27	6136
15	28	-936
15	29	-9664
15	30	-7936
15	31	-9536
15	32	-9064
15	33	-9064
15	34	-11136
15	35	-15736
15	36	13264
15	37	-5064
15	38	2464
15	39	-3464
15	40	-4864
15	41	-936
15	42	9136
15	43	7864
15	44	10136
15	45	-7464
15	46	64
15	47	-664
15	48	10936
15	49	12264
16	17	1136
16	18	-5664
16	19	-11136
16	20	9464
16	21	-1464
16	22	-5736
16	23	10536
16	24	1136
16	25	4136
16	26	5736
16	27	-5464
16	28	-9336
16	29	-1264
16	30	-6336
16	31	12064
16	32	19336
16	33	-664
16	34	-9536
16	35	15864
16	36	-5136
16	37	3336
16	38	-5936
16	39	-15064
16	40	-6464
16	41	664
16	42	-2464
16	43	-10536
16	44	-11464
16	45	10936
16	46	1664
16	47	7736
16	48	-664
16	49	-16136
17	18	-1736
17	19	-1464
17	20	-2064
17	21	-5936
17	22	-6864
17	23	2064
17	24	1464
17	25	-1536
17	26	6864
17	27	-1936
17	28	6736
17	29	-6136
17	30	-6264
17	31	-4664
17	32	-6736
17	33	-6736
17	34	6936
17	35	1536
17	36	2536
17	37	-736
17	38	-6664
17	39	-2336
17	40	-10936
17	41	-3264
17	42	-14936
17	43	-2064
17	44	-5936
17	45	1664
17	46	15736
17	47	-5136
17	48	3264
17	49	-6464
18	19	-8264
18	20	-8864
18	21	864
18	22	6336
18	23	-11136
18	24	-1736
18	25	5264
18	26	3664
18	27	-5136
18	28	9936
18	29	10664
18	30	-3064
18	31	-11464
18	32	-9936
18	33	64
18	34	10136
18	35	4736
18	36	-4264
18	37	-3936
18	38	6536
18	39	4464
18	40	-4136
18	41	9936
18	42	-8136
18	43	11136
18	44	-9136
18	45	-11536
18	46	8936
18	47	1664
18	48	64
18	49	-3264
19	20	2064
19	21	5936
19	22	6864
19	23	-2064
19	24	-1464
19	25	1536
19	26	-6864
19	27	1936
19	28	3264
19	29	-3864
19	30	16264
19	31	-5336
19	32	-3264
19	33	6736
19	34	3064
19	35	-1536
19	36	-2536
19	37	10736
19	38	-3336
19	39	2336
19	40	10936
19	41	-6736
19	42	4936
19	43	2064
19	44	5936
19	45	-1664
19	46	-5736
19	47	5136
19	48	-3264
19	49	6464
20	21	15336
20	22	7464
20	23	17336
20	24	-12064
20	25	936
20	26	-7464
20	27	-8664
20	28	-16136
20	29	5536
20	30	6864
20	31	5264
20	32	16136
20	33	-3864
20	34	3664
20	35	-936
20	36	8064
20	37	10136
20	38	7264
20	39	-8264
20	40	336
20	41	-16136
20	42	14336
20	43	-17336
20	44	-4664
20	45	7736
20	46	-5136
20	47	4536
20	48	-3864
20	49	-2936
21	22	10536
21	23	14664
21	24	-15936
21	25	11064
21	26	-10536
21	27	-19336
21	28	-5864
21	29	16464
21	30	11136
21	31	2736
21	32	5864
21	33	-4136
21	34	14336
21	35	-1064
21	36	-64
21	37	1864
21	38	10736
21	39	264
21	40	1664
21	41	-15864
21	42	7664
21	43	-14664
21	44	-3336
21	45	4264
21	46	-6864
21	47	7464
21	48	-14136
21	49	936
22	23	2536
22	24	-6864
22	25	-3864
22	26	-12264
22	27	-3464
22	28	-11336
22	29	736
22	30	11664
22	31	-9936
22	32	1336
22	33	11336
22	34	8464
22	35	3864
22	36	2864
22	37	5336
22	38	12064
22	39	6936
22	40	15536
22	41	-1336
22	42	9536
22	43	-2536
22	44	536
22	45	-7064
22	46	-10336
22	47	-264
22	48	1336
22	49	1864
23	24	-7936
23	25	-936
23	26	-2536
23	27	-11336
23	28	-13864
23	29	4464
23	30	3136
23	31	14736
23	32	13864
23	33	-6136
23	34	6336
23	35	936
23	36	1936
23	37	-136
23	38	2736
23	39	-1736
23	40	-336
23	41	-13864
23	42	5664
23	43	-22664
23	44	-5336
23	45	12264
23	46	-4864
23	47	-4536
23	48	-6136
23	49	-7064
24	25	-1536
24	26	6864
24	27	8064
24	28	6736
24	29	-16136
24	30	-6264
24	31	5336
24	32	-6736
24	33	3264
24	34	-13064
24	35	1536
24	36	-7464
24	37	-736
24	38	-16664
24	39	-2336
24	40	-936
24	41	6736
24	42	-4936
24	43	7936
24	44	-5936
24	45	1664
24	46	5736
24	47	-5136
24	48	3264
24	49	-6464
25	26	-6136
25	27	-14936
25	28	9736
25	29	10864
25	30	-3264
25	31	-1664
25	32	264
25	33	264
25	34	-64
25	35	4536
25	36	-4464
25	37	6264
25	38	-3664
25	39	-15336
25	40	-13936
25	41	-10264
25	42	-7936
25	43	936
25	44	-8936
25	45	8664
25	46	8736
25	47	21864
25	48	-19736
25	49	-3464
26	27	3464
26	28	11336
26	29	-736
26	30	-1664
26	31	9936
26	32	-1336
26	33	-11336
26	34	1536
26	35	6136
26	36	-12864
26	37	-5336
26	38	-12064
26	39	3064
26	40	-5536
26	41	11336
26	42	-9536
26	43	2536
26	44	-10536
26	45	-2936
26	46	10336
26	47	-9736
26	48	8664
26	49	-11864
27	28	136
27	29	-9536
27	30	-2864
27	31	-1264
27	32	-136
27	33	9864
27	34	-9664
27	35	-5064
27	36	5936
27	37	5864
27	38	-3264
27	39	4264
27	40	5664
27	41	10136
27	42	1664
27	43	11336
27	44	10664
27	45	-1736
27	46	-864
27	47	-8536
27	48	9864
27	49	6936
28	29	4336
28	30	-1936
28	31	-3536
28	32	-15064
28	33	-5064
28	34	4864
28	35	264
28	36	-10736
28	37	-1064
28	38	-11536
28	39	536
28	40	-10864
28	41	5064
28	42	-16864
28	43	13864
28	44	-5864
28	45	-3464
28	46	16064
28	47	3336
28	48	-5064
28	49	-1736
29	30	1336
29	31	2936
29	32	5664
29	33	-4336
29	34	14536
29	35	-864
29	36	136
29	37	1664
29	38	10936
29	39	64
29	40	-8536
29	41	-5664
29	42	-2536
29	43	-4464
29	44	-3536
29	45	4064
29	46	3336
29	47	7264
29	48	-14336
29	49	1136
30	31	-536
30	32	1936
30	33	1936
30	34	7864
30	35	3264
30	36	-7736
30	37	5936
30	38	1464
30	39	7536
30	40	16136
30	41	-1936
30	42	10136
30	43	-3136
30	44	1136
30	45	-6464
30	46	-10936
30	47	336
30	48	1936
30	49	1264
31	32	13536
31	33	-6464
31	34	-3736
31	35	1664
31	36	-9336
31	37	-2464
31	38	-10136
31	39	-864
31	40	-2264
31	41	-3536
31	42	1736
31	43	-14736
31	44	-7264
31	45	15136
31	46	-2536
31	47	-8064
31	48	-6464
31	49	-10336
32	33	5064
32	34	-4864
32	35	9736
32	36	736
32	37	11064
32	38	1536
32	39	-10536
32	40	864
32	41	-5064
32	42	6864
32	43	-13864
32	44	-4136
32	45	13464
32	46	-6064
32	47	6664
32	48	-4936
32	49	-8264
33	34	-4864
33	35	9736
33	36	736
33	37	11064
33	38	1536
33	39	-536
33	40	10864
33	41	4936
33	42	-3136
33	43	6136
33	44	5864
33	45	3464
33	46	-6064
33	47	6664
33	48	-4936
33	49	1736
34	35	64
34	36	-936
34	37	-864
34	38	8264
34	39	10736
34	40	-664
34	41	-5136
34	42	-6664
34	43	-6336
34	44	-5664
34	45	-3264
34	46	5864
34	47	-6464
34	48	-4864
34	49	-1936
35	36	-15536
35	37	3736
35	38	-6336
35	39	-4664
35	40	3936
35	41	10264
35	42	-12064
35	43	-936
35	44	-11064
35	45	1336
35	46	1264
35	47	8136
35	48	-264
35	49	-16536
36	37	4736
36	38	12664
36	39	-3664
36	40	-5064
36	41	-10736
36	42	8936
36	43	-1936
36	44	9936
36	45	2336
36	46	264
36	47	-864
36	48	736
36	49	12464
37	38	-4464
37	39	-14536
37	40	-3136
37	41	-11064
37	42	2864
37	43	136
37	44	-8136
37	45	9464
37	46	7936
37	47	12664
37	48	-8936
37	49	-4264
38	39	7136
38	40	5736
38	41	-1536
38	42	9736
38	43	-2736
38	44	10736
38	45	-6864
38	46	-10536
38	47	-64
38	48	1536
38	49	11664
39	40	15264
39	41	10536
39	42	1264
39	43	1736
39	44	10264
39	45	-12136
39	46	-10464
39	47	-18936
39	48	9464
39	49	7336
40	41	9136
40	42	12664
40	43	336
40	44	11664
40	45	-10736
40	46	-21864
40	47	-7536
40	48	10864
40	49	5936
41	42	-6864
41	43	13864
41	44	4136
41	45	-13464
41	46	-3936
41	47	-6664
41	48	14936
41	49	-1736
42	43	-5664
42	44	7664
42	45	-4736
42	46	-17864
42	47	-1536
42	48	6864
42	49	9936
43	44	5336
43	45	-12264
43	46	4864
43	47	4536
43	48	6136
43	49	7064
44	45	-5736
44	46	-16864
44	47	-2536
44	48	5864
44	49	20936
45	46	5536
45	47	5064
45	48	-16536
45	49	-6664
46	47	2336
46	48	-6064
46	49	-10736
47	48	-13336
47	49	136
48	49	1736
