0	1	-7876
0	2	10524
0	3	7876
0	4	2124
0	5	-5924
0	6	5924
0	7	-3276
0	8	-2724
0	9	1324
0	10	1876
0	11	6876
0	12	2076
0	13	-6924
0	14	13276
0	15	-6924
0	16	11324
0	17	7324
0	18	1324
0	19	1476
0	20	-724
0	21	2124
0	22	2724
0	23	10724
0	24	1524
0	25	-12276
0	26	-2524
0	27	8476
0	28	-4076
0	29	-1524
0	30	-524
0	31	-7676
0	32	7524
0	33	5124
0	34	-3876
0	35	-12276
0	36	-2724
0	37	6324
0	38	3876
0	39	-2524
0	40	7324
0	41	2124
0	42	6324
0	43	3276
0	44	-2124
0	45	-1876
0	46	2476
0	47	4324
0	48	6924
0	49	11676
1	2	-14324
1	3	-4076
1	4	-15924
1	5	-276
1	6	276
1	7	-524
1	8	-3476
1	9	4876
1	10	1924
1	11	-3076
1	12	1724
1	13	724
1	14	524
1	15	20724
1	16	4876
1	17	-1124
1	18	4876
1	19	2324
1	20	4524
1	21	4076
1	22	-6524
1	23	-4524
1	24	-5324
1	25	-1524
1	26	6324
1	27	-4676
1	28	20276
1	29	5324
1	30	-5676
1	31	3876
1	32	-11324
1	33	1076
1	34	76
1	35	-1524
1	36	-3476
1	37	-124
1	38	-10076
1	39	6324
1	40	8876
1	41	4076
1	42	-124
1	43	10524
1	44	-14076
1	45	8076
1	46	11324
1	47	1876
1	48	-10724
1	49	2124
2	3	4324
2	4	5676
2	5	-11876
2	6	1876
2	7	11076
2	8	4924
2	9	6476
2	10	-9676
2	11	15324
2	12	10124
2	13	-876
2	14	-1076
2	15	-10876
2	16	6476
2	17	10476
2	18	-3524
2	19	10724
2	20	-7076
2	21	-4324
2	22	5076
2	23	-2924
2	24	6276
2	25	-9924
2	26	4724
2	27	3724
2	28	-8124
2	29	3724
2	30	2724
2	31	-4524
2	32	10276
2	33	12676
2	34	11676
2	35	-9924
2	36	4924
2	37	1476
2	38	8324
2	39	4724
2	40	476
2	41	-14324
2	42	1476
2	43	-1076
2	44	4324
2	45	-324
2	46	-276
2	47	13476
2	48	876
2	49	10524
3	4	5924
3	5	-9724
3	6	9724
3	7	10524
3	8	3476
3	9	5124
3	10	-1924
3	11	3076
3	12	-1724
3	13	-724
3	14	9476
3	15	-10724
3	16	5124
3	17	1124
3	18	-4876
3	19	7676
3	20	-4524
3	21	15924
3	22	-3476
3	23	4524
3	24	-4676
3	25	1524
3	26	-6324
3	27	4676
3	28	-10276
3	29	4676
3	30	5676
3	31	-3876
3	32	1324
3	33	-1076
3	34	-76
3	35	-8476
3	36	-6524
3	37	124
3	38	76
3	39	3676
3	40	11124
3	41	-4076
3	42	124
3	43	-524
3	44	-5924
3	45	-8076
3	46	-1324
3	47	-1876
3	48	724
3	49	-2124
4	5	9724
4	6	276
4	7	-524
4	8	6524
4	9	-5124
4	10	1924
4	11	-3076
4	12	1724
4	13	10724
4	14	-9476
4	15	-9276
4	16	-15124
4	17	8876
4	18	4876
4	19	2324
4	20	4524
4	21	4076
4	22	13476
4	23	5476
4	24	4676
4	25	8476
4	26	-3676
4	27	-4676
4	28	-9724
4	29	-4676
4	30	4324
4	31	-6124
4	32	-1324
4	33	1076
4	34	76
4	35	-1524
4	36	-3476
4	37	-124
4	38	9924
4	39	6324
4	40	-1124
4	41	-5924
4	42	-124
4	43	-19476
4	44	5924
4	45	-11924
4	46	-8676
4	47	-8124
4	48	-724
4	49	-7876
5	6	-6476
5	7	-5676
5	8	9676
5	9	-11076
5	10	14276
5	11	-20724
5	12	-5524
5	13	5476
5	14	-14324
5	15	5476
5	16	-21076
5	17	4924
5	18	8924
5	19	-6124
5	20	11676
5	21	-10276
5	22	10324
5	23	-1676
5	24	-876
5	25	15324
5	26	-10124
5	27	-9124
5	28	3524
5	29	-9124
5	30	1876
5	31	-76
5	32	-4876
5	33	-7276
5	34	-6276
5	35	5324
5	36	-324
5	37	3924
5	38	-3724
5	39	-124
5	40	-5076
5	41	-276
5	42	3924
5	43	-14324
5	44	276
5	45	-4276
5	46	-5124
5	47	-18076
5	48	4524
5	49	-5924
6	7	5676
6	8	324
6	9	11076
6	10	-4276
6	11	724
6	12	15524
6	13	-5476
6	14	4324
6	15	-5476
6	16	1076
6	17	-4924
6	18	-8924
6	19	6124
6	20	-1676
6	21	10276
6	22	-10324
6	23	-8324
6	24	876
6	25	4676
6	26	10124
6	27	-876
6	28	-3524
6	29	9124
6	30	8124
6	31	10076
6	32	-5124
6	33	7276
6	34	-13724
6	35	4676
6	36	324
6	37	-13924
6	38	3724
6	39	10124
6	40	5076
6	41	10276
6	42	-13924
6	43	-5676
6	44	-276
6	45	4276
6	46	-14876
6	47	8076
6	48	5476
6	49	-4076
7	8	11124
7	9	276
7	10	-3476
7	11	1524
7	12	6324
7	13	-4676
7	14	-4876
7	15	-4676
7	16	276
7	17	4276
7	18	-9724
7	19	16924
7	20	-876
7	21	-524
7	22	-1124
7	23	-9124
7	24	-9924
7	25	3876
7	26	924
7	27	-76
7	28	-4324
7	29	-76
7	30	-1076
7	31	-724
7	32	4076
7	33	-3524
7	34	5476
7	35	-6124
7	36	1124
7	37	-4724
7	38	-5476
7	39	10924
7	40	4276
7	41	-10524
7	42	-4724
7	43	-4876
7	44	524
7	45	3476
7	46	-4076
7	47	7276
7	48	4676
7	49	-3276
8	9	-4276
8	10	7476
8	11	-7524
8	12	-2324
8	13	-1324
8	14	-11124
8	15	-1324
8	16	-14276
8	17	1724
8	18	-4276
8	19	7076
8	20	4876
8	21	-3476
8	22	-2876
8	23	-4876
8	24	5924
8	25	12124
8	26	-6924
8	27	-15924
8	28	324
8	29	-5924
8	30	5076
8	31	6724
8	32	-8076
8	33	-476
8	34	10524
8	35	2124
8	36	12876
8	37	10724
8	38	-524
8	39	3076
8	40	-8276
8	41	-13476
8	42	10724
8	43	-11124
8	44	3476
8	45	-7476
8	46	-1924
8	47	-1276
8	48	1324
8	49	-2724
9	10	-8876
9	11	6124
9	12	10924
9	13	9924
9	14	-276
9	15	-76
9	16	5676
9	17	-324
9	18	5676
9	19	1524
9	20	-16276
9	21	4876
9	22	-5724
9	23	-13724
9	24	5476
9	25	-724
9	26	5524
9	27	4524
9	28	1076
9	29	24524
9	30	13524
9	31	4676
9	32	-524
9	33	21876
9	34	876
9	35	-724
9	36	-4276
9	37	-9324
9	38	-876
9	39	5524
9	40	9676
9	41	-5124
9	42	-9324
9	43	9724
9	44	-14876
9	45	-1124
9	46	524
9	47	2676
9	48	-9924
9	49	11324
10	11	-12924
10	12	-7724
10	13	3276
10	14	-6524
10	15	3276
10	16	-8876
10	17	-2876
10	18	11124
10	19	1676
10	20	-524
10	21	-8076
10	22	2524
10	23	10524
10	24	-8676
10	25	7524
10	26	-12324
10	27	-1324
10	28	5724
10	29	-11324
10	30	-10324
10	31	-7876
10	32	-2676
10	33	-5076
10	34	-4076
10	35	-2476
10	36	-2524
10	37	6124
10	38	-15924
10	39	-2324
10	40	-2876
10	41	1924
10	42	6124
10	43	-6524
10	44	-1924
10	45	-12076
10	46	2676
10	47	-5876
10	48	6724
10	49	1876
11	12	7276
11	13	-1724
11	14	8476
11	15	-1724
11	16	16124
11	17	2124
11	18	-3876
11	19	6676
11	20	-5524
11	21	6924
11	22	-2476
11	23	5524
11	24	6324
11	25	-17476
11	26	12676
11	27	3676
11	28	724
11	29	3676
11	30	-5324
11	31	-2876
11	32	2324
11	33	9924
11	34	10924
11	35	-7476
11	36	2476
11	37	1124
11	38	9076
11	39	2676
11	40	2124
11	41	-3076
11	42	1124
11	43	8476
11	44	3076
11	45	2924
11	46	7676
11	47	19124
11	48	-8276
11	49	6876
12	13	3476
12	14	-6324
12	15	3476
12	16	924
12	17	6924
12	18	924
12	19	11876
12	20	-324
12	21	1724
12	22	2324
12	23	-9676
12	24	1124
12	25	-2676
12	26	17876
12	27	-1124
12	28	5524
12	29	8876
12	30	-124
12	31	1924
12	32	-2876
12	33	14724
12	34	-4276
12	35	-2676
12	36	-2324
12	37	-14076
12	38	4276
12	39	17876
12	40	6924
12	41	1724
12	42	-14076
12	43	-6324
12	44	-1724
12	45	7724
12	46	-7124
12	47	13924
12	48	-3476
12	49	2076
13	14	-15324
13	15	4476
13	16	-10076
13	17	5924
13	18	19924
13	19	2876
13	20	-9324
13	21	724
13	22	11324
13	23	-676
13	24	124
13	25	6324
13	26	-1124
13	27	-124
13	28	4524
13	29	9876
13	30	876
13	31	-9076
13	32	-3876
13	33	13724
13	34	4724
13	35	-3676
13	36	-11324
13	37	-5076
13	38	-4724
13	39	8876
13	40	5924
13	41	-9276
13	42	-5076
13	43	-5324
13	44	-10724
13	45	-13276
13	46	3876
13	47	-7076
13	48	-14476
13	49	3076
14	15	-5324
14	16	19724
14	17	-4276
14	18	-10276
14	19	-6924
14	20	876
14	21	10524
14	22	-8876
14	23	9124
14	24	-76
14	25	-13876
14	26	-924
14	27	10076
14	28	-5676
14	29	76
14	30	1076
14	31	724
14	32	5924
14	33	-6476
14	34	-5476
14	35	-3876
14	36	-1124
14	37	4724
14	38	5476
14	39	-10924
14	40	5724
14	41	10524
14	42	4724
14	43	14876
14	44	-524
14	45	6524
14	46	4076
14	47	2724
14	48	5324
14	49	3276
15	16	-76
15	17	5924
15	18	9924
15	19	2876
15	20	10676
15	21	724
15	22	1324
15	23	-676
15	24	124
15	25	-3676
15	26	8876
15	27	-10124
15	28	24524
15	29	-124
15	30	-9124
15	31	924
15	32	-13876
15	33	3724
15	34	4724
15	35	-3676
15	36	-1324
15	37	4924
15	38	-4724
15	39	8876
15	40	5924
15	41	724
15	42	4924
15	43	4676
15	44	-10724
15	45	6724
15	46	13876
15	47	2924
15	48	-14476
15	49	3076
16	17	-324
16	18	-4324
16	19	1524
16	20	-6276
16	21	4876
16	22	-5724
16	23	6276
16	24	-4524
16	25	-20724
16	26	5524
16	27	14524
16	28	1076
16	29	4524
16	30	-6476
16	31	-5324
16	32	9476
16	33	1876
16	34	876
16	35	-10724
16	36	-4276
16	37	676
16	38	-876
16	39	-4476
16	40	9676
16	41	4876
16	42	676
16	43	19724
16	44	-4876
16	45	8876
16	46	10524
16	47	12676
16	48	76
16	49	11324
17	18	9676
17	19	7524
17	20	9724
17	21	-1124
17	22	18276
17	23	276
17	24	-524
17	25	-6724
17	26	1524
17	27	524
17	28	5076
17	29	524
17	30	-476
17	31	-11324
17	32	3476
17	33	5876
17	34	4876
17	35	-16724
17	36	-8276
17	37	4676
17	38	5124
17	39	11524
17	40	13676
17	41	-11124
17	42	4676
17	43	-4276
17	44	-8876
17	45	2876
17	46	6524
17	47	-3324
17	48	-5924
17	49	7324
18	19	1524
18	20	-6276
18	21	-5124
18	22	14276
18	23	6276
18	24	-4524
18	25	-724
18	26	-4476
18	27	4524
18	28	11076
18	29	4524
18	30	-6476
18	31	-15324
18	32	-524
18	33	11876
18	34	876
18	35	-10724
18	36	-14276
18	37	676
18	38	-10876
18	39	5524
18	40	9676
18	41	-5124
18	42	676
18	43	-276
18	44	-14876
18	45	-11124
18	46	10524
18	47	-7324
18	48	-9924
18	49	11324
19	20	-924
19	21	2324
19	22	2924
19	23	924
19	24	-8276
19	25	-2076
19	26	7276
19	27	-1724
19	28	6124
19	29	-1724
19	30	-10724
19	31	-7476
19	32	-2276
19	33	5324
19	34	6324
19	35	-12076
19	36	-2924
19	37	-3476
19	38	-6324
19	39	17276
19	40	7524
19	41	-7676
19	42	-3476
19	43	-6924
19	44	-2324
19	45	-1676
19	46	2276
19	47	14524
19	48	-2876
19	49	1476
20	21	4524
20	22	5124
20	23	3124
20	24	3924
20	25	124
20	26	5076
20	27	-13924
20	28	8324
20	29	-13924
20	30	-2924
20	31	4724
20	32	-10076
20	33	-12476
20	34	-1476
20	35	124
20	36	4876
20	37	8724
20	38	11476
20	39	5076
20	40	-276
20	41	4524
20	42	8724
20	43	-9124
20	44	5476
20	45	10524
20	46	76
20	47	-3276
20	48	-676
20	49	-10724
21	22	-6524
21	23	5476
21	24	4676
21	25	-1524
21	26	6324
21	27	-4676
21	28	276
21	29	5324
21	30	4324
21	31	3876
21	32	-11324
21	33	1076
21	34	76
21	35	-1524
21	36	-3476
21	37	-124
21	38	9924
21	39	6324
21	40	8876
21	41	4076
21	42	-124
21	43	524
21	44	-4076
21	45	-1924
21	46	1324
21	47	1876
21	48	-10724
21	49	-7876
22	23	4876
22	24	-5924
22	25	-2124
22	26	-3076
22	27	5924
22	28	-324
22	29	-4076
22	30	-5076
22	31	-16724
22	32	8076
22	33	476
22	34	-524
22	35	-12124
22	36	-12876
22	37	-724
22	38	524
22	39	6924
22	40	8276
22	41	-6524
22	42	-724
22	43	-8876
22	44	-3476
22	45	-2524
22	46	1924
22	47	-8724
22	48	-1324
22	49	2724
23	24	-3924
23	25	-10124
23	26	-5076
23	27	3924
23	28	1676
23	29	-16076
23	30	-17076
23	31	-14724
23	32	76
23	33	-7524
23	34	1476
23	35	-10124
23	36	-4876
23	37	11276
23	38	-1476
23	39	-5076
23	40	276
23	41	5476
23	42	11276
23	43	-876
23	44	4524
23	45	-10524
23	46	9924
23	47	3276
23	48	676
23	49	724
24	25	-924
24	26	5724
24	27	-15276
24	28	876
24	29	4724
24	30	13724
24	31	14476
24	32	-10724
24	33	11676
24	34	10676
24	35	9076
24	36	15924
24	37	10476
24	38	19324
24	39	-4276
24	40	-10524
24	41	-5324
24	42	10476
24	43	-76
24	44	5324
24	45	-1324
24	46	724
24	47	2476
24	48	-10124
24	49	1524
25	26	-8076
25	27	-9076
25	28	-5324
25	29	924
25	30	9924
25	31	8276
25	32	-6924
25	33	-4524
25	34	-5524
25	35	12876
25	36	2124
25	37	-5724
25	38	-4476
25	39	1924
25	40	-6724
25	41	-1524
25	42	-5724
25	43	-13876
25	44	1524
25	45	-7524
25	46	-13076
25	47	-13724
25	48	3676
25	49	-12276
26	27	-5724
26	28	10124
26	29	4276
26	30	-4724
26	31	6524
26	32	-8276
26	33	9324
26	34	324
26	35	1924
26	36	3076
26	37	-9476
26	38	9676
26	39	13276
26	40	1524
26	41	6324
26	42	-9476
26	43	-924
26	44	3676
26	45	12324
26	46	-1724
26	47	18524
26	48	-8876
26	49	-2524
27	28	-10876
27	29	5276
27	30	-3724
27	31	-14476
27	32	20724
27	33	-1676
27	34	-10676
27	35	-9076
27	36	-15924
27	37	-10476
27	38	-9324
27	39	-5724
27	40	10524
27	41	5324
27	42	-10476
27	43	10076
27	44	-5324
27	45	1324
27	46	-724
27	47	-2476
27	48	10124
27	49	8476
28	29	-876
28	30	-11876
28	31	76
28	32	-15124
28	33	7276
28	34	6276
28	35	-5324
28	36	324
28	37	6076
28	38	-6276
28	39	10124
28	40	5076
28	41	276
28	42	6076
28	43	4324
28	44	-10276
28	45	4276
28	46	15124
28	47	8076
28	48	-14524
28	49	5924
29	30	16276
29	31	5524
29	32	724
29	33	18324
29	34	-676
29	35	924
29	36	-5924
29	37	-10476
29	38	676
29	39	4276
29	40	10524
29	41	-4676
29	42	-10476
29	43	10076
29	44	-15324
29	45	1324
29	46	-724
29	47	-2476
29	48	-9876
29	49	8476
30	31	14524
30	32	-276
30	33	7324
30	34	-1676
30	35	9924
30	36	5076
30	37	-1476
30	38	11676
30	39	-4724
30	40	-476
30	41	-5676
30	42	-1476
30	43	1076
30	44	-4324
30	45	324
30	46	-9724
30	47	-13476
30	48	-876
30	49	-524
31	32	-11524
31	33	876
31	34	-124
31	35	18276
31	36	16724
31	37	-324
31	38	10124
31	39	-3476
31	40	-11324
31	41	3876
31	42	-324
31	43	724
31	44	6124
31	45	7876
31	46	-8476
31	47	1676
31	48	-924
31	49	-7676
32	33	-4324
32	34	-5324
32	35	-6924
32	36	-8076
32	37	-5524
32	38	-4676
32	39	-8276
32	40	3476
32	41	-1324
32	42	-5524
32	43	5924
32	44	1324
32	45	2676
32	46	-3276
32	47	-3524
32	48	13876
32	49	7524
33	34	7076
33	35	-4524
33	36	-476
33	37	-3124
33	38	2924
33	39	9324
33	40	5876
33	41	-8924
33	42	-3124
33	43	3524
33	44	-11076
33	45	-4924
33	46	4324
33	47	8876
33	48	-13724
33	49	15124
34	35	-5524
34	36	10524
34	37	15876
34	38	3924
34	39	324
34	40	-5124
34	41	-19924
34	42	15876
34	43	4524
34	44	-76
34	45	-5924
34	46	15324
34	47	7876
34	48	-14724
34	49	6124
35	36	12124
35	37	-5724
35	38	5524
35	39	-8076
35	40	-16724
35	41	8476
35	42	-5724
35	43	-3876
35	44	11524
35	45	2476
35	46	-13076
35	47	-3724
35	48	3676
35	49	-12276
36	37	10724
36	38	9476
36	39	-6924
36	40	-18276
36	41	-3476
36	42	10724
36	43	-1124
36	44	13476
36	45	2524
36	46	-1924
36	47	8724
36	48	1324
36	49	-2724
37	38	4124
37	39	-9476
37	40	-5324
37	41	-10124
37	42	25676
37	43	4724
37	44	124
37	45	-6124
37	46	15524
37	47	-2324
37	48	-4924
37	49	6324
38	39	-324
38	40	-4876
38	41	-76
38	42	4124
38	43	-4524
38	44	10076
38	45	5924
38	46	-5324
38	47	2124
38	48	-5276
38	49	-6124
39	40	11524
39	41	-3676
39	42	-9476
39	43	-10924
39	44	-6324
39	45	2324
39	46	-1724
39	47	8524
39	48	-8876
39	49	-2524
40	41	-1124
40	42	-5324
40	43	5724
40	44	-18876
40	45	2876
40	46	6524
40	47	-3324
40	48	-5924
40	49	7324
41	42	-10124
41	43	524
41	44	5924
41	45	8076
41	46	-8676
41	47	1876
41	48	9276
41	49	-7876
42	43	4724
42	44	124
42	45	-6124
42	46	15524
42	47	-2324
42	48	-4924
42	49	6324
43	44	-10524
43	45	6524
43	46	14076
43	47	2724
43	48	-4676
43	49	13276
44	45	1924
44	46	-11324
44	47	8124
44	48	10724
44	49	-12124
45	46	-2676
45	47	5876
45	48	3276
45	49	-1876
46	47	3524
46	48	-13876
46	49	12476
47	48	-2924
47	49	4324
48	49	-3076
