0	1	12556
0	2	-5644
0	3	10644
0	4	-3956
0	5	-2244
0	6	8156
0	7	-1444
0	8	2956
0	9	444
0	10	-6244
0	11	-16956
0	12	7756
0	13	-6244
0	14	-7044
0	15	3556
0	16	1444
0	17	2644
0	18	-3356
0	19	-8756
0	20	-10444
0	21	-10244
0	22	-1644
0	23	-2956
0	24	-2244
0	25	-2756
0	26	2644
0	27	-6844
0	28	2244
0	29	-6044
0	30	-11644
0	31	-11644
0	32	2756
0	33	-2156
0	34	-3356
0	35	6756
0	36	-6244
0	37	11044
0	38	3756
0	39	644
0	40	-1244
0	41	-4556
0	42	-7156
0	43	6244
0	44	-1244
0	45	-17556
0	46	-6844
0	47	-6844
0	48	-3156
0	49	3156
1	2	-5044
1	3	10044
1	4	5444
1	5	-11644
1	6	-1244
1	7	-844
1	8	-6444
1	9	-156
1	10	4356
1	11	-7556
1	12	8356
1	13	4356
1	14	3556
1	15	4156
1	16	10844
1	17	2044
1	18	-13956
1	19	-9356
1	20	-9844
1	21	356
1	22	-11044
1	23	6444
1	24	8356
1	25	6644
1	26	2044
1	27	3756
1	28	11644
1	29	-5444
1	30	-1044
1	31	-1044
1	32	3356
1	33	-2756
1	34	-3956
1	35	-2644
1	36	-5644
1	37	10444
1	38	-5644
1	39	-9956
1	40	-644
1	41	-5156
1	42	-7756
1	43	-4356
1	44	-10644
1	45	-8156
1	46	-6244
1	47	3756
1	48	-3756
1	49	-6244
2	3	-1756
2	4	-6356
2	5	10156
2	6	-19444
2	7	-9044
2	8	-4644
2	9	-1956
2	10	-3844
2	11	10644
2	12	-9844
2	13	6156
2	14	-4644
2	15	-4044
2	16	-10956
2	17	10244
2	18	4244
2	19	-1156
2	20	1956
2	21	-7844
2	22	10756
2	23	-5356
2	24	156
2	25	-5156
2	26	244
2	27	5556
2	28	-156
2	29	-3644
2	30	-9244
2	31	756
2	32	-4844
2	33	5444
2	34	14244
2	35	-10844
2	36	6156
2	37	-11356
2	38	6156
2	39	-11756
2	40	1156
2	41	-16956
2	42	10444
2	43	3844
2	44	11156
2	45	10044
2	46	5556
2	47	-4444
2	48	4444
2	49	15556
3	4	1356
3	5	-5156
3	6	-5556
3	7	-5956
3	8	-10356
3	9	16956
3	10	-1156
3	11	-5644
3	12	14844
3	13	-1156
3	14	-10356
3	15	-956
3	16	-4044
3	17	-5244
3	18	-9244
3	19	-3844
3	20	-16956
3	21	-7156
3	22	-5756
3	23	-9644
3	24	4844
3	25	156
3	26	-5244
3	27	-556
3	28	5156
3	29	-1356
3	30	-5756
3	31	-5756
3	32	9844
3	33	-444
3	34	-9244
3	35	-4156
3	36	-1156
3	37	-3644
3	38	8844
3	39	-13244
3	40	3844
3	41	-8044
3	42	-15444
3	43	1156
3	44	-6156
3	45	-5044
3	46	-556
3	47	-556
3	48	10556
3	49	-556
4	5	-9756
4	6	-156
4	7	-10556
4	8	5044
4	9	11556
4	10	14244
4	11	8956
4	12	10244
4	13	4244
4	14	5044
4	15	-5556
4	16	556
4	17	-644
4	18	5356
4	19	-9244
4	20	-1556
4	21	8244
4	22	-356
4	23	-5044
4	24	20244
4	25	-5244
4	26	9356
4	27	-5156
4	28	-244
4	29	-5956
4	30	19644
4	31	9644
4	32	-4756
4	33	-5844
4	34	-14644
4	35	1244
4	36	4244
4	37	956
4	38	-15756
4	39	1356
4	40	-20756
4	41	6556
4	42	-844
4	43	-14244
4	44	-10756
4	45	-444
4	46	4844
4	47	4844
4	48	-14844
4	49	-15156
5	6	-6044
5	7	4356
5	8	-1244
5	9	-5356
5	10	-20444
5	11	-2756
5	12	-6444
5	13	-10444
5	14	-1244
5	15	-644
5	16	-4356
5	17	6844
5	18	10844
5	19	5444
5	20	-4644
5	21	-4444
5	22	14156
5	23	1244
5	24	-6444
5	25	-8556
5	26	-3156
5	27	-1044
5	28	-13556
5	29	9756
5	30	-5844
5	31	4156
5	32	8556
5	33	2044
5	34	10844
5	35	2556
5	36	-444
5	37	-4756
5	38	9556
5	39	4844
5	40	4556
5	41	-356
5	42	-2956
5	43	20444
5	44	4556
5	45	6644
5	46	8956
5	47	-11044
5	48	11044
5	49	8956
6	7	4756
6	8	9156
6	9	-5756
6	10	-44
6	11	-13156
6	12	3956
6	13	-10044
6	14	-844
6	15	-244
6	16	5244
6	17	-3556
6	18	444
6	19	-4956
6	20	5756
6	21	5956
6	22	-5444
6	23	844
6	24	-6044
6	25	1044
6	26	6444
6	27	-10644
6	28	-3956
6	29	156
6	30	4556
6	31	-5444
6	32	-1044
6	33	1644
6	34	-9556
6	35	12956
6	36	-44
6	37	14844
6	38	-44
6	39	14444
6	40	-5044
6	41	9244
6	42	-3356
6	43	44
6	44	-5044
6	45	-13756
6	46	-10644
6	47	-644
6	48	-9356
6	49	-10644
7	8	-444
7	9	-6156
7	10	-9644
7	11	-3556
7	12	-5644
7	13	356
7	14	9556
7	15	20156
7	16	4844
7	17	-3956
7	18	44
7	19	14644
7	20	-3844
7	21	6356
7	22	4956
7	23	20444
7	24	-15644
7	25	644
7	26	-3956
7	27	-244
7	28	5644
7	29	10556
7	30	-5044
7	31	4956
7	32	9356
7	33	1244
7	34	44
7	35	-6644
7	36	-19644
7	37	4444
7	38	356
7	39	4044
7	40	15356
7	41	8844
7	42	-3756
7	43	9644
7	44	5356
7	45	-4156
7	46	9756
7	47	-10244
7	48	10244
7	49	-244
8	9	-556
8	10	4756
8	11	2044
8	12	-1244
8	13	-5244
8	14	-6044
8	15	4556
8	16	-9556
8	17	1644
8	18	15644
8	19	244
8	20	556
8	21	-9244
8	22	9356
8	23	-3956
8	24	-1244
8	25	-13756
8	26	1644
8	27	-15844
8	28	-8756
8	29	-5044
8	30	-644
8	31	-644
8	32	-16244
8	33	-3156
8	34	-4356
8	35	7756
8	36	-5244
8	37	44
8	38	-5244
8	39	19644
8	40	-10244
8	41	4444
8	42	11844
8	43	-4756
8	44	9756
8	45	-8556
8	46	4156
8	47	-5844
8	48	-14156
8	49	4156
9	10	8644
9	11	4556
9	12	4644
9	13	8644
9	14	-556
9	15	-1156
9	16	-13844
9	17	-15044
9	18	956
9	19	6356
9	20	-7156
9	21	-7356
9	22	4044
9	23	-9444
9	24	4644
9	25	-9644
9	26	-5044
9	27	-756
9	28	5356
9	29	-11556
9	30	4044
9	31	4044
9	32	-356
9	33	-244
9	34	-9044
9	35	-4356
9	36	-1356
9	37	-3444
9	38	-1356
9	39	-3044
9	40	-6356
9	41	2156
9	42	-5244
9	43	-8644
9	44	3644
9	45	-4844
9	46	9244
9	47	-756
9	48	756
9	49	-756
10	11	11244
10	12	-444
10	13	15556
10	14	4756
10	15	-4644
10	16	-356
10	17	-9156
10	18	-5156
10	19	-556
10	20	11356
10	21	1556
10	22	-9844
10	23	-4756
10	24	9556
10	25	5444
10	26	844
10	27	4956
10	28	10444
10	29	-14244
10	30	10156
10	31	156
10	32	-15444
10	33	-3956
10	34	-5156
10	35	-1444
10	36	5556
10	37	-756
10	38	-14444
10	39	-1156
10	40	-9444
10	41	3644
10	42	11044
10	43	-25556
10	44	556
10	45	644
10	46	-5044
10	47	14956
10	48	-14956
10	49	-5044
11	12	-2756
11	13	11244
11	14	2044
11	15	1444
11	16	-6444
11	17	2356
11	18	8356
11	19	3756
11	20	5444
11	21	5244
11	22	6644
11	23	-2044
11	24	7244
11	25	-2244
11	26	2356
11	27	1844
11	28	2756
11	29	1044
11	30	6644
11	31	6644
11	32	-7756
11	33	-2844
11	34	-1644
11	35	-11756
11	36	1244
11	37	-16044
11	38	-8756
11	39	-5644
11	40	-3756
11	41	-444
11	42	12156
11	43	-11244
11	44	6244
11	45	12556
11	46	11844
11	47	1844
11	48	-1844
11	49	1844
12	13	-10444
12	14	-11244
12	15	-644
12	16	5644
12	17	6844
12	18	844
12	19	-14556
12	20	-14644
12	21	5556
12	22	-5844
12	23	-8756
12	24	13556
12	25	1444
12	26	6844
12	27	-11044
12	28	-3556
12	29	9756
12	30	4156
12	31	-5844
12	32	8556
12	33	-7956
12	34	-19156
12	35	2556
12	36	-444
12	37	-4756
12	38	-444
12	39	-5156
12	40	-5444
12	41	-356
12	42	-12956
12	43	444
12	44	-15444
12	45	-3356
12	46	-1044
12	47	-1044
12	48	1044
12	49	-11044
13	14	14756
13	15	5356
13	16	-356
13	17	-9156
13	18	-5156
13	19	9444
13	20	11356
13	21	1556
13	22	156
13	23	5244
13	24	-444
13	25	5444
13	26	844
13	27	14956
13	28	20444
13	29	-14244
13	30	156
13	31	156
13	32	-5444
13	33	-3956
13	34	4844
13	35	-11444
13	36	-4444
13	37	-756
13	38	-14444
13	39	-11156
13	40	556
13	41	3644
13	42	11044
13	43	-15556
13	44	10556
13	45	644
13	46	4956
13	47	4956
13	48	-4956
13	49	4956
14	15	4556
14	16	10444
14	17	-8356
14	18	-4356
14	19	10244
14	20	10556
14	21	10756
14	22	-644
14	23	16044
14	24	-1244
14	25	6244
14	26	1644
14	27	14156
14	28	11244
14	29	-5044
14	30	9356
14	31	9356
14	32	3756
14	33	-3156
14	34	5644
14	35	-2244
14	36	-5244
14	37	10044
14	38	-15244
14	39	-356
14	40	-244
14	41	14444
14	42	1844
14	43	-4756
14	44	-244
14	45	1444
14	46	4156
14	47	4156
14	48	-4156
14	49	-5844
15	16	-156
15	17	1044
15	18	5044
15	19	9644
15	20	-8844
15	21	1356
15	22	9956
15	23	15444
15	24	-10644
15	25	-4356
15	26	1044
15	27	-5244
15	28	10644
15	29	5556
15	30	-10044
15	31	-44
15	32	4356
15	33	-3756
15	34	-4956
15	35	-11644
15	36	-24644
15	37	-556
15	38	-4644
15	39	-956
15	40	10356
15	41	3844
15	42	1244
15	43	4644
15	44	10356
15	45	-9156
15	46	14756
15	47	-15244
15	48	5244
15	49	4756
16	17	3956
16	18	-10044
16	19	-4644
16	20	3844
16	21	13644
16	22	-14956
16	23	9556
16	24	5644
16	25	19356
16	26	3956
16	27	10244
16	28	4356
16	29	9444
16	30	5044
16	31	-4956
16	32	10644
16	33	-11244
16	34	-44
16	35	6644
16	36	-356
16	37	5556
16	38	-10356
16	39	-4044
16	40	4644
16	41	11156
16	42	-6244
16	43	356
16	44	-15356
16	45	4156
16	46	-9756
16	47	10244
16	48	-244
16	49	-9756
17	18	8756
17	19	-15844
17	20	-4956
17	21	4844
17	22	6244
17	23	-1644
17	24	6844
17	25	-1844
17	26	12756
17	27	-8556
17	28	-6844
17	29	10644
17	30	-3756
17	31	-3756
17	32	1844
17	33	-2444
17	34	-1244
17	35	-2156
17	36	844
17	37	-5644
17	38	844
17	39	-5244
17	40	-4156
17	41	-10044
17	42	2556
17	43	9156
17	44	-4156
17	45	2956
17	46	1444
17	47	-8556
17	48	-1444
17	49	1444
18	19	156
18	20	-956
18	21	-1156
18	22	20244
18	23	-5644
18	24	844
18	25	-15844
18	26	8756
18	27	-14556
18	28	-10844
18	29	4644
18	30	244
18	31	244
18	32	-4156
18	33	-6444
18	34	-5244
18	35	1844
18	36	-5156
18	37	-9644
18	38	-5156
18	39	10756
18	40	-10156
18	41	5956
18	42	8556
18	43	5156
18	44	9844
18	45	-1044
18	46	15444
18	47	-14556
18	48	-5444
18	49	5444
19	20	3644
19	21	-6556
19	22	4844
19	23	9756
19	24	-14556
19	25	-444
19	26	-15844
19	27	10044
19	28	4556
19	29	-756
19	30	-5156
19	31	4844
19	32	444
19	33	-1044
19	34	10156
19	35	-3556
19	36	-10556
19	37	-4244
19	38	-556
19	39	6156
19	40	14444
19	41	11356
19	42	3956
19	43	556
19	44	14444
19	45	4356
19	46	10044
19	47	44
19	48	9956
19	49	10044
20	21	7356
20	22	-4044
20	23	-556
20	24	-4644
20	25	9644
20	26	5044
20	27	10756
20	28	4644
20	29	-8444
20	30	5956
20	31	-4044
20	32	-9644
20	33	244
20	34	9044
20	35	4356
20	36	11356
20	37	3444
20	38	-8644
20	39	3044
20	40	-3644
20	41	7844
20	42	15244
20	43	-11356
20	44	6356
20	45	4844
20	46	-9244
20	47	10756
20	48	-10756
20	49	756
21	22	-3844
21	23	9244
21	24	5556
21	25	9444
21	26	14844
21	27	956
21	28	4444
21	29	11756
21	30	16156
21	31	6156
21	32	10556
21	33	44
21	34	-11156
21	35	-5444
21	36	1556
21	37	3244
21	38	-8444
21	39	-7156
21	40	-3444
21	41	7644
21	42	-4956
21	43	-1556
21	44	-13444
21	45	4644
21	46	956
21	47	956
21	48	-956
21	49	-19044
22	23	644
22	24	-5844
22	25	-19156
22	26	6244
22	27	-10444
22	28	-4156
22	29	356
22	30	-5244
22	31	4756
22	32	-844
22	33	1444
22	34	244
22	35	-6844
22	36	-9844
22	37	-5356
22	38	156
22	39	4244
22	40	-4844
22	41	-956
22	42	6444
22	43	9844
22	44	15156
22	45	-3956
22	46	19556
22	47	-20444
22	48	444
22	49	9556
23	24	-8756
23	25	3756
23	26	-1644
23	27	5844
23	28	8756
23	29	5044
23	30	644
23	31	10644
23	32	6244
23	33	3156
23	34	4356
23	35	-7756
23	36	-14756
23	37	9956
23	38	-4756
23	39	356
23	40	10244
23	41	5556
23	42	-1844
23	43	4756
23	44	244
23	45	-1444
23	46	5844
23	47	-4156
23	48	4156
23	49	-4156
24	25	1444
24	26	6844
24	27	-1044
24	28	-3556
24	29	-244
24	30	14156
24	31	4156
24	32	-1444
24	33	-7956
24	34	-9156
24	35	2556
24	36	9556
24	37	-4756
24	38	-10444
24	39	-5156
24	40	-15444
24	41	-356
24	42	-2956
24	43	-9556
24	44	-15444
24	45	6644
24	46	-1044
24	47	8956
24	48	-8956
24	49	-11044
25	26	-1844
25	27	16044
25	28	8556
25	29	5244
25	30	844
25	31	-9156
25	32	6444
25	33	-7044
25	34	4156
25	35	2444
25	36	5444
25	37	-244
25	38	-4556
25	39	-9844
25	40	10444
25	41	5356
25	42	-2044
25	43	-5444
25	44	-9556
25	45	8356
25	46	-13956
25	47	16044
25	48	3956
25	49	-3956
26	27	-8556
26	28	3156
26	29	644
26	30	6244
26	31	-3756
26	32	1844
26	33	-2444
26	34	-11244
26	35	-2156
26	36	844
26	37	4356
26	38	-9156
26	39	-5244
26	40	-14156
26	41	-44
26	42	2556
26	43	-844
26	44	-4156
26	45	-7044
26	46	1444
26	47	-8556
26	48	-11444
26	49	-8556
27	28	11044
27	29	-4844
27	30	-444
27	31	-444
27	32	3956
27	33	-3356
27	34	15444
27	35	-2044
27	36	4956
27	37	-156
27	38	-5044
27	39	-10556
27	40	9956
27	41	4244
27	42	1644
27	43	-4956
27	44	-44
27	45	11244
27	46	-5644
27	47	14356
27	48	5644
27	49	4356
28	29	-9756
28	30	-4156
28	31	-4156
28	32	1444
28	33	-2044
28	34	-844
28	35	-12556
28	36	-9556
28	37	4756
28	38	-9556
28	39	-14844
28	40	5444
28	41	356
28	42	2956
28	43	-10444
28	44	5444
28	45	-6644
28	46	1044
28	47	1044
28	48	-1044
28	49	1044
29	30	356
29	31	356
29	32	14756
29	33	-4156
29	34	-5356
29	35	-1244
29	36	-4244
29	37	-10956
29	38	5756
29	39	-1356
29	40	10756
29	41	3444
29	42	-9156
29	43	14244
29	44	-9244
29	45	10444
29	46	5156
29	47	-4844
29	48	14844
29	49	-4844
30	31	14756
30	32	-844
30	33	1444
30	34	-9756
30	35	3156
30	36	10156
30	37	4644
30	38	-9844
30	39	4244
30	40	-14844
30	41	9044
30	42	-3556
30	43	-10156
30	44	-14844
30	45	6044
30	46	-444
30	47	9556
30	48	-9556
30	49	-20444
31	32	-844
31	33	11444
31	34	244
31	35	-6844
31	36	156
31	37	4644
31	38	156
31	39	4244
31	40	-4844
31	41	-956
31	42	-3556
31	43	-156
31	44	-4844
31	45	6044
31	46	9556
31	47	-444
31	48	444
31	49	-10444
32	33	-2956
32	34	-4156
32	35	-2444
32	36	-5444
32	37	244
32	38	4556
32	39	-10156
32	40	9556
32	41	4644
32	42	-17956
32	43	15444
32	44	-10444
32	45	1644
32	46	3956
32	47	-6044
32	48	16044
32	49	-6044
33	34	3556
33	35	-6956
33	36	6044
33	37	9156
33	38	16044
33	39	-444
33	40	1044
33	41	-15244
33	42	-2644
33	43	3956
33	44	1044
33	45	-2244
33	46	-3356
33	47	-3356
33	48	3356
33	49	-3356
34	35	1844
34	36	4844
34	37	356
34	38	4844
34	39	756
34	40	9844
34	41	-4044
34	42	8556
34	43	5156
34	44	9844
34	45	8956
34	46	-4556
34	47	5444
34	48	4556
34	49	15444
35	36	8556
35	37	6244
35	38	-1444
35	39	15844
35	40	-6444
35	41	10644
35	42	-1956
35	43	1444
35	44	-6444
35	45	-2356
35	46	-12044
35	47	7956
35	48	-7956
35	49	-2044
36	37	-756
36	38	5556
36	39	-1156
36	40	-9444
36	41	-6356
36	42	1044
36	43	-5556
36	44	-9444
36	45	10644
36	46	-15044
36	47	14956
36	48	-4956
36	49	-5044
37	38	-756
37	39	6356
37	40	-5756
37	41	1556
37	42	-5844
37	43	756
37	44	-5756
37	45	-15444
37	46	-10156
37	47	-156
37	48	-9844
37	49	-10156
38	39	-1156
38	40	10556
38	41	-16356
38	42	-8956
38	43	14444
38	44	556
38	45	644
38	46	-5044
38	47	-5044
38	48	15044
38	49	4956
39	40	-6156
39	41	11956
39	42	4556
39	43	1156
39	44	3844
39	45	-5044
39	46	-556
39	47	-556
39	48	-9444
39	49	-556
40	41	-1356
40	42	-3956
40	43	9444
40	44	5556
40	45	5644
40	46	-44
40	47	-44
40	48	20044
40	49	9956
41	42	-244
41	43	-3644
41	44	-1356
41	45	156
41	46	4244
41	47	4244
41	48	-4244
41	49	-5756
42	43	-11044
42	44	16044
42	45	2756
42	46	1644
42	47	1644
42	48	-11644
42	49	11644
43	44	-556
43	45	-644
43	46	5044
43	47	-14956
43	48	14956
43	49	5044
44	45	-4356
44	46	9956
44	47	-10044
44	48	44
44	49	19956
45	46	1244
45	47	11244
45	48	8756
45	49	1244
46	47	-15644
46	48	5644
46	49	4356
47	48	-4356
47	49	-5644
48	49	5644
