0	1	-4888
0	2	-15512
0	3	-11512
0	4	-5088
0	5	-88
0	6	-16288
0	7	-5112
0	8	-11488
0	9	-9712
0	10	-1688
0	11	712
0	12	-3912
0	13	-2712
0	14	512
0	15	-2888
0	16	-6688
0	17	-6512
0	18	2712
0	19	13712
0	20	12912
0	21	6088
0	22	2888
0	23	-4512
0	24	-2688
0	25	4888
0	26	9688
0	27	-9112
0	28	4088
0	29	2688
0	30	-4488
0	31	-6712
0	32	-1888
0	33	-4688
0	34	3488
0	35	-6688
0	36	-5688
0	37	10688
0	38	-15888
0	39	7512
0	40	-14512
0	41	10712
0	42	3712
0	43	10688
0	44	7688
0	45	88
0	46	-15888
0	47	3312
0	48	1488
0	49	1312
1	2	3888
1	3	-12112
1	4	5512
1	5	10512
1	6	14312
1	7	-5712
1	8	-888
1	9	9688
1	10	-1088
1	11	-18688
1	12	-4512
1	13	6688
1	14	-8888
1	15	7712
1	16	-6088
1	17	2888
1	18	3312
1	19	-5688
1	20	-6488
1	21	5488
1	22	-17712
1	23	-15112
1	24	7912
1	25	4288
1	26	-912
1	27	20288
1	28	3488
1	29	2088
1	30	-3888
1	31	-7312
1	32	-1288
1	33	15912
1	34	12888
1	35	3912
1	36	-5088
1	37	10088
1	38	4712
1	39	-1888
1	40	4888
1	41	1312
1	42	-15688
1	43	88
1	44	-2912
1	45	-10512
1	46	4712
1	47	3912
1	48	10888
1	49	-8088
2	3	2512
2	4	-5912
2	5	-912
2	6	15288
2	7	6112
2	8	10488
2	9	712
2	10	688
2	11	-1712
2	12	-5088
2	13	-6288
2	14	-11512
2	15	1888
2	16	5688
2	17	-2488
2	18	-3712
2	19	-4712
2	20	-13912
2	21	4912
2	22	-1888
2	23	-4488
2	24	-8312
2	25	6112
2	26	1312
2	27	10112
2	28	-3088
2	29	-11688
2	30	-6512
2	31	-2288
2	32	10888
2	33	3688
2	34	-2488
2	35	5688
2	36	4688
2	37	-9688
2	38	4888
2	39	1488
2	40	15512
2	41	-1712
2	42	5288
2	43	312
2	44	-6688
2	45	912
2	46	14888
2	47	5688
2	48	-488
2	49	-2312
3	4	8088
3	5	-6912
3	6	-712
3	7	2112
3	8	14488
3	9	-3288
3	10	4688
3	11	2288
3	12	10912
3	13	-288
3	14	2488
3	15	5888
3	16	9688
3	17	-6488
3	18	288
3	19	-10712
3	20	88
3	21	-9088
3	22	14112
3	23	11512
3	24	-4312
3	25	-7888
3	26	-2688
3	27	-3888
3	28	2912
3	29	-5688
3	30	-2512
3	31	23712
3	32	4888
3	33	-2312
3	34	3512
3	35	-312
3	36	-1312
3	37	-13688
3	38	8888
3	39	-4512
3	40	1512
3	41	-7712
3	42	9288
3	43	-13688
3	44	-10688
3	45	-3088
3	46	8888
3	47	-10312
3	48	-14488
3	49	1688
4	5	10312
4	6	4112
4	7	-5512
4	8	-1088
4	9	-112
4	10	-1288
4	11	-8888
4	12	15688
4	13	-3112
4	14	-9088
4	15	7512
4	16	3712
4	17	3088
4	18	-6888
4	19	-15888
4	20	-6688
4	21	-4312
4	22	2488
4	23	5088
4	24	7712
4	25	-5512
4	26	9288
4	27	488
4	28	3688
4	29	-7712
4	30	5912
4	31	2888
4	32	-1488
4	33	5712
4	34	3088
4	35	3712
4	36	4712
4	37	288
4	38	14512
4	39	-12088
4	40	-4912
4	41	-8888
4	42	-5888
4	43	288
4	44	-12712
4	45	-312
4	46	-5488
4	47	-16288
4	48	1088
4	49	11712
5	6	9112
5	7	-512
5	8	-6088
5	9	-5112
5	10	3712
5	11	-3888
5	12	10688
5	13	-8112
5	14	-4088
5	15	2512
5	16	-1288
5	17	8088
5	18	-1888
5	19	-10888
5	20	-1688
5	21	688
5	22	-2512
5	23	88
5	24	2712
5	25	9488
5	26	4288
5	27	5488
5	28	18688
5	29	-2712
5	30	912
5	31	-12112
5	32	-6488
5	33	10712
5	34	8088
5	35	18712
5	36	9712
5	37	5288
5	38	-488
5	39	2912
5	40	88
5	41	-3888
5	42	-10888
5	43	15288
5	44	-7712
5	45	4688
5	46	-488
5	47	-1288
5	48	16088
5	49	6712
6	7	-4312
6	8	7712
6	9	11088
6	10	7512
6	11	-10088
6	12	-3112
6	13	-1912
6	14	-10288
6	15	6312
6	16	2512
6	17	4288
6	18	1912
6	19	-7088
6	20	-7888
6	21	-3112
6	22	-6312
6	23	-3712
6	24	-3488
6	25	5688
6	26	488
6	27	11688
6	28	4888
6	29	-6512
6	30	4712
6	31	-5912
6	32	-2688
6	33	4512
6	34	4288
6	35	12512
6	36	3512
6	37	1488
6	38	13312
6	39	-3288
6	40	16288
6	41	-10088
6	42	-7088
6	43	1488
6	44	-11512
6	45	888
6	46	13312
6	47	2512
6	48	12288
6	49	-9488
7	8	-9112
7	9	312
7	10	-8912
7	11	8688
7	12	4512
7	13	-6688
7	14	8888
7	15	2288
7	16	6088
7	17	-2888
7	18	-3312
7	19	-4312
7	20	-3512
7	21	4512
7	22	7712
7	23	5112
7	24	2088
7	25	-4288
7	26	-9088
7	27	-288
7	28	-3488
7	29	-2088
7	30	-6112
7	31	7312
7	32	11288
7	33	4088
7	34	-2888
7	35	6088
7	36	15088
7	37	-10088
7	38	-4712
7	39	11888
7	40	-4888
7	41	-1312
7	42	-4312
7	43	-88
7	44	2912
7	45	10512
7	46	-4712
7	47	6088
7	48	-10888
7	49	8088
8	9	-3712
8	10	2312
8	11	-5288
8	12	2088
8	13	3288
8	14	-5488
8	15	1112
8	16	-2688
8	17	-512
8	18	6712
8	19	-2288
8	20	-3088
8	21	-7912
8	22	-1112
8	23	1488
8	24	-8688
8	25	888
8	26	-4312
8	27	6888
8	28	88
8	29	-1312
8	30	-488
8	31	9288
8	32	2112
8	33	-688
8	34	-512
8	35	-2688
8	36	-11688
8	37	-3312
8	38	8112
8	39	-8488
8	40	11488
8	41	-5288
8	42	7712
8	43	-13312
8	44	-6312
8	45	-13912
8	46	18112
8	47	-2688
8	48	-2512
8	49	-4688
9	10	6488
9	11	-5912
9	12	-10888
9	13	7912
9	14	4288
9	15	7688
9	16	1488
9	17	1712
9	18	2088
9	19	1088
9	20	1888
9	21	-888
9	22	-7688
9	23	-288
9	24	7488
9	25	-9688
9	26	-4488
9	27	4312
9	28	-8888
9	29	2512
9	30	9288
9	31	1912
9	32	-3312
9	33	-512
9	34	1712
9	35	1488
9	36	488
9	37	4512
9	38	10688
9	39	-2712
9	40	9712
9	41	-5912
9	42	-8912
9	43	-5488
9	44	-2488
9	45	5112
9	46	688
9	47	1488
9	48	3712
9	49	-16512
10	11	4512
10	12	-7712
10	13	3488
10	14	4312
10	15	912
10	16	7112
10	17	-312
10	18	-3488
10	19	-2488
10	20	6712
10	21	2288
10	22	-912
10	23	1688
10	24	1112
10	25	1088
10	26	5888
10	27	-2912
10	28	10288
10	29	-1112
10	30	-688
10	31	-512
10	32	-8088
10	33	-888
10	34	9688
10	35	7112
10	36	-1888
10	37	-3112
10	38	-2088
10	39	1312
10	40	11688
10	41	4512
10	42	7512
10	43	6888
10	44	-6112
10	45	6288
10	46	7912
10	47	-2888
10	48	7688
10	49	-14888
11	12	-112
11	13	1088
11	14	16712
11	15	-16688
11	16	9512
11	17	7288
11	18	-11088
11	19	-88
11	20	-888
11	21	-112
11	22	6688
11	23	9288
11	24	3512
11	25	-1312
11	26	-6512
11	27	-15312
11	28	-2112
11	29	6488
11	30	1712
11	31	-2912
11	32	-5688
11	33	-8488
11	34	-12712
11	35	-488
11	36	10512
11	37	-15512
11	38	-9688
11	39	3712
11	40	-712
11	41	6912
11	42	9912
11	43	4488
11	44	11488
11	45	13888
11	46	312
11	47	-488
11	48	-4712
11	49	7512
12	13	-7888
12	14	88
12	15	3488
12	16	-2712
12	17	5912
12	18	-2112
12	19	-13112
12	20	-2312
12	21	-6688
12	22	6512
12	23	13912
12	24	3288
12	25	-5488
12	26	-288
12	27	-1488
12	28	5312
12	29	-3288
12	30	5088
12	31	6112
12	32	2488
12	33	5288
12	34	-4088
12	35	7288
12	36	6288
12	37	-1288
12	38	6488
12	39	-6912
12	40	-6088
12	41	-10112
12	42	-3112
12	43	-1288
12	44	-8288
12	45	-688
12	46	-3512
12	47	-12712
12	48	-2088
12	49	19288
13	14	11288
13	15	-5312
13	16	-1512
13	17	4712
13	18	-912
13	19	-1912
13	20	-1112
13	21	2112
13	22	-14688
13	23	-7288
13	24	14488
13	25	-6688
13	26	-11488
13	27	7312
13	28	-5888
13	29	15512
13	30	-3712
13	31	4912
13	32	-6312
13	33	6488
13	34	4712
13	35	-11512
13	36	-12512
13	37	-2488
13	38	-2312
13	39	-5712
13	40	2712
13	41	11088
13	42	-1912
13	43	-12488
13	44	10512
13	45	-11888
13	46	7688
13	47	-1512
13	48	-3288
13	49	-9512
14	15	-6888
14	16	-688
14	17	7488
14	18	-1288
14	19	-288
14	20	8912
14	21	88
14	22	-3112
14	23	9488
14	24	13312
14	25	-11112
14	26	-16312
14	27	-5112
14	28	-1912
14	29	16688
14	30	1512
14	31	7288
14	32	-5888
14	33	1312
14	34	-2512
14	35	-688
14	36	312
14	37	-5312
14	38	-9888
14	39	3512
14	40	-512
14	41	6712
14	42	-288
14	43	-5312
14	44	11688
14	45	4088
14	46	112
14	47	-688
14	48	-4512
14	49	-2688
15	16	-4088
15	17	-9112
15	18	5312
15	19	-3688
15	20	5512
15	21	3488
15	22	288
15	23	2888
15	24	-88
15	25	-7712
15	26	7088
15	27	8288
15	28	1488
15	29	-9912
15	30	-1888
15	31	10688
15	32	10712
15	33	7912
15	34	10888
15	35	5912
15	36	-3088
15	37	8088
15	38	6712
15	39	112
15	40	2888
15	41	-6688
15	42	-3688
15	43	-1912
15	44	-14912
15	45	-2512
15	46	-3288
15	47	-4088
15	48	-1112
15	49	-6088
16	17	-5312
16	18	-8488
16	19	-7488
16	20	-8288
16	21	-2712
16	22	14088
16	23	-3312
16	24	-3888
16	25	6088
16	26	888
16	27	-7912
16	28	5288
16	29	-6112
16	30	-5688
16	31	4488
16	32	-3088
16	33	-5888
16	34	4688
16	35	2112
16	36	13112
16	37	-18112
16	38	2912
16	39	6312
16	40	-3312
16	41	-488
16	42	2512
16	43	1888
16	44	-1112
16	45	11288
16	46	2912
16	47	2112
16	48	-7312
16	49	112
17	18	-4712
17	19	-5712
17	20	-4912
17	21	-4088
17	22	-10888
17	23	6512
17	24	10688
17	25	-2888
17	26	-7688
17	27	1112
17	28	-2088
17	29	9312
17	30	12488
17	31	-11288
17	32	-10112
17	33	2688
17	34	-11488
17	35	4688
17	36	3688
17	37	1312
17	38	3888
17	39	-9512
17	40	6512
17	41	-2712
17	42	-5712
17	43	1312
17	44	4312
17	45	1912
17	46	3888
17	47	-5312
17	48	10512
17	49	6688
18	19	11912
18	20	11112
18	21	-12112
18	22	4688
18	23	-2712
18	24	-14488
18	25	6688
18	26	-8512
18	27	2688
18	28	5888
18	29	4488
18	30	3712
18	31	5088
18	32	-3688
18	33	-6488
18	34	5288
18	35	1512
18	36	-7488
18	37	12488
18	38	2312
18	39	5712
18	40	-2712
18	41	-11088
18	42	-8088
18	43	-7512
18	44	-512
18	45	-8112
18	46	2312
18	47	11512
18	48	3288
18	49	-10488
19	20	12112
19	21	-3112
19	22	3688
19	23	-3712
19	24	-13488
19	25	5688
19	26	488
19	27	-8312
19	28	-5112
19	29	3488
19	30	4712
19	31	-5912
19	32	-2688
19	33	-15488
19	34	-5712
19	35	-7488
19	36	-6488
19	37	11488
19	38	-6688
19	39	6712
19	40	-3712
19	41	-88
19	42	2912
19	43	1488
19	44	8488
19	45	888
19	46	-6688
19	47	12512
19	48	2288
19	49	-9488
20	21	-2312
20	22	4488
20	23	7088
20	24	-4288
20	25	-3512
20	26	1288
20	27	-7512
20	28	5688
20	29	4288
20	30	3912
20	31	4888
20	32	-3488
20	33	-6288
20	34	5088
20	35	1712
20	36	-7288
20	37	12288
20	38	-7488
20	39	5912
20	40	-2912
20	41	-888
20	42	2112
20	43	2288
20	44	-712
20	45	1688
20	46	-7488
20	47	1712
20	48	3088
20	49	-10288
21	22	-13488
21	23	-6088
21	24	13288
21	25	-5488
21	26	9712
21	27	8512
21	28	-4688
21	29	-3288
21	30	-14912
21	31	-3888
21	32	12488
21	33	15288
21	34	5912
21	35	-2712
21	36	-3712
21	37	-1288
21	38	-13512
21	39	3088
21	40	3912
21	41	19888
21	42	6888
21	43	8712
21	44	1712
21	45	-688
21	46	-3512
21	47	-2712
21	48	-2088
21	49	-712
22	23	7112
22	24	-19912
22	25	7712
22	26	2912
22	27	-18288
22	28	8512
22	29	-10088
22	30	1888
22	31	9312
22	32	-712
22	33	-17912
22	34	-888
22	35	4088
22	36	13088
22	37	-8088
22	38	3288
22	39	9888
22	40	-12888
22	41	-13312
22	42	3688
22	43	1912
22	44	-5088
22	45	12512
22	46	-6712
22	47	4088
22	48	-8888
22	49	6088
23	24	2688
23	25	-14888
23	26	312
23	27	-10888
23	28	-4088
23	29	-2688
23	30	14488
23	31	6712
23	32	1888
23	33	-5312
23	34	-13488
23	35	6688
23	36	5688
23	37	-688
23	38	5888
23	39	-7512
23	40	4512
23	41	-10712
23	42	6288
23	43	-688
23	44	-7688
23	45	9912
23	46	-4112
23	47	-13312
23	48	-1488
23	49	8688
24	25	-17912
24	26	-3112
24	27	8088
24	28	-8712
24	29	9888
24	30	-1688
24	31	488
24	32	912
24	33	18112
24	34	688
24	35	-3888
24	36	-2888
24	37	-2112
24	38	-3088
24	39	-9688
24	40	2688
24	41	13512
24	42	-3488
24	43	-2112
24	44	4888
24	45	-2712
24	46	-3088
24	47	-13888
24	48	-1312
24	49	4112
25	26	912
25	27	-288
25	28	16512
25	29	-2088
25	30	-6112
25	31	-12688
25	32	-8712
25	33	-5912
25	34	7112
25	35	6088
25	36	5088
25	37	-88
25	38	-4712
25	39	11888
25	40	-4888
25	41	-1312
25	42	-4312
25	43	9912
25	44	2912
25	45	512
25	46	5288
25	47	16088
25	48	9112
25	49	-1912
26	27	-5088
26	28	1712
26	29	-16888
26	30	-1312
26	31	-7488
26	32	6088
26	33	-1112
26	34	2312
26	35	888
26	36	-112
26	37	5112
26	38	88
26	39	-3312
26	40	312
26	41	3488
26	42	10488
26	43	15112
26	44	-11888
26	45	5712
26	46	-9912
26	47	-9112
26	48	4312
26	49	2888
27	28	512
27	29	1912
27	30	-10112
27	31	1312
27	32	7288
27	33	20088
27	34	11112
27	35	2088
27	36	-8912
27	37	3912
27	38	1288
27	39	-2112
27	40	9112
27	41	4688
27	42	-8312
27	43	-6088
27	44	-3088
27	45	-15488
27	46	11288
27	47	2088
27	48	3112
27	49	-5912
28	29	-1288
28	30	-6912
28	31	-1888
28	32	-9512
28	33	3288
28	34	17912
28	35	15288
28	36	4288
28	37	712
28	38	-5512
28	39	11088
28	40	-4088
28	41	-2112
28	42	-5112
28	43	10712
28	44	-6288
28	45	1312
28	46	4488
28	47	5288
28	48	9912
28	49	-2712
29	30	1688
29	31	-488
29	32	-10912
29	33	1888
29	34	-688
29	35	-6112
29	36	-7112
29	37	2112
29	38	-6912
29	39	-312
29	40	-2688
29	41	6488
29	42	-6512
29	43	-7888
29	44	15112
29	45	-7288
29	46	3088
29	47	3888
29	48	1312
29	49	-4112
30	31	-7712
30	32	-10888
30	33	-13688
30	34	-17512
30	35	4312
30	36	5312
30	37	9688
30	38	15112
30	39	-11488
30	40	4488
30	41	-18288
30	42	-5288
30	43	-312
30	44	-3312
30	45	9088
30	46	-4888
30	47	-5688
30	48	10488
30	49	2312
31	32	9688
31	33	2488
31	34	8712
31	35	-5512
31	36	-6512
31	37	-8488
31	38	3688
31	39	288
31	40	-3288
31	41	-2912
31	42	4088
31	43	-18488
31	44	-5488
31	45	-7888
31	46	3688
31	47	-5512
31	48	-19288
31	49	-3512
32	33	8912
32	34	-112
32	35	-3088
32	36	-2088
32	37	-2912
32	38	-2288
32	39	1112
32	40	1888
32	41	4312
32	42	7312
32	43	-2912
32	44	-5912
32	45	-3512
32	46	-2288
32	47	-3088
32	48	-12112
32	49	4912
33	34	12688
33	35	4112
33	36	-4888
33	37	-112
33	38	-5088
33	39	-1688
33	40	4688
33	41	11512
33	42	-5488
33	43	-112
33	44	-3112
33	45	-10712
33	46	4912
33	47	-5888
33	48	688
33	49	2112
34	35	4688
34	36	-6312
34	37	1312
34	38	-6112
34	39	10488
34	40	-3488
34	41	7288
34	42	-5712
34	43	1312
34	44	-5688
34	45	-8088
34	46	3888
34	47	4688
34	48	512
34	49	-13312
35	36	13112
35	37	1888
35	38	2912
35	39	6312
35	40	6688
35	41	-10488
35	42	-7488
35	43	11888
35	44	-11112
35	45	11288
35	46	2912
35	47	2112
35	48	12688
35	49	112
36	37	-9112
36	38	3912
36	39	7312
36	40	-4312
36	41	-9488
36	42	-6488
36	43	10888
36	44	-2112
36	45	20288
36	46	-6088
36	47	3112
36	48	1688
36	49	11112
37	38	1088
37	39	-2312
37	40	-688
37	41	-5512
37	42	-8512
37	43	4112
37	44	-2888
37	45	-5288
37	46	-8912
37	47	1888
37	48	13312
37	49	-6112
38	39	-12888
38	40	5888
38	41	-19688
38	42	-6688
38	43	-8912
38	44	-11912
38	45	488
38	46	3712
38	47	-7088
38	48	1888
38	49	912
39	40	-7512
39	41	3712
39	42	-3288
39	43	7688
39	44	4688
39	45	7088
39	46	-2888
39	47	16312
39	48	-1512
39	49	-5688
40	41	-712
40	42	6288
40	43	-688
40	44	-7688
40	45	-88
40	46	15888
40	47	-3312
40	48	8512
40	49	-11312
41	42	9912
41	43	4488
41	44	11488
41	45	-6112
41	46	312
41	47	-488
41	48	-4712
41	49	-2488
42	43	1488
42	44	-1512
42	45	888
42	46	3312
42	47	-7488
42	48	-7712
42	49	512
43	44	-2888
43	45	14712
43	46	-8912
43	47	1888
43	48	13312
43	49	3888
44	45	-2288
44	46	-1912
44	47	8888
44	48	-3688
44	49	888
45	46	-9512
45	47	1288
45	48	3912
45	49	3288
46	47	2912
46	48	1888
46	49	-9088
47	48	2688
47	49	-9888
48	49	-5312
