0	1	-6304
0	2	2096
0	3	-12104
0	4	-9496
0	5	-10304
0	6	10704
0	7	6504
0	8	-704
0	9	18904
0	10	10296
0	11	6904
0	12	6096
0	13	24304
0	14	4904
0	15	6104
0	16	7704
0	17	-5296
0	18	9296
0	19	6504
0	20	-9096
0	21	1104
0	22	-17296
0	23	496
0	24	8896
0	25	-696
0	26	1704
0	27	-3896
0	28	14496
0	29	-2704
0	30	12096
0	31	2904
0	32	-5096
0	33	-704
0	34	2504
0	35	9104
0	36	-9096
0	37	-104
0	38	-3104
0	39	3904
0	40	-6104
0	41	-10096
0	42	-1704
0	43	304
0	44	-6104
0	45	2896
0	46	13696
0	47	5904
0	48	-3704
0	49	-1304
1	2	1296
1	3	7096
1	4	11304
1	5	8896
1	6	11504
1	7	-2696
1	8	8496
1	9	-296
1	10	-10504
1	11	-2296
1	12	-14704
1	13	-4896
1	14	-4296
1	15	-3096
1	16	-1496
1	17	-4496
1	18	8496
1	19	-2696
1	20	1704
1	21	-8096
1	22	3504
1	23	-304
1	24	-1904
1	25	-9896
1	26	12504
1	27	-13096
1	28	-6304
1	29	-3504
1	30	-8704
1	31	-6296
1	32	-4296
1	33	-11504
1	34	3304
1	35	-96
1	36	-8296
1	37	-10904
1	38	-3904
1	39	-5296
1	40	3096
1	41	704
1	42	7496
1	43	11104
1	44	-6904
1	45	-7904
1	46	2896
1	47	-3296
1	48	-4504
1	49	-2104
2	3	-14504
2	4	2904
2	5	-2704
2	6	3104
2	7	8904
2	8	-13104
2	9	1304
2	10	-2104
2	11	9304
2	12	3696
2	13	-3296
2	14	-12696
2	15	-11496
2	16	10104
2	17	7104
2	18	-3104
2	19	-1096
2	20	3304
2	21	-6496
2	22	-14896
2	23	8096
2	24	-3504
2	25	-8296
2	26	4104
2	27	-1496
2	28	-7904
2	29	-15104
2	30	9696
2	31	5304
2	32	7304
2	33	-3104
2	34	4904
2	35	1504
2	36	3304
2	37	7496
2	38	-5504
2	39	-23696
2	40	1496
2	41	-7696
2	42	-4104
2	43	12704
2	44	1496
2	45	496
2	46	1296
2	47	-1696
2	48	-6104
2	49	6296
3	4	7104
3	5	13096
3	6	-2696
3	7	3104
3	8	2696
3	9	-4496
3	10	-6304
3	11	-6496
3	12	-10504
3	13	-9096
3	14	11504
3	15	2704
3	16	-5696
3	17	1304
3	18	2696
3	19	3104
3	20	-2496
3	21	-2296
3	22	19304
3	23	-6104
3	24	-7704
3	25	-4096
3	26	-1696
3	27	-7296
3	28	-2104
3	29	10696
3	30	-4504
3	31	-10496
3	32	1504
3	33	-7304
3	34	-896
3	35	-14296
3	36	-2496
3	37	-6704
3	38	296
3	39	10504
3	40	-2704
3	41	6504
3	42	1696
3	43	-3096
3	44	-2704
3	45	-3704
3	46	-2904
3	47	-7496
3	48	9696
3	49	2096
4	5	5304
4	6	-5704
4	7	8496
4	8	5704
4	9	-3904
4	10	-5296
4	11	-11904
4	12	-1096
4	13	-9304
4	14	-9904
4	15	-1104
4	16	7296
4	17	296
4	18	-4296
4	19	-11504
4	20	-5904
4	21	3896
4	22	2296
4	23	4504
4	24	-3896
4	25	-4304
4	26	3296
4	27	-1104
4	28	-19496
4	29	7704
4	30	2904
4	31	-7904
4	32	96
4	33	-4296
4	34	2496
4	35	-4104
4	36	4096
4	37	-4896
4	38	-1896
4	39	-8904
4	40	-8896
4	41	15096
4	42	-3296
4	43	-5304
4	44	1104
4	45	-7896
4	46	1304
4	47	-904
4	48	-1296
4	49	6304
5	6	5504
5	7	1304
5	8	4496
5	9	-6296
5	10	-4504
5	11	-8296
5	12	-8704
5	13	-10896
5	14	9704
5	15	-9096
5	16	2504
5	17	-10496
5	18	4496
5	19	1304
5	20	5704
5	21	-4096
5	22	7504
5	23	-4304
5	24	-5904
5	25	4104
5	26	-3496
5	27	-9096
5	28	-304
5	29	2496
5	30	-2704
5	31	-2296
5	32	-296
5	33	-5504
5	34	7304
5	35	-16096
5	36	5704
5	37	5096
5	38	-7904
5	39	8704
5	40	-904
5	41	4704
5	42	-6504
5	43	5104
5	44	-904
5	45	-1904
5	46	-11104
5	47	704
5	48	11496
5	49	-6104
6	7	-1704
6	8	5904
6	9	5896
6	10	-5096
6	11	7896
6	12	-10896
6	13	10496
6	14	9896
6	15	-1304
6	16	7096
6	17	-9904
6	18	15904
6	19	8296
6	20	-6104
6	21	-6304
6	22	-7904
6	23	-5296
6	24	6304
6	25	-4504
6	26	13096
6	27	-11304
6	28	10704
6	29	-12096
6	30	3104
6	31	1896
6	32	-10104
6	33	-4096
6	34	2296
6	35	5696
6	36	-16104
6	37	-4696
6	38	-11696
6	39	896
6	40	1304
6	41	-15104
6	42	6904
6	43	14496
6	44	-8696
6	45	-7696
6	46	11504
6	47	-1104
6	48	-1096
6	49	-3496
7	8	-8296
7	9	10096
7	10	704
7	11	2096
7	12	4904
7	13	4696
7	14	4096
7	15	2896
7	16	11296
7	17	4296
7	18	1704
7	19	2496
7	20	-11904
7	21	-2104
7	22	-3704
7	23	504
7	24	-7896
7	25	-10304
7	26	-2704
7	27	-7104
7	28	-3496
7	29	3704
7	30	18904
7	31	-3904
7	32	4096
7	33	-8296
7	34	6496
7	35	-10104
7	36	-1904
7	37	1104
7	38	-5896
7	39	-4904
7	40	-12896
7	41	-904
7	42	-7296
7	43	-1304
7	44	-2896
7	45	-1896
7	46	7304
7	47	-6904
7	48	4704
7	49	12304
8	9	-5896
8	10	-4904
8	11	-7896
8	12	896
8	13	-496
8	14	104
8	15	11304
8	16	2904
8	17	-20096
8	18	4096
8	19	-8296
8	20	-3896
8	21	6304
8	22	-2096
8	23	-4704
8	24	3696
8	25	4504
8	26	6904
8	27	1304
8	28	-704
8	29	2096
8	30	-3104
8	31	8104
8	32	-19896
8	33	4096
8	34	7704
8	35	4304
8	36	-3896
8	37	-5304
8	38	-8304
8	39	9104
8	40	-1304
8	41	5104
8	42	3096
8	43	-4496
8	44	-1304
8	45	-12304
8	46	-1504
8	47	1104
8	48	1096
8	49	-6504
9	10	3104
9	11	-304
9	12	-2696
9	13	22296
9	14	1696
9	15	496
9	16	-1104
9	17	1896
9	18	4104
9	19	96
9	20	-4304
9	21	-4504
9	22	-6104
9	23	2904
9	24	4504
9	25	-2704
9	26	-5104
9	27	-9504
9	28	8904
9	29	6104
9	30	1304
9	31	-6304
9	32	1696
9	33	-5896
9	34	4096
9	35	7496
9	36	-4304
9	37	3504
9	38	6504
9	39	2696
9	40	-496
9	41	-3304
9	42	-4896
9	43	6296
9	44	-496
9	45	10504
9	46	9704
9	47	696
9	48	-12896
9	49	4704
10	11	1104
10	12	11896
10	13	8504
10	14	-896
10	15	304
10	16	1904
10	17	-1096
10	18	5096
10	19	10704
10	20	5104
10	21	5304
10	22	-13096
10	23	6296
10	24	4696
10	25	3504
10	26	-4096
10	27	304
10	28	10296
10	29	3096
10	30	7896
10	31	-2896
10	32	9104
10	33	-4904
10	34	-3296
10	35	-6696
10	36	5104
10	37	-4304
10	38	2696
10	39	8104
10	40	-10304
10	41	4104
10	42	-5904
10	43	-15496
10	44	-10304
10	45	8696
10	46	-504
10	47	20104
10	48	12096
10	49	-15504
11	12	5304
11	13	4296
11	14	3696
11	15	2496
11	16	896
11	17	3896
11	18	12104
11	19	12096
11	20	-2304
11	21	-12504
11	22	-4104
11	23	-9096
11	24	-7496
11	25	-10704
11	26	6896
11	27	-7504
11	28	6904
11	29	-15896
11	30	9304
11	31	5696
11	32	3696
11	33	-7896
11	34	-3904
11	35	-504
11	36	-12304
11	37	-8496
11	38	-5496
11	39	-5304
11	40	-2496
11	41	-21304
11	42	13104
11	43	8296
11	44	-12496
11	45	-1496
11	46	7704
11	47	-7304
11	48	5104
11	49	2704
12	13	2704
12	14	-6696
12	15	4504
12	16	6104
12	17	-6896
12	18	896
12	19	-5096
12	20	-696
12	21	-496
12	22	-8896
12	23	-7904
12	24	-9504
12	25	7704
12	26	-9896
12	27	4504
12	28	-3904
12	29	-1104
12	30	13696
12	31	11304
12	32	3304
12	33	896
12	34	904
12	35	-2496
12	36	9304
12	37	1496
12	38	-1504
12	39	2304
12	40	-14504
12	41	-1696
12	42	-104
12	43	-11296
12	44	-4504
12	45	4496
12	46	-4704
12	47	4304
12	48	7896
12	49	296
13	14	6296
13	15	5096
13	16	3496
13	17	-3504
13	18	9504
13	19	4696
13	20	-9704
13	21	96
13	22	-11504
13	23	-1696
13	24	9904
13	25	1896
13	26	-504
13	27	-4904
13	28	14304
13	29	1504
13	30	6704
13	31	-1704
13	32	-3704
13	33	-496
13	34	-1304
13	35	12096
13	36	-9704
13	37	-1096
13	38	1904
13	39	7296
13	40	-5096
13	41	-8704
13	42	504
13	43	896
13	44	-5096
13	45	5904
13	46	15104
13	47	5296
13	48	-7496
13	49	104
14	15	4496
14	16	2896
14	17	-4104
14	18	10104
14	19	14096
14	20	-10304
14	21	-504
14	22	7896
14	23	-11096
14	24	504
14	25	1296
14	26	-1104
14	27	-5504
14	28	14904
14	29	2104
14	30	7304
14	31	-2304
14	32	-4304
14	33	104
14	34	-1904
14	35	-8504
14	36	-10304
14	37	-496
14	38	-7496
14	39	16696
14	40	-4496
14	41	-9304
14	42	1104
14	43	296
14	44	-4496
14	45	-3496
14	46	5704
14	47	-5304
14	48	13104
14	49	704
15	16	1696
15	17	-5304
15	18	1304
15	19	2896
15	20	-11504
15	21	8296
15	22	-3304
15	23	104
15	24	1704
15	25	-9904
15	26	7696
15	27	3296
15	28	6104
15	29	3304
15	30	8504
15	31	6496
15	32	-15504
15	33	1304
15	34	6896
15	35	296
15	36	-11504
15	37	-9296
15	38	-6296
15	39	5496
15	40	-3296
15	41	-504
15	42	2304
15	43	-10904
15	44	-3296
15	45	-12296
15	46	6904
15	47	-6504
15	48	4304
15	49	1904
16	17	-6904
16	18	2904
16	19	1296
16	20	-13104
16	21	6696
16	22	-14904
16	23	1704
16	24	3304
16	25	-1504
16	26	6096
16	27	1696
16	28	-2296
16	29	-5096
16	30	20104
16	31	4896
16	32	-7104
16	33	2904
16	34	5296
16	35	-1304
16	36	-3104
16	37	2304
16	38	-14696
16	39	-6104
16	40	-11696
16	41	-2104
16	42	-6096
16	43	-2504
16	44	-1696
16	45	-10696
16	46	8504
16	47	1896
16	48	5904
16	49	3504
17	18	-10096
17	19	4296
17	20	-104
17	21	-304
17	22	8096
17	23	8704
17	24	304
17	25	-8504
17	26	-904
17	27	4696
17	28	-5296
17	29	1904
17	30	-2896
17	31	-12104
17	32	15896
17	33	-96
17	34	-11704
17	35	1696
17	36	-104
17	37	-696
17	38	12304
17	39	-13104
17	40	5304
17	41	896
17	42	904
17	43	496
17	44	5304
17	45	6304
17	46	5504
17	47	-5104
17	48	-7096
17	49	10504
18	19	11704
18	20	-3896
18	21	-13696
18	22	-2096
18	23	-14704
18	24	-6304
18	25	-5496
18	26	6904
18	27	-18696
18	28	9296
18	29	-7904
18	30	6896
18	31	-1896
18	32	104
18	33	-15904
18	34	-2296
18	35	-5696
18	36	-13896
18	37	-15304
18	38	-8304
18	39	9104
18	40	-11304
18	41	-14896
18	42	13096
18	43	5504
18	44	-21304
18	45	-2304
18	46	8496
18	47	1104
18	48	11096
18	49	-6504
19	20	-1904
19	21	-2104
19	22	-3704
19	23	504
19	24	2104
19	25	-10304
19	26	7296
19	27	-7104
19	28	16504
19	29	-6296
19	30	8904
19	31	-3904
19	32	4096
19	33	-8296
19	34	-3504
19	35	-10104
19	36	-11904
19	37	-8896
19	38	-5896
19	39	5096
19	40	-2896
19	41	-10904
19	42	2704
19	43	-1304
19	44	-12896
19	45	-1896
19	46	7304
19	47	3096
19	48	14704
19	49	-7696
20	21	-6504
20	22	1896
20	23	4904
20	24	-3496
20	25	5296
20	26	-7104
20	27	-1504
20	28	904
20	29	-1896
20	30	-16696
20	31	1696
20	32	9696
20	33	-3896
20	34	2096
20	35	-4504
20	36	13696
20	37	5504
20	38	8504
20	39	696
20	40	11504
20	41	4696
20	42	-2896
20	43	4296
20	44	1504
20	45	12504
20	46	-18296
20	47	8696
20	48	-896
20	49	-13296
21	22	-8304
21	23	15104
21	24	16704
21	25	5096
21	26	2696
21	27	18296
21	28	1104
21	29	8304
21	30	3504
21	31	1496
21	32	-10504
21	33	16304
21	34	1896
21	35	5296
21	36	3496
21	37	5704
21	38	-1296
21	39	496
21	40	1704
21	41	14496
21	42	-12696
21	43	-15904
21	44	11704
21	45	-7296
21	46	1904
21	47	8496
21	48	-696
21	49	-3096
22	23	-13296
22	24	-11696
22	25	3496
22	26	-8904
22	27	-3304
22	28	-7296
22	29	9904
22	30	-14896
22	31	-10104
22	32	7896
22	33	-2096
22	34	-9704
22	35	-6304
22	36	1896
22	37	-2696
22	38	10304
22	39	8896
22	40	3304
22	41	2896
22	42	8904
22	43	2496
22	44	3304
22	45	4304
22	46	-6496
22	47	-13104
22	48	904
22	49	8504
23	24	14896
23	25	-6696
23	26	5704
23	27	10104
23	28	496
23	29	3296
23	30	-1904
23	31	-3096
23	32	-1096
23	33	5296
23	34	6504
23	35	3104
23	36	4904
23	37	5896
23	38	2896
23	39	-12096
23	40	9896
23	41	13904
23	42	-15704
23	43	-5696
23	44	9896
23	45	-1104
23	46	-304
23	47	9904
23	48	-7704
23	49	-5304
24	25	4904
24	26	7304
24	27	11704
24	28	8896
24	29	1696
24	30	-3504
24	31	-1496
24	32	-9496
24	33	13696
24	34	-1896
24	35	14704
24	36	-3496
24	37	4296
24	38	1296
24	39	-496
24	40	8296
24	41	5504
24	42	-7304
24	43	-4096
24	44	8296
24	45	-2704
24	46	8096
24	47	11504
24	48	-9304
24	49	-6904
25	26	-15504
25	27	10096
25	28	-696
25	29	6504
25	30	-8296
25	31	3296
25	32	1296
25	33	14504
25	34	-6304
25	35	7096
25	36	15296
25	37	13904
25	38	6904
25	39	12296
25	40	-96
25	41	6296
25	42	-4496
25	43	-4104
25	44	9904
25	45	10904
25	46	-9896
25	47	10296
25	48	-2496
25	49	-4896
26	27	-2304
26	28	1704
26	29	-11096
26	30	4104
26	31	896
26	32	-11104
26	33	-3096
26	34	1296
26	35	4696
26	36	-17104
26	37	-13696
26	38	-10696
26	39	-10104
26	40	2304
26	41	-6104
26	42	7904
26	43	3496
26	44	-7696
26	45	-16696
26	46	12504
26	47	-2104
26	48	-96
26	49	-2496
27	28	-3896
27	29	3304
27	30	-1496
27	31	6496
27	32	-5504
27	33	21304
27	34	-3104
27	35	10296
27	36	8496
27	37	10704
27	38	3704
27	39	-4504
27	40	6704
27	41	9496
27	42	-7696
27	43	-10904
27	44	16704
27	45	-2296
27	46	-3096
27	47	3496
27	48	-5696
27	49	1904
28	29	-2704
28	30	2096
28	31	2904
28	32	-5096
28	33	-704
28	34	2504
28	35	-896
28	36	-9096
28	37	-104
28	38	-3104
28	39	13904
28	40	3896
28	41	-10096
28	42	-1704
28	43	304
28	44	-6104
28	45	2896
28	46	3696
28	47	5904
28	48	6296
28	49	-11304
29	30	-5104
29	31	-9896
29	32	2104
29	33	2096
29	34	-296
29	35	-3696
29	36	8104
29	37	2696
29	38	9696
29	39	11104
29	40	-3304
29	41	17104
29	42	-8904
29	43	-12496
29	44	6696
29	45	5696
29	46	-3504
29	47	3104
29	48	-904
29	49	1496
30	31	5304
30	32	-2696
30	33	-3104
30	34	4904
30	35	-8496
30	36	-6696
30	37	-2504
30	38	-15504
30	39	-3696
30	40	-18504
30	41	-7696
30	42	-4104
30	43	-7296
30	44	-8504
30	45	-9504
30	46	11296
30	47	-1696
30	48	13896
30	49	6296
31	32	-12304
31	33	8104
31	34	10096
31	35	3496
31	36	1696
31	37	7504
31	38	-9496
31	39	-1304
31	40	3504
31	41	-7304
31	42	-896
31	43	2296
31	44	3504
31	45	-5496
31	46	-6296
31	47	-3304
31	48	1104
31	49	-1296
32	33	-9896
32	34	-11904
32	35	-8504
32	36	9696
32	37	-496
32	38	12504
32	39	-3304
32	40	-4496
32	41	696
32	42	1104
32	43	296
32	44	-4496
32	45	16504
32	46	-4296
32	47	4696
32	48	3104
32	49	704
33	34	-2296
33	35	14304
33	36	6104
33	37	14696
33	38	1696
33	39	-896
33	40	8696
33	41	5104
33	42	-6904
33	43	-4496
33	44	18696
33	45	-2304
33	46	-1504
33	47	1104
33	48	-8904
33	49	3496
34	35	-6104
34	36	2096
34	37	7104
34	38	-9896
34	39	-904
34	40	3104
34	41	3096
34	42	-11296
34	43	2696
34	44	3104
34	45	-5896
34	46	-6696
34	47	-2904
34	48	704
34	49	-1696
35	36	-4504
35	37	3704
35	38	6704
35	39	-7504
35	40	9704
35	41	-3504
35	42	5304
35	43	6096
35	44	9704
35	45	704
35	46	9904
35	47	496
35	48	-22696
35	49	4904
36	37	15504
36	38	8504
36	39	696
36	40	1504
36	41	14696
36	42	-12896
36	43	-5704
36	44	11504
36	45	12504
36	46	-18296
36	47	8696
36	48	-896
36	49	-3296
37	38	2296
37	39	-1496
37	40	9296
37	41	4504
37	42	-16304
37	43	4904
37	44	19296
37	45	8296
37	46	-10904
37	47	504
37	48	-8304
37	49	4096
38	39	1504
38	40	6296
38	41	7504
38	42	696
38	43	-2096
38	44	6296
38	45	15296
38	46	-3904
38	47	3504
38	48	-11304
38	49	1096
39	40	-5496
39	41	1696
39	42	104
39	43	-8704
39	44	-5496
39	45	5504
39	46	-5296
39	47	5696
39	48	12104
39	49	-10296
40	41	504
40	42	-2304
40	43	10904
40	44	13296
40	45	2296
40	46	-6904
40	47	-3496
40	48	-14304
40	49	-1904
41	42	-13896
41	43	-14704
41	44	10504
41	45	1504
41	46	-9296
41	47	9696
41	48	-1896
41	49	-4296
42	43	6504
42	44	-12304
42	45	-3304
42	46	7496
42	47	-7896
42	48	96
42	49	2496
43	44	904
43	45	1904
43	46	1104
43	47	-10704
43	48	-11496
43	49	6104
44	45	2296
44	46	-6904
44	47	-3496
44	48	-14304
44	49	8096
45	46	-7904
45	47	7504
45	48	-5304
45	49	-2904
46	47	-3296
46	48	-4504
46	49	7896
47	48	4104
47	49	-18296
48	49	-9504
