0	1	15204
0	2	-1204
0	3	3796
0	4	-7996
0	5	-804
0	6	-4996
0	7	-604
0	8	804
0	9	-14604
0	10	-10604
0	11	3404
0	12	3804
0	13	-5404
0	14	6404
0	15	5196
0	16	13196
0	17	-9604
0	18	14996
0	19	10596
0	20	-8804
0	21	-5404
0	22	-3596
0	23	6004
0	24	3204
0	25	-1804
0	26	-196
0	27	204
0	28	4196
0	29	1196
0	30	-3996
0	31	3996
0	32	796
0	33	3804
0	34	5804
0	35	15396
0	36	-1004
0	37	-15396
0	38	-3796
0	39	-6004
0	40	204
0	41	4404
0	42	3796
0	43	10404
0	44	-4196
0	45	-10604
0	46	10004
0	47	8796
0	48	10604
0	49	5796
1	2	-8796
1	3	16204
1	4	-12004
1	5	804
1	6	4996
1	7	10604
1	8	9196
1	9	-15396
1	10	604
1	11	-3404
1	12	-3804
1	13	-4596
1	14	3596
1	15	4804
1	16	6804
1	17	-396
1	18	5004
1	19	-596
1	20	-1196
1	21	-4596
1	22	-6404
1	23	-6004
1	24	-3204
1	25	-8196
1	26	196
1	27	9796
1	28	-4196
1	29	8804
1	30	3996
1	31	-3996
1	32	-10796
1	33	-3804
1	34	14196
1	35	4604
1	36	-8996
1	37	-14604
1	38	3796
1	39	-3996
1	40	-204
1	41	-4404
1	42	-3796
1	43	-404
1	44	-15804
1	45	-9396
1	46	-4
1	47	11204
1	48	-604
1	49	4204
2	3	-2204
2	4	-1996
2	5	-6804
2	6	1004
2	7	-6604
2	8	-3196
2	9	-604
2	10	-16604
2	11	-596
2	12	-196
2	13	8596
2	14	-7596
2	15	-804
2	16	7196
2	17	-5604
2	18	8996
2	19	-5404
2	20	5196
2	21	-1404
2	22	2404
2	23	12004
2	24	-796
2	25	12196
2	26	5804
2	27	-3796
2	28	-1804
2	29	-4804
2	30	2004
2	31	7996
2	32	4796
2	33	-196
2	34	-8196
2	35	-604
2	36	2996
2	37	604
2	38	-7796
2	39	-2004
2	40	6204
2	41	10404
2	42	-2204
2	43	-3596
2	44	11804
2	45	13396
2	46	6004
2	47	-7204
2	48	6604
2	49	-10204
3	4	-6996
3	5	8196
3	6	6004
3	7	8396
3	8	11804
3	9	-5604
3	10	-1604
3	11	-5596
3	12	-5196
3	13	-6404
3	14	-2596
3	15	-5804
3	16	12196
3	17	-604
3	18	3996
3	19	-404
3	20	196
3	21	-6404
3	22	-2596
3	23	-2996
3	24	-5796
3	25	-2804
3	26	804
3	27	11204
3	28	-6804
3	29	196
3	30	7004
3	31	-7004
3	32	-10204
3	33	-5196
3	34	6804
3	35	-5604
3	36	-2004
3	37	-4396
3	38	-2796
3	39	-7004
3	40	1204
3	41	-4596
3	42	2796
3	43	-8596
3	44	-13196
3	45	-1604
3	46	1004
3	47	7796
3	48	1604
3	49	-5204
4	5	7604
4	6	-1804
4	7	-2596
4	8	2396
4	9	11404
4	10	-2596
4	11	-10204
4	12	-604
4	13	2204
4	14	-3204
4	15	-8396
4	16	-6396
4	17	6404
4	18	1804
4	19	6204
4	20	5604
4	21	2204
4	22	6796
4	23	7196
4	24	-10004
4	25	-1396
4	26	3396
4	27	-7004
4	28	2604
4	29	-4396
4	30	-2804
4	31	-7196
4	32	6004
4	33	-604
4	34	-2604
4	35	1404
4	36	7804
4	37	-1404
4	38	-3004
4	39	2804
4	40	2996
4	41	-1204
4	42	3004
4	43	2796
4	44	7396
4	45	-2596
4	46	3196
4	47	-11996
4	48	2596
4	49	1004
5	6	604
5	7	-6204
5	8	-3596
5	9	-204
5	10	3796
5	11	-996
5	12	-596
5	13	-1004
5	14	-7996
5	15	-20404
5	16	7596
5	17	-5204
5	18	-604
5	19	4996
5	20	-4404
5	21	8996
5	22	-7996
5	23	-8396
5	24	8804
5	25	2596
5	26	5404
5	27	-4196
5	28	-1404
5	29	-14404
5	30	1604
5	31	-11604
5	32	-4804
5	33	-596
5	34	-8596
5	35	-10204
5	36	3396
5	37	204
5	38	-8196
5	39	8396
5	40	-4196
5	41	4
5	42	18196
5	43	6004
5	44	-8596
5	45	-16204
5	46	5604
5	47	3196
5	48	6204
5	49	-9804
6	7	10404
6	8	-604
6	9	4404
6	10	404
6	11	-3204
6	12	-3604
6	13	15204
6	14	3796
6	15	-5396
6	16	-3396
6	17	9404
6	18	-5196
6	19	-10796
6	20	-1396
6	21	5204
6	22	-6204
6	23	-5804
6	24	-3004
6	25	-8396
6	26	20396
6	27	-10004
6	28	5604
6	29	-1396
6	30	4196
6	31	-4196
6	32	-20996
6	33	-3604
6	34	4396
6	35	-5596
6	36	-9196
6	37	-4404
6	38	-6004
6	39	5804
6	40	-10004
6	41	15796
6	42	-3996
6	43	-204
6	44	-15604
6	45	404
6	46	-9804
6	47	11004
6	48	-10404
6	49	-5996
7	8	16204
7	9	-4
7	10	3996
7	11	-1196
7	12	9204
7	13	-804
7	14	1804
7	15	9796
7	16	-2204
7	17	14996
7	18	-404
7	19	-4804
7	20	-4204
7	21	-10804
7	22	1804
7	23	1404
7	24	-11396
7	25	-7204
7	26	5204
7	27	5604
7	28	8796
7	29	5796
7	30	-8596
7	31	-1404
7	32	-14604
7	33	9204
7	34	21204
7	35	9996
7	36	3596
7	37	-9996
7	38	1604
7	39	-1404
7	40	5604
7	41	-196
7	42	-11604
7	43	-4196
7	44	-8796
7	45	3996
7	46	-4596
7	47	3396
7	48	-13996
7	49	10396
8	9	204
8	10	-3796
8	11	-9004
8	12	596
8	13	-8996
8	14	-2004
8	15	10404
8	16	2404
8	17	5204
8	18	10604
8	19	5004
8	20	4404
8	21	-18996
8	22	7996
8	23	8396
8	24	-18804
8	25	-2596
8	26	-5404
8	27	14196
8	28	1404
8	29	4404
8	30	-1604
8	31	-8396
8	32	-5196
8	33	596
8	34	18596
8	35	10204
8	36	6604
8	37	-10204
8	38	-1804
8	39	-8396
8	40	14196
8	41	-10004
8	42	-8196
8	43	-6004
8	44	-1404
8	45	6204
8	46	4396
8	47	-3196
8	48	-6204
8	49	9804
9	10	-4
9	11	-7196
9	12	3204
9	13	-4804
9	14	5804
9	15	-4204
9	16	-6204
9	17	10996
9	18	-4404
9	19	1196
9	20	1796
9	21	-4804
9	22	15804
9	23	5404
9	24	-7396
9	25	-1204
9	26	-796
9	27	-10396
9	28	4796
9	29	-8204
9	30	-4596
9	31	-5404
9	32	1396
9	33	3204
9	34	-4796
9	35	-4004
9	36	9596
9	37	14004
9	38	-4396
9	39	-5404
9	40	-10396
9	41	3804
9	42	4396
9	43	-196
9	44	5204
9	45	9996
9	46	-596
9	47	-604
9	48	4
9	49	6396
10	11	8804
10	12	-796
10	13	-804
10	14	1804
10	15	-204
10	16	-12204
10	17	4996
10	18	-20404
10	19	-4804
10	20	-4204
10	21	9196
10	22	-8196
10	23	-18596
10	24	8604
10	25	-7204
10	26	-4796
10	27	5604
10	28	-1204
10	29	5796
10	30	1404
10	31	-1404
10	32	-4604
10	33	-796
10	34	1204
10	35	-10004
10	36	-6404
10	37	10004
10	38	11604
10	39	8596
10	40	-4396
10	41	-10196
10	42	-1604
10	43	-4196
10	44	-8796
10	45	-6004
10	46	-14596
10	47	3396
10	48	-13996
10	49	396
11	12	7996
11	13	3604
11	14	5396
11	15	3004
11	16	5004
11	17	-12196
11	18	-6796
11	19	7604
11	20	-22996
11	21	3604
11	22	-14604
11	23	-4204
11	24	18596
11	25	4
11	26	1996
11	27	1596
11	28	14004
11	29	-2996
11	30	-4204
11	31	14204
11	32	-2596
11	33	7996
11	34	-4004
11	35	2804
11	36	-796
11	37	7196
11	38	-4404
11	39	4204
11	40	1596
11	41	7396
11	42	4404
11	43	1396
11	44	-4004
11	45	-1196
11	46	-8204
11	47	9404
11	48	-8804
11	49	-7596
12	13	-5996
12	14	-5004
12	15	3404
12	16	5404
12	17	8204
12	18	3604
12	19	-1996
12	20	-12596
12	21	-5996
12	22	4996
12	23	5396
12	24	8196
12	25	10404
12	26	1596
12	27	-8804
12	28	14404
12	29	-12596
12	30	-24604
12	31	4604
12	32	-2196
12	33	27596
12	34	5596
12	35	13204
12	36	19604
12	37	-3204
12	38	-4804
12	39	4604
12	40	1196
12	41	6996
12	42	4804
12	43	10996
12	44	5596
12	45	-796
12	46	11396
12	47	-196
12	48	796
12	49	12804
13	14	-3396
13	15	-5004
13	16	-7004
13	17	196
13	18	-5204
13	19	-9604
13	20	996
13	21	14396
13	22	-13396
13	23	-3796
13	24	3404
13	25	-2004
13	26	20004
13	27	-9596
13	28	3996
13	29	996
13	30	6204
13	31	3796
13	32	-9404
13	33	-5996
13	34	-3996
13	35	-4804
13	36	-11204
13	37	-5196
13	38	-3596
13	39	13796
13	40	404
13	41	14604
13	42	-6404
13	43	604
13	44	-3996
13	45	-804
13	46	-9796
13	47	-1404
13	48	-9196
13	49	-14404
14	15	6004
14	16	-1996
14	17	804
14	18	-3796
14	19	10604
14	20	-9996
14	21	-3396
14	22	2396
14	23	2796
14	24	-4404
14	25	-16996
14	26	-1004
14	27	-1404
14	28	7004
14	29	10004
14	30	2796
14	31	7204
14	32	404
14	33	-5004
14	34	2996
14	35	5804
14	36	-7796
14	37	4196
14	38	2596
14	39	-12796
14	40	-11404
14	41	4396
14	42	-2596
14	43	-1604
14	44	-7004
14	45	1804
14	46	-11204
14	47	12404
14	48	-1804
14	49	5404
15	16	-6404
15	17	796
15	18	5396
15	19	996
15	20	1596
15	21	-15004
15	22	6004
15	23	5604
15	24	-7196
15	25	-1404
15	26	-10596
15	27	9804
15	28	4596
15	29	11596
15	30	-4396
15	31	4396
15	32	1196
15	33	3404
15	34	15404
15	35	15796
15	36	-604
15	37	-5796
15	38	5804
15	39	-5604
15	40	9804
15	41	-5996
15	42	-15804
15	43	4
15	44	5404
15	45	9796
15	46	-396
15	47	-804
15	48	-9796
15	49	16196
16	17	-11204
16	18	13396
16	19	8996
16	20	-10404
16	21	-7004
16	22	-1996
16	23	7604
16	24	4804
16	25	6596
16	26	1404
16	27	1804
16	28	2596
16	29	-10404
16	30	-2396
16	31	2396
16	32	-804
16	33	5404
16	34	-2596
16	35	3796
16	36	7396
16	37	-3796
16	38	-12196
16	39	-7604
16	40	1804
16	41	6004
16	42	12196
16	43	2004
16	44	-2596
16	45	-2204
16	46	11604
16	47	7196
16	48	12204
16	49	-5804
17	18	-9404
17	19	-13804
17	20	6796
17	21	196
17	22	10804
17	23	404
17	24	-12396
17	25	-6204
17	26	4204
17	27	-5396
17	28	-204
17	29	6796
17	30	-9596
17	31	-404
17	32	-3604
17	33	8204
17	34	10204
17	35	996
17	36	4596
17	37	-996
17	38	10604
17	39	-404
17	40	-5396
17	41	-1196
17	42	-10604
17	43	-5196
17	44	204
17	45	4996
17	46	-5596
17	47	-5604
17	48	-4996
17	49	11396
18	19	10796
18	20	1396
18	21	-15204
18	22	6204
18	23	15804
18	24	-6996
18	25	8396
18	26	-396
18	27	4
18	28	4396
18	29	-8604
18	30	-4196
18	31	-5804
18	32	996
18	33	3604
18	34	5604
18	35	15596
18	36	9196
18	37	-15596
18	38	-13996
18	39	-5804
18	40	10004
18	41	4204
18	42	3996
18	43	10204
18	44	5604
18	45	-404
18	46	19804
18	47	-1004
18	48	10404
18	49	5996
19	20	-13004
19	21	-9604
19	22	604
19	23	10204
19	24	-2596
19	25	-6004
19	26	-5996
19	27	4404
19	28	9996
19	29	-3004
19	30	204
19	31	-204
19	32	6596
19	33	-1996
19	34	4
19	35	11196
19	36	4796
19	37	-1196
19	38	-9596
19	39	-10204
19	40	4404
19	41	-1396
19	42	9596
19	43	4604
19	44	4
19	45	-4804
19	46	4204
19	47	4596
19	48	4804
19	49	1596
20	21	996
20	22	10004
20	23	-396
20	24	-13196
20	25	4596
20	26	-6596
20	27	3804
20	28	-19404
20	29	7596
20	30	9604
20	31	-9604
20	32	7196
20	33	-12596
20	34	-596
20	35	-8204
20	36	-4604
20	37	-1796
20	38	9804
20	39	396
20	40	3804
20	41	-11996
20	42	-9804
20	43	-5996
20	44	9404
20	45	5796
20	46	3604
20	47	-14804
20	48	4204
20	49	2196
21	22	-13396
21	23	-13796
21	24	13404
21	25	-2004
21	26	10004
21	27	-9596
21	28	-6004
21	29	996
21	30	6204
21	31	3796
21	32	596
21	33	-5996
21	34	-13996
21	35	-14804
21	36	-11204
21	37	4804
21	38	6404
21	39	13796
21	40	-9596
21	41	4604
21	42	3596
21	43	604
21	44	-3996
21	45	-10804
21	46	-9796
21	47	-1404
21	48	804
21	49	-14404
22	23	12796
22	24	-14404
22	25	3004
22	26	-11004
22	27	-1404
22	28	-2996
22	29	4
22	30	-7204
22	31	-2796
22	32	10404
22	33	4996
22	34	2996
22	35	5804
22	36	12204
22	37	4196
22	38	2596
22	39	-12796
22	40	-1404
22	41	-5604
22	42	-2596
22	43	-1604
22	44	12996
22	45	11804
22	46	8796
22	47	-7596
22	48	8196
22	49	15404
23	24	-14004
23	25	2604
23	26	-604
23	27	-1004
23	28	6604
23	29	-396
23	30	-6804
23	31	6804
23	32	10004
23	33	5396
23	34	3396
23	35	15404
23	36	11804
23	37	-5404
23	38	-7004
23	39	-13196
23	40	8996
23	41	4796
23	42	-2996
23	43	-1204
23	44	13396
23	45	11404
23	46	9196
23	47	-7996
23	48	8596
23	49	5004
24	25	9804
24	26	2196
24	27	-8204
24	28	3804
24	29	-13196
24	30	-4004
24	31	4004
24	32	-2796
24	33	8196
24	34	-13804
24	35	-7396
24	36	-996
24	37	7396
24	38	-4204
24	39	14004
24	40	-8204
24	41	7596
24	42	14204
24	43	11596
24	44	-3804
24	45	-11396
24	46	1996
24	47	9204
24	48	1396
24	49	-7796
25	26	-3596
25	27	-3196
25	28	-2404
25	29	-15404
25	30	-7396
25	31	-2604
25	32	4196
25	33	10404
25	34	-7596
25	35	-1204
25	36	12396
25	37	1204
25	38	-7196
25	39	7396
25	40	6804
25	41	1004
25	42	7196
25	43	7004
25	44	12404
25	45	2796
25	46	16604
25	47	-7804
25	48	7204
25	49	-804
26	27	-14804
26	28	10404
26	29	-6596
26	30	-604
26	31	604
26	32	-16196
26	33	1596
26	34	-404
26	35	-796
26	36	-4396
26	37	-9204
26	38	-10804
26	39	10604
26	40	-4804
26	41	20996
26	42	804
26	43	4996
26	44	-10404
26	45	-4796
26	46	-4604
26	47	5804
26	48	-5204
26	49	-11196
27	28	-9196
27	29	13804
27	30	8996
27	31	1004
27	32	4204
27	33	-8804
27	34	9196
27	35	-396
27	36	-3996
27	37	396
27	38	8796
27	39	-8996
27	40	14796
27	41	-19404
27	42	-8796
27	43	-15404
27	44	-804
27	45	5604
27	46	-5004
27	47	-3796
27	48	-5604
27	49	-796
28	29	-9404
28	30	-13396
28	31	3396
28	32	-9804
28	33	14404
28	34	6404
28	35	14796
28	36	8396
28	37	-4796
28	38	-13196
28	39	3396
28	40	804
28	41	15004
28	42	3196
28	43	11004
28	44	-3596
28	45	-1204
28	46	604
28	47	8196
28	48	-8796
28	49	5196
29	30	9604
29	31	10396
29	32	7196
29	33	-12596
29	34	9404
29	35	1796
29	36	-14604
29	37	-1796
29	38	19804
29	39	-9604
29	40	3804
29	41	-11996
29	42	-19804
29	43	-15996
29	44	-596
29	45	5796
29	46	-16396
29	47	-4804
29	48	-5796
29	49	2196
30	31	-3196
30	32	4
30	33	-24604
30	34	-6604
30	35	-14596
30	36	-18196
30	37	4596
30	38	2996
30	39	-3196
30	40	-1004
30	41	-5204
30	42	-2996
30	43	-11204
30	44	-6604
30	45	1404
30	46	-10804
30	47	2004
30	48	-1404
30	49	-14996
31	32	9996
31	33	4604
31	34	-3396
31	35	4596
31	36	-1804
31	37	5404
31	38	7004
31	39	-6804
31	40	1004
31	41	5204
31	42	-7004
31	43	-8796
31	44	6604
31	45	8596
31	46	-9196
31	47	-2004
31	48	1404
31	49	-5004
32	33	-2196
32	34	-10196
32	35	1396
32	36	4996
32	37	8604
32	38	10204
32	39	-10004
32	40	4204
32	41	-11596
32	42	-204
32	43	-5596
32	44	19804
32	45	5396
32	46	4004
32	47	-15204
32	48	14604
32	49	1796
33	34	5596
33	35	13204
33	36	19604
33	37	-3204
33	38	-4804
33	39	4604
33	40	1196
33	41	6996
33	42	4804
33	43	10996
33	44	5596
33	45	-796
33	46	11396
33	47	-196
33	48	796
33	49	12804
34	35	15204
34	36	1604
34	37	-15204
34	38	3196
34	39	-3396
34	40	9196
34	41	-5004
34	42	-13196
34	43	-1004
34	44	-6404
34	45	1204
34	46	-604
34	47	1804
34	48	-11204
34	49	14804
35	36	9596
35	37	-15996
35	38	-4396
35	39	-5404
35	40	9604
35	41	3804
35	42	-5604
35	43	9804
35	44	5204
35	45	-4
35	46	9404
35	47	-604
35	48	4
35	49	16396
36	37	404
36	38	-7996
36	39	-1804
36	40	6004
36	41	204
36	42	7996
36	43	6204
36	44	11604
36	45	3596
36	46	15804
36	47	-7004
36	48	6404
36	49	9996
37	38	4396
37	39	-4596
37	40	-9604
37	41	-3804
37	42	5604
37	43	-9804
37	44	4796
37	45	10004
37	46	-9404
37	47	604
37	48	-4
37	49	-6396
38	39	-2996
38	40	-1204
38	41	-15404
38	42	-12796
38	43	-11404
38	44	3196
38	45	1604
38	46	-11004
38	47	-7796
38	48	-1604
38	49	5204
39	40	1004
39	41	5204
39	42	2996
39	43	11204
39	44	-3396
39	45	-11404
39	46	804
39	47	-2004
39	48	-8596
39	49	-5004
40	41	-9404
40	42	-8796
40	43	-5404
40	44	9196
40	45	5604
40	46	4996
40	47	-13796
40	48	-5604
40	49	-796
41	42	5404
41	43	10396
41	44	-5004
41	45	-196
41	46	796
41	47	10404
41	48	196
41	49	-6596
42	43	11404
42	44	-3196
42	45	-11604
42	46	11004
42	47	7796
42	48	11604
42	49	-5204
43	44	-1004
43	45	-14196
43	46	14796
43	47	6404
43	48	4196
43	49	9404
44	45	11204
44	46	9396
44	47	-18196
44	48	8796
44	49	4804
45	46	-4596
45	47	-6604
45	48	-3996
45	49	396
46	47	-3996
46	48	14596
46	49	9004
47	48	-3396
47	49	-204
48	49	-396
