0	1	8284
0	2	-2908
0	3	-2596
0	4	-3036
0	5	2908
0	6	1372
0	7	932
0	8	2596
0	9	-804
0	10	-1500
0	11	2468
0	12	5028
0	13	-1572
0	14	-8668
0	15	-676
0	16	-6180
0	17	-420
0	18	804
0	19	-6876
0	20	1372
0	21	-804
0	22	-2212
0	23	4700
0	24	4772
0	25	988
0	26	5340
0	27	-36
0	28	4260
0	29	988
0	30	-932
0	31	2780
1	2	-6948
1	3	-3932
1	4	-6820
1	5	2852
1	6	8484
1	7	1500
1	8	3932
1	9	-5724
1	10	-164
1	11	-36
1	12	9692
1	13	-4956
1	14	-9380
1	15	-1756
1	16	-4444
1	17	2084
1	18	1628
1	19	1116
1	20	-3804
1	21	-5724
1	22	-4316
1	23	1060
1	24	-2340
1	25	8868
1	26	420
1	27	-2396
1	28	2268
1	29	676
1	30	-1500
1	31	-1116
2	3	6748
2	4	-92
2	5	-36
2	6	-1572
2	7	-220
2	8	5540
2	9	348
2	10	1444
2	11	1316
2	12	-4316
2	13	-420
2	14	-1628
2	15	-3620
2	16	-932
2	17	4828
2	18	-8540
2	19	-3932
2	20	2524
2	21	348
2	22	-1060
2	23	-2340
2	24	3620
2	25	2140
2	26	2396
2	27	1116
2	28	-988
2	29	2140
2	30	220
2	31	-164
3	4	6876
3	5	-6748
3	6	-1116
3	7	-5284
3	8	1244
3	9	1060
3	10	9436
3	11	1372
3	12	2908
3	13	1828
3	14	220
3	15	932
3	16	-5852
3	17	8868
3	18	-5156
3	19	-1572
3	20	-1116
3	21	1060
3	22	-1628
3	23	-348
3	24	3164
3	25	3364
3	26	-988
3	27	-3804
3	28	-420
3	29	-732
3	30	9380
3	31	1572
4	5	92
4	6	-1444
4	7	-8540
4	8	-2780
4	9	476
4	10	1316
4	11	-2908
4	12	-348
4	13	11996
4	14	2340
4	15	4700
4	16	-804
4	17	4956
4	18	3620
4	19	36
4	20	2652
4	21	476
4	22	-932
4	23	1884
4	24	-604
4	25	-5924
4	26	-5668
4	27	-6948
4	28	-1116
4	29	-5924
4	30	4444
4	31	-36
5	6	1572
5	7	-3876
5	8	2652
5	9	-4444
5	10	-5540
5	11	-1316
5	12	220
5	13	420
5	14	-10660
5	15	-8668
5	16	932
5	17	-732
5	18	348
5	19	3932
5	20	-2524
5	21	-4444
5	22	-3036
5	23	-1756
5	24	-7716
5	25	-2140
5	26	1700
5	27	-1116
5	28	988
5	29	-6236
5	30	-4316
5	31	4260
6	7	-1316
6	8	1116
6	9	-7004
6	10	5212
6	11	5340
6	12	6876
6	13	-2140
6	14	-4004
6	15	1060
6	16	2468
6	17	4900
6	18	-1188
6	19	2396
6	20	-988
6	21	1188
6	22	-1500
6	23	-220
6	24	-1060
6	25	7588
6	26	-4956
6	27	-3676
6	28	-548
6	29	-604
6	30	-2780
6	31	-6492
7	8	-2908
7	9	604
7	10	1188
7	11	5156
7	12	-4572
7	13	-4260
7	14	2212
7	15	732
7	16	3420
7	17	-3108
7	18	-604
7	19	-92
7	20	2780
7	21	4700
7	22	3292
7	23	-2084
7	24	-732
7	25	2396
7	26	-1444
7	27	9564
7	28	-1244
7	29	6492
7	30	-7716
7	31	92
8	9	-1060
8	10	-1244
8	11	-1372
8	12	1188
8	13	-5924
8	14	-4316
8	15	-5028
8	16	-2340
8	17	3420
8	18	-3036
8	19	-2524
8	20	-2980
8	21	-1060
8	22	-2468
8	23	4444
8	24	932
8	25	4828
8	26	5084
8	27	-292
8	28	420
8	29	732
8	30	2908
8	31	-1572
9	10	3036
9	11	-5028
9	12	604
9	13	4132
9	14	2012
9	15	3236
9	16	548
9	17	-5212
9	18	-3364
9	19	-3876
9	20	-2908
9	21	-732
9	22	676
9	23	-6236
9	24	860
9	25	-2524
9	26	1316
9	27	-1500
9	28	9564
9	29	9764
9	30	3492
9	31	-220
10	11	6820
10	12	5284
10	13	-1828
10	14	-220
10	15	3164
10	16	-2340
10	17	7516
10	18	-7132
10	19	1572
10	20	-2980
10	21	3036
10	22	1628
10	23	-3748
10	24	-3164
10	25	8924
10	26	-3108
10	27	-292
10	28	420
10	29	732
10	30	2908
10	31	-1572
11	12	-3036
11	13	-5796
11	14	-348
11	15	-4900
11	16	1884
11	17	3548
11	18	932
11	19	-2652
11	20	9436
11	21	3164
11	22	5852
11	23	476
11	24	804
11	25	4956
11	26	1116
11	27	8028
11	28	-7900
11	29	860
11	30	-5156
11	31	-5540
12	13	-164
12	14	-5980
12	15	732
12	16	-676
12	17	988
12	18	-4700
12	19	-92
12	20	-9508
12	21	-3492
12	22	-804
12	23	-2084
12	24	-732
12	25	2396
12	26	2652
12	27	-6820
12	28	6948
12	29	2396
12	30	4572
12	31	92
13	14	1244
13	15	4004
13	16	1316
13	17	-348
13	18	-36
13	19	-548
13	20	1956
13	21	-4060
13	22	1444
13	23	-1372
13	24	92
13	25	-5852
13	26	-6108
13	27	-8924
13	28	4700
13	29	-1756
13	30	164
13	31	548
14	15	6236
14	16	4828
14	17	-5796
14	18	2084
14	19	-1500
14	20	4188
14	21	6108
14	22	8796
14	23	3420
14	24	1956
14	25	-4388
14	26	-36
14	27	2780
14	28	-6748
14	29	-292
14	30	-2212
14	31	-6692
15	16	420
15	17	2852
15	18	4956
15	19	348
15	20	1060
15	21	3236
15	22	-3548
15	23	1828
15	24	5084
15	25	-2652
15	26	-7004
15	27	-1628
15	28	1500
15	29	1444
15	30	3364
15	31	-348
16	17	-3932
16	18	-548
16	19	3036
16	20	-1628
16	21	548
16	22	6052
16	23	-4956
16	24	-420
16	25	-5340
16	26	-1500
16	27	3876
16	28	92
16	29	2852
16	30	-3420
16	31	-3036
17	18	1116
17	19	4700
17	20	804
17	21	-1116
17	22	-7900
17	23	1572
17	24	1244
17	25	5284
17	26	-7260
17	27	-1884
17	28	-2340
17	29	-2908
17	30	7204
17	31	3492
18	19	3876
18	20	7004
18	21	732
18	22	-4772
18	23	6236
18	24	-860
18	25	-5668
18	26	-5412
18	27	1500
18	28	-5468
18	29	-1572
18	30	604
18	31	220
19	20	-5796
19	21	220
19	22	-5284
19	23	1628
19	24	-8540
19	25	-2084
19	26	-10020
19	27	-3108
19	28	-860
19	29	-2084
19	30	4188
19	31	7900
20	21	1188
20	22	2596
20	23	3876
20	24	3036
20	25	-604
20	26	-860
20	27	4516
20	28	-8740
20	29	-604
20	30	-6876
20	31	-6492
21	22	676
21	23	6052
21	24	860
21	25	-2524
21	26	-2780
21	27	2596
21	28	-2724
21	29	1572
21	30	-604
21	31	-220
22	23	-732
22	24	-548
22	25	-1116
22	26	6820
22	27	4004
22	28	-4132
22	29	-1116
22	30	-7388
22	31	-7004
23	24	2268
23	25	-3932
23	26	-92
23	27	-2908
23	28	-5412
23	29	-3932
23	30	2084
23	31	2468
24	25	-1444
24	26	2908
24	27	1628
24	28	2596
24	29	2652
24	30	4828
24	31	348
25	26	-476
25	27	804
25	28	-932
25	29	-220
25	30	-2396
25	31	-6108
26	27	4644
26	28	-676
26	29	-476
26	30	-2652
26	31	-2268
27	28	-6052
27	29	804
27	30	-5468
27	31	-988
28	29	7260
28	30	5340
28	31	4956
29	30	1700
29	31	-2012
30	31	8100
