0	1	3832
0	2	-5512
0	3	-1400
0	4	-888
0	5	1672
0	6	2440
0	7	-1784
0	8	-6024
0	9	-632
0	10	-2568
0	11	3464
0	12	1784
0	13	-7160
0	14	-5256
0	15	-264
0	16	-3448
0	17	1672
0	18	-504
0	19	2952
0	20	-3592
0	21	-1544
0	22	1528
0	23	-2296
0	24	504
0	25	1032
0	26	-1928
0	27	3064
0	28	376
0	29	-3720
0	30	904
0	31	-248
1	2	3704
1	3	1672
1	4	6280
1	5	-3448
1	6	5512
1	7	-6904
1	8	-5000
1	9	-5752
1	10	-5640
1	11	2440
1	12	-1288
1	13	-4088
1	14	-4232
1	15	-3336
1	16	3720
1	17	-3448
1	18	2568
1	19	-2168
1	20	-2568
1	21	-4616
1	22	-1544
1	23	-7416
1	24	1528
1	25	4104
1	26	-904
1	27	-8
1	28	5496
1	29	-6792
1	30	-120
1	31	-1272
2	3	-1272
2	4	7432
2	5	1800
2	6	2568
2	7	-1656
2	8	2040
2	9	-504
2	10	-2696
2	11	-4600
2	12	1656
2	13	1160
2	14	-1288
2	15	-392
2	16	4872
2	17	1800
2	18	-376
2	19	-1016
2	20	376
2	21	-5768
2	22	1400
2	23	-6264
2	24	-3720
2	25	5256
2	26	2040
2	27	-1160
2	28	4344
2	29	248
2	30	1032
2	31	-120
3	4	-520
3	5	1016
3	6	248
3	7	-3720
3	8	-760
3	9	-776
3	10	-120
3	11	3320
3	12	3720
3	13	1656
3	14	2568
3	15	5768
3	16	-6152
3	17	5112
3	18	7288
3	19	-264
3	20	904
3	21	-5240
3	22	-120
3	23	888
3	24	9096
3	25	-2440
3	26	-760
3	27	-1656
3	28	1032
3	29	5128
3	30	-2312
3	31	-1160
4	5	-3592
4	6	-264
4	7	-4232
4	8	-4344
4	9	-1288
4	10	392
4	11	-9480
4	12	136
4	13	1144
4	14	7176
4	15	-6008
4	16	-2568
4	17	-3592
4	18	10872
4	19	-8968
4	20	1416
4	21	-12920
4	22	-3704
4	23	-3720
4	24	1416
4	25	1144
4	26	3848
4	27	-5240
4	28	5640
4	29	-6648
4	30	-2824
4	31	2424
5	6	1272
5	7	-2696
5	8	2312
5	9	-3848
5	10	-5240
5	11	-3848
5	12	6792
5	13	-1416
5	14	1544
5	15	4744
5	16	-1032
5	17	10232
5	18	-3976
5	19	4856
5	20	3976
5	21	1928
5	22	7048
5	23	6008
5	24	-4216
5	25	-1416
5	26	2312
5	27	-2680
5	28	8
5	29	8
5	30	-1288
5	31	3960
6	7	-3464
6	8	-9208
6	9	-520
6	10	3720
6	11	3576
6	12	-632
6	13	-6280
6	14	-9976
6	15	1416
6	16	-1800
6	17	1272
6	18	-648
6	19	-4104
6	20	648
6	21	-1400
6	22	-376
6	23	1144
6	24	648
6	25	1912
6	26	3080
6	27	2184
6	28	8968
6	29	776
6	30	-2056
6	31	3192
7	8	2952
7	9	7800
7	10	7688
7	11	3704
7	12	-760
7	13	2040
7	14	-1912
7	15	1288
7	16	-1672
7	17	1400
7	18	-4616
7	19	120
7	20	520
7	21	2568
7	22	-504
7	23	1272
7	24	520
7	25	-2056
7	26	2952
7	27	6152
7	28	-3448
7	29	4744
7	30	6264
7	31	-776
8	9	8
8	10	-7304
8	11	-4088
8	12	-2952
8	13	1672
8	14	6392
8	15	-904
8	16	1288
8	17	2312
8	18	-3960
8	19	7688
8	20	-136
8	21	6008
8	22	-3208
8	23	2440
8	24	-136
8	25	5768
8	26	1528
8	27	2424
8	28	-8456
8	29	-264
8	30	-2552
8	31	392
9	10	8840
9	11	2552
9	12	392
9	13	4984
9	14	-760
9	15	6536
9	16	-2824
9	17	248
9	18	-1672
9	19	-1032
9	20	5768
9	21	-4472
9	22	4744
9	23	120
9	24	-2424
9	25	-3208
9	26	8
9	27	7304
9	28	-2296
9	29	1800
9	30	5112
9	31	-1928
10	11	648
10	12	-3592
10	13	6408
10	14	-2440
10	15	2552
10	16	-6264
10	17	-1144
10	18	4872
10	19	-8056
10	20	3320
10	21	-2824
10	22	248
10	23	3080
10	24	3320
10	25	-5880
10	26	4984
10	27	1784
10	28	-904
10	29	7288
10	30	2184
10	31	1032
11	12	392
11	13	-3208
11	14	-8952
11	15	2440
11	16	1272
11	17	248
11	18	-5768
11	19	3064
11	20	-2424
11	21	3720
11	22	648
11	23	-3976
11	24	1672
11	25	-3208
11	26	-4088
11	27	7304
11	28	1800
11	29	1800
11	30	5112
11	31	-6024
12	13	-6136
12	14	1912
12	15	11000
12	16	1672
12	17	6792
12	18	-3576
12	19	-120
12	20	-520
12	21	-2568
12	22	4600
12	23	2824
12	24	-4616
12	25	2056
12	26	-2952
12	27	-6152
12	28	7544
12	29	3448
12	30	6024
12	31	4872
13	14	5000
13	15	8
13	16	-392
13	17	-1416
13	18	4856
13	19	-2696
13	20	7432
13	21	-2808
13	22	6408
13	23	-1544
13	24	-760
13	25	-8968
13	26	1672
13	27	776
13	28	-8824
13	29	-632
13	30	-648
13	31	-3592
14	15	-136
14	16	-3576
14	17	1544
14	18	7560
14	19	-1272
14	20	4728
14	21	-1416
14	22	-2440
14	23	5768
14	24	632
14	25	-3192
14	26	2296
14	27	-5000
14	28	-3592
14	29	-3592
14	30	-3320
14	31	3720
15	16	-376
15	17	8840
15	18	-1528
15	19	1928
15	20	5624
15	21	-520
15	22	6648
15	23	4872
15	24	-2568
15	25	8
15	26	-904
15	27	-8
15	28	1400
15	29	5496
15	30	8072
15	31	2824
16	17	-5128
16	18	-11144
16	19	5880
16	20	-1144
16	21	5000
16	22	6024
16	23	-5256
16	24	-9336
16	25	3704
16	26	-6904
16	27	392
16	28	3080
16	29	-1016
16	30	7928
16	31	-3208
17	18	120
17	19	4856
17	20	3976
17	21	1928
17	22	2952
17	23	6008
17	24	-120
17	25	-1416
17	26	6408
17	27	1416
17	28	8
17	29	4104
17	30	2808
17	31	3960
18	19	-9352
18	20	1800
18	21	-8440
18	22	-7416
18	23	-8
18	24	9992
18	25	-3336
18	26	4232
18	27	-4856
18	28	-2168
18	29	-2168
18	30	-7304
18	31	2040
19	20	1160
19	21	7304
19	22	4232
19	23	632
19	24	-2936
19	25	1400
19	26	-4600
19	27	6792
19	28	-2808
19	29	1288
19	30	5624
19	31	-5512
20	21	-3848
20	22	7416
20	23	4104
20	24	-1800
20	25	-8952
20	26	-136
20	27	4856
20	28	-1928
20	29	-6024
20	30	3208
20	31	-2040
21	22	-2824
21	23	6152
21	24	-3848
21	25	1288
21	26	1912
21	27	2808
21	28	-3976
21	29	4216
21	30	1160
21	31	4104
22	23	-1016
22	24	-8968
22	25	-5880
22	26	-3208
22	27	1784
22	28	-904
22	29	-904
22	30	6280
22	31	-3064
23	24	8
23	25	-1544
23	26	6536
23	27	-2552
23	28	136
23	29	4232
23	30	-1416
23	31	7928
24	25	-760
24	26	-136
24	27	760
24	28	-1928
24	29	2168
24	30	-4984
24	31	-2040
25	26	1672
25	27	-3320
25	28	3464
25	29	3464
25	30	-648
25	31	4600
26	27	-1672
26	28	-264
26	29	3832
26	30	-2552
26	31	8584
27	28	-3464
27	29	-3464
27	30	4744
27	31	-4600
28	29	2040
28	30	3336
28	31	2184
29	30	3336
29	31	2184
30	31	-3464
