0	1	7688
0	2	-4600
0	3	-3080
0	4	-6136
0	5	-2312
0	6	4472
0	7	2424
0	8	3320
0	9	2824
0	10	4216
0	11	-6776
0	12	-6264
0	13	1672
0	14	3064
0	15	1928
0	16	-4216
0	17	3064
0	18	8
0	19	5640
0	20	-5640
0	21	-4088
0	22	2056
0	23	248
0	24	648
0	25	8200
0	26	-1912
0	27	4872
0	28	2296
0	29	2184
0	30	-1016
0	31	-6776
1	2	-760
1	3	-2824
1	4	-2296
1	5	-2056
1	6	-3464
1	7	2680
1	8	3576
1	9	2568
1	10	4472
1	11	-7032
1	12	-6520
1	13	1416
1	14	-776
1	15	1672
1	16	-4472
1	17	3320
1	18	3848
1	19	-2808
1	20	-1288
1	21	-8440
1	22	-2296
1	23	504
1	24	392
1	25	7944
1	26	-2168
1	27	520
1	28	2552
1	29	1928
1	30	2824
1	31	-2936
2	3	-2824
2	4	1800
2	5	6136
2	6	-3464
2	7	6776
2	8	-520
2	9	-5624
2	10	-3720
2	11	-2936
2	12	5768
2	13	1416
2	14	3320
2	15	1672
2	16	7816
2	17	7416
2	18	-4344
2	19	-2808
2	20	2808
2	21	-4344
2	22	-2296
2	23	-7688
2	24	4488
2	25	-248
2	26	1928
2	27	-3576
2	28	-1544
2	29	1928
2	30	-5368
2	31	1160
3	4	2808
3	5	-2552
3	6	-1144
3	7	-3192
3	8	4104
3	9	-2056
3	10	-888
3	11	3448
3	12	2936
3	13	-5000
3	14	8456
3	15	2936
3	16	-3208
3	17	-7928
3	18	4856
3	19	-776
3	20	4872
3	21	4856
3	22	2808
3	23	3080
3	24	8312
3	25	760
3	26	-5512
3	27	-8
3	28	1032
3	29	2680
3	30	1784
3	31	7544
4	5	-520
4	6	2168
4	7	-3976
4	8	-3080
4	9	-3064
4	10	1912
4	11	-376
4	12	4232
4	13	-4216
4	14	-3336
4	15	136
4	16	6280
4	17	-3336
4	18	-5880
4	19	-248
4	20	248
4	21	2312
4	22	-3832
4	23	6136
4	24	-1144
4	25	-5880
4	26	392
4	27	-1016
4	28	-8200
4	29	-3704
4	30	-2808
4	31	-376
5	6	6280
5	7	-3960
5	8	-760
5	9	-5384
5	10	-1656
5	11	-3976
5	12	-392
5	13	-4232
5	14	-504
5	15	-4488
5	16	5752
5	17	-504
5	18	-2568
5	19	4088
5	20	-4088
5	21	-2568
5	22	-520
5	23	-5880
5	24	4984
5	25	5624
5	26	-648
5	27	-3336
5	28	-3832
5	29	3448
5	30	2552
5	31	120
6	7	-2552
6	8	-3448
6	9	1400
6	10	-248
6	11	-5384
6	12	2296
6	13	-5640
6	14	-3192
6	15	-1800
6	16	4344
6	17	-7288
6	18	-8072
6	19	6776
6	20	-6776
6	21	120
6	22	2168
6	23	-376
6	24	-520
6	25	4216
6	26	-2056
6	27	-648
6	28	-6520
6	29	2040
6	30	-2952
6	31	-5384
7	8	-1400
7	9	-648
7	10	-6392
7	11	760
7	12	4344
7	13	4600
7	14	2952
7	15	248
7	16	-1800
7	17	7048
7	18	-1928
7	19	-3464
7	20	-4728
7	21	-6024
7	22	-3976
7	23	-6520
7	24	5624
7	25	2168
7	26	-8
7	27	1400
7	28	-376
7	29	-8
7	30	-9096
7	31	-3336
8	9	-3848
8	10	5000
8	11	-6536
8	12	1144
8	13	5496
8	14	6152
8	15	1144
8	16	-904
8	17	-2040
8	18	3064
8	19	-2568
8	20	2568
8	21	-5128
8	22	5112
8	23	776
8	24	6520
8	25	7160
8	26	888
8	27	6392
8	28	2824
8	29	4984
8	30	-8
8	31	1656
9	10	1144
9	11	392
9	12	904
9	13	4744
9	14	-4104
9	15	-3192
9	16	-5240
9	17	-8
9	18	-1016
9	19	-3576
9	20	-520
9	21	-1016
9	22	1032
9	23	1272
9	24	-8568
9	25	-1016
9	26	-2936
9	27	-4344
9	28	3320
9	29	1160
9	30	2056
9	31	392
10	11	-1544
10	12	-2056
10	13	2296
10	14	1160
10	15	2040
10	16	4088
10	17	1160
10	18	-4232
10	19	6520
10	20	1672
10	21	-136
10	22	1912
10	23	8072
10	24	-4872
10	25	-136
10	26	-2312
10	27	7288
10	28	-2168
10	29	-2312
10	30	9080
10	31	-1544
11	12	-504
11	13	-760
11	14	1400
11	15	-504
11	16	-2552
11	17	1400
11	18	1672
11	19	3208
11	20	888
11	21	9864
11	22	-4472
11	23	2680
11	24	-1784
11	25	-10616
11	26	-248
11	27	2440
11	28	632
11	29	-8440
11	30	4744
11	31	3080
12	13	3848
12	14	888
12	15	8
12	16	2056
12	17	888
12	18	-6008
12	19	-4472
12	20	376
12	21	-1912
12	22	136
12	23	2168
12	24	2824
12	25	-1912
12	26	-3832
12	27	-1144
12	28	-8072
12	29	4360
12	30	-7032
12	31	3592
13	14	1144
13	15	-4344
13	16	-2296
13	17	5240
13	18	-2168
13	19	-4728
13	20	632
13	21	-2168
13	22	-4216
13	23	-1672
13	24	-1528
13	25	-2168
13	26	4104
13	27	6792
13	28	376
13	29	8
13	30	-3192
13	31	-4856
14	15	888
14	16	-1160
14	17	-1784
14	18	2808
14	19	1272
14	20	2824
14	21	2808
14	22	760
14	23	-3064
14	24	10360
14	25	2808
14	26	-3464
14	27	6136
14	28	3080
14	29	4728
14	30	-264
14	31	1400
15	16	2056
15	17	4984
15	18	-1912
15	19	3720
15	20	8568
15	21	2184
15	22	136
15	23	6264
15	24	-1272
15	25	-1912
15	26	4360
15	27	-1144
15	28	120
15	29	-3832
15	30	1160
15	31	3592
16	17	-1160
16	18	-12152
16	19	5768
16	20	2424
16	21	136
16	22	2184
16	23	-3976
16	24	-3320
16	25	-3960
16	26	6408
16	27	904
16	28	-1928
16	29	-5880
16	30	-888
16	31	-2552
17	18	-1288
17	19	1272
17	20	-1272
17	21	-5384
17	22	-3336
17	23	1032
17	24	-1928
17	25	-1288
17	26	632
17	27	-2056
17	28	-1016
17	29	-3464
17	30	-264
17	31	1400
18	19	-6392
18	20	2296
18	21	264
18	22	2312
18	23	-8
18	24	5000
18	25	4360
18	26	-5752
18	27	-3064
18	28	6136
18	29	6536
18	30	3336
18	31	5768
19	20	-3336
19	21	5896
19	22	-248
19	23	2552
19	24	-1656
19	25	-2296
19	26	-120
19	27	6664
19	28	-3592
19	29	-8312
19	30	4872
19	31	-4984
20	21	6392
20	22	248
20	23	1544
20	24	-2440
20	25	-5896
20	26	4216
20	27	-2568
20	28	3592
20	29	120
20	30	3320
20	31	4984
21	22	-5880
21	23	4088
21	24	-3192
21	25	-12024
21	26	2440
21	27	5128
21	28	-2056
21	29	-5752
21	30	3336
21	31	-2424
22	23	-2056
22	24	-1144
22	25	6408
22	26	-3704
22	27	-5112
22	28	8184
22	29	4488
22	30	1288
22	31	7816
23	24	-4744
23	25	-4104
23	26	-2184
23	27	3320
23	28	-6392
23	29	-2184
23	30	5112
23	31	2680
24	25	9096
24	26	-5112
24	27	1672
24	28	-2696
24	29	7176
24	30	-4216
24	31	2312
25	26	-5752
25	27	-3064
25	28	2040
25	29	10632
25	30	-760
25	31	1672
26	27	3208
26	28	3960
26	29	-7672
26	30	-2680
26	31	-4344
27	28	-2824
27	29	-4984
27	30	8
27	31	-9848
28	29	-136
28	30	3064
28	31	4728
29	30	-2680
29	31	3848
30	31	4744
