0	1	532
0	2	-8300
0	3	1428
0	4	2580
0	5	-1044
0	6	1516
0	7	3604
0	8	4884
0	9	-1428
0	10	1132
0	11	-2836
0	12	-20
0	13	2836
0	14	-916
0	15	1044
0	16	-364
0	17	276
0	18	620
0	19	916
0	20	2452
0	21	-5996
0	22	-876
0	23	-2412
0	24	-148
0	25	-148
0	26	748
0	27	-2452
0	28	2196
0	29	4756
0	30	-2924
0	31	-3604
1	2	748
1	3	-788
1	4	-6036
1	5	4500
1	6	1940
1	7	5228
1	8	-148
1	9	-3308
1	10	6420
1	11	6292
1	12	-620
1	13	5996
1	14	276
1	15	3692
1	16	1004
1	17	364
1	18	-1260
1	19	-276
1	20	2284
1	21	-1556
1	22	-2580
1	23	-5140
1	24	3604
1	25	3604
1	26	-1388
1	27	-2284
1	28	-1556
1	29	4076
1	30	-4628
1	31	-1132
2	3	-148
2	4	-5396
2	5	-236
2	6	-2796
2	7	-2324
2	8	492
2	9	4244
2	10	-2412
2	11	5652
2	12	-1260
2	13	2540
2	14	-4460
2	15	236
2	16	-6548
2	17	-3092
2	18	2196
2	19	364
2	20	-5268
2	21	-916
2	22	6252
2	23	-404
2	24	-1132
2	25	-5228
2	26	6164
2	27	1172
2	28	-5012
2	29	-3476
2	30	4204
2	31	6420
3	4	1260
3	5	5396
3	6	2836
3	7	236
3	8	-1044
3	9	1684
3	10	-876
3	11	-5100
3	12	276
3	13	-3092
3	14	1172
3	15	10988
3	16	-3988
3	17	-532
3	18	-364
3	19	-1172
3	20	5484
3	21	-6548
3	22	-3476
3	23	2156
3	24	4500
3	25	404
3	26	3604
3	27	-9580
3	28	1644
3	29	-916
3	30	-5524
3	31	3860
4	5	-1644
4	6	3988
4	7	3180
4	8	1900
4	9	-1260
4	10	276
4	11	-3948
4	12	-2668
4	13	-4244
4	14	-1772
4	15	1644
4	16	3052
4	17	-5780
4	18	-3308
4	19	-2324
4	20	-3860
4	21	492
4	22	-4628
4	23	1004
4	24	1556
4	25	1556
4	26	660
4	27	3860
4	28	-3604
4	29	2028
4	30	5612
4	31	916
5	6	-2452
5	7	-620
5	8	-3436
5	9	-1300
5	10	1260
5	11	-2708
5	12	4204
5	13	2708
5	14	-4884
5	15	9108
5	16	-4588
5	17	-3948
5	18	-7444
5	19	-3308
5	20	2324
5	21	-6124
5	22	-1004
5	23	5652
5	24	-20
5	25	4076
5	26	876
5	27	-10516
5	28	2068
5	29	-3564
5	30	-3052
5	31	4716
6	7	5012
6	8	2196
6	9	-6932
6	10	3820
6	11	-148
6	12	-5524
6	13	-3948
6	14	1772
6	15	6548
6	16	5140
6	17	1684
6	18	3308
6	19	2324
6	20	-236
6	21	-492
6	22	-3564
6	23	-5100
6	24	6636
6	25	2540
6	26	-660
6	27	236
6	28	3604
6	29	2068
6	30	2580
6	31	3180
7	8	876
7	9	3860
7	10	9492
7	11	1172
7	12	6548
7	13	2924
7	14	-748
7	15	4716
7	16	-2068
7	17	-2708
7	18	-2284
7	19	-3348
7	20	-788
7	21	-532
7	22	2540
7	23	-20
7	24	-1516
7	25	2580
7	26	1684
7	27	788
7	28	-532
7	29	5100
7	30	492
7	31	-2156
8	9	1044
8	10	6676
8	11	6548
8	12	-364
8	13	-2452
8	14	-3564
8	15	-660
8	16	4844
8	17	-3988
8	18	-1004
8	19	-4628
8	20	-2068
8	21	-1812
8	22	5356
8	23	-5396
8	24	-4332
8	25	-4332
8	26	2964
8	27	2068
8	28	-1812
8	29	-276
8	30	3308
8	31	-876
9	10	876
9	11	1004
9	12	7916
9	13	-1004
9	14	-1172
9	15	1300
9	16	-8300
9	17	532
9	18	-3732
9	19	-7020
9	20	-1388
9	21	-1644
9	22	7572
9	23	6036
9	24	-8596
9	25	-404
9	26	4588
9	27	-2708
9	28	-1644
9	29	-3180
9	30	1428
9	31	-3860
10	11	7660
10	12	6380
10	13	532
10	14	-2708
10	15	2836
10	16	1428
10	17	-6124
10	18	-5268
10	19	-5484
10	20	4244
10	21	-108
10	22	5012
10	23	3476
10	24	2156
10	25	2156
10	26	-1044
10	27	3948
10	28	3988
10	29	2452
10	30	2964
10	31	-5396
11	12	-5780
11	13	-3692
11	14	-6676
11	15	-1388
11	16	1300
11	17	-2156
11	18	-1044
11	19	-5612
11	20	-4076
11	21	3860
11	22	4884
11	23	-748
11	24	2284
11	25	-1812
11	26	3180
11	27	8172
11	28	-236
11	29	2324
11	30	6932
11	31	-5268
12	13	5780
12	14	236
12	15	-108
12	16	-5612
12	17	-876
12	18	-6420
12	19	-236
12	20	5396
12	21	-3052
12	22	6164
12	23	4628
12	24	-11284
12	25	1004
12	26	1900
12	27	-5396
12	28	1044
12	29	-4588
12	30	-4076
12	31	1644
13	14	2580
13	15	-2708
13	16	-1300
13	17	-1940
13	18	1044
13	19	1516
13	20	-20
13	21	236
13	22	3308
13	23	-3348
13	24	-2284
13	25	5908
13	26	-3180
13	27	-4076
13	28	-3860
13	29	-2324
13	30	-2836
13	31	1172
14	15	-3308
14	16	3476
14	17	8212
14	18	9068
14	19	660
14	20	2196
14	21	1940
14	22	-1132
14	23	-2668
14	24	4204
14	25	108
14	26	-11284
14	27	-2196
14	28	-2156
14	29	4500
14	30	-7276
14	31	-3348
15	16	-3604
15	17	-4244
15	18	-4844
15	19	-4884
15	20	1772
15	21	-6164
15	22	-3092
15	23	2540
15	24	4116
15	25	4116
15	26	3220
15	27	-9964
15	28	2028
15	29	-532
15	30	-1044
15	31	3476
16	17	-2836
16	18	1940
16	19	620
16	20	-916
16	21	7532
16	22	-5780
16	23	-8340
16	24	2708
16	25	2708
16	26	-6380
16	27	5012
16	28	-660
16	29	876
16	30	364
16	31	-2028
17	18	6676
17	19	4076
17	20	2540
17	21	-1300
17	22	1772
17	23	-788
17	24	-748
17	25	-748
17	26	-1644
17	27	-2540
17	28	2796
17	29	236
17	30	-4372
17	31	-1388
18	19	3220
18	20	-3436
18	21	404
18	22	1428
18	23	-4204
18	24	5740
18	25	-6548
18	26	-5652
18	27	3436
18	28	404
18	29	7060
18	30	-4716
18	31	-1812
19	20	5996
19	21	-1940
19	22	-7060
19	23	-5524
19	24	-108
19	25	-4204
19	26	3092
19	27	2196
19	28	2156
19	29	-404
19	30	-5012
19	31	7444
20	21	-3476
20	22	-4500
20	23	1132
20	24	1428
20	25	1428
20	26	532
20	27	-4460
20	28	4716
20	29	-1940
20	30	-6548
20	31	788
21	22	-148
21	23	-2708
21	24	1172
21	25	5268
21	26	-3820
21	27	7572
21	28	-3220
21	29	-1684
21	30	5996
21	31	-3564
22	23	4460
22	24	-5996
22	25	-1900
22	26	1300
22	27	404
22	28	-148
22	29	-2708
22	30	4972
22	31	-2540
23	24	660
23	25	660
23	26	-236
23	27	-1132
23	28	5484
23	29	-1172
23	30	2412
23	31	-4076
24	25	876
24	26	-6420
24	27	2668
24	28	1172
24	29	7828
24	30	148
24	31	-2580
25	26	-2324
25	27	-5524
25	28	1172
25	29	-8556
25	30	4244
25	31	-2580
26	27	-532
26	28	276
26	29	-5356
26	30	3348
26	31	6508
27	28	-620
27	29	6036
27	30	6548
27	31	-4884
28	29	-1684
28	30	-2196
28	31	-3564
29	30	-4756
29	31	-5100
30	31	-492
