0	1	-1880
0	2	-808
0	3	4952
0	4	-4776
0	5	6952
0	6	7464
0	7	4952
0	8	-5848
0	9	8664
0	10	-856
0	11	-2136
0	12	2984
0	13	-600
0	14	552
0	15	3672
0	16	-2344
0	17	936
0	18	-6872
0	19	-6360
0	20	-4312
0	21	-9560
0	22	-936
0	23	9128
0	24	-6184
0	25	-6616
0	26	-808
0	27	-5336
0	28	-1832
0	29	7208
0	30	1704
0	31	-2728
1	2	4056
1	3	-6568
1	4	88
1	5	-2008
1	6	-5592
1	7	1624
1	8	1576
1	9	-6952
1	10	-1624
1	11	-2904
1	12	-1880
1	13	2728
1	14	-216
1	15	4440
1	16	-1576
1	17	168
1	18	-3544
1	19	1064
1	20	-5080
1	21	1960
1	22	-168
1	23	-3928
1	24	2776
1	25	808
1	26	-4136
1	27	-2008
1	28	-1064
1	29	-1752
1	30	936
1	31	-1960
2	3	-3032
2	4	-5592
2	5	-8872
2	6	-1192
2	7	1064
2	8	-168
2	9	-2648
2	10	3032
2	11	-7976
2	12	-808
2	13	2776
2	14	1624
2	15	-1752
2	16	168
2	17	1240
2	18	-3240
2	19	344
2	20	2392
2	21	-552
2	22	-1240
2	23	-6952
2	24	-88
2	25	4696
2	26	2728
2	27	-680
2	28	-12632
2	29	-936
2	30	4568
2	31	552
3	4	-7256
3	5	5080
3	6	8664
3	7	-4696
3	8	-2600
3	9	3880
3	10	600
3	11	1880
3	12	856
3	13	344
3	14	-4904
3	15	-3416
3	16	-1496
3	17	2904
3	18	2520
3	19	-6184
3	20	-40
3	21	1112
3	22	-2904
3	23	2904
3	24	2344
3	25	-10024
3	26	5160
3	27	5080
3	28	-2008
3	29	728
3	30	-1960
3	31	2984
4	5	-552
4	6	-5160
4	7	5032
4	8	4056
4	9	1320
4	10	-936
4	11	4440
4	12	-680
4	13	-1192
4	14	5848
4	15	2216
4	16	-4056
4	17	1368
4	18	984
4	19	4568
4	20	-1576
4	21	-424
4	22	2728
4	23	1368
4	24	-4312
4	25	4824
4	26	-5592
4	27	-4648
4	28	7720
4	29	-4904
4	30	600
4	31	-3672
5	6	3240
5	7	-3112
5	8	-5976
5	9	4696
5	10	3112
5	11	1832
5	12	2856
5	13	-4824
5	14	-3672
5	15	-296
5	16	-2216
5	17	808
5	18	1192
5	19	-6488
5	20	-8536
5	21	-5592
5	22	3288
5	23	9000
5	24	-6056
5	25	-6744
5	26	-4776
5	27	-5464
5	28	6488
5	29	7080
5	30	-6616
5	31	1496
6	7	-3624
6	8	-5464
6	9	8280
6	10	-472
6	11	6440
6	12	-728
6	13	-216
6	14	936
6	15	3288
6	16	-2728
6	17	5416
6	18	-2392
6	19	-5976
6	20	4264
6	21	-5080
6	22	-1320
6	23	5416
6	24	1624
6	25	-10328
6	26	7000
6	27	-856
6	28	-2216
6	29	3496
6	30	-2008
6	31	984
7	8	1496
7	9	-216
7	10	600
7	11	-2216
7	12	-3240
7	13	8536
7	14	3288
7	15	4776
7	16	-1496
7	17	-5288
7	18	-5672
7	19	2008
7	20	-40
7	21	-2984
7	22	-7000
7	23	-1192
7	24	-5848
7	25	2264
7	26	-3032
7	27	-3112
7	28	2088
7	29	728
7	30	6232
7	31	-5208
8	9	1112
8	10	-1496
8	11	-2776
8	12	-1752
8	13	-1240
8	14	-4184
8	15	4312
8	16	2392
8	17	296
8	18	4776
8	19	1192
8	20	3240
8	21	6184
8	22	-296
8	23	-3800
8	24	2648
8	25	5032
8	26	-4264
8	27	6312
8	28	-1192
8	29	-5720
8	30	1064
8	31	-2088
9	10	216
9	11	-2600
9	12	4568
9	13	-8232
9	14	2904
9	15	1064
9	16	2984
9	17	6616
9	18	-1960
9	19	-6568
9	20	-424
9	21	-7464
9	22	1576
9	23	10712
9	24	-5464
9	25	-2216
9	26	-2648
9	27	-3496
9	28	-1624
9	29	344
9	30	1752
9	31	-4824
10	11	-1880
10	12	-856
10	13	-344
10	14	-7384
10	15	-680
10	16	1496
10	17	1192
10	18	-2520
10	19	-2008
10	20	40
10	21	-1112
10	22	-5288
10	23	-2904
10	24	-2344
10	25	1832
10	26	-1064
10	27	-5080
10	28	2008
10	29	7464
10	30	-2136
10	31	1112
11	12	-6232
11	13	2472
11	14	-472
11	15	4696
11	16	-9512
11	17	-88
11	18	296
11	19	4904
11	20	6952
11	21	-2392
11	22	88
11	23	-88
11	24	3032
11	25	-7640
11	26	4312
11	27	-2264
11	28	7384
11	29	2088
11	30	-3416
11	31	6488
12	13	-4696
12	14	552
12	15	-424
12	16	5848
12	17	9128
12	18	1320
12	19	1832
12	20	-8408
12	21	2728
12	22	7256
12	23	5032
12	24	2008
12	25	5672
12	26	3288
12	27	-1240
12	28	2264
12	29	-984
12	30	-2392
12	31	-2728
13	14	-3032
13	15	3160
13	16	-2856
13	17	-2648
13	18	-2264
13	19	2344
13	20	4392
13	21	3240
13	22	-5544
13	23	-6744
13	24	1496
13	25	-2008
13	26	6872
13	27	3368
13	28	1752
13	29	-472
13	30	2216
13	31	856
14	15	-2088
14	16	88
14	17	-1496
14	18	-1112
14	19	3496
14	20	-2648
14	21	-3800
14	22	1496
14	23	2600
14	24	-3752
14	25	3240
14	26	-2472
14	27	-3672
14	28	-3496
14	29	-7512
14	30	3368
14	31	-4392
15	16	-4312
15	17	1624
15	18	-2856
15	19	728
15	20	-1320
15	21	-168
15	22	2472
15	23	1624
15	24	-472
15	25	984
15	26	-1752
15	27	-296
15	28	3368
15	29	3544
15	30	-7336
15	31	-3928
16	17	-296
16	18	-680
16	19	-1192
16	20	856
16	21	6104
16	22	-3800
16	23	-296
16	24	5544
16	25	7256
16	26	168
16	27	5976
16	28	1192
16	29	-2472
16	30	3032
16	31	-6104
17	18	-728
17	19	-216
17	20	-2264
17	21	680
17	22	5208
17	23	2984
17	24	4056
17	25	-472
17	26	5336
17	27	-3288
17	28	216
17	29	-3032
17	30	-344
17	31	-680
18	19	4264
18	20	-1880
18	21	5160
18	22	4824
18	23	-728
18	24	-424
18	25	-88
18	26	856
18	27	5288
18	28	-168
18	29	-6744
18	30	-8152
18	31	7128
19	20	2728
19	21	1576
19	22	216
19	23	-4312
19	24	3160
19	25	4520
19	26	4440
19	27	-2392
19	28	3416
19	29	-6232
19	30	552
19	31	6616
20	21	-472
20	22	-5928
20	23	-6360
20	24	5208
20	25	-1624
20	26	6488
20	27	3752
20	28	-2728
20	29	-88
20	30	6696
20	31	4568
21	22	-680
21	23	-7512
21	24	10456
21	25	5416
21	26	3544
21	27	10792
21	28	2520
21	29	-5336
21	30	-2648
21	31	-2472
22	23	5208
22	24	-4056
22	25	4568
22	26	-1240
22	27	-808
22	28	-216
22	29	-1064
22	30	-7848
22	31	680
23	24	-8232
23	25	-4568
23	26	-2856
23	27	-3288
23	28	4312
23	29	1064
23	30	-4440
23	31	-4776
24	25	-680
24	26	8104
24	27	6232
24	28	936
24	29	-2216
24	30	3288
24	31	1832
25	26	-3496
25	27	1448
25	28	-424
25	29	-2392
25	30	296
25	31	-5416
26	27	3416
26	28	-344
26	29	-936
26	30	472
26	31	4648
27	28	-1704
27	29	-5208
27	30	-2520
27	31	-2600
28	29	2136
28	30	-4648
28	31	-2520
29	30	-2264
29	31	1240
30	31	-1448
