0	1	1636
0	2	1564
0	3	1060
0	4	-956
0	5	988
0	6	196
0	7	1028
0	8	-340
0	9	-772
0	10	-1564
0	11	-956
0	12	-884
0	13	1172
0	14	52
0	15	-268
0	16	-1172
0	17	196
1	2	812
1	3	1316
1	4	-556
1	5	92
1	6	-412
1	7	484
1	8	556
1	9	-308
1	10	-812
1	11	-556
1	12	-628
1	13	340
1	14	-268
1	15	484
1	16	-340
1	17	884
2	3	92
2	4	-1780
2	5	1460
2	6	-340
2	7	412
2	8	484
2	9	-380
2	10	-2180
2	11	-1780
2	12	-556
2	13	268
2	14	-196
2	15	-884
2	16	-268
2	17	-340
3	4	20
3	5	-628
3	6	164
3	7	-92
3	8	-20
3	9	-884
3	10	-92
3	11	20
3	12	-52
3	13	1060
3	14	-988
3	15	1204
3	16	236
3	17	164
4	5	-1204
4	6	-412
4	7	-812
4	8	-740
4	9	988
4	10	1780
4	11	2036
4	12	668
4	13	340
4	14	-268
4	15	484
4	16	-340
4	17	884
5	6	236
5	7	1132
5	8	-92
5	9	340
5	10	-1460
5	11	-1204
5	12	20
5	13	-308
5	14	380
5	15	-1460
5	16	-988
5	17	-1060
6	7	1636
6	8	-884
6	9	-1748
6	10	340
6	11	-412
6	12	-484
6	13	196
6	14	1172
6	15	340
6	16	-196
6	17	-1564
7	8	-484
7	9	-916
7	10	-412
7	11	-812
7	12	-740
7	13	-268
7	14	1492
7	15	-412
7	16	-1028
7	17	-956
8	9	308
8	10	-484
8	11	-740
8	12	628
8	13	-340
8	14	268
8	15	812
8	16	1636
8	17	412
9	10	380
9	11	988
9	12	1060
9	13	-772
9	14	-596
9	15	-916
9	16	-524
9	17	844
10	11	1780
10	12	556
10	13	-268
10	14	196
10	15	884
10	16	268
10	17	340
11	12	668
11	13	340
11	14	-268
11	15	484
11	16	-340
11	17	884
12	13	412
12	14	-340
12	15	556
12	16	884
12	17	-484
13	14	52
13	15	1028
13	16	124
13	17	196
14	15	196
14	16	-52
14	17	-124
15	16	1564
15	17	340
16	17	-196
