0	1	-1540
0	2	764
0	3	-1108
0	4	-188
0	5	1180
0	6	-532
0	7	172
0	8	1108
0	9	-116
0	10	-1124
0	11	28
0	12	-1412
0	13	460
0	14	-1036
0	15	116
0	16	332
0	17	-908
1	2	-388
1	3	332
1	4	964
1	5	-260
1	6	-388
1	7	28
1	8	-332
1	9	-260
1	10	28
1	11	-1412
1	12	1036
1	13	316
1	14	1700
1	15	-1036
1	16	-820
1	17	244
2	3	44
2	4	1252
2	5	28
2	6	-676
2	7	316
2	8	-44
2	9	28
2	10	316
2	11	172
2	12	28
2	13	604
2	14	116
2	15	1268
2	16	188
2	17	532
3	4	532
3	5	-692
3	6	44
3	7	-404
3	8	-2060
3	9	604
3	10	2188
3	11	748
3	12	604
3	13	-116
3	14	836
3	15	692
3	16	-388
3	17	1108
4	5	-604
4	6	-1340
4	7	404
4	8	-532
4	9	692
4	10	404
4	11	-748
4	12	692
4	13	116
4	14	460
4	15	604
4	16	388
4	17	188
5	6	28
5	7	-964
5	8	692
5	9	-676
5	10	-964
5	11	-820
5	12	-676
5	13	1340
5	14	532
5	15	-620
5	16	-836
5	17	116
6	7	-980
6	8	-44
6	9	28
6	10	316
6	11	172
6	12	28
6	13	604
6	14	116
6	15	-28
6	16	-1108
6	17	532
7	8	404
7	9	-964
7	10	44
7	11	1484
7	12	-964
7	13	-1540
7	14	-476
7	15	-332
7	16	748
7	17	-1468
8	9	-604
8	10	-2188
8	11	-748
8	12	-604
8	13	116
8	14	-836
8	15	-692
8	16	388
8	17	-1108
9	10	332
9	11	-820
9	12	620
9	13	44
9	14	-764
9	15	676
9	16	460
9	17	116
10	11	1484
10	12	332
10	13	-244
10	14	820
10	15	964
10	16	-548
10	17	1124
11	12	-820
11	13	-1396
11	14	-620
11	15	820
11	16	604
11	17	-28
12	13	44
12	14	532
12	15	676
12	16	460
12	17	1412
13	14	1108
13	15	-44
13	16	-1556
13	17	836
14	15	-532
14	16	-1612
14	17	1036
15	16	836
15	17	1180
16	17	-332
