0	1	948
0	2	780
0	3	-60
0	4	1644
0	5	2100
0	6	492
0	7	276
0	8	-300
0	9	-516
0	10	-780
0	11	-1164
0	12	852
0	13	516
0	14	-804
0	15	-948
0	16	12
0	17	-420
1	2	876
1	3	-1596
1	4	12
1	5	1428
1	6	1164
1	7	84
1	8	660
1	9	-420
1	10	-876
1	11	-1068
1	12	-492
1	13	420
1	14	-132
1	15	12
1	16	-372
1	17	60
2	3	-1428
2	4	420
2	5	732
2	6	-732
2	7	-948
2	8	-228
2	9	852
2	10	444
2	11	-1092
2	12	924
2	13	-852
2	14	-732
2	15	-876
2	16	1236
2	17	-492
3	4	300
3	5	-156
3	6	156
3	7	372
3	8	-348
3	9	-132
3	10	132
3	11	516
3	12	-204
3	13	132
3	14	156
3	15	300
3	16	-660
3	17	-228
4	5	1164
4	6	132
4	7	-84
4	8	-660
4	9	-876
4	10	-420
4	11	-228
4	12	1788
4	13	876
4	14	-1164
4	15	-1308
4	16	372
4	17	-60
5	6	1020
5	7	-60
5	8	516
5	9	-564
5	10	-732
5	11	-1212
5	12	660
5	13	564
5	14	-276
5	15	-1428
5	16	-228
5	17	-1092
6	7	60
6	8	780
6	9	-732
6	10	-564
6	11	-84
6	12	-660
6	13	732
6	14	276
6	15	132
6	16	-1068
6	17	-204
7	8	-732
7	9	-948
7	10	-1644
7	11	-300
7	12	-876
7	13	948
7	14	60
7	15	1212
7	16	-852
7	17	1308
8	9	-228
8	10	228
8	11	420
8	12	-156
8	13	228
8	14	780
8	15	-660
8	16	-276
8	17	-708
9	10	444
9	11	204
9	12	-372
9	13	-852
9	14	-732
9	15	420
9	16	1236
9	17	-492
10	11	-204
10	12	372
10	13	-1740
10	14	732
10	15	-420
10	16	60
10	17	-804
11	12	276
11	13	1092
11	14	-84
11	15	-228
11	16	588
11	17	156
12	13	372
12	14	-660
12	15	-2100
12	16	1164
12	17	-564
13	14	-564
13	15	-420
13	16	60
13	17	492
14	15	132
14	16	-1068
14	17	-204
15	16	-924
15	17	1236
16	17	-300
