0	1	1432
0	2	1088
0	3	1088
0	4	1432
0	5	-1216
0	6	152
0	7	440
0	8	-8
0	9	800
0	10	-640
0	11	-80
0	12	-1160
0	13	-584
0	14	800
0	15	-280
0	16	-440
0	17	-368
1	2	368
1	3	368
1	4	856
1	5	-640
1	6	728
1	7	1016
1	8	-584
1	9	80
1	10	-1360
1	11	640
1	12	-1736
1	13	-1160
1	14	80
1	15	296
1	16	280
1	17	-944
2	3	2296
2	4	368
2	5	-584
2	6	-656
2	7	-944
2	8	512
2	9	-8
2	10	136
2	11	-712
2	12	-928
2	13	1088
2	14	-8
2	15	-224
2	16	-352
2	17	872
3	4	368
3	5	-584
3	6	-656
3	7	-944
3	8	512
3	9	-8
3	10	136
3	11	-712
3	12	-928
3	13	1088
3	14	-8
3	15	-224
3	16	-352
3	17	872
4	5	-640
4	6	728
4	7	-280
4	8	712
4	9	1376
4	10	-64
4	11	-656
4	12	-440
4	13	-1160
4	14	1376
4	15	-1000
4	16	-1016
4	17	352
5	6	352
5	7	64
5	8	-496
5	9	-1592
5	10	1144
5	11	-424
5	12	656
5	13	80
5	14	-1592
5	15	-512
5	16	-64
5	17	1160
6	7	-8
6	8	-424
6	9	-368
6	10	-224
6	11	-352
6	12	-568
6	13	-1144
6	14	-368
6	15	-584
6	16	8
6	17	-64
7	8	-1432
7	9	-656
7	10	-512
7	11	1232
7	12	-280
7	13	-856
7	14	-656
7	15	424
7	16	296
7	17	-1072
8	9	1520
8	10	80
8	11	-800
8	12	712
8	13	-8
8	14	1520
8	15	440
8	16	136
8	17	208
9	10	-872
9	11	296
9	12	80
9	13	-496
9	14	2872
9	15	64
9	16	-640
9	17	-712
10	11	-1144
10	12	1232
10	13	656
10	14	-872
10	15	-1088
10	16	-784
10	17	1736
11	12	-656
11	13	-80
11	14	296
11	15	512
11	16	64
11	17	-1160
12	13	136
12	14	80
12	15	296
12	16	280
12	17	352
13	14	-496
13	15	-280
13	16	-440
13	17	928
14	15	64
14	16	-640
14	17	-712
15	16	2168
15	17	-1792
16	17	-1520
