0	1	292
0	2	-2164
0	3	68
0	4	788
0	5	-1436
0	6	-4
0	7	-212
0	8	-148
0	9	1084
0	10	-1156
0	11	-652
0	12	-220
0	13	-1516
0	14	212
0	15	788
0	16	-140
0	17	-1508
1	2	-644
1	3	1012
1	4	292
1	5	-940
1	6	-212
1	7	-2164
1	8	1228
1	9	-868
1	10	940
1	11	436
1	12	-1292
1	13	-1292
1	14	-1724
1	15	-1004
1	16	-940
1	17	428
2	3	-292
2	4	-868
2	5	1516
2	6	-364
2	7	148
2	8	-508
2	9	-1148
2	10	1076
2	11	284
2	12	716
2	13	2012
2	14	-148
2	15	-868
2	16	220
2	17	1444
3	4	68
3	5	-716
3	6	-724
3	7	-788
3	8	428
3	9	508
3	10	716
3	11	-76
3	12	-940
3	13	-940
3	14	-508
3	15	-1228
3	16	-716
3	17	-788
4	5	-140
4	6	1292
4	7	-212
4	8	-148
4	9	-212
4	10	-1156
4	11	-652
4	12	-1516
4	13	-220
4	14	212
4	15	-508
4	16	-140
4	17	-212
5	6	652
5	7	860
5	8	-500
5	9	-436
5	10	508
5	11	4
5	12	868
5	13	2164
5	14	436
5	15	-140
5	16	788
5	17	860
6	7	580
6	8	356
6	9	-716
6	10	-652
6	11	-148
6	12	-1012
6	13	284
6	14	716
6	15	-4
6	16	652
6	17	580
7	8	-572
7	9	932
7	10	-860
7	11	-68
7	12	796
7	13	796
7	14	1660
7	15	1084
7	16	860
7	17	-364
8	9	-572
8	10	500
8	11	1004
8	12	-1156
8	13	-1156
8	14	-724
8	15	-148
8	16	-500
8	17	724
9	10	-860
9	11	-68
9	12	796
9	13	-500
9	14	364
9	15	1084
9	16	-436
9	17	-1660
10	11	-4
10	12	428
10	13	428
10	14	-436
10	15	-1156
10	16	508
10	17	436
11	12	-364
11	13	-364
11	14	-1228
11	15	644
11	16	-1292
11	17	1228
12	13	1364
12	14	500
12	15	1076
12	16	868
12	17	-500
13	14	500
13	15	-220
13	16	868
13	17	796
14	15	212
14	16	1732
14	17	-932
15	16	-140
15	17	-212
16	17	-436
