0	1	10816
0	2	6184
0	3	-480
0	4	5104
0	5	5096
0	6	-1024
0	7	1976
0	8	-616
0	9	1424
0	10	200
0	11	-9592
0	12	336
0	13	-3464
0	14	5912
0	15	-13528
0	16	-6592
0	17	6736
0	18	-1696
0	19	6464
0	20	-7000
0	21	-3056
0	22	2376
0	23	-5776
0	24	3736
0	25	12720
0	26	9312
0	27	9720
0	28	3880
0	29	1568
0	30	-5912
0	31	-2248
0	32	6464
0	33	-12032
1	2	1288
1	3	-752
1	4	752
1	5	4824
1	6	-1296
1	7	2248
1	8	-888
1	9	-8096
1	10	4552
1	11	-616
1	12	-4560
1	13	1432
1	14	-3608
1	15	-8632
1	16	-6320
1	17	-2240
1	18	-6048
1	19	-2512
1	20	-2104
1	21	-2784
1	22	2104
1	23	-880
1	24	-1160
1	25	-5504
1	26	-208
1	27	4824
1	28	-472
1	29	1840
1	30	-5640
1	31	2104
1	32	-7136
1	33	2112
2	3	-2376
2	4	7000
2	5	5920
2	6	-1832
2	7	-3744
2	8	-6864
2	9	4968
2	10	1568
2	11	-11760
2	12	-3192
2	13	1696
2	14	480
2	15	-6736
2	16	-4424
2	17	744
2	18	-4696
2	19	1016
2	20	-8640
2	21	5912
2	22	4016
2	23	-616
2	24	-6592
2	25	4008
2	26	1704
2	27	-3328
2	28	-1024
2	29	5912
2	30	-5104
2	31	-9856
2	32	-3608
2	33	5640
3	4	336
3	5	-5912
3	6	-13664
3	7	-1160
3	8	9048
3	9	7008
3	10	-1016
3	11	4152
3	12	-10400
3	13	-344
3	14	-2104
3	15	472
3	16	12032
3	17	-1296
3	18	2512
3	19	3600
3	20	3192
3	21	3872
3	22	1432
3	23	1968
3	24	-4552
3	25	-2656
3	26	-880
3	27	12584
3	28	1560
3	29	-752
3	30	2104
3	31	6056
3	32	8224
3	33	-5648
4	5	1288
4	6	4416
4	7	1160
4	8	200
4	9	16112
4	10	5640
4	11	-4152
4	12	-3472
4	13	344
4	14	6728
4	15	-5096
4	16	6464
4	17	10544
4	18	2112
4	19	1024
4	20	-3192
4	21	-8496
4	22	3192
4	23	-1968
4	24	-4696
4	25	-6592
4	26	5504
4	27	-3336
4	28	-1560
4	29	752
4	30	-2104
4	31	3192
4	32	5648
4	33	1024
5	6	-744
5	7	4416
5	8	-5776
5	9	-7816
5	10	2656
5	11	-6048
5	12	-2104
5	13	608
5	14	10816
5	15	-3200
5	16	-5512
5	17	-344
5	18	-1160
5	19	4552
5	20	-480
5	21	200
5	22	480
5	23	2920
5	24	-880
5	25	2920
5	26	-6456
5	27	2384
5	28	7136
5	29	-9048
5	30	-1568
5	31	-4144
5	32	-4696
5	33	4552
6	7	7544
6	8	-4280
6	9	-1696
6	10	-5096
6	11	-4552
6	12	-608
6	13	-14760
6	14	7688
6	15	-72
6	16	-11632
6	17	7408
6	18	11216
6	19	3056
6	20	7272
6	21	-5920
6	22	-7272
6	23	1424
6	24	616
6	25	1424
6	26	8912
6	27	-5368
6	28	-3608
6	29	3328
6	30	-3064
6	31	6600
6	32	-6192
6	33	12304
7	8	-1296
7	9	744
7	10	4144
7	11	-1024
7	12	-9592
7	13	-7408
7	14	-4016
7	15	1024
7	16	-1288
7	17	-1832
7	18	8232
7	19	-2104
7	20	-1696
7	21	2248
7	22	-7552
7	23	-5096
7	24	7680
7	25	-5096
7	26	4008
7	27	-208
7	28	-4688
7	29	-7000
7	30	-5232
7	31	1696
7	32	-2104
7	33	-2104
8	9	-2104
8	10	12992
8	11	18160
8	12	-10264
8	13	-5104
8	14	-1968
8	15	4960
8	16	7272
8	17	-1432
8	18	16248
8	19	17336
8	20	-1568
8	21	-888
8	22	1568
8	23	-2792
8	24	208
8	25	1832
8	26	-5368
8	27	-5776
8	28	6048
8	29	-10136
8	30	-2656
8	31	6192
8	32	12712
8	33	-5784
9	10	-2920
9	11	-2376
9	12	-3056
9	13	1560
9	14	616
9	15	-2248
9	16	13936
9	17	5232
9	18	-208
9	19	-3744
9	20	472
9	21	-3472
9	22	4152
9	23	-10000
9	24	-1832
9	25	3872
9	26	1840
9	27	6056
9	28	-1160
9	29	5776
9	30	-616
9	31	-472
9	32	10128
9	33	880
10	11	8096
10	12	-6456
10	13	336
10	14	1840
10	15	10400
10	16	3464
10	17	4008
10	18	3192
10	19	-344
10	20	-10000
10	21	13800
10	22	752
10	23	2648
10	24	8640
10	25	-6600
10	26	-10808
10	27	-11216
10	28	6864
10	29	-4696
10	30	-1840
10	31	-3872
10	32	-344
10	33	-9592
11	12	-10536
11	13	4416
11	14	-6864
11	15	9856
11	16	7544
11	17	-1160
11	18	7272
11	19	8360
11	20	-1296
11	21	-616
11	22	-7952
11	23	2104
11	24	4560
11	25	-2520
11	26	-1016
11	27	-1424
11	28	15568
11	29	-9864
11	30	2240
11	31	5920
11	32	3736
11	33	-10136
12	13	5096
12	14	6328
12	15	-7960
12	16	-1024
12	17	4144
12	18	-10544
12	19	-4832
12	20	4008
12	21	64
12	22	5240
12	23	2784
12	24	-744
12	25	7408
12	26	-1696
12	27	-2104
12	28	-6872
12	29	4688
12	30	7544
12	31	616
12	32	-208
12	33	4416
13	14	-12448
13	15	208
13	16	7144
13	17	1976
13	18	-15704
13	19	-7544
13	20	-7136
13	21	6056
13	22	2512
13	23	-1288
13	24	8496
13	25	-5912
13	26	-9048
13	27	5232
13	28	3744
13	29	-3192
13	30	3200
13	31	-2112
13	32	-7544
13	33	-7544
14	15	-2384
14	16	-72
14	17	9720
14	18	8904
14	19	5368
14	20	4960
14	21	-3608
14	22	-4960
14	23	8360
14	24	-1696
14	25	8360
14	26	6600
14	27	1568
14	28	3328
14	29	1016
14	30	3872
14	31	4288
14	32	5368
14	33	5368
15	16	1704
15	17	-3464
15	18	-2648
15	19	-8360
15	20	1296
15	21	9864
15	22	-1296
15	23	7144
15	24	4688
15	25	-6728
15	26	-8232
15	27	-7824
15	28	7552
15	29	-4008
15	30	-2240
15	31	7952
15	32	888
15	33	-3736
16	17	8096
16	18	4288
16	19	-6048
16	20	-1016
16	21	2928
16	22	5640
16	23	-9040
16	24	7000
16	25	208
16	26	-1296
16	27	-888
16	28	5240
16	29	-1696
16	30	9320
16	31	10264
16	32	3200
16	33	-6048
17	18	3744
17	19	-1968
17	20	-6184
17	21	2384
17	22	-7688
17	23	-4960
17	24	7544
17	25	-336
17	26	3872
17	27	-344
17	28	4696
17	29	-2240
17	30	8776
17	31	6184
17	32	-11216
17	33	-6592
18	19	12720
18	20	-5368
18	21	-6048
18	22	-8504
18	23	-4144
18	24	-2520
18	25	5104
18	26	7680
18	27	-1160
18	28	-3736
18	29	-6048
18	30	4968
18	31	5368
18	32	8096
18	33	3472
19	20	7416
19	21	-2512
19	22	-2792
19	23	4016
19	24	-1432
19	25	4016
19	26	4144
19	27	-72
19	28	-200
19	29	-7136
19	30	-9992
19	31	-2792
19	32	7008
19	33	2384
20	21	-2104
20	22	1424
20	23	-200
20	24	2784
20	25	4424
20	26	-888
20	27	-480
20	28	208
20	29	2520
20	30	-9584
20	31	6048
20	32	-1832
20	33	7416
21	22	-2520
21	23	8368
21	24	12712
21	25	-5504
21	26	-4832
21	27	200
21	28	-472
21	29	1840
21	30	-1016
21	31	-2520
21	32	-11760
21	33	-7136
22	23	-4424
22	24	1840
22	25	4824
22	26	-8360
22	27	480
22	28	4416
22	29	11352
22	30	336
22	31	-6048
22	32	6456
22	33	6456
23	24	-3064
23	25	-12848
23	26	7136
23	27	2920
23	28	1432
23	29	3744
23	30	888
23	31	200
23	32	-608
23	33	4016
24	25	-3064
24	26	-472
24	27	3744
24	28	10400
24	29	3464
24	30	1696
24	31	-2784
24	32	-10680
24	33	-10680
25	26	2512
25	27	2920
25	28	6056
25	29	-880
25	30	888
25	31	200
25	32	13264
25	33	-5232
26	27	2792
26	28	-2520
26	29	9040
26	30	-1976
26	31	888
26	32	-480
26	33	-5104
27	28	2512
27	29	4824
27	30	7680
27	31	480
27	32	4552
27	33	-72
28	29	-472
28	30	1296
28	31	-208
28	32	-200
28	33	-9448
29	30	-5640
29	31	-11768
29	32	-7136
29	33	6736
30	31	4960
30	32	3880
30	33	-744
31	32	6456
31	33	1832
32	33	-2240
