0	1	-9328
0	2	-4296
0	3	-5904
0	4	-4432
0	5	-6448
0	6	12160
0	7	5360
0	8	464
0	9	5384
0	10	3048
0	11	3456
0	12	-5088
0	13	-2640
0	14	-6472
0	15	-4680
0	16	2912
0	17	3072
0	18	6448
0	19	-7016
0	20	1168
0	21	-1552
0	22	-3456
0	23	2120
0	24	6176
0	25	-1688
0	26	1984
0	27	3320
0	28	2528
0	29	-872
0	30	5248
0	31	-2640
0	32	-5224
0	33	2664
1	2	-9576
1	3	-3344
1	4	4432
1	5	1824
1	6	-2912
1	7	3888
1	8	-464
1	9	3864
1	10	-7672
1	11	1168
1	12	5088
1	13	7264
1	14	-7400
1	15	9304
1	16	-2912
1	17	-3072
1	18	7424
1	19	2392
1	20	3456
1	21	6176
1	22	-1168
1	23	-6744
1	24	-1552
1	25	1688
1	26	-6608
1	27	-7944
1	28	-2528
1	29	-3752
1	30	4000
1	31	11888
1	32	-4024
1	33	-7288
2	3	10936
2	4	-5224
2	5	6856
2	6	-3320
2	7	-5768
2	8	8376
2	9	-9600
2	10	1168
2	11	760
2	12	5496
2	13	3048
2	14	-3184
2	15	-4160
2	16	-3320
2	17	-2664
2	18	-2232
2	19	-11888
2	20	3864
2	21	-2664
2	22	3864
2	23	-1712
2	24	-6584
2	25	2096
2	26	-6200
2	27	896
2	28	2504
2	29	-7968
2	30	-9464
2	31	-6200
2	32	1008
2	33	6992
3	4	-3072
3	5	6064
3	6	-352
3	7	2096
3	8	11072
3	9	-5224
3	10	-216
3	11	-9056
3	12	7424
3	13	624
3	14	4136
3	15	-1416
3	16	-352
3	17	-7536
3	18	-1440
3	19	-5656
3	20	-9440
3	21	-12160
3	22	-9440
3	23	10008
3	24	-6336
3	25	-3048
3	26	-4000
3	27	56
3	28	5792
3	29	-6856
3	30	3888
3	31	-13248
3	32	7288
3	33	5928
4	5	-11776
4	6	1440
4	7	-5632
4	8	-736
4	9	4136
4	10	1304
4	11	-3728
4	12	736
4	13	7536
4	14	-3048
4	15	4952
4	16	6064
4	17	6448
4	18	-2096
4	19	6744
4	20	8352
4	21	6448
4	22	-896
4	23	2776
4	24	2800
4	25	1960
4	26	2912
4	27	-3592
4	28	-2256
4	29	1144
4	30	-352
4	31	2912
4	32	5496
4	33	-2392
5	6	192
5	7	-1984
5	8	6992
5	9	3480
5	10	328
5	11	-3888
5	12	11504
5	13	-4544
5	14	-4568
5	15	-6584
5	16	-9056
5	17	-12704
5	18	3728
5	19	-488
5	20	-736
5	21	-8080
5	22	-9984
5	23	216
5	24	3456
5	25	1032
5	26	-4544
5	27	9848
5	28	624
5	29	-7400
5	30	3344
5	31	80
5	32	6744
5	33	-3864
6	7	5520
6	8	1168
6	9	6856
6	10	7832
6	11	-1824
6	12	-1168
6	13	1008
6	14	-5768
6	15	-6200
6	16	3344
6	17	9168
6	18	4432
6	19	-14472
6	20	6448
6	21	-4704
6	22	-7424
6	23	-3752
6	24	80
6	25	-4568
6	26	-3616
6	27	2936
6	28	5088
6	29	-760
6	30	11616
6	31	5632
6	32	3592
6	33	328
7	8	-1280
7	9	-4568
7	10	-8488
7	11	352
7	12	10528
7	13	-1168
7	14	1032
7	15	-3752
7	16	-8352
7	17	6992
7	18	-2640
7	19	-7672
7	20	4272
7	21	6992
7	22	-4976
7	23	-1304
7	24	-6992
7	25	2504
7	26	-5792
7	27	488
7	28	-6336
7	29	6312
7	30	192
7	31	-5792
7	32	-3208
7	33	-11096
8	9	-4840
8	10	1032
8	11	-4000
8	12	5632
8	13	3184
8	14	-7944
8	15	-8648
8	16	1168
8	17	-2528
8	18	2256
8	19	-7400
8	20	-624
8	21	-2528
8	22	4000
8	23	7672
8	24	-6720
8	25	-2392
8	26	-15312
8	27	-8488
8	28	2640
8	29	-7832
8	30	-80
8	31	3184
8	32	10392
8	33	-2120
9	10	2368
9	11	12024
9	12	-4408
9	13	-1960
9	14	-2528
9	15	-8624
9	16	6856
9	17	-872
9	18	-3480
9	19	1552
9	20	-7400
9	21	3752
9	22	-12024
9	23	-1824
9	24	10120
9	25	-1008
9	26	-1960
9	27	7264
9	28	-1416
9	29	-192
9	30	15176
9	31	7288
9	32	4704
9	33	7968
10	11	-6584
10	12	-5656
10	13	-8104
10	14	-5904
10	15	-6064
10	16	3208
10	17	-4568
10	18	-4952
10	19	-736
10	20	6584
10	21	56
10	22	-2664
10	23	5632
10	24	-56
10	25	-9056
10	26	5768
10	27	-11072
10	28	600
10	29	4000
10	30	7128
10	31	-8104
10	32	8352
10	33	5088
11	12	4000
11	13	1552
11	14	2936
11	15	-1032
11	16	-6448
11	17	5088
11	18	-5360
11	19	-1144
11	20	-2256
11	21	5088
11	22	6992
11	23	-7832
11	24	4160
11	25	5224
11	26	-7696
11	27	-2232
11	28	-8240
11	29	-216
11	30	7536
11	31	1552
11	32	-5112
11	33	872
12	13	6064
12	14	3320
12	15	-5224
12	16	-24288
12	17	-6720
12	18	6992
12	19	-1848
12	20	5248
12	21	-6720
12	22	-4000
12	23	1576
12	24	2096
12	25	-2232
12	26	-7808
12	27	-760
12	28	-7264
12	29	3208
12	30	4704
12	31	-3184
12	32	-1144
12	33	-7128
13	14	-3752
13	15	1848
13	16	1008
13	17	4976
13	18	13792
13	19	-8920
13	20	3072
13	21	-8896
13	22	-1552
13	23	-600
13	24	-4976
13	25	4840
13	26	-5360
13	27	1416
13	28	4432
13	29	-8216
13	30	-2096
13	31	3888
13	32	-3320
13	33	-4680
14	15	2912
14	16	-5768
14	17	-216
14	18	-9304
14	19	8784
14	20	-12184
14	21	-9464
14	22	1688
14	23	9984
14	24	-4408
14	25	4544
14	26	872
14	27	7696
14	28	328
14	29	3728
14	30	6856
14	31	-3752
14	32	-1168
14	33	4816
15	16	7672
15	17	7560
15	18	1960
15	19	6992
15	20	10280
15	21	-6312
15	22	5656
15	23	-2640
15	24	1688
15	25	2800
15	26	1848
15	27	-1168
15	28	-6856
15	29	3616
15	30	488
15	31	-7400
15	32	-9984
15	33	-2096
16	17	13792
16	18	-4816
16	19	-600
16	20	1824
16	21	-80
16	22	-2800
16	23	872
16	24	-4544
16	25	56
16	26	1008
16	27	2936
16	28	5088
16	29	-760
16	30	-2256
16	31	1008
16	32	3592
16	33	4952
17	18	-5792
17	19	-5384
17	20	13408
17	21	1440
17	22	4160
17	23	-8760
17	24	-6064
17	25	1304
17	26	-8896
17	27	4952
17	28	896
17	29	6744
17	30	-1008
17	31	352
17	32	-6856
17	33	-3592
18	19	488
18	20	5360
18	21	-10416
18	22	736
18	23	-216
18	24	5792
18	25	-1032
18	26	-80
18	27	-600
18	28	4000
18	29	-1848
18	30	1280
18	31	4544
18	32	-6744
18	33	-760
19	20	-3480
19	21	3864
19	22	5768
19	23	9440
19	24	10008
19	25	4000
19	26	9576
19	27	-1008
19	28	-4840
19	29	7808
19	30	-2936
19	31	328
19	32	2912
19	33	-352
20	21	4160
20	22	6880
20	23	-10664
20	24	464
20	25	-5224
20	26	-6176
20	27	-7016
20	28	-5632
20	29	9464
20	30	-2912
20	31	-1552
20	32	-8760
20	33	-10120
21	22	8784
21	23	-8760
21	24	3184
21	25	1304
21	26	352
21	27	-8920
21	28	-3728
21	29	6744
21	30	-10256
21	31	9600
21	32	-2232
21	33	-3592
22	23	-1416
22	24	-4160
22	25	-600
22	26	-6176
22	27	-11640
22	28	-5632
22	29	4840
22	30	-7536
22	31	3072
22	32	-8760
22	33	-5496
23	24	-5112
23	25	352
23	26	4024
23	27	1280
23	28	-4680
23	29	-3456
23	30	2664
23	31	-9848
23	32	15312
23	33	80
24	25	3320
24	26	4272
24	27	4296
24	28	3728
24	29	11752
24	30	1008
24	31	4272
24	32	-7016
24	33	3592
25	26	-4408
25	27	464
25	28	5384
25	29	-7264
25	30	-5768
25	31	216
25	32	2256
25	33	-8352
26	27	1416
26	28	-4816
26	29	1032
26	30	-11344
26	31	-5360
26	32	5928
26	33	4568
27	28	5496
27	29	-352
27	30	2776
27	31	1416
27	32	-5248
27	33	9984
28	29	-7672
28	30	-1552
28	31	9056
28	32	-7400
28	33	5112
29	30	-328
29	31	-3592
29	32	-10800
29	33	1712
30	31	-2096
30	32	-56
30	33	7832
31	32	-3320
31	33	-56
32	33	-2640
