0 1 2.0
0 2 -6.0
0 3 4.0
0 4 -2.0
0 5 4.0
0 6 2.0
0 7 -2.0
0 8 2.0
0 9 2.0
0 10 -0.7045230462782344
0 11 0.18846361234513287
1 2 -6.0
1 3 4.0
1 4 -2.0
1 5 4.0
1 6 2.0
1 7 -2.0
1 8 2.0
1 9 2.0
1 16 0.37034717170805465
1 17 -0.7567815145213963
2 3 -8.0
2 4 6.0
2 5 -8.0
2 6 -6.0
2 7 6.0
2 8 -6.0
2 9 -6.0
2 22 -0.23172040489428447
2 23 0.4673032250755582
3 4 -4.0
3 5 10.0
3 6 4.0
3 7 -4.0
3 8 4.0
3 9 4.0
3 28 0.2544972690995797
3 29 -0.2709057547443985
4 5 -4.0
4 6 -2.0
4 7 2.0
4 8 -2.0
4 9 -2.0
4 34 -0.9407194314013321
4 35 0.5268133863285258
5 6 4.0
5 7 -4.0
5 8 4.0
5 9 4.0
5 40 0.9408647596903201
5 41 -0.6091714138477455
6 7 -2.0
6 8 2.0
6 9 2.0
6 46 0.5360696786347097
6 47 0.21163925155133878
7 8 -2.0
7 9 -2.0
7 52 0.10972786833148462
7 53 -0.49748136050184555
8 9 2.0
8 58 -0.469477375616022
8 59 -0.61948144602305
9 64 -0.034114988933628076
9 65 -0.6577762021415128
10 12 -0.38147464646190854
10 13 -0.8507116880611834
10 38 0.9688892620429579
10 44 -0.8667483583222584
10 61 -0.6305341857163713
10 65 0.9970197379926307
10 67 0.3444498300961649
11 14 -0.509819319588777
11 15 -0.08242373761941413
11 40 0.49605570298760804
11 56 -0.46823435755558074
13 54 -0.9710735449391437
14 15 -0.347656119443879
14 19 0.05081652154155769
14 31 -0.9412932371769023
16 18 -0.462843604192682
16 19 -0.9961814266968563
16 57 0.39268886560283356
17 20 -0.22673615601240726
17 21 -0.7195472410394714
19 20 -0.41208530863423687
22 24 -0.6494136831053476
22 25 -0.7234186426035987
22 54 -0.5805073870186419
23 26 -0.34437538211502394
23 27 -0.22496920184662406
23 42 0.17643966405343137
23 53 -0.5448068779901591
23 63 0.2506214241303839
24 35 0.8787078787368012
24 49 -0.9213161656891011
25 55 -0.3574948455400606
25 64 0.8820581354928514
28 30 0.36419594894094454
28 31 -0.8818474430488918
29 32 -0.8929189818892329
29 33 -0.18225432410899156
30 59 -0.47608070285191917
30 67 0.04171150740034957
30 69 0.4964632731092822
31 37 0.8323016264134762
31 45 0.2670597198842479
32 35 0.21145791346120646
32 55 -0.8018107591149257
33 43 0.8022397504146928
33 45 0.2658848946056722
33 68 -0.549695873372622
34 36 -0.692538109869669
34 37 -0.16127867504452653
35 38 -0.6746267282100129
35 39 0.8669373982469446
36 69 -0.1560670251414289
37 47 -0.5374880110793845
37 68 -0.8261456029764092
38 44 -0.2706466432138517
38 65 0.3756029764666644
39 48 -0.592944274352105
39 57 0.8778238653109549
39 63 0.7988126033528675
40 42 0.49495891385299173
40 43 -0.4315076963537732
40 57 0.013638113492569826
41 44 -0.5912194340430681
41 45 0.31609847719820916
42 62 0.9248138089119726
43 68 0.1989547375180416
46 48 0.265607026940913
46 49 -0.18805293280695845
47 50 -0.9765977217245776
47 51 0.24011733368750643
47 66 -0.9618471590124056
49 54 0.21622968915666863
52 54 -0.27064061244543014
52 55 0.01991412795886638
53 56 0.12545838735528414
53 57 -0.9471969008487666
54 63 0.4358619242164783
54 64 -0.9211902880392384
55 60 0.8429135591468868
58 60 0.5719338539667456
58 61 -0.9473298849220506
59 62 0.05737227518012422
59 63 -0.5727934338116989
64 66 -0.9277397776492631
64 67 -0.6303221222840614
65 68 -0.8215971768900214
65 69 -0.04478015665376289
0 0 -0.9501461788358184
1 1 -1.6907493806830731
2 2 -1.711456369862815
3 3 -1.32103251026559
4 4 1.5506888140171728
5 5 -1.038983972375486
6 6 0.966617757682966
7 7 1.9731840421697144
8 8 1.58520455813041
9 9 1.5470178685318619
10 10 -1.359219746657022
11 11 1.9537544501880135
12 12 0.6422841933605032
13 13 0.0594102803008556
14 14 -1.3073551055334613
15 15 -1.986416783384325
16 16 -0.06987752637044053
17 17 -0.9868787544862389
18 18 -1.2939103702812087
19 19 -1.5905848907134044
20 20 1.7084562770682599
21 21 -1.2616621802242958
22 22 -0.9217880689302893
23 23 -1.4626379680069315
24 24 1.9899755861769997
25 25 -0.7961832274690593
26 26 0.9109385658773861
27 27 1.8451437361407306
28 28 1.766723696884033
29 29 -0.9885189590170329
30 30 -1.8683730800677822
31 31 1.3276132347857716
32 32 -1.3731674489851917
33 33 1.2111976485001894
34 34 -0.9973433352576828
35 35 -0.07327294426277309
36 36 -1.473707368480691
37 37 -0.7414016359158788
38 38 1.0622888808913622
39 39 0.9918147546975163
40 40 -0.3030430277422731
41 41 0.29337973484896507
42 42 -0.41921539447828776
43 43 1.4759278947514134
44 44 -1.362067246086423
45 45 0.8757660448384548
46 46 -1.6916188197836783
47 47 0.9812872613806096
48 48 -1.277265753014468
49 49 1.8087208570364814
50 50 1.1302463493169466
51 51 -0.34416403928502515
52 52 0.8899939565320986
53 53 0.2996485873232224
54 54 0.08383469688085343
55 55 1.0771795422743575
56 56 0.14842643029888114
57 57 1.5968504870440525
58 58 -0.9932516357549659
59 59 1.848298346745043
60 60 1.2115907567874147
61 61 1.1474098354636673
62 62 -1.050305486157534
63 63 -0.9375870116088061
64 64 -0.2006632869817775
65 65 -1.9966231152528993
66 66 1.7100984472807537
67 67 1.7493437896853137
68 68 1.1535418483365008
69 69 1.6700788316604278
