0 1 10.0
0 2 -2.0689655172413794
0 3 2.0689655172413794
0 4 -4.827586206896552
0 5 -2.0689655172413794
0 6 -7.241379310344827
0 7 -2.0689655172413794
0 8 2.0689655172413794
0 9 7.241379310344827
0 10 0.8912138549102657
0 11 -0.5126151511314299
1 2 -2.0689655172413794
1 3 2.0689655172413794
1 4 -4.827586206896552
1 5 -2.0689655172413794
1 6 -7.241379310344827
1 7 -2.0689655172413794
1 8 2.0689655172413794
1 9 7.241379310344827
1 16 -0.5273764736678987
1 17 0.3246796315529097
2 3 -3.103448275862069
2 4 7.241379310344827
2 5 3.103448275862069
2 6 -2.0689655172413794
2 7 3.103448275862069
2 8 -3.103448275862069
2 9 2.0689655172413794
2 22 -0.20692943606669356
2 23 0.5850464392429651
3 4 -7.241379310344827
3 5 -3.103448275862069
3 6 2.0689655172413794
3 7 -3.103448275862069
3 8 3.103448275862069
3 9 -2.0689655172413794
3 28 -0.823674692248862
3 29 0.8427154500450833
4 5 7.241379310344827
4 6 -4.827586206896552
4 7 7.241379310344827
4 8 -7.241379310344827
4 9 4.827586206896552
4 34 0.5038701417946245
4 35 -0.7935148309774429
5 6 -2.0689655172413794
5 7 3.103448275862069
5 8 -3.103448275862069
5 9 2.0689655172413794
5 40 0.9090695888892848
5 41 -0.5986102082180365
6 7 -2.0689655172413794
6 8 2.0689655172413794
6 9 -10.0
6 46 -0.4392129771049378
6 47 0.7339666409696566
7 8 -3.103448275862069
7 9 2.0689655172413794
7 52 0.5009832970556691
7 53 0.05008319218898105
8 9 -2.0689655172413794
8 58 -0.48314643232648624
8 59 -0.5381132761868119
9 64 -0.06123695459271605
9 65 -0.4200496204543773
10 12 -0.9750087176192264
10 13 -0.10931656246977961
10 25 -0.7878329269149531
10 58 0.3040485952705332
11 14 -0.264824840096471
11 15 -0.6766362136649227
11 34 0.8404910404814012
11 56 0.016137036974897656
14 46 -0.10867780660369264
15 23 -0.49256284233891456
15 33 0.013692253944201482
15 50 -0.942550695178854
15 61 0.530830152539179
16 18 -0.8638287991478337
16 19 -0.05890772562036517
16 43 -0.4151719407717338
16 60 0.4652180866238598
16 65 -0.22879716313595622
17 20 -0.5675627328194928
17 21 -0.2959210032370445
17 38 0.6138722660748193
18 27 0.7317776406648204
18 37 -0.35409959926749823
18 44 -0.17915137054871821
18 65 -0.047830528841108055
20 38 0.7837908983536201
20 56 -0.2052536598627439
21 24 0.5489795234760515
21 37 -0.49486509101217346
22 24 -0.9183697670790021
22 25 0.873538701621325
22 32 0.4430370042827736
22 37 0.6614083106497632
22 52 0.7215211166543873
22 58 -0.5908195477295786
22 68 -0.9076000438032525
23 26 -0.9008042276228534
23 27 0.475500759241811
24 42 0.6337304516258413
26 39 -0.9192353381166771
26 45 0.2828911970511534
27 40 -0.08372800642835743
27 61 -0.2627448445284115
28 30 -0.4879973393633714
28 31 0.07305684244341859
29 32 -0.6013217665298347
29 33 -0.5605566128468811
29 38 0.6764294650849281
30 68 -0.5415191328281241
34 36 -0.24399717950202526
34 37 0.5811701833482761
34 54 -0.4674808260472241
34 59 0.8256112591449405
34 68 -0.3042109991991586
35 38 0.011567458463029645
35 39 -0.6827349403371514
35 42 -0.4917871166635124
36 68 -0.42138797741083667
37 44 -0.46293154999297803
37 53 -0.9064262031085277
40 42 -0.9070469080952956
40 43 -0.45262020362635047
41 44 -0.1995654522534358
41 45 -0.48458974475583405
42 49 -0.921373296131192
45 60 0.9877637262547492
45 63 0.7190499300740789
46 48 -0.9402545073347583
46 49 -0.5173096841989497
47 50 -0.8899858992493059
47 51 0.15082299844526803
47 52 0.8393559556028543
52 54 0.4064425443984403
52 55 0.34534880866917983
53 56 -0.8422780520151689
53 57 -0.456961495620803
53 59 0.30881441881242
54 59 -0.5536407693732974
57 67 0.2187201160807566
58 60 -0.9119019217186428
58 61 0.8065678738224162
58 65 -0.6527235831167639
58 69 0.9134905202909718
59 62 -0.37923719243707565
59 63 -0.6927978376515915
59 64 -0.15723885653757064
64 66 0.06509972878845272
64 67 0.2865924846203609
65 68 -0.2123984415471114
65 69 -0.6573353465609548
0 0 1.2353416437957256
1 1 -0.7184155638957259
2 2 1.1561002590521543
3 3 -0.686115132455588
4 4 1.127675570860771
5 5 -1.870902392871758
6 6 0.6471673590402132
7 7 -1.6305545467353313
8 8 -1.0656421680717028
9 9 -0.3274992478644587
10 10 -0.14826735132185043
11 11 -0.1646157981146712
12 12 0.48239524772067194
13 13 0.016796797381238182
14 14 -1.1811099419501616
15 15 0.5711687169738204
16 16 0.8217395061049909
17 17 -1.8494511065196022
18 18 -0.11649519844484547
19 19 -0.5278978850725697
20 20 0.7764577259656553
21 21 0.725351972694993
22 22 1.6327489317069077
23 23 0.08728970404087688
24 24 -0.40634998961243257
25 25 -0.4334189694962407
26 26 -0.29777260177817233
27 27 -1.1989360980858357
28 28 1.2616923372327618
29 29 -1.4422192554636548
30 30 -0.6785920068304928
31 31 1.2266792581742605
32 32 -0.7850866082946372
33 33 1.3693635379801674
34 34 1.664052878482143
35 35 -0.8366184540842494
36 36 -1.2974951700673856
37 37 -0.2974162326116705
38 38 0.4713651172054285
39 39 1.8985755876083887
40 40 1.6176221277302165
41 41 -1.0963262533601386
42 42 0.38058916001138693
43 43 -1.5232248478333774
44 44 -0.271324460393628
45 45 0.7902643807620131
46 46 -1.4832723076538956
47 47 0.76905600645852
48 48 1.4712065092377902
49 49 1.0875380635529899
50 50 0.10232077104239991
51 51 -0.5054651064213393
52 52 -1.1668064555789854
53 53 -1.018053654977836
54 54 0.6944436420486455
55 55 0.4657739374456704
56 56 1.8612003881881694
57 57 -0.529482823905032
58 58 -1.0884681476061275
59 59 -1.6099952359630707
60 60 0.06344790191558625
61 61 0.42553060035847295
62 62 -0.518326836217974
63 63 0.7558572735490797
64 64 0.02105204881858436
65 65 -1.787725648980242
66 66 -1.5923875689793865
67 67 1.499751977779872
68 68 -1.0403888912923946
69 69 0.7173690153507484
