0 1 -9.23076923076923
0 2 -10.0
0 3 1.5384615384615385
0 4 -9.23076923076923
0 5 1.5384615384615385
0 6 9.23076923076923
0 7 1.5384615384615385
0 8 -2.3076923076923075
0 9 10.0
0 10 0.3604415456108534
0 11 -0.24757084522353479
1 2 9.23076923076923
1 3 1.5384615384615385
1 4 10.0
1 5 1.5384615384615385
1 6 -10.0
1 7 1.5384615384615385
1 8 -2.3076923076923075
1 9 -9.23076923076923
1 16 0.5909398573736215
1 17 0.6116331612720822
2 3 -1.5384615384615385
2 4 9.23076923076923
2 5 -1.5384615384615385
2 6 -9.23076923076923
2 7 -1.5384615384615385
2 8 2.3076923076923075
2 9 -10.0
2 22 0.07330356836192498
2 23 0.1851615592431004
3 4 1.5384615384615385
3 5 6.153846153846154
3 6 -1.5384615384615385
3 7 6.153846153846154
3 8 -9.23076923076923
3 9 1.5384615384615385
3 28 0.7828539514592245
3 29 0.6836280452283918
4 5 1.5384615384615385
4 6 -10.0
4 7 1.5384615384615385
4 8 -2.3076923076923075
4 9 -9.23076923076923
4 34 0.598074440536533
4 35 -0.08060435138425426
5 6 -1.5384615384615385
5 7 6.153846153846154
5 8 -9.23076923076923
5 9 1.5384615384615385
5 40 0.4171581448074211
5 41 0.009485739949447236
6 7 -1.5384615384615385
6 8 2.3076923076923075
6 9 9.23076923076923
6 46 -0.6176008874782482
6 47 -0.904827833691823
7 8 -9.23076923076923
7 9 1.5384615384615385
7 52 0.6699943082793844
7 53 -0.07911066489378604
8 9 -2.3076923076923075
8 58 -0.2908501684393232
8 59 -0.9103738509150883
9 64 -0.46549977957839617
9 65 -0.7324754058091352
10 12 -0.9788666990760371
10 13 -0.5079774077771877
10 44 -0.5708902182575799
10 54 0.155296417234712
10 59 0.7027460480997789
11 14 0.5007939370369445
11 15 -0.06330491272011995
11 25 0.006387234964284172
11 43 0.15362258022169972
11 54 0.6325936533311405
12 37 -0.2041453243776672
14 54 -0.6950263813815512
15 48 0.2652469695383428
15 60 0.34413692939230023
16 18 -0.7247201562664625
16 19 0.3029023952963519
17 20 -0.45711546330325614
17 21 -0.5101577346282342
20 35 0.783735632847141
20 42 -0.6648421471431445
22 24 0.44637855499950474
22 25 -0.23346022827403146
22 32 0.9188839979439773
22 46 0.7790071502073137
23 26 -0.6078370460857951
23 27 0.06410061623788454
23 69 0.34186447071600834
24 35 -0.043652358269467895
25 32 0.5733274513280342
25 60 -0.3901326639619467
26 33 0.16280070655327838
27 56 0.47850009603841115
28 30 -0.3976453468789738
28 31 -0.4330619435533971
28 59 -0.9744664032896582
28 65 0.19078510427796957
29 32 -0.9779606322109309
29 33 -0.4025243689392555
29 39 0.1807640552468608
29 48 -0.3413457647914824
33 52 0.8317901625315984
33 60 0.6528897713991959
34 36 -0.5867306787637305
34 37 0.20174402646300682
34 56 -0.8734892602626623
35 38 -0.09633411717738305
35 39 0.11379097502239066
35 40 0.7843732786240065
36 44 0.29993948752699184
36 66 -0.8817622847733853
38 51 0.6239154598776315
38 64 0.028366528603904984
39 45 -0.6964891000726625
39 48 -0.4500810064699752
39 50 -0.7201778341366638
40 42 -0.9964580751466516
40 43 -0.5507157710612063
40 59 0.034566251717688345
41 44 0.2546316793210721
41 45 -0.0007557642915037022
42 69 0.4238178782853146
45 61 0.6004472711159206
46 48 -0.9456649749852062
46 49 -0.4065645680103229
46 57 -0.03597827009333887
46 69 -0.6757507973255874
47 50 0.23428752489194338
47 51 0.5672061478439792
47 61 -0.8006481444445259
49 50 -0.2836370478175949
52 54 -0.8650091525165351
52 55 -0.17658746033397965
53 56 -0.24880647073620588
53 57 -0.13736038227227887
53 59 -0.36428089780631656
54 58 0.9911503634310466
55 62 0.8873175337206425
56 67 -0.5542490084070444
58 60 -0.3609926185319603
58 61 -0.9626119466267962
59 62 -0.526635901075055
59 63 -0.8967706816624021
60 66 0.40895676031291717
61 63 -0.33655529734474476
64 66 -0.9932047282302565
64 67 -0.5175993123516536
65 68 -0.7149011524844795
65 69 0.334162887932121
66 68 0.3643900435592802
0 0 1.1442298487935765
1 1 0.4009933022241024
2 2 1.835939322021649
3 3 1.7503536371502804
4 4 -1.2060364786527473
5 5 0.06494813590093651
6 6 1.0329296154080398
7 7 0.10214376930909896
8 8 -1.4090230949602112
9 9 0.4121607299763328
10 10 -1.3678707319893355
11 11 -1.2494025484564806
12 12 0.9012931553572807
13 13 -1.4942938859499835
14 14 -0.3516851268234933
15 15 -0.9224920843242113
16 16 -0.545277877551257
17 17 -1.0898544110935005
18 18 0.7858694648692301
19 19 -0.17652606321575437
20 20 -0.8108130728689443
21 21 1.749521063058706
22 22 1.5269881564670873
23 23 -1.9170798905604958
24 24 0.1297529876933874
25 25 0.21957767716033905
26 26 0.23442151541913292
27 27 0.9412792719874958
28 28 -1.852134655692056
29 29 -0.9195649720517274
30 30 -1.8017787785961723
31 31 1.8600471031465742
32 32 -1.3429649087810267
33 33 1.0433894343924726
34 34 0.831052729926367
35 35 1.2623702087257658
36 36 -1.5019448161654485
37 37 1.2171355360968716
38 38 0.8013466938443776
39 39 -0.09521537563006044
40 40 -1.7585014768799336
41 41 0.79586984650014
42 42 1.5544644060383277
43 43 -1.8907729203063255
44 44 0.3531186252141092
45 45 -0.4619100230580271
46 46 1.6316620475596688
47 47 -0.8893352593380661
48 48 -0.4913967705481395
49 49 1.8733258530853159
50 50 -1.4151010796957255
51 51 0.28570620951668646
52 52 0.48108904220332255
53 53 1.8710125356674057
54 54 1.400189586662003
55 55 1.3840869481951446
56 56 0.18473042374473536
57 57 1.6174757269626936
58 58 -1.8700859635340832
59 59 1.568725757839966
60 60 -1.6211367609244354
61 61 0.23286054988377283
62 62 0.47702986916483386
63 63 -1.3105687961548682
64 64 -1.0158824955561858
65 65 -0.1855463187987545
66 66 1.0313685978469413
67 67 0.050455435465990746
68 68 -0.7891367049203711
69 69 1.1926934539700667
