0	1	3092
0	2	-2572
0	3	2996
0	4	692
0	5	940
0	6	116
0	7	1708
0	8	-4148
0	9	-1036
0	10	-1076
0	11	-1516
0	12	1036
0	13	-3244
0	14	1460
0	15	844
0	16	-2228
0	17	-1804
0	18	-5588
0	19	940
0	20	7412
0	21	3244
0	22	-3092
0	23	-2764
1	2	748
1	3	2092
1	4	-212
1	5	3188
1	6	364
1	7	2420
1	8	-940
1	9	3820
1	10	2900
1	11	1996
1	12	3092
1	13	-3188
1	14	-980
1	15	980
1	16	4052
1	17	2284
1	18	-1804
1	19	3188
1	20	4588
1	21	3188
1	22	-1996
1	23	-1364
2	3	844
2	4	844
2	5	-172
2	6	-884
2	7	-940
2	8	4916
2	9	-2036
2	10	-460
2	11	-3860
2	12	-2572
2	13	172
2	14	-2228
2	15	2228
2	16	692
2	17	3340
2	18	1748
2	19	-172
2	20	-1268
2	21	-172
2	22	3860
2	23	1996
3	4	-116
3	5	-1516
3	6	-1844
3	7	2324
3	8	-1036
3	9	1612
3	10	-1804
3	11	2092
3	12	2996
3	13	-788
3	14	1420
3	15	3188
3	16	3956
3	17	-2228
3	18	-1900
3	19	3092
3	20	2380
3	21	3092
3	22	212
3	23	1036
4	5	788
4	6	-1844
4	7	2324
4	8	-1036
4	9	-2996
4	10	-1804
4	11	-212
4	12	692
4	13	-788
4	14	-884
4	15	884
4	16	-652
4	17	76
4	18	404
4	19	-1516
4	20	2380
4	21	788
4	22	212
4	23	-3572
5	6	-2092
5	7	1612
5	8	-4244
5	9	3668
5	10	1132
5	11	884
5	12	-1364
5	13	1460
5	14	1556
5	15	-1556
5	16	2284
5	17	2900
5	18	-1076
5	19	-1460
5	20	596
5	21	3148
5	22	-884
5	23	-2668
6	7	1748
6	8	2996
6	9	-116
6	10	2228
6	11	364
6	12	2420
6	13	-212
6	14	-2612
6	15	-1996
6	16	-1228
6	17	-1652
6	18	-172
6	19	2516
6	20	-1652
6	21	-4396
6	22	-364
6	23	1612
7	8	-1172
7	9	596
7	10	1900
7	11	4724
7	12	1708
7	13	-1612
7	14	788
7	15	-5396
7	16	5356
7	17	2132
7	18	-2612
7	19	1612
7	20	4436
7	21	1612
7	22	-116
7	23	-3436
8	9	-5068
8	10	652
8	11	-940
8	12	-1844
8	13	-364
8	14	-268
8	15	268
8	16	-500
8	17	-1228
8	18	748
8	19	2668
8	20	-3532
8	21	-6548
8	22	940
8	23	4724
9	10	1076
9	11	3820
9	12	3572
9	13	940
9	14	-3764
9	15	-844
9	16	4532
9	17	1804
9	18	980
9	19	-940
9	20	-500
9	21	3668
9	22	788
9	23	-1844
10	11	596
10	12	-1076
10	13	-1132
10	14	1268
10	15	-3572
10	16	268
10	17	308
10	18	3820
10	19	3436
10	20	2612
10	21	-1172
10	22	-5204
10	23	1652
11	12	5396
11	13	-884
11	14	3628
11	15	-3628
11	16	6356
11	17	-2324
11	18	500
11	19	884
11	20	-20
11	21	884
11	22	308
11	23	-1364
12	13	-940
12	14	-844
12	15	844
12	16	2380
12	17	500
12	18	1324
12	19	-1364
12	20	500
12	21	940
12	22	-788
12	23	-2764
13	14	748
13	15	1556
13	16	20
13	17	-596
13	18	3380
13	19	1460
13	20	-7508
13	21	-844
13	22	884
13	23	2668
14	15	-652
14	16	116
14	17	-5300
14	18	-1132
14	19	3860
14	20	1612
14	21	-748
14	22	-1324
14	23	268
15	16	-4724
15	17	-1612
15	18	-1172
15	19	748
15	20	-1612
15	21	748
15	22	1324
15	23	2036
16	17	1460
16	18	364
16	19	2284
16	20	-844
16	21	2284
16	22	556
16	23	500
17	18	212
17	19	-6316
17	20	268
17	21	5204
17	22	2324
17	23	-3380
18	19	-1076
18	20	-4396
18	21	-1076
18	22	-2804
18	23	3860
19	20	596
19	21	-3764
19	22	-3188
19	23	4244
20	21	2900
20	22	-2284
20	23	-5684
21	22	1420
21	23	-2668
22	23	-3244
