0	1	6548
0	2	3476
0	3	-3916
0	4	-404
0	5	172
0	6	-2284
0	7	3244
0	8	-980
0	9	1036
0	10	5012
0	11	-3724
0	12	5300
0	13	500
0	14	-940
0	15	-1228
0	16	2324
0	17	2476
0	18	1420
0	19	5300
0	20	5204
0	21	-1036
0	22	2092
0	23	556
1	2	-212
1	3	-4340
1	4	-2860
1	5	-1132
1	6	940
1	7	2708
1	8	2324
1	9	-1996
1	10	2860
1	11	-4532
1	12	2572
1	13	460
1	14	-404
1	15	-116
1	16	940
1	17	1172
1	18	2228
1	19	268
1	20	4972
1	21	-2612
1	22	3860
1	23	-1516
2	3	-1268
2	4	-3628
2	5	-1900
2	6	-596
2	7	1940
2	8	-3052
2	9	-460
2	10	-980
2	11	-1460
2	12	1036
2	13	-3380
2	14	-1940
2	15	652
2	16	1708
2	17	5012
2	18	1460
2	19	1036
2	20	1132
2	21	460
2	22	-1516
2	23	4628
3	4	2804
3	5	2228
3	6	-116
3	7	-3148
3	8	-1228
3	9	1364
3	10	-2804
3	11	5932
3	12	-5396
3	13	-596
3	14	844
3	15	-1172
3	16	-2420
3	17	-2380
3	18	980
3	19	-788
3	20	-2996
3	21	940
3	22	308
3	23	-460
4	5	2668
4	6	-2476
4	7	-5780
4	8	-788
4	9	1228
4	10	2516
4	11	2996
4	12	500
4	13	2612
4	14	1172
4	15	3188
4	16	-172
4	17	-1940
4	18	1612
4	19	500
4	20	-1900
4	21	1076
4	22	-20
4	23	-1556
5	6	-3052
5	7	-2900
5	8	-212
5	9	-500
5	10	-364
5	11	4724
5	12	2228
5	13	2036
5	14	2900
5	15	2612
5	16	-748
5	17	-1364
5	18	2188
5	19	-2380
5	20	-172
5	21	2804
5	22	556
5	23	-980
6	7	788
6	8	2708
6	9	-1612
6	10	-2132
6	11	-4916
6	12	-2420
6	13	76
6	14	-5396
6	15	1804
6	16	-1748
6	17	1556
6	18	308
6	19	-2420
6	20	-20
6	21	-692
6	22	1940
6	23	-5740
7	8	556
7	9	-2036
7	10	1172
7	11	-2956
7	12	1460
7	13	-1036
7	14	-172
7	15	-460
7	16	5396
7	17	1708
7	18	652
7	19	3764
7	20	3668
7	21	-4876
7	22	3628
7	23	-212
8	9	-3956
8	10	3092
8	11	-1036
8	12	1076
8	13	884
8	14	-2860
8	15	1460
8	16	2708
8	17	-212
8	18	-1268
8	19	-5836
8	20	3284
8	21	-2956
8	22	1708
8	23	-4436
9	10	1076
9	11	3860
9	12	-940
9	13	1172
9	14	2036
9	15	-5164
9	16	-1612
9	17	-5108
9	18	-1556
9	19	3668
9	20	-3340
9	21	-364
9	22	-884
9	23	-116
10	11	1612
10	12	-500
10	13	6604
10	14	3436
10	15	-3188
10	16	4780
10	17	1940
10	18	2996
10	19	1804
10	20	-404
10	21	-1076
10	22	4628
10	23	-748
11	12	-3284
11	13	3820
11	14	5260
11	15	-1364
11	16	1996
11	17	-2188
11	18	3476
11	19	-980
11	20	-5492
11	21	748
11	22	2804
11	23	2036
12	13	-596
12	14	-1460
12	15	3436
12	16	2188
12	17	2228
12	18	-1324
12	19	1516
12	20	3916
12	21	-1364
12	22	-1996
12	23	1844
13	14	5644
13	15	-980
13	16	76
13	17	2036
13	18	5396
13	19	-596
13	20	-5108
13	21	1132
13	22	4724
13	23	-652
14	15	-4148
14	16	-788
14	17	-1708
14	18	3956
14	19	844
14	20	-3668
14	21	268
14	22	980
14	23	4820
15	16	1804
15	17	2612
15	18	1364
15	19	-3476
15	20	1228
15	21	-1748
15	22	692
15	23	-2380
16	17	3860
16	18	2612
16	19	2188
16	20	-20
16	21	-5300
16	22	4244
16	23	-1132
17	18	2188
17	19	2228
17	20	-2476
17	21	500
17	22	556
17	23	3628
18	19	-1324
18	20	-1420
18	21	1556
18	22	6412
18	23	268
19	20	-692
19	21	-1364
19	22	308
19	23	1844
20	21	-1268
20	22	212
20	23	-556
21	22	-1420
21	23	2420
22	23	-3668
