0	1	708
0	2	-6396
0	3	612
0	4	-4956
0	5	-540
0	6	1188
0	7	-1788
0	8	804
0	9	-252
0	10	1404
0	11	-612
0	12	60
0	13	-4068
0	14	924
0	15	2244
0	16	-2364
0	17	156
0	18	1404
0	19	1956
0	20	-4284
0	21	828
0	22	3396
0	23	252
1	2	420
1	3	2820
1	4	-2748
1	5	1668
1	6	-3516
1	7	-1884
1	8	-1596
1	9	1956
1	10	1500
1	11	-516
1	12	-2148
1	13	-1668
1	14	1020
1	15	-156
1	16	-156
1	17	252
1	18	3804
1	19	-444
1	20	-2076
1	21	-1380
1	22	-1308
1	23	2652
2	3	324
2	4	3972
2	5	-828
2	6	-1404
2	7	2532
2	8	-1788
2	9	-540
2	10	-612
2	11	1980
2	12	2652
2	13	828
2	14	1212
2	15	-2652
2	16	1956
2	17	444
2	18	-612
2	19	-2940
2	20	2340
2	21	-3492
2	22	-1500
2	23	540
3	4	-2844
3	5	-732
3	6	-3612
3	7	324
3	8	-1692
3	9	1860
3	10	1596
3	11	1884
3	12	252
3	13	732
3	14	1116
3	15	-252
3	16	2052
3	17	348
3	18	-3012
3	19	-2844
3	20	132
3	21	3324
3	22	900
3	23	444
4	5	-1692
4	6	36
4	7	-2940
4	8	-348
4	9	-1404
4	10	2556
4	11	-4068
4	12	3516
4	13	1692
4	14	-228
4	15	-3516
4	16	1092
4	17	-3300
4	18	252
4	19	804
4	20	3780
4	21	-2628
4	22	-2364
4	23	1404
5	6	-2460
5	7	-828
5	8	-540
5	9	708
5	10	444
5	11	5340
5	12	1404
5	13	-420
5	14	2268
5	15	3204
5	16	-1404
5	17	-804
5	18	-1860
5	19	-1692
5	20	1284
5	21	-132
5	22	-2556
5	23	-3012
6	7	900
6	8	3492
6	9	-2172
6	10	-1284
6	11	-996
6	12	-324
6	13	-2148
6	14	540
6	15	2628
6	16	-4284
6	17	2076
6	18	-1284
6	19	2340
6	20	-1596
6	21	2748
6	22	-3132
6	23	-132
7	8	-1788
7	9	-2844
7	10	-612
7	11	-324
7	12	-1956
7	13	-1476
7	14	-1092
7	15	-2652
7	16	-2652
7	17	444
7	18	-2916
7	19	-636
7	20	-2268
7	21	3420
7	22	3108
7	23	540
8	9	2052
8	10	1404
8	11	-612
8	12	60
8	13	540
8	14	-1380
8	15	-60
8	16	-2364
8	17	2460
8	18	3708
8	19	4260
8	20	324
8	21	3132
8	22	1092
8	23	2556
9	10	2460
9	11	2748
9	12	1116
9	13	6204
9	14	1980
9	15	3492
9	16	-1116
9	17	-1092
9	18	156
9	19	-3708
9	20	3876
9	21	-420
9	22	2340
9	23	1308
10	11	-3900
10	12	36
10	13	1860
10	14	-828
10	15	2268
10	16	-4644
10	17	-60
10	18	996
10	19	252
10	20	1884
10	21	1572
10	22	3420
10	23	2148
11	12	4356
11	13	-732
11	14	1188
11	15	4860
11	16	252
11	17	-348
11	18	-3900
11	19	-6372
11	20	2172
11	21	-1020
11	22	-900
11	23	-2748
12	13	900
12	14	516
12	15	-1380
12	16	924
12	17	-5628
12	18	-2268
12	19	-1092
12	20	540
12	21	-3996
12	22	-2532
12	23	-3420
13	14	36
13	15	1404
13	16	1404
13	17	-1500
13	18	-444
13	19	-612
13	20	3324
13	21	-2172
13	22	252
13	23	-1596
14	15	1788
14	16	4092
14	17	2724
14	18	-5436
14	19	-2532
14	20	-900
14	21	-252
14	22	-1668
14	23	-1980
15	16	-3228
15	17	3324
15	18	-2340
15	19	-3516
15	20	1764
15	21	-612
15	22	228
15	23	-1188
16	17	1020
16	18	-2340
16	19	-1212
16	20	-540
16	21	-2916
16	22	-2076
16	23	-3492
17	18	-60
17	19	-996
17	20	636
17	21	2820
17	22	2172
17	23	-1212
18	19	4860
18	20	-420
18	21	-3036
18	22	1116
18	23	4452
19	20	-5436
19	21	-324
19	22	-2364
19	23	1404
20	21	1308
20	22	612
20	23	732
21	22	2844
21	23	420
22	23	2268
