0	1	-900
0	2	156
0	3	1980
0	4	-2532
0	5	-420
0	6	2148
0	7	-1692
0	8	2628
0	9	4548
0	10	-252
0	11	-540
0	12	540
0	13	3036
0	14	-2820
0	15	2652
0	16	-1092
0	17	-1188
0	18	-1404
0	19	-3204
0	20	-324
0	21	-708
0	22	-612
0	23	-1596
1	2	-3108
1	3	-3588
1	4	1116
1	5	-1380
1	6	3108
1	7	-732
1	8	1284
1	9	-1404
1	10	-1596
1	11	-4188
1	12	-2724
1	13	2076
1	14	3132
1	15	-2916
1	16	252
1	17	156
1	18	4164
1	19	-1860
1	20	-1284
1	21	2940
1	22	732
1	23	1668
2	3	4380
2	4	-132
2	5	-324
2	6	2052
2	7	5124
2	8	228
2	9	2148
2	10	-348
2	11	1668
2	12	636
2	13	-1476
2	14	-2724
2	15	444
2	16	-996
2	17	1212
2	18	804
2	19	3804
2	20	-2532
2	21	1692
2	22	-2820
2	23	-1692
3	4	-612
3	5	-804
3	6	228
3	7	996
3	8	5316
3	9	2628
3	10	4740
3	11	2148
3	12	2460
3	13	-1956
3	14	3708
3	15	-36
3	16	-1476
3	17	-1572
3	18	-1020
3	19	1020
3	20	1596
3	21	-1092
3	22	1308
3	23	1092
4	5	3900
4	6	2436
4	7	3204
4	8	-1692
4	9	228
4	10	2340
4	11	2052
4	12	252
4	13	-1860
4	14	3804
4	15	60
4	16	-1380
4	17	828
4	18	1188
4	19	3420
4	20	-2916
4	21	1308
4	22	-900
4	23	5604
5	6	2628
5	7	1092
5	8	804
5	9	420
5	10	2532
5	11	4548
5	12	60
5	13	-2052
5	14	-996
5	15	-132
5	16	732
5	17	636
5	18	-5532
5	19	-1380
5	20	3804
5	21	-3492
5	22	-1092
5	23	1188
6	7	-516
6	8	2076
6	9	2460
6	10	348
6	11	636
6	12	1668
6	13	3780
6	14	-1884
6	15	-444
6	16	-1308
6	17	1092
6	18	-804
6	19	-1500
6	20	228
6	21	612
6	22	516
6	23	1692
7	8	1308
7	9	3996
7	10	-420
7	11	-132
7	12	132
7	13	-2364
7	14	-1116
7	15	2628
7	16	1764
7	17	4164
7	18	732
7	19	1572
7	20	-1308
7	21	1380
7	22	-1020
7	23	-1380
8	9	1980
8	10	-132
8	11	156
8	12	2148
8	13	-348
8	14	900
8	15	2340
8	16	-828
8	17	1572
8	18	1020
8	19	-1020
8	20	3012
8	21	-1212
8	22	996
8	23	-1092
9	10	252
9	11	-1764
9	12	1764
9	13	-732
9	14	-4092
9	15	4260
9	16	1092
9	17	1188
9	18	-3204
9	19	900
9	20	-1980
9	21	708
9	22	2916
9	23	-708
10	11	5340
10	12	3876
10	13	1380
10	14	4932
10	15	-540
10	16	-1404
10	17	-1308
10	18	-3012
10	19	-1596
10	20	132
10	21	-4092
10	22	2724
10	23	-516
11	12	3588
11	13	1092
11	14	36
11	15	-828
11	16	-1692
11	17	-1596
11	18	-5028
11	19	420
11	20	2148
11	21	-2076
11	22	132
11	23	-2532
12	13	1212
12	14	-36
12	15	3132
12	16	-2916
12	17	-708
12	18	-1884
12	19	1884
12	20	-2148
12	21	-4836
12	22	4476
12	23	228
13	14	-2148
13	15	-3588
13	16	-2724
13	17	-516
13	18	228
13	19	-4836
13	20	2652
13	21	-36
13	22	60
13	23	-2268
14	15	-2532
14	16	-1668
14	17	-4068
14	18	3780
14	19	828
14	20	-900
14	21	1020
14	22	1116
14	23	3588
15	16	1500
15	17	3708
15	18	612
15	19	-612
15	20	-4644
15	21	-2724
15	22	1980
15	23	-1884
16	17	2268
16	18	-252
16	19	-2052
16	20	3132
16	21	-1860
16	22	-4068
16	23	-444
17	18	-156
17	19	-2148
17	20	-1572
17	21	-4260
17	22	444
17	23	-348
18	19	1860
18	20	-3324
18	21	3972
18	22	-3036
18	23	636
19	20	-3588
19	21	2940
19	22	-1572
19	23	1668
20	21	-1092
20	22	-3300
20	23	-1212
21	22	-1380
21	23	-828
22	23	1380
