0	1	-1408
0	2	-3328
0	3	14720
0	4	-5376
0	5	3328
0	6	6144
0	7	512
0	8	-1408
0	9	3328
0	10	6144
0	11	-384
0	12	9472
0	13	-512
0	14	1664
0	15	4736
0	16	-4224
0	17	-4608
0	18	-6784
0	19	-1664
0	20	-3712
0	21	3712
0	22	5120
0	23	9088
0	24	-5376
0	25	-768
0	26	2304
0	27	6528
0	28	-2048
0	29	4992
0	30	6912
0	31	-3456
1	2	-9472
1	3	1152
1	4	-2304
1	5	-6912
1	6	-5632
1	7	-5120
1	8	-10368
1	9	5376
1	10	6656
1	11	4992
1	12	-5888
1	13	1024
1	14	-1152
1	15	-128
1	16	4736
1	17	5120
1	18	-896
1	19	-2944
1	20	128
1	21	-3200
1	22	6656
1	23	6784
1	24	-3328
1	25	1280
1	26	6400
1	27	-2944
1	28	-1536
1	29	7808
1	30	768
1	31	-5248
2	3	-5120
2	4	-8320
2	5	7552
2	6	640
2	7	-3200
2	8	8192
2	9	-640
2	10	-7552
2	11	3072
2	12	8320
2	13	3200
2	14	5120
2	15	6144
2	16	2816
2	17	3200
2	18	-2816
2	19	3072
2	20	6400
2	21	-5120
2	22	-7808
2	23	-15872
2	24	6784
2	25	-4736
2	26	8576
2	27	3072
2	28	640
2	29	-6400
2	30	2688
2	31	4864
3	4	1536
3	5	-3072
3	6	2304
3	7	-768
3	8	1664
3	9	13312
3	10	-1792
3	11	-3456
3	12	2560
3	13	4864
3	14	-1408
3	15	-4480
3	16	384
3	17	768
3	18	2944
3	19	-6784
3	20	-4224
3	21	4736
3	22	2816
3	23	7040
3	24	-7168
3	25	1024
3	26	6144
3	27	1408
3	28	10496
3	29	-4736
3	30	9216
3	31	3200
4	5	-3968
4	6	2944
4	7	7808
4	8	-8704
4	9	128
4	10	2944
4	11	-3584
4	12	-7808
4	13	-7808
4	14	-1536
4	15	-2560
4	16	768
4	17	-3712
4	18	6400
4	19	-6656
4	20	-2816
4	21	-7680
4	22	8320
4	23	4096
4	24	-2176
4	25	8320
4	26	-9088
4	27	5632
4	28	-5248
4	29	1792
4	30	-2176
4	31	-4352
5	6	7552
5	7	7296
5	9	640
5	10	-640
5	11	-3072
5	12	-4224
5	13	-3200
5	14	7168
5	15	14336
5	16	1280
5	17	-7296
5	18	-9472
5	19	9216
5	20	1792
5	21	-7168
5	22	-384
5	23	-4608
5	24	5504
5	25	-11648
5	26	-384
5	27	5120
5	28	3456
5	29	-5888
5	30	-6784
5	31	11520
6	7	384
6	8	-1280
6	9	-640
6	10	-1920
6	11	-8448
6	12	9344
6	13	-384
6	14	5888
6	15	4864
6	16	-4096
6	17	-12672
6	18	-10752
6	19	10496
6	20	-3584
6	21	-8448
6	22	896
6	23	-3328
6	24	-5504
6	25	3456
6	26	-5760
6	27	2304
6	28	-1920
6	29	1024
6	30	-9600
6	31	512
7	8	3840
7	9	3200
7	10	384
7	11	-1280
7	12	384
7	13	2944
7	14	768
7	15	1792
7	16	2560
7	17	-1152
7	18	1024
7	19	-8960
7	20	-6144
7	21	-5376
7	22	4736
7	23	-3328
7	24	11136
7	25	7296
7	26	-3968
7	27	-4864
7	28	4480
7	29	-6656
7	30	-1152
7	31	1024
8	10	-17664
8	11	384
8	12	4608
8	13	8448
8	14	-1664
8	15	-2688
8	16	8832
8	17	256
8	18	6272
8	19	-2432
8	20	-7040
8	21	384
8	22	-7936
8	23	-3968
8	24	6144
8	26	-1024
8	27	-2432
8	28	2816
8	29	-6528
8	30	6144
8	31	8064
9	10	-8832
9	11	1024
9	12	3968
9	13	896
9	14	3072
9	15	2048
9	16	1280
9	17	896
9	18	6912
9	19	-3072
9	20	1792
9	21	-3072
9	22	-384
9	23	3584
9	24	5504
9	25	8832
9	26	-4480
9	27	5120
9	28	-640
9	29	2304
9	30	1408
9	31	7424
10	11	-12544
10	12	-7040
10	13	-8576
10	14	-6400
10	15	-3328
10	16	-8192
10	17	-4480
10	18	-2560
10	19	-1792
10	20	-3584
10	21	3840
10	22	9088
10	23	768
10	24	-13696
10	25	-8832
10	26	10624
10	27	-5888
10	28	2176
10	29	-3072
10	30	2688
10	31	-11776
11	12	3584
11	13	1280
11	14	3456
11	15	2432
11	16	5760
11	17	5376
11	18	-896
11	19	-3456
11	20	10368
11	21	-2688
11	22	-4864
11	23	11392
11	24	1024
11	25	1024
11	26	-8192
11	27	640
11	28	-8448
11	29	6784
11	30	13312
11	31	-5248
12	13	7808
12	14	5632
12	15	2560
12	16	-4864
12	17	-4480
12	18	1792
12	19	2560
12	20	-5376
12	21	7680
12	22	3968
12	23	-4096
12	24	-1920
12	25	12160
12	26	896
12	27	6656
12	28	1152
12	29	-1792
12	30	2176
12	31	-12032
13	14	11520
13	15	2304
13	16	5632
13	17	-2944
13	18	-1024
13	19	768
13	20	-6144
13	21	9472
13	22	-4736
13	23	-4864
13	24	9344
13	25	-3200
13	26	3968
13	27	4864
13	28	3712
13	29	-13824
13	30	1152
13	31	7168
14	15	384
14	16	3712
14	17	-4864
14	18	-11136
14	19	6784
14	20	128
14	21	3456
14	22	-2816
14	23	1152
14	24	3072
14	25	3072
14	26	2048
14	27	10880
14	28	-2304
14	29	-3456
14	30	3072
14	31	13184
15	16	2688
15	17	-1792
15	18	-3968
15	19	7808
15	20	-896
15	21	-5760
15	22	2304
15	23	-1920
15	24	12288
15	25	-6144
15	26	1024
15	27	7808
15	28	-7424
15	29	3712
15	31	1920
16	17	9728
16	18	-4736
16	19	-3712
16	20	-1664
16	21	-10624
16	22	11264
16	23	-1152
16	24	8960
16	25	-2816
16	26	8448
16	27	12672
16	28	4096
16	29	-5248
16	30	8960
16	31	2688
17	18	-1024
17	19	-3328
17	20	10240
17	21	-2816
17	22	3456
17	23	-768
17	24	9344
17	25	896
17	26	3968
17	27	4864
17	28	-384
17	29	10752
17	30	5248
17	31	3072
18	19	-9344
18	20	-8320
18	21	3200
18	22	1536
18	23	9600
18	24	-768
18	25	2816
18	26	-6400
18	27	-9344
18	28	5632
18	29	-3712
18	30	3328
18	31	-2944
19	20	-4224
19	21	8832
19	22	-9472
19	23	-1152
19	24	-3072
19	25	-7168
19	26	6144
19	27	1408
19	28	-9984
19	29	7552
19	30	-7168
19	31	3200
20	21	-6016
20	22	-5632
20	23	-1664
20	24	4352
20	25	-2304
20	26	-7424
20	27	3968
20	28	-3584
20	29	3456
20	30	4352
20	31	6272
21	22	-8960
21	23	3200
21	24	-3072
21	25	-3072
21	26	4096
21	27	640
21	28	3840
21	29	-1408
21	30	5120
21	31	-1152
22	23	256
22	24	-5760
22	25	3712
22	26	4736
22	27	2816
22	28	4992
22	29	-2048
22	30	-1664
22	31	-7680
23	24	-9728
23	25	3584
23	26	-11776
23	27	-1152
23	28	-7424
23	29	10112
23	30	6656
23	31	-3456
24	25	5504
24	26	-1664
24	27	9216
24	28	-1408
24	29	-256
24	30	-3456
24	31	11008
25	26	-4480
25	27	1024
25	28	-8832
25	29	6400
25	30	-6784
25	31	-4864
26	27	-2048
26	28	2432
26	29	-6912
26	30	6528
26	31	256
27	28	-1792
27	29	3456
27	30	5120
27	31	-896
28	29	-15360
28	30	2688
28	31	512
29	30	-256
29	31	-2432
30	31	-1280
