0	1	-1064
0	2	600
0	3	40
0	4	7640
0	5	-2216
0	6	-3368
0	7	-2776
0	8	9176
0	9	-2904
0	10	-13608
0	11	10200
0	12	-5288
0	13	-472
0	14	2472
0	15	6360
0	16	9944
0	17	6872
0	18	9432
0	19	9000
0	20	3928
0	21	6952
0	22	-4520
0	23	8152
0	24	-12888
0	25	-6488
0	26	-4776
0	27	856
0	28	3624
0	29	5800
0	30	-728
0	31	936
1	2	-6616
1	3	5976
1	4	-1368
1	5	296
1	6	1448
1	7	600
1	8	-2904
1	9	728
1	10	-600
1	11	168
1	12	-4824
1	13	-1704
1	14	-552
1	15	-4184
1	16	-3672
1	17	-4696
1	18	9128
1	19	9304
1	20	6440
1	21	-936
1	22	2600
1	23	-10072
1	24	2520
1	25	216
1	26	-1240
1	27	5416
1	28	2392
1	29	216
1	30	-1448
1	31	984
2	3	3544
2	4	5160
2	5	-1368
2	6	-216
2	7	2264
2	8	-472
2	9	2392
2	10	-2264
2	11	-1496
2	12	1704
2	13	8152
2	14	9304
2	15	6440
2	16	11048
2	17	-6360
2	18	3368
2	19	-5416
2	20	680
2	21	728
2	22	936
2	23	552
2	24	88
2	25	1880
2	26	-2904
2	27	-344
2	28	12248
2	29	1880
2	30	216
2	31	2648
3	4	6488
3	5	-3368
3	6	-424
3	7	-5720
3	8	3928
3	9	6440
3	10	1624
3	11	-3240
3	12	1752
3	13	-3416
3	14	-8664
3	15	5208
3	16	-3496
3	17	1624
3	18	88
3	19	1960
3	20	2776
3	21	-4184
3	22	6616
3	23	-5288
3	24	8744
3	25	-1240
3	26	2264
3	27	3800
3	28	680
3	29	2856
3	30	4520
3	31	-2008
4	5	-216
4	6	-3160
4	7	1112
4	8	4776
4	9	5336
4	10	-1112
4	11	-344
4	12	2856
4	13	-1192
4	14	4056
4	15	-600
4	16	4008
4	17	-13400
4	18	424
4	19	1624
4	20	5928
4	21	11864
4	22	10280
4	23	5800
4	24	3032
4	25	4824
4	26	6440
4	27	808
4	28	7000
4	29	4824
4	30	-936
4	31	1496
5	6	-9688
5	7	3544
5	8	2344
5	9	-8616
5	10	4648
5	11	-2776
5	12	-3672
5	13	1240
5	14	2392
5	15	-3032
5	16	-2520
5	17	4648
5	18	-2008
5	19	4056
5	20	3496
5	21	10200
5	22	-344
5	23	-8920
5	24	1368
5	25	7256
5	26	-4184
5	27	-9816
5	28	-2856
5	29	-936
5	30	1496
5	31	-12456
6	7	-1704
6	8	-8792
6	9	6616
6	10	-2392
6	11	-9816
6	12	-2520
6	13	-4008
6	14	1240
6	15	-1880
6	16	2728
6	17	1704
6	18	-856
6	19	2904
6	20	-7640
6	21	-15528
6	22	-3288
6	23	424
6	24	-3880
6	25	6104
6	26	5160
6	27	-4568
6	28	4184
6	29	-6184
6	30	-3752
6	31	6872
7	8	6744
7	9	-472
7	10	8536
7	11	-424
7	12	-7720
7	13	-6232
7	14	4904
7	15	-168
7	16	-4776
7	17	-3752
7	18	2904
7	19	-4952
7	20	-6696
7	21	5288
7	22	13528
7	23	1624
7	24	-10456
7	25	-4056
7	26	-3112
7	27	6616
7	28	6056
7	29	8232
7	30	-2392
7	31	-728
8	9	2776
8	10	5544
8	11	6312
8	12	-6872
8	13	-3752
8	14	-2600
8	15	-2136
8	16	2472
8	17	1448
8	18	7080
8	19	3160
8	20	4392
8	21	9304
8	22	4648
8	23	168
8	24	-3624
8	25	-1832
8	26	-11480
8	27	-728
8	28	4440
8	29	2264
8	30	600
8	31	3032
9	10	472
9	11	3800
9	12	-7592
9	13	1832
9	14	-7512
9	15	4056
9	16	3544
9	17	-7720
9	18	11224
9	19	-9176
9	20	5720
9	21	-3032
9	22	9560
9	23	-6440
9	24	-2392
9	25	-4184
9	26	-2984
9	27	-1448
9	28	5928
9	29	8104
9	30	-2520
9	31	-856
10	11	-7768
10	12	-4568
10	13	6232
10	14	3288
10	15	-8024
10	16	680
10	17	3752
10	18	-2904
10	19	4952
10	20	-5592
10	21	2904
10	22	-1240
10	23	-9816
10	24	6360
10	25	-40
10	26	-984
10	27	5672
10	28	2136
10	29	-4136
10	30	-5800
10	31	-3368
11	12	-7896
11	13	1368
11	14	-1576
11	15	936
11	16	1448
11	17	424
11	18	1960
11	19	-8104
11	20	7464
11	21	2136
11	22	-472
11	23	3240
11	24	-2600
11	25	-808
11	26	-4312
11	27	2344
11	28	1368
11	29	7384
11	30	-2472
11	31	12248
12	13	-10024
12	14	-680
12	15	-4056
12	16	552
12	17	-472
12	18	-7128
12	19	-3112
12	20	-5720
12	21	-1064
12	22	-1368
12	23	-1752
12	24	6488
12	25	4184
12	26	7080
12	27	-2648
12	28	2264
12	29	88
12	30	6616
12	31	4952
13	14	7208
13	15	1624
13	16	5208
13	17	-1960
13	18	4696
13	19	1448
13	20	-4904
13	21	-600
13	22	-1064
13	23	-680
13	24	40
13	25	-5848
13	26	-1320
13	27	216
13	28	-8024
13	29	-5848
13	30	-4184
13	31	-6616
14	15	2776
14	16	2264
14	17	-4904
14	18	9944
14	19	296
14	20	344
14	21	-1752
14	22	88
14	23	472
14	24	-5208
14	25	5288
14	26	3928
14	27	1368
14	28	7208
14	29	-7000
14	30	2856
14	31	424
15	16	-7000
15	17	-3928
15	18	5800
15	19	344
15	20	-984
15	21	2392
15	22	3368
15	23	-1112
15	24	-2344
15	25	-12840
15	26	7720
15	27	6184
15	28	9816
15	29	3544
15	30	5976
15	31	216
16	17	680
16	18	-1880
16	19	-168
16	20	-4568
16	21	1880
16	22	-4312
16	23	3496
16	24	-2856
16	25	3032
16	26	-12248
16	27	6696
16	28	5208
16	29	7128
16	30	1368
16	31	-296
17	18	-7000
17	19	4952
17	20	-5592
17	21	2904
17	22	-13528
17	23	-1624
17	24	-1832
17	25	-4136
17	26	-9176
17	27	1576
17	28	-6056
17	29	-4136
17	30	2392
17	31	-3368
18	19	3416
18	20	8232
18	21	1368
18	22	4392
18	23	-88
18	24	-3368
18	25	-1576
18	26	-3544
18	27	-5080
18	28	8792
18	29	6616
18	30	-7336
18	31	-4904
19	20	6104
19	21	8872
19	22	-2344
19	23	6232
19	24	1320
19	25	-472
19	26	1496
19	27	3032
19	28	-2648
19	29	-472
19	30	1192
19	31	-5336
20	21	4056
20	22	1704
20	23	-2776
20	24	7512
20	25	9304
20	26	-2136
20	27	-3672
20	28	3288
20	29	1112
20	30	-552
20	31	-2216
21	22	-296
21	23	4184
21	24	3368
21	25	-2520
21	26	-4648
21	27	5080
21	28	7592
21	29	1576
21	30	-4952
21	31	-11480
22	23	1576
22	24	3160
22	25	-3240
22	26	6312
22	27	680
22	28	-1064
22	29	13144
22	30	7384
22	31	1624
23	24	-552
23	25	-2856
23	26	1832
23	27	296
23	28	-4776
23	29	9432
23	30	3672
23	31	-2088
24	25	6312
24	26	2904
24	27	344
24	28	4136
24	29	-1880
24	30	-4312
24	31	-2648
25	26	600
25	27	-1960
25	28	-1752
25	29	-3672
25	30	-6104
25	31	3752
26	27	-11352
26	28	-1320
26	29	600
26	30	7128
26	31	5464
27	28	4312
27	29	2136
27	30	-3624
27	31	2904
28	29	-1752
28	30	-4184
28	31	1576
29	30	2088
29	31	3752
30	31	-2776
