0	1	1.3563757e-01
0	2	4.7439688e-02
0	3	-6.1268499e-02
0	4	2.1185796e-01
0	5	2.3107676e-01
0	6	-3.6952095e-01
0	7	-2.4415826e-01
0	8	8.6352196e-02
0	9	-2.7227125e-01
0	10	1.5619086e-01
0	11	-1.9017783e-01
0	12	2.3220393e-01
0	13	-4.6988987e-02
0	14	2.6051342e-01
0	15	-1.4384173e-01
0	16	-1.6666066e-01
0	17	9.2255966e-02
0	18	-1.8847050e-01
0	19	-3.2311560e-01
0	20	1.0706164e-01
0	21	1.4481971e-01
0	22	-8.5200820e-02
0	23	-1.3455284e-01
0	24	2.0521814e-01
1	2	-1.8772093e-01
1	3	8.5424241e-02
1	4	1.2676722e-01
1	5	1.9942148e-01
1	6	-1.7143107e-02
1	7	3.0203760e-01
1	8	1.2104094e-01
1	9	-1.0499497e-01
1	10	7.0517999e-02
1	11	-2.8004781e-01
1	12	2.9750339e-02
1	13	1.4539009e-01
1	14	-3.2358109e-02
1	15	-1.1699095e-01
1	16	-9.9437100e-02
1	17	1.6091285e-01
1	18	-2.2718533e-01
1	19	-4.1057457e-02
1	20	8.7086570e-03
1	21	1.5120237e-01
1	22	8.5617931e-02
1	23	-3.0125599e-01
1	24	-1.4426277e-01
2	3	-1.7359191e-01
2	4	7.8551597e-02
2	5	2.1952067e-01
2	6	3.9566812e-01
2	7	8.6644580e-02
2	8	2.1127228e-02
2	9	-4.7620953e-02
2	10	-1.5631176e-01
2	11	2.0877167e-01
2	12	-4.5582926e-02
2	13	-3.1673327e-01
2	14	-8.4062521e-02
2	15	1.6629658e-02
2	16	3.0658006e-02
2	17	1.7621392e-01
2	18	7.9690078e-02
2	19	-4.1421454e-01
2	20	-1.2545524e-01
2	21	-5.7331977e-02
2	22	2.7367687e-01
2	23	-1.3504310e-01
2	24	-5.2438510e-02
3	4	-1.8285960e-01
3	5	5.9607015e-02
3	6	-1.2467641e-02
3	7	-1.1797242e-01
3	8	-4.3975528e-01
3	9	2.1933234e-01
3	10	-2.8908887e-01
3	11	-4.5691038e-01
3	12	-2.2619836e-01
3	13	6.7755788e-02
3	14	-2.8486299e-02
3	15	-2.1980938e-01
3	16	-1.8643216e-01
3	17	-1.5713521e-01
3	18	-1.4448785e-01
3	19	8.7720326e-02
3	20	2.1493115e-01
3	21	1.8668304e-01
3	22	-6.9388265e-02
3	23	2.1630299e-02
3	24	-6.9073846e-02
4	5	-3.0530971e-02
4	6	-1.2800368e-01
4	7	2.0168990e-01
4	8	-6.5766923e-02
4	9	-1.6589852e-01
4	10	1.1359824e-01
4	11	-5.6205651e-02
4	12	3.3069220e-01
4	13	8.4419269e-02
4	14	2.5279575e-01
4	15	1.1464518e-01
4	16	6.1023546e-02
4	17	1.6947281e-01
4	18	-1.9612261e-03
4	19	-2.7127388e-01
4	20	1.2052987e-01
4	21	-3.7841726e-01
4	22	8.6047034e-03
4	23	-9.9457756e-02
4	24	-1.7160836e-01
5	6	-5.6076658e-02
5	7	-1.0821422e-01
5	8	4.1301173e-02
5	9	-1.2375875e-01
5	10	-3.4576124e-01
5	11	-1.4443023e-01
5	12	6.3434700e-02
5	13	1.2672976e-01
5	14	2.8151591e-02
5	15	-4.5766895e-03
5	16	-3.0189949e-02
5	17	1.3984345e-01
5	18	-3.0945001e-01
5	19	-2.0295284e-01
5	20	2.4475291e-02
5	21	3.2123451e-01
5	22	-7.3132278e-02
5	23	-2.1389048e-01
5	24	-7.6047717e-03
6	7	6.2907426e-02
6	8	1.6709273e-01
6	9	9.3845897e-02
6	10	2.2314083e-01
6	11	3.5943504e-01
6	12	-2.2586584e-01
6	13	-1.4256066e-01
6	14	-2.5846984e-01
6	15	1.2358844e-01
6	16	-1.3323153e-01
6	17	2.5448445e-01
6	18	1.5223960e-01
6	19	-1.1551704e-01
6	20	-3.1478685e-01
6	21	-2.1241092e-01
6	22	2.7123849e-01
6	23	-2.5658342e-01
6	24	-1.0927506e-01
7	8	1.5436806e-01
7	9	9.0928665e-02
7	10	6.4938861e-02
7	11	5.2304470e-02
7	12	-2.4280553e-01
7	13	-1.1350948e-01
7	14	7.4126086e-02
7	15	-1.0536388e-01
7	16	2.8143285e-01
7	17	3.0617084e-01
7	18	7.3717046e-03
7	19	1.5094396e-01
7	20	-2.7613470e-01
7	21	-3.5681378e-02
7	22	4.6664251e-01
7	23	9.3420679e-03
7	24	-2.8952555e-01
8	9	-9.5388985e-02
8	10	4.7080280e-01
8	11	2.9021372e-01
8	12	-2.1649115e-01
8	13	1.0278743e-01
8	14	-6.1004892e-02
8	15	-1.8558156e-01
8	16	-3.6520468e-02
8	17	2.3590348e-01
8	18	-3.7786508e-02
8	19	1.2494433e-01
8	20	-3.9851643e-01
8	21	2.2061614e-01
8	22	1.6415856e-01
8	23	-1.5002411e-03
8	24	-6.9423805e-02
9	10	-1.3400163e-02
9	11	3.7551943e-02
9	12	-1.3274911e-01
9	13	8.2703481e-02
9	14	-1.7923029e-01
9	15	-1.0721202e-01
9	16	7.0677485e-02
9	17	-7.7020672e-02
9	18	2.3003953e-01
9	19	2.1656306e-01
9	20	1.1041393e-01
9	21	9.7262343e-02
9	22	-1.0593518e-01
9	23	3.0845545e-01
9	24	-1.1619971e-01
10	11	3.2783452e-01
10	12	-3.0826161e-03
10	13	-4.0376554e-02
10	14	-1.2235593e-01
10	15	-8.5624065e-02
10	16	-1.1303787e-01
10	17	7.8316217e-02
10	18	4.0414256e-01
10	19	1.7348950e-01
10	20	-2.3608655e-01
10	21	-1.7550474e-01
10	22	6.0590512e-02
10	23	-4.0457456e-02
10	24	-1.6224404e-01
11	12	-1.1331844e-02
11	13	-1.8346167e-01
11	14	-1.9812711e-01
11	15	2.0764804e-01
11	16	2.1356305e-01
11	17	2.0308590e-01
11	18	3.3629914e-01
11	19	5.8598324e-02
11	20	1.3186570e-02
11	21	-7.5479215e-02
11	22	1.4576421e-01
11	23	1.5916599e-01
11	24	-3.4066520e-02
12	13	1.2545583e-01
12	14	2.2266772e-02
12	15	9.4964215e-02
12	16	3.2875242e-01
12	17	-8.5103780e-02
12	18	-4.2363445e-02
12	19	-2.0177367e-01
12	20	2.1545251e-01
12	21	-2.8250062e-01
12	22	-2.6446862e-01
12	23	8.6953191e-02
12	24	-1.9761565e-01
13	14	3.4767242e-01
13	15	1.1255195e-01
13	16	-1.1194313e-01
13	17	-3.1194859e-01
13	18	-1.5077852e-01
13	19	3.7442444e-01
13	20	8.6125817e-02
13	21	-2.3702228e-02
13	22	-3.1825816e-01
13	23	-4.8000198e-02
13	24	-1.6485775e-01
14	15	2.3832151e-01
14	16	1.2501690e-02
14	17	-5.5151741e-02
14	18	-2.3941700e-01
14	19	9.3817581e-02
14	20	9.6445080e-04
14	21	-1.3339170e-01
14	22	-2.0670882e-01
14	23	-1.0056750e-01
14	24	1.4081664e-01
15	16	3.3152093e-02
15	17	7.5655448e-02
15	18	-9.9438136e-02
15	19	-1.1130338e-01
15	20	1.8521195e-01
15	21	-2.1843079e-01
15	22	-3.9786312e-01
15	23	-4.3493168e-02
15	24	2.7592981e-01
16	17	2.1925397e-01
16	18	-9.1499840e-02
16	19	-4.5557406e-02
16	20	-1.4197032e-02
16	21	-7.7896677e-04
16	22	1.4969372e-01
16	23	2.4557213e-01
16	24	-2.5051821e-01
17	18	-2.3907527e-01
17	19	-2.8157441e-01
17	20	-1.9566501e-01
17	21	-9.5072243e-02
17	22	3.3529485e-01
17	23	-1.4257993e-01
17	24	-4.5121533e-02
18	19	1.8111979e-01
18	20	-1.2456243e-01
18	21	-2.1394723e-01
18	22	7.5764189e-02
18	23	1.0134374e-01
18	24	-1.3107291e-01
19	20	-1.0815913e-01
19	21	2.8131958e-02
19	22	-7.1888203e-02
19	23	1.6899606e-01
19	24	-6.3359913e-02
20	21	8.9080942e-02
20	22	-5.1994037e-01
20	23	3.2409706e-01
20	24	8.1082487e-02
21	22	-1.0251896e-01
21	23	1.5180692e-01
21	24	7.9210845e-02
22	23	-2.9775965e-01
22	24	-3.1649387e-01
23	24	-2.9540089e-02
