0	1	-3.9038212e-01
0	2	-9.0990840e-02
0	3	-4.8754428e-02
0	4	2.8321631e-01
0	5	3.9720998e-03
0	6	8.3396377e-02
0	7	1.9699767e-01
0	8	2.8198572e-01
0	9	-3.1533155e-02
0	10	4.7102936e-01
0	11	1.6704378e-01
0	12	-1.9546269e-01
0	13	2.0175078e-01
0	14	-1.3304493e-01
0	15	-2.0548648e-02
0	16	-3.9260828e-01
0	17	2.9966687e-01
0	18	3.4657072e-01
0	19	-1.1236627e-01
0	20	3.2638759e-01
0	21	-2.1040259e-02
0	22	3.9004966e-01
0	23	1.4982462e-01
0	24	-1.5718579e-01
1	2	2.1413910e-01
1	3	2.1100102e-01
1	4	1.9735434e-02
1	5	-1.2300516e-01
1	6	1.5979884e-01
1	7	5.9490266e-02
1	8	-6.0820473e-02
1	9	1.7983941e-01
1	10	-4.8929169e-02
1	11	2.4461327e-01
1	12	9.1223343e-02
1	13	-3.2303414e-01
1	14	-2.7253816e-02
1	15	1.5445269e-01
1	16	1.2854779e-01
1	17	-1.2530488e-02
1	18	1.5046731e-01
1	19	3.1906330e-01
1	20	-1.3507039e-01
1	21	1.9697491e-02
1	22	7.4158610e-02
1	23	-4.2702746e-01
1	24	1.0689213e-01
2	3	-1.1517757e-01
2	4	3.5051364e-02
2	5	1.3169804e-01
2	6	1.0136757e-01
2	7	3.0712353e-01
2	8	5.7626882e-02
2	9	-1.7956793e-01
2	10	2.8753743e-02
2	11	-1.2750386e-01
2	12	-6.0165216e-02
2	13	-1.1278826e-01
2	14	8.4283903e-02
2	15	1.1867847e-02
2	16	1.4224704e-01
2	17	-1.5522356e-01
2	18	-5.0966079e-02
2	19	2.2485977e-02
2	20	-9.2552389e-02
2	21	-1.3892555e-01
2	22	3.4486361e-02
2	23	3.9684119e-01
2	24	3.1360833e-01
3	4	-1.1700045e-02
3	5	1.0302762e-01
3	6	1.4310417e-01
3	7	8.3771547e-02
3	8	-9.8547098e-03
3	9	3.9973041e-02
3	10	-1.7441697e-01
3	11	2.2145684e-01
3	12	3.2991157e-01
3	13	1.4866046e-01
3	14	2.7902369e-01
3	15	2.4434038e-01
3	16	4.8394804e-02
3	17	-7.2426525e-02
3	18	-1.7542015e-01
3	19	-1.0501535e-01
3	20	-1.1436925e-01
3	21	7.7754217e-02
3	22	3.3609413e-01
3	23	-1.7767780e-01
3	24	-3.0733896e-01
4	5	3.1241183e-01
4	6	-1.7612123e-01
4	7	1.1419456e-01
4	8	2.9951468e-01
4	9	-6.3039926e-02
4	10	2.0611755e-01
4	11	-4.8368628e-02
4	12	-5.0145632e-02
4	13	7.1289489e-02
4	14	-1.3966374e-01
4	15	-2.3232465e-01
4	16	1.2581893e-01
4	17	3.7173462e-01
4	18	1.3532972e-02
4	19	1.4406154e-01
4	20	9.7127258e-02
4	21	2.7511098e-01
4	22	8.2141999e-02
4	23	-2.1573621e-01
4	24	-2.7414904e-02
5	6	-1.5605697e-01
5	7	9.8833902e-02
5	8	2.3550660e-01
5	9	-2.9386305e-01
5	10	1.5127902e-01
5	11	-2.9473618e-01
5	12	2.2321601e-01
5	13	1.0405102e-01
5	14	6.2264515e-02
5	15	3.1681342e-03
5	16	3.0933454e-01
5	17	3.1611845e-01
5	18	-1.5455180e-02
5	19	-7.3421442e-02
5	20	5.6378840e-02
5	21	1.2310657e-01
5	22	2.6617886e-02
5	23	5.3171986e-02
5	24	-1.0972302e-01
6	7	-2.9460692e-02
6	8	3.2720156e-01
6	9	-4.8956747e-02
6	10	-1.5708391e-01
6	11	3.7636654e-01
6	12	-2.9542549e-02
6	13	-1.8066306e-02
6	14	2.3771102e-01
6	15	2.3043064e-01
6	16	-1.6493800e-01
6	17	-1.5932587e-01
6	18	1.7665226e-01
6	19	1.8457385e-02
6	20	-3.5784608e-01
6	21	-2.4013255e-01
6	22	8.0171357e-02
6	23	1.3599916e-01
6	24	-1.6551017e-01
7	8	4.0848505e-02
7	9	-3.1225749e-01
7	10	1.6243518e-01
7	11	-9.9769966e-02
7	12	-2.1342374e-01
7	13	1.6216343e-01
7	14	-3.6438854e-01
7	15	5.5302306e-02
7	16	-2.2501735e-02
7	17	2.4281186e-02
7	18	-3.9691072e-02
7	19	-3.8054181e-01
7	20	2.1510295e-01
7	21	7.3685018e-02
7	22	1.4304284e-01
7	23	5.3700772e-02
7	24	1.6111248e-02
8	9	2.9173936e-02
8	10	-1.0627110e-01
8	11	1.0162031e-01
8	12	-1.0645883e-01
8	13	1.6112599e-01
8	14	-9.3636111e-02
8	15	-1.4793493e-01
8	16	1.0790467e-01
8	17	1.3557932e-01
8	18	8.9609821e-02
8	19	1.8652195e-01
8	20	-1.0035449e-01
8	21	1.5268300e-01
8	22	3.2838255e-02
8	23	-1.2866271e-01
8	24	-7.6272602e-02
9	10	-1.8129770e-01
9	11	1.2519500e-01
9	12	-4.2264055e-02
9	13	-1.4847992e-01
9	14	-2.5142461e-01
9	15	-2.2204434e-02
9	16	-7.5609422e-03
9	17	-2.1109071e-02
9	18	2.2281526e-01
9	19	3.6709563e-01
9	20	-1.9820099e-02
9	21	2.2687212e-02
9	22	-6.3586641e-02
9	23	-9.3173647e-02
9	24	1.0811748e-01
10	11	-2.3519147e-01
10	12	1.6078642e-01
10	13	3.0329335e-01
10	14	-1.1681665e-01
10	15	-7.5512922e-02
10	16	-1.4347177e-01
10	17	9.2651126e-02
10	18	1.7312207e-01
10	19	-4.0770171e-02
10	20	3.3023536e-01
10	21	1.5384698e-01
10	22	3.3276458e-01
10	23	1.1103036e-01
10	24	-1.6456691e-01
11	12	-4.1585884e-02
11	13	-2.3486908e-01
11	14	9.6690428e-02
11	15	5.6513766e-02
11	16	-1.6444264e-01
11	17	2.6426242e-03
11	18	1.4799605e-02
11	19	3.2009533e-02
11	20	-1.7879366e-01
11	21	1.2951906e-02
11	22	7.7207558e-02
11	23	-1.9597247e-01
11	24	-4.0459528e-01
12	13	3.6950313e-01
12	14	6.8249600e-02
12	15	9.5108900e-03
12	16	-7.6060954e-02
12	17	-6.0260840e-02
12	18	1.0757114e-01
12	19	8.7289496e-02
12	20	3.0391599e-01
12	21	2.2518313e-01
12	22	3.6098945e-01
12	23	-1.2858831e-01
12	24	-2.7868979e-01
13	14	-1.8482422e-01
13	15	-2.6503393e-01
13	16	-1.6784905e-01
13	17	-2.3923293e-02
13	18	6.4707014e-02
13	19	-1.0867980e-01
13	20	4.3017834e-01
13	21	3.2367151e-01
13	22	4.2901193e-01
13	23	-1.2825604e-02
13	24	-5.9408106e-02
14	15	2.4320173e-01
14	16	1.5685585e-01
14	17	-2.4892053e-01
14	18	-1.6402628e-02
14	19	2.2464592e-02
14	20	-6.1202099e-01
14	21	-2.3932546e-01
14	22	-1.5550172e-01
14	23	3.8958128e-01
14	24	-3.7199661e-02
15	16	-6.9661065e-02
15	17	-4.1227381e-01
15	18	4.2328457e-01
15	19	-3.9492540e-02
15	20	-4.1630507e-01
15	21	-3.4038418e-01
15	22	-3.2615423e-02
15	23	3.8472732e-02
15	24	7.4397770e-02
16	17	-3.6078091e-03
16	18	-2.4392077e-01
16	19	4.1722833e-02
16	20	-2.8327155e-01
16	21	1.9523984e-01
16	22	-3.9136870e-01
16	23	-4.5424692e-02
16	24	1.1839411e-01
17	18	-4.1894278e-02
17	19	6.5362382e-03
17	20	5.0256799e-01
17	21	3.5405297e-01
17	22	1.6280344e-01
17	23	-1.8438824e-01
17	24	-1.7470687e-01
18	19	3.3192095e-01
18	20	1.5626645e-01
18	21	-3.0468938e-02
18	22	5.8545714e-02
18	23	-9.7846085e-02
18	24	1.3068337e-01
19	20	-3.4352161e-02
19	21	1.9388357e-01
19	22	-3.9491762e-02
19	23	-1.9489104e-01
19	24	2.8685183e-02
20	21	4.3639022e-01
20	22	4.6724168e-01
20	23	-2.1325236e-01
20	24	-1.4585071e-01
21	22	1.8806618e-01
21	23	-9.4846343e-02
21	24	-3.0628614e-01
22	23	-1.3493736e-01
22	24	-1.8250086e-01
23	24	3.1153694e-03
