0	1	-1.0127641e-01
0	2	-1.7085155e-01
0	3	3.0022093e-01
0	4	-1.5186013e-01
0	5	-3.5067537e-01
0	6	-3.3284507e-01
0	7	-6.5739590e-02
0	8	3.9852512e-02
0	9	-1.6383533e-01
0	10	-3.5258878e-01
0	11	9.9457411e-03
0	12	1.3999810e-01
0	13	1.7164724e-01
0	14	-2.0301050e-01
0	15	2.2344434e-02
0	16	3.1602657e-01
0	17	-2.0762208e-02
0	18	-1.6292027e-01
0	19	-1.8302345e-01
0	20	-1.4447369e-01
0	21	7.9066254e-02
0	22	9.3256022e-02
0	23	2.6058927e-01
0	24	5.1006796e-01
1	2	8.2817902e-02
1	3	4.3061773e-02
1	4	-6.2017790e-02
1	5	4.2667995e-01
1	6	-1.8730717e-01
1	7	7.4316046e-02
1	8	4.8547628e-02
1	9	-1.2693084e-01
1	10	-1.1984203e-01
1	11	2.8433574e-01
1	12	-9.8282533e-02
1	13	1.0852731e-01
1	14	2.7516532e-01
1	15	1.8794819e-02
1	16	-2.9550048e-02
1	17	-3.7047325e-01
1	18	-1.5075012e-01
1	19	9.8841134e-04
1	20	-9.0650269e-02
1	21	-2.2498514e-01
1	22	2.3637358e-02
1	23	1.7885563e-01
1	24	-9.2187765e-02
2	3	8.1146998e-02
2	4	1.5075124e-01
2	5	1.2165598e-01
2	6	6.5563511e-03
2	7	1.3562784e-01
2	8	6.3399129e-02
2	9	-3.9918536e-01
2	10	3.7788022e-01
2	11	3.0175772e-01
2	12	-8.2769881e-02
2	13	3.8013773e-01
2	14	8.8959726e-02
2	15	1.5088689e-01
2	16	1.6710127e-01
2	17	3.3163627e-02
2	18	-1.5694138e-01
2	19	2.2985543e-02
2	20	-9.7759181e-02
2	21	1.0318181e-01
2	22	-2.5093852e-01
2	23	-1.4005458e-01
2	24	-1.7731961e-01
3	4	-2.1623266e-02
3	5	-4.7047069e-02
3	6	-1.0915135e-01
3	7	-4.7582378e-02
3	8	8.2405260e-02
3	9	-3.1895022e-01
3	10	-1.0606755e-01
3	11	1.6816289e-01
3	12	2.3407805e-02
3	13	3.7340994e-01
3	14	-1.3401738e-02
3	15	8.5789744e-02
3	16	-1.4228287e-01
3	17	-3.4319909e-01
3	18	-1.7910193e-01
3	19	-4.6508413e-02
3	20	2.6165228e-01
3	21	-2.8825122e-01
3	22	1.5347910e-01
3	23	-1.9286488e-02
3	24	7.2798234e-03
4	5	-2.0827053e-02
4	6	1.2979991e-01
4	7	-1.5448254e-01
4	8	1.2074365e-01
4	9	-2.9622300e-01
4	10	1.4669552e-02
4	11	2.6626801e-01
4	12	3.9781598e-02
4	13	5.6644737e-02
4	14	2.7500590e-01
4	15	1.8600662e-01
4	16	-4.9206499e-02
4	17	2.2058587e-02
4	18	2.0076927e-01
4	19	4.5881214e-02
4	20	-7.2086152e-02
4	21	-2.0479922e-02
4	22	2.2106515e-01
4	23	1.6670706e-03
4	24	-2.4201716e-02
5	6	1.1332311e-01
5	7	7.0472416e-02
5	8	2.1332420e-01
5	9	-3.8890304e-02
5	10	1.4178185e-01
5	11	1.9509014e-01
5	12	-2.5658196e-01
5	13	3.6988084e-02
5	14	2.1656378e-01
5	15	-3.7750910e-02
5	16	-6.0124328e-02
5	17	-1.6615012e-01
5	18	-2.9605716e-01
5	19	-1.6091275e-01
5	20	-6.7732310e-02
5	21	-5.1484126e-03
5	22	-1.5841070e-01
5	23	9.3266948e-02
5	24	-1.6030867e-01
6	7	8.7746891e-02
6	8	1.9825188e-01
6	9	-1.2240621e-01
6	10	1.3884301e-01
6	11	-1.6239749e-01
6	12	-3.1093076e-01
6	13	1.0103483e-01
6	14	3.0780876e-01
6	15	-3.2549459e-01
6	16	-5.9694750e-02
6	17	-2.1966652e-01
6	18	-2.7427227e-01
6	19	-1.6187192e-01
6	20	5.4651370e-02
6	21	1.1882188e-01
6	22	-2.2555168e-01
6	23	-2.3549004e-01
6	24	-3.3513246e-02
7	8	-1.6557902e-01
7	9	-3.8682259e-02
7	10	2.2971452e-01
7	11	-1.9434716e-01
7	12	-3.1245979e-01
7	13	7.6612274e-02
7	14	3.8195013e-02
7	15	-1.6153167e-01
7	16	9.8748103e-03
7	17	-3.6193306e-01
7	18	4.3958426e-01
7	19	1.4216967e-01
7	20	8.4482549e-02
7	21	9.5624554e-02
7	22	-2.0726241e-01
7	23	-1.6105102e-01
7	24	3.4897068e-02
8	9	-1.5818764e-01
8	10	3.3911786e-01
8	11	1.0294644e-01
8	12	-2.9231138e-01
8	13	1.2866412e-01
8	14	1.1847889e-01
8	15	5.4984921e-02
8	16	-1.1907238e-01
8	17	-1.8479301e-01
8	18	-8.5058890e-02
8	19	4.6074950e-02
8	20	-1.1822974e-01
8	21	1.7436349e-01
8	22	-2.1828253e-01
8	23	2.5907981e-01
8	24	1.6480063e-01
9	10	-7.9874404e-02
9	11	-3.4029453e-01
9	12	1.7888885e-02
9	13	-3.5024261e-01
9	14	-2.7458366e-01
9	15	-2.6816100e-01
9	16	-2.4204364e-01
9	17	1.9853392e-01
9	18	1.9589122e-01
9	19	1.8864249e-01
9	20	2.9122320e-01
9	21	1.0154354e-03
9	22	-5.0656429e-02
9	23	2.7743085e-02
9	24	1.5175522e-01
10	11	-5.7266680e-02
10	12	-4.4348505e-01
10	13	8.4816419e-02
10	14	-1.7087464e-03
10	15	2.3187477e-01
10	16	1.1707495e-01
10	17	8.5457893e-02
10	18	2.0778643e-01
10	19	3.5085000e-01
10	20	1.3170505e-02
10	21	1.2716106e-01
10	22	-4.2371569e-01
10	23	-1.0523484e-01
10	24	-3.1468535e-02
11	12	1.2620504e-02
11	13	2.6522204e-01
11	14	1.2968253e-01
11	15	1.7804678e-01
11	16	-1.6140713e-01
11	17	-6.6393307e-02
11	18	-3.5409715e-01
11	19	1.5607717e-01
11	20	-2.0023386e-02
11	21	-1.8545124e-01
11	22	3.1038877e-01
11	23	1.3916578e-02
11	24	-3.6712661e-03
12	13	-9.7304600e-02
12	14	-1.0210899e-01
12	15	2.7288497e-01
12	16	1.8486307e-01
12	17	1.9690136e-01
12	18	-8.0920694e-02
12	19	-4.5677951e-01
12	20	-2.2864345e-01
12	21	-2.2097237e-02
12	22	2.9900489e-01
12	23	-1.8309393e-01
12	24	7.8108655e-02
13	14	2.3614613e-01
13	15	3.5544789e-02
13	16	1.1189958e-01
13	17	-1.7045672e-01
13	18	-1.5300879e-01
13	19	-9.9377917e-02
13	20	-2.9050111e-01
13	21	5.7568236e-02
13	22	-9.0889953e-02
13	23	-1.1764970e-01
13	24	2.8523218e-02
14	15	1.3386911e-02
14	16	4.3705090e-03
14	17	-2.6448350e-01
14	18	2.3308248e-02
14	19	-3.7325909e-02
14	20	-1.8110353e-01
14	21	-6.3659657e-02
14	22	1.5569955e-02
14	23	-6.3351732e-02
14	24	1.3128813e-02
15	16	2.1000640e-01
15	17	2.4684017e-01
15	18	9.6112939e-02
15	19	1.7298168e-01
15	20	-2.8438660e-01
15	21	1.2190450e-02
15	22	1.5732835e-01
15	23	-9.7405499e-02
15	24	-9.8611757e-02
16	17	1.2686932e-01
16	18	-2.0880090e-01
16	19	-4.8819285e-01
16	20	-2.7074470e-01
16	21	2.6889501e-02
16	22	-2.4134106e-01
16	23	4.6093888e-02
16	24	1.2472095e-01
17	18	-1.0122754e-01
17	19	1.3509381e-01
17	20	-1.6576412e-01
17	21	3.0625384e-01
17	22	-9.2048794e-03
17	23	-1.6196037e-01
17	24	-2.2497387e-01
18	19	3.5097929e-01
18	20	-7.8210388e-02
18	21	1.7400009e-02
18	22	-2.2610977e-02
18	23	-2.0425214e-02
18	24	3.3074279e-02
19	20	4.8199964e-01
19	21	-1.7275120e-01
19	22	6.1498457e-02
19	23	-2.5025340e-02
19	24	-2.2552486e-01
20	21	-3.5795101e-01
20	22	4.8259986e-02
20	23	1.4182390e-01
20	24	-2.4117839e-01
21	22	-2.4649939e-01
21	23	-8.9205124e-02
21	24	1.3292831e-01
22	23	-2.1890111e-01
22	24	1.8933723e-01
23	24	-1.0147050e-02
