0	1	2348
0	2	4140
0	3	-1116
0	4	-4140
0	5	2684
0	6	676
0	7	-5492
0	8	220
0	9	-3924
0	10	332
0	11	1900
0	12	-3244
0	13	340
0	14	-3020
0	15	444
0	16	2796
0	17	780
0	18	-668
0	19	-2244
0	20	-7620
0	21	3020
0	22	780
0	23	-444
0	24	1460
0	25	-4140
0	26	-1900
0	27	-5492
1	2	1460
1	3	1788
1	4	-4596
1	5	-3356
1	6	3132
1	7	-1452
1	8	-4028
1	9	116
1	10	-1004
1	11	-2572
1	12	780
1	13	332
1	14	556
1	15	11428
1	16	-3468
1	17	-4588
1	18	1340
1	19	1572
1	20	676
1	21	2580
1	22	-4588
1	23	1116
1	24	5484
1	25	-1460
1	26	-564
1	27	1684
2	3	3580
2	4	-2804
2	5	1124
2	6	4924
2	7	-108
2	8	-2684
2	9	-7948
2	10	3476
2	11	-1228
2	12	2572
2	13	5260
2	14	-7060
2	15	3364
2	16	4148
2	17	3028
2	18	3132
2	19	2916
2	20	-7388
2	21	3924
2	22	3028
2	23	2908
2	24	4140
2	25	-5940
2	26	4364
2	27	-3244
3	4	-444
3	5	5260
3	6	-1900
3	7	3356
3	8	-3476
3	9	-1348
3	10	2908
3	11	-1796
3	12	3588
3	13	-2236
3	14	-2460
3	15	3020
3	16	-900
3	17	220
3	18	-3244
3	19	3468
3	20	-1908
3	21	-676
3	22	220
3	23	3252
3	24	-1116
3	25	2692
3	26	4932
3	27	220
4	5	-1124
4	6	-1788
4	7	108
4	8	-452
4	9	4812
4	10	2796
4	11	-5044
4	12	-2572
4	13	1012
4	14	-2348
4	15	-228
4	16	-1012
4	17	108
4	18	4
4	19	3356
4	20	1116
4	21	-788
4	22	3244
4	23	-2908
4	24	-4140
4	25	5940
4	26	-1228
4	27	108
5	6	-5940
5	7	-1788
5	8	-1228
5	9	-3356
5	10	1796
5	11	3364
5	12	4252
5	13	-2468
5	14	892
5	15	-4588
5	16	2468
5	17	1348
5	18	1676
5	19	4372
5	20	-2796
5	21	-4028
5	22	4484
5	23	4588
5	24	-452
5	25	-1124
5	26	-228
5	27	-1788
6	7	-1572
6	8	1004
6	9	-4
6	10	4252
6	11	2684
6	12	-892
6	13	2692
6	14	-3804
6	15	1228
6	16	444
6	17	-1572
6	18	-1452
6	19	-1460
6	20	-564
6	21	6940
6	22	-1572
6	23	1908
6	24	3812
6	25	-1788
6	26	452
6	27	-1572
7	8	-2460
7	9	-1452
7	10	-2572
7	11	-1004
7	12	5484
7	13	-1236
7	14	5260
7	15	-2684
7	16	-1900
7	17	116
7	18	-6500
7	19	4
7	20	2244
7	21	1012
7	22	116
7	23	-452
7	24	780
7	25	3244
7	26	1004
7	27	3252
8	9	2244
8	10	-2012
8	11	2692
8	12	-1348
8	13	-4932
8	14	1564
8	15	-5260
8	16	1796
8	17	-2460
8	18	2348
8	19	-5708
8	20	-332
8	21	-1564
8	22	-5596
8	23	-4148
8	24	-6052
8	25	-3588
8	26	3580
8	27	676
9	10	2132
9	11	-2572
9	12	-2356
9	13	-2804
9	14	556
9	15	2020
9	16	-3468
9	17	-4588
9	18	-1796
9	19	-4700
9	20	3812
9	21	-3692
9	22	-4588
9	23	-2020
9	24	-3924
9	25	4812
9	26	-564
9	27	4820
10	11	-556
10	12	-1236
10	13	4588
10	14	-4596
10	15	900
10	16	-1452
10	17	-2572
10	18	-676
10	19	3588
10	20	-444
10	21	1460
10	22	3700
10	23	2236
10	24	332
10	25	2796
10	26	3692
10	27	-2572
11	12	332
11	13	-116
11	14	6380
11	15	-6940
11	16	116
11	17	-1004
11	18	-2244
11	19	-1116
11	20	1124
11	21	3028
11	22	-1004
11	23	3804
11	24	1900
11	25	-1908
11	26	-1012
11	27	2132
12	13	-4364
12	14	1684
12	15	-1124
12	16	1228
12	17	2348
12	18	900
12	19	2460
12	20	220
12	21	-1684
12	22	2348
12	23	7396
12	24	3028
12	25	-2572
12	26	-332
12	27	2348
13	14	-1004
13	15	1564
13	16	780
13	17	1900
13	18	1348
13	19	5148
13	20	-228
13	21	4140
13	22	5036
13	23	1572
13	24	3476
13	25	-2124
13	26	3252
13	27	-1236
14	15	-4484
14	16	-2132
14	17	-4148
14	18	-2012
14	19	-900
14	20	6268
14	21	1228
14	22	-4148
14	23	1348
14	24	116
14	25	788
14	26	-108
14	27	8396
15	16	-4700
15	17	-2684
15	18	2572
15	19	340
15	20	-556
15	21	1348
15	22	-2684
15	23	-788
15	24	3580
15	25	2908
15	26	668
15	27	3588
16	17	1236
16	18	4924
16	19	1124
16	20	-2908
16	21	-1004
16	22	1236
16	23	1564
16	24	-3476
16	25	-7284
16	26	3020
16	27	-5036
17	18	-228
17	19	4
17	20	-4028
17	21	4148
17	22	6388
17	23	5820
17	24	3916
17	25	-3028
17	26	-2132
17	27	-3020
18	19	3020
18	20	780
18	21	-4260
18	22	-228
18	23	564
18	24	-668
18	25	-6268
18	26	2244
18	27	-228
19	20	2132
19	21	-2236
19	22	6276
19	23	2796
19	24	892
19	25	220
19	26	1116
19	27	-3132
20	21	-3132
20	22	-4028
20	23	556
20	24	-1348
20	25	4252
20	26	-1124
20	27	5380
21	22	1012
21	23	4924
21	24	6156
21	25	-788
21	26	108
21	27	1012
22	23	2684
22	24	3916
22	25	108
22	26	-2132
22	27	-6156
23	24	5828
23	25	-2908
23	26	-668
23	27	2684
24	25	-1004
24	26	-5036
24	27	780
25	26	-4364
25	27	3244
26	27	1004
