0	1	560
0	2	-592
0	3	1008
0	4	1008
0	5	-1104
0	6	176
0	7	112
0	8	16
0	9	-1584
0	10	208
0	11	16
0	12	-1552
0	13	-1488
0	14	-400
0	15	1168
1	2	-1104
1	3	-528
1	4	496
1	5	432
1	6	688
1	7	-400
1	8	1552
1	9	-48
1	10	-304
1	11	528
1	12	-16
1	13	48
1	14	112
1	15	656
2	3	-656
2	4	368
2	5	304
2	6	-464
2	7	-528
2	8	-368
2	9	80
2	10	-176
2	11	-368
2	12	-144
2	13	-80
2	14	-1040
2	15	-1264
3	4	-80
3	5	-1168
3	6	-912
3	7	48
3	8	-944
3	9	-496
3	10	272
3	11	-944
3	12	-592
3	13	-528
3	14	560
3	15	1232
4	5	-144
4	6	112
4	7	48
4	8	80
4	9	-496
4	10	272
4	11	80
4	12	-592
4	13	-1552
4	14	-1488
4	15	208
5	6	48
5	7	-1040
5	8	144
5	9	592
5	10	-688
5	11	1168
5	12	1392
5	13	432
5	14	-528
5	15	-752
6	7	1264
6	8	912
6	9	336
6	10	1104
6	11	912
6	12	-400
6	13	-336
6	14	752
6	15	16
7	8	-48
7	9	400
7	10	1168
7	11	-48
7	12	-464
7	13	-400
7	14	688
7	15	80
8	9	496
8	10	-272
8	11	-80
8	12	-432
8	13	528
8	14	464
8	15	-208
9	10	304
9	11	-528
9	12	1040
9	13	976
9	14	912
9	15	-656
10	11	-272
10	12	-240
10	13	-304
10	14	656
10	15	624
11	12	592
11	13	-496
11	14	-560
11	15	-208
12	13	1008
12	14	48
12	15	-304
13	14	1136
13	15	-368
14	15	592
