0	1	64
0	2	128
0	3	-896
0	4	704
0	5	-320
0	6	-1152
0	7	1472
0	8	896
0	9	-512
0	10	1024
0	11	-448
0	12	1152
0	13	576
0	14	64
0	15	128
1	2	-128
1	3	-640
1	4	960
1	5	-576
1	6	128
1	7	-320
1	8	1152
1	9	-768
1	10	256
1	11	320
1	12	-128
1	13	-192
1	14	-192
1	15	896
2	3	-704
2	4	896
2	5	512
2	6	64
2	7	-384
2	8	64
2	9	-704
2	10	192
2	11	384
2	12	960
2	13	768
2	14	-1152
2	15	-1088
3	4	-128
3	5	768
3	6	704
3	7	128
3	8	-1344
3	9	960
3	10	-448
3	11	-128
3	12	320
3	13	-1024
3	14	1408
3	15	-704
4	5	-704
4	6	-896
4	7	576
4	8	1152
4	9	-512
4	11	448
4	12	896
4	13	-576
4	14	-64
4	15	-128
5	6	1536
5	7	64
5	8	-1536
5	9	-128
5	10	640
5	11	-64
5	12	512
5	13	192
5	14	448
5	15	-1536
6	7	-640
6	8	-1088
6	9	-320
6	10	-192
6	11	640
6	12	64
6	13	256
6	14	128
6	15	-960
7	8	384
7	9	256
7	10	256
7	11	192
7	12	640
7	13	-320
7	14	704
7	15	-384
8	9	-320
8	10	-192
8	11	640
8	12	64
8	13	256
8	14	-896
8	15	1088
9	10	-192
9	11	-256
9	12	-704
9	13	-640
9	14	256
9	15	320
10	11	-1280
10	12	192
10	13	128
10	14	256
10	15	192
11	12	384
11	13	320
11	14	-704
11	15	-640
12	13	768
12	14	-128
12	15	-1088
13	14	-1216
13	15	-256
14	15	-128
