0	1	1444
0	2	292
0	3	220
0	4	796
0	5	1956
0	6	-292
0	7	-932
0	8	-420
0	9	668
0	10	668
0	11	284
0	12	668
0	13	-484
0	14	484
0	15	-540
1	2	-100
1	3	-412
1	4	36
1	5	1308
1	6	100
1	7	-284
1	8	228
1	9	164
1	10	164
1	11	548
1	12	164
1	13	292
1	14	-292
1	15	-292
2	3	1508
2	4	-92
2	5	412
2	6	-28
2	7	612
2	8	1124
2	9	36
2	10	1060
2	11	-604
2	12	36
2	13	-860
2	14	860
2	15	-164
3	4	604
3	5	100
3	6	-484
3	7	-100
3	8	412
3	9	-548
3	10	476
3	11	92
3	12	-548
3	13	-676
3	14	676
3	15	-348
4	5	548
4	6	-932
4	7	-1572
4	8	-1060
4	9	28
4	10	28
4	11	668
4	12	28
4	13	-100
4	14	100
4	15	100
5	6	-412
5	7	-796
5	8	-284
5	9	676
5	10	676
5	11	36
5	12	676
5	13	-220
5	14	220
5	15	-804
6	7	1436
6	8	924
6	9	-1060
6	10	-36
6	11	-1444
6	12	-1060
6	13	860
6	14	-860
6	15	1188
7	8	1308
7	9	-676
7	10	348
7	11	-1060
7	12	-676
7	13	220
7	14	-220
7	15	804
8	9	-164
8	10	-164
8	11	-548
8	12	-164
8	13	-292
8	14	292
8	15	292
9	10	-100
9	11	540
9	12	1948
9	13	-1252
9	14	1252
9	15	-796
10	11	-484
10	12	-100
10	13	-228
10	14	228
10	15	228
11	12	540
11	13	-612
11	14	612
11	15	-412
12	13	-1252
12	14	1252
12	15	-796
13	14	-1692
13	15	356
14	15	-356
