0	1	1168
0	2	-1040
0	3	-240
0	4	48
0	5	720
0	6	976
0	7	304
0	8	240
0	9	848
0	10	-1296
0	11	-1264
0	12	208
0	13	-624
0	14	-1072
0	15	688
1	2	-112
1	3	368
1	4	-176
1	5	1456
1	6	1200
1	7	-432
1	8	656
1	9	304
1	10	-880
1	11	-1680
1	12	-80
1	13	-1296
1	14	-848
1	15	1232
2	3	1552
2	4	1328
2	5	-560
2	6	-304
2	7	-464
2	8	-528
2	9	-432
2	10	-16
2	11	528
2	12	976
2	13	144
2	14	-304
2	15	-80
3	4	464
3	5	-208
3	6	560
3	7	-816
3	8	272
3	9	-336
3	10	-240
3	11	-272
3	12	304
3	13	112
3	14	-464
3	15	848
4	5	-624
4	6	-368
4	7	624
4	8	-1488
4	9	528
4	10	-976
4	11	464
4	12	1936
4	13	80
4	14	-1392
4	15	-1040
5	6	624
5	7	144
5	8	1232
5	9	752
5	10	-304
5	11	-1232
5	12	-656
5	13	-848
5	14	-400
5	15	784
6	7	-624
6	8	464
6	9	-528
6	10	-48
6	11	-1488
6	12	112
6	13	-1104
6	14	-656
6	15	1040
7	8	-208
7	9	1296
7	10	-720
7	11	208
7	12	656
7	13	-176
7	14	400
7	15	-784
8	9	336
8	10	240
8	11	-752
8	12	-1328
8	13	-112
8	14	464
8	15	1200
9	10	-1200
9	11	-336
9	12	240
9	13	48
9	14	-528
9	15	-112
10	11	784
10	12	-816
10	13	400
10	14	976
10	15	-336
11	12	304
11	13	1136
11	14	560
11	15	-1200
12	13	-336
12	14	-912
12	15	-752
13	14	-80
13	15	-560
14	15	16
