0	1	412
0	2	-836
0	3	-508
0	4	316
0	5	28
0	6	644
0	7	980
0	8	-460
0	9	-692
0	10	-220
0	11	452
1	2	220
1	3	-412
1	4	220
1	5	-68
1	6	740
1	7	500
1	8	212
1	9	-212
1	10	452
1	11	548
2	3	-316
2	4	124
2	5	-164
2	6	260
2	7	20
2	8	884
2	9	-308
2	10	548
2	11	-508
3	4	-316
3	5	548
3	6	508
3	7	-404
3	8	-116
3	9	1268
3	10	-356
3	11	-1028
4	5	-740
4	6	260
4	7	596
4	8	308
4	9	-308
4	10	548
4	11	68
5	6	548
5	7	-268
5	8	20
5	9	556
5	10	260
5	11	-220
6	7	748
6	8	-116
6	9	116
6	10	220
6	11	-452
7	8	-452
7	9	-700
7	10	-116
7	11	-212
8	9	164
8	10	748
8	11	-500
9	10	404
9	11	-652
10	11	-164
