0	1	412
0	2	28
0	3	76
0	4	260
0	5	-556
0	6	-700
0	7	452
0	8	-652
0	9	-212
0	10	212
0	11	-460
1	2	116
1	3	644
1	4	748
1	5	412
1	6	-596
1	7	556
1	8	508
1	9	-220
1	10	220
1	11	-260
2	3	1028
2	4	364
2	5	604
2	6	748
2	7	748
2	8	700
2	9	740
2	10	412
2	11	-68
3	4	412
3	5	652
3	6	220
3	7	1372
3	8	748
3	9	692
3	10	-116
3	11	556
4	5	-316
4	6	-460
4	7	116
4	8	164
4	9	-452
4	10	452
4	11	-796
5	6	452
5	7	452
5	8	500
5	9	940
5	10	212
5	11	116
6	7	-268
6	8	356
6	9	508
6	10	68
6	11	-28
7	8	356
7	9	1084
7	10	-508
7	11	1124
8	9	460
8	10	-460
8	11	596
9	10	-404
9	11	844
10	11	-1420
