0	1	-96
0	2	1656
0	3	-96
0	4	2136
0	5	-1224
0	6	576
0	7	-1416
0	8	-1104
0	9	144
0	10	1944
0	11	-4536
0	12	1824
0	13	-96
0	14	-3264
0	15	1536
0	16	-1704
0	17	-816
0	18	2856
0	19	-1176
0	20	264
0	21	4824
0	22	-1536
0	23	-2976
0	24	-96
0	25	4824
0	26	-5136
0	27	-1536
0	28	-24
0	29	384
1	2	-2304
1	3	264
1	4	-1824
1	5	-1584
1	6	216
1	7	-1056
1	8	2136
1	9	504
1	10	-4896
1	11	-576
1	12	2184
1	13	-3336
1	14	3576
1	15	-2424
1	16	-2064
1	17	-456
1	18	2496
1	19	2784
1	20	624
1	21	1584
1	22	-4776
1	23	4584
1	24	-3336
1	25	-2016
1	26	-1176
1	27	-1176
1	28	3216
1	29	4344
2	3	1296
2	4	264
2	5	3624
2	6	1824
2	7	6216
2	8	-3696
2	9	1056
2	10	2856
2	11	-5064
2	12	-4224
2	13	1296
2	14	2064
2	15	864
2	16	504
2	17	5616
2	18	-456
2	19	-1224
2	20	936
2	21	-24
2	22	2736
2	23	576
2	24	1296
2	25	-24
2	26	-864
2	27	2736
2	28	-1176
2	29	-2784
3	4	1776
3	5	2016
3	6	-3384
3	7	2544
3	8	2136
3	9	504
3	10	-4896
3	11	-4176
3	12	-5016
3	13	264
3	14	-24
3	15	1176
3	16	1536
3	17	-456
3	18	-1104
3	19	2784
3	20	624
3	21	1584
3	22	-1176
3	23	984
3	24	264
3	25	-2016
3	26	2424
3	27	6024
3	28	-384
3	29	-2856
4	5	3144
4	6	1344
4	7	-504
4	8	-4176
4	9	1536
4	10	-264
4	11	-984
4	12	-144
4	13	-1824
4	14	-2016
4	15	384
4	16	3624
4	17	2496
4	18	-936
4	19	2856
4	20	-2184
4	21	456
4	22	-384
4	23	1056
4	24	1776
4	25	456
4	26	-384
4	27	3216
4	28	-1656
4	29	-2304
5	6	1104
5	7	3336
5	8	-4416
5	9	1776
5	10	-24
5	11	-744
5	12	-3504
5	13	2016
5	14	1344
5	15	144
5	16	3384
5	17	6336
5	18	-4776
5	19	3096
5	20	-1944
5	21	-2904
5	22	3456
5	23	1296
5	24	2016
5	25	-2904
5	26	-144
5	27	3456
5	28	1704
5	29	-2064
6	7	1536
6	8	-6216
6	9	-24
6	10	1776
6	11	1056
6	12	1896
6	13	-3384
6	14	3144
6	15	-1656
6	16	-2016
6	17	4536
6	18	624
6	19	1296
6	20	3456
6	21	-1104
6	22	-1944
6	23	3096
6	24	-3384
6	25	-1104
6	26	-1944
6	27	-1944
6	28	-96
6	29	3336
7	8	-3744
7	9	-816
7	10	984
7	11	-1896
7	12	-6336
7	13	-1056
7	14	4896
7	15	2496
7	16	-744
7	17	5424
7	18	216
7	19	-2136
7	20	2904
7	21	264
7	22	1104
7	23	3264
7	24	-1056
7	25	-3336
7	26	1104
7	27	4704
7	28	-2664
7	29	-576
8	9	1896
8	10	-3504
8	11	-624
8	12	216
8	13	2136
8	14	-2376
8	15	24
8	16	-336
8	17	-7944
8	18	2304
8	19	-384
8	20	-1824
8	21	816
8	22	-24
8	23	-2184
8	24	2136
8	25	816
8	26	3576
8	27	-24
8	28	1584
8	29	-1944
9	10	-1056
9	11	-336
9	12	-1176
9	13	504
9	14	-264
9	15	936
9	16	1296
9	17	-216
9	18	2256
9	19	3024
9	20	-2736
9	21	-1776
9	22	2664
9	23	1224
9	24	4104
9	25	-1776
9	26	2664
9	27	2664
9	28	2976
9	29	-2616
10	11	1464
10	12	624
10	13	2304
10	14	-2064
10	15	2736
10	16	-504
10	17	1584
10	18	456
10	19	-5976
10	20	-936
10	21	24
10	22	4464
10	23	-4176
10	24	2304
10	25	3624
10	26	-2736
10	27	-2736
10	28	-2424
10	29	-816
11	12	1344
11	13	-576
11	14	816
11	15	2016
11	16	-1224
11	17	-1296
11	18	-264
11	19	-1656
11	20	-216
11	21	-2856
11	22	1584
11	23	144
11	24	-576
11	25	-2856
11	26	1584
11	27	-2016
11	28	456
11	29	3504
12	13	-1416
12	14	-1944
12	15	-4344
12	16	-384
12	17	-2136
12	18	576
12	19	1104
12	20	-1056
12	21	-96
12	22	-2856
12	23	-696
12	24	-1416
12	25	3504
12	26	-2856
12	27	-6456
12	28	1296
12	29	2664
13	14	-3624
13	15	1176
13	16	1536
13	17	-456
13	18	-4704
13	19	-816
13	20	-2976
13	21	-2016
13	22	6024
13	23	-6216
13	24	3864
13	25	1584
13	26	-1176
13	27	-1176
13	28	3216
13	29	-2856
14	15	-1416
14	16	-1776
14	17	4296
14	18	864
14	19	1056
14	20	3216
14	21	-1344
14	22	-2184
14	23	6456
14	24	-3624
14	25	-4944
14	26	1416
14	27	1416
14	28	144
14	29	3096
15	16	-2976
15	17	-1704
15	18	3264
15	19	-4944
15	20	816
15	21	3456
15	22	2616
15	23	-3144
15	24	1176
15	25	-144
15	26	-984
15	27	2616
15	28	-1056
15	29	696
16	17	2256
16	18	-4296
16	19	2616
16	20	-6024
16	21	-3384
16	22	2976
16	23	816
16	24	5136
16	25	216
16	26	2976
16	27	2976
16	28	-1416
16	29	-6144
17	18	-3984
17	19	2064
17	20	-96
17	21	-2736
17	22	1704
17	23	3864
17	24	-456
17	25	-2736
17	26	-1896
17	27	1704
17	28	336
17	29	24
18	19	-3624
18	20	2136
18	21	4776
18	22	-3264
18	23	1776
18	24	-1104
18	25	1176
18	26	336
18	27	336
18	28	-2376
18	29	2016
19	20	-456
19	21	-3096
19	22	-2256
19	23	3504
19	24	-816
19	25	-3096
19	26	1344
19	27	1344
19	28	4296
19	29	-336
20	21	1944
20	22	-4416
20	23	1344
20	24	-6576
20	25	-1656
20	26	-816
20	27	-816
20	28	-744
20	29	4704
21	22	-3456
21	23	-1296
21	24	-2016
21	25	2904
21	26	-3456
21	27	144
21	28	-1704
21	29	2064
22	23	-4056
22	24	6024
22	25	144
22	26	984
22	27	984
22	28	1056
22	29	-4296
23	24	-2616
23	25	-4896
23	26	3144
23	27	3144
23	28	-1104
23	29	1464
24	25	1584
24	26	2424
24	27	2424
24	28	-384
24	29	-6456
25	26	-3456
25	27	-3456
25	28	-1704
25	29	-1536
26	27	4584
26	28	-2544
26	29	-4296
27	28	-2544
27	29	-4296
28	29	2736
