0	1	2924
0	2	-764
0	3	-76
0	4	916
0	5	-3044
0	6	-2236
0	7	2596
0	8	2924
0	9	-2476
0	10	-76
0	11	-2236
0	12	-2804
0	13	-2356
0	14	676
0	15	-2684
0	16	-796
0	17	1844
0	18	4276
0	19	-76
0	20	-2116
0	21	-1244
0	22	4604
0	23	1756
0	24	-1124
0	25	1244
0	26	-436
0	27	-76
0	28	2804
0	29	2804
1	2	-6676
1	3	-3284
1	4	6044
1	5	-796
1	6	2476
1	7	4364
1	8	8116
1	9	2716
1	10	316
1	11	-1124
1	12	-1036
1	13	-1004
1	14	6284
1	15	2444
1	16	1036
1	17	-1604
1	18	-916
1	19	316
1	20	-4844
1	21	-2596
1	22	2836
1	23	1604
1	24	884
1	25	-4604
1	26	676
1	27	-3284
1	28	1036
1	29	4636
2	3	4724
2	4	-3884
2	5	-644
2	6	-1036
2	7	-2204
2	8	-6676
2	9	-1276
2	10	1124
2	11	-1036
2	12	-404
2	13	-1156
2	14	-4124
2	15	-284
2	16	-3196
2	17	3044
2	18	-524
2	19	-2476
2	20	6284
2	21	1156
2	22	-1396
2	23	556
2	24	1276
2	25	6044
2	26	764
2	27	4724
2	28	404
2	29	-3196
3	4	-4156
3	5	-196
3	6	-1724
3	7	1364
3	8	-3284
3	9	2116
3	10	-284
3	11	-1724
3	12	-4036
3	13	-1604
3	14	-316
3	15	3044
3	16	-3164
3	17	1396
3	18	-316
3	19	-284
3	20	1756
3	21	-1996
3	22	-1364
3	23	-1396
3	24	-2116
3	25	5596
3	26	-3524
3	27	-284
3	28	-3164
3	29	436
4	5	-2564
4	6	4484
4	7	3076
4	8	6044
4	9	644
4	10	3044
4	11	884
4	12	1276
4	13	764
4	14	4756
4	15	1396
4	16	-1276
4	17	1364
4	18	-2444
4	19	-556
4	20	-2596
4	21	-764
4	22	524
4	23	2236
4	24	2956
4	25	-6436
4	26	2684
4	27	-556
4	28	2324
4	29	2324
5	6	-2356
5	7	-884
5	8	-796
5	9	1004
5	10	-196
5	11	1244
5	12	4516
5	13	-2476
5	14	796
5	15	1036
5	16	6284
5	17	-1876
5	18	796
5	19	3404
5	20	1364
5	21	-1124
5	22	884
5	23	-1724
5	24	-1004
5	25	1124
5	26	-556
5	27	-196
5	28	-916
5	29	-916
6	7	2804
6	8	2476
6	9	4276
6	10	-1724
6	11	-3164
6	12	1004
6	13	556
6	14	1124
6	15	4484
6	16	-1004
6	17	-44
6	18	-6076
6	19	-1724
6	20	316
6	21	3044
6	22	-2804
6	23	44
6	24	6524
6	25	-3044
6	26	2236
6	27	1876
6	28	2596
6	29	2596
7	8	4364
7	9	2564
7	10	-2236
7	11	-4396
7	12	-644
7	13	-916
7	14	2836
7	15	3076
7	16	644
7	17	3284
7	18	-764
7	19	1364
7	20	-4276
7	21	-2684
7	22	2444
7	23	316
7	24	1036
7	25	-916
7	26	-2596
7	27	-2236
7	28	644
7	29	7844
8	9	2716
8	10	316
8	11	-1124
8	12	-1036
8	13	-1004
8	14	6284
8	15	2444
8	16	1036
8	17	-1604
8	18	-916
8	19	316
8	20	-4844
8	21	-2596
8	22	2836
8	23	1604
8	24	884
8	25	-4604
8	26	676
8	27	-3284
8	28	1036
8	29	4636
9	10	-1484
9	11	-2924
9	12	-2836
9	13	-2804
9	14	4484
9	15	7844
9	16	-764
9	17	-3404
9	18	-6316
9	19	-1484
9	20	556
9	21	-796
9	22	-2564
9	23	-196
9	24	2684
9	25	796
9	26	-1124
9	27	-1484
9	28	-764
9	29	2836
10	11	5476
10	12	-436
10	13	-1604
10	14	3284
10	15	-556
10	16	-3164
10	17	1396
10	18	-316
10	19	-284
10	20	1756
10	21	-1996
10	22	-1364
10	23	2204
10	24	-2116
10	25	-1604
10	26	76
10	27	-284
10	28	436
10	29	-3164
11	12	1004
11	13	556
11	14	1124
11	15	-2716
11	16	-1004
11	17	-44
11	18	1124
11	19	1876
11	20	316
11	21	-556
11	22	-2804
11	23	44
11	24	-4276
11	25	-3044
11	26	-1364
11	27	-1724
11	28	-1004
11	29	-4604
12	13	884
12	14	-2564
12	15	-2324
12	16	6044
12	17	1484
12	18	1036
12	19	3164
12	20	1124
12	21	2716
12	22	644
12	23	-1484
12	24	2836
12	25	-2716
12	26	2804
12	27	3164
12	28	2444
12	29	-1156
13	14	-2596
13	15	-2836
13	16	-884
13	17	76
13	18	1004
13	19	-1604
13	20	-3164
13	21	-676
13	22	916
13	23	-76
13	24	-796
13	25	-2924
13	26	2356
13	27	-1604
13	28	-4484
13	29	-884
14	15	4756
14	16	-1036
14	17	-1996
14	18	-2684
14	19	-316
14	20	-2356
14	21	-4604
14	22	764
14	23	1996
14	24	-884
14	25	-2596
14	26	-676
14	27	-3916
14	28	-1036
14	29	2564
15	16	-1276
15	17	-2236
15	18	-6044
15	19	-556
15	20	1004
15	21	-764
15	22	-3076
15	23	-1364
15	24	2956
15	25	764
15	26	-916
15	27	-556
15	28	-1276
15	29	2324
16	17	-1484
16	18	2564
16	19	4036
16	20	-1124
16	21	884
16	22	2956
16	23	-2116
16	24	764
16	25	-884
16	26	796
16	27	436
16	28	1156
16	29	1156
17	18	1604
17	19	1396
17	20	-164
17	21	-76
17	22	316
17	23	524
17	24	-196
17	25	76
17	26	-1844
17	27	1396
17	28	2116
17	29	2116
18	19	3284
18	20	-2356
18	21	-1004
18	22	4364
18	23	-1604
18	24	-4484
18	25	1004
18	26	-676
18	27	-316
18	28	-1036
18	29	-1036
19	20	-1844
19	21	1604
19	22	-1364
19	23	-4996
19	24	-2116
19	25	-1604
19	26	-3524
19	27	-284
19	28	436
19	29	436
20	21	3164
20	22	-2924
20	23	164
20	24	3044
20	25	4036
20	26	2116
20	27	5356
20	28	2476
20	29	-4724
21	22	-4516
21	23	-3524
21	24	4396
21	25	-676
21	26	1244
21	27	5204
21	28	4484
21	29	-2716
22	23	3284
22	24	-1036
22	25	916
22	26	2596
22	27	-1364
22	28	-644
22	29	2956
23	24	196
23	25	-76
23	26	1844
23	27	-1396
23	28	1484
23	29	1484
24	25	-796
24	26	4724
24	27	5084
24	28	4364
24	29	764
25	26	-1244
25	27	1996
25	28	-884
25	29	-884
26	27	3676
26	28	796
26	29	-2804
27	28	4036
27	29	-3164
28	29	1156
