0	1	-312
0	2	-4968
0	3	-672
0	4	-3168
0	5	-1368
0	6	5232
0	7	2568
0	8	4392
0	9	1728
0	10	-3768
0	11	-3888
0	12	1128
0	13	3432
0	14	-1968
0	15	-2592
0	16	4152
0	17	408
0	18	-2208
0	19	312
0	20	912
0	21	-3168
0	22	168
0	23	-4992
0	24	5208
0	25	3648
0	26	528
0	27	912
0	28	2232
0	29	912
1	2	-912
1	3	-648
1	4	-2712
1	5	2688
1	6	3288
1	7	-288
1	8	528
1	9	4152
1	10	1488
1	11	1608
1	12	1152
1	13	-2112
1	14	3288
1	15	4872
1	16	-2832
1	17	-5328
1	18	-72
1	19	4608
1	20	4008
1	21	-2712
1	22	-1488
1	23	72
1	24	672
1	25	2232
1	26	-1848
1	27	408
1	28	-912
1	29	408
2	3	-1272
2	4	1032
2	5	-768
2	6	-4968
2	7	-1632
2	8	-2208
2	9	-2472
2	10	4032
2	11	3912
2	12	-3072
2	13	-3168
2	14	-1368
2	15	408
2	16	-2448
2	17	-192
2	18	1992
2	19	-2688
2	20	-2088
2	21	1032
2	22	3168
2	23	5208
2	24	-2592
2	25	-4152
2	26	-72
2	27	-2088
2	28	-768
2	29	1512
3	4	528
3	5	2328
3	6	-672
3	7	72
3	8	168
3	9	912
3	10	-2472
3	11	1248
3	12	1512
3	13	1128
3	14	2928
3	15	-1968
3	16	408
3	17	-1368
3	18	-432
3	19	4248
3	20	48
3	21	528
3	22	-4728
3	23	432
3	24	1032
3	25	2592
3	26	2112
3	27	48
3	28	-1272
3	29	48
4	5	1032
4	6	-3168
4	7	168
4	8	-4008
4	9	-672
4	10	-1368
4	11	-1488
4	12	2328
4	13	-1368
4	14	-3168
4	15	-1392
4	16	-648
4	17	1608
4	18	192
4	19	-4488
4	20	-288
4	21	6432
4	22	-2232
4	23	-192
4	24	-4392
4	25	-2352
4	26	1728
4	27	-288
4	28	1032
4	29	-288
5	6	-1368
5	7	1968
5	8	1392
5	9	4728
5	10	4032
5	11	312
5	12	4128
5	13	4032
5	14	2232
5	15	4008
5	16	-2448
5	17	-192
5	18	1992
5	19	912
5	20	-2088
5	21	1032
5	22	-4032
5	23	-1992
5	24	1008
5	25	3048
5	26	-3672
5	27	-5688
5	28	-768
5	29	1512
6	7	2568
6	8	792
6	9	1728
6	10	-3768
6	11	-3888
6	12	1128
6	13	-168
6	14	1632
6	15	1008
6	16	552
6	17	-3192
6	18	1392
6	19	3912
6	20	4512
6	21	-3168
6	22	168
6	23	-4992
6	24	1608
6	25	3648
6	26	528
6	27	4512
6	28	-1368
6	29	-2688
7	8	-192
7	9	1272
7	10	-2832
7	11	-6312
7	12	-1728
7	13	768
7	14	2568
7	15	1992
7	16	3648
7	17	-1008
7	18	2808
7	19	288
7	20	-312
7	21	168
7	22	2832
7	23	-6408
7	24	1392
7	25	2952
7	26	2472
7	27	-312
7	28	1968
7	29	3288
8	9	2568
8	10	2592
8	11	2472
8	12	-1632
8	13	2592
8	14	792
8	15	-1752
8	16	-288
8	17	1248
8	18	552
8	19	3072
8	20	-3528
8	21	-4008
8	22	1008
8	23	-552
8	24	6048
8	25	4488
8	26	1368
8	27	72
8	28	-2208
8	29	72
9	10	-72
9	11	48
9	12	2712
9	13	-72
9	14	1728
9	15	2832
9	16	-792
9	17	-3768
9	18	-1632
9	19	3048
9	20	2448
9	21	-672
9	22	-3528
9	23	-1968
9	24	2232
9	25	3792
9	26	-288
9	27	-1152
9	28	1128
9	29	2448
10	11	5112
10	12	-672
10	13	1632
10	14	-168
10	15	2808
10	16	-4848
10	17	2208
10	18	3192
10	19	-1488
10	20	-4488
10	21	-1368
10	22	1968
10	23	4008
10	24	-192
10	25	-1752
10	26	-4872
10	27	-4488
10	28	-3168
10	29	-888
11	12	-552
11	13	-2088
11	14	-288
11	15	-672
11	16	-4968
11	17	-1272
11	18	-528
11	19	1992
11	20	-1008
11	21	-1488
11	22	-1512
11	23	7728
11	24	-72
11	25	-1632
11	26	-1152
11	27	-1008
11	28	-3288
11	29	-1008
12	13	2928
12	14	-2472
12	15	-168
12	16	-1392
12	17	432
12	18	-2232
12	19	-1152
12	20	1848
12	21	2328
12	22	-6528
12	23	-1368
12	24	-768
12	25	792
12	26	-3288
12	27	-1752
12	28	528
12	29	-1752
13	14	-168
13	15	-792
13	16	2352
13	17	5808
13	18	-408
13	19	-1488
13	20	-4488
13	21	-1368
13	22	-1632
13	23	-3192
13	24	3408
13	25	1848
13	26	-4872
13	27	-4488
13	28	432
13	29	-888
14	15	4608
14	16	552
14	17	-3192
14	18	1392
14	19	7512
14	20	912
14	21	-3168
14	22	168
14	23	-1392
14	24	1608
14	25	3648
14	26	528
14	27	912
14	28	-1368
14	29	912
15	16	-1512
15	17	-3048
15	18	1248
15	19	2328
15	20	1728
15	21	-1392
15	22	792
15	23	-1248
15	24	-648
15	25	912
15	26	-3168
15	27	-1872
15	28	408
15	29	1728
16	17	1488
16	18	-3288
16	19	-768
16	20	-168
16	21	-648
16	22	1248
16	23	-3912
16	24	2688
16	25	1128
16	26	1608
16	27	-168
16	28	4752
16	29	3432
17	18	648
17	19	-5472
17	20	-6072
17	21	1608
17	22	1392
17	23	-648
17	24	-48
17	25	-2088
17	26	-2568
17	27	-2472
17	28	-192
17	29	-2472
18	19	72
18	20	-2928
18	21	192
18	22	4008
18	23	-1152
18	24	-1752
18	25	288
18	26	768
18	27	672
18	28	-5208
18	29	-2928
19	20	3192
19	21	-4488
19	22	-2112
19	23	-72
19	24	2928
19	25	4968
19	26	1848
19	27	3192
19	28	-2688
19	29	-408
20	21	-288
20	22	-2712
20	23	-672
20	24	-1272
20	25	768
20	26	1248
20	27	3792
20	28	1512
20	29	192
21	22	-2232
21	23	-192
21	24	-4392
21	25	-2352
21	26	1728
21	27	-288
21	28	1032
21	29	-288
22	23	-408
22	24	192
22	25	-1848
22	26	1272
22	27	888
22	28	-432
22	29	888
23	24	-1848
23	25	-3888
23	26	-768
23	27	-672
23	28	-1992
23	29	-672
24	25	3912
24	26	-168
24	27	-1272
24	28	1008
24	29	2328
25	26	1392
25	27	768
25	28	-552
25	29	768
26	27	4848
26	28	-72
26	29	1248
27	28	-2088
27	29	-3408
28	29	5112
