0	1	3020
0	2	-260
0	3	-740
0	4	-1220
0	5	-1820
0	6	6340
0	7	-620
0	8	380
0	9	-140
0	10	340
0	11	3860
0	12	-2180
0	13	380
0	14	-4540
0	15	4220
0	16	-860
0	17	500
0	18	-2260
0	19	-4540
0	20	-1060
0	21	-2180
0	22	-500
0	23	2180
0	24	-5020
0	25	-3340
0	26	2860
0	27	2620
0	28	1940
0	29	1660
1	2	-2900
1	3	220
1	4	-3860
1	5	2740
1	6	3700
1	7	340
1	8	3020
1	9	820
1	10	4900
1	11	-700
1	12	2380
1	13	-580
1	14	1700
1	15	3260
1	16	100
1	17	3140
1	18	3980
1	19	-1900
1	20	1580
1	21	2380
1	22	460
1	23	-2380
1	24	-2380
1	25	-4300
1	26	220
1	27	-20
1	28	-2620
1	29	2620
2	3	-2980
2	4	1100
2	5	1700
2	6	-2860
2	7	-3100
2	8	-260
2	9	20
2	10	-460
2	11	-140
2	12	-1540
2	13	-3860
2	14	-2540
2	15	-500
2	16	740
2	17	-3980
2	18	-1220
2	19	1060
2	20	-2420
2	21	-1540
2	22	-3220
2	23	1540
2	24	1540
2	25	3460
2	26	620
2	27	-2740
2	28	1780
2	29	-1780
3	4	-5620
3	5	2180
3	6	1220
3	7	4580
3	8	2860
3	9	-3100
3	10	20
3	11	-620
3	12	-1060
3	13	-740
3	14	-3020
3	15	2620
3	16	1220
3	17	6340
3	18	-1700
3	19	-3020
3	20	4300
3	21	2540
3	22	4460
3	23	1060
3	24	1060
3	25	-4220
3	26	-6100
3	27	-2260
3	28	1300
3	29	2300
4	5	-4540
4	6	-1900
4	7	-2140
4	8	-1220
4	9	980
4	10	-3100
4	11	2500
4	12	3020
4	13	2380
4	14	3700
4	15	-5060
4	16	1700
4	17	-4940
4	18	-2180
4	19	3700
4	20	-3380
4	21	-580
4	22	-5860
4	23	-3020
4	24	580
4	25	6100
4	26	5180
4	27	1820
4	28	820
4	29	-4420
5	6	-1300
5	7	-1540
5	8	1780
5	9	-2020
5	10	1100
5	11	-5300
5	12	20
5	13	-5420
5	14	-500
5	15	1540
5	16	2300
5	17	1660
5	18	820
5	19	-500
5	20	3220
5	21	20
5	22	1940
5	23	-20
5	24	3580
5	25	-1700
5	26	-5020
5	27	-1180
5	28	220
5	29	-220
6	7	1100
6	8	2740
6	9	-2980
6	10	140
6	11	2860
6	12	-940
6	13	-860
6	14	-3140
6	15	6100
6	16	1340
6	17	2620
6	18	-1820
6	19	-6740
6	20	580
6	21	-940
6	22	980
6	23	940
6	24	-2660
6	25	-4340
6	26	1220
6	27	1460
6	28	1180
6	29	2420
7	8	2980
7	9	-3220
7	10	-100
7	11	3100
7	12	2420
7	13	2980
7	14	700
7	15	2740
7	16	-2500
7	17	6460
7	18	2020
7	19	-2900
7	20	820
7	21	6020
7	22	740
7	23	-2420
7	24	-2420
7	25	-500
7	26	-2620
7	27	-2380
7	28	-2180
7	29	5780
8	9	-3740
8	10	340
8	11	260
8	12	1420
8	13	-3220
8	14	-940
8	15	4220
8	16	2740
8	17	4100
8	18	1340
8	19	-4540
8	20	-1060
8	21	5020
8	22	-500
8	23	-1420
8	24	2180
8	25	260
8	26	-740
8	27	-4580
8	28	-1660
8	29	1660
9	10	3020
9	11	-20
9	12	-1660
9	13	3460
9	14	1180
9	15	-3980
9	16	-2980
9	17	-3860
9	18	2500
9	19	4780
9	20	-2300
9	21	-1660
9	22	260
9	23	1660
9	24	-1940
9	25	-20
9	26	4100
9	27	740
9	28	-1700
9	29	-1900
10	11	460
10	12	1460
10	13	340
10	14	1660
10	15	100
10	16	140
10	17	220
10	18	2980
10	19	1660
10	20	1780
10	21	1460
10	22	-220
10	23	-1460
10	24	-1460
10	25	-3140
10	26	20
10	27	-3340
10	28	-1220
10	29	1220
11	12	1540
11	13	3860
11	14	-1060
11	15	500
11	16	-740
11	17	380
11	18	-2380
11	19	-1060
11	20	-1180
11	21	1540
11	22	-3980
11	23	-1540
11	24	-5140
11	25	140
11	26	2980
11	27	-860
11	28	1820
11	29	1780
12	13	1420
12	14	6340
12	15	-2420
12	16	2660
12	17	1300
12	18	460
12	19	2740
12	20	2860
12	21	3980
12	22	-4900
12	23	-7580
12	24	-380
12	25	1540
12	26	-1060
12	27	-820
12	28	-140
12	29	140
13	14	2660
13	15	-2980
13	16	-4460
13	17	500
13	18	1340
13	19	2660
13	20	-1060
13	21	1420
13	22	-500
13	23	-1420
13	24	-5020
13	25	260
13	26	2860
13	27	2620
13	28	-1660
13	29	1660
14	15	-4300
14	16	460
14	17	-820
14	18	3620
14	19	4940
14	20	1220
14	21	2740
14	22	-2780
14	23	-6340
14	24	860
14	25	2540
14	26	580
14	27	340
14	28	-2980
14	29	-620
15	16	-1100
15	17	4340
15	18	1580
15	19	-7900
15	20	-820
15	21	1180
15	22	2860
15	23	2420
15	24	-1180
15	25	-3100
15	26	-980
15	27	-1220
15	28	-1420
15	29	5020
16	17	-980
16	18	-5420
16	19	460
16	20	4180
16	21	-940
16	22	-2620
16	23	-2660
16	24	4540
16	25	-740
16	26	-2380
16	27	-2140
16	28	4780
16	29	-4780
17	18	1460
17	19	-4420
17	20	2660
17	21	4900
17	22	2980
17	23	-1300
17	24	-1300
17	25	-3220
17	26	-4460
17	27	-1100
17	28	-1540
17	29	5140
18	19	20
18	20	-3700
18	21	4060
18	22	2140
18	23	-460
18	24	-460
18	25	1220
18	26	1900
18	27	-1940
18	28	-7900
18	29	4300
19	20	1220
19	21	-860
19	22	-2780
19	23	-2740
19	24	860
19	25	2540
19	26	580
19	27	340
19	28	620
19	29	-4220
20	21	-740
20	22	940
20	23	-2860
20	24	740
20	25	-4780
20	26	-6500
20	27	460
20	28	4100
20	29	-500
21	22	-1300
21	23	-3980
21	24	-380
21	25	1540
21	26	-1060
21	27	-4420
21	28	-3740
21	29	3740
22	23	4900
22	24	1300
22	25	-3980
22	26	-2740
22	27	1100
22	28	-2060
22	29	2060
23	24	380
23	25	-1540
23	26	1060
23	27	820
23	28	140
23	29	-140
24	25	2060
24	26	-2540
24	27	-2780
24	28	140
24	29	-3740
25	26	2980
25	27	-860
25	28	-1780
25	29	-1820
26	27	1340
26	28	-2300
26	29	-1300
27	28	1060
27	29	-1060
28	29	-3500
