0	1	552
0	2	-648
0	3	216
0	4	168
0	5	-456
0	6	72
0	7	216
0	8	408
0	9	168
0	10	312
0	11	-24
1	2	-360
1	3	-360
1	4	1128
1	5	-552
1	6	-504
1	7	-72
1	8	24
1	9	-24
1	10	408
1	11	-1272
2	3	456
2	4	-72
2	5	456
2	6	-168
2	7	-24
2	8	72
2	9	-648
2	10	72
2	11	216
3	4	-360
3	5	264
3	6	312
3	7	744
3	8	-216
3	9	-360
3	10	-504
3	11	216
4	5	-456
4	6	-1080
4	7	-360
4	8	408
4	9	168
4	10	312
4	11	-1176
5	6	24
5	7	168
5	8	456
5	9	120
5	10	-312
5	11	600
6	7	120
6	8	-648
6	9	-504
6	10	-360
6	11	648
7	8	-792
7	9	-360
7	10	-792
7	11	504
8	9	984
8	10	840
8	11	24
9	10	312
9	11	-24
10	11	-168
