0	1	-392
0	2	-40
0	3	152
0	4	-88
0	5	568
0	6	184
0	7	88
0	8	40
0	9	712
0	10	280
0	11	136
1	2	-488
1	3	-104
1	4	136
1	5	-616
1	6	-808
1	7	440
1	8	-664
1	9	392
1	10	-328
1	11	-760
2	3	-904
2	4	-568
2	5	472
2	6	88
2	7	-584
2	8	520
2	9	40
2	10	-392
2	11	616
3	4	200
3	5	280
3	6	-104
3	7	376
3	8	-248
3	9	-152
3	10	568
3	11	424
4	5	-1208
4	6	712
4	7	40
4	8	568
4	9	88
4	10	808
4	11	88
5	6	-616
5	7	56
5	8	-472
5	9	8
5	10	-712
5	11	584
6	7	-712
6	8	1064
6	9	-184
6	10	824
6	11	-184
7	8	-568
7	9	-664
7	10	-232
7	11	-88
8	9	-40
8	10	392
8	11	-40
9	10	-280
9	11	-136
10	11	296
