0	1	4228
0	2	796
0	3	-4
0	4	-3252
0	5	-1668
0	6	-4748
0	7	1324
0	8	-3340
0	9	1668
0	10	-260
0	11	3700
0	12	2020
0	13	700
0	14	-612
0	15	1844
0	16	-3524
0	17	84
0	18	-3076
0	19	1676
0	20	612
0	21	-524
1	2	1676
1	3	2988
1	4	1500
1	5	-788
1	6	4
1	7	268
1	8	-2460
1	9	788
1	10	-1316
1	11	2644
1	12	1140
1	13	1756
1	14	-3604
1	15	964
1	16	-2468
1	17	1140
1	18	-260
1	19	-1316
1	20	1668
1	21	-1580
2	3	4484
2	4	-1932
2	5	-4220
2	6	-1492
2	7	-3164
2	8	-84
2	9	348
2	10	-2812
2	11	-788
2	12	-5108
2	13	-620
2	14	-3164
2	15	524
2	16	2900
2	17	-3172
2	18	2116
2	19	2996
2	20	-708
2	21	-1140
3	4	-1148
3	5	-2732
3	6	348
3	7	-1852
3	8	-1060
3	9	-1140
3	10	-2204
3	11	-356
3	12	-3428
3	13	-2108
3	14	84
3	15	2556
3	16	-1756
3	17	-3428
3	18	4484
3	19	-268
3	20	-84
3	21	-1940
4	5	3348
4	6	268
4	7	-1404
4	8	-260
4	9	2460
4	10	884
4	11	-2900
4	12	2812
4	13	-444
4	14	532
4	15	-3172
4	16	3076
4	17	2812
4	18	1940
4	19	-6860
4	20	-532
4	21	4492
5	6	1852
5	7	4052
5	8	1324
5	9	-1060
5	10	-1404
5	11	-1316
5	12	5100
5	13	1844
5	14	180
5	15	-2820
5	16	1492
5	17	1228
5	18	-2284
5	19	-1404
5	20	3692
5	21	268
6	7	972
6	8	180
6	9	-1852
6	10	-612
6	11	-524
6	12	436
6	13	1052
6	14	-2900
6	15	2196
6	16	-1236
6	17	2372
6	18	444
6	19	1324
6	20	-972
6	21	-2812
7	8	-1492
7	9	-4052
7	10	-2284
7	11	-260
7	12	2108
7	13	4660
7	14	-700
7	15	-1940
7	16	-1500
7	17	2108
7	18	-5100
7	19	-348
7	20	700
7	21	-612
8	9	-1324
8	10	-3076
8	11	-2988
8	12	-2908
8	13	-356
8	14	-3428
8	15	-1148
8	16	1228
8	17	964
8	18	1852
8	19	796
8	20	1492
8	21	532
9	10	3340
9	11	3252
9	12	2644
9	13	-1844
9	14	3692
9	15	2820
9	16	444
9	17	708
9	18	2284
9	19	1404
9	20	-1756
9	21	-268
10	11	3964
10	12	1756
10	13	-3436
10	14	5460
10	15	1580
10	16	2020
10	17	1756
10	18	-2812
10	19	4
10	20	-1588
10	21	-2196
11	12	1668
11	13	-1588
11	14	1676
11	15	3428
11	16	-1940
11	17	1668
11	18	-2724
11	19	2028
11	20	260
11	21	-5980
12	13	-260
12	14	2108
12	15	-1404
12	16	-1844
12	17	2292
12	18	-3172
12	19	-180
12	20	1764
12	21	2020
13	14	-3084
13	15	-2020
13	16	-2460
13	17	-260
13	18	-620
13	19	436
13	20	1148
13	21	700
14	15	1932
14	16	436
14	17	-1764
14	18	708
14	19	-348
14	20	-1236
14	21	-612
15	16	-3604
15	17	532
15	18	2460
15	19	3516
15	20	-1932
15	21	-3964
16	17	92
16	18	-972
16	19	84
16	20	-436
16	21	348
17	18	-3172
17	19	-2116
17	20	-4044
17	21	84
18	19	-876
18	20	1228
18	21	2732
19	20	348
19	21	-4132
20	21	612
