0	1	-640
0	2	2000
0	3	1872
0	4	-464
0	5	1432
0	6	-1208
0	7	2088
0	8	152
0	9	1784
0	10	-1520
0	11	-768
0	12	-1432
0	13	2088
0	14	-2224
0	15	-592
0	16	2752
0	17	592
0	18	-376
0	19	376
0	20	3632
0	21	680
1	2	-6976
1	3	-768
1	4	240
1	5	-1208
1	6	24
1	7	856
1	8	856
1	9	-856
1	10	1120
1	11	464
1	12	-728
1	13	856
1	14	416
1	15	640
1	16	-1824
1	17	-2576
1	18	-3544
1	19	1608
1	20	2928
1	21	1384
2	3	464
2	4	944
2	5	24
2	6	3192
2	7	1560
2	8	-2312
2	9	2312
2	10	-2048
2	11	-240
2	12	-24
2	13	-2312
2	14	-816
2	15	-2000
2	16	3280
2	17	64
2	18	2968
2	19	-2968
2	20	-1648
2	21	152
3	4	992
3	5	-3896
3	6	680
3	7	-1560
3	8	2312
3	9	-376
3	10	3984
3	11	240
3	12	1960
3	13	376
3	14	2752
3	15	-1872
3	16	2528
3	17	-2000
3	18	904
3	19	2968
3	20	-288
3	21	-2088
4	5	-3320
4	6	3720
4	7	1032
4	8	-2840
4	9	-2968
4	10	-640
4	11	-1648
4	12	-4424
4	13	-4776
4	14	-1344
4	15	-3408
4	16	-3936
4	17	-2400
4	18	-3368
4	19	1432
4	20	816
4	21	-376
5	6	-2752
5	7	-64
5	8	-64
5	9	-1872
5	10	-2264
5	11	680
5	12	-416
5	13	1872
5	14	-1560
5	15	2440
5	16	-904
5	17	1432
5	18	2400
5	19	-2400
5	20	-1784
5	21	1344
6	7	1168
6	8	-4640
6	9	-1168
6	10	-1032
6	11	-552
6	12	-1120
6	13	-2704
6	14	-328
6	15	-4600
6	16	-200
6	17	-1208
6	18	1696
6	19	-1696
6	20	856
6	21	2576
7	8	-288
7	9	2224
7	10	-24
7	11	1608
7	12	-3808
7	13	1648
7	14	-2664
7	15	-2088
7	16	1256
7	17	-3720
7	18	-816
7	19	816
7	20	2136
7	21	240
8	9	4160
8	10	3848
8	11	-328
8	12	64
8	13	-288
8	14	1208
8	15	1784
8	16	1256
8	17	152
8	18	1120
8	19	4688
8	20	-1736
8	21	-3632
9	10	24
9	11	-1608
9	12	1872
9	13	-1648
9	14	728
9	15	-1784
9	16	2616
9	17	-152
9	18	816
9	19	1120
9	20	-200
9	21	-2176
10	11	3280
10	12	-1608
10	13	-24
10	14	-464
10	15	-416
10	16	-944
10	17	-3456
10	18	1384
10	19	2488
10	20	-64
10	21	-1432
11	12	3192
11	13	5480
11	14	-1824
11	15	-1168
11	16	-640
11	17	-2704
11	18	200
11	19	1736
11	20	416
11	21	1080
12	13	3936
12	14	3496
12	15	-504
12	16	2840
12	17	504
12	18	-464
12	19	464
12	20	-2088
12	21	592
13	14	-2664
13	15	-152
13	16	1256
13	17	152
13	18	-816
13	19	816
13	20	2136
13	21	240
14	15	4160
14	16	3632
14	17	1648
14	18	680
14	19	-680
14	20	640
14	21	-200
15	16	1120
15	17	5216
15	18	2312
15	19	1560
15	20	240
15	21	1256
16	17	-1120
16	18	-152
16	19	-1784
16	20	-1168
16	21	2664
17	18	3496
17	19	376
17	20	1696
17	21	-1256
18	19	1344
18	20	-1208
18	21	-288
19	20	-728
19	21	288
20	21	-328
