0	1	-3788
0	2	1316
0	3	2028
0	4	2460
0	5	2644
0	6	4
0	7	-2468
0	8	1492
0	9	2724
0	10	-972
0	11	-532
0	12	-1580
0	13	1580
0	14	-1236
0	15	1404
0	16	1324
0	17	-2556
0	18	3700
0	19	-876
0	20	1060
0	21	268
1	2	1932
1	3	-524
1	4	-796
1	5	2028
1	6	1324
1	7	84
1	8	172
1	9	1404
1	10	-356
1	11	84
1	12	-260
1	13	-3612
1	14	-620
1	15	-1852
1	16	-1228
1	17	-4
1	18	-788
1	19	444
1	20	444
1	21	-348
2	3	2116
2	4	436
2	5	-1140
2	6	92
2	7	-4492
2	8	-532
2	9	700
2	10	876
2	11	3252
2	12	444
2	13	1492
2	14	-3260
2	15	-2556
2	16	1412
2	17	-2644
2	18	1852
2	19	-788
2	20	-788
2	21	2292
3	4	972
3	5	-268
3	6	-1500
3	7	-1844
3	8	-1932
3	9	708
3	10	2468
3	11	2028
3	12	-1852
3	13	-2020
3	14	796
3	15	92
3	16	1052
3	17	-1756
3	18	2548
3	19	-2556
3	20	-2556
3	21	172
4	5	-2284
4	6	884
4	7	-1412
4	8	612
4	9	-2028
4	10	-1852
4	11	524
4	12	3172
4	13	700
4	14	-2116
4	15	-1412
4	16	268
4	17	2372
4	18	4580
4	19	1940
4	20	-1932
4	21	-788
5	6	-180
5	7	708
5	8	620
5	9	5196
5	10	1148
5	11	-1228
5	12	-532
5	13	-1404
5	14	-524
5	15	2644
5	16	436
5	17	796
5	18	-4
5	19	-3172
5	20	2636
5	21	-444
6	7	1940
6	8	1852
6	9	2556
6	10	-5364
6	11	-1932
6	12	2108
6	13	-2108
6	14	2644
6	15	3876
6	16	1140
6	17	92
6	18	-3172
6	19	1404
6	20	-2468
6	21	-1676
7	8	-444
7	9	788
7	10	-972
7	11	-532
7	12	356
7	13	-2292
7	14	700
7	15	1404
7	16	1324
7	17	3252
7	18	-2108
7	19	1060
7	20	1060
7	21	268
8	9	-1060
8	10	-2820
8	11	-444
8	12	2204
8	13	-268
8	14	788
8	15	-444
8	16	3172
8	17	-532
8	18	-260
8	19	-964
8	20	972
8	21	-1756
9	10	-1588
9	11	-3084
9	12	-964
9	13	-972
9	14	84
9	15	788
9	16	4
9	17	700
9	18	-1492
9	19	-260
9	20	1676
9	21	884
10	11	964
10	12	-3076
10	13	3076
10	14	-3612
10	15	-972
10	16	-2108
10	17	-2996
10	18	2204
10	19	-436
10	20	1500
10	21	2644
11	12	2292
11	13	-2292
11	14	700
11	15	-2468
11	16	1324
11	17	-2556
11	18	3700
11	19	-2812
11	20	-876
11	21	268
12	13	-1756
12	14	2996
12	15	356
12	16	-1148
12	17	2380
12	18	348
12	19	1052
12	20	-884
12	21	-3964
13	14	-4932
13	15	-356
13	16	-788
13	17	-444
13	18	-348
13	19	884
13	20	4756
13	21	3964
14	15	4572
14	16	92
14	17	-1324
14	18	-1404
14	19	-172
14	20	-2108
14	21	-2900
15	16	1324
15	17	-620
15	18	-2108
15	19	1060
15	20	1060
15	21	-1668
16	17	1412
16	18	-620
16	19	-3788
16	20	84
16	21	876
17	18	-2020
17	19	1148
17	20	-788
17	21	356
18	19	1580
18	20	-2292
18	21	-1500
19	20	-1588
19	21	-796
20	21	3076
