0	1	-724
0	2	-116
0	3	228
0	4	-164
0	5	-4
0	6	116
0	7	-564
0	8	60
0	9	-444
0	10	500
0	11	-164
0	12	220
0	13	564
1	2	388
1	3	-276
1	4	116
1	5	-284
1	6	-388
1	7	724
1	8	340
1	9	620
1	10	-564
1	11	116
1	12	-60
1	13	-724
2	3	220
2	4	-172
2	5	-444
2	6	-452
2	7	116
2	8	388
2	9	108
2	10	-164
2	11	-172
2	12	116
2	13	-116
3	4	-500
3	5	-452
3	6	-220
3	7	-228
3	8	-276
3	9	4
3	10	52
3	11	-500
3	12	-228
3	13	228
4	5	724
4	6	172
4	7	164
4	8	116
4	9	-388
4	10	-340
4	11	676
4	12	164
4	13	-164
5	6	444
5	7	4
5	8	-284
5	9	-564
5	10	-276
5	11	724
5	12	4
5	13	-4
6	7	-116
6	8	-388
6	9	-108
6	10	164
6	11	172
6	12	-116
6	13	116
7	8	-60
7	9	444
7	10	-500
7	11	164
7	12	-220
7	13	-564
8	9	-164
8	10	220
8	11	116
8	12	724
8	13	60
9	10	-60
9	11	-388
9	12	-340
9	13	-444
10	11	-340
10	12	284
10	13	500
11	12	164
11	13	-164
12	13	220
