0	1	768
0	2	1728
0	3	-352
0	4	2848
0	5	192
0	6	992
0	7	-3488
0	8	512
0	9	672
0	10	1472
0	11	-1008
0	12	-1488
0	13	-288
0	14	-1152
0	15	1472
0	16	-1968
0	17	4672
0	18	2928
0	19	2208
1	2	-1728
1	3	-1248
1	4	-1248
1	5	4608
1	6	-992
1	7	288
1	8	2688
1	9	-672
1	10	3328
1	11	-592
1	12	-3312
1	13	-1312
1	14	-448
1	15	-1472
1	16	-2832
1	17	-1472
1	18	-1328
1	19	-608
2	3	-608
2	4	992
2	5	-832
2	6	-1632
2	7	-1952
2	8	448
2	9	288
2	10	-2112
2	11	1968
2	12	2448
2	13	1248
2	14	-1408
2	15	4288
2	16	-272
2	17	1088
2	18	912
2	19	1632
3	4	1472
3	5	288
3	6	1088
3	7	768
3	8	-1632
3	9	1408
3	10	608
3	11	-112
3	12	-1232
3	13	2368
3	14	672
3	15	-992
3	16	2448
3	17	2208
3	18	-1808
3	19	512
4	5	-1312
4	6	-512
4	7	-832
4	8	-1632
4	9	-192
4	10	2208
4	11	-112
4	12	368
4	13	768
4	14	672
4	15	608
4	16	2448
4	17	2208
4	18	-208
4	19	-1088
5	6	-2848
5	7	672
5	8	1472
5	9	32
5	10	832
5	11	-1648
5	12	-2128
5	13	672
5	14	-512
5	15	-768
5	16	-2608
5	17	-768
5	18	-2832
5	19	1248
6	7	-1728
6	8	-928
6	9	832
6	10	32
6	11	752
6	12	272
6	13	-1728
6	14	1888
6	15	-3168
6	16	1392
6	17	1632
6	18	1168
6	19	448
7	8	-608
7	9	1152
7	10	352
7	11	1072
7	12	-1008
7	13	1792
7	14	1568
7	15	-1248
7	16	-1488
7	17	-1248
7	18	848
7	19	128
8	9	-2848
8	10	1152
8	11	-2928
8	12	-1808
8	13	992
8	14	-2432
8	15	-448
8	16	-688
8	17	-2048
8	18	1648
8	19	-672
9	10	-1888
9	11	432
9	12	-48
9	13	1152
9	14	2208
9	15	-288
9	16	-2128
9	17	2912
9	18	1488
9	19	2368
10	11	-368
10	12	-4048
10	13	-1248
10	14	1408
10	15	-1088
10	16	272
10	17	-1088
10	18	688
10	19	-3232
11	12	1472
11	13	-2128
11	14	688
11	15	1232
11	16	-608
11	17	-368
11	18	-32
11	19	848
12	13	-1008
12	14	1168
12	15	2352
12	16	2112
12	17	-848
12	18	-1152
12	19	1328
13	14	-32
13	15	-1248
13	16	112
13	17	1952
13	18	848
13	19	1728
14	15	-1792
14	16	1648
14	17	-192
14	18	-1008
14	19	-288
15	16	-1328
15	17	512
15	18	688
15	19	1568
16	17	-1328
16	18	-2272
16	19	-2992
17	18	2288
17	19	4768
18	19	2032
