0	1	1948
0	2	1092
0	3	612
0	4	692
0	5	292
0	6	1012
0	7	908
0	8	532
0	9	4508
0	10	-852
0	11	-348
0	12	-452
0	13	52
0	14	2268
0	15	3148
0	16	-1812
0	17	-2028
0	18	2212
0	19	1308
1	2	1308
1	3	1788
1	4	-3092
1	5	2108
1	6	4588
1	7	1492
1	8	3468
1	9	1092
1	10	-1548
1	11	-452
1	12	4452
1	13	-852
1	14	132
1	15	-748
1	16	-588
1	17	-1972
1	18	188
1	19	-2108
2	3	1252
2	4	-1868
2	5	932
2	6	52
2	7	268
2	8	-428
2	9	2268
2	10	3308
2	11	292
2	12	-1092
2	13	692
2	14	4828
2	15	2508
2	16	-5652
2	17	212
2	18	-348
2	19	2268
3	4	852
3	5	2052
3	6	1172
3	7	2348
3	8	-908
3	9	1148
3	10	2188
3	11	-1788
3	12	2588
3	13	-1388
3	14	508
3	15	-212
3	16	-1972
3	17	-1868
3	18	772
3	19	-452
4	5	-1068
4	6	-3548
4	7	668
4	8	-4028
4	9	1068
4	10	-1092
4	11	-108
4	12	-2292
4	13	-1308
4	14	428
4	15	-292
4	16	1148
4	17	-188
4	18	852
4	19	-532
5	6	4052
5	7	-532
5	8	372
5	9	-132
5	10	908
5	11	-3708
5	12	2908
5	13	-108
5	14	828
5	15	1708
5	16	-52
5	17	2612
5	18	-2748
5	19	1468
6	7	348
6	8	2692
6	9	748
6	10	188
6	11	-1388
6	12	3788
6	13	612
6	14	108
6	15	988
6	16	828
6	17	132
6	18	-428
6	19	-852
7	8	828
7	9	532
7	10	-508
7	11	108
7	12	-908
7	13	-1892
7	14	-428
7	15	292
7	16	-2748
7	17	-1412
7	18	748
7	19	-2668
8	9	-1972
8	10	-932
8	11	-1868
8	12	2668
8	13	-1468
8	14	-1012
8	15	-1732
8	16	-292
8	17	-1948
8	18	692
8	19	-372
9	10	692
9	11	2108
9	12	-1308
9	13	1708
9	14	3972
9	15	3092
9	16	-1548
9	17	-1012
9	18	2748
9	19	132
10	11	-52
10	12	-748
10	13	2748
10	14	1332
10	15	2052
10	16	-2588
10	17	28
10	18	588
10	19	2292
11	12	-2852
11	13	852
11	14	-132
11	15	748
11	16	588
11	17	372
11	18	1412
11	19	508
12	13	-52
12	14	-2268
12	15	-1548
12	16	1812
12	17	-1172
12	18	988
12	19	-1308
13	14	1068
13	15	1948
13	16	1788
13	17	-828
13	18	1812
13	19	108
14	15	2132
14	16	-2508
14	17	-52
14	18	508
14	19	772
15	16	-1788
15	17	2428
15	18	1388
15	19	3092
16	17	668
16	18	1228
16	19	-1548
17	18	-3468
17	19	2188
18	19	-452
