0	1	-1000
0	2	-1480
0	3	-1320
0	4	-1560
0	5	-200
0	6	1960
0	7	280
0	8	2840
0	9	1960
0	10	-2600
0	11	2200
0	12	520
0	13	1560
0	14	40
0	15	680
0	16	-760
0	17	-520
0	18	200
0	19	2600
1	2	120
1	3	-520
1	4	2920
1	5	-2760
1	6	1480
1	7	-520
1	8	-1000
1	9	-1720
1	10	-840
1	11	-1960
1	12	-280
1	13	1400
1	14	1320
1	15	-920
1	16	-1080
1	17	-840
1	18	-2040
1	19	1960
2	3	-2600
2	4	-760
2	5	-680
2	6	-4440
2	7	-2600
2	8	-2120
2	9	-1240
2	10	280
2	11	120
2	12	-3000
2	13	920
2	14	-760
2	15	200
2	16	40
2	17	-360
2	18	-920
2	19	3080
3	4	1160
3	5	280
3	6	2440
3	7	-200
3	8	1720
3	9	840
3	10	1720
3	11	-520
3	12	1000
3	13	-520
3	14	1160
3	15	-1400
3	16	-2840
3	17	-40
3	18	1320
3	19	-2680
4	5	-1080
4	6	-520
4	7	-2040
4	8	-1240
4	9	-2120
4	10	-120
4	11	1320
4	12	1240
4	13	-760
4	14	-680
4	15	-1640
4	16	-1480
4	17	-1400
4	18	-2120
4	19	280
5	6	-920
5	7	1880
5	8	1400
5	9	-920
5	10	-40
5	11	3640
5	12	-2680
5	13	-1000
5	14	520
5	15	3080
5	16	1320
5	17	-40
5	18	1960
5	19	-2040
6	7	840
6	8	840
6	9	120
6	10	520
6	11	-1720
6	12	1560
6	13	1160
6	14	1080
6	15	-2760
6	16	-1320
6	17	-2200
6	18	920
6	19	-1480
7	8	120
7	9	-760
7	10	120
7	11	-520
7	12	2600
7	13	-2120
7	14	1160
7	15	1800
7	16	-1240
7	17	1560
7	18	1320
7	19	-2680
8	9	840
8	10	-200
8	11	2200
8	12	-920
8	13	440
8	14	1960
8	15	2920
8	16	1160
8	17	120
8	18	200
8	19	-2200
9	10	520
9	11	-1720
9	12	-40
9	13	1160
9	14	-520
9	15	440
9	16	280
9	17	1000
9	18	920
9	19	120
10	11	-840
10	12	-920
10	13	-1800
10	14	-120
10	15	-1080
10	16	-920
10	17	-1960
10	18	-3160
10	19	-2360
11	12	-1880
11	13	-200
11	14	-280
11	15	2280
11	16	-1080
11	17	-2440
11	18	-440
11	19	360
12	13	-280
12	14	1240
12	15	-2600
12	16	-1160
12	17	2440
12	18	1080
12	19	-1320
13	14	840
13	15	-120
13	16	40
13	17	280
13	18	1000
13	19	200
14	15	-40
14	16	120
14	17	1800
14	18	-520
14	19	-1320
15	16	760
15	17	1160
15	18	120
15	19	-2280
16	17	2600
16	18	280
16	19	-520
17	18	1640
17	19	-760
18	19	-1160
