0	1	-2.1157550e-01
0	2	3.1861546e-01
0	3	-3.4025912e-01
0	4	-4.3601757e-01
0	5	-3.0899415e-01
0	6	-3.9064845e-01
0	7	2.0883318e-02
0	8	4.0929874e-01
0	9	5.3306927e-02
0	10	1.4118894e-01
0	11	-5.9451802e-01
0	12	1.2719490e-01
0	13	-1.2942832e-01
0	14	7.4963730e-02
0	15	-2.2867014e-01
0	16	-5.1224835e-01
0	17	1.6533606e-01
0	18	-9.1108039e-02
0	19	3.5944360e-01
0	20	-4.4148426e-02
0	21	3.3569256e-01
0	22	6.0686468e-02
0	23	1.2316356e-01
0	24	-1.6599763e-01
1	2	-8.3321785e-02
1	3	1.1143175e-01
1	4	1.0192901e-01
1	5	1.3322281e-02
1	6	1.5013569e-01
1	7	1.8197087e-01
1	8	6.7644972e-02
1	9	2.6054350e-01
1	10	-9.7464363e-02
1	11	-1.3979207e-01
1	12	-1.7962392e-01
1	13	2.6162968e-02
1	14	8.4753420e-02
1	15	-1.7373516e-01
1	16	2.6338444e-01
1	17	5.5421119e-02
1	18	-8.5344748e-02
1	19	-1.3378235e-01
1	20	3.2685011e-01
1	21	1.8105685e-01
1	22	4.0085403e-02
1	23	-1.6149477e-01
1	24	2.8524853e-01
2	3	-5.8502074e-02
2	4	-3.1579131e-01
2	5	-3.2001949e-01
2	6	-2.2131726e-01
2	7	-3.1285044e-02
2	8	-1.3669763e-01
2	9	6.2580767e-02
2	10	-3.3191864e-01
2	11	-2.3659978e-01
2	12	1.3912701e-01
2	13	-1.6510965e-01
2	14	3.8591538e-01
2	15	-2.7243495e-01
2	16	-4.4676188e-01
2	17	8.9168619e-03
2	18	-1.2357421e-01
2	19	-3.1103812e-02
2	20	-1.4597835e-01
2	21	-1.7215993e-01
2	22	-6.3281812e-02
2	23	-2.6384215e-01
2	24	-1.1901116e-01
3	4	4.9143603e-02
3	5	1.4381004e-01
3	6	2.4293075e-01
3	7	-3.3599180e-02
3	8	-9.2332469e-02
3	9	-6.2255869e-02
3	10	-3.1325153e-01
3	11	3.9029952e-02
3	12	5.7825392e-02
3	13	1.3186022e-01
3	14	-1.2850708e-02
3	15	1.4564944e-01
3	16	1.2295018e-01
3	17	6.2856846e-02
3	18	1.5913590e-01
3	19	-2.2913493e-01
3	20	2.1692531e-01
3	21	8.4524756e-02
3	22	-1.0815096e-03
3	23	1.2406766e-02
3	24	2.2433133e-01
4	5	3.9069429e-02
4	6	2.9943723e-02
4	7	-1.2539498e-01
4	8	-5.8699149e-02
4	9	2.5270236e-01
4	10	2.1457985e-01
4	11	1.4736252e-01
4	12	1.8357151e-01
4	13	1.9381456e-01
4	14	-4.8037518e-01
4	15	2.6205063e-01
4	16	2.7063926e-01
4	17	2.8816189e-02
4	18	6.4994321e-01
4	19	3.8434749e-01
4	20	2.2443707e-02
4	21	-3.0776288e-01
4	22	-8.2011904e-03
4	23	-1.5336316e-01
4	24	1.0683075e-01
5	6	2.2605029e-01
5	7	1.3932062e-01
5	8	8.9870607e-02
5	9	-5.7852041e-02
5	10	-8.9477147e-02
5	11	1.3717729e-01
5	12	-3.6116935e-02
5	13	9.4027377e-02
5	14	6.9615488e-02
5	15	-8.7438654e-02
5	16	3.9243661e-01
5	17	-1.2574320e-01
5	18	-7.7012260e-02
5	19	-1.5006308e-01
5	20	2.5906156e-02
5	21	1.1210140e-01
5	22	1.8688512e-02
5	23	2.5716026e-01
5	24	2.9902418e-02
6	7	1.6630912e-01
6	8	-2.5193328e-01
6	9	9.9371353e-02
6	10	-1.6401413e-01
6	11	1.7334944e-01
6	12	-2.4213585e-01
6	13	1.6898601e-01
6	14	7.1697155e-02
6	15	-1.5783410e-01
6	16	2.4803174e-01
6	17	1.6941759e-01
6	18	2.9771665e-02
6	19	-1.1970510e-01
6	20	5.7414714e-02
6	21	1.5976548e-01
6	22	-9.0658089e-02
6	23	1.6995654e-02
6	24	1.4633601e-01
7	8	6.5549993e-02
7	9	8.7034680e-02
7	10	-2.1412078e-01
7	11	-7.7806640e-02
7	12	-1.3196783e-01
7	13	7.9175903e-02
7	14	3.8026078e-01
7	15	-3.6300015e-01
7	16	2.4599376e-01
7	17	1.8505854e-01
7	18	-4.4525308e-02
7	19	1.6630919e-01
7	20	4.4083204e-04
7	21	9.0510129e-02
7	22	7.4116754e-02
7	23	5.4280835e-02
7	24	6.0668111e-02
8	9	1.0951288e-01
8	10	-6.9957306e-02
8	11	-3.7668404e-01
8	12	6.4667802e-02
8	13	1.2509713e-01
8	14	-8.1566288e-02
8	15	5.5863450e-02
8	16	-4.5457938e-02
8	17	1.0558964e-01
8	18	-6.1174780e-02
8	19	2.6393929e-01
8	20	8.5112436e-02
8	21	4.4283435e-01
8	22	2.1570294e-01
8	23	2.4520483e-01
8	24	7.6290847e-02
9	10	-1.0543176e-01
9	11	-1.8970991e-01
9	12	4.0284855e-02
9	13	1.8704685e-01
9	14	-4.7542972e-02
9	15	-3.4645610e-01
9	16	1.5982258e-01
9	17	3.6237983e-01
9	18	1.5016881e-01
9	19	3.9769334e-01
9	20	-3.6159510e-02
9	21	8.9092439e-02
9	22	-5.1343341e-02
9	23	-1.6145860e-01
9	24	2.7239809e-01
10	11	2.0546839e-02
10	12	6.1795156e-02
10	13	-2.2170015e-01
10	14	-4.1018925e-01
10	15	1.2468856e-01
10	16	1.6105316e-01
10	17	-1.8837754e-01
10	18	5.1909238e-02
10	19	3.8095609e-02
10	20	-1.0744194e-01
10	21	-8.9404812e-02
10	22	-1.0004680e-01
10	23	-6.5059265e-03
10	24	-1.9445091e-01
11	12	-3.8707484e-01
11	13	-1.5359179e-01
11	14	-5.9730571e-02
11	15	3.3108876e-01
11	16	-4.6547159e-02
11	17	-1.3618575e-01
11	18	6.4447517e-02
11	19	-1.9070580e-01
11	20	-4.4755101e-02
11	21	-6.0913329e-01
11	22	-3.7794334e-02
11	23	1.7133930e-02
11	24	1.2021448e-01
12	13	1.1763479e-01
12	14	-1.0515635e-01
12	15	-3.5638876e-02
12	16	4.5014020e-02
12	17	-2.7099121e-02
12	18	2.1095179e-01
12	19	4.1231180e-02
12	20	-1.6419761e-01
12	21	-9.3492413e-02
12	22	-1.4883849e-01
12	23	7.7896413e-02
12	24	-2.7729137e-01
13	14	-1.5843399e-03
13	15	7.0450369e-02
13	16	3.3301071e-01
13	17	4.8914944e-01
13	18	-3.7084790e-02
13	19	6.8740376e-02
13	20	8.9183234e-02
13	21	1.9949832e-01
13	22	7.6140885e-02
13	23	4.8653634e-02
13	24	-2.1613116e-01
14	15	-4.6238629e-01
14	16	-2.2354693e-02
14	17	8.8309201e-02
14	18	-4.5232090e-01
14	19	-2.9601967e-01
14	20	-9.9048285e-02
14	21	8.9617420e-02
14	22	-6.7052006e-03
14	23	-8.4852440e-02
14	24	-1.5016406e-01
15	16	-1.0340199e-01
15	17	-2.2555459e-02
15	18	1.7940759e-01
15	19	-2.0876250e-02
15	20	1.7194014e-01
15	21	-3.7568823e-02
15	22	3.6879665e-01
15	23	-1.4587658e-03
15	24	7.9410230e-02
16	17	9.2752060e-02
16	18	-1.1800349e-01
16	19	-1.4066432e-01
16	20	7.4316449e-02
16	21	2.8087276e-02
16	22	-8.9037484e-02
16	23	1.0727810e-02
16	24	-3.2120290e-02
17	18	3.9381460e-02
17	19	2.7535660e-01
17	20	1.8155190e-02
17	21	2.2719111e-01
17	22	8.4109299e-02
17	23	-1.2266368e-01
17	24	2.4702160e-02
18	19	5.1414019e-01
18	20	-8.9254191e-02
18	21	-2.0199033e-01
18	22	-4.7754234e-02
18	23	2.4536130e-02
18	24	2.8556846e-01
19	20	-1.8331669e-01
19	21	-1.0396083e-01
19	22	9.6255352e-03
19	23	2.0182607e-02
19	24	2.1946282e-01
20	21	2.3131449e-02
20	22	1.7176177e-01
20	23	-3.7136170e-02
20	24	1.8972686e-01
21	22	2.2418315e-01
21	23	2.8920643e-01
21	24	1.0074140e-01
22	23	5.5877260e-03
22	24	6.6831032e-02
23	24	-1.6791277e-02
