0	1	-8.7510826e-02
0	2	-2.5135166e-01
0	3	-4.0484570e-02
0	4	1.4822915e-01
0	5	5.4396199e-02
0	6	1.7221284e-01
0	7	-5.3644078e-02
0	8	5.6341404e-03
0	9	2.8352042e-02
0	10	2.2064157e-01
0	11	1.7172152e-01
0	12	-1.0164841e-01
0	13	1.2015076e-01
0	14	2.3215973e-01
0	15	4.4372121e-02
0	16	9.3100766e-02
0	17	-4.4340167e-02
0	18	-4.9039462e-02
0	19	1.1732834e-01
0	20	-7.5749256e-03
0	21	9.6687419e-02
0	22	3.2584095e-03
0	23	1.1695346e-01
0	24	-4.3148478e-02
1	2	-1.9835198e-01
1	3	-5.8911053e-02
1	4	-9.6912458e-02
1	5	2.5531610e-02
1	6	-1.0242787e-01
1	7	3.1365057e-01
1	8	8.7576859e-02
1	9	-4.6920512e-02
1	10	1.2262601e-01
1	11	-8.1189177e-02
1	12	2.3833839e-02
1	13	-2.3513512e-01
1	14	-1.9959312e-01
1	15	2.8602758e-02
1	16	-1.0290616e-01
1	17	1.6542438e-01
1	18	-8.8608327e-02
1	19	1.0504864e-01
1	20	2.4545844e-01
1	21	-1.6578092e-01
1	22	-1.1922983e-01
1	23	2.3417535e-01
1	24	1.3808068e-01
2	3	-2.1659224e-02
2	4	-1.4298360e-01
2	5	-1.2743246e-01
2	6	3.0085598e-02
2	7	-5.5674015e-02
2	8	9.2703043e-02
2	9	-6.4191206e-02
2	10	-2.7257774e-01
2	11	-1.7605406e-01
2	12	9.6046093e-02
2	13	1.8662369e-01
2	14	4.3187757e-02
2	15	4.6593148e-03
2	16	-1.8084381e-02
2	17	4.5430461e-02
2	18	2.5069388e-01
2	19	-2.4996949e-01
2	20	5.0460588e-01
2	21	-2.7866556e-01
2	22	8.7568926e-02
2	23	-2.0404379e-01
2	24	2.6544167e-02
3	4	1.0477145e-01
3	5	-2.2615178e-01
3	6	-1.1009112e-01
3	7	-7.2900128e-02
3	8	-3.8507947e-02
3	9	1.6305014e-01
3	10	-2.1332178e-01
3	11	2.0777322e-01
3	12	-8.9530724e-03
3	13	6.8804189e-02
3	14	-1.4040002e-01
3	15	-1.3381279e-01
3	16	7.8272197e-02
3	17	-2.2917224e-02
3	18	-2.2503660e-02
3	19	1.2817484e-01
3	20	1.3864442e-01
3	21	-1.3264484e-01
3	22	-1.6369057e-01
3	23	-2.0121613e-01
3	24	-2.6346238e-01
4	5	-2.3021856e-02
4	6	2.1081532e-01
4	7	2.0159416e-02
4	8	-9.0440194e-02
4	9	-2.4756909e-01
4	10	-1.5622691e-01
4	11	3.5788142e-02
4	12	5.2005873e-02
4	13	2.1795980e-01
4	14	2.6151407e-01
4	15	-1.2513200e-01
4	16	-5.8869002e-02
4	17	-2.1278977e-01
4	18	-1.4596819e-01
4	19	-6.2721214e-02
4	20	3.8389228e-01
4	21	-9.5815247e-02
4	22	5.2389645e-02
4	23	-2.2728604e-01
4	24	-8.3967496e-02
5	6	-1.1840278e-01
5	7	-4.3491841e-01
5	8	2.9615547e-01
5	9	-3.6507724e-01
5	10	2.7038714e-01
5	11	1.6374207e-01
5	12	1.8666381e-01
5	13	1.2021992e-01
5	14	-3.0331501e-01
5	15	-2.5798700e-01
5	16	-2.1302281e-01
5	17	-3.2400633e-01
5	18	3.3063511e-02
5	19	2.3668687e-01
5	20	-1.0667413e-01
5	21	2.1460925e-01
5	22	3.4641382e-01
5	23	1.1373430e-01
5	24	2.0558155e-01
6	7	1.7136226e-01
6	8	-2.0384160e-01
6	9	5.3379296e-02
6	10	-5.4544945e-02
6	11	-1.7210058e-01
6	12	-3.7030791e-01
6	13	2.6568846e-01
6	14	4.8158384e-01
6	15	7.8755975e-02
6	16	8.2104397e-02
6	17	2.4043124e-01
6	18	4.4031622e-02
6	19	-1.4651446e-01
6	20	-4.6633953e-03
6	21	-3.3315385e-02
6	22	-6.9661681e-02
6	23	9.9365314e-02
6	24	2.0865612e-01
7	8	-3.1339092e-01
7	9	1.2343904e-01
7	10	-1.5077953e-01
7	11	-3.0150175e-01
7	12	2.2768300e-02
7	13	-3.8456801e-01
7	14	2.4143150e-01
7	15	2.3793295e-01
7	16	1.4575038e-01
7	17	1.3241397e-01
7	18	2.3938073e-02
7	19	-1.7294734e-02
7	20	4.5928520e-02
7	21	-6.5575742e-02
7	22	-2.9433210e-01
7	23	7.5591466e-02
7	24	-3.7398403e-02
8	9	-2.7870256e-01
8	10	2.7268621e-01
8	11	2.6814310e-01
8	12	3.8449595e-02
8	13	1.4599820e-01
8	14	-1.3520411e-01
8	15	4.8729191e-02
8	16	-2.1455779e-01
8	17	-2.6253911e-01
8	18	-2.2765365e-01
8	19	3.2646433e-02
8	20	1.1214229e-01
8	21	-1.5092811e-02
8	22	2.2396085e-01
8	23	-1.4322259e-01
8	24	3.4936886e-01
9	10	-2.7937694e-01
9	11	-2.6562626e-02
9	12	-2.5607242e-01
9	13	-1.5106848e-01
9	14	1.3965772e-02
9	15	-1.0309581e-01
9	16	2.6491747e-01
9	17	5.5598229e-02
9	18	2.7608425e-01
9	19	-4.6485204e-02
9	20	-1.0790507e-02
9	21	-3.5865071e-02
9	22	-4.3305435e-01
9	23	3.0508417e-01
9	24	-1.5047132e-01
10	11	2.8088209e-01
10	12	1.6540887e-01
10	13	2.0292015e-02
10	14	-1.6508349e-02
10	15	2.9978525e-01
10	16	-1.2925092e-01
10	17	7.5747055e-02
10	18	-2.3302846e-01
10	19	8.8904930e-02
10	20	-6.1292621e-03
10	21	1.8930412e-01
10	22	2.7766434e-01
10	23	2.0086552e-01
10	24	5.0466304e-02
11	12	8.7523185e-02
11	13	2.4695071e-01
11	14	-2.1807822e-01
11	15	5.2090597e-02
11	16	-7.8262531e-02
11	17	-4.3626437e-01
11	18	-9.3077488e-02
11	19	2.5300236e-01
11	20	9.1527190e-02
11	21	5.5703904e-02
11	22	2.8739318e-01
11	23	-1.2701726e-01
11	24	-2.1585841e-01
12	13	-2.8629495e-01
12	14	-3.1811400e-01
12	15	2.2028316e-02
12	16	-1.0819570e-01
12	17	-4.0219732e-01
12	18	-1.5683408e-01
12	19	-8.0714375e-02
12	20	1.7456461e-01
12	21	-5.5831080e-02
12	22	1.4074825e-01
12	23	-3.8852633e-02
12	24	-6.1763648e-04
13	14	3.1152809e-02
13	15	-2.2107702e-02
13	16	-1.3622158e-01
13	17	5.9963186e-02
13	18	-1.0913591e-02
13	19	8.5927854e-03
13	20	1.3336703e-01
13	21	-1.1400200e-01
13	22	3.8324486e-01
13	23	-1.1238503e-01
13	24	1.0792025e-01
14	15	1.1283221e-01
14	16	1.7638706e-01
14	17	1.1303351e-01
14	18	-4.9056267e-03
14	19	-2.3424285e-01
14	20	6.8425115e-02
14	21	7.6507986e-02
14	22	-2.3826496e-01
14	23	-3.1402447e-02
14	24	2.3613619e-02
15	16	-1.8862634e-01
15	17	2.9347101e-01
15	18	-1.4270724e-01
15	19	-1.8749546e-01
15	20	-1.0027812e-01
15	21	1.5017226e-01
15	22	1.6002068e-01
15	23	5.3966551e-02
15	24	-2.9131255e-03
16	17	3.2038509e-03
16	18	-1.7977776e-02
16	19	4.0499235e-01
16	20	-1.2981435e-01
16	21	-1.2996895e-01
16	22	-3.4510106e-01
16	23	7.2127699e-02
16	24	-2.2328282e-01
17	18	2.2693072e-02
17	19	-1.0002436e-01
17	20	-1.0007811e-01
17	21	-1.1742791e-01
17	22	-1.9412432e-01
17	23	2.0788366e-01
17	24	-2.6459610e-02
18	19	-3.3944766e-02
18	20	-2.9029784e-03
18	21	1.8838311e-02
18	22	-1.0516112e-01
18	23	8.7106234e-02
18	24	-1.4183620e-01
19	20	-1.5009628e-01
19	21	-1.0380433e-03
19	22	-4.4838420e-02
19	23	-2.1810574e-02
19	24	-3.2506576e-01
20	21	-2.2145204e-01
20	22	4.4891545e-02
20	23	1.1066063e-01
20	24	-3.7549188e-02
21	22	5.5922191e-02
21	23	7.5541073e-02
21	24	5.8260476e-02
22	23	-6.9412369e-02
22	24	2.4134952e-01
23	24	2.6385728e-01
