0	1	204
0	2	132
0	3	-36
0	4	396
0	5	-108
0	6	156
0	7	-708
0	8	132
0	9	396
0	10	-492
0	11	36
1	2	204
1	3	-300
1	4	420
1	5	-132
1	6	-492
1	7	-204
1	8	204
1	9	-156
1	10	-324
1	11	-276
2	3	-36
2	4	-180
2	5	-684
2	6	-420
2	7	-132
2	8	-444
2	9	-180
2	10	-492
2	11	36
3	4	-492
3	5	204
3	6	324
3	7	36
3	8	-36
3	9	84
3	10	12
3	11	60
4	5	60
4	6	-108
4	7	-396
4	8	396
4	9	228
4	10	-132
4	11	-84
5	6	396
5	7	108
5	8	468
5	9	60
5	10	420
5	11	-204
6	7	-156
6	8	156
6	9	468
6	10	204
6	11	252
7	8	-132
7	9	-396
7	10	492
7	11	-36
8	9	396
8	10	84
8	11	36
9	10	-132
9	11	492
10	11	-12
