0	1	-344
0	2	104
0	3	40
0	4	-280
0	5	424
0	6	56
0	7	680
0	8	-136
0	9	664
0	10	-232
0	11	88
1	2	232
1	3	200
1	4	40
1	5	-184
1	6	280
1	7	-344
1	8	472
1	9	-424
1	10	-8
1	11	152
2	3	40
2	4	-280
2	5	-152
2	6	56
2	7	104
2	8	440
2	9	88
2	10	-232
2	11	664
3	4	-152
3	5	8
3	6	88
3	7	40
3	8	280
3	9	-232
3	10	-200
3	11	-232
4	5	232
4	6	248
4	7	-280
4	8	56
4	9	-104
4	10	-40
4	11	-104
5	6	472
5	7	424
5	8	88
5	9	536
5	10	-392
5	11	-40
6	7	56
6	8	392
6	9	136
6	10	-280
6	11	136
7	8	-136
7	9	664
7	10	-232
7	11	88
8	9	-248
8	10	-472
8	11	328
9	10	-152
9	11	296
10	11	-152
