0	1	-828
0	2	828
0	3	-3652
0	4	6108
0	5	16348
0	6	-2108
0	7	8348
0	8	-8348
0	9	6212
0	10	-11172
0	11	17572
0	12	-13252
0	13	3012
0	14	-132
0	15	7012
0	16	-17732
0	17	16452
0	18	-3708
0	19	9788
0	20	2428
0	21	7172
0	22	-3332
0	23	-18212
0	24	-15548
0	25	4188
0	26	3172
0	27	10532
0	28	-1788
0	29	6212
0	30	-6532
0	31	-8028
0	32	-7388
0	33	13308
0	34	2108
0	35	772
0	36	-4028
0	37	10532
0	38	-188
0	39	-6428
1	2	7172
1	3	-1148
1	4	8292
1	5	-1948
1	6	-5892
1	7	-348
1	8	6748
1	9	4988
1	10	6372
1	11	28
1	12	21252
1	13	8188
1	14	-11068
1	15	-15012
1	16	-6268
1	17	-5252
1	18	8508
1	19	4612
1	20	-828
1	21	-2372
1	22	11332
1	23	612
1	24	-5252
1	25	-2588
1	26	8028
1	27	668
1	28	-6212
1	29	4988
1	30	-4668
1	31	-6372
1	32	-612
1	33	-5308
1	34	-508
1	35	4028
1	36	2428
1	37	668
1	38	-7812
1	39	-7972
2	3	1148
2	4	10908
2	5	8348
2	6	-508
2	7	-12452
2	8	-13148
2	9	7812
2	10	6428
2	11	-6428
2	12	4348
2	13	11012
2	14	-1732
2	15	-4188
2	16	6268
2	17	5252
2	18	-8508
2	19	-4612
2	20	-5572
2	21	2372
2	22	-17732
2	23	-7012
2	24	5252
2	25	-3812
2	26	-8028
2	27	18532
2	28	6212
2	29	7812
2	30	-1732
2	31	-12828
2	32	7012
2	33	-1092
2	34	508
2	35	2372
2	36	3972
2	37	5732
2	38	-4988
2	39	-11228
3	4	-6372
3	5	-2532
3	6	3972
3	7	-4132
3	8	10532
3	9	5892
3	10	-4452
3	11	-1948
3	12	6268
3	13	-3708
3	14	188
3	15	292
3	16	1788
3	17	3332
3	18	-4028
3	19	-15492
3	20	2748
3	21	452
3	22	3388
3	23	14108
3	24	-3068
3	25	4508
3	26	9252
3	27	-8988
3	28	4292
3	29	5892
3	30	-6212
3	31	4452
3	32	11492
3	33	-5572
3	34	2428
3	35	452
3	36	2052
3	37	-2588
3	38	-6908
3	39	-6748
4	5	828
4	6	612
4	7	12028
4	8	-5628
4	9	-3868
4	10	-1092
4	11	1092
4	12	-9572
4	13	-668
4	14	3548
4	15	-9468
4	16	-1252
4	17	-28
4	18	11812
4	19	7068
4	20	-292
4	21	-2908
4	22	-12452
4	23	-20932
4	24	-6428
4	25	-4932
4	26	-6908
4	27	19652
4	28	-18268
4	29	8932
4	30	-22052
4	31	-5308
4	32	-4668
4	33	4188
4	34	-13412
4	35	16292
4	36	5092
4	37	6852
4	38	-3868
4	39	-16508
5	6	9572
5	7	-9732
5	8	-9468
5	9	5092
5	10	-16452
5	11	3652
5	12	-5732
5	13	-4508
5	14	-5412
5	15	18692
5	16	-3812
5	17	2532
5	18	-11228
5	19	4508
5	20	-9252
5	21	-6748
5	22	-8612
5	23	-4292
5	24	2532
5	25	-1092
5	26	2052
5	27	15812
5	28	9892
5	29	5092
5	30	7388
5	31	3652
5	32	4292
5	33	8028
5	34	9628
5	35	12452
5	36	-5148
5	37	-3388
5	38	-20508
5	39	-1148
6	7	4772
6	8	1628
6	9	-6532
6	10	-1308
6	11	-11492
6	12	-5628
6	13	-3332
6	14	-5948
6	15	11868
6	16	11652
6	17	2428
6	18	-15812
6	19	3332
6	20	-2108
6	21	-7492
6	22	-9148
6	23	5732
6	24	2428
6	25	-3868
6	26	9308
6	27	1948
6	28	1468
6	29	-132
6	30	452
6	31	7708
6	32	7068
6	33	-188
6	34	-1788
6	35	-1092
6	36	-2692
6	37	-4452
6	38	-12932
6	39	-292
7	8	4932
7	9	292
7	10	1148
7	11	11652
7	12	-7332
7	13	9892
7	14	5788
7	15	-5308
7	16	988
7	17	-2268
7	18	3172
7	19	15708
7	20	8348
7	21	1252
7	22	2588
7	23	-12292
7	24	-15068
7	25	-9092
7	26	10052
7	27	-8188
7	28	-1308
7	29	292
7	30	-7012
7	31	-7548
7	32	-6908
7	33	28
7	34	-11172
7	35	-5148
7	36	15652
7	37	4612
7	38	13092
7	39	-5948
8	9	-292
8	10	-1148
8	11	1148
8	12	932
8	13	-9892
8	14	-5788
8	15	-1092
8	16	5412
8	17	-10532
8	18	3228
8	19	-9308
8	20	10852
8	21	-7652
8	22	10212
8	23	18692
8	24	-16932
8	25	-10108
8	26	-3652
8	27	-11012
8	28	-11492
8	29	12508
8	30	7012
8	31	-5252
8	32	-5892
8	33	-19228
8	34	4772
8	35	-1252
8	36	-2852
8	37	8188
8	38	-292
8	39	5948
9	10	612
9	11	-612
9	12	9092
9	13	1148
9	14	-4028
9	15	-2852
9	16	772
9	17	508
9	18	-17732
9	19	-7548
9	20	-6588
9	21	9788
9	22	5572
9	23	-5148
9	24	-12292
9	25	4452
9	26	988
9	27	28
9	28	12348
9	29	4348
9	30	2372
9	31	-7012
9	32	17948
9	33	8132
9	34	19332
9	35	-9412
9	36	14588
9	37	6428
9	38	4348
9	39	-8612
10	11	-828
10	12	5148
10	13	3812
10	14	-7332
10	15	-11388
10	16	7068
10	17	10852
10	18	-2908
10	19	2588
10	20	1628
10	21	1572
10	22	2268
10	23	188
10	24	-8348
10	25	3388
10	26	-2428
10	27	-1468
10	28	-988
10	29	-5788
10	30	-7332
10	31	5572
10	32	-188
10	33	-292
10	34	1308
10	35	-11228
10	36	15972
10	37	4932
10	38	13412
10	39	772
11	12	-11548
11	13	2588
11	14	7332
11	15	4988
11	16	-19868
11	17	1948
11	18	9308
11	19	3812
11	20	11172
11	21	4828
11	22	4132
11	23	-12988
11	24	-17252
11	25	3012
11	26	-3972
11	27	1468
11	28	988
11	29	-612
11	30	932
11	31	-11972
11	32	-12612
11	33	292
11	34	5092
11	35	11228
11	36	-9572
11	37	1468
11	38	-612
11	39	5628
12	13	5892
12	14	-3012
12	15	-9308
12	16	-1412
12	17	-6268
12	18	-828
12	19	-5892
12	20	-452
12	21	-2748
12	22	12988
12	23	10908
12	24	6532
12	25	1308
12	26	6052
12	27	-5788
12	28	7492
12	29	-3708
12	30	-3012
12	31	7652
12	32	14692
12	33	-2372
12	34	5628
12	35	-2748
12	36	5252
12	37	-5788
12	38	2692
12	39	-3548
13	14	-828
13	15	-6052
13	16	-2428
13	17	3708
13	18	-1732
13	19	8452
13	20	9412
13	21	188
13	22	8772
13	23	-8348
13	24	-2692
13	25	-5148
13	26	4188
13	27	-3172
13	28	9148
13	29	1148
13	30	5572
13	31	-10212
13	32	-4452
13	33	-7868
13	34	-3068
13	35	188
13	36	4988
13	37	3228
13	38	1148
13	39	-5412
14	15	3172
14	16	-7492
14	17	-188
14	18	5252
14	19	828
14	20	6268
14	21	3332
14	22	-12292
14	23	-7972
14	24	6212
14	25	1628
14	26	-7068
14	27	292
14	28	772
14	29	2372
14	30	-9092
14	31	932
14	32	1572
14	33	4348
14	34	-452
14	35	3332
14	36	-7868
14	37	6692
14	38	8772
14	39	-3868
15	16	1572
15	17	12508
15	18	-12132
15	19	-348
15	20	612
15	21	8988
15	22	-28
15	23	2052
15	24	-292
15	25	5252
15	26	188
15	27	-772
15	28	5148
15	29	3548
15	30	3172
15	31	4988
15	32	-2052
15	33	8932
15	34	7332
15	35	2588
15	36	-11812
15	37	-7172
15	38	-9252
15	39	-3012
16	17	-1788
16	18	-2748
16	19	-3972
16	20	-11332
16	21	1732
16	22	-4292
16	23	6428
16	24	11012
16	25	-3172
16	26	4132
16	27	5092
16	28	11972
16	29	-5628
16	30	5308
16	31	-7068
16	32	-6428
16	33	-6852
16	34	1148
16	35	-17468
16	36	16132
16	37	-1308
16	38	7172
16	39	932
17	18	-15172
17	19	2692
17	20	3652
17	21	12348
17	22	3012
17	23	-7708
17	24	-9732
17	25	14692
17	26	3548
17	27	2588
17	28	-4292
17	29	6908
17	30	-12988
17	31	8348
17	32	-5092
17	33	11972
17	34	-2428
17	35	-6852
17	36	4348
17	37	8988
17	38	508
17	39	-6052
18	19	8132
18	20	2692
18	21	-5892
18	22	2052
18	23	-2268
18	24	4028
18	25	-5468
18	26	-1892
18	27	3548
18	28	-3332
18	29	-11332
18	30	-7548
18	31	-3492
18	32	-16932
18	33	-1788
18	34	-3388
18	35	6908
18	36	-1092
18	37	-2852
18	38	14268
18	39	-5092
19	20	3388
19	21	-188
19	22	-2372
19	23	-4452
19	24	-3708
19	25	-14052
19	26	15012
19	27	3172
19	28	-2748
19	29	-7548
19	30	-5572
19	31	10212
19	32	-8348
19	33	14268
19	34	-9732
19	35	-188
19	36	7812
19	37	3172
19	38	5252
19	39	-7388
20	21	-5628
20	22	3068
20	23	988
20	24	-15548
20	25	-2212
20	26	-3228
20	27	-2268
20	28	-1788
20	29	6212
20	30	-132
20	31	4772
20	32	-988
20	33	-5892
20	34	2108
20	35	7172
20	36	-4028
20	37	10532
20	38	-188
20	39	6372
21	22	132
21	23	-10588
21	24	-452
21	25	11812
21	26	6428
21	27	-7332
21	28	-1412
21	29	-9412
21	30	-9468
21	31	-7972
21	32	-2212
21	33	9092
21	34	1092
21	35	-10372
21	36	828
21	37	-13732
21	38	9788
21	39	-9572
22	23	8028
22	24	-9788
22	25	4828
22	26	8932
22	27	-15708
22	28	-2428
22	29	-828
22	30	6908
22	31	4132
22	32	-8028
22	33	-5252
22	34	2748
22	35	132
22	36	1732
22	37	-2908
22	38	-828
22	39	5732
23	24	5092
23	25	-10052
23	26	4612
23	27	-13628
23	28	-348
23	29	1252
23	30	11228
23	31	12612
23	32	6852
23	33	-7332
23	34	668
23	35	-4188
23	36	-2588
23	37	-828
23	38	-5148
23	39	7812
24	25	1892
24	26	3548
24	27	2588
24	28	8508
24	29	-12292
24	30	6212
24	31	1948
24	32	1308
24	33	-828
24	34	-8828
24	35	-452
24	36	-8452
24	37	-16612
24	38	-5892
24	39	6748
25	26	7812
25	27	-4028
25	28	9252
25	29	4452
25	30	-4772
25	31	3012
25	32	-2748
25	33	-4132
25	34	3868
25	35	-7388
25	36	-5788
25	37	-10428
25	38	-1948
25	39	-1788
26	27	-9732
26	28	8988
26	29	-5412
26	30	-668
26	31	8828
26	32	-4612
26	33	-1308
26	34	-9308
26	35	-6372
26	36	4828
26	37	-16132
26	38	-5412
26	39	-5572
27	28	1628
27	29	28
27	30	-6108
27	31	-4932
27	32	-5572
27	33	6052
27	34	4452
27	35	11868
27	36	-2532
27	37	8508
27	38	-6372
27	39	-132
28	29	-6852
28	30	13572
28	31	-5412
28	32	6748
28	33	132
28	34	17732
28	35	-14212
28	36	9788
28	37	-4772
28	38	5948
28	39	-612
29	30	2372
29	31	-7012
29	32	-1252
29	33	-11068
29	34	-6268
29	35	3388
29	36	-4612
29	37	19228
29	38	-14852
29	39	-8612
30	31	-11868
30	32	-4828
30	33	-14852
30	34	5948
30	35	-3068
30	36	-7868
30	37	292
30	38	-10428
30	39	21732
31	32	12988
31	33	13092
31	34	-1308
31	35	4828
31	36	3228
31	37	-4932
31	38	-612
31	39	-772
32	33	13732
32	34	12132
32	35	-2212
32	36	8988
32	37	828
32	38	-1252
32	39	-7812
33	34	6588
33	35	-3708
33	36	10692
33	37	6052
33	38	8132
33	39	-10908
34	35	-5308
34	36	2692
34	37	4452
34	38	6532
34	39	292
35	36	-18372
35	37	-7332
35	38	-22212
35	39	3228
36	37	10268
36	38	20988
36	39	-11172
37	38	6428
37	39	-132
38	39	-8612
