0	1	-12980
0	2	-3060
0	3	6580
0	4	4140
0	5	6700
0	6	-21900
0	7	-6220
0	8	12300
0	9	-5260
0	10	2540
0	11	-5300
0	12	-1100
0	13	2060
0	14	16500
0	15	-2740
0	16	9420
0	17	-8300
0	18	660
0	19	-4500
0	20	-7980
0	21	980
0	22	19860
0	23	-13300
0	24	180
0	25	-6380
0	26	2380
0	27	2220
0	28	12340
0	29	-3860
0	30	1420
0	31	180
0	32	-4340
0	33	-2100
0	34	9940
0	35	-2700
0	36	16660
0	37	11180
0	38	-12340
0	39	-3860
1	2	-9300
1	3	20
1	4	-2100
1	5	-5940
1	6	22740
1	7	20
1	8	-6740
1	9	-11820
1	10	2700
1	11	7660
1	12	5140
1	13	-10580
1	14	-9260
1	15	-2580
1	16	-9620
1	17	4340
1	18	-5900
1	19	2060
1	20	4660
1	21	820
1	22	6900
1	23	-340
1	24	-6380
1	25	-140
1	26	-10260
1	27	2380
1	28	-620
1	29	-3700
1	30	-4820
1	31	-6380
1	32	2220
1	33	-8340
1	34	-9420
1	35	-9260
1	36	-21900
1	37	4940
1	38	7020
1	39	-16500
2	3	9300
2	4	-11380
2	5	10380
2	6	20
2	7	-3500
2	8	-3220
2	9	3860
2	10	-12980
2	11	11180
2	12	1620
2	13	12140
2	14	6420
2	15	-5460
2	16	6700
2	17	-11980
2	18	9780
2	19	5580
2	20	7540
2	21	3700
2	22	-3020
2	23	9580
2	24	-9900
2	25	9140
2	26	6060
2	27	-26100
2	28	-4140
2	29	-6580
2	30	-1300
2	31	-3500
2	32	-7060
2	33	1580
2	34	-140
2	35	-6380
2	36	180
2	37	-4340
2	38	-2260
2	39	-180
3	4	-10700
3	5	12340
3	6	-3540
3	7	-20
3	8	13140
3	9	5420
3	10	3700
3	11	11540
3	12	1260
3	13	-2220
3	14	2860
3	15	2580
3	16	3220
3	17	-10740
3	18	12300
3	19	-8460
3	20	-4660
3	21	-820
3	22	12300
3	23	-6060
3	24	-19220
3	25	6540
3	26	3860
3	27	4020
3	28	620
3	29	-2700
3	30	4820
3	31	-20
3	32	-8620
3	33	-4460
3	34	-9780
3	35	-9940
3	36	2700
3	37	1460
3	38	-13420
3	39	3700
4	5	4780
4	6	-13580
4	7	2100
4	8	3980
4	9	3060
4	10	620
4	11	-820
4	12	820
4	13	-12660
4	14	-780
4	15	-4660
4	16	7500
4	17	-6380
4	18	-10220
4	19	-6420
4	20	-6060
4	21	9300
4	22	2580
4	23	3980
4	24	14900
4	25	-23660
4	26	-5940
4	27	300
4	28	7860
4	29	-12180
4	30	-500
4	31	8500
4	32	140
4	33	-10420
4	34	11860
4	35	-780
4	36	12180
4	37	9260
4	38	-1460
4	39	-5780
5	6	3060
5	7	5940
5	8	6540
5	9	13300
5	10	-16020
5	11	14540
5	12	4660
5	13	2700
5	14	3060
5	15	4300
5	16	3660
5	17	-21740
5	18	6420
5	19	-10260
5	20	-8620
5	21	-6060
5	22	6420
5	23	140
5	24	-6860
5	25	-7020
5	26	9420
5	27	-3540
5	28	-1100
5	29	3180
5	30	-10740
5	31	18740
5	32	-3700
5	33	-7860
5	34	-3500
5	35	9460
5	36	3220
5	37	-7380
5	38	-11700
5	39	3180
6	7	-3540
6	8	-8940
6	9	-4500
6	10	-5580
6	11	15060
6	12	4140
6	13	1300
6	14	-13460
6	15	6100
6	16	-6060
6	17	4940
6	18	8780
6	19	1460
6	20	4620
6	21	-4340
6	22	-10420
6	23	3860
6	24	-9940
6	25	9420
6	26	980
6	27	-5260
6	28	-15700
6	29	7220
6	30	-17260
6	31	-3540
6	32	-5100
6	33	-940
6	34	-13300
6	35	5740
6	36	-20020
6	37	-7820
6	38	9300
6	39	-5580
7	8	340
7	9	11820
7	10	3700
7	11	-1260
7	12	-5140
7	13	4180
7	14	2860
7	15	2580
7	16	-3180
7	17	-10740
7	18	-13300
7	19	-2060
7	20	-4660
7	21	5580
7	22	-500
7	23	6740
7	24	-20
7	25	-12660
7	26	-2540
7	27	10420
7	28	7020
7	29	10100
7	30	4820
7	31	12780
7	32	4180
7	33	-10860
7	34	-3380
7	35	2860
7	36	2700
7	37	-11340
7	38	5780
7	39	10100
8	9	1300
8	10	2380
8	11	7340
8	12	-940
8	13	-4500
8	14	-2540
8	15	-9300
8	16	-3540
8	17	4660
8	18	13620
8	19	8140
8	20	-1420
8	21	13940
8	22	13620
8	23	-660
8	24	340
8	25	6580
8	26	8620
8	27	8460
8	28	6100
8	29	-4020
8	30	-5140
8	31	340
8	32	14700
8	33	-2260
8	34	3700
8	35	10260
8	36	4020
8	37	4620
8	38	-6100
8	39	8780
9	10	-1740
9	11	6100
9	12	-6100
9	13	-1260
9	14	1900
9	15	3540
9	16	4180
9	17	-11700
9	18	4940
9	19	5300
9	20	780
9	21	-8180
9	22	-7860
9	23	7700
9	24	-980
9	25	-13620
9	26	-1580
9	27	4980
9	28	-6740
9	29	11060
9	30	-620
9	31	18220
9	32	-1260
9	33	-9900
9	34	2060
9	35	8300
9	36	1740
9	37	2420
9	38	-6060
9	39	4660
10	11	-2420
10	12	-10380
10	13	-7860
10	14	-11980
10	15	140
10	16	-500
10	17	1620
10	18	-8620
10	19	-1620
10	20	14740
10	21	10900
10	22	4180
10	23	-4020
10	24	3700
10	25	-9260
10	26	-13940
10	27	11500
10	28	-3340
10	29	-7380
10	30	4300
10	31	-2700
10	32	4940
10	33	-5620
10	34	13460
10	35	820
10	36	980
10	37	7660
10	38	9740
10	39	-7380
11	12	-2540
11	13	3500
11	14	-4140
11	15	-1300
11	16	-1940
11	17	-3340
11	18	5620
11	19	-3060
11	20	3380
11	21	-6860
11	22	-780
11	23	7340
11	24	-14060
11	25	4980
11	26	-8980
11	27	-9140
11	28	-8300
11	29	-2420
11	30	-9940
11	31	-1260
11	32	-9300
11	33	-13460
11	34	-10700
11	35	15060
11	36	2420
11	37	-180
11	38	-4500
11	39	-8820
12	13	-3500
12	14	10540
12	15	14100
12	16	1940
12	17	-9460
12	18	7180
12	19	-3340
12	20	-3380
12	21	460
12	22	780
12	23	-13740
12	24	1260
12	25	7820
12	26	2580
12	27	-3660
12	28	-10900
12	29	2420
12	30	-9260
12	31	-5140
12	32	-3500
12	33	-5740
12	34	-8500
12	35	-8660
12	36	-2420
12	37	180
12	38	17300
12	39	15220
13	14	7700
13	15	6060
13	16	-980
13	17	2100
13	18	11060
13	19	10700
13	20	2420
13	21	-1420
13	22	4660
13	23	8300
13	24	-8620
13	25	10420
13	26	4780
13	27	-14580
13	28	-2860
13	29	11340
13	30	-2580
13	31	-2220
13	32	4460
13	33	6700
13	34	1140
13	35	14100
13	36	14260
13	37	-12020
13	38	-3540
13	39	11340
14	15	-6700
14	16	13140
14	17	-7860
14	18	2380
14	19	1460
14	20	-14580
14	21	-10740
14	22	8780
14	23	-2540
14	24	-9940
14	25	-3380
14	26	980
14	27	-5260
14	28	3500
14	29	7220
14	30	8340
14	31	2860
14	32	-11500
14	33	-940
14	34	-500
14	35	-7060
14	36	11980
14	37	4980
14	38	-3500
14	39	7220
15	16	-5780
15	17	-12300
15	18	9460
15	19	-13300
15	20	-5580
15	21	-3020
15	22	-9740
15	23	-9300
15	24	2580
15	25	2420
15	26	-20
15	27	6220
15	28	-4460
15	29	140
15	30	-7380
15	31	2580
15	32	-6740
15	33	1900
15	34	-6860
15	35	-300
15	36	-140
15	37	-16820
15	38	10860
15	39	12940
16	17	-5260
16	18	3700
16	19	-1140
16	20	1460
16	21	4020
16	22	-2700
16	23	2860
16	24	-3180
16	25	-9740
16	26	-7060
16	27	-7220
16	28	-16620
16	29	-500
16	30	-14420
16	31	-9580
16	32	-13780
16	33	-11540
16	34	180
16	35	-12460
16	36	13300
16	37	8140
16	38	-15380
16	39	-6900
17	18	1580
17	19	8660
17	20	-2580
17	21	-5140
17	22	-11220
17	23	4660
17	24	8460
17	25	8620
17	26	1780
17	27	1940
17	28	2700
17	29	1620
17	30	2740
17	31	-17140
17	32	8500
17	33	12660
17	34	-7700
17	35	4940
17	36	-1620
17	37	-620
17	38	-2700
17	39	-4780
18	19	4820
18	20	1260
18	21	5100
18	22	-980
18	23	7220
18	24	-13300
18	25	12460
18	26	17140
18	27	-8300
18	28	-6260
18	29	-2220
18	30	-13900
18	31	-6900
18	32	-1740
18	33	8820
18	34	2540
18	35	2380
18	36	-4180
18	37	1940
18	38	-6540
18	39	10580
19	20	15380
19	21	5140
19	22	4820
19	23	8140
19	24	4340
19	25	10580
19	26	-8180
19	27	-8340
19	28	-9100
19	29	11180
19	30	-2740
19	31	-2060
19	32	17100
19	33	140
19	34	7700
19	35	7860
19	36	-4780
19	37	620
19	38	2700
19	39	4780
20	21	13740
20	22	1260
20	23	11380
20	24	1740
20	25	8300
20	26	-10700
20	27	-10540
20	28	-16820
20	29	1940
20	30	-9740
20	31	-11060
20	32	8820
20	33	-6220
20	34	11180
20	35	4620
20	36	-8340
20	37	12500
20	38	4020
20	39	-4460
21	22	11500
21	23	7540
21	24	-820
21	25	-660
21	26	4660
21	27	-1580
21	28	-180
21	29	-14700
21	30	-7180
21	31	-7220
21	32	11380
21	33	-3660
21	34	15020
21	35	-4340
21	36	1900
21	37	8660
21	38	6580
21	39	4500
22	23	-5580
22	24	-13300
22	25	-340
22	26	-2060
22	27	4500
22	28	6540
22	29	-2220
22	30	5300
22	31	5900
22	32	11060
22	33	-3980
22	34	8940
22	35	2380
22	36	8620
22	37	14740
22	38	-6540
22	39	-2220
23	24	340
23	25	-6220
23	26	2220
23	27	-17140
23	28	-6700
23	29	2380
23	30	1260
23	31	6740
23	32	1900
23	33	-2260
23	34	10100
23	35	10260
23	36	-8780
23	37	-1780
23	38	-6100
23	39	-4020
24	25	-12660
24	26	-2540
24	27	-2380
24	28	620
24	29	3700
24	30	-1580
24	31	6380
24	32	10580
24	33	-4460
24	34	3020
24	35	2860
24	36	-3700
24	37	-11340
24	38	12180
24	39	-2700
25	26	3700
25	27	-2540
25	28	-5620
25	29	3540
25	30	-1740
25	31	-19060
25	32	4020
25	33	14580
25	34	-9620
25	35	3020
25	36	-3540
25	37	-5100
25	38	-780
25	39	16340
26	27	-1460
26	28	9620
26	29	-1140
26	30	-2260
26	31	3860
26	32	4780
26	33	7020
26	34	820
26	35	980
26	36	-5260
26	37	-5300
26	38	-3220
26	39	11660
27	28	9780
27	29	-1300
27	30	3980
27	31	4020
27	32	11020
27	33	460
27	34	-5420
27	35	1140
27	36	1300
27	37	940
27	38	-3380
27	39	5100
28	29	-16140
28	30	16980
28	31	620
28	32	3540
28	33	14100
28	34	3660
28	35	-9300
28	36	3340
28	37	820
28	38	-7660
28	39	-3340
29	30	-2100
29	31	10100
29	32	-1460
29	33	-5620
29	34	-12140
29	35	13620
29	36	980
29	37	-5140
29	38	3340
29	39	11820
30	31	11220
30	32	-2580
30	33	12460
30	34	8180
30	35	-4460
30	36	2100
30	37	140
30	38	2220
30	39	4300
31	32	4180
31	33	-4460
31	34	9420
31	35	15660
31	36	-3700
31	37	-11340
31	38	5780
31	39	3700
32	33	300
32	34	7540
32	35	14100
32	36	-4940
32	37	-5620
32	38	2860
32	39	4940
33	34	5300
33	35	-940
33	36	-780
33	37	-3380
33	38	-1300
33	39	7180
34	35	5900
34	36	-660
34	37	11220
34	38	2740
34	39	660
35	36	5580
35	37	-7820
35	38	2900
35	39	7220
36	37	5140
36	38	-9740
36	39	7380
37	38	-7220
37	39	-11540
38	39	9740
