0	1	-11224
0	2	-7224
0	3	344
0	4	-20136
0	5	5576
0	6	9256
0	7	5896
0	8	3176
0	9	-9096
0	10	3704
0	11	-8504
0	12	10104
0	13	-8936
0	14	-456
0	15	2904
0	16	1736
0	17	-10904
0	18	3176
0	19	18264
0	20	4024
0	21	3496
0	22	6856
0	23	5624
0	24	9896
0	25	3656
0	26	8456
0	27	-1144
0	28	2056
0	29	776
0	30	-6104
0	31	-4776
0	32	-11336
0	33	-984
0	34	-2584
0	35	24
0	36	-9096
0	37	1576
0	38	3864
0	39	6536
1	2	5624
1	3	1256
1	4	8936
1	5	-776
1	6	1944
1	7	5304
1	8	8024
1	9	-2104
1	10	-2104
1	11	504
1	12	10696
1	13	10536
1	14	14856
1	15	-1304
1	16	-9736
1	17	9304
1	18	14424
1	19	-3864
1	20	-8824
1	21	-5096
1	22	-8456
1	23	8776
1	24	-5096
1	25	1144
1	26	-3656
1	27	-13256
1	28	15544
1	29	-2376
1	30	-1896
1	31	-24
1	32	6536
1	33	-616
1	34	-5416
1	35	-4824
1	36	10696
1	37	-3176
1	38	-8664
1	39	-8136
2	3	-1144
2	4	136
2	5	-11176
2	6	4344
2	7	-5096
2	8	10424
2	9	8296
2	10	1896
2	11	-3496
2	12	1896
2	13	20936
2	14	6056
2	15	-3704
2	16	-936
2	17	-1096
2	18	10424
2	19	6536
2	20	7976
2	21	3704
2	22	344
2	23	-24
2	24	-2696
2	25	9944
2	26	-7656
2	27	1944
2	28	-1256
2	29	6424
2	30	504
2	31	10376
2	32	-2264
2	33	-4616
2	34	-3016
2	35	-824
2	36	1896
2	37	5624
2	38	-4664
2	39	-12136
3	4	-616
3	5	-7544
3	6	8936
3	7	5576
3	8	9256
3	9	4024
3	10	-2376
3	11	10376
3	12	-8776
3	13	4184
3	14	-12936
3	15	-3176
3	16	1416
3	17	-11224
3	18	9256
3	19	-7016
3	20	-8456
3	21	3176
3	22	136
3	23	-6856
3	24	3176
3	25	-3064
3	26	8136
3	27	-7864
3	28	-4664
3	29	-12344
3	30	6376
3	31	1944
3	32	14584
3	33	11496
3	34	3496
3	35	6744
3	36	4024
3	37	1256
3	38	16984
3	39	6216
4	5	136
4	6	-21784
4	7	-12344
4	8	4136
4	9	9144
4	10	-16456
4	11	5256
4	12	-10056
4	13	9304
4	14	-1416
4	15	1944
4	16	-10104
4	17	15656
4	18	-2264
4	19	-8296
4	20	-16136
4	21	4456
4	22	1416
4	23	-1736
4	24	-8344
4	25	4616
4	26	3016
4	27	6216
4	28	3016
4	29	8136
4	30	-5144
4	31	664
4	32	504
4	33	-12824
4	34	-1624
4	35	-7336
4	36	9144
4	37	8936
4	38	-3496
4	39	-11704
5	6	-8456
5	7	1304
5	8	-21576
5	9	1896
5	10	14696
5	11	2904
5	12	8296
5	13	1736
5	14	-344
5	15	-10104
5	16	-7336
5	17	11704
5	18	-2376
5	19	136
5	20	1576
5	21	16504
5	22	-12456
5	23	-24
5	24	-2696
5	25	-2856
5	26	5144
5	27	1944
5	28	-7656
5	29	24
5	30	6904
5	31	-8824
5	32	-8664
5	33	-11016
5	34	-9416
5	35	11976
5	36	-10904
5	37	-776
5	38	-11064
5	39	7064
6	7	4024
6	8	6744
6	9	5576
6	10	5576
6	11	5624
6	12	-824
6	13	-984
6	14	9736
6	15	6376
6	16	-4616
6	17	-11176
6	18	6744
6	19	-2584
6	20	11656
6	21	-6376
6	22	-3336
6	23	-2744
6	24	24
6	25	-136
6	26	-4936
6	27	-20936
6	28	14264
6	29	-10056
6	30	9624
6	31	14056
6	32	1416
6	33	10904
6	34	12504
6	35	9256
6	36	-824
6	37	-4456
6	38	-984
6	39	9784
7	8	-9096
7	9	-10584
7	10	2216
7	11	-3816
7	12	15016
7	13	-4344
7	14	6376
7	15	9416
7	16	5144
7	17	4984
7	18	10104
7	19	19656
7	20	14696
7	21	3384
7	22	6424
7	23	296
7	24	-3016
7	25	-3176
7	26	4824
7	27	1624
7	28	-1576
7	29	-6696
7	30	12984
7	31	4296
7	32	4456
7	33	1464
7	34	-3336
7	35	5896
7	36	2216
7	37	-1096
7	38	2056
7	39	6744
8	9	-504
8	10	-6904
8	11	-13896
8	12	-504
8	13	-664
8	14	3656
8	15	6696
8	16	1464
8	17	-11496
8	18	19224
8	19	-2264
8	20	-7224
8	21	-6696
8	22	9144
8	23	3976
8	24	-296
8	25	5944
8	26	-5256
8	27	-8456
8	28	7544
8	29	2424
8	30	-16296
8	31	7976
8	32	8136
8	33	4184
8	34	5784
8	35	-22424
8	36	5896
8	37	1624
8	38	5736
8	39	-9736
9	10	-5416
9	11	7016
9	12	-5416
9	13	1144
9	14	3224
9	15	6584
9	16	-8344
9	17	4616
9	18	-504
9	19	-10056
9	20	-5096
9	21	12616
9	22	3176
9	23	9304
9	24	-6584
9	25	6376
9	26	-14424
9	27	7976
9	28	4776
9	29	3496
9	30	3016
9	31	-1096
9	32	5144
9	33	1736
9	34	12936
9	35	10104
9	36	-5416
9	37	-2104
9	38	-5256
9	39	2856
10	11	616
10	12	-5416
10	13	-5256
10	14	-3176
10	15	-12616
10	16	-1944
10	17	-1784
10	18	-504
10	19	-3656
10	20	7704
10	21	6216
10	22	-16024
10	23	-9896
10	24	-184
10	25	-12824
10	26	-1624
10	27	1576
10	28	-14424
10	29	-2904
10	30	3016
10	31	-1096
10	32	-1256
10	33	1736
10	34	136
10	35	10104
10	36	-11816
10	37	-8504
10	38	1144
10	39	9256
11	12	-18584
11	13	456
11	14	-1624
11	15	-4984
11	16	-18856
11	17	-6216
11	18	-7496
11	19	-13944
11	20	296
11	21	4984
11	22	-17576
11	23	-7704
11	24	-14216
11	25	-1576
11	26	6424
11	27	3224
11	28	24
11	29	-11496
11	30	8184
11	31	-3704
11	32	-3544
11	33	9464
11	34	-1736
11	35	17096
11	36	616
11	37	-5896
11	38	456
11	39	8344
12	13	7544
12	14	16024
12	15	184
12	16	10856
12	17	11016
12	18	12296
12	19	15544
12	20	7704
12	21	-184
12	22	9576
12	23	15704
12	24	6216
12	25	6376
12	26	4776
12	27	-4824
12	28	11176
12	29	3496
12	30	3016
12	31	-1096
12	32	-1256
12	33	-4664
12	34	-12664
12	35	-2696
12	36	984
12	37	4296
12	38	-5256
12	39	-3544
13	14	3384
13	15	344
13	16	10696
13	17	10856
13	18	5736
13	19	2904
13	20	1464
13	21	6056
13	22	3016
13	23	-3336
13	24	-344
13	25	6216
13	26	4616
13	27	1416
13	28	4616
13	29	9736
13	30	2856
13	31	5464
13	32	5304
13	33	-17624
13	34	-19224
13	35	10264
13	36	-5256
13	37	23336
13	38	-5096
13	39	-16504
14	15	8824
14	16	2216
14	17	2376
14	18	10056
14	19	-1416
14	20	9944
14	21	3976
14	22	7336
14	23	11544
14	24	-8824
14	25	10536
14	26	-3864
14	27	-664
14	28	8936
14	29	1256
14	30	-5624
14	31	7544
14	32	-5416
14	33	-504
14	34	-8504
14	35	-456
14	36	-3176
14	37	2056
14	38	-15816
14	39	-5784
15	16	5256
15	17	-7384
15	18	13096
15	19	1944
15	20	504
15	21	7016
15	22	16776
15	23	2104
15	24	-5784
15	25	7176
15	26	-7224
15	27	2376
15	28	11976
15	29	-2104
15	30	-15384
15	31	-1896
15	32	-2056
15	33	-3864
15	34	7336
15	35	-3496
15	36	184
15	37	11496
15	38	-6056
15	39	-9144
16	17	2744
16	18	-4936
16	19	2696
16	20	4136
16	21	-5256
16	22	23384
16	23	2536
16	24	20344
16	25	-5416
16	26	2584
16	27	12184
16	28	-10216
16	29	10264
16	30	-2056
16	31	6536
16	32	13096
16	33	-7176
16	34	-11976
16	35	1736
16	36	-14744
16	37	15864
16	38	10696
16	39	-8296
17	18	-11496
17	19	9256
17	20	4296
17	21	984
17	22	4024
17	23	2696
17	24	984
17	25	-11976
17	26	2424
17	27	5624
17	28	2424
17	29	10104
17	30	16984
17	31	296
17	32	6856
17	33	-20136
17	34	-5736
17	35	8296
17	36	-1784
17	37	2904
17	38	-8344
17	39	4344
18	19	4136
18	20	-824
18	21	12504
18	22	-3656
18	23	3976
18	24	-13096
18	25	12344
18	26	-5256
18	27	-8456
18	28	7544
18	29	-10376
18	30	-9896
18	31	1576
18	32	1736
18	33	4184
18	34	-7016
18	35	-16024
18	36	5896
18	37	1624
18	38	-664
18	39	-3336
19	20	15864
19	21	4456
19	22	7816
19	23	-1736
19	24	-1944
19	25	4616
19	26	9416
19	27	6216
19	28	3016
19	29	8136
19	30	7656
19	31	664
19	32	504
19	33	-12824
19	34	-8024
19	35	-936
19	36	2744
19	37	8936
19	38	2904
19	39	7496
20	21	5896
20	22	2856
20	23	-9576
20	24	-6904
20	25	-344
20	26	10856
20	27	1256
20	28	-1944
20	29	-3224
20	30	15496
20	31	12024
20	32	-936
20	33	-11384
20	34	-184
20	35	10424
20	36	-5096
20	37	3976
20	38	-4936
20	39	8936
21	22	2424
21	23	4296
21	24	-13416
21	25	12024
21	26	824
21	27	10424
21	28	-11976
21	29	-4296
21	30	-3816
21	31	-10904
21	32	-4344
21	33	-8936
21	34	-7336
21	35	9896
21	36	-6584
21	37	7704
21	38	-6744
21	39	2744
22	23	14056
22	24	15224
22	25	2264
22	26	-2536
22	27	7064
22	28	-2536
22	29	11544
22	30	-7176
22	31	5256
22	32	5416
22	33	-5896
22	34	2104
22	35	456
22	36	-9624
22	37	10744
22	38	-3384
22	39	-13416
23	24	10696
23	25	10856
23	26	-16344
23	27	-344
23	28	2856
23	29	1576
23	30	-5304
23	31	-5576
23	32	-5736
23	33	6216
23	34	-1784
23	35	-7176
23	36	-3496
23	37	-10424
23	38	-9736
23	39	-11864
24	25	-7176
24	26	824
24	27	-8776
24	28	-5576
24	29	8504
24	30	2584
24	31	8296
24	32	2056
24	33	-2536
24	34	5464
24	35	3496
24	36	-6584
24	37	1304
24	38	6056
24	39	-10056
25	26	664
25	27	-2536
25	28	7064
25	29	1944
25	30	-10376
25	31	2056
25	32	-10584
25	33	-2696
25	34	-1096
25	35	-9144
25	36	12776
25	37	13944
25	38	-184
25	39	-16616
26	27	-936
26	28	2264
26	29	-2856
26	30	4024
26	31	456
26	32	616
26	33	-13896
26	34	-5896
26	35	8456
26	36	4776
26	37	15544
26	38	11016
26	39	4184
27	28	-13736
27	29	13144
27	30	-5576
27	31	-9144
27	32	3816
27	33	-4296
27	34	-15496
27	35	5256
27	36	-17624
27	37	5944
27	38	7816
27	39	984
28	29	-2856
28	30	-2376
28	31	456
28	32	616
28	33	-1096
28	34	6904
28	35	-4344
28	36	11176
28	37	2744
28	38	-1784
28	39	-2216
29	30	-7496
29	31	11976
29	32	12136
29	33	-6216
29	34	-11016
29	35	7176
29	36	-15704
29	37	16824
29	38	-3064
29	39	-13736
30	31	11496
30	32	5256
30	33	-5736
30	34	2264
30	35	13096
30	36	3016
30	37	-8296
30	38	2856
30	39	18744
31	32	9464
31	33	-2584
31	34	2216
31	35	1624
31	36	-7496
31	37	6376
31	38	-936
31	39	-7864
32	33	3976
32	34	-4024
32	35	7864
32	36	-7656
32	37	6536
32	38	11704
32	39	5096
33	34	3544
33	35	-984
33	36	1736
33	37	-19816
33	38	7976
33	39	7224
34	35	-2584
34	36	12936
34	37	-11816
34	38	-24
34	39	2424
35	36	-15496
35	37	7976
35	38	-2536
35	39	6536
36	37	-2104
36	38	7544
36	39	2856
37	38	4136
37	39	-14536
38	39	9096
