0	1	-4500
0	2	-3180
0	3	9492
0	4	-236
0	5	-492
0	6	4332
0	7	4076
0	8	3308
0	9	4884
0	10	5740
0	11	-5740
0	12	-2580
0	13	-2324
0	14	1772
0	15	-2156
0	16	-1516
0	17	276
0	18	2924
0	19	-6380
0	20	-3948
0	21	6892
0	22	8468
0	23	-364
0	24	7788
0	25	1300
0	26	660
0	27	-6252
0	28	-3564
0	29	-620
0	30	-8212
0	31	2068
1	2	4716
1	3	4332
1	4	5868
1	5	6124
1	6	6420
1	7	-1516
1	8	-4844
1	9	-3348
1	10	-3180
1	11	7276
1	12	-3052
1	13	-3308
1	14	-7404
1	15	-4500
1	16	-1044
1	17	1260
1	18	3732
1	19	3820
1	20	-2708
1	21	-236
1	22	-2836
1	23	5996
1	24	11156
1	25	236
1	26	4972
1	27	-404
1	28	5100
1	29	-1940
1	30	-1516
1	31	-532
2	3	-7916
2	4	-1260
2	5	-1516
2	6	-2836
2	7	9196
2	8	-7956
2	9	-236
2	10	6764
2	11	1428
2	12	6636
2	13	6892
2	14	2796
2	15	916
2	16	5652
2	17	-4844
2	18	-148
2	19	4884
2	20	-4972
2	21	-276
2	22	3348
2	23	10900
2	24	-7572
2	25	276
2	26	-8556
2	27	916
2	28	-4588
2	29	-1644
2	30	-3092
2	31	1044
3	4	-876
3	5	7060
3	6	9068
3	7	-7572
3	8	-4244
3	9	-3948
3	10	2284
3	11	5908
3	12	-1940
3	13	-1684
3	14	-5780
3	15	-2796
3	16	1940
3	17	-364
3	18	11756
3	19	-7020
3	20	-492
3	21	7532
3	22	3732
3	23	-5100
3	24	8428
3	25	660
3	26	20
3	27	-10988
3	28	-108
3	29	-1260
3	30	-3476
3	31	1428
4	5	-2668
4	6	10604
4	7	6252
4	8	13676
4	9	2708
4	10	-4372
4	11	4372
4	12	-8596
4	13	-148
4	14	3948
4	15	7956
4	16	-3692
4	17	2196
4	18	1004
4	19	7828
4	20	-14316
4	21	-3220
4	22	-1900
4	23	-6636
4	24	9964
4	25	-876
4	26	14868
4	27	3860
4	28	-1644
4	29	-6892
4	30	-1940
4	31	-108
5	6	10860
5	7	-1684
5	8	-2452
5	9	-1644
5	10	-20
5	11	4116
5	12	8044
5	13	108
5	14	-12180
5	15	3604
5	16	-3948
5	17	1940
5	18	5356
5	19	3476
5	20	1812
5	21	1132
5	22	6036
5	23	-2796
5	24	6124
5	25	2964
5	26	2324
5	27	-8684
5	28	-5996
5	29	-11244
5	30	2412
5	31	3732
6	7	-2156
6	8	2708
6	9	-2708
6	10	-3820
6	11	3820
6	12	-7788
6	13	148
6	14	-3948
6	15	236
6	16	-12692
6	17	1900
6	18	7188
6	19	8556
6	20	-10260
6	21	3220
6	22	1900
6	23	-1556
6	24	10516
6	25	876
6	26	5612
6	27	236
6	28	1644
6	29	-5396
6	30	-6252
6	31	8300
7	8	-1132
7	9	9324
7	10	532
7	11	-532
7	12	12948
7	13	404
7	14	4500
7	15	4076
7	16	7532
7	17	1644
7	18	-4844
7	19	108
7	20	1772
7	21	-620
7	22	5740
7	23	2284
7	24	2580
7	25	620
7	26	5356
7	27	-4116
7	28	-2708
7	29	-1556
7	30	-5996
7	31	-4244
8	9	-3732
8	10	5396
8	11	2796
8	12	-10860
8	13	1172
8	14	1172
8	15	7404
8	16	-1428
8	17	4972
8	18	-4076
8	19	-660
8	20	-7188
8	21	-8044
8	22	876
8	23	-6676
8	24	7444
8	25	8044
8	26	4588
8	27	3308
8	28	620
8	29	-2324
8	30	-5228
8	31	-5012
9	10	-1300
9	11	-2796
9	12	2668
9	13	-1172
9	14	15212
9	15	788
9	16	1428
9	17	-4972
9	18	-20
9	19	-7532
9	20	3092
9	21	3948
9	22	7316
9	23	-1516
9	24	-3348
9	25	-3948
9	26	3604
9	27	788
9	28	-620
9	29	-1772
9	30	1132
9	31	-3180
10	11	13420
10	12	3092
10	13	-1260
10	14	2836
10	15	9836
10	16	9196
10	17	-4884
10	18	-6508
10	19	-10516
10	20	-4756
10	21	1812
10	22	3308
10	23	3948
10	24	916
10	25	14572
10	26	-9364
10	27	-2452
10	28	-5140
10	29	-8084
10	30	-7660
10	31	1516
11	12	1004
11	13	1260
11	14	-2836
11	15	6548
11	16	-1004
11	17	-3308
11	18	-1684
11	19	-5868
11	20	-3436
11	21	10476
11	22	-3308
11	23	148
11	24	7276
11	25	10004
11	26	5268
11	27	-5740
11	28	1044
11	29	-4204
11	30	-8724
11	31	2580
12	13	2964
12	14	-5228
12	15	1516
12	16	9068
12	17	-5012
12	18	-6380
12	19	-2452
12	20	7404
12	21	1940
12	22	3180
12	23	7916
12	24	-3052
12	25	2156
12	26	2796
12	27	-10772
12	28	-1172
12	29	-4116
12	30	4756
12	31	5484
13	14	6804
13	15	5868
13	16	1132
13	17	7532
13	18	-2540
13	19	1900
13	20	-8724
13	21	9876
13	22	3436
13	23	-4116
13	24	-3308
13	25	2412
13	26	3052
13	27	1772
13	28	11372
13	29	4332
13	30	404
13	31	5740
14	15	1772
14	16	5228
14	17	-660
14	18	-2540
14	19	-2196
14	20	-4628
14	21	5780
14	22	3436
14	23	-4116
14	24	-7404
14	25	2412
14	26	3052
14	27	5868
14	28	3180
14	29	4332
14	30	404
14	31	1644
15	16	6676
15	17	4372
15	18	-9364
15	19	-2284
15	20	-16236
15	21	6892
15	22	276
15	23	-8556
15	24	3692
15	25	1300
15	26	660
15	27	1940
15	28	-3564
15	29	-4716
15	30	-20
15	31	2068
16	17	916
16	18	2284
16	19	-9836
16	20	-3308
16	21	-1940
16	22	5012
16	23	276
16	24	-1044
16	25	1940
16	26	-6892
16	27	2580
16	28	-2924
16	29	20
16	30	3436
16	31	-1388
17	18	4588
17	19	4244
17	20	-5612
17	21	364
17	22	-5484
17	23	-10220
17	24	5356
17	25	-8556
17	26	7188
17	27	276
17	28	7060
17	29	5908
17	30	5740
17	31	404
18	19	3052
18	20	620
18	21	532
18	22	4588
18	23	-7060
18	24	-4460
18	25	-12820
18	26	108
18	27	-1172
18	28	4332
18	29	5484
18	30	-748
18	31	-5396
19	20	-4076
19	21	-1172
19	22	148
19	23	3604
19	24	3820
19	25	-2924
19	26	4628
19	27	5908
19	28	404
19	29	-8940
19	30	8300
19	31	1940
20	21	-7700
20	22	2580
20	23	6036
20	24	-6804
20	25	-492
20	26	-5228
20	27	-8044
20	28	-1260
20	29	1684
20	30	1772
20	31	-12012
21	22	4460
21	23	-3092
21	24	3860
21	25	3436
21	26	4076
21	27	-1300
21	28	4204
21	29	1260
21	30	-620
21	31	10860
22	23	6164
22	24	1260
22	25	-364
22	26	-9196
22	27	4372
22	28	-9324
22	29	-10476
22	30	1644
22	31	-3692
23	24	1900
23	25	3092
23	26	-9836
23	27	-4460
23	28	-5868
23	29	-7020
23	30	-1812
23	31	-236
24	25	8428
24	26	9068
24	27	-404
24	28	-3092
24	29	-10132
24	30	-1516
24	31	3564
25	26	20
25	27	-2796
25	28	-108
25	29	-9452
25	30	-3476
25	31	5524
26	27	-7532
26	28	7444
26	29	2196
26	30	1260
26	31	4884
27	28	532
27	29	-620
27	30	8172
27	31	2068
28	29	10260
28	30	-2708
28	31	660
29	30	-5652
29	31	-4588
30	31	8044
