0	1	-8136
0	2	-1464
0	3	4040
0	4	-2360
0	5	-1208
0	6	-5704
0	7	696
0	8	-7624
0	9	1464
0	10	-184
0	11	-2744
0	12	-6984
0	13	-184
0	14	952
0	15	-3016
0	16	7736
0	17	-440
0	18	8776
0	19	-1480
0	20	4280
0	21	3016
0	22	-712
0	23	-1464
0	24	584
0	25	1208
0	26	2248
0	27	5688
0	28	1464
0	29	3528
0	30	584
0	31	-712
1	2	9800
1	3	-9272
1	4	-3384
1	5	-2232
1	6	7608
1	7	-10568
1	8	5688
1	9	2488
1	10	2888
1	11	328
1	12	2232
1	13	2888
1	14	-2120
1	15	2104
1	16	-7624
1	17	2632
1	18	3656
1	19	3640
1	20	-2888
1	21	1992
1	22	-3784
1	23	-2488
1	24	3656
1	25	-1864
1	26	-6968
1	27	2616
1	28	-5704
1	29	-5688
1	30	-440
1	31	-7880
2	3	-5704
2	4	4792
2	5	-8648
2	6	7368
2	7	-7224
2	8	1096
2	9	4296
2	10	-1480
2	11	-7112
2	12	4552
2	13	2616
2	14	712
2	15	-3512
2	16	2120
2	17	-5320
2	18	1848
2	19	-952
2	20	1480
2	21	3512
2	22	6472
2	23	3896
2	24	5944
2	25	-11832
2	26	-8008
2	27	-4024
2	28	200
2	29	-1096
2	30	-2248
2	31	-5816
3	4	7480
3	5	2232
3	6	4680
3	7	10568
3	8	2504
3	9	-10680
3	10	5304
3	11	-328
3	12	-2232
3	13	1208
3	14	-1976
3	15	1992
3	16	3528
3	17	-6728
3	18	4536
3	19	456
3	20	11080
3	21	-1992
3	22	-312
3	23	-5704
3	24	440
3	25	5960
3	26	-1224
3	27	-2616
3	28	5704
3	29	-2504
3	30	4536
3	31	-312
4	5	-7752
4	6	2376
4	7	4168
4	8	8392
4	9	-12984
4	10	3512
4	11	1976
4	12	3656
4	13	-584
4	14	-184
4	15	-4408
4	16	1224
4	17	-4424
4	18	-5448
4	19	6344
4	20	8776
4	21	312
4	22	9672
4	23	696
4	24	-1352
4	25	-440
4	26	-3016
4	27	-9016
4	28	3400
4	29	-4296
4	30	6840
4	31	5576
5	6	-568
5	7	5320
5	8	1352
5	9	4552
5	10	2360
5	11	4920
5	12	712
5	13	6456
5	14	-3128
5	15	4936
5	16	-1720
5	17	6712
5	18	-2504
5	19	-696
5	20	1736
5	21	-840
5	22	-9656
5	23	-8648
5	24	1592
5	25	712
5	26	-72
5	27	328
5	28	456
5	29	-1352
5	30	-6600
5	31	6728
6	7	-4040
6	8	12216
6	9	-7368
6	10	8648
6	11	-10296
6	12	568
6	13	4552
6	14	4408
6	15	440
6	16	-1096
6	17	-7992
6	18	1224
6	19	-2120
6	20	3640
6	21	-440
6	22	-5448
6	23	-4920
6	24	9416
6	25	-3528
6	26	-9400
6	27	-7240
6	28	-3272
6	29	72
6	30	1224
6	31	-5448
7	8	-1864
7	9	-5064
7	10	-1848
7	11	7880
7	12	-1224
7	13	2248
7	14	-1480
7	15	2744
7	16	-2888
7	17	1992
7	18	-1080
7	19	184
7	20	10040
7	21	-2744
7	22	952
7	23	-3128
7	24	3016
7	25	-1224
7	26	584
7	27	-840
7	28	7224
7	29	5960
7	30	-5176
7	31	5048
8	9	-9288
8	10	10568
8	11	-184
8	12	-1352
8	13	6472
8	14	-1608
8	15	6712
8	16	-7112
8	17	-1976
8	18	-5048
8	19	4152
8	20	1720
8	21	-2616
8	22	824
8	23	-3000
8	24	3144
8	25	2744
8	26	-7480
8	27	-9160
8	28	-1096
8	29	-6200
8	30	11336
8	31	824
9	10	-6712
9	11	-1080
9	12	-4552
9	13	-2616
9	14	-8904
9	15	-584
9	16	1976
9	17	1224
9	18	2248
9	19	-3144
9	20	-13768
9	21	584
9	22	-2376
9	23	4296
9	24	2248
9	25	-4552
9	26	-184
9	27	4024
9	28	3896
9	29	1096
9	30	-10040
9	31	-2376
10	11	-200
10	12	-6456
10	13	1336
10	14	1992
10	15	1864
10	16	-696
10	17	-6600
10	18	568
10	19	12616
10	20	2760
10	21	-1864
10	22	-440
10	23	-1480
10	24	568
10	25	1736
10	26	-5192
10	27	1352
10	28	-2616
10	29	-2376
10	30	8760
10	31	-440
11	12	3272
11	13	-4296
11	14	-568
11	15	3400
11	16	-3256
11	17	8248
11	18	-968
11	19	5960
11	20	200
11	21	-3400
11	22	1096
11	23	1080
11	24	-9160
11	25	7368
11	26	5560
11	27	-1208
11	28	7112
11	29	-3912
11	30	3128
11	31	1096
12	13	1736
12	14	11320
12	15	-4936
12	16	1720
12	17	5576
12	18	-5688
12	19	-7496
12	20	2360
12	21	4936
12	22	1464
12	23	456
12	24	-1592
12	25	-712
12	26	72
12	27	-8520
12	28	3640
12	29	1352
12	30	-1592
12	31	1464
13	14	-2104
13	15	10056
13	16	-696
13	17	9784
13	18	-3528
13	19	-7864
13	20	10952
13	21	2232
13	22	3656
13	23	-5576
13	24	8760
13	25	-6456
13	26	-13384
13	27	-2744
13	28	-2616
13	29	-6472
13	30	-3528
13	31	-440
14	15	-5192
14	16	5560
14	17	1736
14	18	-1336
14	19	-3656
14	20	2104
14	21	5192
14	22	1208
14	23	712
14	24	-1336
14	25	-968
14	26	4424
14	27	-4680
14	28	-712
14	29	5704
14	30	2760
14	31	-2888
15	16	-6600
15	17	1608
15	18	-1464
15	19	568
15	20	2232
15	21	-3128
15	22	1336
15	23	584
15	24	2632
15	25	-840
15	26	200
15	27	-456
15	28	-584
15	29	-6712
15	30	2632
15	31	-2760
16	17	3144
16	18	72
16	19	-5064
16	20	696
16	21	2504
16	22	7992
16	23	2120
16	24	72
16	25	-2376
16	26	1736
16	27	2104
16	28	6072
16	29	-1080
16	30	4168
16	31	-8392
17	18	-3272
17	19	-8120
17	20	2504
17	21	2488
17	22	3400
17	23	-5320
17	24	824
17	25	1480
17	26	-840
17	27	1096
17	28	1224
17	29	-6216
17	30	-3272
17	31	-696
18	19	1096
18	20	3528
18	21	1464
18	22	-3768
18	23	-10440
18	24	-4296
18	25	2504
18	26	2232
18	27	6216
18	28	-1848
18	29	-3144
18	30	-200
18	31	-11960
19	20	-328
19	21	3528
19	22	-1224
19	23	-952
19	24	-7096
19	25	696
19	26	2760
19	27	5176
19	28	-7240
19	29	-4152
19	30	5192
19	31	2872
20	21	1864
20	22	4536
20	23	-10808
20	24	3528
20	25	-5832
20	26	-7096
20	27	-1352
20	28	-1480
20	29	-1720
20	30	-568
20	31	440
21	22	-1336
21	23	-4680
21	24	-2632
21	25	-3256
21	26	-4296
21	27	-3640
21	28	-7608
21	29	-5576
21	30	-6728
21	31	-1336
22	23	6472
22	24	328
22	25	-6728
22	26	-2104
22	27	-2248
22	28	5816
22	29	-4920
22	30	8520
22	31	-4552
23	24	-2248
23	25	456
23	26	4280
23	27	72
23	28	8392
23	29	7096
23	30	1848
23	31	2376
24	25	-9784
24	26	-10056
24	27	-1976
24	28	2248
24	29	5048
24	30	-4296
24	31	328
25	26	8264
25	27	-328
25	28	3640
25	29	-2744
25	30	6600
25	31	1464
26	27	3784
26	28	3912
26	29	3384
26	30	2232
26	31	1992
27	28	-4168
27	29	5064
27	30	2120
27	31	-6344
28	29	5192
28	30	2248
28	31	-2376
29	30	-3144
29	31	3272
30	31	-7864
