0	1	5344
0	2	-160
0	3	2912
0	4	4704
0	5	5664
0	6	1952
0	7	-5664
0	8	2848
0	9	-4448
0	10	-10592
0	11	-96
0	12	10784
0	13	352
0	14	-2784
0	15	7008
0	16	-4256
0	17	-8224
0	18	3168
0	19	4832
0	20	2272
0	21	-416
0	22	-2464
0	23	1632
0	24	-1120
0	25	-928
0	26	4320
0	27	-5344
0	28	-288
0	29	10464
0	30	6304
0	31	-736
1	2	-15072
1	3	-5856
1	4	544
1	5	1376
1	6	5088
1	7	-1376
1	8	8288
1	9	3296
1	10	-2848
1	11	3040
1	12	4448
1	13	800
1	14	-2464
1	15	-1760
1	16	1312
1	17	5280
1	18	2080
1	19	416
1	20	-1120
1	21	1568
1	22	3616
1	23	-4576
1	24	-4128
1	25	2080
1	26	9120
1	27	-4000
1	28	-2656
1	29	7072
1	30	-3360
1	31	7776
2	3	3744
2	4	-2144
2	5	-4128
2	6	-8608
2	7	32
2	8	-1312
2	9	-2208
2	10	3936
2	11	1632
2	12	-1056
2	13	-10080
2	14	4320
2	15	3744
2	16	-5472
2	17	-9696
2	18	-4704
2	19	1824
2	20	4384
2	21	-5216
2	22	928
2	23	5024
2	24	-1440
2	25	-608
2	26	-5856
2	27	-1312
2	28	-1248
2	29	288
2	30	3424
2	31	-10016
3	4	-5216
3	5	11232
3	6	-1440
3	7	1056
3	8	-6432
3	9	-3232
3	10	2912
3	11	-3488
3	12	10208
3	13	3232
3	14	3296
3	15	4768
3	16	3744
3	17	3616
3	18	-7776
3	19	-5344
3	20	5408
3	21	4000
3	22	-6240
3	23	1952
3	24	5728
3	25	416
3	26	-4832
3	27	1760
3	28	7968
3	29	-6880
3	30	-5792
3	31	1248
4	5	736
4	6	4448
4	7	-4832
4	8	3552
4	9	-1440
4	10	-7584
4	11	10592
4	12	-4384
4	13	5536
4	14	-7200
4	15	-1120
4	16	1952
4	17	-10464
4	18	2720
4	19	1056
4	20	-4576
4	21	2208
4	22	4256
4	23	4256
4	24	3424
4	25	-5472
4	26	9760
4	27	3552
4	28	-2016
4	29	3616
4	30	8288
4	31	7136
5	6	1824
5	7	2656
5	8	-5472
5	9	-480
5	10	1568
5	11	-4320
5	12	6560
5	13	8672
5	14	5280
5	15	-1056
5	16	4064
5	17	96
5	18	3296
5	19	-3232
5	20	-1696
5	21	3808
5	22	-2336
5	23	-2336
5	24	2848
5	25	-800
5	26	352
5	27	-5472
5	28	3936
5	29	2400
5	30	-6112
5	31	3232
6	7	-5920
6	8	-992
6	9	-96
6	10	-10336
6	11	4256
6	12	2848
6	13	96
6	14	-6624
6	15	6752
6	16	-416
6	17	-288
6	18	7008
6	19	4576
6	20	2016
6	21	3424
6	22	-6816
6	23	5472
6	24	-4960
6	25	-1184
6	26	4064
6	27	3104
6	28	-544
6	29	-2080
6	30	-1632
6	31	3616
7	8	-2720
7	9	-3616
7	10	2528
7	11	-3872
7	12	-2464
7	13	-480
7	14	2912
7	15	-7136
7	16	8224
7	17	4000
7	18	800
7	19	-9056
7	20	-6496
7	21	-7904
7	22	6432
7	23	-5856
7	24	5344
7	25	-3296
7	26	-352
7	27	9568
7	28	4256
7	29	-6496
7	30	-2080
7	31	-3232
8	9	800
8	10	2848
8	11	1056
8	12	-352
8	13	3296
8	14	6560
8	15	5856
8	16	-1312
8	17	-1184
8	18	2016
8	19	-416
8	20	1120
8	21	-5664
8	22	480
8	23	480
8	24	-4064
8	25	2016
8	26	7264
8	27	-4192
8	28	-1440
8	29	9312
8	30	-736
8	31	416
9	10	-352
9	11	1952
9	12	-7648
9	13	2400
9	14	-736
9	15	864
9	16	1888
9	17	2016
9	18	1120
9	19	-1312
9	20	4320
9	21	-2464
9	22	3680
9	23	-416
9	24	-7264
9	25	-2976
9	26	2272
9	27	-3296
9	28	-6432
9	29	224
9	30	-8032
9	31	5408
10	11	-96
10	12	-5600
10	13	352
10	14	9504
10	15	-1184
10	16	-160
10	17	4064
10	18	-5024
10	19	736
10	20	-1824
10	21	3680
10	22	5728
10	23	-6560
10	24	-5216
10	25	7264
10	26	-3872
10	27	-5344
10	28	-4384
10	29	-1824
10	30	-5984
10	31	3360
11	12	-7392
11	13	-6048
11	14	-8672
11	15	608
11	16	-2464
11	17	-6432
11	18	864
11	19	6624
11	20	4064
11	21	5472
11	22	7520
11	23	-4768
11	24	-7008
11	25	-3232
11	26	10208
11	27	1056
11	28	-10784
11	29	4064
11	30	4512
11	31	9760
12	13	3552
12	14	2208
12	15	10208
12	16	3040
12	17	3168
12	18	-1824
12	19	-4256
12	20	-2720
12	21	-1312
12	22	-11552
12	23	8928
12	24	7968
12	25	2272
12	26	-672
12	27	-352
12	28	11104
12	29	1376
12	30	-992
12	31	-3936
13	14	736
13	15	3232
13	16	10400
13	17	2080
13	18	2976
13	19	-6880
13	20	-8416
13	21	2464
13	22	-7776
13	23	416
13	24	7264
13	25	-1120
13	26	1824
13	27	-800
13	28	2336
13	29	-224
13	30	-160
13	31	2784
14	15	-800
14	16	4320
14	17	4448
14	18	3552
14	19	-7072
14	20	-1440
14	21	-32
14	22	-6176
14	23	2016
14	24	-1504
14	25	7648
14	26	-3488
14	27	-5728
14	28	8288
14	29	6752
14	30	-2272
14	31	-1120
15	16	-352
15	17	-4576
15	18	4512
15	19	2848
15	20	1312
15	21	-4192
15	22	-10336
15	23	6048
15	24	-2464
15	25	4512
15	26	-736
15	27	-2336
15	28	-224
15	29	1312
15	30	2400
15	31	-2848
16	17	2592
16	18	-608
16	19	-18656
16	20	-7904
16	21	-5216
16	22	-3168
16	23	928
16	24	10848
16	25	3488
16	26	2336
16	27	6880
16	28	6944
16	29	288
16	30	-672
16	31	2272
17	18	-736
17	19	-6496
17	20	160
17	21	2848
17	22	-3296
17	23	-3296
17	24	2784
17	25	-736
17	26	-1888
17	27	7008
17	28	6816
17	29	-3936
17	30	-8736
17	31	2400
18	19	2592
18	20	-7136
18	21	-4448
18	22	-6496
18	23	-2400
18	24	-2208
18	25	160
18	26	3104
18	27	-2080
18	28	-480
18	29	9248
18	30	6752
18	31	-2592
19	20	3488
19	21	6176
19	22	4128
19	23	32
19	24	-12832
19	25	-1504
19	26	1440
19	27	-8608
19	28	-10336
19	29	-608
19	30	4320
19	31	3168
20	21	8736
20	22	-1504
20	23	-5600
20	24	-7200
20	25	-7136
20	26	4000
20	27	1120
20	28	-3680
20	29	1952
20	30	-6432
20	31	4704
21	22	-2912
21	23	-7008
21	24	-5792
21	25	-4448
21	26	2592
21	27	-1568
21	28	-5088
21	29	544
21	30	-928
21	31	10208
22	23	-4960
22	24	-3744
22	25	-2400
22	26	544
22	27	480
22	28	-7136
22	29	-1504
22	30	-2976
22	31	4064
23	24	4448
23	25	1696
23	26	-3552
23	27	480
23	28	9248
23	29	-5600
23	30	1120
23	31	-4128
24	25	-2208
24	26	-5152
24	27	8224
24	28	14816
24	29	-3104
24	30	3488
24	31	-7648
25	26	-9184
25	27	-10272
25	28	-480
25	29	1056
25	30	2656
25	31	-2592
26	27	3168
26	28	-5728
26	29	8096
26	30	-288
26	31	14944
27	28	6752
27	29	-7072
27	30	-736
27	31	416
28	29	-3680
28	30	-800
28	31	-6048
29	30	5856
29	31	608
30	31	-4320
