0	1	236
0	2	1388
0	3	-148
0	4	3564
0	5	404
0	6	-7572
0	7	-2580
0	8	-3180
0	9	492
0	10	6292
0	11	-2580
0	12	-11668
0	13	-3092
0	14	1300
0	15	5356
0	16	1388
0	17	7660
0	18	9748
0	19	-2284
0	20	404
0	21	-404
0	22	2708
0	23	-3436
0	24	-660
0	25	236
0	26	4884
0	27	3988
0	28	-3948
0	29	916
0	30	-6124
0	31	-1940
1	2	4204
1	3	-5524
1	4	-1812
1	5	1684
1	6	-660
1	7	4332
1	8	2196
1	9	3308
1	10	-620
1	11	4332
1	12	-4756
1	13	-276
1	14	-1516
1	15	-20
1	16	108
1	17	2284
1	18	2836
1	19	3092
1	20	-2412
1	21	-1684
1	22	-4204
1	23	1940
1	24	-6036
1	25	-5140
1	26	-2028
1	27	1172
1	28	1428
1	29	-1900
1	30	-748
1	31	-11412
2	3	-4372
2	4	-660
2	5	8724
2	6	492
2	7	1388
2	8	1044
2	9	4460
2	10	-5868
2	11	-2708
2	12	492
2	13	4972
2	14	1428
2	15	1132
2	16	-6932
2	17	3436
2	18	5780
2	19	-2156
2	20	4628
2	21	3564
2	22	2836
2	23	788
2	24	3308
2	25	8300
2	26	9108
2	27	12308
2	28	276
2	29	1044
2	30	2196
2	31	-2068
3	4	-6292
3	5	-6124
3	6	-1044
3	7	-148
3	8	-1516
3	9	-1172
3	10	-4332
3	11	-4244
3	12	-5140
3	13	3436
3	14	7060
3	15	3692
3	16	-276
3	17	-2196
3	18	-876
3	19	-620
3	20	2068
3	21	6124
3	22	4372
3	23	2324
3	24	1772
3	25	-1428
3	26	2452
3	27	1556
3	28	5908
3	29	-1516
3	30	-364
3	31	4588
4	5	-5740
4	6	-5524
4	7	-532
4	8	-9324
4	9	-1556
4	10	8340
4	11	3564
4	12	-5524
4	13	-5140
4	14	-748
4	15	-13076
4	16	-660
4	17	5612
4	18	3604
4	19	7956
4	20	-1644
4	21	-10644
4	22	-3436
4	23	2708
4	24	5484
4	25	-1812
4	26	-5356
4	27	1940
4	28	-10092
4	29	-1132
4	30	20
4	31	108
5	6	5396
5	7	404
5	8	-2836
5	9	-2668
5	10	-8212
5	11	404
5	12	1300
5	13	-3180
5	14	876
5	15	4756
5	16	-3564
5	17	2452
5	18	4716
5	19	-3732
5	20	-2324
5	21	2324
5	22	-4628
5	23	-10772
5	24	-5612
5	25	1684
5	26	5484
5	27	6380
5	28	-2068
5	29	1260
5	30	4204
5	31	7956
6	7	620
6	8	1812
6	9	-404
6	10	-1004
6	11	-3476
6	12	7916
6	13	-3988
6	14	10388
6	15	364
6	16	4588
6	17	-1428
6	18	-9836
6	19	-1388
6	20	-2796
6	21	-1300
6	22	-8684
6	23	5652
6	24	-13844
6	25	-4756
6	26	1684
6	27	-3308
6	28	1044
6	29	-6380
6	30	7060
6	31	5356
7	8	5012
7	9	-3604
7	10	-1900
7	11	1516
7	12	-7572
7	13	1004
7	14	1300
7	15	1260
7	16	1388
7	17	-532
7	18	5652
7	19	-2284
7	20	-7788
7	21	-4500
7	22	6804
7	23	660
7	24	-660
7	25	8428
7	26	-3308
7	27	-4204
7	28	148
7	29	5012
7	30	6164
7	31	-10132
8	9	1940
8	10	-4628
8	11	5012
8	12	5908
8	13	1428
8	14	364
8	15	5268
8	16	5140
8	17	-1132
8	18	108
8	19	-148
8	20	1260
8	21	2836
8	22	7148
8	23	1004
8	24	3092
8	25	6292
8	26	876
8	27	-2324
8	28	5612
8	29	-3348
8	30	-404
8	31	-7916
9	10	-876
9	11	-7700
9	12	-4500
9	13	-20
9	14	-1772
9	15	4332
9	16	8556
9	17	2540
9	18	6676
9	19	6932
9	20	5524
9	21	6764
9	22	-4460
9	23	1684
9	24	-5780
9	25	-4884
9	26	1812
9	27	5012
9	28	5268
9	29	-6252
9	30	-1004
9	31	-2964
10	11	6292
10	12	-5100
10	13	-9580
10	14	3180
10	15	-5740
10	16	2324
10	17	148
10	18	-5268
10	19	-5524
10	20	-8212
10	21	-4076
10	22	-2324
10	23	-276
10	24	276
10	25	-4716
10	26	-8596
10	27	492
10	28	236
10	29	-532
10	30	-5780
10	31	-2540
11	12	620
11	13	-7188
11	14	1300
11	15	-11028
11	16	-2708
11	17	-532
11	18	-2540
11	19	1812
11	20	-3692
11	21	-404
11	22	6804
11	23	-3436
11	24	7532
11	25	4332
11	26	-3308
11	27	-108
11	28	4244
11	29	-7276
11	30	-6124
11	31	-1940
12	13	4204
12	14	-5996
12	15	364
12	16	-3604
12	17	-5524
12	18	-9836
12	19	-5484
12	20	5396
12	21	-5396
12	22	-492
12	23	5652
12	24	2540
12	25	-660
12	26	1684
12	27	-3308
12	28	-3052
12	29	1812
12	30	2964
12	31	5356
13	14	-10476
13	15	4844
13	16	-7316
13	17	-9236
13	18	-2028
13	19	-1772
13	20	13204
13	21	3180
13	22	7316
13	23	5268
13	24	7020
13	25	7916
13	26	9492
13	27	404
13	28	4756
13	29	1428
13	30	6676
13	31	1644
14	15	-2540
14	16	5524
14	17	3348
14	18	-4372
14	19	3564
14	20	-11412
14	21	3220
14	22	-1428
14	23	620
14	24	-4716
14	25	-1516
14	26	-3604
14	27	1388
14	28	1132
14	29	-3732
14	30	-788
14	31	660
15	16	1132
15	17	3308
15	18	5908
15	19	-6124
15	20	660
15	21	3436
15	22	-1132
15	23	916
15	24	-5012
15	25	-20
15	26	5140
15	27	4244
15	28	404
15	29	1172
15	30	6420
15	31	-2196
16	17	-660
16	18	1684
16	19	10132
16	20	-3564
16	21	-532
16	22	-1260
16	23	788
16	24	-8980
16	25	-3988
16	26	-7276
16	27	-4076
16	28	276
16	29	-3052
16	30	-1900
16	31	-2068
17	18	15892
17	19	3860
17	20	-5740
17	21	-2452
17	22	-3436
17	23	-1388
17	24	-2708
17	25	-5908
17	26	-1260
17	27	1940
17	28	-5996
17	29	-1132
17	30	20
17	31	-8084
18	19	3308
18	20	620
18	21	-620
18	22	2412
18	23	-3732
18	24	-364
18	25	-1260
18	26	236
18	27	1132
18	28	-3220
18	29	108
18	30	3052
18	31	-7276
19	20	364
19	21	-364
19	22	-1940
19	23	108
19	24	-108
19	25	-1004
19	26	-4116
19	27	876
19	28	-3476
19	29	-8340
19	30	2796
19	31	-2924
20	21	6420
20	22	3564
20	23	5612
20	24	2580
20	25	5780
20	26	13676
20	27	2284
20	28	6124
20	29	-6932
20	30	108
20	31	7956
21	22	4628
21	23	-5612
21	24	-2580
21	25	6508
21	26	6804
21	27	1812
21	28	18452
21	29	-5356
21	30	-4204
21	31	4332
22	23	-788
22	24	13076
22	25	16276
22	26	7276
22	27	-20
22	28	7916
22	29	3052
22	30	-6292
22	31	-2028
23	24	-1260
23	25	-2156
23	26	1132
23	27	-2068
23	28	-2324
23	29	-7188
23	30	3948
23	31	-4076
24	25	10348
24	26	2964
24	27	6164
24	28	-1772
24	29	3092
24	30	-3948
24	31	-20
25	26	10260
25	27	5268
25	28	5524
25	29	2196
25	30	-748
25	31	876
26	27	10092
26	28	5740
26	29	-3220
26	30	-4372
26	31	8340
27	28	-1556
27	29	-2324
27	30	-3476
27	31	3348
28	29	-6676
28	30	-3732
28	31	3604
29	30	-4500
29	31	-3820
30	31	1428
