0	1	8
0	2	-184
0	3	520
0	4	-104
0	5	-376
0	6	296
0	7	184
0	8	-328
0	9	-56
0	10	-56
0	11	-536
1	2	440
1	3	472
1	4	424
1	5	-328
1	6	-232
1	7	-440
1	8	-280
1	9	-104
1	10	-104
1	11	-8
2	3	88
2	4	616
2	5	56
2	6	-424
2	7	-248
2	8	-472
2	9	88
2	10	-488
2	11	184
3	4	200
3	5	-296
3	6	184
3	7	-88
3	8	-920
3	9	-424
3	10	-424
3	11	-520
4	5	232
4	6	-440
4	7	-616
4	8	-392
4	9	200
4	10	-376
4	11	104
5	6	-40
5	7	-56
5	8	-88
5	9	280
5	10	-296
5	11	376
6	7	424
6	8	8
6	9	184
6	10	184
6	11	-296
7	8	-104
7	9	-88
7	10	-88
7	11	-184
8	9	232
8	10	808
8	11	328
9	10	152
9	11	56
10	11	56
