0	1	-4752
0	2	-1216
0	3	3048
0	4	-2880
0	5	1592
0	6	4608
0	7	1280
0	8	1696
0	9	-5336
0	10	6064
0	11	760
0	12	-5440
0	13	240
0	14	-2568
0	15	-2880
0	16	32
0	17	-1592
0	18	1488
0	19	760
0	20	-5064
0	21	1384
0	22	-3880
0	23	-696
0	24	-2048
0	25	-2984
1	2	2672
1	3	-4296
1	4	1632
1	5	-2840
1	6	-448
1	7	-5232
1	8	-5648
1	9	1176
1	10	-4608
1	11	696
1	12	3984
1	13	3920
1	14	1320
1	15	-1072
1	16	1424
1	17	-2568
1	18	-5440
1	19	696
1	20	3816
1	21	72
1	22	2424
1	23	-3256
1	24	800
1	25	1736
2	3	-5128
2	4	800
2	5	-968
2	6	4128
2	7	-656
2	8	-3776
2	9	2008
2	10	-32
2	11	-136
2	12	2112
2	13	3088
2	14	3192
2	15	-1904
2	16	3296
2	17	3672
2	18	-864
2	19	-136
2	20	-5128
2	21	-3464
2	22	3256
2	23	4024
2	24	-32
2	25	-1800
3	4	-760
3	5	-2528
3	6	-2840
3	7	-4920
3	8	8184
3	9	864
3	10	3816
3	11	-1696
3	12	-1736
3	13	-6584
3	14	-6480
3	15	-760
3	16	-3672
3	17	-8288
3	18	2984
3	19	3712
3	20	-3984
3	21	3088
3	22	-592
3	23	2464
3	24	-1592
3	25	-656
4	5	696
4	6	-2320
4	7	-7104
4	8	-2112
4	9	8456
4	10	-3776
4	11	4232
4	12	448
4	13	-656
4	14	-552
4	15	-2944
4	16	-448
4	17	-696
4	18	-1904
4	19	6936
4	20	-3464
4	21	-1800
4	22	4296
4	23	2984
4	24	1632
4	25	5272
5	6	4024
5	7	1944
5	8	-3880
5	9	-592
5	10	-2840
5	11	-240
5	12	2216
5	13	2984
5	14	384
5	15	696
5	16	-4920
5	17	3776
5	18	-968
5	19	-240
5	20	176
5	21	-864
5	22	656
5	23	-1488
5	24	2568
5	25	3504
6	7	1632
6	8	-4192
6	9	-280
6	10	-448
6	11	-552
6	12	-176
6	13	-32
6	14	2776
6	15	-2320
6	16	176
6	17	4088
6	18	4128
6	19	2152
6	20	-2840
6	21	1528
6	22	3672
6	23	904
6	24	-3152
6	25	-2216
7	8	-864
7	9	-6312
7	10	2880
7	11	-2632
7	12	-800
7	13	592
7	14	3400
7	15	1008
7	16	3504
7	17	6168
7	18	-656
7	19	-5336
7	20	3192
7	21	-552
7	22	-5064
7	23	-3880
7	24	-2528
7	25	-1592
8	9	-488
8	10	5168
8	11	2360
8	12	-384
8	13	-2528
8	14	-2424
8	15	3296
8	16	-2320
8	17	-1528
8	18	1632
8	19	-344
8	20	-5336
8	21	1736
8	22	760
8	23	3816
8	24	-2944
8	25	-4712
9	10	-6936
9	11	3984
9	12	2152
9	13	-4648
9	14	-2048
9	15	-2360
9	16	552
9	17	592
9	18	2008
9	19	6688
9	20	-1840
9	21	-800
9	22	6416
9	23	7936
9	24	3880
9	25	5648
10	11	-4712
10	12	-4128
10	13	1216
10	14	1320
10	15	1632
10	16	-1280
10	17	136
10	18	2672
10	19	-4712
10	20	-1592
10	21	72
10	22	-2984
10	23	-3256
10	24	-7312
10	25	-6376
11	12	-1320
11	13	-1592
11	14	-1488
11	15	-3880
11	16	-1384
11	17	2944
11	18	-136
11	19	592
11	20	-1696
11	21	-2736
11	22	5232
11	23	4752
11	24	6104
11	25	1632
12	13	864
12	14	3464
12	15	5856
12	16	-2048
12	17	-2216
12	18	-592
12	19	-1320
12	20	968
12	21	2008
12	22	6312
12	23	-72
12	24	1280
12	25	3048
13	14	1736
13	15	-656
13	16	1840
13	17	2424
13	18	-5024
13	19	-1592
13	20	-1176
13	21	-2216
13	22	-3400
13	23	-2840
13	24	-4192
13	25	-3256
14	15	4856
14	16	1944
14	17	2320
14	18	-2216
14	19	-6896
14	20	1632
14	21	-2112
14	22	4608
14	23	-5440
14	24	-1384
14	25	-448
15	16	-5856
15	17	2008
15	18	3504
15	19	-6584
15	20	1944
15	21	3608
15	22	1592
15	23	-2424
15	24	1632
15	25	-2840
16	17	-488
16	18	-4816
16	19	1320
16	20	-968
16	21	-4712
16	22	-3608
16	23	72
16	24	-3984
16	25	2360
17	18	3672
17	19	-2464
17	20	-176
17	21	-1840
17	22	-656
17	23	1488
17	24	136
17	25	-3504
18	19	-136
18	20	280
18	21	4648
18	22	3256
18	23	4024
18	24	-32
18	25	-4504
19	20	-7104
19	21	-32
19	22	-176
19	23	7456
19	24	-2008
19	25	1632
20	21	3088
20	22	-592
20	23	-8352
20	24	3816
20	25	2048
21	22	448
21	23	-3984
21	24	-2632
21	25	-4400
22	23	3776
22	24	2424
22	25	1488
23	24	2152
23	25	384
24	25	4440
