0	1	-1332
0	2	-4804
0	3	1124
0	4	-1580
0	5	1060
0	6	-7196
0	7	-4244
0	8	-1268
0	9	-1164
0	10	3308
0	11	-708
0	12	-3348
0	13	-228
0	14	6260
0	15	2100
0	16	3764
0	17	124
0	18	-3972
0	19	-2268
0	20	-7156
0	21	500
0	22	3348
0	23	4036
0	24	-124
0	25	1852
1	2	1060
1	3	5948
1	4	-2164
1	5	-2724
1	6	3452
1	7	2580
1	8	2932
1	9	124
1	10	3764
1	11	-956
1	12	-3100
1	13	-812
1	14	188
1	15	-1060
1	16	-5428
1	17	-1788
1	18	2932
1	19	-2100
1	20	5492
1	21	-1540
1	22	396
1	23	-2372
1	24	-916
1	25	-188
2	3	-3972
2	4	-1268
2	5	748
2	6	3932
2	7	3556
2	8	1748
2	9	-6260
2	10	-1788
2	11	4388
2	12	-332
2	13	5492
2	14	-2164
2	15	-916
2	16	748
2	17	-188
2	18	4452
2	19	124
2	20	644
2	21	3516
2	22	-2372
2	23	-3764
2	24	188
2	25	-3244
3	4	4660
3	5	228
3	6	1748
3	7	332
3	8	-436
3	9	-332
3	10	1436
3	11	-4244
3	12	-2516
3	13	604
3	14	5428
3	15	3972
3	16	228
3	17	1996
3	18	-436
3	19	5012
3	20	-2580
3	21	-1372
3	22	2516
3	23	-540
3	24	3412
3	25	-20
4	5	228
4	6	-956
4	7	3036
4	8	-5844
4	9	2372
4	10	-1268
4	11	-1540
4	12	2892
4	13	-2100
4	14	2724
4	15	3972
4	16	2932
4	17	-708
4	18	-3140
4	19	2308
4	20	-2580
4	21	-1372
4	22	-188
4	23	-540
4	24	3412
4	25	-2724
5	6	-4972
5	7	-5220
5	8	-5492
5	9	-188
5	10	-1956
5	11	-644
5	12	1996
5	13	1580
5	14	500
5	15	-3452
5	16	2996
5	17	-4180
5	18	2620
5	19	3620
5	20	-2308
5	21	3556
5	22	-1996
5	23	20
5	24	1476
5	25	-500
6	7	5948
6	8	4764
6	9	-540
6	10	-1476
6	11	1372
6	12	-20
6	13	-2308
6	14	228
6	15	-1228
6	16	-2268
6	17	-500
6	18	2060
6	19	-188
6	20	5740
6	21	-1580
6	22	2724
6	23	-748
6	24	-2204
6	25	2476
7	8	2724
7	9	-84
7	10	-1852
7	11	1956
7	12	-604
7	13	-1020
7	14	-2308
7	15	4556
7	16	-5220
7	17	-1580
7	18	20
7	19	-1892
7	20	2996
7	21	956
7	22	3308
7	23	124
7	24	4284
7	25	-396
8	9	-5428
8	10	1748
8	11	3556
8	12	500
8	13	916
8	14	2412
8	15	956
8	16	-2788
8	17	1684
8	18	2580
8	19	-3412
8	20	2516
8	21	-1060
8	22	2204
8	23	-2932
8	24	-1684
8	25	292
9	10	-3556
9	11	-4660
9	12	3308
9	13	-4388
9	14	-396
9	15	852
9	16	-2892
9	17	-6532
9	18	-5428
9	19	1892
9	20	5116
9	21	-3660
9	22	-604
9	23	2580
9	24	-4284
9	25	5804
10	11	1684
10	12	-3036
10	13	-2620
10	14	-2164
10	15	1788
10	16	748
10	17	-188
10	18	1748
10	19	124
10	20	644
10	21	-1892
10	22	3036
10	23	1644
10	24	-5220
10	25	-540
11	12	2932
11	13	-188
11	14	-3140
11	15	1020
11	16	2060
11	17	2996
11	18	-1852
11	19	2684
11	20	-5948
11	21	1788
11	22	-2932
11	23	3660
11	24	2412
11	25	3140
12	13	-1164
12	14	1788
12	15	332
12	16	-708
12	17	-4348
12	18	-4908
12	19	1372
12	20	1892
12	21	-436
12	22	-1124
12	23	396
12	24	-1060
12	25	-1788
13	14	-1332
13	15	2620
13	16	4284
13	17	644
13	18	916
13	19	956
13	20	-1228
13	21	5388
13	22	-1540
13	23	-4596
13	24	-644
13	25	-4076
14	15	-540
14	16	3204
14	17	-1268
14	18	-2996
14	19	1124
14	20	-2100
14	21	-2060
14	22	916
14	23	2516
14	24	-1436
14	25	1996
15	16	1956
15	17	188
15	18	-1748
15	19	2580
15	20	-3348
15	21	-812
15	22	2372
15	23	1060
15	24	2516
15	25	540
16	17	3932
16	18	-2788
16	19	3620
16	20	-5012
16	21	3556
16	22	-4700
16	23	5428
16	24	-1228
16	25	2204
17	18	1684
17	19	1852
17	20	-6780
17	21	2620
17	22	-3764
17	23	1788
17	24	5948
17	25	-1436
18	19	-708
18	20	2516
18	21	-1060
18	22	2204
18	23	-5636
18	24	1020
18	25	-2412
19	20	-4388
19	21	228
19	22	-4076
19	23	4804
19	24	852
19	25	4284
20	21	-1956
20	22	812
20	23	-2788
20	24	-6740
20	25	-604
21	22	-2268
21	23	-1164
21	24	2788
21	25	-6052
22	23	-3100
22	24	-1644
22	25	-916
23	24	916
23	25	8300
24	25	-3972
