0	1	2004
0	2	1196
0	3	-396
0	4	396
0	5	-236
0	6	-1036
0	7	-556
0	8	-324
0	9	-644
0	10	-1356
0	11	-1924
0	12	1284
0	13	1364
0	14	-2156
0	15	1356
0	16	1036
0	17	-156
0	18	-316
0	19	-1916
1	2	556
1	3	244
1	4	-1844
1	5	404
1	6	-396
1	7	84
1	8	2236
1	9	316
1	10	-716
1	11	-964
1	12	324
1	13	404
1	14	-1516
1	15	716
1	16	1996
1	17	484
1	18	-1276
1	19	-1276
2	3	1356
2	4	244
2	5	1196
2	6	396
2	7	-84
2	8	-636
2	9	-316
2	10	-884
2	11	964
2	12	1276
2	13	-404
2	14	1516
2	15	884
2	16	-396
2	17	-2084
2	18	1276
2	19	-324
3	4	556
3	5	1204
3	6	404
3	7	884
3	8	1436
3	9	-484
3	10	1684
3	11	1436
3	12	1124
3	13	-1996
3	14	884
3	15	1516
3	16	-2004
3	17	-1916
3	18	-2076
3	19	-476
4	5	-1204
4	6	1196
4	7	716
4	8	164
4	9	-1116
4	10	-84
4	11	1764
4	12	2076
4	13	396
4	14	2316
4	15	-1516
4	16	-1196
4	17	316
4	18	-1124
4	19	-1124
5	6	564
5	7	-556
5	8	1276
5	9	2556
5	10	1844
5	11	-324
5	12	-316
5	13	-1836
5	14	1044
5	15	2956
5	16	1036
5	17	1444
5	18	-316
5	19	-316
6	7	-1356
6	8	2076
6	9	-1444
6	10	-556
6	11	476
6	12	484
6	13	-2636
6	14	1844
6	15	-1044
6	16	-1364
6	17	644
6	18	-1116
6	19	-1116
7	8	1596
7	9	1276
7	10	1524
7	11	1596
7	12	964
7	13	1044
7	14	724
7	15	76
7	16	-244
7	17	-476
7	18	-2236
7	19	964
8	9	-396
8	10	2396
8	11	884
8	12	-244
8	13	-324
8	14	-4
8	15	804
8	16	-476
8	17	1196
8	18	-5044
8	19	-244
9	10	476
9	11	-396
9	12	1036
9	13	-644
9	14	1276
9	15	1124
9	16	3044
9	17	2476
9	18	1036
9	19	-564
10	11	796
10	12	-1436
10	13	244
10	14	-76
10	15	2476
10	16	-1044
10	17	324
10	18	-3036
10	19	1764
11	12	-244
11	13	-324
11	14	3196
11	15	-2396
11	16	-2076
11	17	-404
11	18	-244
11	19	-244
12	13	-316
12	14	964
12	15	-164
12	16	1116
12	17	-236
12	18	-396
12	19	-1996
13	14	-2156
13	15	-244
13	16	1036
13	17	-156
13	18	-316
13	19	1284
14	15	-1524
14	16	-244
14	17	1124
14	18	964
14	19	-636
15	16	1044
15	17	-324
15	18	-1764
15	19	1436
16	17	2556
16	18	1116
16	19	-484
17	18	-236
17	19	-1836
18	19	-396
