0	1	-2132
0	2	-452
0	3	-292
0	4	-1172
0	5	292
0	6	-52
0	7	-372
0	8	-2508
0	9	1788
0	10	132
0	11	-292
0	12	108
0	13	-692
0	14	-748
0	15	-1548
0	16	-1012
0	17	-348
0	18	2372
0	19	-2772
1	2	-1172
1	3	-1012
1	4	-292
1	5	-2188
1	6	828
1	7	508
1	8	-188
1	9	-2132
1	10	-748
1	11	588
1	12	-612
1	13	-1412
1	14	-28
1	15	772
1	16	-132
1	17	372
1	18	-108
1	19	1308
2	3	668
2	4	-212
2	5	932
2	6	908
2	7	-2612
2	8	1332
2	9	-452
2	10	2372
2	11	668
2	12	-2132
2	13	268
2	14	1492
2	15	-908
2	16	1548
2	17	292
2	18	-1788
2	19	1388
3	4	1548
3	5	2372
3	6	1068
3	7	-852
3	8	1172
3	9	-292
3	10	2212
3	11	-772
3	12	-1972
3	13	-1172
3	14	1332
3	15	-1068
3	16	1708
3	17	132
3	18	-1948
3	19	1548
4	5	1652
4	6	188
4	7	-132
4	8	452
4	9	2028
4	10	-108
4	11	-52
4	12	348
4	13	1148
4	14	2212
4	15	-188
4	16	-772
4	17	2612
4	18	532
4	19	668
5	6	532
5	7	-748
5	8	428
5	9	1892
5	10	988
5	11	-828
5	12	372
5	13	1172
5	14	1868
5	15	-532
5	16	-108
5	17	-132
5	18	-1252
5	19	52
6	7	-2212
6	8	-668
6	9	-52
6	10	1972
6	11	-532
6	12	-3332
6	13	-932
6	14	1092
6	15	-2908
6	16	348
6	17	1492
6	18	-588
6	19	188
7	8	1252
7	9	-372
7	10	-908
7	11	-2452
7	12	2748
7	13	1948
7	14	-1788
7	15	2212
7	16	-1572
7	17	-1388
7	18	-268
7	19	-132
8	9	-908
8	10	588
8	11	-2028
8	12	772
8	13	1572
8	14	-132
8	15	2268
8	16	292
8	17	-2132
8	18	-3252
8	19	2052
9	10	-1468
9	11	-292
9	12	1708
9	13	2508
9	14	2452
9	15	52
9	16	-2612
9	17	1252
9	18	2372
9	19	-1172
10	11	-988
10	12	-2988
10	13	-588
10	14	428
10	15	-1972
10	16	1332
10	17	28
10	18	-2692
10	19	1492
11	12	-372
11	13	-2772
11	14	1332
11	15	532
11	16	108
11	17	132
11	18	1252
11	19	-52
12	13	2428
12	14	-668
12	15	3332
12	16	-2692
12	17	-1868
12	18	852
12	19	-1252
13	14	132
13	15	932
13	16	-1892
13	17	532
13	18	52
13	19	-452
14	15	508
14	16	-1148
14	17	908
14	18	-212
14	19	2212
15	16	-1948
15	17	-3092
15	18	-1012
15	19	1412
16	17	852
16	18	-1228
16	19	828
17	18	2588
17	19	-588
18	19	-2668
