0	1	-1256
0	2	376
0	3	776
0	4	-1656
0	5	1624
0	6	616
0	7	-856
0	8	1864
0	9	-2824
0	10	-2776
0	11	2456
0	12	616
0	13	936
0	14	264
0	15	-936
0	16	776
0	17	-1064
0	18	24
0	19	1224
1	2	376
1	3	776
1	4	-56
1	5	-1576
1	6	-2584
1	7	-856
1	8	264
1	9	1976
1	10	424
1	11	-744
1	12	616
1	13	-664
1	14	-1336
1	15	-936
1	16	-2424
1	17	3736
1	18	3224
1	19	-1976
2	3	104
2	4	776
2	5	696
2	6	1864
2	7	1576
2	8	-1144
2	9	504
2	10	296
2	11	-1576
2	12	264
2	13	-56
2	14	456
2	15	-1544
2	16	104
2	17	-1256
2	18	696
2	19	1096
3	4	1176
3	5	-2104
3	6	-1736
3	7	376
3	8	856
3	9	104
3	10	-904
3	11	-1976
3	12	-136
3	13	1144
3	14	856
3	15	456
3	16	-296
3	17	-56
3	18	1096
3	19	-1704
4	5	-376
4	6	1016
4	7	344
4	8	-136
4	9	2376
4	10	1624
4	11	-1944
4	12	2616
4	13	-264
4	14	1464
4	15	264
4	16	1176
4	17	-664
4	18	1224
4	19	-776
5	6	2536
5	7	424
5	8	1544
5	9	-904
5	10	104
5	11	1176
5	12	936
5	13	1256
5	14	-1656
5	15	-1256
5	16	1096
5	17	-744
5	18	-1896
5	19	2504
6	7	1816
6	8	696
6	9	-1336
6	10	536
6	11	-216
6	12	1624
6	13	-296
6	14	696
6	15	-1304
6	16	3064
6	17	-1496
6	18	-664
6	19	2936
7	8	-936
7	9	-24
7	10	824
7	11	-2744
7	12	216
7	13	2136
7	14	-936
7	15	1064
7	16	376
7	17	136
7	18	-1176
7	19	1624
8	9	-1144
8	10	-1256
8	11	936
8	12	696
8	13	1016
8	14	184
8	15	-1016
8	16	2456
8	17	616
8	18	-56
8	19	-456
9	10	1896
9	11	-1576
9	12	264
9	13	-56
9	14	456
9	15	56
9	16	-1496
9	17	344
9	18	696
9	19	-2104
10	11	-824
10	12	536
10	13	856
10	14	344
10	15	-856
10	16	-904
10	17	456
10	18	104
10	19	-296
11	12	-216
11	13	-536
11	14	936
11	15	-1064
11	16	-376
11	17	-136
11	18	-424
11	19	-24
12	13	-296
12	14	-904
12	15	296
12	16	1464
12	17	1704
12	18	2536
12	19	1336
13	14	-584
13	15	616
13	16	-456
13	17	-216
13	18	-1944
13	19	56
14	15	-1016
14	16	856
14	17	-2584
14	18	-56
14	19	-2056
15	16	456
15	17	216
15	18	-1256
15	19	-56
16	17	-1656
16	18	-504
16	19	1496
17	18	2456
17	19	-344
18	19	-696
