0	1	324
0	2	-3964
0	3	324
0	4	3212
0	5	1364
0	6	-4796
0	7	196
0	8	-1260
0	9	-4980
0	10	-2300
0	11	-300
0	12	404
0	13	3444
0	14	1572
0	15	508
0	16	612
0	17	-1860
0	18	532
0	19	3340
0	20	-1884
0	21	-4356
0	22	-7188
0	23	-3628
0	24	612
0	25	-2716
1	2	2404
1	3	3940
1	4	636
1	5	196
1	6	532
1	7	948
1	8	-3004
1	9	-1572
1	10	3444
1	11	-844
1	12	3444
1	13	3524
1	14	-2716
1	15	3340
1	16	3236
1	17	-1988
1	18	3732
1	19	-1780
1	20	-2380
1	21	-2196
1	22	220
1	23	-220
1	24	532
1	25	1156
2	3	-300
2	4	-4276
2	5	6148
2	6	1236
2	7	-4588
2	8	-636
2	9	-196
2	10	6436
2	11	-924
2	12	3732
2	13	-2588
2	14	-1756
2	15	3836
2	16	1236
2	17	2924
2	18	-92
2	19	2716
2	20	-1260
2	21	8540
2	22	1548
2	23	1156
2	24	1236
2	25	-2092
3	4	636
3	5	2900
3	6	532
3	7	6356
3	8	2404
3	9	-1572
3	10	740
3	11	1860
3	12	740
3	13	-4588
3	14	2692
3	15	636
3	16	5940
3	17	-1988
3	18	-1676
3	19	-1780
3	20	324
3	21	-2196
3	22	220
3	23	5188
3	24	3236
3	25	-4252
4	5	1676
4	6	300
4	7	5292
4	8	1132
4	9	740
4	10	-5316
4	11	-2692
4	12	-2612
4	13	-1652
4	14	1884
4	15	-2508
4	16	-2404
4	17	1156
4	18	844
4	19	-1756
4	20	-2196
4	21	-4044
4	22	-4796
4	23	2092
4	24	-5108
4	25	2380
5	6	-3836
5	7	-3420
5	8	3444
5	9	-5316
5	10	1780
5	11	820
5	12	-924
5	13	-2924
5	14	-1052
5	15	4380
5	16	1572
5	17	-324
5	18	2692
5	19	2588
5	20	1364
5	21	2172
5	22	1260
5	23	-1260
5	24	1572
5	25	-508
6	7	-12
6	8	-4172
6	9	6044
6	10	196
6	11	2612
6	12	196
6	13	-1756
6	14	1780
6	15	300
6	16	3108
6	17	-1652
6	18	-1964
6	19	-4564
6	20	-2092
6	21	3964
6	22	-4692
6	23	1988
6	24	404
6	25	-220
7	8	-1884
7	9	1052
7	10	-2924
7	11	324
7	12	2484
7	13	1364
7	14	2196
7	15	-5524
7	16	2692
7	17	1468
7	18	1156
7	19	-1444
7	20	2900
7	21	-6436
7	22	300
7	23	7812
7	24	-12
7	25	-3340
8	9	-5604
8	10	1028
8	11	-924
8	12	-7084
8	13	-2588
8	14	948
8	15	-1572
8	16	-4172
8	17	220
8	18	-92
8	19	5420
8	20	4148
8	21	3132
8	22	-1156
8	23	-4252
8	24	-1468
8	25	612
9	10	844
9	11	-3652
9	12	844
9	13	-1988
9	14	-116
9	15	-4668
9	16	636
9	17	612
9	18	-7188
9	19	-7292
9	20	-4980
9	21	3108
9	22	3028
9	23	2380
9	24	-2068
9	25	1260
10	11	116
10	12	-12
10	13	1156
10	14	-3420
10	15	2796
10	16	2900
10	17	1260
10	18	948
10	19	3756
10	20	404
10	21	6876
10	22	508
10	23	-3212
10	24	-2508
10	25	-428
11	12	2820
11	13	-1260
11	14	-2092
11	15	12
11	16	2612
11	17	-6772
11	18	1652
11	19	-1156
11	20	2404
11	21	1132
11	22	-3108
11	23	3108
11	24	2612
11	25	3236
12	13	-4252
12	14	1988
12	15	2796
12	16	196
12	17	1260
12	18	-1756
12	19	1052
12	20	-2300
12	21	4172
12	22	508
12	23	4900
12	24	-2508
12	25	2276
13	14	-3132
13	15	-1652
13	16	948
13	17	300
13	18	6020
13	19	-2196
13	20	3444
13	21	-5316
13	22	-2068
13	23	-3340
13	24	6356
13	25	1572
14	15	-820
14	16	4484
14	17	-532
14	18	-220
14	19	-324
14	20	-1132
14	21	-740
14	22	-1236
14	23	1236
14	24	1780
14	25	-300
15	16	3004
15	17	3860
15	18	3548
15	19	3652
15	20	508
15	21	4068
15	22	-2092
15	23	-612
15	24	300
15	25	-324
16	17	-1652
16	18	740
16	19	-4564
16	20	-4796
16	21	-1444
16	22	716
16	23	4692
16	24	3108
16	25	-2924
17	18	3212
17	19	404
17	20	844
17	21	-12
17	22	3444
17	23	1964
17	24	-1652
17	25	-1028
18	19	716
18	20	5940
18	21	-5108
18	22	3132
18	23	-3132
18	24	3444
18	25	-1340
19	20	3340
19	21	2900
19	22	-2172
19	23	-3236
19	24	-1860
19	25	-1236
20	21	1052
20	22	-1780
20	23	-924
20	24	3316
20	25	-12
21	22	-4460
21	23	-948
21	24	-4148
21	25	1884
22	23	1676
22	24	3420
22	25	-2612
23	24	1988
23	25	2612
24	25	-2924
