0	1	2920
0	2	-4480
0	3	4048
0	4	-2904
0	5	-4064
0	6	6128
0	7	1760
0	8	3336
0	9	-632
0	10	-720
0	11	-2400
0	12	-736
0	13	-3216
0	14	1864
0	15	2384
0	16	-3232
0	17	-96
0	18	-944
0	19	-4672
0	20	1568
0	21	2192
0	22	-6648
0	23	824
0	24	-5504
0	25	1344
1	2	96
1	3	-2192
1	4	-2072
1	5	512
1	6	-112
1	7	928
1	8	-3944
1	9	3944
1	10	2816
1	11	4880
1	12	1136
1	13	3024
1	14	-1672
1	15	-1152
1	16	-1360
1	17	-4672
1	18	928
1	19	-3840
1	20	-304
1	21	320
1	22	-3112
1	23	2696
1	24	736
1	25	-2192
2	3	1048
2	4	3216
2	5	-1656
2	6	-1032
2	7	632
2	8	-320
2	9	320
2	10	1032
2	11	2088
2	12	424
2	13	8936
2	14	-2176
2	15	-2696
2	16	216
2	17	408
2	18	632
2	19	-424
2	20	1448
2	21	-1880
2	22	-1152
2	23	-1136
2	24	408
2	25	-4360
3	4	3632
3	5	632
3	6	1256
3	7	-2488
3	8	10912
3	9	-96
3	10	-3960
3	11	1672
3	12	8
3	13	1240
3	14	-2592
3	15	-3112
3	16	-200
3	17	824
3	18	-2488
3	19	5400
3	20	1864
3	21	3944
3	22	-3440
3	23	3856
3	24	-9992
3	25	632
4	5	3632
4	6	3008
4	7	-1360
4	8	1048
4	9	1656
4	10	-3008
4	11	-112
4	12	4256
4	13	-96
4	14	-6664
4	15	-3440
4	16	4464
4	17	-2384
4	18	4048
4	19	3856
4	20	-720
4	21	2608
4	22	1880
4	23	408
4	24	320
4	25	-4480
5	6	-4152
5	7	216
5	8	96
5	9	2608
5	10	-3960
5	11	1672
5	12	-2696
5	13	1240
5	14	-5296
5	15	-408
5	16	2504
5	17	-4584
5	18	5624
5	19	5400
5	20	1864
5	21	3944
5	22	1968
5	23	-4256
5	24	-1880
5	25	-7480
6	7	840
6	8	2176
6	9	528
6	10	3528
6	11	-408
6	12	632
6	13	-4792
6	14	-1968
6	15	216
6	16	424
6	17	200
6	18	840
6	19	-632
6	20	3944
6	21	3320
6	22	1344
6	23	1776
6	24	200
6	25	3960
7	8	512
7	9	-5920
7	10	-840
7	11	-1448
7	12	2296
7	13	-1048
7	14	2400
7	15	-824
7	16	-616
7	17	-1464
7	18	-200
7	19	408
7	20	4984
7	21	-1048
7	22	2384
7	23	-4672
7	24	1240
7	25	2920
8	9	-4584
8	10	-2176
8	11	1760
8	12	720
8	13	-1968
8	14	-4792
8	15	-1568
8	16	3632
8	17	1152
8	18	512
8	19	4688
8	20	2816
8	21	736
8	22	8
8	23	4984
8	24	-6960
8	25	2800
9	10	-528
9	11	-1760
9	12	-3424
9	13	4672
9	14	-616
9	15	-3840
9	16	1776
9	17	-3856
9	18	2192
9	19	3424
9	20	-2816
9	21	1968
9	22	2696
9	23	5832
9	24	1552
9	25	-5504
10	11	5816
10	12	2072
10	13	-3320
10	14	-736
10	15	-2920
10	16	4984
10	17	-200
10	18	1864
10	19	-2072
10	20	-1240
10	21	-3320
10	22	4064
10	23	-1776
10	24	5208
10	25	4152
11	12	3752
11	13	2904
11	14	-6960
11	15	-2072
11	16	840
11	17	-5624
11	18	1256
11	19	4360
11	20	3528
11	21	-2504
11	22	928
11	23	-512
11	24	2488
11	25	1672
12	13	-840
12	14	-3216
12	15	-1032
12	16	4584
12	17	-3960
12	18	-3112
12	19	616
12	20	5192
12	21	-840
12	22	-112
12	23	-2176
12	24	4152
12	25	8
13	14	1760
13	15	2280
13	16	-3336
13	17	-5400
13	18	-3752
13	19	840
13	20	1672
13	21	-3112
13	22	-1136
13	23	720
13	24	8
13	25	-6872
14	15	4480
14	16	-3424
14	17	4048
14	18	-8416
14	19	-2192
14	20	-3024
14	21	-944
14	22	-216
14	23	-2072
14	24	-1360
14	25	2816
15	16	-3944
15	17	4568
15	18	-3528
15	19	-4376
15	20	2904
15	21	-3128
15	22	304
15	23	-2592
15	24	-840
15	25	-408
16	17	-1048
16	18	7496
16	19	824
16	20	-8
16	21	2072
16	22	8208
16	23	-2384
16	24	4360
16	25	-2904
17	18	-1464
17	19	-4152
17	20	-3320
17	21	2712
17	22	-720
17	23	304
17	24	-4984
17	25	3528
18	19	-2296
18	20	-424
18	21	1656
18	22	5088
18	23	-1968
18	24	3944
18	25	-5192
19	20	2920
19	21	-1864
19	22	5520
19	23	2176
19	24	-1448
19	25	2696
20	21	-1032
20	22	944
20	23	-4064
20	24	-616
20	25	1864
21	22	-3840
21	23	720
21	24	-5400
21	25	-4168
22	23	-1256
22	24	7392
22	25	1968
23	24	-2400
23	25	1152
24	25	824
