0	1	3552
0	2	1128
0	3	4176
0	4	1992
0	5	328
0	6	1160
0	7	1544
0	8	-1440
0	9	4040
0	10	2064
0	11	8096
0	12	-7472
0	13	2720
0	14	1160
0	15	3936
0	16	-1576
0	17	1024
0	18	-3344
0	19	5392
0	20	2200
0	21	-2584
0	22	-5080
0	23	5632
0	24	3000
0	25	-640
1	2	2376
1	3	224
1	4	-1960
1	5	-920
1	6	5320
1	7	2792
1	8	-2688
1	9	7992
1	10	3312
1	11	3936
1	12	2096
1	13	-1232
1	14	-88
1	15	-2928
1	16	-328
1	17	-5840
1	18	608
1	19	3936
1	20	-1752
1	21	4280
1	22	1784
1	23	1680
1	24	4248
1	25	3312
2	3	1752
2	4	1232
2	5	2896
2	6	2064
2	7	-2064
2	8	-744
2	9	3552
2	10	5528
2	11	2200
2	12	-120
2	13	5912
2	14	-640
2	15	-1752
2	16	3760
2	17	-1544
2	18	120
2	19	-504
2	20	3728
2	21	3104
2	22	2896
2	23	3000
2	24	1888
2	25	2824
3	4	-1336
3	5	-296
3	6	-4872
3	7	4872
3	8	-2064
3	9	-744
3	10	-16
3	11	3312
3	12	-8096
3	13	4800
3	14	-2168
3	15	1856
3	16	1752
3	17	4352
3	18	-5424
3	19	608
3	20	-1128
3	21	4904
3	22	-3000
3	23	2304
3	24	-1784
3	25	-16
4	5	224
4	6	1056
4	7	4352
4	8	-4248
4	9	-1264
4	10	2168
4	11	88
4	12	-2168
4	13	2616
4	14	1056
4	15	6744
4	16	-1472
4	17	1128
4	18	-3240
4	19	88
4	20	-608
4	21	-2688
4	22	-2480
4	23	120
4	24	400
4	25	-3240
5	6	2096
5	7	-2096
5	8	-3208
5	9	400
5	10	3832
5	11	1752
5	12	1576
5	13	-1752
5	14	-6016
5	15	296
5	16	192
5	17	-2616
5	18	3832
5	19	1752
5	20	-2272
5	21	1056
5	22	-4144
5	23	3864
5	24	-3344
5	25	-1576
6	7	-224
6	8	-2376
6	9	7680
6	10	5704
6	11	920
6	12	5112
6	13	-3624
6	14	224
6	15	4872
6	16	-3344
6	17	-8856
6	18	3000
6	19	3624
6	20	1264
6	21	-816
6	22	-608
6	23	-712
6	24	1232
6	25	296
7	8	-328
7	9	432
7	10	5112
7	11	-920
7	12	-5112
7	13	920
7	14	2480
7	15	536
7	16	-2064
7	17	-1960
7	18	-3000
7	19	1784
7	20	-1264
7	21	816
7	22	-4800
7	23	712
7	24	-1232
7	25	-5704
8	9	2168
8	10	2896
8	11	-1888
8	12	-192
8	13	-3520
8	14	328
8	15	-640
8	16	1960
8	17	1856
8	18	192
8	19	-4592
8	20	1368
8	21	-712
8	22	2200
8	23	2096
8	24	1128
8	25	-2512
9	10	8024
9	11	4696
9	12	88
9	13	712
9	14	2272
9	15	-1960
9	16	-1856
9	17	-4456
9	18	2616
9	19	1992
9	20	3936
9	21	3312
9	22	3104
9	23	3208
9	24	4384
9	25	2616
10	11	1264
10	12	-1888
10	13	1440
10	14	3000
10	15	16
10	16	-5288
10	17	-2480
10	18	4592
10	19	3968
10	20	4664
10	21	-1368
10	22	-1576
10	23	6640
10	24	-1752
10	25	-3520
11	12	-6672
11	13	7472
11	14	-4488
11	15	-608
11	16	-504
11	17	-3104
11	18	-1440
11	19	3344
11	20	5288
11	21	-744
11	22	-952
11	23	4560
11	24	328
11	25	1264
12	13	-6848
12	14	-296
12	15	-16
12	16	2584
12	17	-2928
12	18	3520
12	19	-1264
12	20	-4664
12	21	1368
12	22	4280
12	23	-3936
12	24	1752
12	25	3520
13	14	-920
13	15	-2096
13	16	3208
13	17	3104
13	18	-1264
13	19	2064
13	20	8232
13	21	744
13	22	-1752
13	23	3552
13	24	-328
13	25	-1264
14	15	-536
14	16	-3344
14	17	1960
14	18	296
14	19	3624
14	20	1264
14	21	-816
14	22	2096
14	23	-712
14	24	3936
14	25	296
15	16	-1752
15	17	-1648
15	18	-5392
15	19	2096
15	20	-4280
15	21	-2200
15	22	-5112
15	23	400
15	24	-920
15	25	-2688
16	17	1160
16	18	120
16	19	-5912
16	20	-1680
16	21	5808
16	22	2896
16	23	3000
16	24	7296
16	25	120
17	18	224
17	19	-3104
17	20	920
17	21	296
17	22	88
17	23	192
17	24	-712
17	25	224
18	19	-4144
18	20	1960
18	21	1336
18	22	3832
18	23	3936
18	24	952
18	25	-816
19	20	2584
19	21	-3448
19	22	-3656
19	23	1856
19	24	-2376
19	25	1264
20	21	-2480
20	22	432
20	23	328
20	24	192
20	25	1960
21	22	1056
21	23	952
21	24	4976
21	25	6744
22	23	1160
22	24	4768
22	25	6536
23	24	4872
23	25	-1472
24	25	952
