0	1	-244
0	2	148
0	3	-244
0	4	52
0	5	-44
0	6	284
0	7	188
0	8	-4
0	9	-100
0	10	196
0	11	-44
1	2	244
1	3	236
1	4	-428
1	5	52
1	6	-388
1	7	92
1	8	-100
1	9	-196
1	10	-284
1	11	628
2	3	-332
2	4	-52
2	5	-532
2	6	-284
2	7	388
2	8	4
2	9	100
2	10	-196
2	11	44
3	4	-428
3	5	628
3	6	-388
3	7	92
3	8	476
3	9	-772
3	10	292
3	11	52
4	5	-436
4	6	196
4	7	-284
4	8	-92
4	9	580
4	10	-100
4	11	-436
5	6	100
5	7	196
5	8	388
5	9	-668
5	10	572
5	11	236
6	7	44
6	8	-148
6	9	332
6	10	340
6	11	100
7	8	332
7	9	-340
7	10	436
7	11	196
8	9	-532
8	10	628
8	11	-188
9	10	-428
9	11	-92
10	11	-4
