0	1	604
0	2	76
0	3	-212
0	4	-28
0	5	76
0	6	-500
0	7	604
0	8	-316
0	9	-116
0	10	-364
0	11	500
1	2	308
1	3	-556
1	4	-356
1	5	-268
1	6	-844
1	7	932
1	8	-68
1	9	-76
1	10	-20
1	11	268
2	3	-604
2	4	268
2	5	-316
2	6	-316
2	7	308
2	8	-20
2	9	-124
2	10	28
2	11	-260
3	4	-20
3	5	-28
3	6	548
3	7	-556
3	8	268
3	9	164
3	10	-260
3	11	28
4	5	268
4	6	268
4	7	-356
4	8	-508
4	9	76
4	10	20
4	11	-268
5	6	260
5	7	-268
5	8	-596
5	9	-124
5	10	28
5	11	316
6	7	-844
6	8	-20
6	9	-124
6	10	28
6	11	-260
7	8	-68
7	9	-76
7	10	-20
7	11	268
8	9	364
8	10	-268
8	11	20
9	10	-164
9	11	124
10	11	-604
