0	1	-7368
0	2	9904
0	3	-2696
0	4	-5192
0	5	-10632
0	6	6232
0	7	432
0	8	-11400
0	9	-9496
0	10	-3968
0	11	-2152
0	12	-1744
0	13	1792
0	14	10584
0	15	-24
0	16	-10992
0	17	-4056
0	18	1656
0	19	-10448
0	20	-432
0	21	-3376
0	22	-12672
0	23	-3240
0	24	3784
0	25	8184
0	26	-1744
0	27	-1928
0	28	3560
0	29	3648
0	30	7912
0	31	4736
0	32	5416
0	33	-9952
1	2	-4736
1	3	-2472
1	4	-3512
1	5	-2696
1	6	-10312
1	7	3648
1	8	15480
1	9	4328
1	10	4512
1	11	-7640
1	12	10448
1	13	-11584
1	14	-5416
1	15	-4056
1	16	-3424
1	17	3512
1	18	11672
1	19	5280
1	20	-3648
1	21	7456
1	22	8592
1	23	-1928
1	24	-7864
1	25	-4104
1	26	1200
1	27	-2152
1	28	-8728
1	29	1520
1	30	792
1	31	5056
1	32	4376
1	33	5872
2	3	928
2	4	-6912
2	5	-6096
2	6	160
2	7	2424
2	8	-4240
2	9	-1520
2	10	5736
2	11	5008
2	12	-4648
2	13	5688
2	14	432
2	15	-2832
2	16	-24
2	17	-2336
2	18	1200
2	19	-568
2	20	-2424
2	21	1608
2	22	568
2	23	6096
2	24	7232
2	25	-5328
2	26	-4648
2	27	-928
2	28	-5328
2	29	-1880
2	30	4192
2	31	-2968
2	32	-3648
2	33	-2152
3	4	-296
3	5	-10360
3	6	6504
3	7	160
3	8	6824
3	9	4104
3	10	928
3	11	2200
3	12	-2016
3	13	-3104
3	14	-3016
3	15	9496
3	16	-2016
3	17	9544
3	18	1384
3	19	-10720
3	20	-4784
3	21	-8272
3	22	10720
3	23	5736
3	24	8680
3	25	-1336
3	26	-6640
3	27	7592
3	28	3288
3	29	3920
3	30	-6232
3	31	384
3	32	-3560
3	33	-432
4	5	9000
4	6	1384
4	7	1200
4	8	-840
4	9	1880
4	10	-11536
4	11	8408
4	12	-10496
4	13	-160
4	14	6280
4	15	-10856
4	16	-5872
4	17	5688
4	18	-24
4	19	-1792
4	20	3424
4	21	-4240
4	22	-12080
4	23	-4376
4	24	13080
4	25	2696
4	26	8000
4	27	296
4	28	16568
4	29	-5280
4	30	-1656
4	31	-1744
4	32	-7048
4	33	3696
5	6	2200
5	7	5008
5	8	-6280
5	9	10312
5	10	-6096
5	11	7592
5	12	2560
5	13	-976
5	14	2472
5	15	-792
5	16	2560
5	17	-9000
5	18	-840
5	19	6640
5	20	4240
5	21	8816
5	22	2608
5	23	-568
5	24	-4600
5	25	1880
5	26	7184
5	27	1112
5	28	1880
5	29	-4464
5	30	2152
5	31	-14800
5	32	3016
5	33	-112
6	7	8000
6	8	-7912
6	9	-568
6	10	160
6	11	-3288
6	12	-8320
6	13	11264
6	14	4104
6	15	5464
6	16	928
6	17	-6008
6	18	2152
6	19	-8864
6	20	-3376
6	21	-6688
6	22	-384
6	23	7048
6	24	10904
6	25	248
6	26	928
6	27	2744
6	28	4872
6	29	-12080
6	30	520
6	31	-3920
6	32	-4600
6	33	-12352
7	8	5328
7	9	-2016
7	10	-2200
7	11	704
7	12	5736
7	13	9272
7	14	3104
7	15	-2880
7	16	5736
7	17	-10448
7	18	4512
7	19	-2968
7	20	1336
7	21	-9768
7	22	7592
7	23	8864
7	24	928
7	25	6416
7	26	1112
7	27	9088
7	28	-12080
7	29	5416
7	30	-3104
7	31	1880
7	32	-6688
7	33	1064
8	9	24
8	10	5008
8	11	-6504
8	12	3152
8	13	-11808
8	14	-8184
8	15	-296
8	16	3152
8	17	10088
8	18	6552
8	19	-928
8	20	3920
8	21	-3104
8	22	14800
8	23	1656
8	24	3512
8	25	-792
8	26	7776
8	27	7048
8	28	-5416
8	29	-1248
8	30	-5688
8	31	4464
8	32	520
8	33	3648
9	10	7728
9	11	4648
9	12	432
9	13	-9904
9	14	-840
9	15	7048
9	16	432
9	17	-1880
9	18	3832
9	19	976
9	20	-2608
9	21	8048
9	22	3648
9	23	-1064
9	24	-3016
9	25	-8136
9	26	432
9	27	520
9	28	1112
9	29	-3152
9	30	5464
9	31	-2064
9	32	3240
9	33	1744
10	11	-4240
10	12	4600
10	13	5688
10	14	432
10	15	1792
10	16	18472
10	17	6912
10	18	-3424
10	19	4056
10	20	-7048
10	21	6232
10	22	9816
10	23	-3152
10	24	-2016
10	25	-14576
10	26	-4648
10	27	-10176
10	28	-9952
10	29	-6504
10	30	4192
10	31	6280
10	32	-3648
10	33	7096
11	12	3152
11	13	-2560
11	14	10312
11	15	-4920
11	16	3152
11	17	5464
11	18	-2696
11	19	-928
11	20	8544
11	21	1520
11	22	-3696
11	23	1656
11	24	-1112
11	25	-792
11	26	-6096
11	27	7048
11	28	3832
11	29	3376
11	30	8184
11	31	-160
11	32	5144
11	33	12896
12	13	-2152
12	14	5280
12	15	-704
12	16	3560
12	17	-8000
12	18	6960
12	19	4104
12	20	-10360
12	21	6552
12	22	9768
12	23	-2560
12	24	-15392
12	25	-384
12	26	-5688
12	27	2016
12	28	-14256
12	29	16840
12	30	-656
12	31	13304
12	32	4736
12	33	7864
13	14	1744
13	15	384
13	16	11720
13	17	-4464
13	18	-12624
13	19	7640
13	20	-4648
13	21	-8408
13	22	1608
13	23	5600
13	24	8816
13	25	-1472
13	26	-6776
13	27	-6144
13	28	-10720
13	29	-5192
13	30	2880
13	31	520
13	32	-8048
13	33	-296
14	15	1112
14	16	656
14	17	-1656
14	18	1880
14	19	-9136
14	20	-7728
14	21	2288
14	22	-4736
14	23	-2472
14	24	1928
14	25	4600
14	26	656
14	27	-6232
14	28	9224
14	29	2064
14	30	9496
14	31	5600
14	32	-4328
14	33	6416
15	16	-704
15	17	-3016
15	18	-4104
15	19	-5872
15	20	-1744
15	21	-3696
15	22	5872
15	23	5416
15	24	-1336
15	25	7864
15	26	-5328
15	27	4376
15	28	3240
15	29	-1200
15	30	3512
15	31	-6912
15	32	-2968
15	33	-10720
16	17	5872
16	18	-11536
16	19	4104
16	20	-1112
16	21	1928
16	22	9768
16	23	-2560
16	24	-6144
16	25	-9632
16	26	-5688
16	27	-7232
16	28	-9632
16	29	-6280
16	30	-656
16	31	4056
16	32	112
16	33	12488
17	18	-9224
17	19	-2832
17	20	10448
17	21	-384
17	22	2832
17	23	-248
17	24	5416
17	25	-11944
17	26	1248
17	27	-4920
17	28	1928
17	29	-8592
17	30	1656
17	31	6368
17	32	2424
17	33	5552
18	19	-1744
18	20	-4512
18	21	-3920
18	22	1744
18	23	840
18	24	-296
18	25	3016
18	26	-2288
18	27	12488
18	28	3016
18	29	-432
18	30	-1880
18	31	5280
18	32	-3288
18	33	-160
19	20	-1656
19	21	-2152
19	22	4600
19	23	-6640
19	24	-2064
19	25	160
19	26	-5144
19	27	-12400
19	28	-9088
19	29	2424
19	30	-9360
19	31	-10360
19	32	4192
19	33	11944
20	21	-4104
20	22	-2968
20	23	384
20	24	-928
20	25	-1792
20	26	3512
20	27	9408
20	28	-1792
20	29	-5416
20	30	7728
20	31	-6504
20	32	-2560
20	33	-5688
21	22	2152
21	23	432
21	24	-9136
21	25	-11264
21	26	6552
21	27	-5600
21	28	-2016
21	29	-24
21	30	6960
21	31	1064
21	32	6368
21	33	4872
22	23	11264
22	24	-2560
22	25	-4784
22	26	-4104
22	27	3152
22	28	-14032
22	29	2200
22	30	-4512
22	31	-3512
22	32	432
22	33	1928
23	24	9224
23	25	-6504
23	26	6688
23	27	12760
23	28	-6504
23	29	4464
23	30	-2152
23	31	-3696
23	32	-3016
23	33	-4512
24	25	-2200
24	26	7728
24	27	568
24	28	7048
24	29	-9632
24	30	-1928
24	31	-6096
24	32	-6776
24	33	-5280
25	26	-5008
25	27	5960
25	28	9544
25	29	6912
25	30	-4600
25	31	-5872
25	32	4056
25	33	-2064
26	27	2016
26	28	4240
26	29	-1656
26	30	-656
26	31	-568
26	32	112
26	33	-1384
27	28	1336
27	29	704
27	30	1608
27	31	4240
27	32	-1064
27	33	-4192
28	29	-6960
28	30	24
28	31	-5872
28	32	-568
28	33	-2064
29	30	-6688
29	31	3288
29	32	2608
29	33	8728
30	31	3648
30	32	4328
30	33	-1792
31	32	1520
31	33	7640
32	33	6960
