0	1	-7072
0	2	11016
0	3	1904
0	4	3264
0	5	-3944
0	6	-1224
0	7	136
0	8	-2856
0	9	-3264
0	10	-4760
0	11	3128
0	12	-680
0	13	10336
0	14	-5984
0	15	3672
0	16	-2584
0	18	3536
0	19	4216
0	20	19992
0	21	8840
0	22	-2584
0	23	-12240
0	24	2176
0	25	-5168
0	26	3808
0	27	-3808
0	28	-5712
0	29	17544
0	30	-2312
0	31	1360
0	32	14416
0	33	-3672
1	2	3808
1	3	-5304
1	4	-3944
1	5	-1904
1	6	1360
1	7	-7072
1	8	-10064
1	9	8024
1	10	6528
1	11	544
1	12	-7888
1	13	-1496
1	14	9928
1	15	1088
1	16	-544
1	17	-6664
1	18	6120
1	19	-2448
1	20	-1088
1	21	1632
1	22	4080
1	23	3672
1	24	136
1	25	6664
1	26	1768
1	27	-6392
1	28	-3672
1	29	-7616
1	30	-9520
1	31	-680
1	32	3128
1	33	3536
2	3	-1088
2	4	-4352
2	5	-2312
2	6	-7480
2	7	1768
2	8	-15096
2	9	-6256
2	10	10744
2	11	4760
2	12	952
2	13	-1904
2	14	272
2	15	5304
2	16	-10200
2	17	7616
2	18	6528
2	19	-6664
2	20	3128
2	21	-3400
2	22	-952
2	23	-15232
2	24	-4080
2	25	2448
2	26	2176
2	27	-2176
2	28	-8704
2	29	6664
2	30	3944
2	31	-272
2	32	-1088
2	33	-680
3	4	408
3	5	-2176
3	6	-2992
3	7	-7344
3	8	-5712
3	9	-10744
3	10	-2992
3	11	-8976
3	12	-3536
3	13	7480
3	14	-4216
3	15	816
3	16	-5440
3	17	-6392
3	18	11016
3	19	-11424
3	20	7888
3	21	1360
3	22	-5440
3	23	3400
3	24	408
3	25	6936
3	26	2040
3	27	7208
3	28	-3944
3	29	1904
3	30	-544
3	31	4216
3	32	-1224
3	33	-10064
4	5	8432
4	6	14144
4	7	3264
4	8	4896
4	9	-4760
4	10	-6256
4	11	1632
4	12	2448
4	13	-408
4	14	1768
4	15	2176
4	16	-4080
4	17	-3128
4	18	408
4	19	1088
4	20	-4624
4	21	11968
4	22	-8704
4	23	4760
4	24	-952
4	25	-3672
4	26	680
4	27	-680
4	28	-2584
4	29	5168
4	30	-8432
4	31	-1768
4	32	6664
4	33	7072
5	6	2856
5	7	-3944
5	8	6936
5	9	-2720
5	10	-8840
5	11	8296
5	12	-4760
5	13	-7616
5	14	-5440
5	15	-9656
5	16	7208
5	17	-544
5	18	-6256
5	19	3672
5	20	-2584
5	21	4760
5	22	7208
5	23	6800
5	24	-7616
5	25	-1088
5	26	7888
5	27	-3264
5	28	-5168
5	29	3128
5	30	-11016
5	31	-3808
5	33	5032
6	7	3400
6	8	11016
6	9	-2448
6	10	-5576
6	11	408
6	12	-408
6	13	2448
6	14	4896
6	15	4488
6	16	1496
6	17	1088
6	18	-2448
6	19	1496
6	20	-11832
6	21	8568
6	22	-3128
6	23	6528
6	24	-1088
6	25	-2992
6	26	-2720
6	27	2720
6	28	4624
6	29	11288
6	30	1224
6	31	-14144
6	32	5168
6	33	9384
7	8	1768
7	9	-3264
7	10	4488
7	11	3128
7	12	-680
7	13	1088
7	14	-10608
7	15	8296
7	16	-7208
7	17	13872
7	18	-5712
7	19	-408
7	20	-7752
7	21	-408
7	22	-7208
7	23	-2992
7	24	11424
7	25	-544
7	26	3808
7	27	816
7	28	-1088
7	29	-952
7	30	11560
7	31	-3264
7	32	-8704
7	33	-3672
8	9	-1632
8	10	-3128
8	11	-4488
8	12	952
8	13	2720
8	14	-4352
8	15	-13192
8	16	8296
8	17	2992
8	18	-16592
8	19	2584
8	20	-10744
8	21	1224
8	22	8296
8	23	12512
8	24	5168
8	25	-2176
8	26	2176
8	27	2448
8	28	544
8	29	2040
8	30	3944
8	31	-272
8	32	3536
8	33	3944
9	10	1088
9	11	-4896
9	12	5168
9	13	2312
9	14	-136
9	15	-8976
9	16	3264
9	17	-1224
9	18	-2312
9	19	16864
9	20	-1904
9	21	-3808
9	22	7888
9	23	2856
9	24	952
9	25	-6392
9	26	2584
9	27	2040
9	28	136
9	29	-11424
9	30	3536
9	31	9384
9	32	8568
9	33	-272
10	11	-11016
10	12	3672
10	13	-3808
10	14	2992
10	15	-5848
10	16	-12104
10	17	-4352
10	18	-5440
10	19	-136
10	20	-3400
10	21	-5304
10	22	-12104
10	23	1360
10	24	2448
10	25	4352
10	26	4080
10	27	544
10	28	-5984
10	29	-5304
10	30	11288
10	31	1632
10	32	816
10	33	-3400
11	12	-6936
11	13	-5168
11	14	1632
11	15	2040
11	16	408
11	17	6256
11	18	5168
11	19	1224
11	20	4488
11	21	2584
11	22	9656
11	23	-4624
11	24	-816
11	25	-8160
11	26	-3808
11	27	-5440
11	28	-2720
11	29	5304
11	30	-8568
11	31	-6256
11	32	2176
11	33	7208
12	13	-4352
12	14	-6800
12	15	-6392
12	16	1224
12	17	-3808
12	18	-9520
12	19	5032
12	20	-3944
12	21	-5848
12	22	1224
12	23	-8432
12	24	-1632
12	25	272
12	26	-9248
12	27	-4624
12	28	-1904
12	29	4488
12	30	10744
12	31	2176
12	32	1360
12	33	1768
13	14	4216
13	16	-6256
13	17	-952
13	18	7208
13	19	3264
13	20	2448
13	21	-4080
13	22	2992
13	23	2584
13	24	5848
13	25	3128
13	26	12104
13	27	6392
13	28	-4760
13	29	7344
13	30	7888
13	31	5032
13	32	4216
13	33	-4624
14	15	6800
14	16	544
14	17	1496
14	18	9656
14	19	1088
14	20	-4624
14	21	-1904
14	22	544
14	23	136
14	24	-10200
14	25	952
14	26	-3944
14	27	-5304
14	28	2040
14	29	544
14	30	816
14	31	-1768
14	32	6664
14	33	2448
15	16	-3672
15	17	1088
15	18	9248
15	19	-8568
15	20	408
15	21	-1496
15	22	-12920
15	23	-13328
15	24	-1360
15	25	5168
15	26	-8976
15	27	-4896
15	28	2448
15	29	136
15	30	-3400
15	31	-6800
15	32	-7616
15	33	-7208
16	17	2720
16	18	-2992
16	19	6936
16	20	3400
16	21	-3128
16	22	8568
16	23	-1088
16	24	272
16	25	2176
16	26	-7344
16	27	2720
16	28	5440
16	29	1768
16	30	-5032
16	31	-5168
16	32	3264
16	33	3672
17	18	-3672
17	19	272
17	20	-10608
17	21	-8704
17	22	7344
17	23	-1496
17	24	-6936
17	25	-4216
17	26	680
17	27	8568
17	28	5848
17	29	5440
17	30	11696
17	31	-6120
17	32	-680
17	33	3536
18	19	-7888
18	20	6800
18	21	-544
18	22	-2992
18	23	-2584
18	24	3400
18	25	1496
18	26	-2856
18	27	2856
18	28	136
18	29	-2720
18	30	-7888
18	31	-5032
18	32	408
18	33	-4624
19	20	7480
19	21	136
19	22	6936
19	23	2720
19	24	-1904
19	25	-17680
19	26	1088
19	27	-1088
19	28	-8432
19	29	1224
19	30	2040
19	31	3536
19	32	18224
19	33	-5304
20	21	10200
20	22	-1224
20	23	-10880
20	24	816
20	25	-1904
20	26	-2176
20	27	-2448
20	28	-4352
20	29	6936
20	30	-10200
20	31	9248
20	32	13056
20	33	-5032
21	22	-3128
21	23	-3536
21	24	-1904
21	25	-4624
21	26	4352
21	27	-8976
21	28	2992
21	29	4216
21	30	-12104
21	31	6528
21	32	5712
21	33	6120
22	23	3536
22	24	272
22	25	-2448
22	26	1904
22	27	-6528
22	28	-8432
22	29	-2856
22	30	4216
22	31	8704
22	32	3264
22	33	3672
23	24	5304
23	25	-2040
23	26	11560
23	27	6936
23	28	408
23	29	-7072
23	30	-816
23	31	-4760
23	32	-952
23	33	-544
24	25	-1768
24	26	3128
24	27	1496
24	28	-5848
24	29	-5984
24	30	4624
24	31	952
24	32	-7480
24	33	-3264
25	26	1224
25	27	-1224
25	28	680
25	29	-3264
25	30	1904
25	31	3672
25	32	-9384
25	33	-544
26	27	-1496
26	28	-8840
26	29	-2992
26	30	6256
26	31	3944
26	32	-4488
26	33	-4896
27	28	13464
27	29	2992
27	30	2992
27	31	-3944
27	32	-136
27	33	9520
28	29	4896
28	30	-3536
28	31	-6664
28	32	-7480
28	33	16048
29	30	1496
29	31	-9792
29	32	9520
29	33	9112
30	31	3808
30	32	-6256
30	33	-1224
31	32	2584
31	33	-2448
32	33	-1632
