0	1	-1440
0	2	-6880
0	3	-3592
0	4	-8920
0	5	1960
0	6	-4816
0	7	-80
0	8	11232
0	9	-14200
0	10	-9984
0	11	-12976
0	12	-736
0	13	-760
0	14	-1032
0	15	-5112
0	16	4840
0	17	600
0	18	1960
0	19	-1848
0	20	1008
0	21	-5792
0	22	3480
0	23	1144
0	24	6856
0	25	-1984
0	26	-5632
0	27	6448
0	28	-8624
0	29	-3592
0	30	-80
0	31	-4544
0	32	488
0	33	-1576
1	2	2936
1	3	2912
1	4	-4272
1	5	3344
1	6	-488
1	7	760
1	8	-2664
1	9	4272
1	10	56
1	11	-6200
1	12	-4568
1	13	-3184
1	14	-2912
1	15	-8080
1	16	-896
1	17	-13792
1	18	7968
1	19	7152
1	20	-9576
1	21	-7400
1	22	5088
1	23	-5088
1	24	7696
1	25	-1960
1	26	328
1	27	8104
1	28	7944
1	29	-1712
1	30	760
1	31	3864
1	32	3456
1	33	-2368
2	3	-7152
2	4	1168
2	5	-464
2	6	7944
2	7	-12296
2	8	1144
2	9	-5792
2	10	-760
2	11	6856
2	12	-760
2	13	-2368
2	14	-2096
2	15	1984
2	16	2912
2	17	896
2	18	4160
2	19	-1280
2	20	-4136
2	21	-1960
2	22	4272
2	23	-8896
2	24	8512
2	25	-5768
2	26	8760
2	27	4296
2	28	-2120
2	29	-2528
2	30	-7672
2	31	3048
2	32	7264
2	33	7696
3	4	9304
3	5	6312
3	6	4704
3	7	13520
3	8	2256
3	9	-56
3	10	-464
3	11	-8080
3	12	-5088
3	13	-5656
3	14	-1304
3	15	-760
3	16	488
3	17	4952
3	18	-12184
3	19	-2120
3	20	5360
3	21	-1440
3	22	-5496
3	23	5496
3	24	-7288
3	25	2368
3	26	-5360
3	27	-7696
3	28	-3728
3	29	5928
3	30	8896
3	31	4976
3	32	-3864
3	33	-1848
4	5	1576
4	6	5904
4	7	-1008
4	8	-896
4	9	10664
4	10	1824
4	11	192
4	12	1824
4	13	8920
4	14	4568
4	15	4024
4	16	-3752
4	17	-1688
4	18	1576
4	19	-8488
4	20	2528
4	21	4704
4	22	-2392
4	23	-6856
4	24	-7944
4	25	896
4	26	6720
4	27	-12160
4	28	-4160
4	29	56
4	30	3616
4	31	5632
4	32	5224
4	33	5112
5	6	-10960
5	7	1984
5	8	-3888
5	9	7672
5	10	3456
5	11	-2800
5	12	-10416
5	13	-6584
5	14	-1688
5	15	-2232
5	16	2504
5	17	1304
5	18	4568
5	19	-5496
5	20	-3728
5	21	-6176
5	22	-760
5	23	-8488
5	24	4296
5	25	-736
5	26	8352
5	27	4704
5	28	2096
5	29	6312
5	30	1984
5	31	-6608
5	32	2232
5	33	-15016
6	7	872
6	8	5656
6	9	-1280
6	10	-6312
6	11	-56
6	12	-1688
6	13	192
6	14	-80
6	15	5088
6	16	-5360
6	17	1552
6	18	2912
6	19	-896
6	20	11208
6	21	4408
6	22	2528
6	23	11344
6	24	-6064
6	25	-10280
6	26	-1960
6	27	2776
6	28	-328
6	29	80
6	30	-3752
6	31	13000
6	32	-5088
6	33	8624
7	8	7944
7	9	1008
7	10	-3208
7	11	-9464
7	12	-3208
7	13	80
7	14	4976
7	15	-4816
7	16	5088
7	17	-5904
7	18	-2640
7	19	-3456
7	20	2936
7	21	-4136
7	22	-7424
7	23	2800
7	24	-7536
7	25	5928
7	26	-7560
7	27	-2504
7	28	56
7	29	4272
7	30	4024
7	31	-4024
7	32	4816
7	33	-8352
8	9	896
8	10	-18008
8	11	-7128
8	12	-4136
8	13	-1984
8	14	-6880
8	15	2912
8	16	15312
8	17	-5248
8	18	736
8	19	6176
8	20	9032
8	21	-2392
8	22	-9168
8	23	9168
8	24	5632
8	25	1416
8	26	4840
8	27	5224
8	28	-2776
8	29	-6992
8	30	-5928
8	31	1304
8	32	1712
8	33	6448
9	10	7424
9	11	4432
9	12	-6448
9	13	328
9	14	56
9	15	600
9	16	-5496
9	17	-7560
9	18	12296
9	19	3864
9	20	2096
9	21	4544
9	22	-6856
9	23	-2392
9	24	-5928
9	25	3728
9	26	7152
9	27	-1712
9	28	4160
9	29	-56
9	30	-3616
9	31	-1008
9	32	-600
9	33	-5112
10	11	-600
10	12	-2232
10	13	9984
10	14	9712
10	15	-8240
10	16	-15152
10	17	11344
10	18	3456
10	19	-4976
10	20	-6744
10	21	4952
10	22	6608
10	23	-11232
10	24	-10144
10	25	4136
10	26	-2504
10	27	-1304
10	28	-5496
10	29	8784
10	30	1416
10	31	-1416
10	32	-1008
10	33	-13952
11	12	8648
11	13	-896
11	14	-1168
11	15	4000
11	16	-4272
11	17	-4160
11	18	1824
11	19	-1984
11	20	872
11	21	3320
11	22	-1008
11	23	-3616
11	24	11344
11	25	-2120
11	26	3752
11	27	-2936
11	28	760
11	29	1168
11	30	4408
11	31	216
11	32	-8624
11	33	7536
12	13	736
12	14	-4160
12	15	1008
12	16	-1280
12	17	-2528
12	18	-1168
12	19	4272
12	20	2504
12	21	328
12	22	-11888
12	23	2640
12	24	-896
12	25	4136
12	26	-7128
12	27	-5928
12	28	-872
12	29	-464
12	30	6040
12	31	3208
12	32	3616
12	33	13792
13	14	5656
13	15	488
13	16	-9464
13	17	4024
13	18	7288
13	19	1848
13	20	-1008
13	21	5792
13	22	5768
13	23	-10392
13	24	-2232
13	25	-7264
13	26	1008
13	27	-1824
13	28	-5248
13	29	8216
13	30	-9168
13	31	4544
13	32	4136
13	33	-7672
14	15	-13112
14	16	4136
14	17	4296
14	18	-1688
14	19	-2504
14	20	-736
14	21	-3184
14	22	10120
14	23	-5496
14	24	-11208
14	25	6880
14	26	-8512
14	27	-15424
14	28	-10144
14	29	7944
14	30	9600
14	31	-352
14	32	-760
14	33	-12024
15	16	-4568
15	17	-872
15	18	-6856
15	19	1576
15	20	7968
15	21	10144
15	22	-12456
15	23	-1416
15	24	-2504
15	25	-7536
15	26	10528
15	27	-2096
15	28	8896
15	29	-760
15	30	-9440
15	31	192
15	32	-216
15	33	5928
16	17	1144
16	18	-6744
16	19	7944
16	20	1552
16	21	-9872
16	22	-6312
16	23	6312
16	24	7400
16	25	7808
16	26	7696
16	27	-2256
16	28	80
16	29	-8760
16	30	464
16	31	-464
16	32	4568
16	33	3592
17	18	-7944
17	19	5112
17	20	2256
17	21	-192
17	22	2504
17	23	2120
17	24	-8216
17	25	-4000
17	26	2368
17	27	-3184
17	28	-13136
17	29	328
17	30	-1280
17	31	5904
17	32	872
17	33	-4408
18	19	-872
18	20	-3728
18	21	-6176
18	22	3864
18	23	-8488
18	24	4296
18	25	-5360
18	26	3728
18	27	13952
18	28	2096
18	29	-2936
18	30	-7264
18	31	-1984
18	32	6856
18	33	-5768
19	20	80
19	21	2256
19	22	-4568
19	23	9192
19	24	-1144
19	25	-1552
19	26	4544
19	27	-5360
19	28	-6336
19	29	2504
19	30	-12704
19	31	8080
19	32	3048
19	33	2664
20	21	-600
20	22	-15584
20	23	10960
20	24	-8624
20	25	-4408
20	26	-6472
20	27	-3592
20	28	10392
20	29	5360
20	30	-1688
20	31	1688
20	32	-7968
20	33	-192
21	22	736
21	23	-736
21	24	-11072
21	25	7016
21	26	5224
21	27	-10664
21	28	-5656
21	29	7808
21	30	-8760
21	31	8760
21	32	-10144
21	33	6608
22	23	-1576
22	24	4136
22	25	-4704
22	26	-2912
22	27	3728
22	28	-10528
22	29	3752
22	30	1824
22	31	-1824
22	32	-1416
22	33	-4296
23	24	-4136
23	25	-4544
23	26	-6336
23	27	896
23	28	1280
23	29	-3752
23	30	-1824
23	31	1824
23	32	-7832
23	33	8920
24	25	-5632
24	26	8624
24	27	13680
24	28	2368
24	29	-7288
24	30	-2912
24	31	-6336
24	32	-2120
24	33	3208
25	26	-4840
25	27	-9848
25	28	-1848
25	29	2368
25	30	5928
25	31	-5928
25	32	2912
25	33	-1824
26	27	3592
26	28	-1144
26	29	-9984
26	30	-12184
26	31	2936
26	32	3344
26	33	4816
27	28	11208
27	29	-7696
27	30	-2504
27	31	-2120
27	32	2096
27	33	-1008
28	29	-3728
28	30	56
28	31	-4680
28	32	352
28	33	-1440
29	30	-352
29	31	352
29	32	-8488
29	33	-11096
30	31	5224
30	32	-4432
30	33	5520
31	32	-9440
31	33	12976
32	33	-1304
