0	1	-2296
0	2	632
0	3	456
0	4	696
0	5	-440
0	6	456
0	7	-520
0	8	8
0	9	1464
0	10	392
0	11	-712
0	12	-840
0	13	376
0	14	8
0	15	-904
1	2	-1608
1	3	-1400
1	4	-1544
1	5	-248
1	6	-376
1	7	1336
1	8	200
1	9	-1800
1	10	-440
1	11	1144
1	12	1016
1	13	-840
1	14	-824
1	15	952
2	3	1784
2	4	2184
2	5	632
2	6	-264
2	7	-696
2	8	-840
2	9	392
2	10	1848
2	11	-504
2	12	-376
2	13	456
2	14	2232
2	15	-312
3	4	824
3	5	456
3	6	-696
3	7	-1416
3	8	-1144
3	9	568
3	10	264
3	11	-584
3	12	312
3	13	504
3	14	904
3	15	-776
4	5	696
4	6	-200
4	7	264
4	8	-776
4	9	-696
4	10	888
4	11	-568
4	12	-440
4	13	-632
4	14	2296
4	15	-376
5	6	-568
5	7	504
5	8	8
5	9	-584
5	10	-632
5	11	-712
5	12	1208
5	13	-648
5	14	1032
5	15	1144
6	7	632
6	8	904
6	9	1592
6	10	264
6	11	-584
6	12	-712
6	13	1528
6	14	-120
6	15	248
7	8	1080
7	9	-504
7	10	-328
7	11	-376
7	12	776
7	13	-1464
7	14	56
7	15	840
8	9	1016
8	10	-184
8	11	-136
8	12	760
8	13	-72
8	14	-568
8	15	696
9	10	632
9	11	-1336
9	12	-184
9	13	1672
9	14	-1032
9	15	-1144
10	11	504
10	12	-648
10	13	568
10	14	840
10	15	-712
11	12	-56
11	13	-248
11	14	-136
11	15	8
12	13	-1144
12	14	-264
12	15	136
13	14	-72
13	15	-56
14	15	696
