0	1	1676
0	2	116
0	3	716
0	4	268
0	5	1420
0	6	-1652
0	7	-524
0	8	500
0	9	1100
0	10	-140
0	11	-268
0	12	1356
0	13	-244
0	14	140
0	15	1716
1	2	-180
1	3	-652
1	4	-204
1	5	692
1	6	-1356
1	7	-564
1	8	460
1	9	1012
1	10	1100
1	11	204
1	12	756
1	13	308
1	14	948
1	15	1292
2	3	908
2	4	460
2	5	588
2	6	1612
2	7	308
2	8	-716
2	9	-756
2	10	692
2	11	-1484
2	12	524
2	13	-2100
2	14	332
2	15	-524
3	4	-268
3	5	628
3	6	628
3	7	-500
3	8	-500
3	9	-76
3	10	140
3	11	-1780
3	12	-332
3	13	-1804
3	14	-140
3	15	1356
4	5	-972
4	6	52
4	7	76
4	8	76
4	9	372
4	10	-308
4	11	844
4	12	116
4	13	692
4	14	-1740
4	15	-116
5	6	-76
5	7	-820
5	8	204
5	9	-780
5	10	-180
5	11	-1076
5	12	1012
5	13	-1484
5	14	180
5	15	1036
6	7	204
6	8	-820
6	9	-1804
6	10	-180
6	11	-1076
6	12	-1036
6	13	-1484
6	14	-844
6	15	-1012
7	8	-1356
7	9	908
7	10	-972
7	11	948
7	12	140
7	13	588
7	14	-52
7	15	-1164
8	9	-116
8	10	52
8	11	-76
8	12	1164
8	13	588
8	14	-52
8	15	-140
9	10	524
9	11	652
9	12	308
9	13	884
9	14	500
9	15	716
10	11	-716
10	12	-244
10	13	-820
10	14	1612
10	15	244
11	12	-116
11	13	2380
11	14	-308
11	15	-908
12	13	-396
12	14	244
12	15	-52
13	14	-204
13	15	-628
14	15	-244
