0	1	352
0	2	1184
0	3	-32
0	4	96
0	5	352
0	6	864
0	7	-224
0	8	-32
0	9	96
0	10	-480
0	11	-608
0	12	-1184
0	13	288
0	14	-928
0	15	-288
1	2	224
1	3	-352
1	4	-480
1	5	32
1	6	-1504
1	7	-1440
1	8	-352
1	9	-480
1	10	864
1	11	-32
1	12	544
1	13	352
1	14	1312
1	15	672
2	3	864
2	4	-32
2	5	1504
2	6	992
2	7	-96
2	8	-160
2	9	-1056
2	10	-1376
2	11	-480
2	12	-1056
2	13	1184
2	14	-800
2	15	-1184
3	4	-96
3	5	672
3	6	160
3	7	224
3	8	-992
3	9	-96
3	10	-544
3	11	-416
3	12	1184
3	13	736
3	14	-96
3	15	-736
4	5	800
4	6	1312
4	7	352
4	8	-1120
4	9	-224
4	10	-416
4	11	736
4	12	-736
4	13	608
4	14	-992
4	15	-608
5	6	1184
5	7	96
5	8	-352
5	9	-224
5	10	-1184
5	11	736
5	12	-864
5	13	992
5	14	-608
5	15	-2016
6	7	1632
6	8	160
6	9	288
6	10	-1696
6	11	224
6	12	-1376
6	13	480
6	14	-2144
6	15	-1504
7	8	224
7	9	1376
7	10	-736
7	11	-864
7	12	-416
7	13	-480
7	14	-1184
7	15	-544
8	9	928
8	10	-544
8	11	608
8	12	160
8	13	-1312
8	14	-96
8	15	288
9	10	608
9	11	-288
9	12	288
9	13	-1440
9	14	32
9	15	416
10	11	-96
10	12	352
10	13	-224
10	14	1632
10	15	1248
11	12	224
11	13	928
11	14	480
11	15	-928
12	13	-544
12	14	928
12	15	544
13	14	224
13	15	-1440
14	15	800
