0	1	188
0	2	-1348
0	3	580
0	4	452
0	5	252
0	6	1212
0	7	1020
0	8	316
0	9	1212
0	10	2108
0	11	452
0	12	956
0	13	1540
0	14	-252
0	15	444
1	2	644
1	3	124
1	4	252
1	5	-956
1	6	132
1	7	-700
1	8	1028
1	9	132
1	10	-764
1	11	1276
1	12	-636
1	13	188
1	14	-68
1	15	900
2	3	1660
2	4	-260
2	5	-1468
2	6	-380
2	7	-1212
2	8	1540
2	9	-1404
2	10	-1276
2	11	764
2	12	900
2	13	-324
2	14	444
2	15	388
3	4	-508
3	5	-836
3	6	124
3	7	-68
3	8	1276
3	9	124
3	10	-4
3	11	516
3	12	892
3	13	580
3	14	836
3	15	1404
4	5	-708
4	6	1276
4	7	1084
4	8	380
4	9	252
4	10	124
4	11	388
4	12	-4
4	13	452
4	14	-316
4	15	508
5	6	68
5	7	260
5	8	-2108
5	9	68
5	10	196
5	11	-1732
5	12	324
5	13	1276
5	14	-1028
5	15	-1212
6	7	324
6	8	4
6	9	132
6	10	260
6	11	252
6	12	388
6	13	1212
6	14	-1092
6	15	-124
7	8	-828
7	9	324
7	10	452
7	11	-964
7	12	-444
7	13	-4
7	14	-260
7	15	68
8	9	4
8	10	132
8	11	2428
8	12	260
8	13	-708
8	14	1084
8	15	1796
9	10	1284
9	11	252
9	12	-636
9	13	188
9	14	956
9	15	900
10	11	124
10	12	516
10	13	60
10	14	828
10	15	4
11	12	-4
11	13	-572
11	14	708
11	15	1532
12	13	1980
12	14	-324
12	15	132
13	14	-1276
13	15	444
14	15	1212
