0	1	-2064
0	2	-1472
0	3	640
0	4	1576
0	5	-3656
0	6	-4904
0	7	4696
0	8	2408
0	9	400
0	10	-3208
0	11	3832
0	12	-4176
0	13	536
0	14	-4040
0	15	-2096
0	16	5216
0	17	-4280
0	18	1024
0	19	3728
0	20	-1368
0	21	-712
0	22	-1960
0	23	640
0	24	-4280
0	25	4352
1	2	2512
1	3	1024
1	4	-2616
1	5	1992
1	6	5944
1	7	-3032
1	8	-744
1	9	-7472
1	10	-3240
1	11	-5496
1	12	-2896
1	13	-1576
1	14	296
1	15	5840
1	16	-3552
1	17	-88
1	18	16
1	19	-5392
1	20	2408
1	21	2376
1	22	-1784
1	23	-1680
1	24	5320
1	25	-608
2	3	-2896
2	4	-1960
2	5	-120
2	6	1336
2	7	-4248
2	8	4280
2	9	-4176
2	10	-1336
2	11	4664
2	12	-3344
2	13	2408
2	14	536
2	15	-1264
2	16	-1024
2	17	1960
2	18	-848
2	19	-3552
2	20	-536
2	21	3864
2	22	2616
2	23	2512
2	24	1960
2	25	-224
3	4	88
3	5	4696
3	6	536
3	7	-328
3	8	-3448
3	9	3344
3	10	-536
3	11	-5496
3	12	-192
3	13	-1576
3	14	296
3	15	432
3	16	1856
3	17	-88
3	18	16
3	19	5424
3	20	-5704
3	21	-3032
3	22	-4488
3	23	1024
3	24	-88
3	25	4800
4	5	-2480
4	6	-1232
4	7	-1264
4	8	-1680
4	9	-1128
4	10	-1472
4	11	3552
4	12	3448
4	13	192
4	14	-640
4	15	-1336
4	16	-1784
4	17	-4560
4	18	3656
4	19	3656
4	20	640
4	21	-3968
4	22	2688
4	23	-2616
4	24	-4560
4	25	3032
5	6	7264
5	7	640
5	8	1056
5	9	-952
5	10	3552
5	11	-2928
5	12	-120
5	13	1888
5	14	5424
5	15	-3448
5	16	-4248
5	17	-2928
5	18	2376
5	19	2376
5	20	-5424
5	21	6048
5	22	2096
5	23	-3416
5	24	7888
5	25	296
6	7	-3520
6	8	-400
6	9	-2200
6	10	-608
6	11	-6880
6	12	-1368
6	13	-2272
6	14	3968
6	15	-1992
6	16	-3000
6	17	1232
6	18	1128
6	19	1128
6	20	-1264
6	21	4592
6	22	3344
6	23	-2168
6	24	1232
6	25	-3656
7	8	608
7	9	1992
7	10	-1888
7	11	1264
7	12	-1544
7	13	2480
7	14	-3760
7	15	-3624
7	16	-2200
7	17	-1440
7	18	1368
7	19	1368
7	20	1056
7	21	1024
7	22	-8544
7	23	-328
7	24	1264
7	25	-1960
8	9	2408
8	10	3104
8	11	4384
8	12	1576
8	13	-640
8	14	3936
8	15	-3208
8	16	2792
8	17	1680
8	18	-920
8	19	-920
8	20	4176
8	21	3312
8	22	-848
8	23	-744
8	24	1680
8	25	1160
9	10	2200
9	11	-1576
9	12	1232
9	13	536
9	14	-1336
9	15	-2096
9	16	5216
9	17	6536
9	18	1024
9	19	3728
9	20	-1368
9	21	-712
9	22	-1960
9	23	3344
9	24	-4280
9	25	-3760
10	11	1472
10	12	4072
10	13	4976
10	14	6848
10	15	-712
10	16	-2408
10	17	4176
10	18	4280
10	19	4280
10	20	1264
10	21	-1888
10	22	4768
10	23	2168
10	24	-1232
10	25	6360
11	12	-744
11	13	2512
11	14	640
11	15	-6776
11	16	1784
11	17	-848
11	18	1752
11	19	-952
11	20	2064
11	21	-1440
11	22	2720
11	23	2616
11	24	-848
11	25	2376
12	13	-296
12	14	5944
12	15	4144
12	16	1680
12	17	1960
12	18	1856
12	19	-848
12	20	-536
12	21	1160
12	22	2616
12	23	-192
12	24	1960
12	25	-224
13	14	400
13	15	328
13	16	-3448
13	17	2512
13	18	8024
13	19	-2792
13	20	-400
13	21	-224
13	22	1024
13	23	-1576
13	24	-192
13	25	1992
14	15	-1544
14	16	1128
14	17	3344
14	18	3448
14	19	744
14	20	3136
14	21	1648
14	22	5600
14	23	-2408
14	24	640
14	25	5528
15	16	-400
15	17	1336
15	18	-4176
15	19	-6880
15	20	-1160
15	21	-3624
15	22	536
15	23	432
15	24	1336
15	25	1856
16	17	1784
16	18	-816
16	19	-816
16	20	1576
16	21	-2200
16	22	-952
16	23	1856
16	24	-3624
16	25	1264
17	18	1752
17	19	-952
17	20	2064
17	21	1264
17	22	16
17	23	8024
17	24	-848
17	25	-3032
18	19	1648
18	20	-744
18	21	4072
18	22	120
18	23	-2688
18	24	-3656
18	25	2272
19	20	-3448
19	21	-1336
19	22	120
19	23	5424
19	24	-3656
19	25	2272
20	21	-1648
20	22	-192
20	23	-3000
20	24	-640
20	25	-120
21	22	-432
21	23	-328
21	24	6672
21	25	-7368
22	23	-1784
22	24	-2688
22	25	2200
23	24	2616
23	25	-3312
24	25	-5736
