0	1	356
0	2	36
0	3	-428
0	4	36
0	5	692
0	6	-708
0	7	132
0	8	748
0	9	76
0	10	92
0	11	484
0	12	20
0	13	-1084
1	2	860
1	3	-468
1	4	76
1	5	764
1	6	-188
1	7	-244
1	8	-76
1	9	-188
1	10	20
1	11	412
1	12	652
1	13	-372
2	3	76
2	4	-468
2	5	412
2	6	-204
2	7	-148
2	8	468
2	9	-988
2	10	372
2	11	-20
2	12	1308
2	13	-20
3	4	76
3	5	-804
3	6	-188
3	7	-244
3	8	-76
3	9	-188
3	10	-764
3	11	-372
3	12	-132
3	13	412
4	5	-372
4	6	580
4	7	-148
4	8	-316
4	9	580
4	10	-412
4	11	-20
4	12	-260
4	13	-20
5	6	-524
5	7	204
5	8	372
5	9	-524
5	10	356
5	11	748
5	12	316
5	13	-820
6	7	820
6	8	-580
6	9	92
6	10	524
6	11	132
6	12	148
6	13	916
7	8	148
7	9	-748
7	10	580
7	11	972
7	12	92
7	13	188
8	9	-580
8	10	412
8	11	20
8	12	260
8	13	-764
9	10	-260
9	11	-652
9	12	-636
9	13	132
10	11	36
10	12	468
10	13	36
11	12	76
11	13	-356
12	13	76
