0	1	-52
0	2	900
0	3	780
0	4	-900
0	5	-500
0	6	-116
0	7	4
0	8	444
0	9	284
0	10	-116
0	11	564
0	12	-172
0	13	-508
1	2	-284
1	3	956
1	4	284
1	5	-452
1	6	1068
1	7	-172
1	8	-1060
1	9	1116
1	10	-500
1	11	52
1	12	340
1	13	676
2	3	340
2	4	-332
2	5	164
2	6	-332
2	7	-340
2	8	676
2	9	164
2	10	-332
2	11	-116
2	12	508
2	13	-724
3	4	-340
3	5	-276
3	6	444
3	7	-556
3	8	-564
3	9	1292
3	10	-340
3	11	4
3	12	388
3	13	52
4	5	620
4	6	332
4	7	-444
4	8	108
4	9	-164
4	10	-452
4	11	116
4	12	276
4	13	-60
5	6	-164
5	7	-508
5	8	844
5	9	-4
5	10	-164
5	11	-284
5	12	676
5	13	-556
6	7	340
6	8	-676
6	9	620
6	10	-452
6	11	116
6	12	276
6	13	724
7	8	-220
7	9	-508
7	10	340
7	11	-4
7	12	-388
7	13	732
8	9	-724
8	10	108
8	11	340
8	12	52
8	13	-1068
9	10	-164
9	11	-284
9	12	676
9	13	228
10	11	116
10	12	-508
10	13	-60
11	12	-612
11	13	-276
12	13	-116
