0	1	-8
0	2	584
0	3	-632
0	4	184
0	5	72
0	6	-1352
0	7	-56
0	8	-968
0	9	-440
0	10	-1400
0	11	1928
0	12	-72
0	13	312
0	14	456
0	15	56
1	2	904
1	3	712
1	4	-136
1	5	392
1	6	-648
1	7	-760
1	8	760
1	9	904
1	10	-56
1	11	200
1	12	-1416
1	13	-8
1	14	776
1	15	1784
2	3	-264
2	4	1736
2	5	56
2	6	-824
2	7	184
2	8	840
2	9	-456
2	10	-520
2	11	248
2	12	-56
2	13	-1464
2	14	-328
2	15	-184
3	4	-1528
3	5	-1800
3	6	8
3	7	-1672
3	8	648
3	9	760
3	10	696
3	11	440
3	12	-248
3	13	1416
3	14	-1160
3	15	-376
4	5	1224
4	6	-456
4	7	1096
4	8	-72
4	9	-312
4	10	-1272
4	11	8
4	12	824
4	13	-1864
4	14	-440
4	15	-1096
5	6	-312
5	7	1720
5	8	-696
5	9	-968
5	10	-1032
5	11	-264
5	12	456
5	13	-952
5	14	184
5	15	328
6	7	-440
6	8	440
6	9	1224
6	10	1288
6	11	-504
6	12	-712
6	13	-328
6	14	72
6	15	440
7	8	200
7	9	-1864
7	10	-904
7	11	-1160
7	12	1352
7	13	-1080
7	14	312
7	15	-824
8	9	-184
8	10	904
8	11	-888
8	12	-1352
8	13	-968
8	14	712
8	15	824
9	10	504
9	11	248
9	12	-1080
9	13	584
9	14	696
9	15	840
10	11	-840
10	12	-1016
10	13	648
10	14	-392
10	15	904
11	12	-760
11	13	904
11	14	-648
11	15	136
12	13	-72
12	14	-1208
12	15	-2376
13	14	-568
13	15	56
14	15	1736
