0	1	-1468
0	2	60
0	3	-324
0	4	644
0	5	-380
0	6	124
0	7	-828
0	8	-188
0	9	-892
0	10	708
0	11	444
0	12	-636
0	13	-68
0	14	-1604
0	15	-956
1	2	60
1	3	700
1	4	-380
1	5	1668
1	6	124
1	7	196
1	8	-188
1	9	-892
1	10	-316
1	11	-580
1	12	388
1	13	956
1	14	444
1	15	68
2	3	-316
2	4	1020
2	5	-1028
2	6	260
2	7	444
2	8	-196
2	9	-516
2	10	1980
2	11	-1084
2	12	-1796
2	13	-572
2	14	-60
2	15	572
3	4	636
3	5	636
3	6	-380
3	7	1084
3	8	-1604
3	9	124
3	10	-452
3	11	324
3	12	892
3	13	-188
3	14	-700
3	15	188
4	5	-316
4	6	60
4	7	260
4	8	-1148
4	9	-828
4	10	1796
4	11	1404
4	12	-572
4	13	-132
4	14	-644
4	15	132
5	6	60
5	7	-764
5	8	-124
5	9	-828
5	10	-1276
5	11	380
5	12	452
5	13	892
5	14	380
5	15	132
6	7	1532
6	8	1916
6	9	-1476
6	10	-4
6	11	-124
6	12	-708
6	13	-636
6	14	900
6	15	636
7	8	452
7	9	-252
7	10	324
7	11	-196
7	12	4
7	13	-708
7	14	828
7	15	708
8	9	-636
8	10	-1084
8	11	-836
8	12	-380
8	13	-324
8	14	1212
8	15	324
9	10	-764
9	11	-132
9	12	964
9	13	380
9	14	-132
9	15	-380
10	11	316
10	12	-1532
10	13	-196
10	14	-708
10	15	196
11	12	636
11	13	68
11	14	-444
11	15	-68
12	13	1148
12	14	-388
12	15	-1148
13	14	-956
13	15	-1604
14	15	1980
