0	1	-1376
0	2	1184
0	3	-864
0	4	160
0	5	608
0	6	-800
0	7	-608
0	8	1504
0	9	2016
0	10	-224
0	11	-480
0	12	1504
0	13	288
0	14	-160
0	15	-672
1	2	-1632
1	3	-96
1	4	-96
1	5	-160
1	6	480
1	7	160
1	8	-1824
1	9	-800
1	10	544
1	11	800
1	12	-1824
1	13	1056
1	14	-416
1	15	96
2	3	928
2	4	928
2	5	-672
2	6	-288
2	7	672
2	8	608
2	9	-32
2	10	288
2	11	-1632
2	12	608
2	13	-1248
2	14	-800
2	15	-1312
3	4	416
3	5	-672
3	6	992
3	7	672
3	8	-1312
3	9	-1312
3	10	32
3	11	-736
3	12	-288
3	13	544
3	14	-928
3	15	-1440
4	5	-672
4	6	-1056
4	7	672
4	8	-1312
4	9	-288
4	10	1056
4	11	288
4	12	-1312
4	13	-480
4	14	-928
4	15	-1440
5	6	-736
5	7	-1952
5	8	1056
5	9	544
5	10	736
5	11	-1056
5	12	32
5	13	224
5	14	672
5	15	160
6	7	736
6	8	-352
6	9	-96
6	10	-672
6	11	352
6	12	672
6	13	864
6	14	288
6	15	800
7	8	-1056
7	9	-544
7	10	-736
7	11	1056
7	12	-32
7	13	-224
7	14	-672
7	15	-160
8	9	1440
8	10	-672
8	11	-1056
8	12	2080
8	13	-1184
8	14	1440
8	15	928
9	10	-928
9	11	608
9	12	1440
9	13	608
9	14	1056
9	15	544
10	11	-1376
10	12	-1696
10	13	-864
10	14	-1312
10	15	-800
11	12	-32
11	13	1184
11	14	608
11	15	1120
12	13	-160
12	14	416
12	15	928
13	14	224
13	15	-288
14	15	1312
