0	1	14052
0	2	6132
0	3	14628
0	4	948
0	5	-4116
0	6	-5676
0	7	5964
0	8	4380
0	9	-6420
0	10	1524
0	11	-4236
0	12	-1956
0	13	-948
0	14	-1500
0	15	-3540
0	16	2076
0	17	7836
0	18	-2796
0	19	3804
0	20	5388
0	21	6132
0	22	6132
0	23	-3828
0	24	-8436
0	25	10308
0	26	-2532
0	27	6684
0	28	6132
0	29	2820
0	30	-5676
0	31	-5820
0	32	1092
0	33	6420
0	34	-11148
0	35	-8556
1	2	-5268
1	3	1788
1	4	-5268
1	5	-1932
1	6	-9012
1	7	-6828
1	8	-60
1	9	-15180
1	10	4524
1	11	-5268
1	12	1092
1	13	-5100
1	14	7548
1	15	-2508
1	16	2244
1	17	6852
1	18	-6708
1	19	516
1	20	4116
1	21	-84
1	22	-84
1	23	-7404
1	24	2388
1	25	924
1	26	-8700
1	27	2820
1	28	-5268
1	29	3228
1	30	-3828
1	31	1500
1	32	-10596
1	33	-372
1	34	-8724
1	35	-948
2	3	-660
2	4	2652
2	5	-4668
2	6	-1092
2	7	804
2	8	7572
2	9	8004
2	10	-3108
2	11	2652
2	12	-1644
2	13	2532
2	14	10284
2	15	-60
2	16	-5676
2	17	4116
2	18	-9156
2	19	-2220
2	20	6564
2	21	-2532
2	22	2652
2	23	10596
2	24	-10716
2	25	-1524
2	26	-1068
2	27	84
2	28	2652
2	29	-4404
2	30	4092
2	31	-948
2	32	2508
2	33	7548
2	34	-804
2	35	-13764
3	4	4524
3	5	-11724
3	6	-4404
3	7	14484
3	8	5700
3	9	948
3	10	-6420
3	11	-660
3	12	-3516
3	13	5844
3	14	-8580
3	15	-7116
3	16	-2364
3	17	7428
3	18	-2100
3	19	1092
3	20	-5676
3	21	-660
3	22	-660
3	23	-1644
3	24	-2220
3	25	348
3	26	2244
3	27	3396
3	28	4524
3	29	7836
3	30	-4404
3	31	-4260
3	32	4380
3	33	9420
3	34	1068
3	35	-6708
4	5	-4668
4	6	4092
4	7	5988
4	8	-2796
4	9	2820
4	10	-8292
4	11	-2532
4	12	3540
4	13	2532
4	14	-5268
4	15	-60
4	16	-5676
4	17	-1068
4	18	-3972
4	19	-2220
4	20	6564
4	21	-2532
4	22	2652
4	23	10596
4	24	-348
4	25	3660
4	26	14484
4	27	5268
4	28	2652
4	29	5964
4	30	-1092
4	31	-948
4	32	2508
4	33	7548
4	34	-804
4	35	1788
5	6	9444
5	7	-3972
5	8	-372
5	9	-5988
5	10	6276
5	11	-15036
5	12	3660
5	13	-10884
5	14	3252
5	15	-3108
5	16	-2676
5	17	-7284
5	18	1956
5	19	14604
5	20	636
5	21	5700
5	22	516
5	23	-3396
5	24	-2820
5	25	4692
5	26	-7284
5	27	1932
5	28	516
5	29	-2796
5	30	-924
5	31	4116
5	32	5844
5	33	-9564
5	34	-1212
5	35	6564
6	7	-5820
6	8	948
6	9	1380
6	10	-1668
6	11	-1092
6	12	2100
6	13	-4092
6	14	-3828
6	15	3684
6	16	-7116
6	17	-7692
6	18	-7716
6	19	1524
6	20	5124
6	21	-1092
6	22	-6276
6	23	-1212
6	24	3396
6	25	-5268
6	26	-2508
6	27	-6540
6	28	-1092
6	29	-13332
6	30	348
6	31	10860
6	32	-1236
6	33	-6564
6	34	636
6	35	8412
7	8	4524
7	9	4092
7	10	1380
7	11	-4380
7	12	-6996
7	13	4380
7	14	-6828
7	15	1788
7	16	-2964
7	17	7980
7	18	2244
7	19	-1236
7	20	-4836
7	21	804
7	22	-4380
7	23	1500
7	24	-8292
7	25	10164
7	26	13164
7	27	6828
7	28	5988
7	29	13044
7	30	-636
7	31	-780
7	32	11316
7	33	6276
7	34	9444
7	35	-3516
8	9	-2676
8	10	2964
8	11	-2796
8	12	-8580
8	13	-2388
8	14	-60
8	15	204
8	16	636
8	17	-3972
8	18	-6540
8	19	2364
8	20	-1236
8	21	2388
8	22	-7980
8	23	-10452
8	24	492
8	25	6564
8	26	-3972
8	27	60
8	28	7572
8	29	4260
8	30	-4236
8	31	5988
8	32	7716
8	33	-7692
8	34	660
8	35	-12300
9	10	-6972
9	11	8004
9	12	-3828
9	13	-8004
9	14	-4812
9	15	-228
9	16	-4980
9	17	-4404
9	18	4260
9	19	-8436
9	20	3516
9	21	2820
9	22	8004
9	23	9852
9	24	-5124
9	25	-3372
9	26	780
9	27	-372
9	28	2820
9	29	-5676
9	30	1380
9	31	1236
9	32	-2220
9	33	-2076
9	34	1092
9	35	-6684
10	11	-3108
10	12	-1068
10	13	-2076
10	14	-660
10	15	5700
10	16	10452
10	17	-492
10	18	636
10	19	-6828
10	20	-3228
10	21	-3108
10	22	-3108
10	23	804
10	24	228
10	25	8268
10	26	-492
10	27	5844
10	28	-8292
10	29	5388
10	30	3516
10	31	-1524
10	32	7116
10	33	-3396
10	34	-1380
10	35	1212
11	12	3540
11	13	7716
11	14	-84
11	15	10308
11	16	4692
11	17	4116
11	18	1212
11	19	-7404
11	20	-3804
11	21	-2532
11	22	-2532
11	23	5412
11	24	4836
11	25	-6708
11	26	4116
11	27	-10284
11	28	-7716
11	29	-4404
11	30	9276
11	31	-11316
11	32	2508
11	33	2364
11	34	4380
11	35	1788
12	13	6828
12	14	11460
12	15	-11316
12	16	-516
12	17	60
12	18	4980
12	19	1212
12	20	2796
12	21	-6828
12	22	-1644
12	23	3948
12	24	4524
12	25	-7836
12	26	60
12	27	-6276
12	28	-12012
12	29	5412
12	30	12468
12	31	-8412
12	32	3684
12	33	-1356
12	34	-3372
12	35	9588
13	14	84
13	15	-5124
13	16	492
13	17	1068
13	18	-1212
13	19	-2964
13	20	-6564
13	21	-7836
13	22	-13020
13	23	4956
13	24	5532
13	25	-3660
13	26	6252
13	27	-5268
13	28	2532
13	29	4404
13	30	6276
13	31	-14604
13	32	7860
13	33	13188
13	34	11172
13	35	3396
14	15	-7692
14	16	-2940
14	17	1668
14	18	-6708
14	19	516
14	20	4116
14	21	-5268
14	22	-84
14	23	2964
14	24	2388
14	25	-9444
14	26	-3516
14	27	-2364
14	28	-15636
14	29	3228
14	30	6540
14	31	1500
14	32	-228
14	33	-372
14	34	-3540
14	35	-948
15	16	3084
15	17	3660
15	18	-3804
15	19	-372
15	20	-9156
15	21	5124
15	22	-60
15	23	2364
15	24	-2244
15	25	4116
15	26	8844
15	27	-7860
15	28	-60
15	29	-8556
15	30	-6684
15	31	3540
15	32	84
15	33	228
15	34	8580
15	35	804
16	17	4092
16	18	16500
16	19	60
16	20	-3540
16	21	4692
16	22	9876
16	23	-7572
16	24	3372
16	25	8868
16	26	-1092
16	27	2940
16	28	-5676
16	29	1380
16	30	-7116
16	31	-2076
16	32	10020
16	33	-10572
16	34	-7404
16	35	10740
17	18	5556
17	19	636
17	20	-2964
17	21	-1068
17	22	-1068
17	23	-1812
17	24	-1236
17	25	3108
17	26	4668
17	27	-1668
17	28	-6252
17	29	804
17	30	2676
17	31	2532
17	32	-924
17	33	4404
17	34	2388
17	35	4980
18	19	4404
18	20	-2364
18	21	11580
18	22	11580
18	23	-3516
18	24	6276
18	25	7404
18	26	5556
18	27	-3660
18	28	1212
18	29	4524
18	30	-2532
18	31	-2388
18	32	6252
18	33	-14628
18	34	-2244
18	35	10716
19	20	-6996
19	21	18516
19	22	2964
19	23	-660
19	24	-84
19	25	7140
19	26	-4548
19	27	-5700
19	28	8148
19	29	-5532
19	30	-14028
19	31	1380
19	32	3108
19	33	-1932
19	34	6420
19	35	3828
20	21	-3804
20	22	6564
20	23	924
20	24	-8868
20	25	372
20	26	-2964
20	27	11436
20	28	1380
20	29	3252
20	30	10308
20	31	4980
20	32	-8844
20	33	-3516
20	34	-15900
20	35	-2940
21	22	7836
21	23	228
21	24	4836
21	25	14028
21	26	-1068
21	27	-5100
21	28	13020
21	29	-9588
21	30	-21828
21	31	4236
21	32	-2676
21	33	-8004
21	34	4380
21	35	1788
22	23	5412
22	24	-10716
22	25	-1524
22	26	-1068
22	27	5268
22	28	-2532
22	29	780
22	30	-6276
22	31	-948
22	32	-2676
22	33	-2820
22	34	-16356
22	35	-3396
23	24	-2532
23	25	-5964
23	26	8556
23	27	-2964
23	28	-4956
23	29	2100
23	30	3972
23	31	-6540
23	32	372
23	33	10884
23	34	8868
23	35	-4092
24	25	-1356
24	26	3948
24	27	-12756
24	28	-5532
24	29	-3660
24	30	-6972
24	31	3252
24	32	-204
24	33	-10428
24	34	8292
24	35	10884
25	26	8292
25	27	9444
25	28	14028
25	29	1788
25	30	-10452
25	31	60
25	32	8700
25	33	-1812
25	34	204
25	35	-2388
26	27	-1668
26	28	-1068
26	29	11172
26	30	2676
26	31	-2652
26	32	9444
26	33	4404
26	34	7572
26	35	-204
27	28	5268
27	29	12324
27	30	3828
27	31	-1500
27	32	228
27	33	5556
27	34	-12012
27	35	-4236
28	29	-4404
28	30	-11460
28	31	-948
28	32	-2676
28	33	2364
28	34	4380
28	35	-8580
29	30	12588
29	31	-8004
29	32	11004
29	33	492
29	34	-2676
29	35	-5268
30	31	-9876
30	32	3948
30	33	3804
30	34	-4548
30	35	-1956
31	32	-11460
31	33	-11604
31	34	780
31	35	3372
32	33	-2964
32	34	4236
32	35	1644
33	34	4092
33	35	-8868
34	35	3516
