0	1	-8400
0	2	96
0	3	-7104
0	4	-1536
0	5	1536
0	6	12624
0	7	-11904
0	8	-2544
0	9	-7440
0	10	-11904
0	11	3984
0	12	-4848
0	13	-9264
0	14	1536
0	15	3120
0	16	624
0	17	912
0	18	2400
0	19	-12576
0	20	-1344
0	21	-4512
0	22	3072
0	23	-2544
0	24	-13440
0	25	-3648
0	26	-2976
0	27	4368
0	28	384
0	29	2976
0	30	-6000
0	31	7728
0	32	1536
0	33	-4992
0	34	1968
0	35	2112
1	2	-384
1	3	12000
1	4	1824
1	5	-1824
1	6	-12912
1	7	-3360
1	8	8016
1	9	-2640
1	10	1824
1	11	912
1	12	10320
1	13	3792
1	14	-12192
1	15	-3408
1	16	4848
1	17	-624
1	18	-7872
1	19	12288
1	20	6240
1	21	-960
1	22	2400
1	23	2832
1	24	2784
1	25	-7008
1	26	-1920
1	27	-9264
1	28	-5856
1	29	7104
1	30	-4080
1	31	2352
1	32	-7008
1	33	5280
1	34	-2256
1	35	-7584
2	3	3504
2	4	10320
2	5	5232
2	6	-672
2	7	5136
2	8	960
2	9	5856
2	10	5136
2	11	7968
2	12	3264
2	13	480
2	14	-5136
2	15	3648
2	16	-2208
2	17	2688
2	18	-6000
2	19	3792
2	20	2928
2	21	912
2	22	5712
2	23	-4224
2	24	-528
2	25	-5136
2	26	1392
2	27	-768
2	28	-3984
2	29	-1392
2	30	-5952
2	31	-6144
2	32	48
2	33	-6960
2	34	4800
2	35	-10896
3	4	3120
3	5	-3120
3	6	-9024
3	7	-2064
3	8	4128
3	9	-1344
3	10	3120
3	11	-384
3	12	1248
3	13	2496
3	14	-8304
3	15	480
3	16	-4224
3	17	-9696
3	18	-3984
3	19	5808
3	20	-240
3	21	8112
3	22	3696
3	23	14496
3	24	1488
3	25	-8304
3	26	4560
3	27	-13152
3	28	-1968
3	29	5808
3	30	2400
3	31	-4128
3	32	-8304
3	33	1392
3	34	-8736
3	35	-8880
4	5	1392
4	6	-3072
4	7	3792
4	8	-7584
4	9	8256
4	10	-1392
4	11	3840
4	12	480
4	13	6144
4	14	1392
4	15	2976
4	16	5952
4	17	6240
4	18	-2928
4	19	13200
4	20	-6672
4	21	5712
4	22	3216
4	23	2784
4	24	-3216
4	25	6576
4	26	2352
4	27	-5856
4	28	5424
4	29	-2352
4	30	-5856
4	31	-7968
4	32	1392
4	33	-10032
4	34	-3360
4	35	-3216
5	6	-7296
5	7	1392
5	8	2400
5	9	-3072
5	10	-3792
5	11	1344
5	12	9888
5	13	4224
5	14	-6576
5	15	-2976
5	16	9600
5	17	9312
5	18	-7440
5	19	2352
5	20	6672
5	21	-5712
5	22	1968
5	23	-7968
5	24	-1968
5	25	-1392
5	26	-7536
5	27	5856
5	28	-240
5	29	-8016
5	30	-4512
5	31	2784
5	32	-1392
5	33	-5520
5	34	8544
5	35	3216
6	7	-3072
6	8	3120
6	9	-2352
6	10	-3072
6	11	-4560
6	12	-10128
6	13	-6864
6	14	3072
6	15	6672
6	16	-5232
6	17	-336
6	18	2208
6	19	-3552
6	20	5952
6	21	-6432
6	22	-12864
6	23	-2064
6	24	-7872
6	25	-7296
6	26	3552
6	27	1392
6	28	4224
6	29	6816
6	30	6576
6	31	2064
6	32	-2112
6	33	10752
6	34	2640
6	35	2496
7	8	-7584
7	9	-2112
7	10	8976
7	11	3840
7	12	480
7	13	960
7	14	-3792
7	15	2976
7	16	768
7	17	6240
7	18	-8112
7	19	8016
7	20	-1488
7	21	-4656
7	22	3216
7	23	2784
7	24	7152
7	25	11760
7	26	2352
7	27	4512
7	28	240
7	29	-2352
7	30	-672
7	31	-2784
7	32	11760
7	33	-4848
7	34	7008
7	35	1968
8	9	-3120
8	10	2784
8	11	-5520
8	12	4656
8	13	1968
8	14	-2784
8	15	-1200
8	16	4944
8	17	-10320
8	18	-7104
8	19	-1344
8	20	20256
8	21	-3648
8	22	-8160
8	23	1776
8	24	-2208
8	25	-18336
8	26	-3840
8	27	-6864
8	28	6432
8	29	3840
8	30	3504
8	31	3408
8	32	-7968
8	33	4512
8	34	2832
8	35	-7392
9	10	-2112
9	11	-624
9	12	4944
9	13	-3504
9	14	12480
9	15	8880
9	16	10416
9	17	5520
9	18	13344
9	19	3552
9	20	-5952
9	21	6432
9	22	7680
9	23	-3120
9	24	13056
9	25	7296
9	26	6816
9	27	-6576
9	28	-4224
9	29	-1632
9	30	-1392
9	31	-2064
9	32	2112
9	33	-5568
9	34	2544
9	35	-7680
10	11	3840
10	12	480
10	13	6144
10	14	1392
10	15	-7392
10	16	-9600
10	17	-4128
10	18	2256
10	19	8016
10	20	3696
10	21	-4656
10	22	-1968
10	23	-2400
10	24	7152
10	25	1392
10	26	2352
10	27	4512
10	28	-4944
10	29	2832
10	30	9696
10	31	-7968
10	32	1392
10	33	5520
10	34	7008
10	35	1968
11	12	12336
11	13	1776
11	14	1344
11	15	-240
11	16	-3504
11	17	1392
11	18	-4704
11	19	-5280
11	20	-960
11	21	2208
11	22	9600
11	23	-10704
11	24	768
11	25	6528
11	26	10464
11	27	3120
11	28	-2688
11	29	-96
11	30	-2064
11	31	-10032
11	32	6528
11	33	-3072
11	34	-4272
11	35	768
12	13	4272
12	14	-10848
12	15	6288
12	16	7824
12	17	8112
12	18	384
12	19	960
12	20	1824
12	21	-1344
12	22	5088
12	23	-10896
12	24	10464
12	25	-480
12	26	4224
12	27	-3984
12	28	-1632
12	29	960
12	30	1200
12	31	5712
12	32	4704
12	33	-2976
12	34	-48
12	35	-5088
13	14	-960
13	15	-2544
13	16	-1200
13	17	3696
13	18	-7008
13	19	7968
13	20	-3264
13	21	-96
13	22	1536
13	23	-3216
13	24	3648
13	25	-6144
13	26	-7968
13	27	240
13	28	5376
13	29	-17952
13	30	240
13	31	-7152
13	32	4224
13	33	4416
13	34	-6576
13	35	3648
14	15	-2976
14	16	4416
14	17	-1056
14	18	8112
14	19	-8016
14	20	-3696
14	21	4656
14	22	1968
14	23	-2784
14	24	-1968
14	25	3792
14	26	2832
14	27	5856
14	28	4944
14	29	-2832
14	30	672
14	31	-7584
14	32	3792
14	33	-5520
14	34	3360
14	35	3216
15	16	6000
15	17	5712
15	18	1344
15	19	768
15	20	-96
15	21	-2112
15	22	8736
15	23	-1200
15	24	1632
15	25	-2976
15	26	-768
15	27	-2928
15	28	-1824
15	29	768
15	30	2256
15	31	6384
15	32	12576
15	33	-9120
15	34	-3408
15	35	-13920
16	17	13584
16	18	96
16	19	5856
16	20	1536
16	21	3552
16	22	5376
16	23	-240
16	24	4992
16	25	4416
16	26	-5856
16	27	1488
16	28	-1920
16	29	-4512
16	30	-14064
16	31	10608
16	32	4416
16	33	-7872
16	34	10032
16	35	-5376
17	18	4992
17	19	10752
17	20	-9120
17	21	-1920
17	22	5664
17	23	-5136
17	24	9888
17	25	4128
17	26	-5568
17	27	6960
17	28	-7392
17	29	-9984
17	30	-13776
17	31	5136
17	32	9312
17	33	-2400
17	34	9744
17	35	4704
18	19	-3696
18	20	-9744
18	21	3792
18	22	2832
18	23	-1920
18	24	12720
18	25	8112
18	26	3696
18	27	1536
18	28	-11472
18	29	1488
18	30	1536
18	31	7104
18	32	2928
18	33	528
18	34	-2688
18	35	2352
19	20	48
19	21	-1968
19	22	-1776
19	23	3840
19	24	6960
19	25	2352
19	26	-912
19	27	-3072
19	28	-6864
19	29	-4272
19	30	-3072
19	31	-3840
19	32	-2832
19	33	6288
19	34	7104
19	35	1776
20	21	-13200
20	22	-6096
20	23	-5664
20	24	-9456
20	25	-14064
20	26	-5232
20	27	2976
20	28	-2544
20	29	10416
20	30	8160
20	31	480
20	32	-3696
20	33	1968
20	34	1056
20	35	-4272
21	22	-4080
21	23	6720
21	24	-1104
21	25	4656
21	26	7152
21	27	-192
21	28	624
21	29	-1968
21	30	-5376
21	31	-6720
21	32	-5712
21	33	-1200
21	34	-6144
21	35	-1104
22	23	-2976
22	24	7728
22	25	7152
22	26	-3408
22	27	-1248
22	28	-9552
22	29	-6960
22	30	-11616
22	31	-2208
22	32	17520
22	33	-15792
22	34	-2784
22	35	-7824
23	24	2976
23	25	-2784
23	26	-3840
23	27	-12048
23	28	6432
23	29	3840
23	30	-1680
23	31	3408
23	32	-7968
23	33	-672
23	34	-2352
23	35	-2208
24	25	8400
24	26	3408
24	27	-9120
24	28	-6000
24	29	-8592
24	30	-3936
24	31	7392
24	32	3216
24	33	5424
24	34	2784
24	35	-2544
25	26	8016
25	27	5856
25	28	-5424
25	29	-2832
25	30	-4512
25	31	-2400
25	32	8976
25	33	-5520
25	34	3360
25	35	8400
26	27	-7296
26	28	1680
26	29	4272
26	30	3072
26	31	-6528
26	32	-2352
26	33	4080
26	34	-1920
26	35	3408
27	28	-10848
27	29	-3072
27	30	48
27	31	-3504
27	32	11040
27	33	-4128
27	34	6288
27	35	11616
28	29	-1680
28	30	4704
28	31	-1248
28	32	-5424
28	33	-1488
28	34	-672
28	35	-816
29	30	12480
29	31	1344
29	32	-8016
29	33	1104
29	34	1920
29	35	-8592
30	31	-3504
30	32	-4512
30	33	6240
30	34	-4080
30	35	1248
31	32	-2400
31	33	672
31	34	2352
31	35	-8160
32	33	-15888
32	34	-1824
32	35	3216
33	34	96
33	35	5424
34	35	2784
