0	1	-9576
0	2	4536
0	3	17496
0	4	1224
0	5	-1944
0	6	-5112
0	7	3528
0	8	5112
0	9	-3240
0	10	2664
0	11	1224
0	12	-3384
0	13	-504
0	14	-5688
0	15	-8424
0	16	11592
0	17	2232
0	18	-7128
0	19	9000
0	20	-11880
0	21	3528
0	22	-360
0	23	9720
0	24	-936
0	25	648
0	26	-8712
0	27	-8424
0	28	3096
0	29	-6408
0	30	-4248
0	31	-1080
0	32	-4392
0	33	-72
0	34	-8280
0	35	-3384
1	2	-792
1	3	-8568
1	4	-2664
1	5	-1800
1	6	3672
1	7	3096
1	8	1512
1	9	-504
1	10	-4104
1	11	-4968
1	12	4824
1	13	4248
1	14	4248
1	15	6984
1	16	-10152
1	17	-792
1	18	5688
1	19	-7560
1	20	5256
1	21	3096
1	22	-8568
1	23	-5976
1	24	2376
1	25	-4392
1	26	-3096
1	27	-504
1	28	-4536
1	29	-216
1	30	7992
1	31	-360
1	32	-12600
1	33	-3672
1	34	-5832
1	35	7128
2	3	-1656
2	4	-2376
2	5	-8712
2	6	-3528
2	7	1944
2	8	3528
2	9	360
2	10	4248
2	11	-360
2	12	216
2	13	6264
2	14	-4104
2	15	-6840
2	16	10008
2	17	-4536
2	18	4824
2	19	2232
2	20	-5112
2	21	7128
2	22	3240
2	23	6120
2	24	-2520
2	25	-936
2	26	-1944
2	27	360
2	28	-504
2	29	360
2	30	-2664
2	31	-9864
2	32	-7992
2	33	-1656
2	34	5688
2	35	8568
3	4	-4968
3	5	9432
3	6	-6120
3	7	9720
3	8	936
3	9	-7416
3	10	1656
3	11	7416
3	12	-12744
3	13	-11880
3	14	-1512
3	15	-9432
3	16	12600
3	17	-1944
3	18	-2952
3	19	10008
3	20	-7704
3	21	4536
3	22	5832
3	23	3528
3	24	-10296
3	25	1656
3	26	648
3	27	-12600
3	28	2088
3	29	-7416
3	30	-5256
3	31	3096
3	32	-216
3	33	936
3	34	-2088
3	35	5976
4	5	-5400
4	6	-12024
4	7	72
4	8	1656
4	9	-1512
4	10	-4248
4	11	-7416
4	12	8712
4	13	13320
4	14	-7416
4	15	5400
4	16	-2232
4	17	9144
4	18	-8856
4	19	360
4	20	-3240
4	21	-10296
4	22	-9000
4	23	2808
4	24	5976
4	25	7560
4	26	-5256
4	27	3672
4	28	1368
4	29	7416
4	30	-11160
4	31	2376
4	32	9432
4	33	6840
4	34	3816
4	35	-5112
5	6	6120
5	7	5832
5	8	-11304
5	9	-2952
5	10	3528
5	11	8136
5	12	-7992
5	13	1512
5	14	6696
5	15	-936
5	16	8136
5	17	1944
5	18	8136
5	19	360
5	20	2520
5	21	5832
5	22	4536
5	23	1656
5	24	-5256
5	25	-1656
5	26	4536
5	27	-8136
5	28	-7272
5	29	-8136
5	30	72
5	31	7272
5	32	5400
5	33	4248
5	34	2088
5	35	4392
6	7	-9144
6	8	-2376
6	9	10008
6	10	-5400
6	11	-1080
6	12	-5688
6	13	-3384
6	14	-3384
6	15	-936
6	16	-1080
6	17	-5256
6	18	360
6	19	1512
6	20	11160
6	21	6408
6	22	2520
6	23	-3528
6	24	1944
6	25	-6840
6	26	3960
6	27	4824
6	28	216
6	29	-4104
6	30	3240
6	31	1224
6	32	-2088
6	33	-7560
6	34	-5400
6	35	-1080
7	8	-1224
7	9	-3240
7	10	3816
7	11	7848
7	12	-8280
7	13	1800
7	14	1800
7	15	-648
7	16	7848
7	17	-3528
7	18	8424
7	19	5256
7	20	-2376
7	21	-4824
7	22	9432
7	23	7128
7	24	-5544
7	25	3240
7	26	4824
7	27	-8424
7	28	-1800
7	29	2520
7	30	360
7	31	2376
7	32	-4680
7	33	3960
7	34	1800
7	35	9864
8	9	360
8	10	-4968
8	11	-4104
8	12	5688
8	13	-1800
8	14	-1800
8	15	936
8	16	-4104
8	17	10440
8	18	-5544
8	19	3672
8	20	-792
8	21	-6408
8	22	-7704
8	23	8712
8	24	3240
8	25	-3528
8	26	1224
8	27	-4824
8	28	-216
8	29	-1080
8	30	1944
8	31	-1224
8	32	-3096
8	33	-2808
8	34	5400
8	35	6264
9	10	-8136
9	11	-6120
9	12	-1512
9	13	5400
9	14	-4968
9	15	-2232
9	16	-6120
9	17	-12312
9	18	-3528
9	19	6840
9	20	1224
9	21	-8424
9	22	648
9	23	360
9	24	1224
9	25	-5544
9	26	-1944
9	27	13896
9	28	1800
9	29	6120
9	30	3960
9	31	11160
9	32	-1080
9	33	360
9	34	3384
9	35	3096
10	11	-8856
10	12	2088
10	13	-5976
10	14	-792
10	15	-3528
10	16	1512
10	17	-2664
10	18	8136
10	19	4104
10	20	-12168
10	21	3816
10	22	5112
10	23	9432
10	24	-5832
10	25	11304
10	26	1368
10	27	7416
10	28	-2376
10	29	-6696
10	30	648
10	31	-1368
10	32	10872
10	33	5400
10	34	7560
10	35	-3672
11	12	-792
11	13	-504
11	14	4680
11	15	2232
11	16	10152
11	17	3960
11	18	6120
11	19	2376
11	20	10872
11	21	7848
11	22	1368
11	23	-5544
11	24	-3240
11	25	-4824
11	26	2520
11	27	-21672
11	28	6264
11	29	216
11	30	3240
11	31	72
11	32	-12168
11	33	-4104
11	34	-6264
11	35	7560
12	13	5256
12	14	72
12	15	13176
12	16	-5976
12	17	8568
12	18	1512
12	19	-8568
12	20	-4104
12	21	7272
12	22	-14760
12	23	-4968
12	24	6552
12	25	-216
12	26	-2088
12	27	3672
12	28	6840
12	29	792
12	30	3816
12	31	5832
12	32	-1224
12	33	-4680
12	34	3528
12	35	2952
13	14	1224
13	15	8856
13	16	-504
13	17	5688
13	18	-216
13	19	-3096
13	20	216
13	21	-3384
13	22	-2088
13	23	6264
13	24	7704
13	25	-1080
13	26	-6984
13	27	216
13	28	-5544
13	29	504
13	30	2664
13	31	648
13	32	-2664
13	33	3384
13	34	5544
13	35	-1656
14	15	-1512
14	16	-504
14	17	5688
14	18	4968
14	19	-8280
14	20	5400
14	21	1800
14	22	8280
14	23	6264
14	24	12888
14	25	-1080
14	26	3384
14	27	-4968
14	28	-5544
14	29	-4680
14	30	13032
14	31	5832
14	32	2520
14	33	13752
14	34	360
14	35	3528
15	16	-13320
15	17	3240
15	18	-2952
15	19	-5544
15	20	2664
15	21	-648
15	22	-4536
15	23	-6840
15	24	5256
15	25	6840
15	26	648
15	27	2952
15	28	7272
15	29	-2232
15	30	-72
15	31	3096
15	32	-216
15	33	-9432
15	34	3096
15	35	-4392
16	17	-1224
16	18	6120
16	19	-2808
16	20	-4680
16	21	13032
16	22	6552
16	23	-360
16	24	-8424
16	25	360
16	26	2520
16	27	-11304
16	28	6264
16	29	216
16	30	-7128
16	31	72
16	32	-1800
16	33	1080
16	34	-1080
16	35	7560
17	18	1944
17	19	-3816
17	20	1512
17	21	-3528
17	22	-10008
17	23	5832
17	24	6120
17	25	-5832
17	26	-1656
17	27	-12312
17	28	-3096
17	29	-9144
17	30	4248
17	31	-4104
17	32	4392
17	33	5256
17	34	3096
17	35	-1800
18	19	-1656
18	20	-1224
18	21	3240
18	22	-648
18	23	-5544
18	24	-1224
18	25	-4824
18	26	1944
18	27	-3528
18	28	-1800
18	29	-6120
18	30	11592
18	31	-5976
18	32	-4104
18	33	-360
18	34	1800
18	35	12456
19	20	3096
19	21	-10296
19	22	3960
19	23	12600
19	24	4536
19	25	2952
19	26	-5256
19	27	1656
19	28	-1512
19	29	-2376
19	30	648
19	31	2664
19	32	792
19	33	-1512
19	34	1512
19	35	4968
20	21	-2376
20	22	4104
20	23	72
20	24	8712
20	25	-5256
20	26	2376
20	27	-3960
20	28	-1368
20	29	4680
20	30	1656
20	31	-360
20	32	-3672
20	33	-792
20	34	-3816
20	35	2520
21	22	-936
21	23	-8424
21	24	-5544
21	25	3240
21	26	10008
21	27	-8424
21	28	3384
21	29	-2664
21	30	360
21	31	-2808
21	32	-9864
21	33	-6408
21	34	-8568
21	35	4680
22	23	13608
22	24	3528
22	25	1944
22	26	6120
22	27	5832
22	28	-504
22	29	-1368
22	30	1656
22	31	3672
22	32	6984
22	33	7848
22	34	5688
22	35	-4392
23	24	7848
23	25	-936
23	26	-1944
23	27	360
23	28	-10872
23	29	-4824
23	30	2520
23	31	5688
23	32	7560
23	33	13896
23	34	10872
23	35	-1800
24	25	2520
24	26	-4824
24	27	6408
24	28	-1080
24	29	-1944
24	30	11448
24	31	3096
24	32	1224
24	33	3240
24	34	-4104
24	35	216
25	26	7128
25	27	4824
25	28	5688
25	29	4824
25	30	-7704
25	31	-504
25	32	7992
25	33	1656
25	34	-504
25	35	-3384
26	27	-1944
26	28	-3384
26	29	2664
26	30	-360
26	31	-2376
26	32	4680
26	33	1224
26	34	3384
26	35	5688
27	28	1800
27	29	936
27	30	-1224
27	31	5976
27	32	14472
27	33	360
27	34	8568
27	35	-7272
28	29	-1080
28	30	-4104
28	31	4248
28	32	936
28	33	-5400
28	34	-3240
28	35	-3240
29	30	-8424
29	31	-72
29	32	-8568
29	33	-1080
29	34	-4104
29	35	2808
30	31	2088
30	32	-6408
30	33	1944
30	34	-1080
30	35	4968
31	32	7128
31	33	3960
31	34	6120
31	35	2952
32	33	12456
32	34	14616
32	35	-10728
33	34	5400
33	35	-4104
34	35	3240
