0	1	11612
0	2	5524
0	3	-3652
0	4	9596
0	5	-13012
0	6	-956
0	7	-5668
0	8	-4124
0	9	-3796
0	10	7828
0	11	-2540
0	12	5092
0	13	10132
0	14	-1348
0	15	-4988
0	16	-2252
0	17	4228
0	18	10420
0	19	5380
0	20	8444
0	21	4372
0	22	5708
0	23	-4084
0	24	-14452
0	25	-8156
0	26	-484
0	27	956
0	28	3652
0	29	-1492
0	30	-9308
0	31	-10172
0	32	3404
0	33	2212
0	34	6100
0	35	-1636
1	2	10708
1	3	-3652
1	4	-772
1	5	-7828
1	6	-6140
1	7	-10852
1	8	6244
1	9	-3796
1	10	2644
1	11	-2540
1	12	-92
1	13	-236
1	14	-1348
1	15	5380
1	16	-2252
1	17	4228
1	18	52
1	19	10564
1	20	-1924
1	21	-812
1	22	524
1	23	6284
1	24	-4084
1	25	-2972
1	26	9884
1	27	6140
1	28	3652
1	29	-6676
1	30	-9308
1	31	-4988
1	32	3404
1	33	7396
1	34	-4268
1	35	-6820
2	3	5236
2	4	-8012
2	5	4228
2	6	4556
2	7	-8300
2	8	2540
2	9	-4988
2	10	11324
2	11	-4228
2	12	-1492
2	13	-1348
2	14	-7436
2	15	-1780
2	16	668
2	17	-5812
2	18	3548
2	19	-1780
2	20	-1676
2	21	-772
2	22	-9308
2	23	5668
2	24	5668
2	25	-3796
2	26	7252
2	27	5812
2	28	-5236
2	29	-7292
2	30	-7828
2	31	-6964
2	32	-1820
2	33	-3796
2	34	2684
2	35	3220
3	4	-484
3	5	-2356
3	6	3940
3	7	-10564
3	8	772
3	9	-8692
3	10	7540
3	11	2356
3	12	-10748
3	13	-524
3	14	-16612
3	15	-5276
3	16	2644
3	17	-1244
3	18	-10604
3	19	-5276
3	20	-6820
3	21	-1100
3	22	-4372
3	23	1388
3	24	11756
3	25	1924
3	26	-10564
3	27	6428
3	28	3364
3	29	3980
3	30	-4412
3	31	-5276
3	32	3692
3	33	12292
3	34	-4556
3	35	3836
4	5	-4660
4	6	1060
4	7	7868
4	8	-7292
4	9	-5812
4	10	-5708
4	11	4660
4	12	1924
4	13	1780
4	14	1820
4	15	-2972
4	16	-236
4	17	11428
4	18	-3116
4	19	2212
4	20	6428
4	21	11572
4	22	8876
4	23	-6100
4	24	-6100
4	25	4228
4	26	-7684
4	27	-1060
4	28	484
4	29	-3508
4	30	8260
4	31	7396
4	32	1388
4	33	4228
4	34	2932
4	35	6716
5	6	8116
5	7	11180
5	8	-236
5	9	-2500
5	10	1348
5	11	-9020
5	12	3796
5	13	-1532
5	14	5132
5	15	4084
5	16	1636
5	17	-7436
5	18	3940
5	19	-1100
5	20	4556
5	21	-2108
5	22	-3364
5	23	2396
5	24	7580
5	25	6100
5	26	812
5	27	-2932
5	28	-2828
5	29	-5380
5	30	4948
5	31	9268
5	32	-484
5	33	-9452
5	34	4804
5	35	-340
6	7	-4412
6	8	3836
6	9	-11468
6	10	2252
6	11	-2932
6	12	-196
6	13	-5236
6	14	1636
6	15	4700
6	16	-3220
6	17	-4516
6	18	4844
6	19	-484
6	20	7396
6	21	524
6	22	4948
6	23	4372
6	24	-812
6	25	-2500
6	26	-9596
6	27	9700
6	28	-9124
6	29	-3404
6	30	-1348
6	31	-484
6	32	2068
6	33	-2500
6	34	-1204
6	35	7108
7	8	-12764
7	9	10028
7	10	-5996
7	11	-812
7	12	1636
7	13	6676
7	14	12476
7	15	-3260
7	16	4660
7	17	5956
7	18	1780
7	19	-8444
7	20	-3652
7	21	916
7	22	-1204
7	23	-5812
7	24	-628
7	25	3940
7	26	2972
7	27	-16324
7	28	5380
7	29	-3220
7	30	2788
7	31	17476
7	32	-3508
7	33	-1244
7	34	7828
7	35	1820
8	9	-4268
8	10	5420
8	11	-10132
8	12	8156
8	13	-7252
8	14	-1532
8	15	2684
8	16	-15604
8	17	-16900
8	18	-2356
8	19	2684
8	20	14596
8	21	-1492
8	22	-3404
8	23	6388
8	24	-3980
8	25	5852
8	26	-2396
8	27	11716
8	28	-772
8	29	3796
8	30	1820
8	31	-2500
8	32	-1100
8	33	668
8	34	1964
8	35	3940
9	10	-2684
9	11	2500
9	12	-236
9	13	-380
9	14	3980
9	15	-5132
9	16	7972
9	17	4084
9	18	-92
9	19	-5132
9	20	-6964
9	21	-956
9	22	-9700
9	23	6428
9	24	1244
9	25	2068
9	26	4844
9	27	-14452
9	28	3508
9	29	9020
9	30	916
9	31	10420
9	32	-1636
9	33	2068
9	34	5956
9	35	-1492
10	11	-1348
10	12	-8980
10	13	6716
10	14	-10316
10	15	-9268
10	16	-1636
10	17	-8116
10	18	1244
10	19	-4084
10	20	5812
10	21	2108
10	22	-1820
10	23	-2396
10	24	2788
10	25	-11284
10	26	-812
10	27	2932
10	28	2828
10	29	196
10	30	-10132
10	31	-4084
10	32	5668
10	33	4268
10	34	380
10	35	-4844
11	12	-8980
11	13	1532
11	14	-5132
11	15	-4084
11	16	8732
11	17	7436
11	18	-9124
11	19	6284
11	20	-9740
11	21	2108
11	22	3364
11	23	7972
11	24	13156
11	25	-6100
11	26	9556
11	27	-7436
11	28	2828
11	29	196
11	30	236
11	31	-4084
11	32	-4700
11	33	4268
11	34	-9988
11	35	340
12	13	-6100
12	14	7684
12	15	9020
12	16	-9268
12	17	-10564
12	18	3980
12	19	3836
12	20	13444
12	21	-340
12	22	628
12	23	5236
12	24	-10316
12	25	12188
12	26	1636
12	27	196
12	28	-4804
12	29	-2540
12	30	8156
12	31	-1348
12	32	-2252
12	33	-8548
12	34	13484
12	35	7972
13	14	2356
13	15	-6388
13	16	-3940
13	17	-52
13	18	4124
13	19	3980
13	20	-2252
13	21	-196
13	22	484
13	23	-10460
13	24	-92
13	25	-3220
13	26	1492
13	27	-5132
13	28	16076
13	29	12868
13	30	-12436
13	31	-1204
13	32	2788
13	33	1964
13	34	-1924
13	35	-7724
14	15	7972
14	16	-10028
14	17	6820
14	18	2644
14	19	2788
14	20	5852
14	21	-3404
14	22	3116
14	23	3692
14	24	-6676
14	25	-380
14	26	-3076
14	27	-6820
14	28	1060
14	29	1100
14	30	3652
14	31	13156
14	32	-9556
14	33	-5564
14	34	3508
14	35	-9412
15	16	-9556
15	17	-484
15	18	3692
15	19	-1636
15	20	-1820
15	21	-628
15	22	16468
15	23	5524
15	24	-4844
15	25	1532
15	26	-3260
15	27	-4700
15	28	-5092
15	29	-7436
15	30	2684
15	31	-1636
15	32	8404
15	33	-8836
15	34	-2356
15	35	-2108
16	17	7148
16	18	956
16	19	812
16	20	-9452
16	21	1820
16	22	-6716
16	23	-2108
16	24	8260
16	25	-6388
16	26	9844
16	27	-1964
16	28	2540
16	29	-4700
16	30	-5236
16	31	5996
16	32	5956
16	33	3980
16	34	-5092
16	35	628
17	18	-340
17	19	-484
17	20	-13340
17	21	524
17	22	4948
17	23	-812
17	24	4372
17	25	-7684
17	26	-4412
17	27	-5852
17	28	-3940
17	29	-3404
17	30	3836
17	31	9884
17	32	2068
17	33	7868
17	34	-6388
17	35	-8444
18	19	-1492
18	20	3220
18	21	-5668
18	22	5956
18	23	-10172
18	24	-4988
18	25	-3508
18	26	1780
18	27	340
18	28	-4948
18	29	-2396
18	30	-2356
18	31	-1492
18	32	3076
18	33	-13876
18	34	8156
18	35	8116
19	20	8548
19	21	-5812
19	22	916
19	23	5524
19	24	340
19	25	1532
19	26	7108
19	27	10852
19	28	10460
19	29	8116
19	30	-7684
19	31	-1636
19	32	-1964
19	33	6716
19	34	-7540
19	35	-7292
20	21	7540
20	22	2540
20	23	-2068
20	24	-12436
20	25	196
20	26	-3652
20	27	8156
20	28	1636
20	29	524
20	30	4228
20	31	3364
20	32	236
20	33	-4988
20	34	4084
20	35	380
21	22	-92
21	23	-5852
21	24	-5852
21	25	-2644
21	26	-4268
21	27	-524
21	28	-4084
21	29	-3260
21	30	3692
21	31	-628
21	32	7396
21	33	-7828
21	34	-6532
21	35	-3116
22	23	-4804
22	24	-9988
22	25	-7436
22	26	-6388
22	27	-4948
22	28	-812
22	29	-7396
22	30	1780
22	31	-4268
22	32	7868
22	33	-2252
22	34	-3548
22	35	-2356
23	24	6140
23	25	2356
23	26	4556
23	27	-4372
23	28	-1388
23	29	-1636
23	30	1204
23	31	340
23	32	-7108
23	33	7540
23	34	1060
23	35	-1780
24	25	2356
24	26	4556
24	27	812
24	28	-1388
24	29	3548
24	30	1204
24	31	5524
24	32	-1924
24	33	2356
24	34	-4124
24	35	3404
25	26	-1244
25	27	2500
25	28	-1924
25	29	4948
25	30	11036
25	31	1532
25	32	-5132
25	33	-484
25	34	11180
25	35	15460
26	27	-5956
26	28	5380
26	29	-8404
26	30	-2396
26	31	-3260
26	32	-3508
26	33	-1244
26	34	-2540
26	35	1820
27	28	-6428
27	29	3404
27	30	-3836
27	31	-4700
27	32	3116
27	33	2500
27	34	-3980
27	35	3260
28	29	11572
28	30	-16324
28	31	5276
28	32	1492
28	33	13628
28	34	-5812
28	35	-9020
29	30	-6572
29	31	2932
29	32	668
29	33	4948
29	34	-1532
29	35	-4372
30	31	2684
30	32	-6284
30	33	-9700
30	34	7148
30	35	9124
31	32	3220
31	33	6716
31	34	2828
31	35	-2108
32	33	5236
32	34	-6428
32	35	-4660
33	34	-4372
33	35	-5276
34	35	14164
