0	1	-3576
0	2	456
0	3	3480
0	4	1272
0	5	-8520
0	6	-4920
0	7	1704
0	8	2760
0	9	1176
0	10	1848
0	11	-1416
0	12	-5208
0	13	5304
0	14	-6024
0	15	-8664
0	16	2184
0	17	-6312
0	18	-2856
0	19	6216
0	20	-5304
0	21	-11688
0	22	-7368
0	23	2568
0	24	-5160
0	25	-4488
0	26	-552
0	27	-7464
0	28	-1464
0	29	-24
0	30	-4344
0	31	-7080
0	32	8664
0	33	8760
0	34	-456
0	35	-4728
1	2	-16008
1	3	-3480
1	4	3912
1	5	-1848
1	6	4920
1	7	-1704
1	8	-7944
1	9	-1176
1	10	-1848
1	11	-14136
1	12	10392
1	13	5064
1	14	840
1	15	-1704
1	16	3000
1	17	1128
1	18	-7512
1	19	4152
1	20	120
1	21	-9048
1	22	-8184
1	23	2616
1	24	5160
1	25	4488
1	26	552
1	27	2280
1	28	6648
1	29	-10344
1	30	4344
1	31	7080
1	32	1704
1	33	-8760
1	34	456
1	35	4728
2	3	2856
2	4	2760
2	5	2184
2	6	3768
2	7	2328
2	8	8760
2	9	-24
2	10	2184
2	11	7752
2	12	-6312
2	13	3912
2	14	7176
2	15	2328
2	16	-1032
2	17	-2904
2	18	14376
2	19	10488
2	20	1272
2	21	5352
2	22	1032
2	23	-8904
2	24	-9240
2	25	8520
2	26	-3480
2	27	-1752
2	28	312
2	29	-1128
2	30	8376
2	31	744
2	32	-2328
2	33	5640
2	34	-696
2	35	-9672
3	4	600
3	5	-5160
3	6	-3576
3	7	-10200
3	8	10920
3	9	-8232
3	10	5208
3	11	4728
3	12	-8472
3	13	1752
3	14	-1032
3	15	-10200
3	16	6312
3	17	-5928
3	18	-4200
3	19	-8088
3	20	-6936
3	21	-1992
3	22	4056
3	23	4488
3	24	-7080
3	25	6360
3	26	-11688
3	27	-4776
3	28	8520
3	29	-3288
3	30	1032
3	31	-1416
3	32	10200
3	33	3480
3	34	2328
3	35	-2328
4	5	-456
4	6	3144
4	7	-5784
4	8	5064
4	9	3480
4	10	4728
4	11	-4296
4	12	8040
4	13	3000
4	14	-3720
4	15	4584
4	16	9672
4	17	1176
4	18	-552
4	19	8520
4	20	7368
4	21	-3624
4	22	696
4	23	264
4	24	-8040
4	25	-6792
4	26	1752
4	27	5208
4	28	1416
4	29	-7512
4	30	-1464
4	31	6168
4	32	5784
4	33	-3912
4	34	7608
4	35	-2424
5	6	3720
5	7	-24
5	8	9672
5	9	-7464
5	10	-10248
5	11	10680
5	12	8616
5	13	8760
5	14	888
5	15	-24
5	16	-1272
5	17	600
5	18	9240
5	19	-2424
5	20	1608
5	21	2136
5	22	6456
5	23	-9528
5	24	6936
5	25	-6216
5	26	1176
5	27	9816
5	28	1992
5	29	3432
5	30	-888
5	31	1560
5	32	5208
5	33	1848
5	34	3000
5	35	-3000
6	7	-1608
6	8	-9480
6	9	-696
6	10	-6648
6	11	1896
6	12	-3336
6	13	1992
6	14	2472
6	15	3576
6	16	312
6	17	-8184
6	18	5640
6	19	4344
6	20	3192
6	21	-4632
6	22	4872
6	23	-5928
6	24	3336
6	25	-2616
6	26	-2424
6	27	6216
6	28	-4776
6	29	-8520
6	30	7896
6	31	5160
6	32	-3576
6	33	-4920
6	34	1416
6	35	3768
7	8	-5736
7	9	8232
7	10	-10392
7	11	456
7	12	-7080
7	13	-6936
7	14	6216
7	15	-168
7	16	-11496
7	17	-4440
7	18	-984
7	19	2904
7	20	1752
7	21	1992
7	22	-4056
7	23	-9672
7	24	1896
7	25	-1176
7	26	1320
7	27	-5592
7	28	-3336
7	29	3288
7	30	-1032
7	31	-8952
7	32	-5016
7	33	6888
7	34	2856
7	35	2328
8	9	-7512
8	10	4488
8	11	10632
8	12	1176
8	13	6216
8	14	-5496
8	15	-552
8	16	1848
8	17	-24
8	18	6888
8	19	3000
8	20	-6216
8	21	-2712
8	22	-1848
8	23	-6600
8	24	-1176
8	25	456
8	26	-5784
8	27	-4056
8	28	12984
8	29	1176
8	30	312
8	31	3048
8	32	10920
8	33	2760
8	34	6792
8	35	-11976
9	10	2904
9	11	1848
9	12	9960
9	13	-16104
9	14	1272
9	15	8232
9	16	-12120
9	17	6744
9	18	-1896
9	19	-600
9	20	5736
9	21	888
9	22	-3432
9	23	2184
9	24	5592
9	25	-6312
9	26	11352
9	27	-2472
9	28	1032
9	29	4776
9	30	9096
9	31	1464
9	32	-3048
9	33	6360
9	34	5208
9	35	5160
10	11	312
10	12	3432
10	13	-6792
10	14	888
10	15	-24
10	16	3912
10	17	16152
10	18	4056
10	19	7944
10	20	-3576
10	21	2136
10	22	6456
10	23	11208
10	24	-3432
10	25	4152
10	26	-4008
10	27	-5736
10	28	7176
10	29	-6936
10	30	-888
10	31	1560
10	32	24
10	33	-3336
10	34	3000
10	35	-3000
11	12	-3000
11	13	-3144
11	14	-1320
11	15	456
11	16	-9528
11	17	-1032
11	18	5880
11	19	-3192
11	20	-7224
11	21	-6888
11	22	9528
11	23	-408
11	24	3000
11	25	-8904
11	26	-1608
11	27	120
11	28	3624
11	29	-3000
11	30	6504
11	31	-6312
11	32	4728
11	33	14136
11	34	7800
11	35	-7800
12	13	-3480
12	14	-2424
12	15	8472
12	16	600
12	17	7656
12	18	744
12	19	4632
12	20	3480
12	21	264
12	22	-5784
12	23	-1032
12	24	3624
12	25	-2904
12	26	3048
12	27	6504
12	28	5304
12	29	-3624
12	30	2424
12	31	4872
12	32	1896
12	33	-24
12	34	1128
12	35	4056
13	14	2616
13	15	-6936
13	16	10824
13	17	-8040
13	18	5784
13	19	9672
13	20	3336
13	21	-9960
13	22	-456
13	23	-888
13	24	-6888
13	25	7608
13	26	2904
13	27	11544
13	28	-4920
13	29	1704
13	30	2568
13	31	10200
13	32	1752
13	33	-5064
13	34	-3912
13	35	-11640
14	15	11400
14	16	264
14	17	3576
14	18	5304
14	19	1416
14	20	-2616
14	21	4056
14	22	4920
14	23	-10200
14	24	2424
14	25	12408
14	26	-2184
14	27	-456
14	28	-6168
14	29	2760
14	30	1896
14	31	-552
14	32	-11400
14	33	-6024
14	34	3192
14	35	-8376
15	16	-1128
15	17	5928
15	18	4200
15	19	-2280
15	20	1752
15	21	1992
15	22	-4056
15	23	-9672
15	24	7080
15	25	-1176
15	26	1320
15	27	-408
15	28	-3336
15	29	3288
15	30	-1032
15	31	1416
15	32	-10200
15	33	-8664
15	34	2856
15	35	-8040
16	17	-4632
16	18	2280
16	19	3576
16	20	9912
16	21	-3288
16	22	2760
16	23	3192
16	24	-10968
16	25	10248
16	26	-10392
16	27	6888
16	28	-8328
16	29	600
16	30	-10632
16	31	2472
16	32	1128
16	33	-3000
16	34	1032
16	35	-6216
17	18	408
17	19	-3480
17	20	-2328
17	21	8952
17	22	9816
17	23	10248
17	24	7896
17	25	-3432
17	26	3288
17	27	-5352
17	28	-1272
17	29	2472
17	30	1608
17	31	-840
17	32	-744
17	33	-6312
17	34	2904
17	35	2280
18	19	13800
18	20	4584
18	21	7224
18	22	2904
18	23	-1848
18	24	-744
18	25	10392
18	26	5016
18	27	1560
18	28	2184
18	29	744
18	30	-120
18	31	-2568
18	32	-9384
18	33	2328
18	34	6360
18	35	-11544
19	20	5880
19	21	-4440
19	22	-3576
19	23	-3144
19	24	-9816
19	25	9096
19	26	1128
19	27	2856
19	28	888
19	29	-10920
19	30	3768
19	31	6504
19	32	-2904
19	33	1032
19	34	5064
19	35	-5064
20	21	4776
20	22	456
20	23	6072
20	24	-8664
20	25	7944
20	26	2280
20	27	14376
20	28	-10632
20	29	8664
20	30	-2568
20	31	10536
20	32	-6936
20	33	-5304
20	34	-1272
20	35	1272
21	22	3288
21	23	-2328
21	24	4920
21	25	6168
21	26	4344
21	27	-2568
21	28	-1176
21	29	10632
21	30	-4056
21	31	-1608
21	32	-7176
21	33	-6504
21	34	-168
21	35	10536
22	23	7176
22	24	-4584
22	25	-5064
22	26	24
22	27	3480
22	28	-12408
22	29	-600
22	30	-4920
22	31	-2472
22	32	-1128
22	33	3000
22	34	9336
22	35	6216
23	24	-4152
23	25	-312
23	26	5640
23	27	3912
23	28	-2472
23	29	-1032
23	30	-168
23	31	-2904
23	32	-696
23	33	2568
23	34	-1464
23	35	1464
24	25	-7464
24	26	7320
24	27	-1320
24	28	5064
24	29	8808
24	30	7944
24	31	312
24	32	-1896
24	33	-5160
24	34	4056
24	35	1128
25	26	-8040
25	27	600
25	28	840
25	29	2280
25	30	3144
25	31	5592
25	32	-9192
25	33	-4488
25	34	-3336
25	35	-7032
26	27	4440
26	28	-696
26	29	8232
26	30	2184
26	31	4920
26	32	-6504
26	33	-552
26	34	3480
26	35	1704
27	28	-7608
27	29	6504
27	30	5640
27	31	13560
27	32	-9960
27	33	-7464
27	34	-8616
27	35	-1752
28	29	-10248
28	30	6168
28	31	3432
28	32	8520
28	33	-1464
28	34	-312
28	35	-4872
29	30	-2760
29	31	4872
29	32	-8472
29	33	-5208
29	34	-4056
29	35	-1128
30	31	10920
30	32	1032
30	33	840
30	34	-3192
30	35	-1992
31	32	-1416
31	33	-17448
31	34	-5928
31	35	744
32	33	8664
32	34	7512
32	35	2856
33	34	9912
33	35	456
34	35	-696
