0	1	1932
0	2	-228
0	3	4188
0	4	-252
0	5	-132
0	6	1668
0	7	1932
0	8	2292
0	9	108
0	10	228
0	11	-588
0	12	-1452
0	13	3732
0	14	-2292
0	15	-108
0	16	3828
0	17	-468
0	18	-12
0	19	252
0	20	348
0	21	1212
0	22	492
0	23	1692
0	24	3852
0	25	1812
0	26	108
0	27	2268
0	28	2148
0	29	-1428
1	2	3468
1	3	3372
1	4	612
1	5	-3108
1	6	2292
1	7	4908
1	8	948
1	9	3852
1	10	-3468
1	11	228
1	12	1812
1	13	-492
1	14	-948
1	15	-3852
1	16	132
1	17	108
1	18	372
1	19	-612
1	20	12
1	21	2028
1	22	-852
1	23	-2052
1	24	2988
1	25	1428
1	26	252
1	27	5292
1	28	1812
1	29	1068
2	3	1212
2	4	2052
2	5	-1668
2	6	132
2	7	3468
2	8	-492
2	9	5292
2	10	-5628
2	11	2388
2	12	3252
2	13	-1932
2	14	492
2	15	-5292
2	16	-2028
2	17	-1332
2	18	1812
2	19	-2052
2	20	-2148
2	21	4188
2	22	-2292
2	23	-3492
2	24	1548
2	25	-12
2	26	-1908
2	27	3132
2	28	-348
2	29	-372
3	4	-1692
3	5	-1572
3	6	228
3	7	3372
3	8	3732
3	9	2268
3	10	-1212
3	11	-2748
3	12	708
3	13	1572
3	14	-3732
3	15	-2268
3	16	2388
3	17	-2628
3	18	2148
3	19	1692
3	20	-1092
3	21	-948
3	22	1932
3	23	-468
3	24	5292
3	25	3252
3	26	-1332
3	27	4428
3	28	4308
3	29	12
4	5	-2412
4	6	-612
4	7	612
4	8	-2628
4	9	1428
4	10	-2052
4	11	5292
4	12	-132
4	13	-1188
4	14	2628
4	15	-1428
4	16	1548
4	17	1812
4	18	-2292
4	19	-4668
4	20	1668
4	21	3492
4	22	-828
4	23	-3228
4	24	-1068
4	25	-3108
4	26	-2172
4	27	-12
4	28	-3732
4	29	852
5	6	-492
5	7	-3108
5	8	852
5	9	-2052
5	10	1668
5	11	-2028
5	12	-12
5	13	2292
5	14	-852
5	15	2052
5	16	-1932
5	17	-1908
5	18	1428
5	19	2412
5	20	-1812
5	21	-228
5	22	-948
5	23	3852
5	24	-1188
5	25	372
5	26	1548
5	27	-3492
5	28	-12
5	29	-2868
6	7	2292
6	8	-948
6	9	-252
6	10	-132
6	11	-228
6	12	-1812
6	13	492
6	14	948
6	15	252
6	16	-132
6	17	3492
6	18	-372
6	19	612
6	20	-12
6	21	1572
6	22	-2748
6	23	2052
6	24	612
6	25	2172
6	26	3348
6	27	1908
6	28	1788
6	29	-1068
7	8	948
7	9	3852
7	10	-3468
7	11	228
7	12	1812
7	13	-492
7	14	-948
7	15	-3852
7	16	132
7	17	108
7	18	372
7	19	-612
7	20	12
7	21	2028
7	22	-852
7	23	-2052
7	24	2988
7	25	1428
7	26	252
7	27	5292
7	28	1812
7	29	1068
8	9	612
8	10	492
8	11	-3732
8	12	2172
8	13	2748
8	14	-4188
8	15	-612
8	16	492
8	17	-3852
8	18	732
8	19	2628
8	20	372
8	21	-1932
8	22	2388
8	23	1188
8	24	2628
8	25	1068
8	26	612
8	27	2052
8	28	2172
8	29	708
9	10	-5292
9	11	1332
9	12	3828
9	13	-1548
9	14	-612
9	15	-5388
9	16	-1692
9	17	-2148
9	18	1668
9	19	-1428
9	20	-1572
9	21	3132
9	22	-1188
9	23	-3588
9	24	2172
9	25	132
9	26	-1812
9	27	3948
9	28	228
9	29	492
10	11	-2388
10	12	-3252
10	13	1932
10	14	-492
10	15	5292
10	16	2028
10	17	1332
10	18	-1812
10	19	2052
10	20	2148
10	21	-4188
10	22	2292
10	23	3492
10	24	-1548
10	25	12
10	26	1908
10	27	-3132
10	28	348
10	29	372
11	12	-708
11	13	-1572
11	14	3732
11	15	-1332
11	16	1212
11	17	2628
11	18	-2148
11	19	-5292
11	20	1092
11	21	4548
11	22	-1932
11	23	-3132
11	24	-1692
11	25	-3252
11	26	-2268
11	27	-828
11	28	-4308
11	29	-12
12	13	12
12	14	-2172
12	15	-3828
12	16	-3252
12	17	-4188
12	18	108
12	19	132
12	20	468
12	21	1092
12	22	372
12	23	-2028
12	24	132
12	25	-1908
12	26	228
12	27	2388
12	28	-1332
12	29	2052
13	14	-2748
13	15	1548
13	16	1932
13	17	-1692
13	18	-1428
13	19	1188
13	20	1812
13	21	228
13	22	948
13	23	3348
13	24	1188
13	25	-372
13	26	2052
13	27	-108
13	28	12
13	29	-732
14	15	612
14	16	-492
14	17	3852
14	18	-732
14	19	-2628
14	20	-372
14	21	1932
14	22	-2388
14	23	-1188
14	24	-2628
14	25	-1068
14	26	-612
14	27	-2052
14	28	-2172
14	29	-708
15	16	1692
15	17	2148
15	18	-1668
15	19	1428
15	20	1572
15	21	-3132
15	22	1188
15	23	3588
15	24	-2172
15	25	-132
15	26	1812
15	27	-3948
15	28	-228
15	29	-492
16	17	1332
16	18	-1812
16	19	-1548
16	20	2148
16	21	-588
16	22	2292
16	23	-108
16	24	2052
16	25	12
16	26	-1692
16	27	468
16	28	348
16	29	372
17	18	-2028
17	19	-1812
17	20	1212
17	21	828
17	22	-2052
17	23	348
17	24	-1812
17	25	228
17	26	1452
17	27	-708
17	28	-588
17	29	-132
18	19	2292
18	20	-5292
18	21	-348
18	22	-1068
18	23	132
18	24	2292
18	25	3852
18	26	-1932
18	27	228
18	28	3708
18	29	-2988
19	20	-1668
19	21	-3492
19	22	828
19	23	3228
19	24	1068
19	25	3108
19	26	2172
19	27	12
19	28	3732
19	29	-852
20	21	-708
20	22	2172
20	23	-228
20	24	-1668
20	25	-3708
20	26	2028
20	27	588
20	28	-3132
20	29	3852
21	22	-3732
21	23	-1332
21	24	108
21	25	-1452
21	26	-468
21	27	972
21	28	-2508
21	29	-1812
22	23	-612
22	24	828
22	25	-732
22	26	-1188
22	27	252
22	28	372
22	29	2508
23	24	-372
23	25	1668
23	26	3612
23	27	-2148
23	28	1572
23	29	-2292
24	25	3108
24	26	-1428
24	27	3612
24	28	3732
24	29	-852
25	26	132
25	27	1572
25	28	5292
25	29	-2412
26	27	348
26	28	228
26	29	492
27	28	2388
27	29	1932
28	29	-1548
