0	1	-1976
0	2	296
0	3	-416
0	4	-2096
0	5	536
0	6	3656
0	7	1976
0	8	-1144
0	9	1144
0	10	2096
0	11	-2824
0	12	-1144
0	13	1264
0	14	296
0	15	-4504
0	16	-536
0	17	-536
0	18	2096
0	19	-3656
0	20	-1144
0	21	-2824
0	22	-1144
0	23	3656
0	24	-2216
0	25	2824
0	26	1024
0	27	-1976
0	28	-296
0	29	-2824
1	2	-4024
1	3	304
1	4	2224
1	5	-184
1	6	-4264
1	7	-5944
1	8	-1864
1	9	-5336
1	10	1376
1	11	3656
1	12	5336
1	13	1984
1	14	-4024
1	15	1976
1	16	3784
1	17	-3416
1	18	1376
1	19	664
1	20	1736
1	21	3656
1	22	5336
1	23	-664
1	24	2104
1	25	-56
1	26	1744
1	27	-1256
1	28	-3176
1	29	56
2	3	-1984
2	4	-304
2	5	1864
2	6	2344
2	7	4024
2	8	3544
2	9	3656
2	10	304
2	11	-1976
2	12	-3656
2	13	-64
2	14	5704
2	15	-296
2	16	-1864
2	17	5336
2	18	-3296
2	19	-2344
2	20	-3656
2	21	-1976
2	22	-3656
2	23	2344
2	24	-184
2	25	1976
2	26	176
2	27	3176
2	28	1496
2	29	-1976
3	4	184
3	5	1856
3	6	1376
3	7	-304
3	8	176
3	9	-176
3	10	-3784
3	11	-1504
3	12	176
3	13	-3656
3	14	-1984
3	15	416
3	16	-1856
3	17	-1856
3	18	3416
3	19	2224
3	20	3776
3	21	-1504
3	22	176
3	23	-2224
3	24	64
3	25	-2096
3	26	-296
3	27	304
3	28	1984
3	29	2096
4	5	-64
4	6	-4144
4	7	-2224
4	8	1856
4	9	-1856
4	10	-2104
4	11	3776
4	12	1856
4	13	-1736
4	14	-304
4	15	2096
4	16	64
4	17	64
4	18	1496
4	19	544
4	20	-1744
4	21	3776
4	22	1856
4	23	-544
4	24	-1616
4	25	-176
4	26	1624
4	27	2224
4	28	304
4	29	176
5	6	2104
5	7	184
5	8	3304
5	9	296
5	10	64
5	11	-2216
5	12	-296
5	13	176
5	14	1864
5	15	-536
5	16	-1624
5	17	1976
5	18	64
5	19	-2104
5	20	-296
5	21	-2216
5	22	-296
5	23	2104
5	24	56
5	25	2216
5	26	416
5	27	3416
5	28	1736
5	29	-2216
6	7	4264
6	8	184
6	9	3416
6	10	544
6	11	-5336
6	12	-3416
6	13	-304
6	14	2344
6	15	-3656
6	16	-2104
6	17	1496
6	18	544
6	19	-2584
6	20	184
6	21	-5336
6	22	-3416
6	23	2584
6	24	-424
6	25	1736
6	26	-64
6	27	-664
6	28	1256
6	29	-1736
7	8	1864
7	9	5336
7	10	-1376
7	11	-3656
7	12	-5336
7	13	-1984
7	14	4024
7	15	-1976
7	16	-3784
7	17	3416
7	18	-1376
7	19	-664
7	20	-1736
7	21	-3656
7	22	-5336
7	23	664
7	24	-2104
7	25	56
7	26	-1744
7	27	1256
7	28	3176
7	29	-56
8	9	2216
8	10	-1856
8	11	-536
8	12	-2216
8	13	-1504
8	14	3544
8	15	1144
8	16	-3304
8	17	3896
8	18	-1856
8	19	-184
8	20	-2216
8	21	-536
8	22	-2216
8	23	184
8	24	-1624
8	25	536
8	26	-1264
8	27	5336
8	28	3656
8	29	-536
9	10	-1744
9	11	-3064
9	12	-4984
9	13	-2096
9	14	3656
9	15	-1144
9	16	-3896
9	17	3304
9	18	-1744
9	19	184
9	20	-1384
9	21	-3064
9	22	-4984
9	23	-184
9	24	-1976
9	25	-536
9	26	-2336
9	27	1864
9	28	3544
9	29	536
10	11	-176
10	12	1744
10	13	5336
10	14	304
10	15	-2096
10	16	3536
10	17	-64
10	18	-1496
10	19	-4144
10	20	-1856
10	21	-176
10	22	1744
10	23	4144
10	24	1616
10	25	3776
10	26	1976
10	27	-2224
10	28	-3904
10	29	-3776
11	12	3064
11	13	416
11	14	-1976
11	15	2824
11	16	2216
11	17	-1384
11	18	-176
11	19	1736
11	20	-536
11	21	4744
11	22	3064
11	23	-1736
11	24	296
11	25	-1144
11	26	656
11	27	56
11	28	-1624
11	29	1144
12	13	2096
12	14	-3656
12	15	1144
12	16	3896
12	17	-3304
12	18	1744
12	19	-184
12	20	1384
12	21	3064
12	22	4984
12	23	184
12	24	1976
12	25	536
12	26	2336
12	27	-1864
12	28	-3544
12	29	-536
13	14	-64
13	15	-1264
13	16	3424
13	17	-176
13	18	-1864
13	19	-3296
13	20	-1504
13	21	416
13	22	2096
13	23	3296
13	24	1744
13	25	3184
13	26	1384
13	27	-1616
13	28	-3536
13	29	-3184
14	15	-296
14	16	-1864
14	17	5336
14	18	-3296
14	19	-2344
14	20	-3656
14	21	-1976
14	22	-3656
14	23	2344
14	24	-184
14	25	1976
14	26	176
14	27	3176
14	28	1496
14	29	-1976
15	16	536
15	17	536
15	18	-2096
15	19	3656
15	20	1144
15	21	2824
15	22	1144
15	23	-3656
15	24	2216
15	25	-2824
15	26	-1024
15	27	1976
15	28	296
15	29	2824
16	17	-1976
16	18	-64
16	19	-1496
16	20	296
16	21	2216
16	22	3896
16	23	1496
16	24	3544
16	25	1384
16	26	3184
16	27	-3416
16	28	-5336
16	29	-1384
17	18	-3664
17	19	-1496
17	20	-3304
17	21	-1384
17	22	-3304
17	23	1496
17	24	-56
17	25	1384
17	26	-416
17	27	3784
17	28	1864
17	29	-1384
18	19	-544
18	20	1744
18	21	-176
18	22	1744
18	23	544
18	24	-1984
18	25	176
18	26	1976
18	27	-2224
18	28	-304
18	29	-176
19	20	3416
19	21	1736
19	22	-184
19	23	-6184
19	24	424
19	25	-5336
19	26	-3536
19	27	664
19	28	2344
19	29	5336
20	21	-536
20	22	1384
20	23	-3416
20	24	1976
20	25	-3064
20	26	-1264
20	27	-1864
20	28	56
20	29	3064
21	22	3064
21	23	-1736
21	24	296
21	25	-1144
21	26	656
21	27	56
21	28	-1624
21	29	1144
22	23	184
22	24	1976
22	25	536
22	26	2336
22	27	-1864
22	28	-3544
22	29	-536
23	24	-424
23	25	5336
23	26	3536
23	27	-664
23	28	-2344
23	29	-5336
24	25	-296
24	26	1504
24	27	-1496
24	28	-3416
24	29	296
25	26	2944
25	27	-56
25	28	-1976
25	29	-4744
26	27	-1856
26	28	-3776
26	29	-2944
27	28	4024
27	29	56
28	29	1976
