0	1	1000
0	2	-1816
0	3	-1000
0	4	-1352
0	5	936
0	6	-1288
0	7	-584
0	8	4280
0	9	296
0	10	1024
0	11	-232
0	12	-1792
0	13	1992
0	14	1992
0	15	1440
0	16	1200
0	17	2144
0	18	-472
0	19	1792
0	20	1728
0	21	-320
1	2	824
1	3	232
1	4	-120
1	5	232
1	6	-2520
1	7	120
1	8	1640
1	9	-2872
1	10	-1616
1	11	-1464
1	12	-2496
1	13	-648
1	14	1288
1	15	208
1	16	-1440
1	17	912
1	18	760
1	19	-3312
1	20	1024
1	21	384
2	3	3048
2	4	4632
2	5	-824
2	6	472
2	7	-760
2	8	584
2	9	120
2	10	-2672
2	11	-408
2	12	320
2	13	232
2	14	-1704
2	15	3200
2	16	-560
2	17	-3840
2	18	-296
2	19	-320
2	20	1904
2	21	1440
3	4	2056
3	5	-2168
3	6	2520
3	7	-120
3	8	296
3	9	-1000
3	10	-320
3	11	-472
3	12	560
3	13	2584
3	14	-1288
3	15	3664
3	16	-2432
3	17	-2848
3	18	1176
3	19	1376
3	20	912
3	21	1552
4	5	120
4	6	232
4	7	-472
4	8	648
4	9	584
4	10	-3840
4	11	1112
4	12	-1024
4	13	-936
4	14	-936
4	15	3312
4	16	-144
4	17	-5136
4	18	1528
4	19	1024
4	20	1264
4	21	1200
5	6	584
5	7	-120
5	8	296
5	9	2872
5	10	-320
5	11	1464
5	12	-1376
5	13	-1288
5	14	648
5	15	-2144
5	16	1440
5	17	-912
5	18	1176
5	19	1376
5	20	912
5	21	1552
6	7	-232
6	8	-1880
6	9	648
6	10	2608
6	11	120
6	12	3664
6	13	1640
6	14	-296
6	15	1792
6	16	-1088
6	17	-1376
6	18	1112
6	19	2144
6	20	1376
6	21	3904
7	8	1288
7	9	-584
7	10	-32
7	11	-1112
7	12	-912
7	13	-1000
7	14	936
7	15	-1376
7	16	144
7	17	1264
7	18	2344
7	19	912
7	20	2608
7	21	736
8	9	408
8	10	208
8	11	936
8	12	-2784
8	13	-760
8	14	-760
8	15	1200
8	16	32
8	17	496
8	18	1704
8	19	848
8	20	3376
8	21	-912
9	10	1024
9	11	3640
9	12	144
9	13	56
9	14	56
9	15	-496
9	16	3136
9	17	-1728
9	18	-472
9	19	3728
9	20	-208
9	21	-2256
10	11	-384
10	12	2408
10	13	560
10	14	560
10	15	-120
10	16	-584
10	17	3048
10	18	-848
10	19	1464
10	20	824
10	21	-296
11	12	-1264
11	13	-1352
11	14	-1352
11	15	-1024
11	16	1728
11	17	-2256
11	18	1992
11	19	1264
11	20	-1616
11	21	-2784
12	13	1440
12	14	-496
12	15	936
12	16	-1640
12	17	232
12	18	-1904
12	19	584
12	20	-232
12	21	760
13	14	1528
13	15	2784
13	16	384
13	17	144
13	18	-1816
13	19	2432
13	20	-144
13	21	672
14	15	848
14	16	2320
14	17	2080
14	18	-1816
14	19	496
14	20	-144
14	21	672
15	16	-1880
15	17	-2520
15	18	320
15	19	2936
15	20	2520
15	21	824
16	17	1288
16	18	-2960
16	19	-296
16	20	-1288
16	21	-120
17	18	-2320
17	19	-2168
17	20	-120
17	21	-408
18	19	1904
18	20	2320
18	21	144
19	20	2168
19	21	-760
20	21	2344
