0	1	496
0	2	1352
0	3	-1528
0	4	496
0	5	-120
0	6	3048
0	7	2056
0	8	1440
0	9	-32
0	10	-936
0	11	-2080
0	12	-3024
0	13	1088
0	14	1616
0	15	1616
0	16	208
0	17	560
0	18	-1264
0	19	-1024
0	20	1376
0	21	-848
1	2	2584
1	3	-2760
1	4	1200
1	5	584
1	6	1816
1	7	1352
1	8	2672
1	9	-1264
1	10	2232
1	11	1088
1	12	1552
1	13	-1552
1	14	912
1	15	-2960
1	16	1440
1	17	-144
1	18	-2496
1	19	-3664
1	20	144
1	21	384
2	3	-3136
2	4	2584
2	5	1264
2	6	1968
2	7	672
2	8	1288
2	9	-760
2	10	-208
2	11	936
2	12	2232
2	13	-296
2	14	1112
2	15	-824
2	16	584
2	17	232
2	18	-3400
2	19	-3992
2	20	1704
2	21	1640
3	4	-824
3	5	-1440
3	6	-2144
3	7	-2432
3	8	-1112
3	9	584
3	10	-1552
3	11	-760
3	12	-472
3	13	-1464
3	14	1000
3	15	2936
3	16	-408
3	17	-56
3	18	1288
3	19	4168
3	20	-1880
3	21	-1464
4	5	2520
4	6	-120
4	7	1352
4	8	-1200
4	9	672
4	10	296
4	11	3024
4	12	-384
4	13	-1552
4	14	2848
4	15	912
4	16	1440
4	17	-144
4	18	-4432
4	19	208
4	20	4016
4	21	384
5	6	1200
5	7	32
5	8	1352
5	9	1992
5	10	912
5	11	-232
5	12	936
5	13	2936
5	14	-408
5	15	1528
5	16	2056
5	17	472
5	18	-1176
5	19	824
5	20	3400
5	21	2936
6	7	736
6	8	3992
6	9	1288
6	10	1616
6	11	-1464
6	12	232
6	13	1704
6	14	296
6	15	296
6	16	824
6	17	1176
6	18	-1880
6	19	-2344
6	20	760
6	21	1704
7	8	584
7	9	1880
7	10	2960
7	11	232
7	12	-936
7	13	936
7	14	2344
7	15	-1528
7	16	-2056
7	17	-2408
7	18	-760
7	19	-2760
7	20	2408
7	21	936
8	9	-672
8	10	1640
8	11	-1088
8	12	384
8	13	-384
8	14	-912
8	15	-912
8	16	-1440
8	17	144
8	18	-1376
8	19	-2144
8	20	-144
8	21	1552
9	10	2760
9	11	-320
9	12	1024
9	13	2848
9	14	3376
9	15	1440
9	16	32
9	17	-1552
9	18	848
9	19	736
9	20	1552
9	21	2848
10	11	1288
10	12	1880
10	13	56
10	14	1464
10	15	-2408
10	16	-1000
10	17	-3288
10	18	120
10	19	-1704
10	20	-584
10	21	1992
11	12	736
11	13	-2672
11	14	672
11	15	-3200
11	16	144
11	17	-208
11	18	-1024
11	19	-560
11	20	208
11	21	-736
12	13	32
12	14	560
12	15	-1376
12	16	1088
12	17	-496
12	18	-208
12	19	-2080
12	20	-1440
12	21	1968
13	14	-560
13	15	1376
13	16	848
13	17	496
13	18	2144
13	19	144
13	20	1440
13	21	1904
14	15	848
14	16	320
14	17	-1968
14	18	-1200
14	19	-384
14	20	32
14	21	-560
15	16	320
15	17	-32
15	18	-1200
15	19	3488
15	20	1968
15	21	1376
16	17	3312
16	18	-672
16	19	1024
16	20	560
16	21	-1088
17	18	-320
17	19	672
17	20	912
17	21	-1440
18	19	1968
18	20	-3552
18	21	-1728
19	20	-672
19	21	-1792
20	21	3376
