0	1	744
0	2	-40
0	3	-920
0	4	1184
0	5	-2336
0	6	2768
0	7	-3472
0	8	3384
0	9	-304
0	10	312
0	11	-2504
0	12	-2336
0	13	-128
0	14	-48
0	15	224
0	16	-312
0	17	-832
0	18	-1184
0	19	-2600
0	20	-1368
0	21	1720
1	2	-752
1	3	4000
1	4	-2328
1	5	3128
1	6	-1976
1	7	744
1	8	-656
1	9	-488
1	10	-4976
1	11	-224
1	12	1192
1	13	1272
1	14	840
1	15	920
1	16	-832
1	17	1976
1	18	392
1	19	-480
1	20	2160
1	21	3296
2	3	-1360
2	4	-312
2	5	40
2	6	1272
2	7	-40
2	8	1888
2	9	-744
2	10	1808
2	11	-1008
2	12	-1896
2	13	1368
2	14	392
2	15	-2152
2	16	2064
2	17	-1272
2	18	312
2	19	-224
2	20	1008
2	21	1280
3	4	-3304
3	5	2856
3	6	-3656
3	7	2952
3	8	-1104
3	9	-1624
3	10	-4880
3	11	48
3	12	920
3	13	-1448
3	14	-664
3	15	-1096
3	16	-928
3	17	3656
3	18	-568
3	19	656
3	20	3824
3	21	2336
4	5	-3120
4	6	1456
4	7	-752
4	8	840
4	9	3824
4	10	3208
4	11	-1720
4	12	-1184
4	13	-224
4	14	2336
4	15	1360
4	16	664
4	17	-1456
4	18	-1104
4	19	-2856
4	20	-2152
4	21	-2072
5	6	-2768
5	7	1536
5	8	-3384
5	9	-1632
5	10	-4184
5	11	568
5	12	400
5	13	2064
5	14	48
5	15	-224
5	16	312
5	17	832
5	18	3120
5	19	664
5	20	3304
5	21	2152
6	7	-4976
6	8	1192
6	9	-400
6	10	2856
6	11	-136
6	12	-832
6	13	1360
6	14	752
6	15	1008
6	16	-920
6	17	-1808
6	18	480
6	19	-568
6	20	-3736
6	21	-488
7	8	-488
7	9	-304
7	10	-1624
7	11	1368
7	12	-400
7	13	-2064
7	14	-48
7	15	-1712
7	16	-312
7	17	1104
7	18	-1184
7	19	1272
7	20	4440
7	21	-216
8	9	-1720
8	10	1536
8	11	480
8	12	-3384
8	13	40
8	14	136
8	15	-2248
8	16	400
8	17	-1192
8	18	-840
8	19	-1184
8	20	-480
8	21	128
9	10	1544
9	11	-3208
9	12	2240
9	13	-832
9	14	656
9	15	1456
9	16	2328
9	17	400
9	18	-1888
9	19	-1896
9	20	-2600
9	21	-920
10	11	-656
10	12	-312
10	13	-216
10	14	40
10	15	136
10	16	1712
10	17	-2856
10	18	-1272
10	19	-576
10	20	-3216
10	21	-2240
11	12	568
11	13	840
11	14	-1016
11	15	-744
11	16	-3216
11	17	-1800
11	18	1720
11	19	4176
11	20	-400
11	21	-1184
12	13	128
12	14	-1888
12	15	1712
12	16	312
12	17	832
12	18	-752
12	19	2600
12	20	-2504
12	21	216
13	14	2416
13	15	1632
13	16	216
13	17	-1360
13	18	4096
13	19	-136
13	20	-840
13	21	-744
14	15	2064
14	16	-40
14	17	1184
14	18	1536
14	19	-3560
14	20	1016
14	21	-1368
15	16	-2072
15	17	-1008
15	18	576
15	19	-488
15	20	-1192
15	21	-2328
16	17	920
16	18	-664
16	19	-3296
16	20	-656
16	21	2240
17	18	-480
17	19	-1368
17	20	1800
17	21	488
18	19	920
18	20	216
18	21	-1800
19	20	-304
19	21	-1984
20	21	1184
