0	1	1000
0	2	-4520
0	3	5080
0	4	6440
0	5	200
0	6	7840
0	7	1960
0	8	5360
0	9	-2320
0	10	-1880
0	11	2720
0	12	-6680
0	13	-800
0	14	-4120
0	15	-3440
0	16	-440
0	17	8920
0	18	-1640
0	19	10520
0	20	3560
0	21	-440
0	22	-6640
0	23	-4160
0	24	-1720
0	25	-320
0	26	7400
0	27	-1960
0	28	7280
0	29	1600
1	2	640
1	3	-560
1	4	-9520
1	5	2240
1	6	-8600
1	7	-80
1	8	7400
1	9	3320
1	10	-3920
1	11	1160
1	12	2080
1	13	-6440
1	14	-2080
1	15	1720
1	16	-6080
1	17	-320
1	18	-80
1	19	-5440
1	20	-5200
1	21	-2480
1	22	-4600
1	23	1000
1	24	320
1	25	-9560
1	26	-1360
1	27	3680
1	28	2120
1	29	-440
2	3	1120
2	4	6800
2	5	-3040
2	6	-6920
2	7	-2000
2	8	-8680
2	9	5240
2	10	-5840
2	11	-520
2	12	3760
2	13	-1160
2	14	-160
2	15	-200
2	16	6400
2	17	1360
2	18	-5600
2	19	-7120
2	20	-3280
2	21	6400
2	22	4520
2	23	-4520
2	24	-1360
2	25	-7880
2	26	-3040
2	27	9200
2	28	440
2	29	-5960
3	4	800
3	5	-1840
3	6	-920
3	7	4000
3	8	-3880
3	9	2840
3	10	3760
3	11	4280
3	12	-8240
3	13	4840
3	14	-2560
3	15	-1400
3	16	-2000
3	17	7360
3	18	400
3	19	1280
3	20	1520
3	21	-2000
3	22	-1480
3	23	-2120
3	24	7040
3	25	-1880
3	26	8960
3	27	6800
3	28	8840
3	29	40
4	5	-2480
4	6	5240
4	7	3920
4	8	-440
4	9	40
4	10	560
4	11	-5000
4	12	1760
4	13	-520
4	14	5440
4	15	5720
4	16	6320
4	17	7760
4	18	-6880
4	19	5200
4	20	-2240
4	21	2720
4	22	-2840
4	23	-760
4	24	-4160
4	25	-1000
4	26	4720
4	27	-320
4	28	4840
4	29	-2920
5	6	-8200
5	7	1280
5	8	5800
5	9	-920
5	10	1520
5	11	-5960
5	12	2720
5	13	440
5	14	-2720
5	15	6680
5	16	-3520
5	17	5120
5	18	-5920
5	19	4240
5	20	-3200
5	21	3680
5	22	-3800
5	23	3800
5	24	2080
5	25	-40
5	26	3760
5	27	-1280
5	28	-3320
5	29	8840
6	7	-440
6	8	560
6	9	3680
6	10	-680
6	11	8720
6	12	-1880
6	13	4000
6	14	5480
6	15	-9440
6	16	4360
6	17	2920
6	18	-440
6	19	5720
6	20	2360
6	21	4360
6	22	-640
6	23	640
6	24	-2920
6	25	4480
6	26	2600
6	27	-10360
6	28	6080
6	29	-4400
7	8	-4360
7	9	-1240
7	10	7840
7	11	3800
7	12	-7760
7	13	1720
7	14	7760
7	15	-4520
7	16	-8720
7	17	4240
7	18	-2720
7	19	4400
7	20	-2560
7	21	-8720
7	22	1640
7	23	9160
7	24	2960
7	25	-1400
7	26	-2320
7	27	6320
7	28	-6040
7	29	520
8	9	-2480
8	10	-520
8	11	-7520
8	12	-2920
8	13	-1600
8	14	-4280
8	15	4640
8	16	-5560
8	17	-520
8	18	2840
8	19	6280
8	20	-4760
8	21	1640
8	22	-12560
8	23	5360
8	24	520
8	25	-2080
8	26	-1400
8	27	-2840
8	28	5920
8	29	6800
9	10	6200
9	11	160
9	12	7400
9	13	5120
9	14	-200
9	15	-3040
9	16	1160
9	17	2600
9	18	-1240
9	19	-4040
9	20	-4280
9	21	1160
9	22	2320
9	23	-2320
9	24	8200
9	25	-6160
9	26	-920
9	27	-5960
9	28	-800
9	29	-8080
10	11	-6760
10	12	-4400
10	13	1480
10	14	800
10	15	-1160
10	16	-5360
10	17	400
10	18	640
10	19	1040
10	20	4880
10	21	-1760
10	22	5480
10	23	1720
10	24	3200
10	25	1960
10	26	-2080
10	27	-640
10	28	-2200
10	29	-3320
11	12	-5560
11	13	-4240
11	14	-1640
11	15	-8800
11	16	6200
11	17	440
11	18	3800
11	19	-1880
11	20	1480
11	21	-1000
11	22	4480
11	23	2720
11	24	-440
11	25	2480
11	26	1240
11	27	-200
11	28	-2240
11	29	-3040
12	13	280
12	14	2000
12	15	-2360
12	16	640
12	17	2800
12	18	-560
12	19	-4960
12	20	-1120
12	21	640
12	22	-520
12	23	-3080
12	24	800
12	25	760
12	26	6320
12	27	-3040
12	28	-4600
12	29	-920
13	14	3320
13	15	-3680
13	16	-4280
13	17	5080
13	18	-5480
13	19	-40
13	20	200
13	21	2920
13	22	-2800
13	23	-800
13	24	9320
13	25	-560
13	26	4040
13	27	1880
13	28	7520
13	29	1360
14	15	-4840
14	16	-4240
14	17	800
14	18	-3040
14	19	-2240
14	20	-2480
14	21	-640
14	22	520
14	23	3080
14	24	-4400
14	25	2840
14	26	880
14	27	-560
14	28	-2600
14	29	4520
15	16	3880
15	17	-1160
15	18	-4520
15	19	2600
15	20	-4360
15	21	280
15	22	-160
15	23	-3440
15	24	-2440
15	25	-3200
15	26	-520
15	27	-6280
15	28	2960
15	29	-1280
16	17	-1760
16	18	-5120
16	19	-400
16	20	7040
16	21	3280
16	22	440
16	23	-440
16	24	-5440
16	25	-200
16	26	80
16	27	-2080
16	28	3560
16	29	-1880
17	18	-2960
17	19	8240
17	20	-2320
17	21	-1760
17	22	-1720
17	23	1720
17	24	3200
17	25	-1640
17	26	12320
17	27	2960
17	28	8600
17	29	280
18	19	-2800
18	20	1040
18	21	-5120
18	22	1640
18	23	5560
18	24	6560
18	25	-1400
18	26	1280
18	27	2720
18	28	-6040
18	29	520
19	20	-6320
19	21	-4000
19	22	-6920
19	23	3320
19	24	2560
19	25	3080
19	26	640
19	27	-4400
19	28	4360
19	29	4760
20	21	-3760
20	22	3640
20	23	-40
20	24	-8480
20	25	3320
20	26	4000
20	27	2560
20	28	520
20	29	5000
21	22	4040
21	23	-7640
21	24	-1840
21	25	-3800
21	26	80
21	27	1520
21	28	3560
21	29	-1880
22	23	-3040
22	24	-5480
22	25	-3280
22	26	-3800
22	27	-5240
22	28	-7280
22	29	-5200
23	24	5480
23	25	-3920
23	26	-3400
23	27	5240
23	28	-3520
23	29	5200
24	25	-1960
24	26	-1520
24	27	7840
24	28	-1400
24	29	-3880
25	26	3560
25	27	-5800
25	28	-160
25	29	-1760
26	27	-1280
26	28	7480
26	29	1640
27	28	-1160
27	29	3080
28	29	-2080
