0	1	-688
0	2	-2128
0	3	88
0	4	-3152
0	5	-2968
0	6	-4112
0	7	-1888
0	8	-5008
0	9	4888
0	10	-7168
0	11	632
0	12	-2968
0	13	-2968
0	14	392
0	15	-10352
0	16	-3928
0	17	2192
0	18	688
0	19	-4352
0	20	1832
0	21	7768
0	22	-3512
0	23	-512
0	24	-4888
0	25	5192
0	26	-10408
0	27	-32
0	28	-6808
0	29	6392
1	2	-7408
1	3	1768
1	4	2128
1	5	6152
1	6	4768
1	7	-3568
1	8	-3088
1	9	6568
1	10	-5248
1	11	-8248
1	12	9752
1	13	-1048
1	14	-1288
1	15	-1472
1	16	-5608
1	17	7712
1	18	2368
1	19	4528
1	20	3752
1	21	-4952
1	22	5368
1	23	-2432
1	24	7832
1	25	-7288
1	26	2312
1	27	-5552
1	28	-4888
1	29	1112
2	3	-7592
2	4	-3632
2	5	1112
2	6	2608
2	7	-1408
2	8	2672
2	9	808
2	10	-3088
2	11	8312
2	12	-9688
2	13	-6088
2	14	872
2	15	7168
2	16	152
2	17	-928
2	18	208
2	19	-1232
2	20	-1288
2	21	88
2	22	-3992
2	23	-992
2	24	-808
2	25	-1528
2	26	-2728
2	27	6688
2	28	-2728
2	29	3272
3	4	2072
3	5	4048
3	6	-7768
3	7	-4232
3	8	-8312
3	9	-5968
3	10	4648
3	11	448
3	12	7648
3	13	7648
3	14	4288
3	15	2072
3	16	-5792
3	17	6088
3	18	5432
3	19	3272
3	20	-752
3	21	-5248
3	22	6032
3	23	3032
3	24	-1232
3	25	-512
3	26	7888
3	27	-4648
3	28	688
3	29	5488
4	5	4408
4	6	-4528
4	7	3328
4	8	-4352
4	9	-2728
4	10	-5792
4	11	4408
4	12	808
4	13	4408
4	14	1048
4	15	-1888
4	16	5368
4	17	10048
4	18	1472
4	19	2912
4	20	10408
4	21	-5608
4	22	-1528
4	23	2672
4	24	-4472
4	25	-3752
4	26	4648
4	27	-1408
4	28	-6152
4	29	-4952
5	6	-152
5	7	-9448
5	8	-8968
5	9	1648
5	10	-7528
5	11	3872
5	12	3872
5	13	272
5	14	7232
5	15	8008
5	16	-4288
5	17	5432
5	18	1048
5	19	6808
5	20	5072
5	21	-2672
5	22	448
5	23	-152
5	24	1952
5	25	-2368
5	26	3632
5	27	-10472
5	28	-7168
5	29	-4768
6	7	5968
6	8	5488
6	9	1832
6	10	4048
6	11	-10952
6	12	3448
6	13	3448
6	14	-3512
6	15	2672
6	16	808
6	17	-1712
6	18	-8368
6	19	3872
6	20	-4952
6	21	-4648
6	22	-4168
6	23	-3568
6	24	1768
6	25	2488
6	26	88
6	27	3152
6	28	-3512
6	29	-2312
7	8	2912
7	9	568
7	10	752
7	11	-5848
7	12	1352
7	13	4952
7	14	-2488
7	15	-7472
7	16	3992
7	17	-7888
7	18	3568
7	19	5728
7	20	-1048
7	21	-7352
7	22	-632
7	23	2368
7	24	-7768
7	25	2312
7	26	1112
7	27	2848
7	28	1112
7	29	-88
8	9	3688
8	10	8432
8	11	1832
8	12	-8968
8	13	-1768
8	14	-2008
8	15	-752
8	16	8072
8	17	-11008
8	18	-4112
8	19	-5552
8	20	-7768
8	21	6568
8	22	-1112
8	23	-5312
8	24	-88
8	25	-4408
8	26	-2008
8	27	2368
8	28	-2008
8	29	392
9	10	-1352
9	11	-5552
9	12	1648
9	13	-5552
9	14	-5312
9	15	-6328
9	16	-992
9	17	-3512
9	18	-6568
9	19	2072
9	20	4048
9	21	752
9	22	4832
9	23	-1768
9	24	3568
9	25	-2912
9	26	-1712
9	27	-5848
9	28	-1712
9	29	3088
10	11	-7528
10	12	-328
10	13	6872
10	14	-4168
10	15	1408
10	16	2312
10	17	-9568
10	18	-5552
10	19	3808
10	20	-6328
10	21	-2072
10	22	4648
10	23	-3152
10	24	-2248
10	25	4232
10	26	3032
10	27	928
10	28	3032
10	29	1832
11	12	-10528
11	13	-6928
11	14	7232
11	15	4408
11	16	2912
11	17	1832
11	18	4648
11	19	-392
11	20	-2128
11	21	4528
11	22	-6752
11	23	-152
11	24	-5248
11	25	-5968
11	26	3632
11	27	328
11	28	-3568
11	29	-1168
12	13	7472
12	14	-7168
12	15	808
12	16	-4288
12	17	5432
12	18	-2552
12	19	3208
12	20	1472
12	21	-9872
12	22	11248
12	23	7048
12	24	5552
12	25	1232
12	26	32
12	27	-3272
12	28	3632
12	29	-1168
13	14	32
13	15	4408
13	16	2912
13	17	1832
13	18	1048
13	19	3208
13	20	-2128
13	21	928
13	22	4048
13	23	-152
13	24	-1648
13	25	1232
13	26	32
13	27	328
13	28	32
13	29	-4768
14	15	4648
14	16	-928
14	17	1592
14	18	8488
14	19	3448
14	20	1232
14	21	8368
14	22	-2912
14	23	88
14	24	-9088
14	25	992
14	26	3392
14	27	-3032
14	28	-3808
14	29	2192
15	16	-1832
15	17	-752
15	18	1472
15	19	-688
15	20	-392
15	21	-5608
15	22	-1528
15	23	-928
15	24	2728
15	25	-152
15	26	1048
15	27	-5008
15	28	1048
15	29	-4952
16	17	-2728
16	18	-1592
16	19	568
16	20	512
16	21	5488
16	22	-2192
16	23	808
16	24	-6208
16	25	-14128
16	26	2672
16	27	4888
16	28	-928
16	29	1472
17	18	3088
17	19	5248
17	20	6632
17	21	-632
17	22	-1112
17	23	1888
17	24	-88
17	25	-4408
17	26	1592
17	27	2368
17	28	-2008
17	29	3992
18	19	-928
18	20	3448
18	21	-2248
18	22	5432
18	23	2432
18	24	-4232
18	25	-3512
18	26	1288
18	27	-5248
18	28	4888
18	29	2488
19	20	2008
19	21	-4408
19	22	-328
19	23	-3328
19	24	-5672
19	25	-4952
19	26	7048
19	27	-208
19	28	-3752
19	29	4648
20	21	-3872
20	22	2848
20	23	9448
20	24	-4048
20	25	-1168
20	26	-2368
20	27	2728
20	28	1232
20	29	7232
21	22	-1648
21	23	-1048
21	24	-4352
21	25	-32
21	26	-2432
21	27	2072
21	28	-2432
21	29	5968
22	23	3032
22	24	5968
22	25	-512
22	26	4288
22	27	-4648
22	28	4288
22	29	5488
23	24	-1832
23	25	2488
23	26	3688
23	27	-448
23	28	3688
23	29	4888
24	25	-4288
24	26	1712
24	27	-4952
24	28	-1888
24	29	-6688
25	26	-6208
25	27	-632
25	28	4592
25	29	-3808
26	27	-3032
26	28	-208
26	29	-1408
27	28	4168
27	29	5368
28	29	-1408
