0	1	332
0	2	-404
0	3	-548
0	4	1628
0	5	1108
0	6	1756
0	7	-676
0	8	1052
0	9	44
0	10	1540
0	11	1772
0	12	532
0	13	836
0	14	-1340
0	15	620
0	16	-964
0	17	1412
1	2	1556
1	3	1700
1	4	2404
1	5	1340
1	6	1988
1	7	-476
1	8	388
1	9	1396
1	10	-388
1	11	-1628
1	12	620
1	13	3196
1	14	1196
1	15	820
1	16	-188
1	17	-1268
2	3	820
2	4	1556
2	5	1180
2	6	532
2	7	548
2	8	980
2	9	-1324
2	10	-980
2	11	-892
2	12	-692
2	13	2060
2	14	28
2	15	1844
2	16	260
2	17	-1252
3	4	1700
3	5	-260
3	6	-908
3	7	1988
3	8	1124
3	9	1412
3	10	-1124
3	11	-3340
3	12	1756
3	13	908
3	14	2476
3	15	692
3	16	404
3	17	188
4	5	1340
4	6	1988
4	7	-476
4	8	1684
4	9	100
4	10	908
4	11	-1628
4	12	620
4	13	1900
4	14	-100
4	15	2116
4	16	-188
4	17	28
5	6	748
5	7	332
5	8	-532
5	9	-244
5	10	532
5	11	188
5	12	820
5	13	548
5	14	-2348
5	15	1628
5	16	1340
5	17	-172
6	7	-1612
6	8	116
6	9	-892
6	10	-116
6	11	836
6	12	-1124
6	13	2492
6	14	-404
6	15	980
6	16	-1900
6	17	476
7	8	100
7	9	-188
7	10	-100
7	11	-620
7	12	-388
7	13	-980
7	14	188
7	15	-764
7	16	-476
7	17	-260
8	9	-620
8	10	1628
8	11	244
8	12	1340
8	13	-116
8	14	-676
8	15	1396
8	16	-908
8	17	-692
9	10	620
9	11	-1340
9	12	332
9	13	892
9	14	2204
9	15	-1484
9	16	100
9	17	-980
10	11	1052
10	12	-44
10	13	-1180
10	14	-1916
10	15	-100
10	16	-388
10	17	-604
11	12	-532
11	13	-836
11	14	-2548
11	15	-620
11	16	-1628
11	17	-116
12	13	-172
12	14	-332
12	15	908
12	16	1916
12	17	404
13	14	1700
13	15	316
13	16	-692
13	17	-476
14	15	-1108
14	16	-100
14	17	-316
15	16	820
15	17	-260
16	17	28
