0	1	-684
0	2	108
0	3	1908
0	4	972
0	5	3492
0	6	-1692
0	7	828
0	8	-252
0	9	-396
0	10	-468
0	11	108
0	12	1836
0	13	1620
0	14	-1044
0	15	828
0	16	-540
0	17	-900
1	2	-1044
1	3	1620
1	4	-36
1	5	-1836
1	6	36
1	7	-1188
1	8	1188
1	9	756
1	10	-1188
1	11	2124
1	12	-900
1	13	1332
1	14	1980
1	15	828
1	16	1476
1	17	-756
2	3	-180
2	4	756
2	5	-36
2	6	-468
2	7	900
2	8	684
2	9	-36
2	10	900
2	11	-972
2	12	1188
2	13	-2052
2	14	-1116
2	15	1332
2	16	-1620
2	17	1332
3	4	-36
3	5	612
3	6	-108
3	7	1116
3	8	36
3	9	612
3	10	-180
3	11	396
3	12	-468
3	13	2628
3	14	-756
3	15	1836
3	16	1044
3	17	-612
4	5	1548
4	6	252
4	7	-1116
4	8	-2196
4	9	-2340
4	10	-1116
4	11	-540
4	12	2484
4	13	-1620
4	14	-1692
4	15	1476
4	16	-1188
4	17	-252
5	6	-972
5	7	396
5	8	-1116
5	9	-828
5	10	396
5	11	-180
5	12	1980
5	13	1044
5	14	-1620
5	15	540
5	16	-828
5	17	-468
6	7	108
6	8	-2268
6	9	-972
6	10	1404
6	11	-1908
6	12	-1476
6	13	-252
6	14	-468
6	15	252
6	16	36
6	17	-324
7	8	252
7	9	1692
7	10	1332
7	11	-684
7	12	-252
7	13	1116
7	14	-1836
7	15	324
7	16	1260
7	17	-1692
8	9	2772
8	10	-1044
8	11	2124
8	12	-36
8	13	900
8	14	2268
8	15	108
8	16	180
8	17	1116
9	10	396
9	11	2412
9	12	-1908
9	13	2340
9	14	972
9	15	-756
9	16	1764
9	17	828
10	11	-684
10	12	-1548
10	13	-180
10	14	-540
10	15	324
10	16	-36
10	17	-396
11	12	-972
11	13	1836
11	14	1332
11	15	-252
11	16	1836
11	17	180
12	13	-1188
12	14	-828
12	15	1908
12	16	-1620
12	17	-684
13	14	396
13	15	-180
13	16	2484
13	17	-1044
14	15	-396
14	16	-612
14	17	324
15	16	-900
15	17	-540
16	17	-1764
