0	1	-804
0	2	516
0	3	-5100
0	4	5556
0	5	-660
0	6	4380
0	7	-5244
0	8	7716
0	9	10020
0	10	-1236
0	11	5556
0	12	-2964
0	13	5844
0	14	660
0	15	9564
0	16	228
0	17	-3108
0	18	204
0	19	-1500
0	20	2508
0	21	5124
0	22	3252
0	23	5844
0	24	4956
0	25	12156
0	26	-4812
0	27	2796
0	28	-4980
0	29	6972
0	30	-5100
0	31	-6828
0	32	-492
0	33	4092
0	34	-204
0	35	228
1	2	-4260
1	3	1356
1	4	1068
1	5	9588
1	6	-636
1	7	-3684
1	8	4092
1	9	1788
1	10	4980
1	11	1068
1	12	-3660
1	13	-9588
1	14	780
1	15	-636
1	16	-3972
1	17	6852
1	18	-6828
1	19	-2244
1	20	-9132
1	21	-8868
1	22	3372
1	23	780
1	24	-1212
1	25	-3228
1	26	6252
1	27	-4236
1	28	-1644
1	29	-3228
1	30	1356
1	31	8268
1	32	-3252
1	33	4836
1	34	6828
1	35	6396
2	3	3540
2	4	3828
2	5	1068
2	6	11292
2	7	3396
2	8	5988
2	9	3108
2	10	5676
2	11	-1356
2	12	-1236
2	13	4116
2	14	4116
2	15	924
2	16	3684
2	17	3804
2	18	1932
2	19	7140
2	20	-948
2	21	3396
2	22	1524
2	23	-6252
2	24	6684
2	25	-1668
2	26	-1356
2	27	4524
2	28	7116
2	29	8700
2	30	3540
2	31	-8556
2	32	-2220
2	33	-4548
2	34	3252
2	35	-6684
3	4	-1788
3	5	1500
3	6	1356
3	7	8148
3	8	-4812
3	9	-2508
3	10	6108
3	11	-12156
3	12	4380
3	13	-1500
3	14	-6684
3	15	-3828
3	16	-1932
3	17	4236
3	18	-8004
3	19	1524
3	20	-5700
3	21	-2220
3	22	-4092
3	23	-6684
3	24	-3252
3	25	-6420
3	26	-1788
3	27	-228
3	28	7548
3	29	-1236
3	30	13476
3	31	-3804
3	32	2532
3	33	-4116
3	34	2820
3	35	3252
4	5	6396
4	6	1068
4	7	-1932
4	8	5844
4	9	8148
4	10	636
4	11	3684
4	12	-6276
4	13	3972
4	14	3972
4	15	6252
4	16	-1644
4	17	-1236
4	18	2076
4	19	-3372
4	20	4380
4	21	-1932
4	22	1380
4	23	3972
4	24	6828
4	25	3660
4	26	-1500
4	27	4668
4	28	-3108
4	29	-1524
4	30	-1788
4	31	-3516
4	32	-2364
4	33	5964
4	34	-2076
4	35	-1644
5	6	-780
5	7	1644
5	8	4236
5	9	1932
5	10	4836
5	11	1212
5	12	-8988
5	13	-4260
5	14	924
5	15	-780
5	16	-3828
5	17	1524
5	18	-1788
5	19	-7284
5	20	-4092
5	21	-8724
5	22	-1668
5	23	924
5	24	3828
5	25	-3372
5	26	6396
5	27	-4380
5	28	-1788
5	29	-3372
5	30	1500
5	31	3228
5	32	-3108
5	33	-492
5	34	1788
5	35	1356
6	7	1500
6	8	9276
6	9	6972
6	10	4980
6	11	1068
6	12	1524
6	13	780
6	14	5964
6	15	4548
6	16	1212
6	17	6852
6	18	-1644
6	19	8124
6	20	-3948
6	21	6684
6	22	3372
6	23	-4404
6	24	3972
6	25	1956
6	26	1068
6	27	6132
6	28	3540
6	29	12324
6	30	1356
6	31	-7284
6	32	-3252
6	33	-348
6	34	6828
6	35	-3972
7	8	-4956
7	9	-2652
7	10	1068
7	11	-7116
7	12	4524
7	13	-1644
7	14	-1644
7	15	-3684
7	16	-2076
7	17	-804
7	18	-2676
7	19	-3804
7	20	-372
7	21	2820
7	22	-9420
7	23	-6828
7	24	-3108
7	25	-6276
7	26	3252
7	27	-84
7	28	2508
7	29	-1092
7	30	8148
7	31	-3948
7	32	2388
7	33	-3972
7	34	-2508
7	35	-2076
8	9	10308
8	10	3660
8	11	5844
8	12	-3252
8	13	948
8	14	6132
8	15	9276
8	16	516
8	17	1788
8	18	-84
8	19	3972
8	20	-2964
8	21	228
8	22	8724
8	23	948
8	24	4668
8	25	6684
8	26	660
8	27	2508
8	28	-84
8	29	6684
8	30	-4812
8	31	-1356
8	32	-5388
8	33	3804
8	34	5268
8	35	-4668
9	10	1356
9	11	2964
9	12	-372
9	13	3252
9	14	3252
9	15	12156
9	16	-2364
9	17	-516
9	18	-2388
9	19	1092
9	20	-84
9	21	2532
9	22	5844
9	23	3252
9	24	2364
9	25	9564
9	26	-2220
9	27	5388
9	28	-2388
9	29	4380
9	30	-2508
9	31	-4236
9	32	-3084
9	33	6684
9	34	2388
9	35	-2364
10	11	-4548
10	12	-3228
10	13	348
10	14	-4836
10	15	-204
10	16	780
10	17	7284
10	18	-1212
10	19	2508
10	20	-3516
10	21	-4116
10	22	2940
10	23	-4836
10	24	-780
10	25	-2796
10	26	636
10	27	-3804
10	28	3972
10	29	2388
10	30	6108
10	31	-2532
10	32	6684
10	33	84
10	34	11580
10	35	780
11	12	-6276
11	13	-1212
11	14	9156
11	15	1068
11	16	3540
11	17	-1236
11	18	7260
11	19	-3372
11	20	4380
11	21	3252
11	22	1380
11	23	3972
11	24	6828
11	25	3660
11	26	3684
11	27	-516
11	28	-8292
11	29	3660
11	30	-12156
11	31	1668
11	32	-2364
11	33	5964
11	34	-2076
11	35	-1644
12	13	-1380
12	14	-1380
12	15	1524
12	16	-948
12	17	-1356
12	18	-4668
12	19	5964
12	20	-1788
12	21	4524
12	22	1212
12	23	-6564
12	24	-9420
12	25	-1068
12	26	-1092
12	27	3108
12	28	5700
12	29	-1068
12	30	4380
12	31	924
12	32	-228
12	33	1812
12	34	-516
12	35	-948
13	14	-6108
13	15	5964
13	16	-1356
13	17	-6708
13	18	6972
13	19	2100
13	20	9276
13	21	3540
13	22	1668
13	23	4260
13	24	1356
13	25	8556
13	26	-6396
13	27	4380
13	28	1788
13	29	3372
13	30	-1500
13	31	-8412
13	32	3108
13	33	-4692
13	34	-1788
13	35	-1356
14	15	780
14	16	3828
14	17	3660
14	18	1788
14	19	2100
14	20	-1092
14	21	3540
14	22	1668
14	23	-924
14	24	6540
14	25	-1812
14	26	3972
14	27	4380
14	28	-3396
14	29	3372
14	30	-6684
14	31	1956
14	32	-7260
14	33	5676
14	34	-1788
14	35	-6540
15	16	-3972
15	17	-3516
15	18	-1644
15	19	2940
15	20	1236
15	21	1500
15	22	8556
15	23	5964
15	24	-1212
15	25	12324
15	26	-4116
15	27	6132
15	28	-1644
15	29	1956
15	30	-3828
15	31	-2100
15	32	-3252
15	33	4836
15	34	1644
15	35	-3972
16	17	-1092
16	18	2220
16	19	1668
16	20	-660
16	21	3108
16	22	1236
16	23	-6540
16	24	6972
16	25	-1380
16	26	-6828
16	27	-5556
16	28	2220
16	29	3804
16	30	-1932
16	31	-3660
16	32	2676
16	33	924
16	34	-2220
16	35	-6972
17	18	-4524
17	19	5820
17	20	-6828
17	21	-804
17	22	1068
17	23	-1524
17	24	1092
17	25	-6108
17	26	3948
17	27	3252
17	28	660
17	29	4260
17	30	4236
17	31	780
17	32	-372
17	33	1956
17	34	9708
17	35	4092
18	19	-1236
18	20	10596
18	21	2508
18	22	-804
18	23	1788
18	24	2964
18	25	948
18	26	2076
18	27	-60
18	28	-2652
18	29	948
18	30	-8004
18	31	-1092
18	32	2940
18	33	-1356
18	34	-2532
18	35	-2964
19	20	-4116
19	21	1380
19	22	9876
19	23	-3084
19	24	-1668
19	25	348
19	26	-3372
19	27	6540
19	28	9132
19	29	5532
19	30	1524
19	31	-204
19	32	-4236
19	33	-2532
19	34	6420
19	35	-3516
20	21	4812
20	22	-3684
20	23	4092
20	24	660
20	25	3828
20	26	-804
20	27	2820
20	28	-4956
20	29	-1356
20	30	-5700
20	31	-3972
20	32	5244
20	33	1524
20	34	-5412
20	35	-660
21	22	-4236
21	23	-1644
21	24	2076
21	25	4092
21	26	-1932
21	27	5100
21	28	-2676
21	29	9276
21	30	-2220
21	31	-9132
21	32	2388
21	33	1212
21	34	-2508
21	35	-2076
22	23	1668
22	24	-1236
22	25	5964
22	26	-3804
22	27	1788
22	28	4380
22	29	780
22	30	-4092
22	31	4548
22	32	-4668
22	33	3084
22	34	5988
22	35	-3948
23	24	1356
23	25	8556
23	26	-1212
23	27	4380
23	28	-8580
23	29	-1812
23	30	-6684
23	31	1956
23	32	-2076
23	33	492
23	34	-1788
23	35	3828
24	25	1380
24	26	-3540
24	27	372
24	28	-2220
24	29	6564
24	30	-3252
24	31	-6708
24	32	-2676
24	33	-924
24	34	-2964
24	35	-3396
25	26	-6708
25	27	3540
25	28	-4236
25	29	4548
25	30	-6420
25	31	-4692
25	32	-660
25	33	2244
25	34	-948
25	35	-1380
26	27	-516
26	28	-3108
26	29	-1524
26	30	-1788
26	31	6852
26	32	-2364
26	33	780
26	34	3108
26	35	3540
27	28	-60
27	29	3540
27	30	-228
27	31	-3684
27	32	-4836
27	33	1236
27	34	60
27	35	-372
28	29	948
28	30	7548
28	31	-1092
28	32	-2244
28	33	-6540
28	34	2652
28	35	-2964
29	30	-1236
29	31	-9876
29	32	-660
29	33	-2940
29	34	4236
29	35	-1380
30	31	-3804
30	32	2532
30	33	-4116
30	34	2820
30	35	3252
31	32	-4380
31	33	2796
31	34	1092
31	35	1524
32	33	1644
32	34	2244
32	35	2676
33	34	1356
33	35	924
34	35	2964
