0	1	-4836
0	2	492
0	3	3372
0	4	1932
0	5	2652
0	6	1500
0	7	3948
0	8	924
0	9	4692
0	10	-1524
0	11	4236
0	12	1236
0	13	-1500
0	14	-1356
0	15	2964
0	16	-2820
0	17	-492
0	18	2076
0	19	-2796
0	20	780
0	21	2244
0	22	5556
0	23	7548
0	24	-3396
0	25	1212
0	26	-636
0	27	-3396
0	28	-3252
0	29	636
0	30	4980
0	31	-2508
0	32	1668
0	33	2388
0	34	6708
0	35	1092
1	2	-6132
1	3	-13620
1	4	-4692
1	5	-3972
1	6	-5124
1	7	2508
1	8	-516
1	9	-9420
1	10	2220
1	11	2796
1	12	-2508
1	13	5124
1	14	-5100
1	15	-11148
1	16	-4260
1	17	948
1	18	636
1	19	3828
1	20	-660
1	21	-1500
1	22	-3372
1	23	-4260
1	24	348
1	25	-228
1	26	5988
1	27	348
1	28	5676
1	29	-5988
1	30	1236
1	31	4116
1	32	-2076
1	33	-1356
1	34	-7404
1	35	-2652
2	3	7260
2	4	-4548
2	5	1356
2	6	5388
2	7	2652
2	8	-372
2	9	5988
2	10	2364
2	11	-2244
2	12	7716
2	13	-5388
2	14	-60
2	15	4260
2	16	6252
2	17	5988
2	18	-9588
2	19	-1500
2	20	-516
2	21	3540
2	22	1668
2	23	1068
2	24	492
2	25	-84
2	26	660
2	27	-4692
2	28	636
2	29	-660
2	30	-4092
2	31	-6396
2	32	2964
2	33	3684
2	34	2820
2	35	-7980
3	4	3516
3	5	4236
3	6	3084
3	7	-4836
3	8	-2676
3	9	8292
3	10	60
3	11	636
3	12	4836
3	13	-3084
3	14	2244
3	15	11748
3	16	3948
3	17	-2076
3	18	-1524
3	19	-4380
3	20	2364
3	21	660
3	22	3972
3	23	3948
3	24	-1812
3	25	-2388
3	26	-7404
3	27	-1812
3	28	-6852
3	29	7404
3	30	-1788
3	31	-4092
3	32	5268
3	33	804
3	34	5124
3	35	-492
4	5	2796
4	6	-3540
4	7	-1092
4	8	6252
4	9	-636
4	10	-1380
4	11	-804
4	12	-4092
4	13	3540
4	14	-1500
4	15	2820
4	16	-2676
4	17	-636
4	18	7404
4	19	-2940
4	20	-4260
4	21	2100
4	22	228
4	23	-2676
4	24	1932
4	25	-3828
4	26	-5964
4	27	1932
4	28	-3108
4	29	780
4	30	4836
4	31	7716
4	32	1524
4	33	-2940
4	34	-3804
4	35	6132
5	6	-2820
5	7	-372
5	8	1788
5	9	3828
5	10	-660
5	11	-84
5	12	5556
5	13	2820
5	14	-2220
5	15	2100
5	16	-1956
5	17	-1356
5	18	-2244
5	19	-3660
5	20	1644
5	21	-3804
5	22	-492
5	23	-1956
5	24	2652
5	25	-3108
5	26	-6684
5	27	-2532
5	28	-7572
5	29	-3684
5	30	4116
5	31	1812
5	32	5988
5	33	-3660
5	34	660
5	35	-4956
6	7	-1524
6	8	636
6	9	4980
6	10	-6996
6	11	-6420
6	12	1524
6	13	-11580
6	14	4116
6	15	3252
6	16	2076
6	17	4980
6	18	-3396
6	19	-2508
6	20	5676
6	21	2532
6	22	660
6	23	2076
6	24	1500
6	25	924
6	26	4836
6	27	1500
6	28	1644
6	29	5532
6	30	84
6	31	-7404
6	32	-3228
6	33	2676
6	34	6996
6	35	1380
7	8	3084
7	9	-2652
7	10	636
7	11	1212
7	12	-924
7	13	1524
7	14	1668
7	15	-4380
7	16	4524
7	17	2532
7	18	-948
7	19	5412
7	20	-7428
7	21	84
7	22	3396
7	23	-660
7	24	-1236
7	25	3372
7	26	2388
7	27	-1236
7	28	4092
7	29	-7572
7	30	-2364
7	31	516
7	32	-492
7	33	5412
7	34	-636
7	35	-1068
8	9	372
8	10	-2388
8	11	-6996
8	12	-3084
8	13	-636
8	14	-492
8	15	-1356
8	16	-3684
8	17	5556
8	18	1212
8	19	-1932
8	20	-5268
8	21	3108
8	22	-3948
8	23	-3684
8	24	6108
8	25	348
8	26	228
8	27	924
8	28	1068
8	29	-5412
8	30	5844
8	31	3540
8	32	-2652
8	33	-1932
8	34	-2796
8	35	1956
9	10	2820
9	11	-2940
9	12	2652
9	13	-4980
9	14	60
9	15	6108
9	16	-1068
9	17	-804
9	18	-5964
9	19	-8868
9	20	516
9	21	6828
9	22	-1668
9	23	9300
9	24	-492
9	25	5268
9	26	-660
9	27	-5676
9	28	-5820
9	29	660
9	30	-1092
9	31	-3972
9	32	-2964
9	33	-3684
9	34	12732
9	35	-2388
10	11	924
10	12	4548
10	13	6996
10	14	-3228
10	15	1092
10	16	-948
10	17	-2364
10	18	-1236
10	19	516
10	20	-2532
10	21	5556
10	22	-1500
10	23	4236
10	24	-1524
10	25	3084
10	26	-2508
10	27	-6708
10	28	3804
10	29	-2676
10	30	-2076
10	31	804
10	32	-204
10	33	-4668
10	34	-348
10	35	-780
11	12	-1212
11	13	6420
11	14	-8988
11	15	-4668
11	16	-372
11	17	-2940
11	18	-660
11	19	-60
11	20	-1956
11	21	-204
11	22	3108
11	23	4812
11	24	-6132
11	25	-1524
11	26	2100
11	27	-948
11	28	-5988
11	29	-2100
11	30	-2652
11	31	5412
11	32	4404
11	33	5124
11	34	-924
11	35	-6540
12	13	-1524
12	14	-1668
12	15	4380
12	16	660
12	17	2652
12	18	-4236
12	19	-228
12	20	7428
12	21	-84
12	22	1788
12	23	660
12	24	1236
12	25	-3372
12	26	-2388
12	27	-3948
12	28	1092
12	29	2388
12	30	2364
12	31	-5700
12	32	5676
12	33	-228
12	34	636
12	35	-4116
13	14	-4116
13	15	-3252
13	16	-2076
13	17	-4980
13	18	3396
13	19	2508
13	20	-5676
13	21	-2532
13	22	-660
13	23	-2076
13	24	-1500
13	25	-924
13	26	-4836
13	27	-1500
13	28	-1644
13	29	-5532
13	30	-84
13	31	7404
13	32	3228
13	33	-2676
13	34	-6996
13	35	-1380
14	15	6972
14	16	8436
14	17	-5124
14	18	3540
14	19	7548
14	20	-348
14	21	-7860
14	22	4380
14	23	-1932
14	24	-1356
14	25	4404
14	26	-4980
14	27	3828
14	28	3684
14	29	4980
14	30	-5412
14	31	-8292
14	32	-2100
14	33	2364
14	34	3228
14	35	8844
15	16	2388
15	17	-4260
15	18	2676
15	19	-1956
15	20	3972
15	21	-1812
15	22	5244
15	23	2388
15	24	-2220
15	25	-1644
15	26	-9300
15	27	-2220
15	28	-2364
15	29	9300
15	30	636
15	31	-7428
15	32	3948
15	33	-1956
15	34	4092
15	35	4524
16	17	-1068
16	18	-2532
16	19	6996
16	20	-3828
16	21	-3516
16	22	4980
16	23	-2244
16	24	-2820
16	25	1788
16	26	-1212
16	27	2364
16	28	2508
16	29	1212
16	30	-11148
16	31	-3084
16	32	1092
16	33	6996
16	34	948
16	35	516
17	18	-5964
17	19	1500
17	20	516
17	21	6828
17	22	-6852
17	23	-1068
17	24	9876
17	25	84
17	26	9708
17	27	4692
17	28	4548
17	29	-4524
17	30	4092
17	31	1212
17	32	-2964
17	33	6684
17	34	-2820
17	35	-2388
18	19	2100
18	20	1068
18	21	-3228
18	22	5268
18	23	-2532
18	24	-3108
18	25	-3684
18	26	-6108
18	27	2076
18	28	2220
18	29	6108
18	30	4692
18	31	2388
18	32	1380
18	33	-3084
18	34	-3948
18	35	11172
19	20	-1788
19	21	-6420
19	22	636
19	23	-3372
19	24	2388
19	25	2964
19	26	1644
19	27	7572
19	28	7428
19	29	-1644
19	30	-3972
19	31	-1668
19	32	-660
19	33	8988
19	34	-5700
19	35	5100
20	21	-1932
20	22	1380
20	23	1356
20	24	780
20	25	-4980
20	26	372
20	27	780
20	28	924
20	29	9996
20	30	5988
20	31	-6684
20	32	2676
20	33	-1788
20	34	2532
20	35	2100
21	22	-4404
21	23	6852
21	24	2244
21	25	2820
21	26	6972
21	27	-2940
21	28	2100
21	29	-1788
21	30	1356
21	31	3660
21	32	-5700
21	33	-1236
21	34	4812
21	35	60
22	23	-204
22	24	-9996
22	25	-4236
22	26	-6708
22	27	-4812
22	28	228
22	29	6708
22	30	-1956
22	31	-4836
22	32	6540
22	33	636
22	34	1500
22	35	1932
23	24	-2820
23	25	6972
23	26	3972
23	27	-2820
23	28	-2676
23	29	1212
23	30	-780
23	31	-3084
23	32	-4092
23	33	1812
23	34	11316
23	35	516
24	25	1212
24	26	4548
24	27	6972
24	28	1932
24	29	-4548
24	30	4980
24	31	2676
24	32	-3516
24	33	2388
24	34	-3660
24	35	1092
25	26	5124
25	27	1212
25	28	1356
25	29	-5124
25	30	-4812
25	31	-1932
25	32	-8124
25	33	2964
25	34	7284
25	35	1668
26	27	4548
26	28	4404
26	29	-4668
26	30	-948
26	31	1356
26	32	-8004
26	33	6828
26	34	2508
26	35	-2244
27	28	1932
27	29	636
27	30	-204
27	31	2676
27	32	-3516
27	33	7572
27	34	-3660
27	35	6276
28	29	780
28	30	-348
28	31	-2652
28	32	-3660
28	33	2244
28	34	-3804
28	35	6132
29	30	948
29	31	-6540
29	32	2820
29	33	-1644
29	34	2676
29	35	7428
30	31	924
30	32	1932
30	33	-3972
30	34	-3108
30	35	2508
31	32	-948
31	33	-1668
31	34	-5988
31	35	-372
32	33	-660
32	34	-4980
32	35	-4548
33	34	-516
33	35	-84
34	35	780
