0	1	2976
0	2	-2832
0	3	3936
0	4	-2064
0	5	-3072
0	6	-96
0	7	-7392
0	8	-4272
0	9	48
0	10	-4704
0	11	-2208
0	12	-9456
0	13	384
0	14	1248
0	15	-6432
0	16	4128
0	17	-7296
0	18	-336
0	19	-672
0	20	-960
0	21	-1968
0	22	1632
0	23	96
0	24	7536
0	25	-2832
0	26	-2112
0	27	1344
0	28	7536
0	29	2832
0	30	2928
0	31	-3360
0	32	-960
0	33	-960
0	34	-1488
0	35	336
1	2	2256
1	3	-4512
1	4	-2544
1	5	-6720
1	6	-480
1	7	-2400
1	8	-1488
1	9	-624
1	10	-6240
1	11	-2400
1	12	-1488
1	13	-4992
1	14	4512
1	15	5856
1	16	1632
1	17	-3648
1	18	6096
1	19	-10272
1	20	384
1	21	1392
1	22	-2208
1	23	480
1	24	2256
1	25	2256
1	26	1536
1	27	-1920
1	28	2256
1	29	2928
1	30	6864
1	31	-1248
1	32	5568
1	33	5568
1	34	2064
1	35	4272
2	3	-528
2	4	2400
2	5	6576
2	6	624
2	7	2256
2	8	1632
2	9	-4416
2	10	6384
2	11	-2928
2	12	1632
2	13	-5520
2	14	528
2	15	-528
2	16	-6960
2	17	3792
2	18	4128
2	19	-5136
2	20	4944
2	21	3936
2	22	-2832
2	23	4560
2	24	-2112
2	25	3072
2	26	-1392
2	27	-3120
2	28	-2112
2	29	2112
2	30	-1536
2	31	11472
2	32	-240
2	33	-240
2	34	-2208
2	35	6240
3	4	816
3	5	-192
3	6	2208
3	7	672
3	8	-7152
3	9	2352
3	10	-2400
3	11	672
3	12	-7152
3	13	-1920
3	14	-6240
3	15	-9312
3	16	1824
3	17	-4992
3	18	-2640
3	19	6816
3	20	1344
3	21	336
3	22	3936
3	23	-2208
3	24	4656
3	25	-528
3	26	192
3	27	3648
3	28	-528
3	29	528
3	30	48
3	31	-480
3	32	-9024
3	33	-9024
3	34	-3792
3	35	-7728
4	5	-1680
4	6	4848
4	7	-2544
4	8	-1344
4	9	4704
4	10	4272
4	11	7824
4	12	-1344
4	13	-5136
4	14	4368
4	15	-4368
4	16	-8880
4	17	6864
4	18	-4416
4	19	240
4	20	528
4	21	1536
4	22	-2064
4	23	336
4	24	2400
4	25	2400
4	26	1680
4	27	-6960
4	28	-7968
4	29	7968
4	30	1824
4	31	-1392
4	32	528
4	33	528
4	34	1920
4	35	-768
5	6	-6528
5	7	3648
5	8	8016
5	9	-6672
5	10	8448
5	11	-6720
5	12	2832
5	13	1056
5	14	-4992
5	15	-5376
5	16	-2688
5	17	5856
5	18	1776
5	19	4416
5	20	-480
5	21	-4656
5	22	2112
5	23	1344
5	24	-3792
5	25	1392
5	26	-4512
5	27	2400
5	28	1392
5	29	-6576
5	30	-4368
5	31	9984
5	32	-5664
5	33	-5664
5	34	-7440
5	35	3408
6	7	-480
6	8	-816
6	9	3504
6	10	-1248
6	11	9888
6	12	-816
6	13	-3072
6	14	2976
6	15	2208
6	16	672
6	17	1344
6	18	1392
6	19	-2400
6	20	7680
6	21	6672
6	22	-96
6	23	7008
6	24	-4560
6	25	624
6	26	1344
6	27	-384
6	28	-4560
6	29	4560
6	30	-3984
6	31	-1632
6	32	2496
6	33	2496
6	34	5424
6	35	-1392
7	8	3696
7	9	-5808
7	10	-1056
7	11	-2400
7	12	3696
7	13	192
7	14	-5856
7	15	5856
7	16	1632
7	17	1536
7	18	912
7	19	96
7	20	384
7	21	1392
7	22	-2208
7	23	480
7	24	-2928
7	25	2256
7	26	6720
7	27	3264
7	28	-2928
7	29	-2256
7	30	1680
7	31	3936
7	32	384
7	33	384
7	34	-3120
7	35	-6096
8	9	-5856
8	10	4944
8	11	-1488
8	12	5376
8	13	1104
8	14	1968
8	15	3216
8	16	-336
8	17	7536
8	18	5568
8	19	-1392
8	20	-1680
8	21	-2688
8	22	912
8	23	6000
8	24	-8736
8	25	1632
8	26	-2832
8	27	624
8	28	1632
8	29	-6816
8	30	-2976
8	31	2544
8	32	3504
8	33	3504
8	34	-768
8	35	4800
9	10	-1104
9	11	9744
9	12	4512
9	13	1968
9	14	2832
9	15	-2832
9	16	-4656
9	17	-3696
9	18	-3936
9	19	2928
9	20	2640
9	21	-3552
9	22	5232
9	23	-3504
9	24	768
9	25	-4416
9	26	-3696
9	27	-240
9	28	-4416
9	29	-768
9	30	-3840
9	31	-6960
9	32	-2544
9	33	-2544
9	34	5280
9	35	-1248
10	11	-1056
10	12	4944
10	13	1536
10	14	2400
10	15	-2400
10	16	-10272
10	17	7104
10	18	816
10	19	3360
10	20	-2112
10	21	2064
10	22	-4704
10	23	6432
10	24	-3984
10	25	1200
10	26	-8448
10	27	-4992
10	28	1200
10	29	-1200
10	30	-8592
10	31	8160
10	32	3072
10	33	3072
10	34	-336
10	35	4368
11	12	3696
11	13	192
11	14	4512
11	15	672
11	16	-3552
11	17	1536
11	18	-4272
11	19	96
11	20	5568
11	21	1392
11	22	2976
11	23	480
11	24	-2928
11	25	-2928
11	26	1536
11	27	-1920
11	28	-8112
11	29	2928
11	30	-3504
11	31	-6432
11	32	384
11	33	384
11	34	7248
11	35	-912
12	13	6288
12	14	1968
12	15	8400
12	16	-5520
12	17	2352
12	18	384
12	19	-1392
12	20	3504
12	21	-2688
12	22	912
12	23	816
12	24	-8736
12	25	-3552
12	26	-2832
12	27	624
12	28	-3552
12	29	-6816
12	30	-8160
12	31	2544
12	32	3504
12	33	3504
12	34	4416
12	35	4800
13	14	1920
13	15	3264
13	16	-960
13	17	-6240
13	18	-6864
13	19	2688
13	20	-2208
13	21	-1200
13	22	384
13	23	-2112
13	24	-336
13	25	-10704
13	26	-1056
13	27	672
13	28	4848
13	29	-4848
13	30	-6096
13	31	-3840
13	32	2976
13	33	2976
13	34	4656
13	35	1680
14	15	4128
14	16	-7008
14	17	-192
14	18	-2544
14	19	-6816
14	20	-1344
14	21	4848
14	22	-3936
14	23	2208
14	24	528
14	25	-4656
14	26	-192
14	27	-8832
14	28	528
14	29	4656
14	30	-48
14	31	-4704
14	32	9024
14	33	9024
14	34	8976
14	35	7728
15	16	1824
15	17	192
15	18	2544
15	19	-8736
15	20	1344
15	21	5520
15	22	-6432
15	23	2976
15	24	-5712
15	25	-528
15	26	5376
15	27	-1536
15	28	-528
15	29	528
15	30	48
15	31	-480
15	32	11712
15	33	11712
15	34	6576
15	35	2640
16	17	-2496
16	18	4944
16	19	1248
16	20	1536
16	21	-2640
16	22	4128
16	23	-672
16	24	-1776
16	25	3408
16	26	2688
16	27	9600
16	28	3408
16	29	-3408
16	30	2832
16	31	-2400
16	32	-3648
16	33	-3648
16	34	-4272
16	35	-4944
17	18	3408
17	19	768
17	20	480
17	21	-528
17	22	-2112
17	23	3840
17	24	-6576
17	25	8976
17	26	-672
17	27	-2400
17	28	-6576
17	29	1392
17	30	-816
17	31	5568
17	32	480
17	33	480
17	34	-2928
17	35	1776
18	19	-3216
18	20	2256
18	21	-1920
18	22	-336
18	23	8976
18	24	-6240
18	25	9312
18	26	-6960
18	27	5136
18	28	4128
18	29	-4128
18	30	-1632
18	31	7248
18	32	2256
18	33	2256
18	34	-4992
18	35	960
19	20	-3264
19	21	-4272
19	22	4512
19	23	-2784
19	24	48
19	25	48
19	26	-4416
19	27	4224
19	28	48
19	29	-5232
19	30	-4560
19	31	-1056
19	32	-8448
19	33	-8448
19	34	-4368
19	35	-7152
20	21	624
20	22	4224
20	23	2688
20	24	-5424
20	25	-240
20	26	480
20	27	3936
20	28	-5424
20	29	240
20	30	-4848
20	31	4416
20	32	-3552
20	33	-3552
20	34	1104
20	35	2928
21	22	-7152
21	23	3696
21	24	-1248
21	25	-1248
21	26	4656
21	27	-7440
21	28	-1248
21	29	6432
21	30	-672
21	31	240
21	32	5808
21	33	5808
21	34	7296
21	35	1920
22	23	-5088
22	24	-2832
22	25	-2832
22	26	-2112
22	27	6528
22	28	-2832
22	29	-7536
22	30	-2256
22	31	-3360
22	32	-11328
22	33	-11328
22	34	-1488
22	35	336
23	24	-5808
23	25	4560
23	26	-6528
23	27	384
23	28	4560
23	29	624
23	30	-6384
23	31	6816
23	32	7872
23	33	7872
23	34	-240
23	35	1392
24	25	-2112
24	26	3792
24	27	-3120
24	28	3072
24	29	7296
24	30	8832
24	31	-4080
24	32	-240
24	33	-240
24	34	-2208
24	35	-4128
25	26	-1392
25	27	2064
25	28	-2112
25	29	2112
25	30	3648
25	31	6288
25	32	-240
25	33	-240
25	34	-7392
25	35	-4128
26	27	-2400
26	28	-6576
26	29	6576
26	30	9552
26	31	-4800
26	32	480
26	33	480
26	34	2256
26	35	-3408
27	28	2064
27	29	-7248
27	30	-2544
27	31	2112
27	32	-6432
27	33	-6432
27	34	-6384
27	35	-5136
28	29	-3072
28	30	-1536
28	31	1104
28	32	4944
28	33	4944
28	34	-2208
28	35	1056
29	30	6720
29	31	-1104
29	32	5424
29	33	5424
29	34	2208
29	35	-1056
30	31	-4656
30	32	336
30	33	336
30	34	-2784
30	35	-3552
31	32	-768
31	33	-768
31	34	-7152
31	35	3120
32	33	17184
32	34	6288
32	35	2928
33	34	6288
33	35	2928
34	35	4992
