0	1	2372
0	2	-1804
0	3	3532
0	4	2956
0	5	-4684
0	6	500
0	7	-3676
0	8	-4388
0	9	2372
0	10	10580
0	11	2228
0	12	6412
0	13	-2516
0	14	3676
0	15	-364
0	16	-6412
0	17	-788
0	18	-788
0	19	-2956
0	20	212
0	21	-1660
0	22	-356
0	23	-4964
0	24	-220
0	25	-3532
0	26	-2084
0	27	-2092
0	28	364
0	29	-2236
0	30	-2804
0	31	-5836
0	32	-2804
0	33	2236
0	34	2092
0	35	4676
1	2	3812
1	3	3100
1	4	-2660
1	5	6116
1	6	-4252
1	7	1940
1	8	364
1	9	7988
1	10	644
1	11	2660
1	12	796
1	13	7420
1	14	-1940
1	15	5252
1	16	-796
1	17	-1220
1	18	-1220
1	19	2660
1	20	-4540
1	21	-6412
1	22	-788
1	23	-212
1	24	212
1	25	2084
1	26	2668
1	27	-1660
1	28	5116
1	29	-1804
1	30	1948
1	31	-220
1	32	1948
1	33	6988
1	34	1660
1	35	-5260
2	3	2092
2	4	1516
2	5	1940
2	6	1940
2	7	-2236
2	8	-5828
2	9	-1372
2	10	-3532
2	11	3668
2	12	-5396
2	13	6412
2	14	2236
2	15	1076
2	16	212
2	17	-2228
2	18	2956
2	19	3668
2	20	6836
2	21	-220
2	22	-1796
2	23	3964
2	24	1220
2	25	-2092
2	26	1660
2	27	-5836
2	28	4108
2	29	-5980
2	30	-4244
2	31	-4396
2	32	6124
2	33	796
2	34	-4532
2	35	-4252
3	4	-3244
3	5	-212
3	6	4972
3	7	-6404
3	8	-6268
3	9	-2084
3	10	5260
3	11	3244
3	12	-1516
3	13	2228
3	14	6404
3	15	652
3	16	1516
3	17	500
3	18	-4684
3	19	-1940
3	20	-5108
3	21	-3236
3	22	68
3	23	-508
3	24	5692
3	25	-1364
3	26	-3388
3	27	-2804
3	28	4532
3	29	2524
3	30	2516
3	31	-4244
3	32	-2668
3	33	-2524
3	34	-2380
3	35	-4388
4	5	-788
4	6	-788
4	7	-1796
4	8	-5692
4	9	-2660
4	10	4684
4	11	-2516
4	12	4244
4	13	-2380
4	14	1796
4	15	76
4	16	940
4	17	-4108
4	18	6260
4	19	2668
4	20	4684
4	21	6556
4	22	644
4	23	68
4	24	-5252
4	25	-7124
4	26	2372
4	27	1804
4	28	-5260
4	29	1948
4	30	-7276
4	31	-4820
4	32	3092
4	33	-1948
4	34	3380
4	35	5404
5	6	-11308
5	7	68
5	8	2236
5	9	932
5	10	-6412
5	11	788
5	12	-2516
5	13	-1076
5	14	-68
5	15	3380
5	16	2516
5	17	652
5	18	652
5	19	788
5	20	-1228
5	21	2084
5	22	1084
5	23	1660
5	24	3524
5	25	212
5	26	4540
5	27	6836
5	28	-3380
5	29	1508
5	30	3820
5	31	3092
5	32	9004
5	33	3676
5	34	3532
5	35	-1948
6	7	68
6	8	-2948
6	9	-4252
6	10	3956
6	11	788
6	12	-2516
6	13	4108
6	14	-68
6	15	-1804
6	16	2516
6	17	652
6	18	652
6	19	788
6	20	-1228
6	21	-3100
6	22	1084
6	23	1660
6	24	-1660
6	25	212
6	26	-5828
6	27	-8716
6	28	6988
6	29	1508
6	30	-1364
6	31	-2092
6	32	-6548
6	33	-6692
6	34	-6836
6	35	-1948
7	8	11596
7	9	1940
7	10	-5404
7	11	1796
7	12	-3524
7	13	3100
7	14	-11444
7	15	-796
7	16	-1660
7	17	-356
7	18	4828
7	19	1796
7	20	-220
7	21	-2092
7	22	5260
7	23	652
7	24	-5836
7	25	6404
7	26	-1652
7	27	-2524
7	28	796
7	29	2516
7	30	2812
7	31	9284
7	32	2812
7	33	2668
7	34	2524
7	35	-940
8	9	364
8	10	-7844
8	11	5692
8	12	-3964
8	13	-220
8	14	-11596
8	15	-2084
8	16	-6404
8	17	3236
8	18	3236
8	19	508
8	20	-2660
8	21	-788
8	22	7988
8	23	2228
8	24	-2228
8	25	11452
8	26	-5836
8	27	-356
8	28	-3100
8	29	4972
8	30	5252
8	31	13756
8	32	5252
8	33	212
8	34	5540
8	35	-1940
9	10	644
9	11	-2524
9	12	796
9	13	2236
9	14	-1940
9	15	68
9	16	-796
9	17	-1220
9	18	-1220
9	19	-2524
9	20	-4540
9	21	-6412
9	22	-5972
9	23	-212
9	24	-4972
9	25	2084
9	26	2668
9	27	3524
9	28	5116
9	29	-6988
9	30	-3236
9	31	-220
9	32	-3236
9	33	6988
9	34	1660
9	35	-76
10	11	500
10	12	8140
10	13	-788
10	14	5404
10	15	3092
10	16	-2956
10	17	940
10	18	-4244
10	19	500
10	20	-1516
10	21	1796
10	22	1372
10	23	-3236
10	24	-1948
10	25	-5260
10	26	-356
10	27	-3820
10	28	2092
10	29	1220
10	30	-1076
10	31	-7564
10	32	-6260
10	33	-1220
10	34	-1364
10	35	2948
11	12	-4244
11	13	2380
11	14	-1796
11	15	-76
11	16	-11308
11	17	4108
11	18	-1076
11	19	2516
11	20	500
11	21	3812
11	22	9724
11	23	5116
11	24	68
11	25	7124
11	26	-7556
11	27	-6988
11	28	76
11	29	3236
11	30	2092
11	31	4820
11	32	7276
11	33	-3236
11	34	1804
11	35	-5404
12	13	-652
12	14	3524
12	15	8716
12	16	-788
12	17	2804
12	18	-2380
12	19	6124
12	20	-2228
12	21	-356
12	22	-2812
12	23	-3388
12	24	3388
12	25	-3668
12	26	4100
12	27	76
12	28	-3532
12	29	220
12	30	-364
12	31	-6548
12	32	-5548
12	33	-220
12	34	-76
12	35	3676
13	14	-3100
13	15	4972
13	16	652
13	17	-3820
13	18	-3820
13	19	7564
13	20	-788
13	21	-4100
13	22	932
13	23	356
13	24	-356
13	25	2956
13	26	2660
13	27	-8852
13	28	5396
13	29	1660
13	30	3380
13	31	76
13	32	-1804
13	33	3524
13	34	-1516
13	35	-10436
14	15	796
14	16	1660
14	17	356
14	18	-4828
14	19	-1796
14	20	220
14	21	2092
14	22	-5260
14	23	-652
14	24	5836
14	25	-6404
14	26	1652
14	27	2524
14	28	-796
14	29	-2516
14	30	-2812
14	31	-9284
14	32	-2812
14	33	-2668
14	34	-2524
14	35	940
15	16	1652
15	17	6700
15	18	-3668
15	19	10292
15	20	-2092
15	21	1220
15	22	1948
15	23	2524
15	24	2660
15	25	-652
15	26	5404
15	27	-4396
15	28	2668
15	29	644
15	30	4684
15	31	-2956
15	32	-500
15	33	-644
15	34	-5972
15	35	-2812
16	17	-2804
16	18	2380
16	19	-940
16	20	-2956
16	21	-4828
16	22	-7556
16	23	-1796
16	24	1796
16	25	-6700
16	26	6268
16	27	5108
16	28	3532
16	29	-220
16	30	364
16	31	-3820
16	32	-4820
16	33	220
16	34	-5108
16	35	1508
17	18	-364
17	19	4108
17	20	-4244
17	21	2812
17	22	4388
17	23	8996
17	24	1372
17	25	4684
17	26	-4252
17	27	-1940
17	28	3668
17	29	-1796
17	30	1652
17	31	1804
17	32	1652
17	33	-8572
17	34	-8428
17	35	1660
18	19	-1076
18	20	940
18	21	-2372
18	22	-796
18	23	3812
18	24	-3812
18	25	-500
18	26	-4252
18	27	3244
18	28	-1516
18	29	-1796
18	30	-8716
18	31	1804
18	32	6836
18	33	-3388
18	34	1940
18	35	6844
19	20	500
19	21	3812
19	22	4540
19	23	5116
19	24	68
19	25	1940
19	26	2812
19	27	-6988
19	28	76
19	29	3236
19	30	2092
19	31	-364
19	32	2092
19	33	-3236
19	34	-3380
19	35	-5404
20	21	6980
20	22	1372
20	23	-3236
20	24	-1948
20	25	-5260
20	26	4828
20	27	-3820
20	28	-3092
20	29	-3964
20	30	-1076
20	31	-2380
20	32	4108
20	33	3964
20	34	-1364
20	35	2948
21	22	8428
21	23	3820
21	24	-3820
21	25	-1948
21	26	1516
21	27	-508
21	28	-6404
21	29	4532
21	30	796
21	31	932
21	32	5980
21	33	-4532
21	34	508
21	35	1076
22	23	3380
22	24	-3380
22	25	5116
22	26	-4684
22	27	-6692
22	28	-1948
22	29	9004
22	30	6404
22	31	7420
22	32	6404
22	33	-3820
22	34	1508
22	35	-3092
23	24	-2804
23	25	5692
23	26	-5260
23	27	-932
23	28	2660
23	29	-788
23	30	-4540
23	31	2812
23	32	5828
23	33	-9580
23	34	-4252
23	35	-2516
24	25	-508
24	26	76
24	27	932
24	28	-2660
24	29	788
24	30	4540
24	31	-2812
24	32	-644
24	33	-788
24	34	-932
24	35	-2668
25	26	-6980
25	27	-2380
25	28	652
25	29	2660
25	30	2668
25	31	9428
25	32	2668
25	33	-2660
25	34	2380
25	35	-5980
26	27	1948
26	28	-220
26	29	-3092
26	30	2948
26	31	-4676
26	32	-2236
26	33	8276
26	34	-1948
26	35	364
27	28	-5972
27	29	-1084
27	30	-3956
27	31	500
27	32	1228
27	33	1084
27	34	6124
27	35	5828
28	29	-5828
28	30	500
28	31	-2228
28	32	-4684
28	33	644
28	34	-9580
28	35	-2372
29	30	6556
29	31	5540
29	32	1372
29	33	-3956
29	34	6268
29	35	-4684
30	31	4972
30	32	-1516
30	33	3812
30	34	-1228
30	35	-5540
31	32	4972
31	33	-356
31	34	4684
31	35	-3100
32	33	-1372
32	34	3956
32	35	-356
33	34	4100
33	35	-500
34	35	-644
