0	1	-2084
0	2	2084
0	3	-3676
0	4	-644
0	5	-212
0	6	-1948
0	7	-3668
0	8	-2236
0	9	-2948
0	10	-4252
0	11	-6844
0	12	-1948
0	13	508
0	14	6260
0	15	-1796
0	16	6124
0	17	-4540
0	18	5108
0	19	2236
0	20	-796
0	21	-4964
0	22	5404
0	23	-788
0	24	2948
0	25	2804
0	26	-1372
0	27	4388
0	28	364
0	29	-7124
0	30	-5116
0	31	1508
0	32	-7420
0	33	-2812
0	34	4828
0	35	212
1	2	-1652
1	3	4108
1	4	-4972
1	5	-5404
1	6	2380
1	7	-1948
1	8	-7700
1	9	-2668
1	10	-500
1	11	2092
1	12	2380
1	13	-940
1	14	4540
1	15	6548
1	16	-1372
1	17	-212
1	18	508
1	19	2516
1	20	1228
1	21	-652
1	22	4532
1	23	-4828
1	24	2668
1	25	-2372
1	26	1804
1	27	-3956
1	28	-5980
1	29	1508
1	30	364
1	31	-6260
1	32	2668
1	33	-1940
1	34	-76
1	35	220
2	3	1076
2	4	4972
2	5	220
2	6	7988
2	7	-3236
2	8	2516
2	9	-2516
2	10	-4684
2	11	-2092
2	12	2804
2	13	940
2	14	-4540
2	15	-1364
2	16	1372
2	17	5396
2	18	-508
2	19	-2516
2	20	-1228
2	21	652
2	22	5836
2	23	4828
2	24	7700
2	25	-7996
2	26	8564
2	27	3956
2	28	-4388
2	29	3676
2	30	-5548
2	31	1076
2	32	-2668
2	33	-8428
2	34	5260
2	35	-5404
3	4	364
3	5	-4388
3	6	2228
3	7	2524
3	8	-3244
3	9	-1940
3	10	-76
3	11	-2668
3	12	-2956
3	13	-3668
3	14	-5116
3	15	-788
3	16	-3236
3	17	4820
3	18	-1084
3	19	-1940
3	20	-1804
3	21	1228
3	22	1228
3	23	220
3	24	1940
3	25	-3388
3	26	-2380
3	27	-1804
3	28	1372
3	29	-932
3	30	4244
3	31	-4684
3	32	1940
3	33	1364
3	34	652
3	35	-796
4	5	-1660
4	6	-1364
4	7	1796
4	8	9292
4	9	6260
4	10	-9428
4	11	-1652
4	12	-1364
4	13	2804
4	14	-4388
4	15	-5260
4	16	-2812
4	17	1228
4	18	1948
4	19	1076
4	20	2668
4	21	3092
4	22	-2092
4	23	-1084
4	24	-1076
4	25	4252
4	26	3244
4	27	2668
4	28	-2236
4	29	68
4	30	-3380
4	31	364
4	32	-1076
4	33	-5684
4	34	-1516
4	35	6844
5	6	-932
5	7	1364
5	8	4540
5	9	644
5	10	6556
5	11	-1220
5	12	4252
5	13	-2812
5	14	1228
5	15	-508
5	16	7124
5	17	1660
5	18	-7988
5	19	-4540
5	20	-2084
5	21	-2524
5	22	-2524
5	23	-1516
5	24	-644
5	25	-500
5	26	3676
5	27	-2084
5	28	2516
5	29	-364
5	30	-2948
5	31	796
5	32	4540
5	33	-68
5	34	-1948
5	35	-3092
6	7	796
6	8	-1516
6	9	-8852
6	10	1652
6	11	-940
6	12	-1228
6	13	-212
6	14	-8572
6	15	2668
6	16	220
6	17	11732
6	18	-4540
6	19	-8852
6	20	-5260
6	21	-500
6	22	4684
6	23	3676
6	24	3668
6	25	-12028
6	26	4532
6	27	-76
6	28	-10724
6	29	7708
6	30	-4396
6	31	-2956
6	32	3668
6	33	-2092
6	34	4108
6	35	-9436
7	8	1084
7	9	-1084
7	10	-2084
7	11	508
7	12	-9572
7	13	644
7	14	-7412
7	15	-7420
7	16	5396
7	17	3388
7	18	-6260
7	19	-6268
7	20	4828
7	21	-4252
7	22	-4252
7	23	-3244
7	24	-4100
7	25	1228
7	26	-4964
7	27	4828
7	28	788
7	29	3092
7	30	3964
7	31	-2660
7	32	6268
7	33	6844
7	34	-3676
7	35	3820
8	9	1804
8	10	-3820
8	11	-1228
8	12	3668
8	13	76
8	14	-3676
8	15	-2228
8	16	508
8	17	1076
8	18	356
8	19	1804
8	20	-364
8	21	-212
8	22	-5396
8	23	3964
8	24	-1804
8	25	3236
8	26	4244
8	27	-364
8	28	-68
8	29	2812
8	30	-4684
8	31	1940
8	32	-1804
8	33	-2380
8	34	-5972
8	35	644
9	10	-1364
9	11	6412
9	12	1516
9	13	5108
9	14	3676
9	15	-2956
9	16	-5692
9	17	-6260
9	18	-356
9	19	3380
9	20	5548
9	21	5396
9	22	-4972
9	23	-3964
9	24	-3380
9	25	7132
9	26	940
9	27	364
9	28	5252
9	29	-2812
9	30	4684
9	31	3244
9	32	1804
9	33	-2804
9	34	788
9	35	9724
10	11	1940
10	12	1652
10	13	-3092
10	14	-508
10	15	4972
10	16	-2660
10	17	4244
10	18	-6844
10	19	-6548
10	20	-7564
10	21	1804
10	22	-3380
10	23	796
10	24	-3820
10	25	-3964
10	26	-2956
10	27	-7564
10	28	1948
10	29	-356
10	30	3668
10	31	-76
10	32	6548
10	33	5972
10	34	1228
10	35	-6556
11	12	4244
11	13	9868
11	14	2084
11	15	2380
11	16	-5252
11	17	-3532
11	18	-4252
11	19	1228
11	20	5396
11	21	-788
11	22	-5972
11	23	3388
11	24	-1228
11	25	-1372
11	26	4820
11	27	212
11	28	-644
11	29	7420
11	30	6260
11	31	2516
11	32	3956
11	33	-1804
11	34	3820
11	35	1220
12	13	-212
12	14	6980
12	15	7852
12	16	220
12	17	-3820
12	18	644
12	19	6700
12	20	-76
12	21	-500
12	22	-500
12	23	3676
12	24	3668
12	25	-1660
12	26	9716
12	27	-5260
12	28	-356
12	29	2524
12	30	-4396
12	31	2228
12	32	-1516
12	33	-7276
12	34	-1076
12	35	-4252
13	14	1948
13	15	-1228
13	16	-3964
13	17	-2804
13	18	-2084
13	19	-76
13	20	3820
13	21	-3244
13	22	-3244
13	23	2948
13	24	76
13	25	220
13	26	4396
13	27	3820
13	28	-3388
13	29	4100
13	30	2956
13	31	1516
13	32	76
13	33	-4532
13	34	7700
13	35	2812
14	15	4828
14	16	2380
14	17	-11164
14	18	3668
14	19	8860
14	20	2948
14	21	-3524
14	22	1660
14	23	-4532
14	24	1508
14	25	6548
14	26	2372
14	27	-2236
14	28	1804
14	29	-5684
14	30	-1372
14	31	68
14	32	-3676
14	33	-4252
14	34	1084
14	35	3956
15	16	-1660
15	17	76
15	18	796
15	19	2228
15	20	-3668
15	21	-940
15	22	-940
15	23	68
15	24	-2228
15	25	-2084
15	26	2092
15	27	-8852
15	28	-6268
15	29	1220
15	30	-4532
15	31	-788
15	32	2956
15	33	-1652
15	34	-364
15	35	-4676
16	17	-2372
16	18	-1652
16	19	-508
16	20	4252
16	21	-8860
16	22	1508
16	23	-2668
16	24	508
16	25	652
16	26	-356
16	27	4252
16	28	1364
16	29	-1516
16	30	-6980
16	31	1948
16	32	508
16	33	1084
16	34	-3100
16	35	-1940
17	18	-7132
17	19	-11444
17	20	-7852
17	21	2092
17	22	2092
17	23	1084
17	24	1076
17	25	-9436
17	26	1940
17	27	-2668
17	28	-8132
17	29	5116
17	30	-1804
17	31	-5548
17	32	6260
17	33	500
17	34	1516
17	35	-6844
18	19	10012
18	20	1796
18	21	2812
18	22	2812
18	23	1804
18	24	356
18	25	5396
18	26	-3964
18	27	1796
18	28	2956
18	29	-4532
18	30	-2524
18	31	4100
18	32	-10012
18	33	-220
18	34	-2948
18	35	2804
19	20	5548
19	21	212
19	22	212
19	23	1220
19	24	1804
19	25	7132
19	26	940
19	27	364
19	28	5252
19	29	-2812
19	30	-500
19	31	3244
19	32	-8564
19	33	-2804
19	34	-4396
19	35	4540
20	21	-1652
20	22	-1652
20	23	-2660
20	24	-364
20	25	4676
20	26	500
20	27	6260
20	28	3676
20	29	1372
20	30	1940
20	31	3380
20	32	-364
20	33	-940
20	34	-2228
20	35	7268
21	22	2228
21	23	-1948
21	24	-212
21	25	-68
21	26	-1076
21	27	-1652
21	28	2084
21	29	-796
21	30	2668
21	31	1228
21	32	-212
21	33	364
21	34	-2380
21	35	2524
22	23	-1948
22	24	10156
22	25	-5252
22	26	4108
22	27	3532
22	28	-3100
22	29	-796
22	30	-2516
22	31	-3956
22	32	-5396
22	33	-4820
22	34	2804
22	35	-2660
23	24	3964
23	25	-6260
23	26	3100
23	27	2524
23	28	3092
23	29	5396
23	30	1660
23	31	5404
23	32	-6404
23	33	-644
23	34	3812
23	35	-8852
24	25	-7132
24	26	9428
24	27	4820
24	28	-68
24	29	2812
24	30	500
24	31	-3244
24	32	-6988
24	33	-7564
24	34	4396
24	35	-4540
25	26	-6268
25	27	-508
25	28	5260
25	29	-7412
25	30	356
25	31	1796
25	32	-1948
25	33	2660
25	34	-5828
25	35	10868
26	27	500
26	28	-6116
26	29	7132
26	30	-3820
26	31	-2380
26	32	-940
26	33	-11884
26	34	3532
26	35	-3676
27	28	3676
27	29	1372
27	30	1940
27	31	3380
27	32	-5548
27	33	-940
27	34	2956
27	35	2084
28	29	-6124
28	30	7996
28	31	6556
28	32	-5252
28	33	5692
28	34	-2524
28	35	2668
29	30	508
29	31	-932
29	32	2812
29	33	-1796
29	34	-220
29	35	-4820
30	31	-940
30	32	500
30	33	5108
30	34	2092
30	35	2948
31	32	-3244
31	33	1364
31	34	652
31	35	-796
32	33	2804
32	34	-788
32	35	644
33	34	-5396
33	35	68
34	35	-3236
