0	1	-364
0	2	-212
0	3	-788
0	4	-212
0	5	428
0	6	-868
0	7	-68
0	8	436
0	9	364
0	10	868
0	11	212
0	12	292
0	13	436
0	14	-436
0	15	212
0	16	-212
0	17	212
1	2	-932
1	3	1084
1	4	364
1	5	-148
1	6	1148
1	7	508
1	8	1012
1	9	-1652
1	10	-1148
1	11	-364
1	12	868
1	13	1012
1	14	-1012
1	15	-364
1	16	-932
1	17	-364
2	3	-508
2	4	212
2	5	-428
2	6	-428
2	7	68
2	8	-436
2	9	932
2	10	428
2	11	-212
2	12	-1588
2	13	-436
2	14	436
2	15	1084
2	16	212
2	17	1084
3	4	788
3	5	292
3	6	1588
3	7	644
3	8	140
3	9	-1084
3	10	-1588
3	11	-788
3	12	284
3	13	140
3	14	-140
3	15	-788
3	16	-508
3	17	-788
4	5	-428
4	6	868
4	7	68
4	8	-436
4	9	-364
4	10	-868
4	11	-1508
4	12	-292
4	13	-436
4	14	436
4	15	-212
4	16	-1084
4	17	-212
5	6	644
5	7	1012
5	8	220
5	9	148
5	10	-644
5	11	428
5	12	76
5	13	220
5	14	-220
5	15	-868
5	16	868
5	17	-868
6	7	1012
6	8	220
6	9	-1148
6	10	-1940
6	11	-868
6	12	76
6	13	220
6	14	-220
6	15	-868
6	16	-428
6	17	-868
7	8	716
7	9	-508
7	10	-1012
7	11	-68
7	12	-436
7	13	716
7	14	-716
7	15	-68
7	16	68
7	17	-68
8	9	-1012
8	10	-220
8	11	436
8	12	356
8	13	1508
8	14	-1508
8	15	436
8	16	-436
8	17	436
9	10	1148
9	11	364
9	12	-868
9	13	-1012
9	14	1012
9	15	364
9	16	932
9	17	364
10	11	868
10	12	-76
10	13	-220
10	14	220
10	15	868
10	16	428
10	17	868
11	12	292
11	13	436
11	14	-436
11	15	212
11	16	1084
11	17	212
12	13	356
12	14	-356
12	15	-1004
12	16	-292
12	17	-1004
13	14	-1508
13	15	436
13	16	-436
13	17	436
14	15	-436
14	16	436
14	17	-436
15	16	-212
15	17	1508
16	17	-212
