0	1	744
0	2	480
0	3	48
0	4	-408
0	5	528
0	6	24
0	7	744
0	8	336
0	9	-1056
0	10	96
0	11	24
0	12	528
0	13	552
0	14	1560
0	15	-24
0	16	-48
0	17	600
1	2	912
1	3	480
1	4	456
1	5	96
1	6	-408
1	7	1608
1	8	-528
1	9	-192
1	10	-336
1	11	-408
1	12	96
1	13	984
1	14	696
1	15	408
1	16	-480
1	17	168
2	3	-408
2	4	-528
2	5	1128
2	6	-960
2	7	912
2	8	600
2	9	120
2	10	-1032
2	11	336
2	12	1128
2	13	384
2	14	672
2	15	-336
2	16	408
2	17	-240
3	4	336
3	5	-600
3	6	-96
3	7	480
3	8	-264
3	9	-312
3	10	1128
3	11	-96
3	12	-600
3	13	-480
3	14	-192
3	15	96
3	16	-1320
3	17	624
4	5	-1056
4	6	1032
4	7	456
4	8	-672
4	9	1248
4	10	-192
4	11	-1560
4	12	-1056
4	13	840
4	14	-744
4	15	1560
4	16	-336
4	17	312
5	6	-624
5	7	96
5	8	984
5	9	-408
5	10	-552
5	11	672
5	12	1176
5	13	-96
5	14	912
5	15	-672
5	16	600
5	17	-48
6	7	-408
6	8	192
6	9	384
6	10	240
6	11	-1128
6	12	-624
6	13	408
6	14	120
6	15	1128
6	16	96
6	17	744
7	8	-528
7	9	-192
7	10	-336
7	11	-408
7	12	96
7	13	984
7	14	696
7	15	408
7	16	-480
7	17	168
8	9	-24
8	10	120
8	11	192
8	12	984
8	13	-768
8	14	816
8	15	-192
8	16	264
8	17	912
9	10	-840
9	11	-912
9	12	-408
9	13	192
9	14	-1392
9	15	912
9	16	312
9	17	-336
10	11	240
10	12	-552
10	13	-960
10	14	48
10	15	-240
10	16	-1128
10	17	816
11	12	672
11	13	-888
11	14	120
11	15	-1464
11	16	96
11	17	-552
12	13	-96
12	14	912
12	15	-672
12	16	600
12	17	-48
13	14	600
13	15	888
13	16	480
13	17	-168
14	15	-120
14	16	192
14	17	840
15	16	-96
15	17	552
16	17	-624
