0	1	-624
0	2	1032
0	3	384
0	4	456
0	5	-624
0	6	24
0	7	96
0	8	-672
0	9	1344
0	10	984
0	11	-240
0	12	-192
0	13	888
0	14	1464
0	15	-192
0	16	240
0	17	456
1	2	192
1	3	840
1	4	-528
1	5	1848
1	6	-96
1	7	-1464
1	8	744
1	9	24
1	10	384
1	11	312
1	12	120
1	13	-960
1	14	-240
1	15	120
1	16	-312
1	17	-528
2	3	480
2	4	408
2	5	192
2	6	-456
2	7	-528
2	8	-192
2	9	384
2	10	744
2	11	-624
2	12	-240
2	13	-24
2	14	696
2	15	-240
2	16	-672
2	17	408
3	4	-240
3	5	840
3	6	192
3	7	-1176
3	8	456
3	9	1032
3	10	96
3	11	24
3	12	408
3	13	-672
3	14	48
3	15	408
3	16	-24
3	17	-240
4	5	-528
4	6	-1176
4	7	48
4	8	528
4	9	-192
4	10	168
4	11	96
4	12	336
4	13	552
4	14	-24
4	15	336
4	16	-96
4	17	984
5	6	-96
5	7	-1464
5	8	744
5	9	24
5	10	384
5	11	312
5	12	120
5	13	-960
5	14	-240
5	15	120
5	16	-312
5	17	-528
6	7	480
6	8	-1200
6	9	672
6	10	-264
6	11	-336
6	12	-528
6	13	-312
6	14	408
6	15	-528
6	16	336
6	17	-1176
7	8	-1128
7	9	-552
7	10	-192
7	11	-264
7	12	-600
7	13	912
7	14	336
7	15	-600
7	16	264
7	17	48
8	9	-24
8	10	-384
8	11	984
8	12	1176
8	13	-336
8	14	-1056
8	15	1176
8	16	312
8	17	528
9	10	336
9	11	408
9	12	456
9	13	240
9	14	816
9	15	456
9	16	888
9	17	-192
10	11	48
10	12	-480
10	13	600
10	14	1176
10	15	-480
10	16	-48
10	17	168
11	12	744
11	13	528
11	14	-192
11	15	744
11	16	1176
11	17	96
12	13	-96
12	14	-672
12	15	984
12	16	552
12	17	336
13	14	840
13	15	-96
13	16	768
13	17	552
14	15	-672
14	16	192
14	17	-24
15	16	552
15	17	336
16	17	-96
