0	1	236
0	2	52
0	3	-20
0	4	-484
0	5	556
0	6	-844
0	7	-20
0	8	-772
0	9	236
0	10	-268
0	11	340
0	12	236
0	13	-1028
0	14	812
0	15	484
0	16	1060
0	17	740
1	2	52
1	3	-20
1	4	-484
1	5	-740
1	6	-844
1	7	-20
1	8	524
1	9	1532
1	10	-1564
1	11	340
1	12	-1060
1	13	268
1	14	812
1	15	484
1	16	-236
1	17	-556
2	3	-1564
2	4	772
2	5	-844
2	6	-1460
2	7	-1564
2	8	-1532
2	9	52
2	10	-740
2	11	668
2	12	52
2	13	740
2	14	772
2	15	-772
2	16	-52
2	17	844
3	4	-596
3	5	524
3	6	1060
3	7	1100
3	8	988
3	9	-20
3	10	484
3	11	-556
3	12	-20
3	13	-484
3	14	-596
3	15	596
3	16	20
3	17	-524
4	5	-20
4	6	-268
4	7	-596
4	8	-196
4	9	-484
4	10	308
4	11	1060
4	12	-484
4	13	988
4	14	92
4	15	-1388
4	16	-812
4	17	20
5	6	340
5	7	524
5	8	268
5	9	-740
5	10	1060
5	11	164
5	12	556
5	13	-1060
5	14	-20
5	15	20
5	16	740
5	17	52
6	7	1060
6	8	740
6	9	-844
6	10	1244
6	11	-1172
6	12	452
6	13	52
6	14	-1564
6	15	268
6	16	-452
6	17	-340
7	8	988
7	9	-20
7	10	484
7	11	-556
7	12	-20
7	13	-484
7	14	-596
7	15	596
7	16	20
7	17	-524
8	9	524
8	10	20
8	11	52
8	12	-772
8	13	-20
8	14	-196
8	15	196
8	16	-524
8	17	-1564
9	10	-1564
9	11	340
9	12	-1060
9	13	268
9	14	812
9	15	484
9	16	-236
9	17	-556
10	11	-452
10	12	1028
10	13	-524
10	14	-988
10	15	-308
10	16	268
10	17	236
11	12	-956
11	13	452
11	14	1060
11	15	-1060
11	16	-340
11	17	-164
12	13	-1028
12	14	-484
12	15	484
12	16	1060
12	17	740
13	14	-308
13	15	-988
13	16	-1564
13	17	-236
14	15	-92
14	16	484
14	17	20
15	16	812
15	17	-20
16	17	556
