0	1	-4304
0	2	-4304
0	3	4448
0	4	-2720
0	5	15712
0	6	-5168
0	7	-8480
0	8	-8624
0	9	-1280
0	10	4912
0	11	1280
0	12	-7648
0	13	-4448
0	14	-7792
0	15	2432
0	16	3584
0	17	-304
0	18	-2896
0	19	1600
0	20	2000
0	21	7904
0	22	-848
0	23	1136
0	24	592
0	25	2288
0	26	10640
0	27	-5168
0	28	-1136
0	29	3872
0	30	5776
0	31	4304
0	32	-2432
0	33	3904
0	34	-848
0	35	10528
1	2	6064
1	3	-5920
1	4	-2720
1	5	160
1	6	5200
1	7	7072
1	8	-3440
1	9	3904
1	10	-272
1	11	11648
1	12	7904
1	13	5920
1	14	2576
1	15	2432
1	16	3584
1	17	4880
1	18	7472
1	19	-3584
1	20	2000
1	21	7904
1	22	-848
1	23	-4048
1	24	-4592
1	25	2288
1	26	-4912
1	27	16
1	28	-16688
1	29	-6496
1	30	5776
1	31	4304
1	32	7936
1	33	-6464
1	34	4336
1	35	160
2	3	4448
2	4	2464
2	5	160
2	6	16
2	7	7072
2	8	-3440
2	9	3904
2	10	-272
2	11	-9088
2	12	2720
2	13	-9632
2	14	2576
2	15	-7936
2	16	8768
2	17	-304
2	18	-2896
2	19	-13952
2	20	2000
2	21	-7648
2	22	-848
2	23	-9232
2	24	5776
2	25	2288
2	26	272
2	27	-10352
2	28	-6320
2	29	3872
2	30	-4592
2	31	19856
2	32	7936
2	33	9088
2	34	-6032
2	35	-5024
3	4	-2320
3	5	-16
3	6	-10240
3	7	-1744
3	8	-1600
3	9	1424
3	10	416
3	11	-6608
3	12	-13232
3	13	-10960
3	14	-2720
3	15	-7760
3	16	1456
3	17	-5024
3	18	-2432
3	19	-1456
3	20	-2144
3	21	-8048
3	22	992
3	23	-1280
3	24	-5632
3	25	2752
3	26	-416
3	27	5312
3	28	6464
3	29	-4016
3	30	-448
3	31	11104
3	32	2576
3	33	11792
3	34	-9376
3	35	5168
4	5	1744
4	6	1600
4	7	8656
4	8	-1856
4	9	-4880
4	10	1312
4	11	4880
4	12	-4048
4	13	-8048
4	14	6176
4	15	11216
4	16	7184
4	17	-12256
4	18	704
4	19	-17552
4	20	-9952
4	21	-4048
4	22	-4448
4	23	15104
4	24	-8192
4	25	-9664
4	26	-16864
4	27	6784
4	28	448
4	29	7472
4	30	-13376
4	31	-7648
4	32	4336
4	33	-4880
4	34	736
4	35	-3440
5	6	-704
5	7	1168
5	8	1024
5	9	-2000
5	10	9376
5	11	7184
5	12	-1744
5	13	16
5	14	-1888
5	15	3152
5	16	9488
5	17	5600
5	18	-12544
5	19	-4304
5	20	7904
5	21	3440
5	22	-6752
5	23	7040
5	24	5056
5	25	-7360
5	26	6176
5	27	-11072
5	28	-1856
5	29	-592
5	30	-128
5	31	10208
5	32	-3152
5	33	-7184
5	34	3616
5	35	4624
6	7	6208
6	8	-4304
6	9	8224
6	10	-6320
6	11	7328
6	12	8768
6	13	-128
6	14	8624
6	15	-1888
6	16	-736
6	17	560
6	18	13520
6	19	5920
6	20	2864
6	21	13952
6	22	-1712
6	23	-8368
6	24	4912
6	25	-2032
6	26	-9232
6	27	-6032
6	28	-2000
6	29	-5632
6	30	4912
6	31	-16
6	32	-8480
6	33	-12512
6	34	3472
6	35	-5888
7	8	2752
7	9	-15824
7	10	-4448
7	11	5456
7	12	6896
7	13	-3440
7	14	6752
7	15	-3760
7	16	7760
7	17	-1312
7	18	11648
7	19	-7760
7	20	-9376
7	21	-8656
7	22	-5024
7	23	128
7	24	6784
7	25	6464
7	26	-11104
7	27	-4160
7	28	-5312
7	29	-2320
7	30	-3584
7	31	-1888
7	32	3760
7	33	-5456
7	34	160
7	35	-4016
8	9	-5600
8	10	592
8	11	-4768
8	12	1856
8	13	6784
8	14	-3472
8	15	-3616
8	16	2720
8	17	9200
8	18	-3760
8	19	-2720
8	20	1136
8	21	-3328
8	22	-5168
8	23	5456
8	24	1456
8	25	-8944
8	26	-592
8	27	880
8	28	-272
8	29	13376
8	30	6640
8	31	-1744
8	32	-1568
8	33	-416
8	34	-5168
8	35	-4160
9	10	-7616
9	11	-6928
9	12	-10672
9	13	-1424
9	14	-448
9	15	-592
9	16	560
9	17	1856
9	18	-5920
9	19	4624
9	20	19712
9	21	4880
9	22	12544
9	23	-7072
9	24	-6752
9	25	-736
9	26	-2752
9	27	3040
9	28	-3296
9	29	848
9	30	3616
9	31	11648
9	32	5776
9	33	-8624
9	34	-3008
9	35	-12368
10	11	12800
10	12	9056
10	13	-416
10	14	-1456
10	15	-1600
10	16	-448
10	17	-4336
10	18	-12112
10	19	-9920
10	20	8336
10	21	-1312
10	22	-12368
10	23	2288
10	24	-560
10	25	-6928
10	26	6608
10	27	4048
10	28	2896
10	29	-160
10	30	-560
10	31	272
10	32	-8768
10	33	2752
10	34	3184
10	35	4192
11	12	10672
11	13	11792
11	14	448
11	15	592
11	16	4624
11	17	-1856
11	18	5920
11	19	-4624
11	20	1024
11	21	5488
11	22	-17728
11	23	-3296
11	24	-3616
11	25	-4448
11	26	-7616
11	27	2144
11	28	-1888
11	29	-11216
11	30	-3616
11	31	-11648
11	32	-592
11	33	-12112
11	34	8192
11	35	7184
12	13	8048
12	14	-992
12	15	-848
12	16	3184
12	17	1888
12	18	4480
12	19	2000
12	20	-416
12	21	-1136
12	22	-5920
12	23	-4736
12	24	8192
12	25	-704
12	26	-3872
12	27	-6784
12	28	-16000
12	29	-7472
12	30	3008
12	31	-7904
12	32	-4336
12	33	4880
12	34	9632
12	35	-1744
13	14	2720
13	15	2576
13	16	8912
13	17	10208
13	18	-2752
13	19	11824
13	20	2144
13	21	8048
13	22	-6176
13	23	1280
13	24	448
13	25	-7936
13	26	416
13	27	-5312
13	28	-6464
13	29	-11536
13	30	448
13	31	-11104
13	32	7792
13	33	-11792
13	34	-992
13	35	5200
14	15	4480
14	16	8512
14	17	-3152
14	18	-560
14	19	12224
14	20	-5456
14	21	-992
14	22	4304
14	23	10960
14	24	2864
14	25	-5744
14	26	-3728
14	27	8624
14	28	4592
14	29	-7328
14	30	-12688
14	31	2608
14	32	704
14	33	-5632
14	34	-880
14	35	-1888
15	16	-1712
15	17	-8192
15	18	-5600
15	19	1712
15	20	-128
15	21	4336
15	22	9344
15	23	16288
15	24	2720
15	25	-10784
15	26	-3584
15	27	-1888
15	28	-5920
15	29	-2000
15	30	-12832
15	31	-12800
15	32	5744
15	33	-592
15	34	4160
15	35	-2032
16	17	6208
16	18	-1568
16	19	-2320
16	20	-1280
16	21	-2000
16	22	-5056
16	23	4768
16	24	3872
16	25	-6752
16	26	-9920
16	27	-736
16	28	-15136
16	29	2032
16	30	-6496
16	31	1600
16	32	17264
16	33	-4624
16	34	128
16	35	4304
17	18	-2864
17	19	4160
17	20	2608
17	21	1888
17	22	6608
17	23	3472
17	24	-5200
17	25	-8048
17	26	9520
17	27	-4624
17	28	-3472
17	29	-4448
17	30	5168
17	31	5488
17	32	3008
17	33	-8512
17	34	6608
17	35	10784
18	19	1568
18	20	-10352
18	21	9664
18	22	-6352
18	23	-14672
18	24	2576
18	25	10096
18	26	-8624
18	27	-2032
18	28	-6064
18	29	-1856
18	30	12944
18	31	-7472
18	32	416
18	33	4448
18	34	4016
18	35	3008
19	20	1280
19	21	7184
19	22	10240
19	23	416
19	24	6496
19	25	6752
19	26	4736
19	27	736
19	28	-416
19	29	-12400
19	30	1312
19	31	-1600
19	32	-1712
19	33	-560
19	34	5056
19	35	880
20	21	-416
20	22	3728
20	23	-9200
20	24	2288
20	25	16
20	26	2032
20	27	-7504
20	28	-6352
20	29	-1568
20	30	7472
20	31	8368
20	32	128
20	33	-6208
20	34	3728
20	35	-12832
21	22	-5920
21	23	-4736
21	24	3008
21	25	-704
21	26	1312
21	27	-6784
21	28	-5632
21	29	-2288
21	30	13376
21	31	-2720
21	32	-4336
21	33	-5488
21	34	4448
21	35	8624
22	23	8048
22	24	-1136
22	25	4016
22	26	2000
22	27	3472
22	28	-2864
22	29	-4768
22	30	-6320
22	31	848
22	32	1024
22	33	-3008
22	34	-2576
22	35	-6752
23	24	-8944
23	25	-14672
23	26	-2288
23	27	12368
23	28	3152
23	29	-704
23	30	-14128
23	31	-6320
23	32	4448
23	33	-7072
23	34	2864
23	35	1856
24	25	7760
24	26	5744
24	27	-15824
24	28	-1424
24	29	-1024
24	30	304
24	31	-592
24	32	-2720
24	33	3616
24	34	-6320
24	35	-5312
25	26	-3440
25	27	-2032
25	28	-6064
25	29	-1856
25	30	7760
25	31	2896
25	32	416
25	33	4448
25	34	4016
25	35	-7360
26	27	-4048
26	28	12656
26	29	160
26	30	5744
26	31	10096
26	32	-6784
26	33	7616
26	34	-8368
26	35	11360
27	28	8368
27	29	4736
27	30	-5456
27	31	-5200
27	32	1888
27	33	-2144
27	34	-1712
27	35	-704
28	29	704
28	30	-6608
28	31	1136
28	32	-14816
28	33	-3296
28	34	-13232
28	35	3328
29	30	4160
29	31	1312
29	32	-3184
29	33	6032
29	34	-4768
29	35	-592
30	31	4592
30	32	-7904
30	33	3616
30	34	-1136
30	35	-128
31	32	2432
31	33	6464
31	34	-4336
31	35	-5344
32	33	592
32	34	1024
32	35	-3152
33	34	2176
33	35	3184
34	35	3616
