0	1	11776
0	2	-4928
0	3	-2128
0	4	-3488
0	5	12784
0	6	-3424
0	7	1904
0	8	32
0	9	2624
0	10	-4064
0	11	2048
0	12	2480
0	13	-6512
0	14	1984
0	15	-7808
0	16	-176
0	17	5296
0	18	5152
0	19	-1184
0	20	976
0	21	-1616
0	22	-4784
0	23	2912
0	24	2848
0	25	-15440
0	26	5008
0	27	-2048
0	28	4144
0	29	2048
0	30	-2336
0	31	-1760
0	32	-17024
0	33	6448
0	34	896
0	35	6656
1	2	-10400
1	3	-1840
1	4	6592
1	5	17680
1	6	-3136
1	7	2192
1	8	5504
1	9	2912
1	10	-4352
1	11	17888
1	12	-2416
1	13	-11984
1	14	1696
1	15	-8096
1	16	-5648
1	17	10192
1	18	-320
1	19	-1472
1	20	5872
1	21	-1904
1	22	112
1	23	3200
1	24	-2624
1	25	-5360
1	26	9904
1	27	2848
1	28	-11696
1	29	7520
1	30	-2624
1	31	-7232
1	32	-6944
1	33	6160
1	34	1184
1	35	-8608
2	3	-688
2	4	256
2	5	976
2	6	-1984
2	7	-1840
2	8	6656
2	9	4064
2	10	-5504
2	11	-1696
2	12	3920
2	13	7600
2	14	-9824
2	15	6304
2	16	8752
2	17	-6512
2	18	-1472
2	19	7744
2	20	4720
2	21	-3056
2	22	-1040
2	23	-832
2	24	1408
2	25	-1328
2	26	-22352
2	27	-8672
2	28	13072
2	29	3488
2	30	-3776
2	31	1984
2	32	2272
2	33	-5360
2	34	-2848
2	35	-7456
3	4	3056
3	5	-2848
3	6	-6512
3	7	-6656
3	8	-4784
3	9	-2192
3	10	3632
3	11	-1616
3	12	-2048
3	13	896
3	14	2768
3	15	-8176
3	16	4928
3	17	-10912
3	18	4784
3	19	752
3	20	3776
3	21	-4000
3	22	-6016
3	23	7888
3	24	1904
3	25	-544
3	26	4928
3	27	1616
3	28	608
3	29	-6800
3	30	12272
3	31	-9040
3	32	1040
3	33	8672
3	34	-464
3	35	-1040
4	5	-2768
4	6	-3424
4	7	-8464
4	8	5216
4	9	2624
4	10	-4064
4	11	7232
4	12	2480
4	13	-1328
4	14	7168
4	15	2560
4	16	5008
4	17	5296
4	18	-5216
4	19	-6368
4	20	976
4	21	-6800
4	22	400
4	23	-2272
4	24	2848
4	25	-5072
4	26	-5360
4	27	8320
4	28	-11408
4	29	7232
4	30	-2336
4	31	-1760
4	32	-1472
4	33	-9104
4	34	896
4	35	-8896
5	6	1040
5	7	1184
5	8	4496
5	9	1904
5	10	-3344
5	11	11696
5	12	-3424
5	13	-10976
5	14	-2480
5	15	-7088
5	16	-9824
5	17	6016
5	18	688
5	19	-464
5	20	-8672
5	21	-6080
5	22	-4064
5	23	-2992
5	24	-1616
5	25	-4352
5	26	5728
5	27	-1328
5	28	-320
5	29	1328
5	30	-1616
5	31	-1040
5	32	-5936
5	33	1984
5	34	-5008
5	35	-4432
6	7	-176
6	8	-3488
6	9	-896
6	10	2336
6	11	-10688
6	12	-752
6	13	-5584
6	14	-3712
6	15	6080
6	16	-6736
6	17	-1840
6	18	-1696
6	19	-10912
6	20	-2704
6	21	5072
6	22	8240
6	23	-6368
6	24	-9760
6	25	8528
6	26	3632
6	27	5504
6	28	4496
6	29	-10688
6	30	5792
6	31	32
6	32	-256
6	33	7376
6	34	11200
6	35	256
7	8	1552
7	9	-6224
7	10	-7888
7	11	4720
7	12	-896
7	13	-5440
7	14	6800
7	15	1040
7	16	-6592
7	17	3488
7	18	8816
7	19	9968
7	20	2624
7	21	-5152
7	22	-1984
7	23	-6512
7	24	752
7	25	-6880
7	26	14144
7	27	464
7	28	-544
7	29	-464
7	30	-4432
7	31	15728
7	32	-112
7	33	2336
7	34	688
7	35	5296
8	9	6016
8	10	608
8	11	6592
8	12	-4208
8	13	8240
8	14	4928
8	15	-6016
8	16	-8464
8	17	1616
8	18	1760
8	19	13280
8	20	5936
8	21	-7024
8	22	1328
8	23	5728
8	24	-1120
8	25	1616
8	26	-3280
8	27	8960
8	28	7952
8	29	1408
8	30	-6304
8	31	-6880
8	32	-1984
8	33	-9904
8	34	-7808
8	35	-3200
9	10	-7168
9	11	-6368
9	12	-1616
9	13	10832
9	14	2336
9	15	-3424
9	16	4496
9	17	-976
9	18	-832
9	19	5504
9	20	3344
9	21	-9616
9	22	-1264
9	23	8320
9	24	-3712
9	25	9392
9	26	-688
9	27	6368
9	28	5360
9	29	4000
9	30	6656
9	31	-4288
9	32	-9760
9	33	-7312
9	34	-5216
9	35	-5792
10	11	-7744
10	12	-2128
10	13	13648
10	14	1408
10	15	-13568
10	16	-5936
10	17	-5648
10	18	-608
10	19	-6944
10	20	-4784
10	21	-2192
10	22	-5360
10	23	-1696
10	24	-2912
10	25	-464
10	26	4432
10	27	7744
10	28	-1616
10	29	-7744
10	30	-8096
10	31	-12704
10	32	8320
10	33	688
10	34	6656
10	35	-3136
11	12	4144
11	13	-10480
11	14	1760
11	15	-4000
11	16	-1264
11	17	8816
11	18	-6592
11	19	10112
11	20	2768
11	21	176
11	22	-7024
11	23	-1472
11	24	11264
11	25	-1552
11	26	3920
11	27	608
11	28	-10768
11	29	4576
11	30	-9472
11	31	5504
11	32	32
11	33	-2704
11	34	-9824
11	35	-32
12	13	320
12	14	2192
12	15	1616
12	16	9536
12	17	-6304
12	18	-976
12	19	5360
12	20	3200
12	21	608
12	22	3776
12	23	-1904
12	24	11696
12	25	-6304
12	26	-832
12	27	-9328
12	28	5216
12	29	4144
12	30	-9040
12	31	5936
12	32	5648
12	33	-2272
12	34	112
12	35	-5648
13	14	4144
13	15	-5648
13	16	1984
13	17	-2912
13	18	-3056
13	19	6160
13	20	3136
13	21	-9824
13	22	-7808
13	23	5936
13	24	-176
13	25	2272
13	26	-8384
13	27	5296
13	28	11488
13	29	5072
13	30	-5360
13	31	400
13	32	688
13	33	-6944
13	34	-1264
13	35	-688
14	15	-7520
14	16	-15440
14	17	5584
14	18	5440
14	19	4288
14	20	1264
14	21	-11696
14	22	688
14	23	7808
14	24	3136
14	25	5584
14	26	15664
14	27	3424
14	28	-5936
14	29	6944
14	30	-2048
14	31	8896
14	32	-6368
14	33	-14000
14	34	5792
14	35	-9184
15	16	5872
15	17	976
15	18	-9536
15	19	-320
15	20	1840
15	21	9616
15	22	11632
15	23	-3136
15	24	-1472
15	25	976
15	26	-14864
15	27	-6368
15	28	-5360
15	29	6368
15	30	8896
15	31	9472
15	32	-5792
15	33	2128
15	34	5216
15	35	608
16	17	-12128
16	18	-12272
16	19	2128
16	20	-896
16	21	1696
16	22	-6656
16	23	-5584
16	24	976
16	25	-1760
16	26	-12416
16	27	-9104
16	28	7456
16	29	-1264
16	30	-4208
16	31	1552
16	32	1840
16	33	4576
16	34	-7600
16	35	-1840
17	18	3568
17	19	-7952
17	20	4576
17	21	12352
17	22	-6368
17	23	9680
17	24	-3920
17	25	-1472
17	26	3424
17	27	6736
17	28	-12992
17	29	3632
17	30	-9104
17	31	1840
17	32	-8240
17	33	-5504
17	34	2480
17	35	3056
18	19	2272
18	20	-752
18	21	1840
18	22	3856
18	23	4640
18	24	-4064
18	25	-6800
18	26	8464
18	27	1408
18	28	-2768
18	29	-1408
18	30	6304
18	31	-8672
18	32	-3200
18	33	4720
18	34	2624
18	35	3200
19	20	3280
19	21	-9680
19	22	-2480
19	23	5792
19	24	5152
19	25	2416
19	26	-3056
19	27	256
19	28	6448
19	29	4928
19	30	-32
19	31	5728
19	32	-4352
19	33	-1616
19	34	-16960
19	35	4352
20	21	2848
20	22	-320
20	23	14000
20	24	2128
20	25	-5792
20	26	-6080
20	27	7600
20	28	3424
20	29	-2416
20	30	-3056
20	31	-2480
20	32	-2192
20	33	-4640
20	34	6800
20	35	-2992
21	22	2272
21	23	6224
21	24	-5648
21	25	7168
21	26	-3488
21	27	-5360
21	28	-9536
21	29	-5008
21	30	-464
21	31	-10256
21	32	400
21	33	8320
21	34	4208
21	35	4784
22	23	4208
22	24	1552
22	25	-1184
22	26	-1472
22	27	-8528
22	28	-2336
22	29	8528
22	30	11920
22	31	-3056
22	32	2416
22	33	5152
22	34	7376
22	35	-2416
23	24	-3424
23	25	-688
23	26	-400
23	27	6656
23	28	464
23	29	-1472
23	30	1760
23	31	-9184
23	32	-9472
23	33	-1840
23	34	-5504
23	35	-896
24	25	-9104
24	26	976
24	27	-896
24	28	112
24	29	6080
24	30	-6368
24	31	9760
24	32	10048
24	33	-7952
24	34	4928
24	35	5504
25	26	3424
25	27	-3632
25	28	-2624
25	29	-1552
25	30	6448
25	31	-3344
25	32	2128
25	33	-5504
25	34	-2704
25	35	-7312
26	27	6448
26	28	-8096
26	29	-6448
26	30	976
26	31	1552
26	32	1840
26	33	4576
26	34	2768
26	35	3344
27	28	-4784
27	29	-14944
27	30	-896
27	31	-5504
27	32	-5216
27	33	-7664
27	34	-544
27	35	5216
28	29	-5584
28	30	-5072
28	31	5872
28	32	6160
28	33	-1472
28	34	-6736
28	35	4208
29	30	896
29	31	5504
29	32	32
29	33	2480
29	34	5728
29	35	-5216
30	31	-5792
30	32	-10688
30	33	12784
30	34	-256
30	35	5504
31	32	256
31	33	-7376
31	34	-832
31	35	4928
32	33	-1904
32	34	4064
32	35	-544
33	34	1328
33	35	12272
34	35	-9248
