0	1	-8
0	2	-1272
0	3	-6248
0	4	-5112
0	5	1928
0	6	2872
0	7	-7848
0	8	-4152
0	9	-13288
0	10	5912
0	11	3368
0	12	7352
0	13	-13608
0	14	2552
0	15	-10872
0	16	13608
0	17	-952
0	18	1608
0	19	632
0	20	7848
0	21	2712
0	22	4152
0	23	-6248
0	24	-11992
0	25	6568
0	26	-4008
0	27	-312
0	28	3512
0	29	11528
0	30	-3848
0	31	-2408
0	32	-7368
0	33	7192
0	34	1288
0	35	-6888
0	36	328
0	37	312
0	38	-9752
0	39	-6552
1	2	-7992
1	3	13272
1	4	-5432
1	5	14408
1	6	-9608
1	7	-7528
1	8	-4472
1	9	6232
1	10	6232
1	11	22248
1	12	-5128
1	13	-488
1	14	9272
1	15	8008
1	16	-5912
1	17	-1272
1	18	-5112
1	19	-5448
1	20	13928
1	21	3032
1	22	-1928
1	23	6872
1	24	13288
1	25	-6552
1	26	-3688
1	27	-7032
1	28	3832
1	29	4808
1	30	-9928
1	31	-8488
1	32	5752
1	33	-5288
1	34	-5432
1	35	-6568
1	36	6408
1	37	13432
1	38	2728
1	39	-472
2	3	-8152
2	4	13112
2	5	-6728
2	6	1928
2	7	6248
2	8	-13448
2	9	-1112
2	10	5288
2	11	-1768
2	12	16648
2	13	-792
2	14	2248
2	15	-328
2	16	13592
2	17	15352
2	18	6392
2	19	4168
2	20	-6248
2	21	-17112
2	22	648
2	23	11048
2	24	-5608
2	25	-4968
2	26	2408
2	27	-10888
2	28	1288
2	29	-3528
2	30	8648
2	31	13608
2	32	-7032
2	33	4008
2	34	312
2	35	5288
2	36	14072
2	37	-14712
2	38	-1448
2	39	-11048
3	4	808
3	5	7848
3	6	9752
3	7	-968
3	8	-4632
3	9	-6408
3	10	-12808
3	11	9288
3	12	-11368
3	13	-328
3	14	-3368
3	15	1448
3	16	-6072
3	17	4968
3	18	1128
3	19	13912
3	20	7368
3	21	9592
3	22	-1768
3	23	7032
3	24	6728
3	25	-6712
3	26	-9928
3	27	5608
3	28	-8808
3	29	-1752
3	30	-3368
3	31	-8328
3	32	-6888
3	33	-11528
3	34	-5592
3	35	-8
3	36	-6552
3	37	7192
3	38	-3832
3	39	-632
4	5	-2888
4	6	10888
4	7	-3992
4	8	-9608
4	9	-4952
4	10	-4952
4	11	-10728
4	12	6408
4	13	8168
4	14	-1592
4	15	-2888
4	16	11032
4	17	6392
4	18	3832
4	19	13128
4	20	3992
4	21	-8152
4	22	-3192
4	23	808
4	24	-8168
4	25	-7528
4	26	4968
4	27	-7048
4	28	-2552
4	29	312
4	30	11208
4	31	22568
4	32	-4472
4	33	168
4	34	-2248
4	35	1448
4	36	5112
4	37	-12152
4	38	-4008
4	39	5592
5	6	5128
5	7	-3352
5	8	-3848
5	9	2088
5	10	-10712
5	11	14232
5	12	-5752
5	13	2408
5	14	-952
5	15	2872
5	16	-8808
5	17	-7048
5	18	-3208
5	19	7368
5	20	3352
5	21	5288
5	22	10248
5	23	7848
5	24	10392
5	25	-1768
5	26	-792
5	27	5112
5	28	4488
5	29	-13128
5	30	-7352
5	31	-8792
5	32	2568
5	33	808
5	34	3512
5	35	2088
5	36	10872
5	37	1288
5	38	-4648
5	39	4952
6	7	8152
6	8	-952
6	9	-16488
6	10	-10088
6	11	-6232
6	12	-8648
6	13	2392
6	14	-13448
6	15	-1272
6	16	4008
6	17	-4152
6	18	4808
6	19	16632
6	20	-1752
6	21	-488
6	22	7352
6	23	-3048
6	24	-8792
6	25	-3032
6	26	-7208
6	27	2888
6	28	-12488
6	29	-4472
6	30	-7048
6	31	13592
6	32	-4168
6	33	-2408
6	34	4488
6	35	2712
6	36	-2872
6	37	-2888
6	38	-6552
6	39	3048
7	8	9768
7	9	-1608
7	10	-1608
7	11	-1912
7	12	-6568
7	13	4472
7	14	-11368
7	15	-3352
7	16	1928
7	17	168
7	18	-3672
7	19	-488
7	20	-16632
7	21	-11208
7	22	15832
7	23	5432
7	24	8328
7	25	-5112
7	26	-5128
7	27	808
7	28	-10408
7	29	-6552
7	30	-4968
7	31	2872
7	32	-8488
7	33	-13128
7	34	-3992
7	35	-1608
7	36	1448
7	37	-7208
7	38	-2232
7	39	-11832
8	9	2408
8	10	2408
8	11	-5288
8	12	-11832
8	13	-3672
8	14	-632
8	15	2552
8	16	-9128
8	17	-7368
8	18	-3528
8	19	-11512
8	20	-9768
8	21	-792
8	22	-2232
8	23	1768
8	24	3672
8	25	-2088
8	26	-472
8	27	11192
8	28	4808
8	29	-7048
8	30	-13432
8	31	-8472
8	32	-3512
8	33	7528
8	34	3192
8	35	-3992
8	36	-2248
8	37	14408
8	38	-11368
8	39	-1768
9	10	-648
9	11	-2872
9	12	7192
9	13	11832
9	14	2392
9	15	8488
9	16	-5432
9	17	-792
9	18	-11032
9	19	-12328
9	20	-4792
9	21	2552
9	22	-2408
9	23	-8
9	24	13768
9	25	6728
9	26	2232
9	27	-6552
9	28	9752
9	29	-1112
9	30	8792
9	31	-8968
9	32	11672
9	33	632
9	34	7848
9	35	-7048
9	36	6888
9	37	-6248
9	38	3208
9	39	6408
10	11	9928
10	12	792
10	13	-7368
10	14	15192
10	15	2088
10	16	7368
10	17	-792
10	18	1768
10	19	-18728
10	20	1608
10	21	-10248
10	22	-8808
10	23	-6408
10	24	-5432
10	25	328
10	26	8632
10	27	-6552
10	28	3352
10	29	5288
10	30	-4008
10	31	-2568
10	32	5272
10	33	7032
10	34	-11352
10	35	-648
10	36	6888
10	37	6552
10	38	9608
10	39	-6392
11	12	-4312
11	13	-8952
11	14	13288
11	15	1432
11	16	-3848
11	17	-2088
11	18	-4648
11	19	-10392
11	20	1912
11	21	328
11	22	-1112
11	23	9288
11	24	8952
11	25	-9608
11	26	-5752
11	27	-2728
11	28	5928
11	29	-1768
11	30	-12312
11	31	-13752
11	32	4008
11	33	-4152
11	34	-4328
11	35	3528
11	36	9432
11	37	9128
11	38	6712
11	39	-9288
12	13	472
12	14	3832
12	15	-5752
12	16	12328
12	17	10568
12	18	328
12	19	1912
12	20	-6232
12	21	-8808
12	22	-968
12	23	1432
12	24	-472
12	25	5288
12	26	3672
12	27	-7992
12	28	11192
12	29	10248
12	30	10232
12	31	5272
12	32	-6088
12	33	2072
12	34	12808
12	35	792
12	36	5448
12	37	-11208
12	38	-4632
12	39	-1432
13	14	-4328
13	15	8808
13	16	-5112
13	17	-6872
13	18	-4312
13	19	152
13	20	1928
13	21	-4168
13	22	10072
13	23	-6728
13	24	1288
13	25	648
13	26	1912
13	27	168
13	28	-3368
13	29	-7192
13	30	14872
13	31	3512
13	32	-1448
13	33	-12488
13	34	1768
13	35	-968
13	36	7208
13	37	-12968
13	38	3528
13	39	13128
14	15	-952
14	16	-2072
14	17	8968
14	18	-1272
14	19	-15688
14	20	4968
14	21	-808
14	22	-12168
14	23	9432
14	24	-2072
14	25	-9112
14	26	5272
14	27	-9592
14	28	12792
14	29	2248
14	30	-968
14	31	-12328
14	32	1912
14	33	3672
14	34	-7992
14	35	-4008
14	36	16648
14	37	9592
14	38	12968
14	39	3368
15	16	-8808
15	17	-648
15	18	9592
15	19	968
15	20	3352
15	21	5288
15	22	-2552
15	23	1448
15	24	3992
15	25	4632
15	26	5608
15	27	-1288
15	28	10888
15	29	-13128
15	30	-952
15	31	-2392
15	32	2568
15	33	13608
15	34	3512
15	35	-4312
15	36	4472
15	37	7688
15	38	1752
15	39	4952
16	17	472
16	18	4312
16	19	-152
16	20	-1928
16	21	-2232
16	22	2728
16	23	-6072
16	24	-7688
16	25	5752
16	26	-1912
16	27	-6568
16	28	3368
16	29	7192
16	30	10728
16	31	9288
16	32	-4952
16	33	-312
16	34	-1768
16	35	-5432
16	36	-808
16	37	-12632
16	38	-3528
16	39	-13128
17	18	6072
17	19	10888
17	20	-168
17	21	-3992
17	22	-5432
17	23	17768
17	24	472
17	25	-5288
17	26	2728
17	27	-11208
17	28	1608
17	29	2552
17	30	2568
17	31	1128
17	32	-13112
17	33	4328
17	34	-6408
17	35	-7192
17	36	7352
17	37	-1592
17	38	-1768
17	39	-4968
18	19	13448
18	20	-2728
18	21	4968
18	22	-9272
18	23	1128
18	24	-8488
18	25	-7848
18	26	-1112
18	27	11832
18	28	-2232
18	29	-6408
18	30	5128
18	31	3688
18	32	-4152
18	33	13288
18	34	3832
18	35	8168
18	36	-1608
18	37	7368
18	38	-4328
18	39	-7528
19	20	488
19	21	3672
19	22	5112
19	23	1112
19	24	-152
19	25	-792
19	26	3352
19	27	5128
19	28	-8328
19	29	-2232
19	30	3512
19	31	11352
19	32	-12808
19	33	1752
19	34	328
19	35	472
19	36	-7032
19	37	-5128
19	38	-10712
19	39	5288
20	21	4808
20	22	-3032
20	23	968
20	24	-8328
20	25	5112
20	26	-1272
20	27	-7208
20	28	-2392
20	29	6552
20	30	-1432
20	31	3528
20	32	2088
20	33	328
20	34	-8808
20	35	-4792
20	36	-1448
20	37	7208
20	38	2232
20	39	5432
21	22	-5608
21	23	-3208
21	24	4168
21	25	9928
21	26	-7368
21	27	3048
21	28	6552
21	29	2088
21	30	-808
21	31	-12168
21	32	8472
21	33	3832
21	34	4648
21	35	-10248
21	36	-15512
21	37	9752
21	38	6408
21	39	3208
22	23	-1768
22	24	2728
22	25	8488
22	26	472
22	27	-4792
22	28	-4808
22	29	-5752
22	30	632
22	31	2072
22	32	-9288
22	33	-13928
22	34	-3192
22	35	-8808
22	36	2248
22	37	-14408
22	38	-1432
22	39	1768
23	24	6728
23	25	-13112
23	26	-9928
23	27	-7192
23	28	3992
23	29	-8152
23	30	-9768
23	31	-1928
23	32	-6888
23	33	1272
23	34	808
23	35	-8
23	36	12648
23	37	7192
23	38	-3832
23	39	-13432
24	25	-648
24	26	4488
24	27	-168
24	28	9768
24	29	792
24	30	-8472
24	31	-9912
24	32	1448
24	33	-6712
24	34	-1768
24	35	-5432
24	36	-808
24	37	6568
24	38	2872
24	39	-328
25	26	10248
25	27	-5928
25	28	9128
25	29	1432
25	30	3688
25	31	-4152
25	32	808
25	33	5448
25	34	-1128
25	35	-12472
25	36	-12968
25	37	-6872
25	38	3512
25	39	6712
26	27	-3032
26	28	12632
26	29	-3992
26	30	5272
26	31	312
26	32	-4648
26	33	9912
26	34	-14232
26	35	-4168
26	36	4008
26	37	-3368
26	38	6728
26	39	16328
27	28	-4152
27	29	-10888
27	30	3208
27	31	-11032
27	32	-6072
27	33	4968
27	34	5752
27	35	19048
27	36	-6088
27	37	5448
27	38	-15208
27	39	-5608
28	29	-5112
28	30	-8
28	31	-11368
28	32	-3528
28	33	17432
28	34	3848
28	35	-9448
28	36	9288
28	37	4152
28	38	-792
28	39	2408
29	30	-4152
29	31	7208
29	32	5768
29	33	-8792
29	34	312
29	35	-7512
29	36	-11528
29	37	4488
29	38	4952
29	39	1752
30	31	472
30	32	-4488
30	33	-2728
30	34	-1592
30	35	2392
30	36	3848
30	37	-22408
30	38	168
30	39	3368
31	32	3352
31	33	-1288
31	34	3368
31	35	3832
31	36	-3992
31	37	-8168
31	38	-1272
31	39	1928
32	33	152
32	34	8328
32	35	5272
32	36	-5432
32	37	6072
32	38	16488
32	39	6888
33	34	6568
33	35	632
33	36	5608
33	37	7832
33	38	-10872
33	39	-1272
34	35	7848
34	36	-1288
34	37	648
34	38	-10408
34	39	-808
35	36	488
35	37	152
35	38	-3192
35	39	-6392
36	37	-6712
36	38	-3048
36	39	152
37	38	2408
37	39	-792
38	39	10232
