0	1	724
0	2	1436
0	3	5900
0	4	-5900
0	5	-3308
0	6	-4748
0	7	8204
0	8	-436
0	9	2596
0	10	-4036
0	11	4612
0	12	-2876
0	13	6332
0	14	1300
0	15	-4180
0	16	1724
0	17	-4612
0	18	-724
0	19	-5900
0	20	-10084
0	21	4748
0	22	-6772
0	23	7916
0	24	-2164
0	25	140
0	26	-6628
0	27	2884
0	28	3452
0	29	2876
0	30	-8492
0	31	10516
0	32	1004
0	33	580
0	34	-2588
0	35	2732
1	2	2588
1	3	-3316
1	4	-12236
1	5	724
1	6	4468
1	7	4172
1	8	716
1	9	1444
1	10	-2884
1	11	8644
1	12	1156
1	13	2300
1	14	-5036
1	15	-3028
1	16	8060
1	17	-3460
1	18	-4756
1	19	-1868
1	20	1436
1	21	-4468
1	22	-436
1	23	-1300
1	24	-1012
1	25	1292
1	26	4892
1	27	1732
1	28	9788
1	29	4028
1	30	724
1	31	4180
1	32	2156
1	33	-10940
1	34	-3740
1	35	-6484
2	3	-4028
2	4	-1156
2	5	-3748
2	6	2876
2	7	-1148
2	8	-8060
2	9	5900
2	10	5908
2	11	3884
2	12	-4180
2	13	724
2	14	-8356
2	15	868
2	16	148
2	17	1300
2	18	-12956
2	19	-6340
2	20	1588
2	21	-2876
2	22	8644
2	23	4324
2	24	-6332
2	25	-8636
2	26	3316
2	27	428
2	28	-6764
2	29	-6188
2	30	-3748
2	31	3164
2	32	868
2	33	-7636
2	34	716
2	35	-860
3	4	3308
3	5	716
3	6	-3028
3	7	9940
3	8	-2156
3	9	5180
3	10	6628
3	11	-2020
3	12	284
3	13	6628
3	14	1292
3	15	1588
3	16	868
3	17	2020
3	18	3316
3	19	3308
3	20	-13244
3	21	-2156
3	22	-6188
3	23	-5324
3	24	4756
3	25	2452
3	26	-1148
3	27	-292
3	28	-860
3	29	-284
3	30	-4468
3	31	2444
3	32	-3596
3	33	2012
3	34	5180
3	35	-140
4	5	-5900
4	6	3028
4	7	-4756
4	8	-8212
4	9	4
4	10	3740
4	11	-8348
4	12	-5468
4	13	-1444
4	14	3892
4	15	8780
4	16	-868
4	17	8348
4	18	-3316
4	19	1876
4	20	2876
4	21	2156
4	22	1004
4	23	-5044
4	24	5612
4	25	2732
4	26	1148
4	27	292
4	28	-9508
4	29	284
4	30	4468
4	31	-2444
4	32	-1588
4	33	3172
4	34	10372
4	35	140
5	6	-9932
5	7	3020
5	8	9932
5	9	2596
5	10	1148
5	11	-572
5	12	7492
5	13	-4036
5	14	6484
5	15	1004
5	16	-8644
5	17	-4612
5	18	9644
5	19	-716
5	20	284
5	21	-436
5	22	-1588
5	23	2732
5	24	-2164
5	25	140
5	26	-6628
5	27	-2300
5	28	3452
5	29	-7492
5	30	-3308
5	31	-5036
5	32	1004
5	33	580
5	34	-7772
5	35	2732
6	7	-5908
6	8	-4180
6	9	1156
6	10	-2596
6	11	-2012
6	12	868
6	13	2588
6	14	-5324
6	15	-2740
6	16	13532
6	17	12380
6	18	-9652
6	19	3028
6	20	1724
6	21	-4180
6	22	5036
6	23	-11380
6	24	-5908
6	25	-3604
6	26	10364
6	27	-3740
6	28	-292
6	29	9500
6	30	5620
6	31	3892
6	32	7628
6	33	-6044
6	34	6340
6	35	4172
7	8	5908
7	9	7484
7	10	4324
7	11	5468
7	12	-2596
7	13	-860
7	14	-1588
7	15	-5900
7	16	-1436
7	17	-284
7	18	6196
7	19	428
7	20	-10364
7	21	724
7	22	-8492
7	23	2740
7	24	2452
7	25	148
7	26	-3452
7	27	2012
7	28	2020
7	29	2596
7	30	3020
7	31	-436
7	32	-716
7	33	-868
7	34	2300
7	35	-2444
8	9	4028
8	10	-7772
8	11	2012
8	12	4316
8	13	-2588
8	14	5324
8	15	-7628
8	16	-3164
8	17	-2012
8	18	14836
8	19	2156
8	20	-1724
8	21	4180
8	22	-5036
8	23	1012
8	24	724
8	25	3604
8	26	-5180
8	27	-1444
8	28	5476
8	29	868
8	30	4748
8	31	-3892
8	32	2740
8	33	6044
8	34	-6340
8	35	1012
9	10	428
9	11	5332
9	12	-2156
9	13	5612
9	14	2020
9	15	284
9	16	1004
9	17	5036
9	18	-1444
9	19	4
9	20	-5620
9	21	4028
9	22	2876
9	23	-3172
9	24	2300
9	25	-580
9	26	-2164
9	27	-1580
9	28	-2452
9	29	-3028
9	30	-2588
9	31	6052
9	32	5468
9	33	-3884
9	34	-1868
9	35	-3172
10	11	-1588
10	12	716
10	13	-4172
10	14	-8644
10	15	1156
10	16	-4748
10	17	1588
10	18	-2300
10	19	3740
10	20	-3308
10	21	-7772
10	22	3748
10	23	-572
10	24	-860
10	25	-8348
10	26	3604
10	27	140
10	28	-6476
10	29	-5900
10	30	1148
10	31	-7492
10	32	-4028
10	33	-2740
10	34	5612
10	35	-572
11	12	-140
11	13	3596
11	14	-6332
11	15	-6916
11	16	-1012
11	17	-7348
11	18	1724
11	19	-3164
11	20	2732
11	21	2012
11	22	6044
11	23	5180
11	24	284
11	25	-2596
11	26	-4180
11	27	5620
11	28	716
11	29	5324
11	30	-572
11	31	-2300
11	32	-1732
11	33	-1868
11	34	-10220
11	35	-5188
12	13	716
12	14	1732
12	15	572
12	16	1292
12	17	140
12	18	4028
12	19	-284
12	20	-148
12	21	-11236
12	22	3164
12	23	-2884
12	24	-7780
12	25	-292
12	26	3308
12	27	-1868
12	28	3020
12	29	2444
12	30	-2876
12	31	-4604
12	32	572
12	33	1012
12	34	-7340
12	35	7484
13	14	1724
13	15	1156
13	16	5620
13	17	-3596
13	18	-2300
13	19	-1444
13	20	-3308
13	21	-2588
13	22	3748
13	23	-5756
13	24	4324
13	25	7204
13	26	-1580
13	27	5324
13	28	3892
13	29	-716
13	30	-9220
13	31	8060
13	32	-4028
13	33	2444
13	34	-4756
13	35	-572
14	15	6764
14	16	-2884
14	17	1148
14	18	5036
14	19	-1292
14	20	860
14	21	5324
14	22	-6196
14	23	-1876
14	24	3596
14	25	11084
14	26	-6052
14	27	-2876
14	28	4028
14	29	-1732
14	30	-3884
14	31	4756
14	32	1580
14	33	5188
14	34	-3164
14	35	3308
15	16	580
15	17	1732
15	18	-7340
15	19	-6772
15	20	2020
15	21	-2444
15	22	-1292
15	23	-428
15	24	4468
15	25	7348
15	26	3748
15	27	-4
15	28	-6332
15	29	-5756
15	30	-4180
15	31	2732
15	32	-3884
15	33	-2884
15	34	5468
15	35	-5612
16	17	6196
16	18	-8060
16	19	-868
16	20	-3884
16	21	-3164
16	22	-2012
16	23	-6332
16	24	-1436
16	25	1444
16	26	8212
16	27	716
16	28	3316
16	29	9076
16	30	1724
16	31	8636
16	32	5764
16	33	-7348
16	34	6188
16	35	-1148
17	18	-6908
17	19	3164
17	20	-2732
17	21	-2012
17	22	-860
17	23	-10364
17	24	-5468
17	25	-2588
17	26	9364
17	27	-10804
17	28	-5900
17	29	5044
17	30	5756
17	31	2300
17	32	6916
17	33	-3316
17	34	10220
17	35	5188
18	19	7052
18	20	-1436
18	21	4468
18	22	-4748
18	23	1300
18	24	6196
18	25	3892
18	26	-10076
18	27	3452
18	28	5764
18	29	1156
18	30	4460
18	31	-9364
18	32	-2156
18	33	10940
18	34	-6628
18	35	1300
19	20	-2308
19	21	2156
19	22	1004
19	23	-10228
19	24	5612
19	25	-2452
19	26	1148
19	27	-4892
19	28	6044
19	29	284
19	30	4468
19	31	-2444
19	32	3596
19	33	3172
19	34	4
19	35	140
20	21	-1724
20	22	9796
20	23	292
20	24	4
20	25	2884
20	26	-716
20	27	4460
20	28	-428
20	29	148
20	30	5468
20	31	-8356
20	32	-3164
20	33	1580
20	34	-5620
20	35	292
21	22	-5036
21	23	6196
21	24	5908
21	25	-1580
21	26	-10364
21	27	-1444
21	28	292
21	29	868
21	30	-436
21	31	6476
21	32	7924
21	33	860
21	34	-1156
21	35	-4172
22	23	-3020
22	24	-3308
22	25	-5612
22	26	1156
22	27	2588
22	28	-3740
22	29	-3164
22	30	-1588
22	31	-5044
22	32	-1292
22	33	-292
22	34	-7492
22	35	2164
23	24	-2444
23	25	-4748
23	26	-8348
23	27	6908
23	28	-2876
23	29	-2300
23	30	-2452
23	31	-724
23	32	-428
23	33	-1156
23	34	-3172
23	35	-2156
24	25	10516
24	26	-3452
24	27	7196
24	28	2020
24	29	-2588
24	30	3020
24	31	-436
24	32	-5900
24	33	4316
24	34	2300
24	35	-12812
25	26	-572
25	27	4316
25	28	4900
25	29	292
25	30	140
25	31	1868
25	32	-8204
25	33	6620
25	34	-580
25	35	-4748
26	27	-7636
26	28	-3884
26	29	1876
26	30	3740
26	31	284
26	32	-1436
26	33	-5332
26	34	8204
26	35	-3164
27	28	2444
27	29	1868
27	30	2884
27	31	-4028
27	32	-5188
27	33	1588
27	34	-1580
27	35	-3460
28	29	2164
28	30	-1732
28	31	5180
28	32	4036
28	33	-436
28	34	-7636
28	35	2308
29	30	8060
29	31	-580
29	32	4612
29	33	-1012
29	34	2156
29	35	2884
30	31	-10220
30	32	1004
30	33	580
30	34	7780
30	35	-2452
31	32	7916
31	33	-6332
31	34	868
31	35	-724
32	33	-8068
32	34	284
32	35	4756
33	34	-3884
33	35	4028
34	35	-3172
