0	1	-6044
0	2	3020
0	3	-3460
0	4	-2732
0	5	1012
0	6	4900
0	7	1300
0	8	-428
0	9	1012
0	10	6196
0	11	6476
0	12	-1004
0	13	572
0	14	-5468
0	15	2156
0	16	-8932
0	17	8356
0	18	3308
0	19	-5764
0	20	1012
0	21	-8212
0	22	2164
0	23	8492
0	24	8636
0	25	-1004
0	26	6620
0	27	-6052
0	28	-3316
0	29	4612
0	30	5756
0	31	724
0	32	-2020
0	33	3460
0	34	-4324
0	35	-724
1	2	1588
1	3	-7484
1	4	-1876
1	5	-436
1	6	860
1	7	-5908
1	8	-4180
1	9	-5620
1	10	-436
1	11	3316
1	12	-3604
1	13	-1148
1	14	860
1	15	2452
1	16	8356
1	17	2588
1	18	-3884
1	19	-5180
1	20	4748
1	21	7636
1	22	-1588
1	23	1300
1	24	-4028
1	25	11948
1	26	-2012
1	27	292
1	28	7924
1	29	-4036
1	30	4036
1	31	-148
1	32	-3740
1	33	2300
1	34	3748
1	35	5332
2	3	-724
2	4	-10652
2	5	3460
2	6	2164
2	7	3748
2	8	-3164
2	9	-1724
2	10	3460
2	11	-1156
2	12	6628
2	13	-7060
2	14	-8204
2	15	4892
2	16	-6196
2	17	5620
2	18	6044
2	19	-3028
2	20	3460
2	21	-292
2	22	4612
2	23	860
2	24	6188
2	25	1444
2	26	-6196
2	27	1868
2	28	-580
2	29	1876
2	30	8492
2	31	3172
2	32	5900
2	33	5908
2	34	3596
2	35	-8356
3	4	1012
3	5	-428
3	6	-6908
3	7	-140
3	8	3316
3	9	9940
3	10	-5612
3	11	-2452
3	12	7924
3	13	-3172
3	14	3460
3	15	3596
3	16	-7492
3	17	1732
3	18	-436
3	19	11228
3	20	-5612
3	21	-1588
3	22	724
3	23	-436
3	24	-5476
3	25	-7628
3	26	-2308
3	27	5756
3	28	-1876
3	29	3172
3	30	-8356
3	31	4468
3	32	-580
3	33	-3164
3	34	-2884
3	35	716
4	5	-3748
4	6	-2452
4	7	-4036
4	8	8060
4	9	-3748
4	10	1436
4	11	1444
4	12	-6916
4	13	2164
4	14	2732
4	15	580
4	16	1300
4	17	-5908
4	18	-572
4	19	3316
4	20	1436
4	21	-4604
4	22	-10084
4	23	-572
4	24	-716
4	25	-1732
4	26	1300
4	27	-1580
4	28	868
4	29	3020
4	30	-8204
4	31	-3460
4	32	-428
4	33	-1012
4	34	1876
4	35	3460
5	6	-6196
5	7	7772
5	8	-868
5	9	-7492
5	10	8060
5	11	5188
5	12	-292
5	13	-4460
5	14	-6196
5	15	4324
5	16	5044
5	17	-4468
5	18	-7196
5	19	1876
5	20	2876
5	21	-6044
5	22	-3460
5	23	-7196
5	24	3028
5	25	-5476
5	26	-140
5	27	2164
5	28	-572
5	29	-724
5	30	724
5	31	3164
5	32	-7052
5	33	-4756
5	34	436
5	35	2020
6	7	-1300
6	8	428
6	9	-1012
6	10	-1012
6	11	-1292
6	12	1004
6	13	-572
6	14	284
6	15	3028
6	16	-1436
6	17	2012
6	18	1876
6	19	-4604
6	20	-1012
6	21	3028
6	22	-2164
6	23	1876
6	24	1732
6	25	6188
6	26	3748
6	27	-4316
6	28	3316
6	29	572
6	30	4612
6	31	-5908
6	32	2020
6	33	1724
6	34	-860
6	35	-4460
7	8	-6340
7	9	2588
7	10	-2596
7	11	-4892
7	12	-580
7	13	-4172
7	14	-6484
7	15	-5756
7	16	148
7	17	-9940
7	18	-1724
7	19	2164
7	20	-2596
7	21	4612
7	22	1436
7	23	-6908
7	24	3316
7	25	-10948
7	26	-5036
7	27	-2732
7	28	-284
7	29	9356
7	30	1012
7	31	-2308
7	32	-1580
7	33	-10228
7	34	724
7	35	-8060
8	9	-6052
8	10	9500
8	11	3748
8	12	1148
8	13	-716
8	14	5612
8	15	8068
8	16	-1580
8	17	2156
8	18	1732
8	19	436
8	20	-6052
8	21	-7484
8	22	-7204
8	23	-3452
8	24	6772
8	25	-4036
8	26	-1580
8	27	5908
8	28	-7196
8	29	716
8	30	-716
8	31	-5764
8	32	1876
8	33	1868
8	34	-1004
8	35	580
9	10	-12676
9	11	-5180
9	12	4892
9	13	724
9	14	4172
9	15	-6044
9	16	-5324
9	17	716
9	18	-2012
9	19	7060
9	20	-7492
9	21	4324
9	22	6908
9	23	3172
9	24	-7340
9	25	-5476
9	26	-140
9	27	2164
9	28	-572
9	29	4460
9	30	-4460
9	31	-2020
9	32	-1868
9	33	-4756
9	34	-4748
9	35	-3164
10	11	10372
10	12	-292
10	13	724
10	14	-1012
10	15	9508
10	16	-140
10	17	5900
10	18	3172
10	19	-3308
10	20	2876
10	21	-11228
10	22	-3460
10	23	-2012
10	24	13396
10	25	-292
10	26	-140
10	27	2164
10	28	-5756
10	29	-724
10	30	5908
10	31	-2020
10	32	-1868
10	33	5612
10	34	436
10	35	2020
11	12	-2012
11	13	-3604
11	14	3892
11	15	3164
11	16	-2740
11	17	7348
11	18	-868
11	19	428
11	20	5188
11	21	-7204
11	22	-4028
11	23	4316
11	24	4460
11	25	3172
11	26	2444
11	27	140
11	28	2876
11	29	-1580
11	30	6764
11	31	-284
11	32	-6196
11	33	2452
11	34	-8500
11	35	10652
12	13	-6476
12	14	1004
12	15	7492
12	16	-7340
12	17	2732
12	18	6340
12	19	5044
12	20	-5476
12	21	2308
12	22	8924
12	23	1156
12	24	1012
12	25	-3460
12	26	3028
12	27	10516
12	28	-2588
12	29	1292
12	30	-1292
12	31	-4
12	32	1300
12	33	7628
12	34	-6764
12	35	4
13	14	4612
13	15	-2740
13	16	6908
13	17	2884
13	18	-1588
13	19	-292
13	20	724
13	21	-2740
13	22	1876
13	23	-1588
13	24	-1444
13	25	3892
13	26	1724
13	27	-5764
13	28	-3028
13	29	-6044
13	30	-4324
13	31	436
13	32	-1732
13	33	-2012
13	34	6332
13	35	-436
14	15	-2156
14	16	3748
14	17	2012
14	18	-3308
14	19	5764
14	20	-6196
14	21	3028
14	22	-2164
14	23	-3308
14	24	-3452
14	25	1004
14	26	-1436
14	27	6052
14	28	-1868
14	29	-4612
14	30	-572
14	31	-5908
14	32	-3164
14	33	-3460
14	34	-6044
14	35	5908
15	16	-1876
15	17	6484
15	18	-4
15	19	1292
15	20	-860
15	21	-6340
15	22	-4892
15	23	-4
15	24	5324
15	25	2308
15	26	3308
15	27	6188
15	28	-1444
15	29	2740
15	30	-2740
15	31	-1148
15	32	-5332
15	33	6772
15	34	2732
15	35	1148
16	17	-8348
16	18	-11092
16	19	572
16	20	-140
16	21	3308
16	22	-4172
16	23	-11092
16	24	-5764
16	25	3028
16	26	-2596
16	27	284
16	28	3020
16	29	-6908
16	30	-3460
16	31	-5612
16	32	-6052
16	33	-8060
16	34	7196
16	35	428
17	18	5332
17	19	-6332
17	20	716
17	21	-3884
17	22	4748
17	23	10516
17	24	5188
17	25	7916
17	26	2020
17	27	-860
17	28	-3596
17	29	-2884
17	30	8068
17	31	6188
17	32	292
17	33	8636
17	34	-2588
17	35	4180
18	19	-2740
18	20	3172
18	21	-4
18	22	9508
18	23	6332
18	24	6476
18	25	1156
18	26	-724
18	27	-3028
18	28	-292
18	29	1588
18	30	3596
18	31	2884
18	32	11372
18	33	10804
18	34	-1300
18	35	-2884
19	20	1876
19	21	-3892
19	22	-2156
19	23	-7924
19	24	-7780
19	25	-5324
19	26	-4612
19	27	3452
19	28	6188
19	29	292
19	30	-10660
19	31	-3596
19	32	-2884
19	33	-6044
19	34	-4
19	35	-1588
20	21	-6044
20	22	-3460
20	23	3172
20	24	-2156
20	25	10076
20	26	-140
20	27	-8204
20	28	9796
20	29	-5908
20	30	724
20	31	8348
20	32	3316
20	33	5612
20	34	5620
20	35	2020
21	22	5476
21	23	-4
21	24	-5044
21	25	2308
21	26	-1876
21	27	1004
21	28	3740
21	29	2740
21	30	2444
21	31	-1148
21	32	-148
21	33	-3596
21	34	-2452
21	35	1148
22	23	4324
22	24	-1004
22	25	-1444
22	26	1012
22	27	-1868
22	28	580
22	29	-1876
22	30	1876
22	31	2012
22	32	4468
22	33	4460
22	34	-3596
22	35	-2012
23	24	1292
23	25	6340
23	26	9644
23	27	-3028
23	28	-292
23	29	1588
23	30	3596
23	31	8068
23	32	1004
23	33	10804
23	34	-6484
23	35	7484
24	25	-4172
24	26	-580
24	27	2300
24	28	-10516
24	29	6628
24	30	8924
24	31	-2444
24	32	1148
24	33	5476
24	34	-1156
24	35	-2740
25	26	3028
25	27	-5036
25	28	7780
25	29	-9076
25	30	3892
25	31	5180
25	32	1300
25	33	7628
25	34	3604
25	35	5188
26	27	284
26	28	-2164
26	29	-1724
26	30	-3460
26	31	4756
26	32	-6052
26	33	7492
26	34	-8356
26	35	10796
27	28	-9652
27	29	580
27	30	-580
27	31	-3308
27	32	-3172
27	33	4612
27	34	-5476
27	35	3308
28	29	-2156
28	30	-3028
28	31	-860
28	32	-436
28	33	-3308
28	34	2444
28	35	860
29	30	-860
29	31	-5620
29	32	-3452
29	33	-3172
29	34	-1148
29	35	-4748
30	31	436
30	32	3452
30	33	3172
30	34	-4036
30	35	-436
31	32	3028
31	33	5900
31	34	148
31	35	6916
32	33	5764
32	34	3740
32	35	-8212
33	34	-2300
33	35	4468
34	35	-10516
