0	1	-1.2670846e-02
0	2	-4.3025175e-01
0	3	-2.0888486e-01
0	4	6.4456183e-02
0	5	1.9878313e-01
0	6	-1.4624330e-01
0	7	-4.6904311e-01
0	8	1.9906493e-01
0	9	3.6281424e-01
0	10	-1.2294489e-02
0	11	8.0297274e-02
0	12	1.9798458e-01
0	13	-2.5335344e-01
0	14	-8.2721318e-02
0	15	-3.6464244e-01
0	16	-5.0528386e-01
0	17	-2.3512013e-01
0	18	-3.6384345e-02
0	19	3.2959094e-01
0	20	-1.1690369e-01
0	21	1.8127283e-02
0	22	-2.0670728e-01
0	23	2.8069660e-01
0	24	-4.7182070e-02
1	2	9.0716225e-02
1	3	-1.7734407e-01
1	4	-3.4217561e-01
1	5	-1.3049764e-01
1	6	2.0477960e-01
1	7	-7.5466340e-02
1	8	-3.2976589e-02
1	9	9.1284725e-02
1	10	-3.5636006e-02
1	11	5.9789679e-02
1	12	-9.3095242e-02
1	13	-3.4308407e-01
1	14	-5.8785870e-02
1	15	-1.0137061e-01
1	16	-8.2701891e-02
1	17	-2.9028155e-01
1	18	-3.2208029e-02
1	19	-9.4432486e-02
1	20	-1.6430823e-01
1	21	1.9165289e-01
1	22	1.8256145e-01
1	23	-2.5917678e-01
1	24	2.6886712e-01
2	3	3.9861580e-02
2	4	-1.2900032e-01
2	5	-8.3915037e-02
2	6	1.8044276e-02
2	7	1.1170317e-01
2	8	1.4298745e-02
2	9	-2.1709314e-01
2	10	1.9994180e-01
2	11	-1.1915452e-01
2	12	-1.3105385e-01
2	13	-1.9958104e-02
2	14	-8.7230321e-02
2	15	2.2234319e-01
2	16	1.0245392e-01
2	17	-1.1498387e-01
2	18	1.5309458e-01
2	19	1.4485637e-02
2	20	-3.9842609e-02
2	21	9.1768676e-02
2	22	9.0923666e-02
2	23	-1.1684313e-01
2	24	1.5791762e-01
3	4	1.3903723e-01
3	5	-9.3341281e-02
3	6	-9.6149174e-02
3	7	2.8137392e-01
3	8	-3.9634995e-03
3	9	2.1116642e-02
3	10	6.4559088e-02
3	11	2.2938444e-01
3	12	-9.8630879e-02
3	13	2.7149778e-01
3	14	-3.9289948e-02
3	15	1.7232563e-01
3	16	2.9638984e-02
3	17	1.4550726e-01
3	18	-9.1616815e-02
3	19	3.1924504e-02
3	20	-2.0310226e-01
3	21	3.3999857e-02
3	22	-1.1192980e-01
3	23	-3.2277801e-01
3	24	1.9231136e-01
4	5	-1.2942464e-02
4	6	-3.3752414e-01
4	7	2.5771195e-01
4	8	-9.6617951e-02
4	9	-1.7117968e-02
4	10	3.1935751e-02
4	11	1.9700070e-02
4	12	-5.9541334e-02
4	13	-1.0939249e-01
4	14	2.9167259e-02
4	15	1.2216911e-01
4	16	-1.5608036e-01
4	17	1.6763456e-01
4	18	-5.6835155e-02
4	19	1.5147187e-01
4	20	-1.5088848e-01
4	21	-2.4828816e-02
4	22	1.0295138e-02
4	23	3.5802226e-01
4	24	-1.5922327e-02
5	6	-5.9419919e-02
5	7	-1.5700339e-01
5	8	-2.0047479e-01
5	9	9.2805771e-02
5	10	-1.7287545e-01
5	11	-1.7964901e-01
5	12	1.9792735e-01
5	13	2.5852250e-01
5	14	-5.9270876e-02
5	15	1.2875367e-01
5	16	5.9063641e-02
5	17	2.3632291e-01
5	18	2.4227393e-02
5	19	2.3177572e-02
5	20	1.0089336e-01
5	21	-6.1459108e-02
5	22	-4.9244553e-03
5	23	7.5913589e-02
5	24	3.6359301e-02
6	7	-5.0657913e-02
6	8	1.2754953e-02
6	9	6.4975939e-02
6	10	2.5991782e-02
6	11	1.2231060e-01
6	12	1.2675257e-01
6	13	-2.6476770e-02
6	14	3.6075146e-01
6	15	-2.1687031e-01
6	16	1.5141785e-01
6	17	-2.8226640e-01
6	18	-6.3208562e-02
6	19	-1.7439416e-01
6	20	3.6389472e-01
6	21	-2.9311681e-02
6	22	-2.8475491e-02
6	23	-2.6937895e-01
6	24	-1.3376532e-01
7	8	-2.4627148e-01
7	9	-2.5659387e-01
7	10	2.4130957e-01
7	11	-8.4617204e-02
7	12	-1.9642214e-01
7	13	1.3470450e-01
7	14	3.7289257e-02
7	15	1.9058271e-01
7	16	2.8576306e-01
7	17	8.9461287e-02
7	18	-4.8018340e-02
7	19	2.4032454e-02
7	20	-3.4088214e-02
7	21	9.4120070e-02
7	22	9.0441140e-02
7	23	-1.1559624e-01
7	24	1.9161755e-01
8	9	1.0661240e-01
8	10	1.8218589e-01
8	11	6.5904628e-02
8	12	1.7748623e-02
8	13	-9.2784198e-02
8	14	-3.6088098e-02
8	15	-5.9138831e-02
8	16	-4.0770651e-01
8	17	-2.3908492e-01
8	18	4.1723993e-02
8	19	-2.8716840e-02
8	20	-2.6104497e-01
8	21	2.8661490e-02
8	22	-5.5906801e-02
8	23	1.2815145e-01
8	24	3.2688254e-02
9	10	1.4360532e-01
9	11	1.6921690e-01
9	12	1.9403997e-01
9	13	-1.8118121e-01
9	14	-1.6016704e-01
9	15	-1.0042385e-02
9	16	-2.6761895e-01
9	17	5.8745105e-02
9	18	1.1630789e-01
9	19	-9.6743882e-05
9	20	1.1718963e-01
9	21	-1.3919078e-01
9	22	-1.9042316e-01
9	23	5.0939649e-02
9	24	-1.4569036e-01
10	11	4.2977697e-02
10	12	-2.5559465e-01
10	13	-1.0232840e-02
10	14	5.6314721e-02
10	15	6.7220865e-02
10	16	-3.9368807e-02
10	17	-2.9788622e-01
10	18	8.3480715e-02
10	19	3.8371093e-01
10	20	7.2090266e-02
10	21	5.1872861e-02
10	22	-1.4308192e-01
10	23	3.0353941e-03
10	24	8.7789936e-02
11	12	-4.8786270e-02
11	13	1.1925843e-01
11	14	1.7646586e-01
11	15	-1.6987792e-01
11	16	-1.2457046e-01
11	17	-6.2976645e-02
11	18	-1.1196253e-01
11	19	-1.5113968e-01
11	20	7.9686859e-02
11	21	1.4161095e-01
11	22	-2.0644855e-01
11	23	3.6047660e-02
11	24	-2.9536010e-01
12	13	1.1298350e-01
12	14	-8.3105678e-02
12	15	-6.1852606e-02
12	16	-1.7203243e-01
12	17	3.4608035e-01
12	18	1.2858973e-01
12	19	-3.6172767e-01
12	20	-6.4877281e-02
12	21	6.2202299e-02
12	22	2.8276268e-02
12	23	4.1781878e-02
12	24	-3.0829530e-01
13	14	-2.5210441e-02
13	15	6.1323028e-02
13	16	1.6221044e-01
13	17	5.9498956e-01
13	18	-1.4020035e-01
13	19	-3.3393640e-01
13	20	6.2715597e-02
13	21	1.8666114e-01
13	22	-6.4561207e-02
13	23	-4.7307275e-01
13	24	1.5623368e-01
14	15	-1.5654107e-01
14	16	-2.3364430e-02
14	17	-1.7745287e-01
14	18	-2.6824541e-01
14	19	1.8298698e-01
14	20	1.4630156e-01
14	21	-7.6799793e-02
14	22	8.7659517e-03
14	23	1.2686458e-01
14	24	-2.0769647e-01
15	16	1.3495073e-01
15	17	1.5567111e-01
15	18	1.3328873e-01
15	19	-3.1151025e-03
15	20	-1.0460971e-01
15	21	-5.1283684e-02
15	22	1.3424960e-01
15	23	6.7566580e-02
15	24	9.6068535e-02
16	17	-1.1792806e-01
16	18	5.3671060e-02
16	19	3.4662434e-02
16	20	5.5761356e-01
16	21	-1.9822455e-01
16	22	-1.1758067e-01
16	23	-6.6559076e-02
16	24	-7.8279117e-02
17	18	1.4929658e-01
17	19	-4.1702686e-01
17	20	-1.6039116e-01
17	21	2.1750002e-02
17	22	1.0700724e-01
17	23	-9.0362796e-02
17	24	5.3999023e-03
18	19	-2.6848831e-02
18	20	1.8538999e-02
18	21	-7.9953307e-02
18	22	1.2367224e-02
18	23	8.9350766e-02
18	24	-4.2535829e-02
19	20	6.7005039e-02
19	21	-2.2107560e-01
19	22	-1.5904204e-01
19	23	3.0550204e-01
19	24	1.5125038e-01
20	21	-2.2842909e-01
20	22	-2.6491917e-01
20	23	7.2834422e-02
20	24	-2.3169065e-01
21	22	5.1023842e-02
21	23	-1.5044712e-01
21	24	1.3563937e-01
22	23	-1.3464245e-01
22	24	4.8807749e-02
23	24	-2.5903105e-01
