0	1	-2.0039578e-01
0	2	1.9758465e-02
0	3	-8.7509804e-02
0	4	2.0634003e-01
0	5	2.9386085e-01
0	6	2.2615930e-01
0	7	-2.0832456e-01
0	8	3.3383616e-01
0	9	1.4141746e-01
0	10	-7.4097047e-02
0	11	1.3532066e-01
0	12	1.2793835e-01
0	13	2.4796477e-01
0	14	-4.7557382e-02
0	15	-8.5928494e-02
0	16	-4.7938550e-02
0	17	1.4980460e-01
0	18	1.5671992e-01
0	19	2.0135284e-01
0	20	-9.1434225e-02
0	21	1.9638199e-01
0	22	5.0344109e-02
0	23	-3.4140342e-03
0	24	-4.6090530e-02
1	2	-1.3219695e-01
1	3	2.1802822e-01
1	4	1.6937935e-01
1	5	-5.4918867e-02
1	6	-1.4616232e-01
1	7	1.7265809e-01
1	8	-3.4612756e-02
1	9	-1.9569750e-01
1	10	-2.2129627e-01
1	11	-1.5237457e-01
1	12	-7.8195473e-02
1	13	-1.1951360e-01
1	14	3.7886413e-02
1	15	1.1498896e-01
1	16	-1.5047816e-01
1	17	2.8772785e-02
1	18	3.1023059e-01
1	19	-1.2483855e-01
1	20	-2.3934036e-01
1	21	-1.2965299e-01
1	22	2.5871977e-01
1	23	-3.0738857e-01
1	24	8.8853986e-02
2	3	-6.1536361e-02
2	4	1.8534710e-01
2	5	-1.5353596e-01
2	6	-2.4116300e-01
2	7	-2.1109277e-01
2	8	-2.8686651e-01
2	9	1.8174631e-01
2	10	-1.3099858e-01
2	11	2.2084642e-02
2	12	2.8017331e-01
2	13	2.5801244e-01
2	14	-3.4979953e-01
2	15	6.3611024e-03
2	16	7.7643559e-02
2	17	-8.9858084e-02
2	18	-8.3486923e-02
2	19	-3.4155760e-01
2	20	2.6611361e-01
2	21	1.3890199e-01
2	22	1.2485234e-01
2	23	-2.1165752e-01
2	24	-1.3847739e-01
3	4	-1.7306915e-01
3	5	-2.3712434e-01
3	6	-3.0510534e-01
3	7	2.5662329e-01
3	8	-4.2688840e-01
3	9	2.0920065e-01
3	10	1.2299054e-01
3	11	1.4324337e-02
3	12	1.4145785e-01
3	13	-3.9213480e-01
3	14	1.6310662e-01
3	15	8.1071994e-02
3	16	-2.3018516e-01
3	17	-1.4666433e-01
3	18	-3.6940137e-03
3	19	2.7186105e-01
3	20	1.4220451e-01
3	21	-1.3302716e-01
3	22	-8.7901791e-02
3	23	-1.6725749e-02
3	24	1.6903505e-01
4	5	1.5574031e-01
4	6	1.6054206e-01
4	7	-2.1483336e-01
4	8	2.1554165e-01
4	9	1.4530236e-01
4	10	-4.2575931e-01
4	11	-5.6573144e-02
4	12	3.8005977e-03
4	13	-1.0254836e-01
4	14	2.9150212e-01
4	15	-2.5652762e-01
4	16	2.9129571e-02
4	17	3.2736823e-01
4	18	1.0999620e-01
4	19	-9.7150370e-02
4	20	-3.1721429e-01
4	21	3.3726726e-01
4	22	2.9812385e-01
4	23	4.6460797e-02
4	24	1.3564235e-01
5	6	1.3473937e-01
5	7	9.5216393e-03
5	8	1.7393470e-01
5	9	-1.6346700e-01
5	10	1.8482886e-01
5	11	3.4827718e-01
5	12	-7.8978404e-02
5	13	7.2436753e-02
5	14	6.2056873e-02
5	15	2.6467327e-02
5	16	7.2693047e-02
5	17	3.1305088e-01
5	18	8.3903215e-02
5	19	1.1712316e-01
5	20	-3.0128372e-01
5	21	-1.0100633e-01
5	22	9.8560349e-02
5	23	1.0388726e-01
5	24	5.3268843e-02
6	7	-3.6019993e-02
6	8	3.8819276e-01
6	9	7.2626960e-03
6	10	-1.9140106e-01
6	11	1.6976632e-01
6	12	-2.5691213e-02
6	13	-2.5252196e-02
6	14	-1.1732126e-01
6	15	6.0286329e-02
6	16	-1.2214615e-01
6	17	1.2584072e-01
6	18	1.8203247e-01
6	19	1.2243448e-02
6	20	-3.4532343e-02
6	21	3.2006790e-02
6	22	-2.6122291e-01
6	23	5.8733224e-02
6	24	-7.7961105e-02
7	8	-3.9583974e-01
7	9	-4.2218913e-02
7	10	-2.2689490e-01
7	11	4.1148258e-04
7	12	-8.2937853e-03
7	13	-2.6099525e-01
7	14	5.5279401e-02
7	15	2.5779086e-01
7	16	-9.4888488e-02
7	17	-8.6908056e-02
7	18	1.7455168e-01
7	19	-1.0300230e-01
7	20	8.2246379e-02
7	21	-2.2539372e-01
7	22	-7.7045333e-02
7	23	-2.0224399e-02
7	24	4.9439696e-02
8	9	-1.2763387e-01
8	10	-6.5904865e-02
8	11	-1.2106795e-01
8	12	-1.4368174e-01
8	13	3.5032896e-01
8	14	-7.5961638e-03
8	15	-1.2200729e-01
8	16	-8.5748736e-02
8	17	1.3944244e-01
8	18	1.6596191e-01
8	19	3.3284479e-02
8	20	-2.1074150e-01
8	21	1.0855623e-01
8	22	1.6364591e-03
8	23	-1.0572067e-01
8	24	6.5987058e-05
9	10	-4.2144366e-02
9	11	6.2789990e-02
9	12	1.0546938e-01
9	13	-3.0242021e-02
9	14	-3.3049806e-02
9	15	-1.3608109e-02
9	16	-2.6126551e-01
9	17	1.6896766e-02
9	18	-3.3381511e-01
9	19	1.6669915e-01
9	20	1.1261402e-01
9	21	1.3755488e-01
9	22	1.1673180e-01
9	23	-7.4707447e-02
9	24	-9.6724418e-03
10	11	4.2336748e-01
10	12	5.5197582e-02
10	13	-3.6971058e-02
10	14	2.6107248e-01
10	15	2.7480972e-03
10	16	6.1665496e-02
10	17	-1.7328285e-01
10	18	-4.9440427e-01
10	19	3.6526474e-01
10	20	-7.4559130e-02
10	21	-8.3921744e-02
10	22	-2.1708700e-01
10	23	2.6644428e-01
10	24	1.6039162e-01
11	12	2.3124422e-01
11	13	-2.6231394e-01
11	14	1.0298835e-01
11	15	4.5413026e-02
11	16	-1.1972697e-01
11	17	-1.7439308e-01
11	18	2.9849023e-02
11	19	2.8909503e-01
11	20	-1.1853295e-01
11	21	-9.6868652e-02
11	22	-5.0169610e-03
11	23	1.1136924e-01
11	24	-5.9782932e-02
12	13	-6.9590785e-02
12	14	2.1036320e-01
12	15	-1.1025168e-01
12	16	-1.1337418e-01
12	17	-4.6451911e-01
12	18	-4.1620695e-02
12	19	9.2665330e-02
12	20	7.6240875e-02
12	21	-3.3840191e-02
12	22	-8.9282838e-02
12	23	1.4337218e-02
12	24	-1.9347234e-01
13	14	-3.0851502e-01
13	15	1.3714137e-02
13	16	1.8549356e-01
13	17	4.2693424e-02
13	18	8.3983262e-02
13	19	-1.5966265e-01
13	20	-8.8538575e-02
13	21	4.9879535e-01
13	22	3.6685865e-01
13	23	-1.8115821e-01
13	24	-9.1666379e-02
14	15	-3.4551703e-01
14	16	7.4224452e-03
14	17	-2.8098547e-01
14	18	-2.5096264e-01
14	19	2.7991934e-02
14	20	-1.7529009e-01
14	21	-3.0921136e-02
14	22	-1.8583281e-01
14	23	1.9492622e-01
14	24	2.3893732e-01
15	16	-8.8016396e-02
15	17	8.4898750e-03
15	18	1.4643908e-01
15	19	-6.0506731e-03
15	20	5.3434548e-02
15	21	-2.2294193e-01
15	22	-2.2880813e-02
15	23	-1.2008720e-01
15	24	3.5366347e-03
16	17	1.7428645e-01
16	18	-1.3381529e-01
16	19	-2.3888659e-01
16	20	9.9182659e-03
16	21	3.1682913e-01
16	22	-6.0441888e-02
16	23	2.2000445e-01
16	24	1.0860319e-01
17	18	-1.7148310e-02
17	19	-5.9580493e-02
17	20	-1.3915343e-01
17	21	1.2226656e-01
17	22	7.7729258e-02
17	23	9.7426478e-02
17	24	1.7872860e-01
18	19	-5.4288691e-02
18	20	-9.2651871e-02
18	21	1.3327584e-01
18	22	2.5570711e-01
18	23	-2.3649884e-01
18	24	-6.2067882e-02
19	20	-1.3486361e-01
19	21	-1.3746670e-01
19	22	1.2016502e-01
19	23	1.5602099e-01
19	24	-1.2476004e-01
20	21	-3.6542718e-02
20	22	-3.1909062e-01
20	23	6.1442924e-04
20	24	-6.9597239e-03
21	22	2.5983601e-01
21	23	2.5129971e-02
21	24	1.1522937e-01
22	23	-2.5511476e-01
22	24	-1.5506642e-01
23	24	-1.4891529e-03
