0	1	4.0556002e-02
0	2	-1.3425326e-01
0	3	3.0923333e-01
0	4	-3.3781168e-02
0	5	-6.9470822e-02
0	6	3.0457494e-02
0	7	1.6479702e-01
0	8	-6.6909426e-03
0	9	4.9538188e-02
0	10	-2.5137871e-02
0	11	-1.6721983e-01
0	12	-4.5932545e-02
0	13	-2.1693226e-01
0	14	-1.1876291e-01
0	15	6.8295908e-02
0	16	-2.4559413e-01
0	17	-1.2296935e-01
0	18	9.1525809e-02
0	19	-1.1401752e-02
0	20	2.4446424e-02
0	21	1.4401188e-01
0	22	8.3481130e-02
0	23	1.2474358e-02
0	24	2.2389706e-01
1	2	1.9212950e-01
1	3	-2.2532165e-02
1	4	-1.9153391e-01
1	5	-2.7345141e-01
1	6	-4.4343263e-01
1	7	-1.4314858e-01
1	8	3.2608416e-01
1	9	4.5896721e-01
1	10	2.6697386e-01
1	11	5.6371381e-01
1	12	4.4633850e-01
1	13	1.2404891e-01
1	14	3.0884060e-01
1	15	3.7652395e-02
1	16	-2.5182865e-01
1	17	-4.1488285e-01
1	18	-2.8755563e-01
1	19	-1.9783376e-01
1	20	-2.3139083e-01
1	21	1.0230400e-01
1	22	-8.2454880e-02
1	23	1.3014739e-01
1	24	2.4682805e-01
2	3	4.0783513e-02
2	4	-3.2599040e-01
2	5	-4.1396890e-02
2	6	-6.1864906e-02
2	7	-9.3232740e-02
2	8	-2.7160385e-02
2	9	4.3012176e-02
2	10	1.9432073e-01
2	11	-1.2352039e-01
2	12	-1.1425331e-01
2	13	2.5289324e-01
2	14	-9.0818024e-03
2	15	1.0570691e-01
2	16	2.6070665e-01
2	17	-1.9562434e-01
2	18	1.6494090e-01
2	19	3.1921551e-02
2	20	1.1627135e-02
2	21	1.9873414e-02
2	22	-1.6182503e-01
2	23	-1.3930753e-01
2	24	-2.5048703e-01
3	4	-1.2143143e-01
3	5	-2.7187362e-01
3	6	3.0080358e-01
3	7	1.1390690e-01
3	8	2.2017101e-01
3	9	2.9624254e-02
3	10	2.8300416e-01
3	11	-2.2999443e-01
3	12	1.1234243e-01
3	13	-4.1263956e-02
3	14	8.5999148e-02
3	15	6.6188839e-02
3	16	1.6471935e-01
3	17	-7.7868168e-02
3	18	6.1271358e-01
3	19	-7.3927845e-02
3	20	1.6313628e-01
3	21	1.9865165e-01
3	22	1.8341042e-01
3	23	-1.4278192e-02
3	24	8.5804489e-03
4	5	7.5637359e-02
4	6	5.2149615e-01
4	7	-1.8237197e-01
4	8	-1.5753995e-01
4	9	-1.2661032e-01
4	10	-1.7932910e-01
4	11	2.6109611e-01
4	12	9.6820489e-02
4	13	-2.6493010e-01
4	14	-1.3016741e-01
4	15	-1.2563892e-01
4	16	-1.4849150e-01
4	17	8.8135462e-02
4	18	-8.6843469e-02
4	19	1.0906323e-01
4	20	-2.7898957e-02
4	21	-4.0756552e-01
4	22	1.3035523e-01
4	23	1.3285528e-01
4	24	1.1051670e-01
5	6	-1.1476974e-01
5	7	-3.6425489e-03
5	8	-2.5008235e-01
5	9	-1.5314617e-01
5	10	-7.4042841e-02
5	11	2.7428889e-03
5	12	4.1464890e-02
5	13	-1.1567870e-01
5	14	-7.0451718e-02
5	15	1.2514458e-01
5	16	-2.4684949e-01
5	17	1.3111618e-01
5	18	-1.3895284e-01
5	19	3.0207849e-01
5	20	8.6496964e-02
5	21	-3.6582499e-01
5	22	-1.0012295e-01
5	23	2.9432502e-02
5	24	3.0323460e-02
6	7	-2.0962369e-01
6	8	-2.3685396e-01
6	9	-2.0275673e-01
6	10	9.9899143e-02
6	11	-7.0791214e-02
6	12	-7.2112685e-02
6	13	-1.5790778e-01
6	14	-4.4030245e-02
6	15	1.8337886e-01
6	16	1.5618695e-01
6	17	-2.4328712e-02
6	18	3.3398595e-01
6	19	-7.6729302e-03
6	20	1.9302048e-01
6	21	-3.0553302e-01
6	22	2.4195411e-01
6	23	2.4587040e-01
6	24	-9.1815985e-02
7	8	-5.5351955e-02
7	9	-5.8200473e-02
7	10	-3.6046245e-02
7	11	-3.9391425e-03
7	12	-9.6810157e-02
7	13	-1.9463378e-01
7	14	-1.5083112e-01
7	15	-1.0233812e-01
7	16	3.1111341e-02
7	17	2.3085145e-01
7	18	1.9528451e-01
7	19	1.4394838e-01
7	20	2.7713739e-01
7	21	4.1233641e-01
7	22	-9.5181765e-02
7	23	4.3576247e-02
7	24	1.4248938e-01
8	9	-1.1469618e-01
8	10	2.2296712e-01
8	11	1.6378559e-01
8	12	3.0338850e-01
8	13	1.0499769e-01
8	14	3.0727625e-01
8	15	-4.0759249e-01
8	16	1.0832393e-01
8	17	-7.0764482e-02
8	18	1.8577944e-02
8	19	-8.1692048e-02
8	20	-1.1491110e-01
8	21	9.7626444e-02
8	22	1.6007496e-01
8	23	1.9931632e-02
8	24	-1.5143942e-01
9	10	3.6964682e-02
9	11	9.4096763e-02
9	12	-7.5422574e-02
9	13	3.2114247e-01
9	14	-7.3330111e-03
9	15	3.7787643e-01
9	16	1.6314892e-01
9	17	-6.0245939e-02
9	18	-8.5309895e-02
9	19	-2.8803776e-01
9	20	-1.1890984e-01
9	21	8.8973529e-02
9	22	-3.5417350e-02
9	23	6.7119195e-02
9	24	1.4191811e-01
10	11	6.3830095e-02
10	12	1.8174846e-01
10	13	1.2350932e-01
10	14	2.2792166e-01
10	15	1.1314280e-01
10	16	6.3407302e-02
10	17	-2.4767077e-01
10	18	2.4519168e-01
10	19	-6.8251293e-02
10	20	1.7795549e-02
10	21	8.5837716e-02
10	22	1.0626848e-01
10	23	7.2484059e-02
10	24	-9.2058452e-02
11	12	2.3416842e-01
11	13	4.7853831e-02
11	14	2.9988210e-02
11	15	-1.3023184e-01
11	16	-1.9799596e-01
11	17	-2.7809344e-02
11	18	-3.6514112e-01
11	19	-9.3841515e-02
11	20	-1.6721143e-02
11	21	1.5760753e-01
11	22	-1.9685346e-03
11	23	1.9686399e-01
11	24	2.7248905e-01
12	13	-3.3050222e-02
12	14	3.2451110e-01
12	15	-4.1469330e-02
12	16	-4.5706666e-01
12	17	-2.1639183e-01
12	18	9.4664101e-02
12	19	8.2894337e-03
12	20	-1.4425319e-01
12	21	-2.3800874e-02
12	22	1.3368510e-01
12	23	1.1651191e-01
12	24	3.0663181e-01
13	14	5.6048926e-03
13	15	2.1637290e-01
13	16	3.4531953e-01
13	17	-1.8165930e-02
13	18	-4.8288115e-02
13	19	-2.2078050e-01
13	20	-9.9833280e-02
13	21	1.3969782e-01
13	22	-7.8064813e-02
13	23	-3.1733694e-02
13	24	-2.8855330e-01
14	15	-1.2244879e-01
14	16	-1.2786201e-01
14	17	-1.9944149e-01
14	18	1.8739460e-01
14	19	7.5598499e-02
14	20	-5.8471971e-02
14	21	-3.3288929e-01
14	22	2.8824441e-01
14	23	1.9608115e-02
14	24	1.5549573e-01
15	16	-4.2462148e-02
15	17	-1.1527311e-01
15	18	3.4745225e-02
15	19	-1.5177921e-01
15	20	-1.3926285e-02
15	21	1.1041184e-01
15	22	-3.5024424e-02
15	23	1.6391529e-01
15	24	1.3437065e-02
16	17	3.7218944e-01
16	18	1.4810284e-01
16	19	-1.1590595e-01
16	20	2.6121268e-01
16	21	-3.2219640e-02
16	22	-6.1779518e-02
16	23	2.8109054e-02
16	24	-6.4227070e-01
17	18	-4.6378111e-02
17	19	1.1461147e-01
17	20	1.7882156e-01
17	21	-2.9783964e-03
17	22	-1.8057142e-01
17	23	6.9777639e-02
17	24	-2.5956342e-01
18	19	1.2991299e-01
18	20	1.9674387e-01
18	21	3.1218408e-03
18	22	1.3342917e-01
18	23	-1.1251786e-01
18	24	1.5802194e-02
19	20	1.0224997e-01
19	21	-2.7860913e-01
19	22	-3.8658453e-02
19	23	-4.9171144e-02
19	24	-5.0231379e-02
20	21	4.8884674e-02
20	22	2.9660194e-02
20	23	3.3919949e-02
20	24	-1.8445293e-02
21	22	-1.4227953e-01
21	23	-1.2336131e-02
21	24	7.9290492e-02
22	23	5.6822402e-02
22	24	2.0339935e-01
23	24	2.5953921e-02
