0	1	1.3841968e-01
0	2	-1.7407528e-02
0	3	9.3767587e-02
0	4	-1.8590812e-02
0	5	-2.5853131e-02
0	6	-1.0201131e-02
0	7	-4.2234909e-02
0	8	-2.7985815e-02
0	9	3.8311445e-02
0	10	-4.1107630e-02
0	11	9.4136908e-02
0	12	7.7203983e-03
0	13	1.0699096e-02
0	14	3.8619856e-02
0	15	2.1574639e-02
0	16	9.0205879e-02
0	17	1.8224376e-01
0	18	1.8606288e-01
0	19	-1.2409154e-01
0	20	-1.4636901e-01
0	21	-1.4570741e-02
0	22	5.1531819e-02
0	23	-3.4261225e-02
0	24	7.7629385e-02
1	2	-1.9809103e-01
1	3	1.8786159e-01
1	4	8.1866581e-02
1	5	9.1760566e-02
1	6	-7.9037355e-02
1	7	-1.7898162e-01
1	8	1.4855322e-01
1	9	-1.6406956e-01
1	10	-7.1791632e-02
1	11	7.7724185e-02
1	12	-1.8310768e-01
1	13	3.1410404e-01
1	14	2.9019012e-01
1	15	-2.3430449e-01
1	16	-5.7050669e-02
1	17	3.0646576e-01
1	18	2.8535688e-01
1	19	-5.9904930e-02
1	20	1.7627962e-01
1	21	4.9915595e-01
1	22	2.1628191e-01
1	23	-2.0540623e-01
1	24	2.2772296e-01
2	3	1.0449798e-01
2	4	-2.3045312e-01
2	5	-3.0507631e-01
2	6	5.6840291e-02
2	7	1.3081902e-01
2	8	1.5414200e-01
2	9	1.7886296e-01
2	10	6.8850606e-02
2	11	-6.3820306e-02
2	12	2.3448561e-02
2	13	-2.2242097e-01
2	14	-3.5975966e-01
2	15	-6.2555664e-02
2	16	-1.9301767e-01
2	17	-1.7305481e-01
2	18	-2.6658176e-01
2	19	-4.0554743e-02
2	20	1.9933978e-01
2	21	-4.5173705e-02
2	22	-1.5854653e-01
2	23	-1.8974270e-01
2	24	1.4792826e-02
3	4	-8.0064895e-02
3	5	-1.9121891e-01
3	6	1.4241416e-01
3	7	-4.4408023e-02
3	8	3.3338740e-02
3	9	1.7242239e-01
3	10	-2.0808579e-01
3	11	3.1211328e-01
3	12	3.2921317e-01
3	13	-1.1714719e-01
3	14	-6.8874769e-02
3	15	-1.4395973e-01
3	16	2.5694753e-02
3	17	2.5577214e-01
3	18	-2.8870940e-01
3	19	-8.7859807e-02
3	20	-2.0522963e-02
3	21	-3.6286458e-03
3	22	1.1701953e-01
3	23	-1.1933718e-01
3	24	7.2146652e-02
4	5	-4.6835340e-02
4	6	1.9534313e-03
4	7	-1.7278116e-01
4	8	-5.3579948e-01
4	9	6.5166857e-02
4	10	1.9511996e-01
4	11	-2.3208894e-01
4	12	-1.7771538e-01
4	13	-4.0845987e-01
4	14	2.5196259e-01
4	15	-1.9669699e-02
4	16	-2.0608070e-01
4	17	-1.9101031e-01
4	18	5.0076920e-02
4	19	-7.0480539e-03
4	20	-2.0102618e-01
4	21	-3.7618390e-01
4	22	2.1342346e-02
4	23	-9.8575022e-02
4	24	-9.6366900e-03
5	6	-6.2017999e-02
5	7	-4.5206817e-02
5	8	1.6580198e-01
5	9	-6.8785913e-02
5	10	7.8836945e-02
5	11	-5.2017481e-02
5	12	-6.9417509e-02
5	13	1.6825731e-01
5	14	1.8700675e-01
5	15	-5.3950423e-02
5	16	1.7018043e-01
5	17	-3.7570472e-02
5	18	1.9363206e-01
5	19	1.9141535e-02
5	20	-4.0764140e-03
5	21	2.6868358e-01
5	22	4.3637975e-02
5	23	3.2627744e-02
5	24	6.7422240e-02
6	7	2.4305678e-01
6	8	2.1228384e-03
6	9	-6.5175115e-02
6	10	6.4155768e-02
6	11	-1.4720547e-01
6	12	9.4886478e-03
6	13	7.1064756e-02
6	14	-9.4264768e-03
6	15	1.5746038e-02
6	16	1.0170827e-01
6	17	1.1499565e-01
6	18	-4.5184594e-01
6	19	6.9145606e-02
6	20	-1.1796507e-02
6	21	8.0379387e-02
6	22	-7.3294937e-02
6	23	-3.0040445e-01
6	24	-1.6463463e-01
7	8	7.8069098e-02
7	9	-1.7327702e-01
7	10	5.5762513e-02
7	11	-3.4475021e-02
7	12	-2.4367524e-03
7	13	1.5181407e-01
7	14	-6.2599788e-02
7	15	-7.2013391e-02
7	16	-1.1912122e-01
7	17	-7.2641159e-02
7	18	-2.6202249e-01
7	19	5.4748544e-02
7	20	7.7717424e-02
7	21	1.9094710e-01
7	22	6.4220818e-03
7	23	6.9371888e-04
7	24	-1.1353908e-01
8	9	-1.4874242e-01
8	10	-1.6110245e-01
8	11	1.7910993e-01
8	12	2.4013674e-01
8	13	2.8245032e-01
8	14	-1.5051503e-01
8	15	-2.2878910e-01
8	16	3.3179394e-01
8	17	2.2700364e-01
8	18	1.4195810e-01
8	19	-7.1153100e-02
8	20	2.5710031e-01
8	21	3.1213895e-01
8	22	-1.3516577e-01
8	23	-1.4689802e-01
8	24	-7.8145477e-02
9	10	7.2644016e-02
9	11	1.8424968e-01
9	12	-1.1843865e-01
9	13	-2.1739896e-01
9	14	-5.0700262e-02
9	15	2.7236204e-02
9	16	1.8087181e-01
9	17	-1.3752578e-01
9	18	-4.3835210e-03
9	19	-8.9391466e-03
9	20	-1.7877476e-01
9	21	-1.3502609e-01
9	22	2.1341594e-02
9	23	-2.5402497e-02
9	24	5.6384916e-02
10	11	-2.6512438e-01
10	12	-2.1697791e-01
10	13	-2.9452031e-02
10	14	2.4749692e-01
10	15	-2.4546212e-02
10	16	-2.3019002e-01
10	17	-3.0815894e-01
10	18	1.0587476e-01
10	19	1.6198113e-01
10	20	-3.6976381e-02
10	21	6.2747921e-02
10	22	4.3237854e-02
10	23	-1.8869230e-01
10	24	-4.2714828e-02
11	12	2.2191063e-01
11	13	1.7003119e-01
11	14	-4.7829588e-02
11	15	-8.6145812e-02
11	16	2.9421489e-01
11	17	2.8506253e-01
11	18	8.0275508e-02
11	19	1.0942034e-01
11	20	-5.7913011e-02
11	21	-2.0759724e-02
11	22	1.0013370e-01
11	23	2.3759512e-02
11	24	-1.4464048e-02
12	13	-7.1449377e-02
12	14	-1.7155876e-01
12	15	-1.7771441e-01
12	16	1.1661911e-01
12	17	1.9220961e-01
12	18	-9.0442184e-02
12	19	-8.9606258e-02
12	20	5.2191967e-02
12	21	-1.3200643e-01
12	22	-3.2091255e-02
12	23	-7.8849788e-03
12	24	-1.1530790e-01
13	14	1.5632204e-01
13	15	-1.0288559e-01
13	16	5.2762436e-02
13	17	2.4003130e-01
13	18	2.1185683e-01
13	19	1.9372189e-01
13	20	1.6621184e-01
13	21	3.8087348e-01
13	22	9.5940298e-02
13	23	-6.1973101e-02
13	24	-8.3961435e-02
14	15	4.9323641e-02
14	16	-1.0232575e-01
14	17	-1.3018546e-01
14	18	1.6652653e-01
14	19	7.6012906e-02
14	20	-9.3626006e-02
14	21	1.1791878e-01
14	22	8.7276789e-02
14	23	-8.8057072e-02
14	24	4.5133291e-02
15	16	-5.0481126e-03
15	17	-1.8769575e-01
15	18	-2.1144086e-01
15	19	1.3021586e-02
15	20	-1.5234182e-01
15	21	-1.6329245e-01
15	22	-1.3071252e-01
15	23	2.4132004e-01
15	24	9.0186297e-02
16	17	1.9421691e-01
16	18	7.3367504e-02
16	19	-1.4359597e-01
16	20	-2.2026301e-01
16	21	-2.8305617e-03
16	22	-1.6285131e-01
16	23	-7.1988732e-02
16	24	-7.9288148e-02
17	18	1.5073458e-01
17	19	4.4009545e-02
17	20	4.6622734e-02
17	21	1.2862662e-01
17	22	1.9040667e-01
17	23	-1.0945526e-02
17	24	-5.5984254e-02
18	19	1.6376412e-02
18	20	3.9371631e-03
18	21	8.9380302e-02
18	22	1.5586103e-01
18	23	6.4940400e-02
18	24	-7.2699748e-03
19	20	2.5034189e-02
19	21	2.4310286e-02
19	22	9.9496320e-02
19	23	-4.5944079e-02
19	24	-9.2371899e-02
20	21	3.0274373e-01
20	22	5.3633973e-02
20	23	2.8714797e-04
20	24	-1.0000374e-02
21	22	2.1601080e-01
21	23	-3.2358653e-02
21	24	1.2619913e-01
22	23	1.0651205e-01
22	24	7.1211166e-02
23	24	1.0383694e-01
