0	1	1448
0	2	680
0	3	-232
0	4	472
0	5	-744
0	6	-552
0	7	1624
0	8	-792
0	9	-168
0	10	424
0	11	856
0	12	936
0	13	1000
0	14	-24
0	15	-1256
1	2	-680
1	3	232
1	4	1576
1	5	-1304
1	6	-472
1	7	1448
1	8	-232
1	9	168
1	10	1624
1	11	-856
1	12	88
1	13	24
1	14	-1000
1	15	232
2	3	488
2	4	-216
2	5	1000
2	6	-216
2	7	-344
2	8	-1512
2	9	424
2	10	-680
2	11	-600
2	12	-168
2	13	-1256
2	14	792
2	15	-1560
3	4	-360
3	5	-552
3	6	664
3	7	-232
3	8	40
3	9	24
3	10	1256
3	11	1048
3	12	744
3	13	-216
3	14	808
3	15	-40
4	5	152
4	6	-680
4	7	-552
4	8	360
4	9	-1320
4	10	552
4	11	-1320
4	12	-984
4	13	104
4	14	104
4	15	1688
5	6	-872
5	7	-1768
5	8	552
5	9	-488
5	10	-1304
5	11	536
5	12	232
5	13	296
5	14	296
5	15	472
6	7	472
6	8	360
6	9	-1320
6	10	552
6	11	728
6	12	40
6	13	104
6	14	104
6	15	-360
7	8	-792
7	9	856
7	10	1448
7	11	-168
7	12	936
7	13	-24
7	14	-1048
7	15	-1256
8	9	-1048
8	10	-232
8	11	1000
8	12	-744
8	13	1240
8	14	-808
8	15	1064
9	10	168
9	11	-936
9	12	680
9	13	-1304
9	14	-280
9	15	-1000
10	11	168
10	12	1112
10	13	-1000
10	14	-1000
10	15	232
11	12	1704
11	13	1768
11	14	744
11	15	24
12	13	536
12	14	536
12	15	-280
13	14	472
13	15	808
14	15	808
