0	1	-244
0	2	1420
0	3	1012
0	4	244
0	5	-1204
0	6	692
0	7	1524
0	8	52
0	9	-2060
0	10	180
0	11	-140
0	12	948
0	13	500
0	14	948
0	15	396
1	2	-308
1	3	-332
1	4	948
1	5	-884
1	6	1396
1	7	1204
1	8	756
1	9	-332
1	10	-1164
1	11	-1484
1	12	628
1	13	-844
1	14	-396
1	15	-1332
2	3	1076
2	4	308
2	5	-244
2	6	756
2	7	564
2	8	116
2	9	52
2	10	244
2	11	-76
2	12	1012
2	13	-460
2	14	-12
2	15	332
3	4	-692
3	5	-1420
3	6	-116
3	7	76
3	8	1548
3	9	-436
3	10	-1652
3	11	716
3	12	-372
3	13	-948
3	14	-372
3	15	1076
4	5	884
4	6	-372
4	7	844
4	8	268
4	9	-692
4	10	-884
4	11	-564
4	12	396
4	13	-180
4	14	396
4	15	-716
5	6	-1740
5	7	-908
5	8	-332
5	9	628
5	10	820
5	11	500
5	12	-460
5	13	1140
5	14	1588
5	15	-244
6	7	396
6	8	844
6	9	-116
6	10	-308
6	11	-1012
6	12	972
6	13	-1652
6	14	-1076
6	15	-268
7	8	-1012
7	9	-1972
7	10	-116
7	11	204
7	12	140
7	13	588
7	14	140
7	15	-460
8	9	524
8	10	-692
8	11	-1396
8	12	-436
8	13	-1012
8	14	-436
8	15	1140
9	10	396
9	11	-1332
9	12	652
9	13	-948
9	14	-1396
9	15	52
10	11	-500
10	12	-564
10	13	1932
10	14	460
10	15	1268
11	12	-1268
11	13	204
11	14	780
11	15	-76
12	13	-884
12	14	-308
12	15	-1036
13	14	1164
13	15	564
14	15	-12
