0	1	524
0	2	204
0	3	-188
0	4	244
0	5	-76
0	6	204
0	7	-316
0	8	76
0	9	-20
0	10	636
0	11	-76
0	12	-484
0	13	-748
1	2	-652
1	3	-260
1	4	204
1	5	412
1	6	-652
1	7	-804
1	8	372
1	9	356
1	10	-188
1	11	1196
1	12	-636
1	13	-484
2	3	-580
2	4	-148
2	5	-468
2	6	-188
2	7	860
2	8	-1100
2	9	-412
2	10	244
2	11	-468
2	12	-92
2	13	-356
3	4	244
3	5	708
3	6	988
3	7	-316
3	8	860
3	9	-804
3	10	-148
3	11	-860
3	12	300
3	13	36
4	5	916
4	6	-148
4	7	-524
4	8	652
4	9	76
4	10	92
4	11	132
4	12	-356
4	13	20
5	6	316
5	7	-428
5	8	748
5	9	92
5	10	-260
5	11	36
5	12	188
5	13	-636
6	7	76
6	8	468
6	9	-412
6	10	244
6	11	-1252
6	12	692
6	13	-356
7	8	-1140
7	9	300
7	10	652
7	11	-428
7	12	204
7	13	244
8	9	-92
8	10	-524
8	11	-36
8	12	-188
8	13	-148
9	10	468
9	11	876
9	12	132
9	13	204
10	11	-260
10	12	36
10	13	412
11	12	-596
11	13	148
12	13	76
