0	1	-1.0851189e-01
0	2	-4.2748137e-01
0	3	1.1740946e-01
0	4	5.6703098e-02
0	5	8.7418004e-02
0	6	-3.7161840e-01
0	7	-2.5077078e-02
0	8	1.2537258e-01
0	9	1.7825662e-01
0	10	-1.9590620e-02
0	11	8.7283353e-02
0	12	-2.5632680e-02
0	13	-5.3948323e-02
0	14	-2.5023677e-01
0	15	1.8782224e-01
0	16	-2.1581006e-01
0	17	-1.0494348e-01
0	18	2.6151486e-02
0	19	-3.6113330e-02
0	20	-3.1676704e-02
0	21	-5.9681325e-02
0	22	1.6268258e-01
0	23	1.4439764e-02
0	24	-1.2918248e-01
1	2	2.4818710e-02
1	3	6.1530805e-02
1	4	-3.7552687e-02
1	5	-1.0413809e-01
1	6	1.5493493e-01
1	7	1.5653366e-01
1	8	-7.3249898e-02
1	9	-4.6624011e-03
1	10	-1.7891874e-02
1	11	6.0610261e-02
1	12	3.3684702e-01
1	13	5.7759652e-02
1	14	1.0670792e-01
1	15	1.3656095e-02
1	16	1.1657191e-02
1	17	-1.1019636e-01
1	18	4.4613947e-02
1	19	-1.7865889e-01
1	20	2.9153793e-02
1	21	-2.9365558e-02
1	22	2.3683779e-01
1	23	3.7820373e-02
1	24	-1.0697532e-02
2	3	-2.9197830e-01
2	4	1.9627469e-01
2	5	-1.0132203e-02
2	6	9.6709945e-02
2	7	-2.4726457e-02
2	8	1.2591197e-01
2	9	-3.4002761e-01
2	10	-2.6405054e-01
2	11	-1.7475638e-01
2	12	-1.1514703e-01
2	13	-9.0633346e-02
2	14	5.6051178e-01
2	15	-4.5432437e-01
2	16	2.8869091e-01
2	17	2.1899800e-01
2	18	-2.7350812e-02
2	19	1.9923905e-01
2	20	1.5835196e-01
2	21	1.4053319e-01
2	22	-1.2333533e-01
2	23	-1.0076119e-01
2	24	9.7612836e-02
3	4	-3.5657265e-01
3	5	3.8902543e-02
3	6	-2.1515246e-01
3	7	-1.7943770e-02
3	8	-1.5861805e-01
3	9	1.5394793e-01
3	10	1.6035110e-01
3	11	2.4407902e-01
3	12	-2.0206473e-02
3	13	1.3133124e-01
3	14	-1.0361558e-01
3	15	1.8398484e-01
3	16	-7.0781035e-02
3	17	-1.4255089e-01
3	18	-2.9492088e-02
3	19	-3.2482544e-02
3	20	8.3842586e-03
3	21	-1.1349761e-01
3	22	-1.2352153e-01
3	23	1.3469248e-01
3	24	-3.3224889e-02
4	5	1.7323830e-01
4	6	5.8637140e-02
4	7	1.5853311e-01
4	8	-1.3125858e-02
4	9	2.0059876e-01
4	10	-1.6320400e-01
4	11	-4.9252831e-02
4	12	1.2630527e-01
4	13	-2.0270454e-01
4	14	-1.3299064e-01
4	15	-2.0082157e-01
4	16	1.6138455e-01
4	17	1.4118455e-01
4	18	-2.9607907e-01
4	19	-7.8399428e-02
4	20	1.1283112e-01
4	21	3.3701394e-02
4	22	6.1983990e-02
4	23	5.9770242e-02
4	24	-4.5427299e-02
5	6	6.6005257e-02
5	7	6.4812362e-02
5	8	-1.0130714e-01
5	9	9.1505752e-02
5	10	6.1398040e-02
5	11	-1.2673184e-01
5	12	-9.6377803e-02
5	13	-2.4114229e-01
5	14	-2.8922263e-02
5	15	-1.6376725e-01
5	16	-8.0270222e-02
5	17	1.5773445e-01
5	18	-1.3989997e-01
5	19	-9.7617933e-02
5	20	-1.1864076e-01
5	21	-1.0099772e-01
5	22	2.9484183e-02
5	23	2.0033828e-01
5	24	-9.8446362e-03
6	7	6.4081169e-02
6	8	-2.7182787e-01
6	9	1.1774190e-01
6	10	5.0042321e-01
6	11	-8.7477081e-02
6	12	2.2892175e-01
6	13	4.3000314e-02
6	14	8.4347358e-02
6	15	3.9131158e-02
6	16	4.5333783e-01
6	17	1.1531805e-01
6	18	1.1174361e-01
6	19	-2.2204063e-01
6	20	-2.1739481e-01
6	21	3.6881276e-03
6	22	-1.8817457e-01
6	23	1.0715360e-01
6	24	5.4820960e-02
7	8	-1.2526922e-01
7	9	1.3519581e-01
7	10	7.4492061e-02
7	11	-9.6212750e-02
7	12	1.7634261e-01
7	13	1.8546868e-02
7	14	5.5404638e-02
7	15	-2.0067625e-01
7	16	2.3829536e-01
7	17	9.8499490e-02
7	18	-9.6194924e-02
7	19	-2.1320861e-01
7	20	6.3610444e-02
7	21	-2.2192083e-01
7	22	6.4025547e-02
7	23	9.7282661e-02
7	24	9.8947823e-03
8	9	-2.0032784e-01
8	10	-3.5037981e-01
8	11	-6.8511150e-02
8	12	1.2220186e-01
8	13	-1.1288636e-01
8	14	4.3228917e-02
8	15	-2.4444130e-02
8	16	-1.1794998e-01
8	17	-4.5259996e-02
8	18	1.4362119e-01
8	19	6.2493374e-02
8	20	6.5399000e-02
8	21	5.0510801e-02
8	22	1.6268869e-01
8	23	-1.1611328e-01
8	24	-1.3295402e-01
9	10	4.1942094e-01
9	11	7.8008430e-02
9	12	4.4931737e-02
9	13	5.4374616e-02
9	14	1.0099914e-01
9	15	5.2351878e-01
9	16	1.9442623e-01
9	17	7.9854249e-02
9	18	-1.2101914e-01
9	19	1.2280586e-02
9	20	-4.1999901e-01
9	21	1.4159860e-01
9	22	2.4540228e-01
9	23	-1.9499985e-02
9	24	1.1631489e-01
10	11	1.1741563e-01
10	12	-2.1405687e-01
10	13	1.8696830e-01
10	14	8.0657574e-02
10	15	2.7138078e-01
10	16	2.6319384e-01
10	17	8.4940024e-02
10	18	3.3782991e-02
10	19	-4.0089455e-02
10	20	-3.3666087e-01
10	21	-2.8264702e-02
10	22	-1.5269868e-01
10	23	1.9338318e-02
10	24	1.6680293e-01
11	12	1.3068360e-01
11	13	-7.6197193e-04
11	14	-2.4084031e-01
11	15	3.2281976e-01
11	16	7.3265413e-04
11	17	-1.2593254e-01
11	18	-3.7588587e-02
11	19	3.3250123e-03
11	20	6.4053204e-02
11	21	-1.7353496e-01
11	22	-1.9132577e-01
11	23	2.1347560e-02
11	24	-2.0856176e-02
12	13	-1.4123011e-01
12	14	-2.0663404e-01
12	15	9.4890936e-02
12	16	1.3116632e-02
12	17	-1.9471099e-01
12	18	-1.1407361e-02
12	19	-3.5275823e-01
12	20	2.1143511e-01
12	21	-2.1226038e-01
12	22	1.5258315e-01
12	23	1.3794943e-01
12	24	-1.2351568e-01
13	14	-4.6683357e-02
13	15	-8.7565146e-03
13	16	1.0561410e-01
13	17	-4.1025896e-02
13	18	-5.1805588e-02
13	19	5.4139313e-02
13	20	4.3686799e-02
13	21	1.4084718e-01
13	22	-9.0703842e-02
13	23	-7.7122615e-02
13	24	-9.1697381e-02
14	15	-5.4801986e-03
14	16	2.9790874e-01
14	17	1.7008674e-01
14	18	2.9552454e-01
14	19	2.4316747e-01
14	20	-2.2984826e-01
14	21	1.9855947e-01
14	22	2.2206283e-01
14	23	-2.8510133e-01
14	24	2.6866874e-01
15	16	-1.0796341e-01
15	17	-1.6149988e-01
15	18	2.1205848e-01
15	19	1.2702638e-01
15	20	-3.3155395e-01
15	21	1.2445505e-01
15	22	2.0062410e-01
15	23	-1.9164677e-01
15	24	1.1012473e-01
16	17	9.7075231e-02
16	18	7.3029598e-02
16	19	-7.1939046e-02
16	20	3.1435057e-02
16	21	-1.0086394e-01
16	22	-3.7981865e-01
16	23	5.9366114e-02
16	24	1.0780949e-01
17	18	-9.9932235e-02
17	19	9.5229531e-02
17	20	-1.7931308e-01
17	21	7.2861805e-03
17	22	1.0267345e-01
17	23	-8.0802654e-02
17	24	-3.5703775e-02
18	19	7.5461343e-02
18	20	-1.1619721e-01
18	21	2.9004101e-02
18	22	1.0335956e-01
18	23	-1.8961762e-01
18	24	6.3321166e-02
19	20	-8.4675179e-02
19	21	2.3778036e-01
19	22	5.3039561e-02
19	23	-2.8562029e-01
19	24	5.1927224e-02
20	21	-1.7024523e-01
20	22	-3.3338439e-01
20	23	1.1585885e-01
20	24	-8.0685418e-02
21	22	2.0065113e-01
21	23	-1.9731070e-01
21	24	3.0328400e-02
22	23	-2.7005700e-01
22	24	-1.2024789e-01
23	24	-1.1322369e-02
