0	1	1.6819182e-01
0	2	2.4187377e-01
0	3	7.1429382e-02
0	4	1.6756290e-01
0	5	-9.9495225e-02
0	6	-1.4284968e-01
0	7	-4.5523041e-02
0	8	1.3782918e-03
0	9	-4.7357955e-02
0	10	3.3955544e-02
0	11	-1.4756388e-01
0	12	6.6917879e-02
0	13	-6.3563122e-02
0	14	-1.4315579e-01
0	15	-6.3847180e-02
0	16	9.8469800e-02
0	17	1.7462573e-01
0	18	8.5349327e-02
0	19	-8.5272312e-03
0	20	-1.4066895e-02
0	21	-1.8197939e-01
0	22	1.1062884e-01
0	23	-3.3513394e-01
0	24	-8.9008159e-02
1	2	-5.9945992e-02
1	3	-2.6858700e-01
1	4	1.2453303e-02
1	5	-3.6248545e-01
1	6	7.7975034e-02
1	7	4.8781901e-01
1	8	6.4822284e-02
1	9	6.0016405e-02
1	10	7.6210726e-02
1	11	-1.6257936e-02
1	12	1.7166404e-01
1	13	-8.1161081e-02
1	14	6.3492462e-02
1	15	1.1928458e-01
1	16	2.1008414e-01
1	17	2.3305409e-01
1	18	-1.6081772e-01
1	19	9.1273335e-02
1	20	-1.3225987e-01
1	21	9.7286413e-03
1	22	3.0506338e-01
1	23	-1.1751079e-01
1	24	-9.0603390e-02
2	3	2.5687355e-01
2	4	2.7483411e-01
2	5	3.5723338e-02
2	6	-4.1402637e-01
2	7	-2.0811009e-01
2	8	-8.7586444e-02
2	9	-3.9440848e-02
2	10	1.0923963e-01
2	11	-1.8970089e-01
2	12	8.2309479e-02
2	13	1.5791314e-03
2	14	-2.9201688e-01
2	15	-3.1991143e-02
2	16	2.7230921e-01
2	17	-4.2133345e-02
2	18	2.2652095e-01
2	19	-2.3790040e-01
2	20	-1.4807796e-01
2	21	-2.0620623e-01
2	22	1.6448562e-01
2	23	-1.1955741e-01
2	24	-3.5190535e-01
3	4	6.3075322e-02
3	5	2.3497980e-02
3	6	-1.0506803e-01
3	7	-1.9716721e-01
3	8	-2.4345954e-01
3	9	-2.0173221e-01
3	10	-1.2051796e-01
3	11	-1.6444715e-01
3	12	2.5459210e-02
3	13	2.7470870e-02
3	14	4.6201928e-02
3	15	-1.4129634e-01
3	16	-6.9597900e-02
3	17	4.7336584e-02
3	18	1.2612320e-01
3	19	9.8621853e-04
3	20	-8.1362172e-02
3	21	-1.5672939e-01
3	22	-1.6427149e-01
3	23	5.3997390e-02
3	24	-1.9300803e-02
4	5	1.3922188e-01
4	6	2.4096159e-03
4	7	1.8216536e-03
4	8	1.3165709e-01
4	9	-1.9034754e-01
4	10	-1.9608704e-02
4	11	-9.9483442e-02
4	12	-9.4207455e-02
4	13	-1.5478327e-01
4	14	-5.5085402e-02
4	15	-4.9802696e-02
4	16	2.4084409e-01
4	17	1.2133243e-01
4	18	1.4387327e-01
4	19	-1.0627458e-01
4	20	-1.4156184e-01
4	21	-5.2060176e-02
4	22	2.7828518e-01
4	23	5.7205516e-03
4	24	-2.4661060e-01
5	6	-1.1092801e-04
5	7	-2.6027916e-01
5	8	5.1437582e-02
5	9	4.1929563e-02
5	10	-1.2639352e-01
5	11	7.3637563e-02
5	12	-2.6520591e-02
5	13	-1.0678306e-01
5	14	-9.9840618e-02
5	15	-1.7397507e-01
5	16	-1.1728141e-01
5	17	-2.9112189e-01
5	18	1.1085986e-01
5	19	-2.1490418e-01
5	20	1.1160729e-02
5	21	9.9518567e-02
5	22	1.8905790e-01
5	23	1.1467013e-01
5	24	-1.8844984e-01
6	7	1.6046082e-01
6	8	7.8733329e-02
6	9	-5.7266816e-02
6	10	-1.0589573e-01
6	11	-8.4933477e-02
6	12	-3.3959815e-02
6	13	-6.8897952e-02
6	14	1.3951714e-01
6	15	-3.5737901e-02
6	16	2.8611115e-02
6	17	1.5858493e-01
6	18	2.9966338e-03
6	19	1.7809549e-01
6	20	-3.0531285e-02
6	21	1.2916578e-01
6	22	4.8057770e-02
6	23	4.3629500e-02
6	24	9.5028171e-02
7	8	5.0179736e-02
7	9	-9.2838392e-02
7	10	6.3387899e-02
7	11	-1.0647087e-01
7	12	4.4730941e-02
7	13	-1.0930027e-01
7	14	1.5289856e-01
7	15	2.8622192e-01
7	16	8.6255756e-02
7	17	1.7876603e-01
7	18	-9.2879234e-02
7	19	-1.2586424e-01
7	20	-7.9812438e-02
7	21	1.0070674e-01
7	22	1.6244679e-01
7	23	-1.4838805e-01
7	24	-1.5570624e-01
8	9	1.0146210e-01
8	10	1.4064103e-01
8	11	2.6987044e-01
8	12	-2.0510068e-01
8	13	1.4321226e-01
8	14	-2.7972784e-01
8	15	-4.9501171e-02
8	16	2.8228053e-01
8	17	1.3211397e-01
8	18	-3.8444156e-02
8	19	-4.5238493e-02
8	20	-5.6400134e-02
8	21	1.7222283e-01
8	22	3.2576539e-01
8	23	1.6168221e-01
8	24	-1.8842218e-01
9	10	1.4854188e-01
9	11	1.8511214e-01
9	12	-4.7581418e-02
9	13	2.7099876e-01
9	14	-2.3600250e-01
9	15	7.2186165e-02
9	16	-3.0307481e-02
9	17	-1.5912494e-01
9	18	2.7532253e-02
9	19	2.5415933e-01
9	20	9.1213783e-02
9	21	-1.6254377e-01
9	22	-2.8530765e-02
9	23	-3.1900088e-01
9	24	2.7333776e-01
10	11	5.6602854e-02
10	12	-1.8238229e-02
10	13	8.2298524e-02
10	14	-1.1546860e-01
10	15	1.4353971e-01
10	16	7.9563669e-02
10	17	-2.0171871e-02
10	18	-1.0881486e-02
10	19	-5.1856699e-03
10	20	2.2955869e-02
10	21	1.2615950e-02
10	22	3.4515578e-02
10	23	-9.5784388e-02
10	24	-2.2712926e-02
11	12	-1.3672769e-01
11	13	9.5762244e-02
11	14	5.0904711e-02
11	15	-6.0149789e-02
11	16	-2.3878611e-02
11	17	-2.1337969e-01
11	18	-1.2353713e-01
11	19	1.6964071e-01
11	20	2.1596267e-02
11	21	5.2843998e-02
11	22	7.7666175e-02
11	23	2.7878664e-01
11	24	1.6170559e-01
12	13	3.1267917e-02
12	14	-1.4749514e-01
12	15	1.9529319e-01
12	16	-1.3056081e-01
12	17	4.5726773e-02
12	18	-1.2268988e-01
12	19	-4.5330820e-02
12	20	3.7118325e-02
12	21	1.4848807e-01
12	22	-1.1654258e-01
12	23	3.0800581e-02
12	24	1.1626675e-01
13	14	-1.3779023e-01
13	15	5.0403146e-02
13	16	-4.5255585e-02
13	17	-2.0235501e-03
13	18	-4.2732465e-02
13	19	1.3417272e-01
13	20	4.6277746e-02
13	21	-1.4678198e-02
13	22	-1.5993594e-01
13	23	1.4371101e-02
13	24	1.7926325e-01
14	15	-1.6721182e-01
14	16	-1.2262287e-01
14	17	6.8537431e-02
14	18	2.6502976e-02
14	19	1.6638052e-01
14	20	-2.7796590e-02
14	21	-2.3624080e-02
14	22	2.5965813e-02
14	23	1.1148753e-01
14	24	3.8175512e-03
15	16	2.2747914e-02
15	17	1.5484041e-01
15	18	-2.0619374e-01
15	19	-1.5678689e-01
15	20	3.2759262e-02
15	21	9.4710211e-02
15	22	-2.2296293e-01
15	23	2.6393908e-02
15	24	2.6216448e-01
16	17	1.5112770e-01
16	18	4.5106347e-02
16	19	4.4887780e-02
16	20	-2.0394843e-01
16	21	-2.7778221e-02
16	22	2.9829275e-01
16	23	5.3966659e-02
16	24	-1.6557793e-01
17	18	-2.0368121e-02
17	19	1.0179499e-01
17	20	-4.8788032e-02
17	21	-1.0187664e-01
17	22	-2.7855078e-02
17	23	6.2438280e-02
17	24	1.0555349e-01
18	19	5.8422196e-03
18	20	-4.7303460e-03
18	21	-1.5556292e-01
18	22	1.0457813e-01
18	23	-3.0722842e-01
18	24	-1.5467392e-01
19	20	-6.9102942e-02
19	21	-4.4726000e-02
19	22	7.6920540e-03
19	23	1.0692212e-01
19	24	3.8010515e-01
20	21	-4.2268931e-02
20	22	-2.5228804e-01
20	23	-1.4050726e-01
20	24	1.5771345e-01
21	22	1.1763151e-01
21	23	2.7689789e-01
21	24	-9.8395549e-02
22	23	1.3399023e-02
22	24	-4.8006527e-01
23	24	9.7388446e-02
