0	1	-1.7432347e-01
0	2	1.5373738e-01
0	3	-1.0234182e-02
0	4	-7.4307626e-02
0	5	-9.6692307e-02
0	6	5.3727044e-02
0	7	-1.4713167e-01
0	8	1.6504330e-01
0	9	1.9897408e-01
0	10	-2.2490235e-01
0	11	-3.5561597e-02
0	12	1.5157905e-01
0	13	1.4468373e-01
0	14	-1.4719743e-01
0	15	2.6085079e-02
0	16	-3.9620386e-02
0	17	1.3621449e-02
0	18	1.0178825e-01
0	19	5.8894690e-02
0	20	1.8769248e-01
0	21	1.4141070e-01
0	22	1.5232122e-01
0	23	-9.3235510e-02
0	24	-2.4472818e-02
1	2	-1.3607657e-01
1	3	-2.1872610e-01
1	4	-1.2088536e-02
1	5	-1.0172480e-01
1	6	8.3602876e-03
1	7	-1.2239140e-01
1	8	-6.6577287e-02
1	9	-2.0921971e-01
1	10	3.1016835e-04
1	11	2.5953120e-02
1	12	-1.3027815e-01
1	13	6.1092395e-02
1	14	4.5230758e-02
1	15	1.7018347e-01
1	16	3.1510660e-02
1	17	3.9249606e-02
1	18	-4.1091811e-02
1	19	-1.2036056e-01
1	20	6.5328658e-02
1	21	-1.9124676e-01
1	22	-1.0293820e-01
1	23	2.0835499e-01
1	24	1.2216422e-01
2	3	3.5384731e-02
2	4	-1.1628795e-01
2	5	-2.0721073e-02
2	6	-7.3898658e-02
2	7	-5.3124914e-02
2	8	-2.4479159e-02
2	9	8.3197854e-02
2	10	-1.7856652e-01
2	11	-3.1200996e-02
2	12	9.9619022e-02
2	13	8.1277649e-02
2	14	-1.3212115e-01
2	15	-1.9630055e-02
2	16	-6.8413635e-02
2	17	-1.4774616e-01
2	18	-1.4847897e-01
2	19	2.2738967e-01
2	20	9.2470937e-02
2	21	-6.7601050e-02
2	22	2.6296659e-01
2	23	-2.6298771e-01
2	24	9.7715007e-02
3	4	1.7245149e-01
3	5	2.7969200e-02
3	6	-6.0838111e-02
3	7	2.4944894e-01
3	8	9.1993852e-02
3	9	1.2469244e-01
3	10	-3.5362371e-02
3	11	2.4368064e-02
3	12	-1.3697862e-01
3	13	-1.7186671e-01
3	14	-8.6394550e-02
3	15	-4.2009837e-01
3	16	6.8267497e-02
3	17	-6.4227423e-02
3	18	-7.2596526e-02
3	19	1.6466441e-01
3	20	-2.5068541e-01
3	21	-1.1220225e-01
3	22	7.8315091e-02
3	23	-1.7678166e-01
3	24	-3.0413099e-01
4	5	3.3775807e-02
4	6	-1.7358198e-01
4	7	8.1126673e-02
4	8	1.2013683e-01
4	9	5.4477691e-02
4	10	-1.2931016e-01
4	11	-4.3010531e-02
4	12	-1.8927701e-01
4	13	3.8120227e-02
4	14	-6.1156558e-02
4	15	4.3148197e-02
4	16	-1.0066718e-01
4	17	-9.1690763e-02
4	18	1.4401063e-02
4	19	-2.1881843e-01
4	20	-9.6102096e-02
4	21	-2.7157558e-02
4	22	-1.9648038e-01
4	23	9.0481076e-02
4	24	-2.4489274e-01
5	6	-2.9519673e-02
5	7	1.4869274e-02
5	8	-2.3828757e-03
5	9	4.2678392e-02
5	10	3.5271793e-01
5	11	-1.5379448e-01
5	12	1.8273165e-01
5	13	-2.3788570e-02
5	14	8.5709390e-03
5	15	-1.4155501e-01
5	16	-1.7932377e-01
5	17	1.1717262e-01
5	18	-1.2189635e-01
5	19	-1.2743689e-01
5	20	-2.6975032e-01
5	21	-1.1626463e-01
5	22	-2.4102451e-01
5	23	-1.5340756e-01
5	24	-5.6104096e-02
6	7	1.9424657e-01
6	8	8.2026124e-02
6	9	1.7074378e-03
6	10	-1.0412904e-02
6	11	-8.0005136e-03
6	12	1.4654248e-01
6	13	-1.2632598e-01
6	14	-1.0050245e-01
6	15	-2.1253529e-01
6	16	1.1599546e-01
6	17	6.2457108e-03
6	18	1.5628949e-01
6	19	6.1311977e-03
6	20	-2.4582353e-01
6	21	1.9791059e-02
6	22	1.1233455e-01
6	23	1.5496500e-01
6	24	1.7629102e-01
7	8	2.4158521e-01
7	9	-2.1718848e-01
7	10	1.6841259e-01
7	11	8.7187642e-02
7	12	1.4430392e-02
7	13	-1.3600123e-01
7	14	1.1119184e-01
7	15	-4.3284225e-01
7	16	2.4545739e-01
7	17	1.9729250e-02
7	18	1.0405757e-01
7	19	1.8676877e-01
7	20	-3.6590244e-01
7	21	-5.2130222e-02
7	22	2.0931047e-01
7	23	-1.0505165e-01
7	24	-1.8027184e-01
8	9	4.6797495e-02
8	10	-1.1404087e-02
8	11	6.5279549e-02
8	12	8.8894589e-02
8	13	1.9507245e-01
8	14	-1.2301005e-01
8	15	-1.7492943e-01
8	16	1.2389777e-01
8	17	2.6556355e-01
8	18	4.9760489e-02
8	19	6.9001986e-02
8	20	-5.7813360e-02
8	21	2.8770941e-02
8	22	1.3850612e-01
8	23	-2.1925564e-01
8	24	-1.3706990e-01
9	10	-2.0608464e-01
9	11	-5.7610607e-02
9	12	2.7359580e-02
9	13	-9.6080701e-02
9	14	-1.8158741e-01
9	15	1.8206355e-02
9	16	-1.7993633e-01
9	17	-6.7833513e-04
9	18	-7.4201186e-02
9	19	8.5295093e-02
9	20	-2.8608669e-02
9	21	8.9696762e-02
9	22	2.9499201e-02
9	23	-7.7431459e-02
9	24	-7.0021117e-03
10	11	-1.6631326e-02
10	12	3.7644101e-02
10	13	-1.1680680e-01
10	14	2.1978822e-01
10	15	-1.4720792e-01
10	16	-2.2737581e-02
10	17	9.8429241e-02
10	18	-1.9077313e-01
10	19	-1.0074189e-01
10	20	-1.9019886e-01
10	21	-1.6189090e-02
10	22	-2.4558084e-01
10	23	-1.6404193e-01
10	24	-5.8803642e-02
11	12	-2.0809853e-01
11	13	-5.3605668e-02
11	14	-9.9043152e-03
11	15	-5.4572374e-02
11	16	9.4723851e-02
11	17	9.7376108e-02
11	18	-2.9710323e-03
11	19	1.4211886e-01
11	20	1.7689568e-01
11	21	2.0427313e-01
11	22	2.0040813e-01
11	23	-2.4480807e-01
11	24	5.4708677e-02
12	13	2.2491454e-01
12	14	-5.6977862e-02
12	15	3.6900968e-02
12	16	-1.2628988e-02
12	17	1.6036488e-01
12	18	1.7554474e-01
12	19	5.8769682e-03
12	20	-1.3637201e-01
12	21	-1.9859231e-02
12	22	-2.6727319e-02
12	23	8.5567348e-02
12	24	3.8790722e-02
13	14	-5.5015267e-02
13	15	2.1614195e-01
13	16	1.2192017e-01
13	17	2.0281688e-01
13	18	8.3871159e-02
13	19	-1.2625033e-01
13	20	1.9589500e-01
13	21	1.0343572e-02
13	22	-2.2095720e-02
13	23	-1.0396082e-03
13	24	3.3329573e-02
14	15	8.5174018e-02
14	16	2.2507836e-02
14	17	-7.7371618e-02
14	18	-1.3923937e-01
14	19	-5.1915959e-02
14	20	1.3731770e-02
14	21	3.2505414e-02
14	22	-3.4065010e-02
14	23	8.4716474e-02
14	24	-1.6296094e-01
15	16	-2.0735731e-01
15	17	-1.5341710e-01
15	18	-1.3619733e-01
15	19	-1.1118927e-01
15	20	3.3968651e-01
15	21	2.4183254e-01
15	22	-1.8196378e-01
15	23	2.8794887e-01
15	24	2.4381606e-01
16	17	1.9768914e-01
16	18	2.0194876e-01
16	19	6.2322394e-03
16	20	-4.0371602e-02
16	21	-1.6424436e-02
16	22	1.2855252e-01
16	23	7.4102017e-02
16	24	5.1170628e-02
17	18	2.1223762e-01
17	19	-6.1319282e-02
17	20	-3.7228921e-03
17	21	-4.4799531e-03
17	22	-2.7958697e-02
17	23	-1.3307547e-01
17	24	1.1518571e-02
18	19	-1.4165237e-01
18	20	7.9288831e-02
18	21	7.8373853e-02
18	22	-2.2711964e-02
18	23	2.6070991e-01
18	24	1.1537754e-03
19	20	-1.5315703e-02
19	21	2.3464801e-02
19	22	3.5374048e-01
19	23	-2.6490858e-01
19	24	1.3836940e-02
20	21	2.6108775e-01
20	22	1.0695489e-01
20	23	-1.0818406e-01
20	24	8.1162630e-02
21	22	6.8713280e-02
21	23	-8.8261944e-02
21	24	9.6021314e-02
22	23	-2.7842508e-01
22	24	3.2770477e-02
23	24	7.0337485e-02
