0	1	2236
0	2	2660
0	3	1284
0	4	484
0	5	-5636
0	6	-1964
0	7	4156
0	8	740
0	9	-8100
0	10	1148
0	11	-1164
0	12	-348
0	13	5092
0	14	6996
0	15	4684
0	16	1420
0	17	-4972
0	18	4412
0	19	-348
0	20	-6724
0	21	2524
0	22	4972
0	23	-876
0	24	2780
0	25	1420
0	26	-1012
0	27	2644
0	28	1420
0	29	332
0	30	-7148
0	31	-2660
0	32	-4684
0	33	-484
1	2	3188
1	3	2116
1	4	740
1	5	-2388
1	6	7812
1	7	1692
1	8	-1964
1	9	2252
1	10	-11620
1	11	-60
1	12	-876
1	13	-6316
1	14	1028
1	15	-1284
1	16	-2644
1	17	-876
1	18	-5636
1	19	-876
1	20	-1300
1	21	-5924
1	22	-3748
1	23	-2524
1	24	620
1	25	-2644
1	26	-2388
1	27	756
1	28	1980
1	29	7692
1	30	-3324
1	31	1436
1	32	5908
1	33	3884
2	3	6860
2	4	-9716
2	5	-1964
2	6	-7540
2	7	3204
2	8	10940
2	9	2100
2	10	2100
2	11	-4836
2	12	-4020
2	13	6044
2	14	-1300
2	15	-3612
2	16	6996
2	17	-4020
2	18	9988
2	19	-13268
2	20	-7676
2	21	1572
2	22	8644
2	23	-1828
2	24	-892
2	25	-2252
2	26	-6588
2	27	3596
2	28	-2252
2	29	-3340
2	30	-6196
2	31	-1708
2	32	-1012
2	33	-4156
3	4	-4836
3	5	10532
3	6	-2388
3	7	740
3	8	8236
3	9	-1420
3	10	-6044
3	11	-3732
3	12	76
3	13	-740
3	14	1980
3	15	-332
3	16	-1692
3	17	76
3	18	4564
3	19	-9172
3	20	2372
3	21	-2252
3	22	-76
3	23	1148
3	24	-7676
3	25	-1692
3	26	-7964
3	27	-2916
3	28	-1692
3	29	-5228
3	30	6876
3	31	11636
3	32	4956
3	33	-4412
4	5	-4140
4	6	8780
4	7	-8220
4	8	-5380
4	9	-348
4	10	-348
4	11	1964
4	12	12028
4	13	-1028
4	14	5500
4	15	3188
4	16	-4700
4	17	-1844
4	18	-6332
4	19	7404
4	20	8644
4	21	-604
4	22	1844
4	23	620
4	24	5908
4	25	-76
4	26	484
4	27	1148
4	28	9172
4	29	8084
4	30	604
4	31	-8780
4	32	1436
4	33	-1980
5	6	2660
5	7	-5092
5	8	5364
5	9	1148
5	10	-3476
5	11	-1164
5	12	-4972
5	13	468
5	14	2372
5	15	60
5	16	-7828
5	17	4276
5	18	-212
5	19	-4972
5	20	7148
5	21	-2100
5	22	-4276
5	23	-5500
5	24	-6468
5	25	-3204
5	26	-5636
5	27	-1980
5	28	-3204
5	29	-4292
5	30	6724
5	31	11212
5	32	-60
5	33	-5108
6	7	-6044
6	8	-2932
6	9	2100
6	10	-7148
6	11	4412
6	12	604
6	13	1420
6	14	-1300
6	15	10260
6	16	-6876
6	17	-4020
6	18	-8508
6	19	5228
6	20	6196
6	21	-3052
6	22	-604
6	23	-6452
6	24	-892
6	25	-2252
6	26	-1964
6	27	3596
6	28	2372
6	29	5908
6	30	7676
6	31	-1708
6	32	3612
6	33	468
7	8	196
7	9	604
7	10	604
7	11	-1708
7	12	-892
7	13	-4700
7	14	-2796
7	15	-5108
7	16	876
7	17	8356
7	18	-756
7	19	-892
7	20	-10804
7	21	3068
7	22	892
7	23	-332
7	24	2236
7	25	876
7	26	-468
7	27	2100
7	28	-3748
7	29	4412
7	30	-3068
7	31	1420
7	32	5108
7	33	3596
8	9	-876
8	10	-876
8	11	-3188
8	12	-4004
8	13	4428
8	14	-2100
8	15	-4412
8	16	3476
8	17	620
8	18	5108
8	19	-8628
8	20	-2796
8	21	-2796
8	22	8628
8	23	-4020
8	24	-7132
8	25	-1148
8	26	-8508
8	27	2252
8	28	-5772
8	29	-4684
8	30	2796
8	31	-1692
8	32	-4836
8	33	-3868
9	10	-1284
9	11	1028
9	12	-4412
9	13	-604
9	14	-7132
9	15	-4820
9	16	3068
9	17	212
9	18	76
9	19	212
9	20	2236
9	21	2236
9	22	-212
9	23	1012
9	24	1708
9	25	-1556
9	26	-3476
9	27	-2780
9	28	-1556
9	29	-468
9	30	2388
9	31	2524
9	32	4820
9	33	348
10	11	-3596
10	12	212
10	13	4020
10	14	2116
10	15	-196
10	16	3068
10	17	212
10	18	9324
10	19	-4412
10	20	-7012
10	21	11484
10	22	4412
10	23	-3612
10	24	1708
10	25	3068
10	26	5772
10	27	1844
10	28	3068
10	29	-5092
10	30	-2236
10	31	-6724
10	32	-4428
10	33	-4276
11	12	2524
11	13	1708
11	14	-4820
11	15	-2508
11	16	756
11	17	-6724
11	18	-2236
11	19	2524
11	20	4548
11	21	4548
11	22	-2524
11	23	-1300
11	24	-604
11	25	5380
11	26	-1164
11	27	-5092
11	28	756
11	29	-2780
11	30	76
11	31	-4412
11	32	-2116
11	33	7284
12	13	-3732
12	14	-1012
12	15	-3324
12	16	-4684
12	17	1708
12	18	1572
12	19	1708
12	20	740
12	21	5364
12	22	2916
12	23	-484
12	24	3204
12	25	-60
12	26	4276
12	27	3340
12	28	-60
12	29	5652
12	30	-740
12	31	-604
12	32	3324
12	33	1844
13	14	2796
13	15	5108
13	16	-876
13	17	-8356
13	18	5380
13	19	-3732
13	20	-3068
13	21	1556
13	22	3732
13	23	332
13	24	-2236
13	25	-5500
13	26	-4156
13	27	-2100
13	28	-876
13	29	-4412
13	30	-1556
13	31	-1420
13	32	-9732
13	33	-3596
14	15	3204
14	16	-7404
14	17	-1012
14	18	-1148
14	19	-5636
14	20	3460
14	21	-5788
14	22	-3612
14	23	-2388
14	24	484
14	25	1844
14	26	-6876
14	27	-4004
14	28	11092
14	29	2932
14	30	-8084
14	31	-3324
14	32	-3204
14	33	-10124
15	16	-468
15	17	-7948
15	18	-3460
15	19	5924
15	20	5772
15	21	-3476
15	22	3324
15	23	-76
15	24	2796
15	25	-468
15	26	60
15	27	7556
15	28	4156
15	29	620
15	30	3476
15	31	-1012
15	32	3732
15	33	-3188
16	17	-4684
16	18	4428
16	19	-60
16	20	-2116
16	21	2508
16	22	4684
16	23	5908
16	24	1436
16	25	7420
16	26	1420
16	27	1572
16	28	-1828
16	29	-5364
16	30	-2508
16	31	-6996
16	32	468
16	33	76
17	18	-7676
17	19	1708
17	20	-3884
17	21	740
17	22	-6332
17	23	-484
17	24	3204
17	25	-4684
17	26	4276
17	27	3340
17	28	-4684
17	29	10276
17	30	-740
17	31	4020
17	32	3324
17	33	-2780
18	19	-12300
18	20	-8372
18	21	10124
18	22	7676
18	23	-4972
18	24	-6180
18	25	4428
18	26	-212
18	27	-1420
18	28	-4820
18	29	-12980
18	30	-876
18	31	3884
18	32	-5788
18	33	-2916
19	20	5364
19	21	-3884
19	22	-1708
19	23	8764
19	24	7828
19	25	-4684
19	26	8900
19	27	3340
19	28	-60
19	29	5652
19	30	3884
19	31	-604
19	32	3324
19	33	11092
20	21	-7812
20	22	-740
20	23	2660
20	24	3868
20	25	2508
20	26	-6724
20	27	-892
20	28	7132
20	29	1420
20	30	3188
20	31	-1572
20	32	3476
20	33	-4020
21	22	3884
21	23	-6588
21	24	3868
21	25	2508
21	26	7148
21	27	3732
21	28	-2116
21	29	-3204
21	30	-1436
21	31	-1572
21	32	-1148
21	33	604
22	23	-4140
22	24	6044
22	25	60
22	26	-4276
22	27	10532
22	28	60
22	29	-1028
22	30	740
22	31	-8644
22	32	-3324
22	33	-1844
23	24	2644
23	25	-3340
23	26	3748
23	27	-6740
23	28	1284
23	29	196
23	30	1964
23	31	1828
23	32	76
23	33	4004
24	25	-3188
24	26	2780
24	27	9460
24	28	6060
24	29	11772
24	30	-8492
24	31	-8356
24	32	1828
24	33	-1284
25	26	-3204
25	27	-3052
25	28	2796
25	29	-5364
25	30	-2508
25	31	-6996
25	32	468
25	33	-4548
26	27	2644
26	28	-3204
26	29	332
26	30	2100
26	31	1964
26	32	-60
26	33	8764
27	28	-3052
27	29	7284
27	30	-3732
27	31	-3596
27	32	6316
27	33	-1148
28	29	3884
28	30	-2508
28	31	-11620
28	32	468
28	33	-4548
29	30	-6044
29	31	-5908
29	32	4004
29	33	-3460
30	31	6196
30	32	1148
30	33	4020
31	32	5636
31	33	4156
32	33	3188
