0	1	1468
0	2	7508
0	3	2204
0	4	-15748
0	5	1876
0	6	380
0	7	-2476
0	8	1252
0	9	1060
0	10	1796
0	11	572
0	12	-1196
0	13	-244
0	14	1252
0	15	-3156
0	16	-6092
0	17	-3780
0	18	-4324
0	19	2148
0	20	-2420
0	21	108
0	22	1332
0	23	-4380
0	24	5604
0	25	9220
0	26	-2204
0	27	5876
0	28	1524
0	29	-3428
0	30	-2012
0	31	-924
0	32	2556
0	33	4732
1	2	7724
1	3	-5468
1	4	3236
1	5	1388
1	6	-1740
1	7	-3508
1	8	4732
1	9	2204
1	10	-436
1	11	788
1	12	7180
1	13	-3020
1	14	4732
1	15	6420
1	16	-6420
1	17	-4108
1	18	1060
1	19	1116
1	20	-5468
1	21	-1468
1	22	-2692
1	23	-1604
1	24	380
1	25	-5956
1	26	844
1	27	108
1	28	-164
1	29	-2556
1	30	3372
1	31	-2340
1	32	708
1	33	-1468
2	3	-4052
2	4	-3508
2	5	-1116
2	6	-7236
2	7	-844
2	8	-380
2	9	-1932
2	10	-4460
2	11	3564
2	12	1796
2	13	2748
2	14	8868
2	15	7724
2	16	-3100
2	17	-5412
2	18	-5956
2	19	3780
2	20	-4052
2	21	6364
2	22	2964
2	23	-2748
2	24	-652
2	25	-3020
2	26	4052
2	27	4244
2	28	-4732
2	29	-6420
2	30	5604
2	31	-7180
2	32	-436
2	33	1740
3	4	-4188
3	5	4188
3	6	7316
3	7	-4788
3	8	3564
3	9	-1252
3	10	-9764
3	11	-1740
3	12	1116
3	13	-2556
3	14	-5684
3	15	-10092
3	16	844
3	17	-1468
3	18	2612
3	19	-9412
3	20	4516
3	21	-2204
3	22	-980
3	23	2556
3	24	-5956
3	25	2284
3	26	-4516
3	27	-5684
3	28	-788
3	29	-5740
3	30	-8948
3	31	-3236
3	32	244
3	33	7044
4	5	-5604
4	6	-2476
4	7	3916
4	8	-516
4	9	2828
4	10	28
4	11	-1196
4	12	1660
4	13	-2012
4	14	4108
4	15	3236
4	16	1388
4	17	-924
4	18	3156
4	19	-708
4	20	436
4	21	1876
4	22	-6148
4	23	2012
4	24	-788
4	25	-7508
4	26	4188
4	27	-9764
4	28	-4868
4	29	-1660
4	30	5468
4	31	-2692
4	32	-300
4	33	-2748
5	6	-2148
5	7	-3916
5	8	-4108
5	9	-7452
5	10	-4652
5	11	10444
5	12	-1660
5	13	-11860
5	14	-4108
5	15	1388
5	16	3236
5	17	5548
5	18	-3156
5	19	708
5	20	-436
5	21	-6500
5	22	6148
5	23	7236
5	24	788
5	25	-1740
5	26	-8812
5	27	516
5	28	244
5	29	-2964
5	30	-5468
5	31	7316
5	32	-8948
5	33	-1876
6	7	-2420
6	8	12892
6	9	7916
6	10	-1524
6	11	-9548
6	12	6092
6	13	516
6	14	-5604
6	15	-6364
6	16	-2884
6	17	-5196
6	18	-28
6	19	-2420
6	20	7316
6	21	-5004
6	22	-1604
6	23	-516
6	24	3916
6	25	-244
6	26	-7316
6	27	-980
6	28	3372
6	29	3156
6	30	-2340
6	31	-3428
6	32	1796
6	33	-380
7	8	-3836
7	9	1524
7	10	4868
7	11	-3156
7	12	3236
7	13	2284
7	14	5412
7	15	-3508
7	16	3508
7	17	1196
7	18	-2884
7	19	5060
7	20	4460
7	21	7100
7	22	1252
7	23	-6908
7	24	5684
7	25	-6636
7	26	4788
7	27	788
7	28	-4108
7	29	-3236
7	30	-572
7	31	-1660
7	32	4652
7	33	-2148
8	9	4324
8	10	-1468
8	11	-7316
8	12	4788
8	13	5740
8	14	-6636
8	15	108
8	16	-4732
8	17	-11668
8	18	6284
8	19	788
8	20	3564
8	21	-5876
8	22	-4652
8	23	3508
8	24	-2284
8	25	-1388
8	26	-8188
8	27	2612
8	28	2884
8	29	4460
8	30	-652
8	31	-4188
8	32	5820
8	33	3372
9	10	3780
9	11	-13492
9	12	2148
9	13	1196
9	14	4324
9	15	-2420
9	16	-6828
9	17	108
9	18	-3972
9	19	-7724
9	20	3372
9	21	3564
9	22	-6908
9	23	-5820
9	24	9220
9	25	-924
9	26	1252
9	27	-300
9	28	-572
9	29	7100
9	30	2964
9	31	1876
9	32	5740
9	33	-5684
10	11	-6772
10	12	-3916
10	13	1660
10	14	-1468
10	15	4188
10	16	-4188
10	17	2748
10	18	2204
10	19	4868
10	20	-516
10	21	-1796
10	22	-9820
10	23	-6284
10	24	7508
10	25	2692
10	26	516
10	27	3156
10	28	-1196
10	29	8540
10	30	-108
10	31	5604
10	32	5276
10	33	-1796
11	12	-516
11	13	-4188
11	14	1932
11	15	788
11	16	3836
11	17	1524
11	18	980
11	19	6092
11	20	-6364
11	21	-572
11	22	9900
11	23	8812
11	24	-2964
11	25	3916
11	26	1740
11	27	1932
11	28	2204
11	29	-8732
11	30	-1332
11	31	-244
11	32	-7372
11	33	4052
12	13	3292
12	14	9412
12	15	-6692
12	16	-7180
12	17	-244
12	18	-788
12	19	3236
12	20	-3508
12	21	5820
12	22	2420
12	23	1332
12	24	-108
12	25	-8188
12	26	-1116
12	27	-4460
12	28	-4188
12	29	-6964
12	30	-3100
12	31	-6636
12	32	-980
12	33	1196
13	14	1116
13	15	-3020
13	16	-1604
13	17	-3916
13	18	4788
13	19	2284
13	20	-2556
13	21	4868
13	22	-3156
13	23	380
13	24	-8404
13	25	108
13	26	2556
13	27	1116
13	28	-3236
13	29	5956
13	30	-2148
13	31	-1060
13	32	7316
13	33	244
14	15	108
14	16	-4732
14	17	2204
14	18	-2964
14	19	788
14	20	-10308
14	21	17244
14	22	4596
14	23	-1116
14	24	6964
14	25	-6012
14	26	5684
14	27	2612
14	28	-1740
14	29	-4788
14	30	-652
14	31	-4188
14	32	1196
14	33	-1252
15	16	2828
15	17	516
15	18	1060
15	19	5740
15	20	-5468
15	21	-1468
15	22	-2692
15	23	3020
15	24	380
15	25	-5956
15	26	844
15	27	4732
15	28	4460
15	29	6692
15	30	7996
15	31	2284
15	32	-3916
15	33	-6092
16	17	-516
16	18	-1060
16	19	3508
16	20	844
16	21	-3156
16	22	7316
16	23	1604
16	24	-5004
16	25	-3292
16	26	-844
16	27	-108
16	28	4788
16	29	-2068
16	30	1252
16	31	2340
16	32	-708
16	33	-3156
17	18	-3372
17	19	-3428
17	20	-1468
17	21	3780
17	22	380
17	23	3916
17	24	1932
17	25	-980
17	26	1468
17	27	-2420
17	28	-2148
17	29	4868
17	30	-1060
17	31	9276
17	32	-7644
17	33	-5468
18	19	-2884
18	20	-6636
18	21	-300
18	22	-8324
18	23	4460
18	24	-7860
18	25	-436
18	26	2012
18	27	1660
18	28	6556
18	29	5412
18	30	-10852
18	31	-516
18	32	6772
18	33	4324
19	20	-4788
19	21	-2148
19	22	5876
19	23	2340
19	24	1060
19	25	-2012
19	26	-4460
19	27	788
19	28	516
19	29	-3236
19	30	4052
19	31	-1660
19	32	-4596
19	33	-2148
20	21	-6828
20	22	-980
20	23	-6692
20	24	3292
20	25	2284
20	26	108
20	27	-1060
20	28	-5412
20	29	-1116
20	30	4924
20	31	-3236
20	32	244
20	33	2420
21	22	3292
21	23	-244
21	24	3644
21	25	-4596
21	26	6828
21	27	3372
21	28	-1524
21	29	-1196
21	30	-2612
21	31	-3700
21	32	2068
21	33	-108
22	23	3156
22	24	244
22	25	-1196
22	26	-3644
22	27	4596
22	28	4324
22	29	-7044
22	30	3236
22	31	-2476
22	32	-8404
22	33	-1332
23	24	-5468
23	25	-108
23	26	-7180
23	27	-1116
23	28	3236
23	29	3292
23	30	-2476
23	31	5684
23	32	-7316
23	33	-244
24	25	3508
24	26	1332
24	27	6964
24	28	2612
24	29	108
24	30	3700
24	31	164
24	32	1468
24	33	-980
25	26	2340
25	27	3236
25	28	2964
25	29	-1060
25	30	1876
25	31	788
25	32	2204
25	33	9276
26	27	1060
26	28	788
26	29	-3508
26	30	4324
26	31	-6012
26	32	4380
26	33	2204
27	28	7508
27	29	4460
27	30	-652
27	31	436
27	32	5820
27	33	3372
28	29	4188
28	30	-380
28	31	708
28	32	924
28	33	-1524
29	30	-1524
29	31	11260
29	32	980
29	33	-10444
30	31	-2828
30	32	-4788
30	33	-2612
31	32	-1252
31	33	-8324
32	33	6692
