0	1	-3004
0	2	7356
0	3	2868
0	4	6540
0	5	556
0	6	8148
0	7	-1508
0	8	-4636
0	9	-7332
0	10	7356
0	11	828
0	12	124
0	13	2052
0	14	4068
0	15	-1916
0	16	10756
0	17	2324
0	18	-5180
0	19	-7900
0	20	-284
0	21	-6812
0	22	7332
0	23	-6380
0	24	-9508
0	25	4364
0	26	-6108
0	27	-3932
0	28	-5180
0	29	-1236
0	30	4612
0	31	1372
0	32	-2164
0	33	-4612
1	2	-2300
1	3	2460
1	4	-3116
1	5	-13724
1	6	-692
1	7	-5724
1	8	396
1	9	6132
1	10	2324
1	11	5044
1	12	532
1	13	1644
1	14	-4772
1	15	3116
1	16	5724
1	17	-2708
1	18	-148
1	19	-7492
1	20	124
1	21	2844
1	22	-1508
1	23	2460
1	24	3956
1	25	-668
1	26	2732
1	27	284
1	28	4476
1	29	3796
1	30	396
1	31	-3660
1	32	6676
1	33	-396
2	3	2436
2	4	3388
2	5	124
2	6	5044
2	7	5452
2	8	-668
2	9	3388
2	10	2572
2	11	-4772
2	12	-804
2	13	-1372
2	14	4500
2	15	1236
2	16	-828
2	17	2980
2	18	-4748
2	19	-2028
2	20	-9644
2	21	1508
2	22	1236
2	23	-2188
2	24	-8308
2	25	940
2	26	2164
2	27	-12
2	28	-124
2	29	-4068
2	30	3956
2	31	-5316
2	32	-1780
2	33	-3956
3	4	-1372
3	5	-4636
3	6	5180
3	7	964
3	8	4092
3	9	-5996
3	10	2436
3	11	4340
3	12	3956
3	13	-1508
3	14	4636
3	15	-3252
3	16	-964
3	17	2844
3	18	12
3	19	2732
3	20	-260
3	21	-7604
3	22	-3252
3	23	-2324
3	24	804
3	25	5428
3	26	-7220
3	27	9100
3	28	4636
3	29	692
3	30	4092
3	31	3796
3	32	2708
3	33	-4092
4	5	-3684
4	6	8852
4	7	4636
4	8	3140
4	9	-5044
4	10	3388
4	11	668
4	12	-1620
4	13	-5180
4	14	-5564
4	15	420
4	16	-12
4	17	-828
4	18	3684
4	19	-7468
4	20	-1212
4	21	692
4	22	-4204
4	23	-5996
4	24	-2868
4	25	1756
4	26	7604
4	27	-3820
4	28	-940
4	29	4364
4	30	-1484
4	31	-4500
4	32	3660
4	33	1484
5	6	-6380
5	7	-1348
5	8	-2844
5	9	940
5	10	-4500
5	11	-7220
5	12	1644
5	13	5428
5	14	6948
5	15	3684
5	16	-3276
5	17	532
5	18	2324
5	19	5044
5	20	6676
5	21	-668
5	22	3684
5	23	-12
5	24	-6132
5	25	3116
5	26	-4908
5	27	-2460
5	28	-6924
5	29	-1620
5	30	1780
5	31	6108
5	32	-4228
5	33	2844
6	7	804
6	8	6924
6	9	-396
6	10	9668
6	11	3140
6	12	2436
6	13	-9508
6	14	-2868
6	15	396
6	16	3820
6	17	12
6	18	-2868
6	19	-964
6	20	-2596
6	21	124
6	22	-4228
6	23	-8692
6	24	2052
6	25	2052
6	26	5452
6	27	3004
6	28	-2868
6	29	1076
6	30	-2324
6	31	-940
6	32	148
6	33	-2300
7	8	1892
7	9	12
7	10	5452
7	11	-1076
7	12	-2596
7	13	4772
7	14	-3276
7	15	-12
7	16	-9644
7	17	420
7	18	-7900
7	19	7876
7	20	-7628
7	21	4340
7	22	-12
7	23	964
7	24	-2164
7	25	-2164
7	26	1236
7	27	3412
7	28	-3276
7	29	668
7	30	1892
7	31	-5156
7	32	556
7	33	-1892
8	9	3140
8	10	3956
8	11	2052
8	12	3524
8	13	-1348
8	14	-1780
8	15	1484
8	16	-6516
8	17	-1076
8	18	-1780
8	19	124
8	20	-1508
8	21	1212
8	22	-7764
8	23	-5156
8	24	964
8	25	5588
8	26	4364
8	27	6540
8	28	-1780
8	29	6788
8	30	-1236
8	31	-2028
8	32	3684
8	33	1236
9	10	-1236
9	11	-3956
9	12	3004
9	13	-556
9	14	-5564
9	15	9668
9	16	-12
9	17	-828
9	18	-940
9	19	1780
9	20	-5836
9	21	5316
9	22	-4204
9	23	-1372
9	24	1756
9	25	-2868
9	26	7604
9	27	-3820
9	28	-940
9	29	4364
9	30	-1484
9	31	-4500
9	32	-964
9	33	6108
10	11	-148
10	12	-804
10	13	3252
10	14	-124
10	15	-3388
10	16	-828
10	17	-1644
10	18	-9372
10	19	-2028
10	20	-396
10	21	6132
10	22	5860
10	23	2436
10	24	940
10	25	5564
10	26	-2460
10	27	-12
10	28	-4748
10	29	-4068
10	30	3956
10	31	-692
10	32	-6404
10	33	-3956
11	12	-2708
11	13	-4092
11	14	-2028
11	15	-5292
11	16	1076
11	17	260
11	18	-2028
11	19	5316
11	20	2324
11	21	-396
11	22	-668
11	23	-284
11	24	7468
11	25	-1780
11	26	-5180
11	27	1892
11	28	2596
11	29	3276
11	30	-2572
11	31	1212
11	32	4748
11	33	-2052
12	13	-1484
12	14	-6268
12	15	10868
12	16	7220
12	17	-5836
12	18	-1644
12	19	260
12	20	3252
12	21	-7900
12	22	-12252
12	23	-668
12	24	828
12	25	828
12	26	-396
12	27	6404
12	28	-1644
12	29	2300
12	30	3524
12	31	7084
12	32	-1076
12	33	-3524
13	14	3820
13	15	556
13	16	-148
13	17	3660
13	18	-5428
13	19	-2708
13	20	3548
13	21	828
13	22	9804
13	23	3116
13	24	-12252
13	25	1620
13	26	-6404
13	27	5292
13	28	-5428
13	29	4500
13	30	7900
13	31	-12
13	32	3524
13	33	-3276
14	15	-8308
14	16	-5972
14	17	4092
14	18	2300
14	19	-420
14	20	2572
14	21	668
14	22	10188
14	23	12
14	24	-7740
14	25	10756
14	26	-8964
14	27	2460
14	28	-2324
14	29	-7628
14	30	-1780
14	31	3140
14	32	-396
14	33	-2844
15	16	4636
15	17	-8420
15	18	-3684
15	19	-1780
15	20	1212
15	21	-692
15	22	-9668
15	23	-3252
15	24	-1756
15	25	-1756
15	26	6268
15	27	-804
15	28	-8308
15	29	4884
15	30	1484
15	31	-124
15	32	5588
15	33	3140
16	17	-420
16	18	-1348
16	19	-7876
16	20	3004
16	21	-8964
16	22	12
16	23	-5588
16	24	-2460
16	25	-2460
16	26	-1236
16	27	-3412
16	28	-1348
16	29	3956
16	30	2732
16	31	5156
16	32	-556
16	33	-2732
17	18	4092
17	19	2188
17	20	-5428
17	21	-3524
17	22	5452
17	23	-1780
17	24	-3276
17	25	-3276
17	26	-6676
17	27	396
17	28	8716
17	29	4772
17	30	8172
17	31	-284
17	32	-1372
17	33	5700
18	19	-5044
18	20	2572
18	21	-3956
18	22	-3684
18	23	12
18	24	1508
18	25	1508
18	26	4908
18	27	-2164
18	28	11548
18	29	1620
18	30	-6404
18	31	-1484
18	32	-396
18	33	6404
19	20	-148
19	21	2572
19	22	-1780
19	23	2732
19	24	8852
19	25	-5020
19	26	-6244
19	27	5180
19	28	-420
19	29	-1100
19	30	124
19	31	5860
19	32	-2300
19	33	-124
20	21	940
20	22	1212
20	23	-260
20	24	1236
20	25	5860
20	26	-4612
20	27	2188
20	28	-6676
20	29	1892
20	30	-1508
20	31	12116
20	32	3956
20	33	-3116
21	22	3932
21	23	6268
21	24	3140
21	25	-1484
21	26	6540
21	27	-532
21	28	-3956
21	29	-4636
21	30	-3412
21	31	-4476
21	32	1236
21	33	-1212
22	23	1372
22	24	-6380
22	25	2868
22	26	-7604
22	27	-5428
22	28	-3684
22	29	-4364
22	30	1484
22	31	-124
22	32	-3660
22	33	-1484
23	24	5428
23	25	-8444
23	26	-2596
23	27	4476
23	28	9260
23	29	-13180
23	30	4092
23	31	-5452
23	32	-6540
23	33	-4092
24	25	-5316
24	26	532
24	27	-1644
24	28	6132
24	29	-2436
24	30	-3660
24	31	2300
24	32	-3412
24	33	3660
25	26	-4092
25	27	-1644
25	28	-7740
25	29	2188
25	30	-3660
25	31	6924
25	32	1212
25	33	-964
26	27	-420
26	28	284
26	29	964
26	30	-9508
26	31	-10348
26	32	2436
26	33	260
27	28	2460
27	29	-1484
27	30	1916
27	31	1348
27	32	4884
27	33	-11164
28	29	-3004
28	30	2844
28	31	-6108
28	32	-5020
28	33	1780
29	30	2164
29	31	3820
29	32	9532
29	33	7084
30	31	2596
30	32	-940
30	33	1236
31	32	-420
31	33	-2596
32	33	940
