0	1	6568
0	2	-1672
0	3	1808
0	4	1944
0	5	4584
0	6	-2488
0	7	3224
0	8	-2000
0	9	40
0	10	-504
0	11	-6352
0	12	-3712
0	13	-1944
0	14	-1536
0	15	992
0	16	4256
0	17	-2272
0	18	-1728
0	19	-1128
0	20	6432
0	21	-640
0	22	9288
0	23	2216
0	24	776
0	25	-232
0	26	-4992
0	27	8392
0	28	-1864
0	29	-7520
0	30	232
0	31	-5400
0	32	-5616
0	33	-2352
1	2	-1184
1	3	-3576
1	4	912
1	5	-2816
1	6	-4992
1	7	3168
1	8	-4392
1	9	2816
1	10	3360
1	11	-4664
1	12	856
1	13	-912
1	14	-1320
1	15	6488
1	16	3224
1	17	-8744
1	18	4584
1	19	2896
1	20	-3576
1	21	3496
1	22	12064
1	23	640
1	24	5616
1	25	-1536
1	26	-6024
1	27	7248
1	28	96
1	29	40
1	30	10784
1	31	3632
1	32	2760
1	33	-504
2	3	-1320
2	4	-1184
2	5	-6160
2	6	-3984
2	7	-2896
2	8	-504
2	9	1536
2	10	-3632
2	11	-4856
2	12	4040
2	13	-3440
2	14	-7656
2	15	-6760
2	16	10376
2	17	-5400
2	18	4392
2	19	2000
2	20	-1320
2	21	-3768
2	22	6160
2	23	-5536
2	24	-720
2	25	5888
2	26	1128
2	27	-6976
2	28	4256
2	29	232
2	30	3360
2	31	-3904
2	32	-2488
2	33	776
3	4	10296
3	5	6296
3	6	-504
3	7	-1592
3	8	-4256
3	9	2952
3	10	-5752
3	11	4720
3	12	9968
3	13	3576
3	14	-6080
3	15	2000
3	16	3360
3	17	9888
3	18	-9152
3	19	-1864
3	20	1184
3	21	-10240
3	22	-1672
3	23	776
3	24	856
3	25	-6024
3	26	12608
3	27	7112
3	28	232
3	29	-96
3	30	6024
3	31	-5480
3	32	2624
3	33	-5264
4	5	6432
4	6	-368
4	7	3168
4	8	-4392
4	9	2816
4	10	-1264
4	11	-40
4	12	10104
4	13	-912
4	14	-1320
4	15	1864
4	16	3224
4	17	504
4	18	-4664
4	19	2896
4	20	5672
4	21	-5752
4	22	2816
4	23	9888
4	24	-3632
4	25	-6160
4	26	3224
4	27	7248
4	28	-4528
4	29	40
4	30	6160
4	31	-5616
4	32	-1864
4	33	-504
5	6	6896
5	7	-1264
5	8	7112
5	9	-4720
5	10	3984
5	11	2760
5	12	5672
5	13	2816
5	14	7848
5	15	856
5	16	-504
5	17	6840
5	18	-11112
5	19	-5616
5	20	10920
5	21	-776
5	22	-96
5	23	6704
5	24	-3712
5	25	-4992
5	26	4120
5	27	3904
5	28	2624
5	29	-2760
5	30	368
5	31	-912
5	32	-856
5	33	2408
6	7	-3712
6	8	4936
6	9	-11520
6	10	1808
6	11	5208
6	12	-1400
6	13	4992
6	14	5400
6	15	-1320
6	16	-7304
6	17	4664
6	18	584
6	19	-8064
6	20	4120
6	21	6296
6	22	-6896
6	23	9152
6	24	-1536
6	25	-2544
6	26	1944
6	27	-3168
6	28	-4176
6	29	-584
6	30	-6704
6	31	6160
6	32	1320
6	33	-40
7	8	3848
7	9	1264
7	10	-3904
7	11	-5128
7	12	4312
7	13	6080
7	14	1864
7	15	2216
7	16	5480
7	17	3576
7	18	8744
7	19	6896
7	20	-6216
7	21	9832
7	22	1264
7	23	3440
7	24	-5072
7	25	992
7	26	-3768
7	27	2544
7	28	3984
7	29	-8744
7	30	3632
7	31	-4176
7	32	-2216
7	33	1048
8	9	-7112
8	10	7304
8	11	-720
8	12	6160
8	13	9016
8	14	8608
8	15	1184
8	16	-2080
8	17	4448
8	18	-720
8	19	-1048
8	20	368
8	21	7440
8	22	-7112
8	23	-40
8	24	-7576
8	25	-2216
8	26	2544
8	27	-1320
8	28	8664
8	29	-8528
8	30	-2408
8	31	2952
8	32	-1184
8	33	4800
9	10	640
9	11	-7384
9	12	-1048
9	13	-2816
9	14	-3224
9	15	3768
9	16	5128
9	17	-6840
9	18	1864
9	19	14864
9	20	-6296
9	21	-8472
9	22	4720
9	23	-6704
9	24	3712
9	25	368
9	26	-4120
9	27	720
9	28	2000
9	29	-1864
9	30	4256
9	31	-3712
9	32	-3768
9	33	-2408
10	11	-2216
10	12	-1592
10	13	5888
10	14	5480
10	15	-312
10	16	-8200
10	17	-1672
10	18	-2216
10	19	5072
10	20	3496
10	21	-3304
10	22	640
10	23	3088
10	24	3168
10	25	912
10	26	-8200
10	27	176
10	28	-2080
10	29	-2408
10	30	-912
10	31	10704
10	32	312
10	33	1672
11	12	-2816
11	13	-4584
11	14	4256
11	15	-3712
11	16	-6976
11	17	4176
11	18	-10240
11	19	-10024
11	20	4720
11	21	2544
11	22	-7384
11	23	-312
11	24	-2680
11	25	-2488
11	26	6896
11	27	3576
11	28	-856
11	29	5616
11	30	2488
11	31	7304
11	32	8336
11	33	9696
12	13	8392
12	14	-5072
12	15	4528
12	16	7792
12	17	5888
12	18	-2816
12	19	-40
12	20	-3904
12	21	-1728
12	22	-1048
12	23	1128
12	24	-7384
12	25	-5944
12	26	12416
12	27	4856
12	28	6296
12	29	-1808
12	30	10568
12	31	-6488
12	32	96
12	33	-1264
13	14	1320
13	15	2760
13	16	-3224
13	17	8744
13	18	4664
13	19	1728
13	20	-5672
13	21	1128
13	22	-7440
13	23	-640
13	24	-992
13	25	1536
13	26	6024
13	27	2000
13	28	4528
13	29	-4664
13	30	-1536
13	31	5616
13	32	1864
13	33	-8744
14	15	2352
14	16	-8256
14	17	-912
14	18	-368
14	19	2136
14	20	7792
14	21	5344
14	22	-3224
14	23	3576
14	24	-584
14	25	1128
14	26	-3632
14	27	-2216
14	28	4120
14	29	-4256
14	30	-5752
14	31	9832
14	32	6896
14	33	5536
15	16	-5072
15	17	-3168
15	18	912
15	19	1944
15	20	-2624
15	21	-176
15	22	-856
15	23	-3032
15	24	40
15	25	-5208
15	26	4176
15	27	6296
15	28	5672
15	29	-5536
15	30	5208
15	31	-40
15	32	6432
15	33	-1456
16	17	-1808
16	18	2272
16	19	5208
16	20	-5888
16	21	1184
16	22	9752
16	23	-1672
16	24	-5944
16	25	776
16	26	912
16	27	312
16	28	2408
16	29	-2272
16	30	8472
16	31	-12552
16	32	-8800
16	33	1808
17	18	-5072
17	19	-5944
17	20	640
17	21	-1536
17	22	-6840
17	23	4856
17	24	1400
17	25	-1944
17	26	7440
17	27	-1592
17	28	-312
17	29	448
17	30	-2680
17	31	-1400
17	32	3168
17	33	-4720
18	19	8472
18	20	-9152
18	21	7168
18	22	1864
18	23	-312
18	24	1944
18	25	6760
18	26	-6976
18	27	-5672
18	28	-856
18	29	-3632
18	30	-2136
18	31	2680
18	32	-912
18	33	-4176
19	20	-6488
19	21	-4312
19	22	5616
19	23	-1456
19	24	-176
19	25	5344
19	26	-8664
19	27	-1808
19	28	-912
19	29	-8472
19	30	3904
19	31	176
19	32	-1944
19	33	1320
20	21	-5616
20	22	2952
20	23	5400
20	24	856
20	25	3224
20	26	-1264
20	27	2488
20	28	-4392
20	29	-96
20	30	-3224
20	31	3768
20	32	2624
20	33	3984
21	22	-3848
21	23	3224
21	24	-6216
21	25	-3576
21	26	-3440
21	27	40
21	28	2680
21	29	-2544
21	30	-1048
21	31	1592
21	32	-4448
21	33	6160
22	23	2544
22	24	3712
22	25	4992
22	26	-8744
22	27	720
22	28	-2624
22	29	-1864
22	30	8880
22	31	-3712
22	32	856
22	33	2216
23	24	1264
23	25	-6432
23	26	-6296
23	27	-1728
23	28	-9424
23	29	312
23	30	-2816
23	31	-1264
23	32	-1592
23	33	-232
24	25	-1184
24	26	-5944
24	27	-4528
24	28	-2816
24	29	7304
24	30	-3440
24	31	7520
24	32	4584
24	33	-10648
25	26	-3848
25	27	-4176
25	28	-2352
25	29	-2136
25	30	-640
25	31	5808
25	32	5208
25	33	1944
26	27	4936
26	28	7032
26	29	2352
26	30	3848
26	31	-3304
26	32	5072
26	33	-2816
27	28	-1184
27	29	-3576
27	30	8800
27	31	-96
27	32	-1672
27	33	1592
28	29	-3768
28	30	2352
28	31	-1808
28	32	3576
28	33	312
29	30	-2488
29	31	1944
29	32	912
29	33	-5072
30	31	-1184
30	32	4040
30	33	7304
31	32	9288
31	33	1400
32	33	1456
