0 1 2.866603595080416
0 2 -0.03468937243771681
0 3 2.052980132450331
0 4 2.5575528224534847
0 5 2.93598233995585
0 6 0.413118889940082
0 7 2.488174077578051
0 8 1.9268369599495427
0 9 2.740460422579628
0 10 5.137180700094607
0 11 3.37117628508357
0 12 -2.5575528224534847
0 13 2.052980132450331
0 14 -0.1608325449385052
0 15 0.3437401450646484
0 16 -0.21759697256385999
0 17 -2.4314096499526965
0 18 5.080416272469253
0 19 5.641753390097761
0 20 -0.21759697256385999
0 21 2.305266477451908
0 22 -5.137180700094607
0 23 4.575843582466099
0 24 -2.305266477451908
0 25 -2.052980132450331
0 26 -4.449700409965311
0 27 -0.1608325449385052
0 28 -7.855566067486597
0 29 -2.740460422579628
0 30 -5.206559444970041
0 31 4.828129927467676
0 32 -4.701986754966887
0 33 -5.137180700094607
0 34 -3.0621255124566384
0 35 -2.1791233049511196
0 36 -2.9927467675812047
0 37 0.4698833175654368
0 38 7.912330495111952
0 39 7.912330495111952
0 40 -0.5245780742821669
0 41 0.1591894773956366
1 2 7.407757805108798
1 3 -0.3437401450646484
1 4 -4.884894355093031
1 5 5.584988962472406
1 6 3.0621255124566384
1 7 -5.206559444970041
1 8 -5.515610217596972
1 9 0.09145380006307159
1 10 7.533900977609587
1 11 5.767896562598549
1 12 -5.206559444970041
1 13 4.701986754966887
1 14 -2.8098391674550616
1 15 2.740460422579628
1 16 7.477136549984232
1 17 -0.03468937243771681
1 18 7.729422894985809
1 19 2.9927467675812047
1 20 2.4314096499526965
1 21 -5.137180700094607
1 22 -7.533900977609587
1 23 2.1791233049511196
1 24 -4.954273099968464
1 25 0.3437401450646484
1 26 -2.052980132450331
1 27 -2.8098391674550616
1 28 -0.413118889940082
1 29 -0.09145380006307159
1 30 -2.8098391674550616
1 31 2.4314096499526965
1 32 2.740460422579628
1 33 2.5575528224534847
1 34 -0.6654052349416588
1 35 0.21759697256385999
1 36 -0.3437401450646484
1 37 -2.1791233049511196
1 38 0.21759697256385999
1 39 0.21759697256385999
1 46 0.5440520421990047
1 47 0.0010001748522108223
2 3 -2.488174077578051
2 4 -7.029328287606433
2 5 3.4405550299590035
2 6 0.9176915799432356
2 7 -3.0621255124566384
2 8 -2.6143172500788396
2 9 -2.8098391674550616
2 10 4.632608010091454
2 11 2.866603595080416
2 12 -3.0621255124566384
2 13 7.603279722485021
2 14 -0.6654052349416588
2 15 -0.1608325449385052
2 16 5.332702617470829
2 17 2.109744560075686
2 18 5.584988962472406
2 19 0.09145380006307159
2 20 0.2869757174392936
2 21 -2.235887732576474
2 22 -4.632608010091454
2 23 0.03468937243771681
2 24 -2.8098391674550616
2 25 2.488174077578051
2 26 -4.954273099968464
2 27 -0.6654052349416588
2 28 1.7313150425733208
2 29 2.8098391674550616
2 30 -0.6654052349416588
2 31 0.2869757174392936
2 32 4.884894355093031
2 33 0.413118889940082
2 34 1.479028697571744
2 35 2.3620309050772628
2 36 2.5575528224534847
2 37 -5.080416272469253
2 38 -2.683695994954273
2 39 -2.683695994954273
2 52 0.41072564990194715
2 53 0.5836097836103684
3 4 -0.03468937243771681
3 5 -5.458845789971618
3 6 -2.93598233995585
3 7 5.080416272469253
3 8 0.5960264900662252
3 9 -0.21759697256385999
3 10 2.4314096499526965
3 11 -0.848312835067802
3 12 0.03468937243771681
3 13 0.4698833175654368
3 14 2.683695994954273
3 15 -2.866603595080416
3 16 2.740460422579628
3 17 -0.09145380006307159
3 18 -2.5575528224534847
3 19 1.9268369599495427
3 20 7.7861873226111635
3 21 0.21759697256385999
3 22 -2.4314096499526965
3 23 8.03847366761274
3 24 -5.263323872595396
3 25 -0.4698833175654368
3 26 1.9268369599495427
3 27 2.683695994954273
3 28 0.2869757174392936
3 29 -4.828129927467676
3 30 2.683695994954273
3 31 2.740460422579628
3 32 -2.866603595080416
3 33 -2.4314096499526965
3 34 0.5392620624408704
3 35 -0.3437401450646484
3 36 0.4698833175654368
3 37 2.052980132450331
3 38 -0.3437401450646484
3 39 4.701986754966887
3 58 -0.5680940029619395
3 59 -0.2997531879329187
4 5 -0.9176915799432356
4 6 -3.4405550299590035
4 7 0.5392620624408704
4 8 0.09145380006307159
4 9 0.2869757174392936
4 10 -2.109744560075686
4 11 -0.3437401450646484
4 12 5.584988962472406
4 13 -5.080416272469253
4 14 -1.857458215074109
4 15 2.683695994954273
4 16 -7.855566067486597
4 17 -4.632608010091454
4 18 -3.0621255124566384
4 19 2.4314096499526965
4 20 -2.8098391674550616
4 21 4.758751182592242
4 22 2.109744560075686
4 23 2.488174077578051
4 24 0.2869757174392936
4 25 -5.011037527593819
4 26 2.4314096499526965
4 27 -1.857458215074109
4 28 -4.254178492589088
4 29 -0.2869757174392936
4 30 -1.857458215074109
4 31 -2.8098391674550616
4 32 -7.407757805108798
4 33 2.109744560075686
4 34 1.043834752444024
4 35 0.1608325449385052
4 36 -5.080416272469253
4 37 2.5575528224534847
4 38 5.206559444970041
4 39 5.206559444970041
4 64 0.6858586734161314
4 65 0.21933210585080154
5 6 6.272469252601703
5 7 -4.1280353200883
5 8 -5.332702617470829
5 9 0.6654052349416588
5 10 3.314411857458215
5 11 5.080416272469253
5 12 -4.1280353200883
5 13 -0.413118889940082
5 14 -1.479028697571744
5 15 3.0621255124566384
5 16 1.857458215074109
5 17 0.7915484074424471
5 18 6.650898770104068
5 19 2.8098391674550616
5 20 -3.1882686849574267
5 21 -0.6654052349416588
5 22 -3.314411857458215
5 23 -2.93598233995585
5 24 0.6654052349416588
5 25 0.413118889940082
5 26 -2.235887732576474
5 27 -1.479028697571744
5 28 -3.8757489750867236
5 29 -0.6654052349416588
5 30 -6.52475559760328
5 31 1.857458215074109
5 32 3.0621255124566384
5 33 1.7313150425733208
5 34 -3.6234626300851467
5 35 0.5392620624408704
5 36 -0.413118889940082
5 37 -2.109744560075686
5 38 0.5392620624408704
5 39 0.5392620624408704
5 70 0.09324520785841717
5 71 -0.565345563386122
6 7 -1.6051718700725324
6 8 -2.8098391674550616
6 9 3.1882686849574267
6 10 0.7915484074424471
6 11 2.5575528224534847
6 12 -6.650898770104068
6 13 -2.93598233995585
6 14 1.043834752444024
6 15 0.5392620624408704
6 16 4.380321665089877
6 17 3.314411857458215
6 18 4.1280353200883
6 19 0.2869757174392936
6 20 -0.6654052349416588
6 21 -3.1882686849574267
6 22 -0.7915484074424471
6 23 -5.458845789971618
6 24 3.1882686849574267
6 25 2.93598233995585
6 26 0.2869757174392936
6 27 1.043834752444024
6 28 -1.3528855250709555
6 29 -3.1882686849574267
6 30 -4.001892147587512
6 31 4.380321665089877
6 32 5.584988962472406
6 33 -0.7915484074424471
6 34 -6.1463260801009145
6 35 -1.9836013875748975
6 36 2.109744560075686
6 37 0.413118889940082
6 38 -1.9836013875748975
6 39 -1.9836013875748975
6 76 -0.1851496368193235
6 77 0.27299272350792125
7 8 4.954273099968464
7 9 -0.2869757174392936
7 10 -2.93598233995585
7 11 -4.701986754966887
7 12 -0.5392620624408704
7 13 0.03468937243771681
7 14 6.903185115105645
7 15 -7.729422894985809
7 16 -2.235887732576474
7 17 4.632608010091454
7 18 -1.9836013875748975
7 19 -2.4314096499526965
7 20 2.8098391674550616
7 21 5.332702617470829
7 22 2.93598233995585
7 23 2.5575528224534847
7 24 -0.2869757174392936
7 25 -0.03468937243771681
7 26 -2.4314096499526965
7 27 6.903185115105645
7 28 -0.7915484074424471
7 29 -4.758751182592242
7 30 1.857458215074109
7 31 2.8098391674550616
7 32 -2.683695994954273
7 33 -7.155471460107222
7 34 -1.043834752444024
7 35 -0.1608325449385052
7 36 0.03468937243771681
7 37 2.488174077578051
7 38 -0.1608325449385052
7 39 4.884894355093031
7 82 -0.13421180443440162
7 83 -0.622156757807615
8 9 4.701986754966887
8 10 -2.740460422579628
8 11 -6.020182907600126
8 12 -0.09145380006307159
8 13 0.5960264900662252
8 14 2.5575528224534847
8 15 -2.9927467675812047
8 16 -2.1791233049511196
8 17 -0.21759697256385999
8 18 -2.4314096499526965
8 19 -3.2450331125827816
8 20 -2.1791233049511196
8 21 0.3437401450646484
8 22 2.740460422579628
8 23 -1.9268369599495427
8 24 4.701986754966887
8 25 -0.5960264900662252
8 26 -3.2450331125827816
8 27 2.5575528224534847
8 28 0.1608325449385052
8 29 0.3437401450646484
8 30 2.5575528224534847
8 31 2.866603595080416
8 32 -2.9927467675812047
8 33 -7.3509933774834435
8 34 0.413118889940082
8 35 -5.515610217596972
8 36 0.5960264900662252
8 37 1.9268369599495427
8 38 4.575843582466099
8 39 -0.4698833175654368
8 88 -0.13745573199876393
8 89 0.41682277845249915
9 10 2.3620309050772628
9 11 -4.449700409965311
9 12 -5.332702617470829
9 13 -5.263323872595396
9 14 2.109744560075686
9 15 2.6143172500788396
9 16 2.5575528224534847
9 17 -0.1608325449385052
9 18 2.8098391674550616
9 19 -2.1791233049511196
9 20 -2.488174077578051
9 21 -5.011037527593819
9 22 -2.3620309050772628
9 23 -2.740460422579628
9 24 5.011037527593819
9 25 -4.828129927467676
9 26 -2.1791233049511196
9 27 2.109744560075686
9 28 -0.5392620624408704
9 29 -5.011037527593819
9 30 -2.93598233995585
9 31 7.603279722485021
9 32 -2.4314096499526965
9 33 -2.3620309050772628
9 34 -0.7915484074424471
9 35 -10.0
9 36 -0.21759697256385999
9 37 2.740460422579628
9 38 5.137180700094607
9 39 0.09145380006307159
9 94 0.4376895535783214
9 95 -0.24569784444061904
10 11 2.9927467675812047
10 12 -2.93598233995585
10 13 2.4314096499526965
10 14 -0.5392620624408704
10 15 5.011037527593819
10 16 5.206559444970041
10 17 -2.8098391674550616
10 18 5.458845789971618
10 19 5.263323872595396
10 20 0.1608325449385052
10 21 -2.3620309050772628
10 22 -9.804478082623778
10 23 4.954273099968464
10 24 -2.683695994954273
10 25 -2.4314096499526965
10 26 -4.828129927467676
10 27 -0.5392620624408704
10 28 -3.1882686849574267
10 29 -2.3620309050772628
10 30 -5.584988962472406
10 31 5.206559444970041
10 32 -0.03468937243771681
10 33 0.2869757174392936
10 34 1.6051718700725324
10 35 -2.5575528224534847
10 36 2.4314096499526965
10 37 -4.954273099968464
10 38 2.488174077578051
10 39 2.488174077578051
10 100 0.9310513972946985
10 101 -0.6996217539951706
11 12 0.3437401450646484
11 13 4.197414064963734
11 14 -7.3509933774834435
11 15 3.2450331125827816
11 16 1.9268369599495427
11 17 -4.575843582466099
11 18 2.1791233049511196
11 19 8.543046357615895
11 20 1.9268369599495427
11 21 -0.5960264900662252
11 22 -2.9927467675812047
11 23 1.6745506149479659
11 24 -4.449700409965311
11 25 5.894039735099338
11 26 3.497319457584358
11 27 -7.3509933774834435
11 28 -4.954273099968464
11 29 4.449700409965311
11 30 -2.305266477451908
11 31 -3.118889940081993
11 32 3.2450331125827816
11 33 2.052980132450331
11 34 -5.206559444970041
11 35 5.767896562598549
11 36 -0.848312835067802
11 37 -1.6745506149479659
11 38 0.7221696625670135
11 39 0.7221696625670135
11 106 -0.8277200827231486
11 107 -0.6776242870077176
12 13 0.03468937243771681
12 14 -3.1882686849574267
12 15 2.3620309050772628
12 16 -7.28161463260801
12 17 -5.458845789971618
12 18 -7.029328287606433
12 19 2.6143172500788396
12 20 -2.235887732576474
12 21 5.332702617470829
12 22 2.93598233995585
12 23 2.5575528224534847
12 24 -0.2869757174392936
12 25 -0.03468937243771681
12 26 2.6143172500788396
12 27 -3.1882686849574267
12 28 -0.7915484074424471
12 29 5.332702617470829
12 30 1.857458215074109
12 31 -7.28161463260801
12 32 -2.683695994954273
12 33 2.93598233995585
12 34 4.001892147587512
12 35 4.884894355093031
12 36 0.03468937243771681
12 37 -2.5575528224534847
12 38 -0.1608325449385052
12 39 -0.1608325449385052
12 112 0.8988638809276468
12 113 0.5711108096682789
13 14 -2.3620309050772628
13 15 -2.866603595080416
13 16 2.740460422579628
13 17 -0.09145380006307159
13 18 2.488174077578051
13 19 1.9268369599495427
13 20 2.740460422579628
13 21 0.21759697256385999
13 22 -2.4314096499526965
13 23 2.9927467675812047
13 24 -5.263323872595396
13 25 4.575843582466099
13 26 -3.118889940081993
13 27 -2.3620309050772628
13 28 0.2869757174392936
13 29 5.263323872595396
13 30 2.683695994954273
13 31 -2.305266477451908
13 32 2.1791233049511196
13 33 -2.4314096499526965
13 34 0.5392620624408704
13 35 4.701986754966887
13 36 0.4698833175654368
13 37 -2.9927467675812047
13 38 -0.3437401450646484
13 39 -0.3437401450646484
13 118 0.9618590774768208
13 119 -0.5853413105887262
14 15 -5.332702617470829
14 16 0.413118889940082
14 17 7.029328287606433
14 18 0.6654052349416588
14 19 -5.080416272469253
14 20 0.413118889940082
14 21 2.93598233995585
14 22 0.5392620624408704
14 23 0.1608325449385052
14 24 2.109744560075686
14 25 -2.683695994954273
14 26 -5.080416272469253
14 27 9.299905392620625
14 28 1.6051718700725324
14 29 -7.155471460107222
14 30 -0.7915484074424471
14 31 5.458845789971618
14 32 -0.2869757174392936
14 33 -4.5064648375906655
14 34 1.3528855250709555
14 35 -2.8098391674550616
14 36 2.683695994954273
14 37 -0.1608325449385052
14 38 -2.8098391674550616
14 39 2.235887732576474
14 124 0.578295656341369
14 125 -0.06849555465811075
15 16 -0.09145380006307159
15 17 -7.603279722485021
15 18 0.1608325449385052
15 19 5.515610217596972
15 20 -5.137180700094607
15 21 -2.6143172500788396
15 22 -5.011037527593819
15 23 -0.3437401450646484
15 24 2.6143172500788396
15 25 -2.1791233049511196
15 26 0.4698833175654368
15 27 -5.332702617470829
15 28 -2.93598233995585
15 29 2.4314096499526965
15 30 -5.332702617470829
15 31 -0.09145380006307159
15 32 0.21759697256385999
15 33 5.080416272469253
15 34 1.857458215074109
15 35 -2.305266477451908
15 36 2.1791233049511196
15 37 -4.701986754966887
15 38 2.740460422579628
15 39 -2.305266477451908
15 130 0.626316172740278
15 131 0.1319548808525004
16 17 2.683695994954273
16 18 4.758751182592242
16 19 -0.3437401450646484
16 20 5.011037527593819
16 21 -7.603279722485021
16 22 -5.206559444970041
16 23 0.21759697256385999
16 24 -2.488174077578051
16 25 2.305266477451908
16 26 -0.3437401450646484
16 27 0.413118889940082
16 28 3.0621255124566384
16 29 -2.5575528224534847
16 30 0.413118889940082
16 31 5.011037527593819
16 32 4.954273099968464
16 33 -0.1608325449385052
16 34 -1.7313150425733208
16 35 -2.6143172500788396
16 36 2.740460422579628
16 37 -0.21759697256385999
16 38 -2.6143172500788396
16 39 -2.6143172500788396
16 136 0.534093829286004
16 137 0.08912608031514702
17 18 2.93598233995585
17 19 -7.3509933774834435
17 20 2.683695994954273
17 21 0.1608325449385052
17 22 2.8098391674550616
17 23 -2.6143172500788396
17 24 -0.1608325449385052
17 25 0.09145380006307159
17 26 -2.305266477451908
17 27 7.029328287606433
17 28 4.380321665089877
17 29 -4.884894355093031
17 30 1.9836013875748975
17 31 2.683695994954273
17 32 2.488174077578051
17 33 -2.235887732576474
17 34 -0.9176915799432356
17 35 -0.03468937243771681
17 36 -0.09145380006307159
17 37 2.6143172500788396
17 38 -5.080416272469253
17 39 -0.03468937243771681
17 142 -0.22669732019101896
17 143 0.9883601973035911
18 19 -0.09145380006307159
18 20 -0.2869757174392936
18 21 -2.8098391674550616
18 22 -5.458845789971618
18 23 -0.03468937243771681
18 24 -2.235887732576474
18 25 -2.488174077578051
18 26 -5.137180700094607
18 27 0.6654052349416588
18 28 -1.7313150425733208
18 29 -2.8098391674550616
18 30 -4.380321665089877
18 31 4.758751182592242
18 32 0.1608325449385052
18 33 -0.413118889940082
18 34 -1.479028697571744
18 35 -2.3620309050772628
18 36 -2.5575528224534847
18 37 0.03468937243771681
18 38 2.683695994954273
18 39 2.683695994954273
18 148 -0.008674646802194985
18 149 -0.527939558300365
19 20 -0.3437401450646484
19 21 2.1791233049511196
19 22 -5.263323872595396
19 23 4.449700409965311
19 24 -2.1791233049511196
19 25 3.118889940081993
19 26 0.7221696625670135
19 27 -5.080416272469253
19 28 -7.729422894985809
19 29 2.1791233049511196
19 30 -5.080416272469253
19 31 -0.3437401450646484
19 32 0.4698833175654368
19 33 -0.21759697256385999
19 34 -2.93598233995585
19 35 2.9927467675812047
19 36 1.9268369599495427
19 37 -4.449700409965311
19 38 2.9927467675812047
19 39 2.9927467675812047
19 154 -0.9000051636390196
19 155 -0.0572862251635029
20 21 -2.5575528224534847
20 22 -0.1608325449385052
20 23 5.263323872595396
20 24 -7.533900977609587
20 25 2.305266477451908
20 26 4.701986754966887
20 27 0.413118889940082
20 28 3.0621255124566384
20 29 -2.5575528224534847
20 30 5.458845789971618
20 31 -0.03468937243771681
20 32 -0.09145380006307159
20 33 -0.1608325449385052
20 34 -1.7313150425733208
20 35 2.4314096499526965
20 36 -2.305266477451908
20 37 4.828129927467676
20 38 -2.6143172500788396
20 39 2.4314096499526965
20 160 -0.6953907493466396
20 161 0.10411335734264959
21 22 2.3620309050772628
21 23 2.740460422579628
21 24 0.03468937243771681
21 25 -0.21759697256385999
21 26 -2.866603595080416
21 27 2.93598233995585
21 28 -4.5064648375906655
21 29 -0.03468937243771681
21 30 -2.109744560075686
21 31 -2.5575528224534847
21 32 -2.6143172500788396
21 33 -2.683695994954273
21 34 0.7915484074424471
21 35 4.954273099968464
21 36 0.21759697256385999
21 37 -2.740460422579628
21 38 -0.09145380006307159
21 39 4.954273099968464
21 166 -0.5267530729732344
21 167 0.6566829637544092
22 23 -4.954273099968464
22 24 2.683695994954273
22 25 2.4314096499526965
22 26 4.828129927467676
22 27 0.5392620624408704
22 28 3.1882686849574267
22 29 2.3620309050772628
22 30 5.584988962472406
22 31 -5.206559444970041
22 32 0.03468937243771681
22 33 -0.2869757174392936
22 34 -1.6051718700725324
22 35 2.5575528224534847
22 36 -2.4314096499526965
22 37 4.954273099968464
22 38 -2.488174077578051
22 39 -2.488174077578051
22 172 -0.07021350942864535
22 173 0.21900164228982577
23 24 -7.7861873226111635
23 25 -2.9927467675812047
23 26 -0.5960264900662252
23 27 0.1608325449385052
23 28 -2.235887732576474
23 29 -2.305266477451908
23 30 0.1608325449385052
23 31 0.21759697256385999
23 32 -5.389467045096184
23 33 0.09145380006307159
23 34 3.0621255124566384
23 35 2.1791233049511196
23 36 -2.052980132450331
23 37 -0.4698833175654368
23 38 2.1791233049511196
23 39 7.224850204982656
23 178 -0.8904411748560985
23 179 -0.981315662958445
24 25 0.21759697256385999
24 26 -2.1791233049511196
24 27 2.109744560075686
24 28 -0.5392620624408704
24 29 0.03468937243771681
24 30 -2.93598233995585
24 31 2.5575528224534847
24 32 2.6143172500788396
24 33 -2.3620309050772628
24 34 -0.7915484074424471
24 35 -4.954273099968464
24 36 4.828129927467676
24 37 -2.305266477451908
24 38 0.09145380006307159
24 39 -4.954273099968464
24 184 -0.6890315034709282
24 185 -0.698814821138549
25 26 3.118889940081993
25 27 -2.683695994954273
25 28 -0.2869757174392936
25 29 4.828129927467676
25 30 2.3620309050772628
25 31 -2.740460422579628
25 32 7.912330495111952
25 33 -2.6143172500788396
25 34 -5.584988962472406
25 35 5.389467045096184
25 36 4.575843582466099
25 37 -2.052980132450331
25 38 -4.701986754966887
25 39 -4.701986754966887
25 190 -0.5662688493097396
25 191 -0.252201412235457
26 27 -5.080416272469253
26 28 2.3620309050772628
26 29 2.1791233049511196
26 30 5.011037527593819
26 31 -5.389467045096184
26 32 0.4698833175654368
26 33 4.828129927467676
26 34 -2.93598233995585
26 35 2.9927467675812047
26 36 -3.118889940081993
26 37 5.641753390097761
26 38 -2.052980132450331
26 39 -2.052980132450331
26 196 0.5954971476447819
26 197 -0.48540679595263825
27 28 1.6051718700725324
27 29 -7.155471460107222
27 30 -0.7915484074424471
27 31 5.458845789971618
27 32 -0.2869757174392936
27 33 -4.5064648375906655
27 34 1.3528855250709555
27 35 -2.8098391674550616
27 36 2.683695994954273
27 37 -0.1608325449385052
27 38 -2.8098391674550616
27 39 2.235887732576474
27 202 0.2308465531696111
27 203 -0.038469148394507435
28 29 0.5392620624408704
28 30 6.650898770104068
28 31 -1.9836013875748975
28 32 2.109744560075686
28 33 3.1882686849574267
28 34 3.749605802585935
28 35 -0.413118889940082
28 36 0.2869757174392936
28 37 2.235887732576474
28 38 -5.458845789971618
28 39 -5.458845789971618
28 208 0.2143835694418701
28 209 0.32957299784833305
29 30 2.93598233995585
29 31 -7.603279722485021
29 32 2.4314096499526965
29 33 2.3620309050772628
29 34 0.7915484074424471
29 35 4.954273099968464
29 36 0.21759697256385999
29 37 -2.740460422579628
29 38 -0.09145380006307159
29 39 -5.137180700094607
29 214 -0.5321605435717656
29 215 0.028869468242353147
30 31 -4.632608010091454
30 32 -0.2869757174392936
30 33 0.5392620624408704
30 34 1.3528855250709555
30 35 2.235887732576474
30 36 -2.3620309050772628
30 37 4.884894355093031
30 38 -2.8098391674550616
30 39 -2.8098391674550616
30 220 0.9420476484772853
30 221 0.665379294812545
31 32 -0.09145380006307159
31 33 -5.206559444970041
31 34 -1.7313150425733208
31 35 -7.660044150110375
31 36 2.740460422579628
31 37 -0.21759697256385999
31 38 2.4314096499526965
31 39 2.4314096499526965
31 226 -0.5919734414296733
31 227 -0.7387279577186749
32 33 0.03468937243771681
32 34 -3.1882686849574267
32 35 2.740460422579628
32 36 7.224850204982656
32 37 -4.701986754966887
32 38 -7.3509933774834435
32 39 -7.3509933774834435
32 232 -0.19353603290629984
32 233 -0.6758315581049028
33 34 3.4405550299590035
33 35 2.5575528224534847
33 36 -2.4314096499526965
33 37 -0.09145380006307159
33 38 -2.488174077578051
33 39 -2.488174077578051
33 238 0.15483760851188166
33 239 -0.4203900259371256
34 35 -0.6654052349416588
34 36 0.5392620624408704
34 37 -3.0621255124566384
34 38 -0.6654052349416588
34 39 -0.6654052349416588
34 244 0.420079357222261
34 245 -0.14415422803882127
35 36 -0.3437401450646484
35 37 -2.1791233049511196
35 38 -4.828129927467676
35 39 0.21759697256385999
35 250 0.7018725519296651
35 251 0.16052515388147026
36 37 -8.03847366761274
36 38 -5.389467045096184
36 39 -5.389467045096184
36 256 0.8919013212597484
36 257 0.06488632988280196
37 38 2.866603595080416
37 39 2.866603595080416
37 262 -0.692596766369783
37 263 -0.9305596310413147
38 39 5.263323872595396
38 268 0.6536536274505378
38 269 0.9159694782633978
39 274 -0.8612354967831686
39 275 0.6472661805404722
40 42 -0.4983871089159331
40 43 -0.040827763391623195
41 44 0.33170499382362517
41 45 -0.9907527172705852
42 47 -0.9666565812790131
44 279 0.05148348295380112
45 93 0.6466072811481753
45 209 0.4441694778879921
46 48 -0.15340208042903836
46 49 -0.99768268544813
47 50 -0.7646050615798898
47 51 -0.26990526819573146
52 54 -0.7700548974628714
52 55 -0.7451707319822065
53 56 -0.25231718797332126
53 57 -0.6807080749912018
55 277 -0.5426700380136755
58 60 -0.2745720198106072
58 61 -0.8168294524323216
59 62 -0.441833627109955
59 63 -0.8441306941790352
59 147 0.3778417843763828
59 201 0.9324630559308471
60 101 0.20814669951283093
63 230 0.7834177355697571
64 66 -0.537824671637626
64 67 -0.6114981351241091
65 68 0.5293727378809674
65 69 -0.7268559292126837
66 67 0.7755979091340177
70 72 -0.6579977891807509
70 73 0.2425160015104868
71 74 0.2947998193132979
71 75 -0.9742761411038343
72 95 -0.7397661888799743
75 114 -0.21259106453151166
76 78 -0.6175417358964443
76 79 -0.4175976767553158
77 80 -0.7410219239848814
77 81 -0.9501720306823738
82 84 -0.7594434066848799
82 85 -0.9091502731305277
83 86 0.11458316108523503
83 87 -0.9056225073755451
86 244 0.8401792253859359
87 96 -0.6073591479387166
88 90 0.03476598738143988
88 91 -0.35696043235609975
89 91 -0.18122867694360023
89 92 0.0017172695423330886
89 93 0.00603591575202711
89 144 0.2191005348661399
90 170 -0.013125747831463253
91 174 0.08582972826911828
94 96 0.526622684950516
94 97 -0.6841067374956196
95 98 -0.7633162782262493
95 99 -0.6067846928161622
100 102 -0.3852695992515065
100 103 -0.5941208331979644
101 104 -0.27371704293647636
101 105 0.40248553926297026
105 275 0.657998813397469
106 108 0.5773099214944346
106 109 0.4626324568062339
107 110 -0.09105012515936517
107 111 -0.6367970440881356
108 228 -0.6722996369224339
111 140 -0.3475323869784288
112 114 -0.8484673979129154
112 115 -0.3305181271138602
113 116 -0.9486044908001274
113 117 0.5843295881803146
114 272 0.020258473409200173
118 120 -0.159050558809964
118 121 0.06709819585008225
118 219 0.5513418998569002
118 268 -0.32814689924908413
119 122 -0.8439927631859423
119 123 -0.44870158901223656
124 126 -0.9525764136666115
124 127 0.07125962690800569
125 128 0.26499730861553883
125 129 -0.10014948020980108
130 132 -0.7749770437648171
130 133 -0.9729997368014596
131 134 -0.6777708096671502
131 135 -0.7731959258780923
131 220 0.04262409073817386
134 221 0.8842431336535257
135 163 0.7771736427882265
136 138 -0.4495700023799216
136 139 -0.6293226812241732
136 219 0.7110620580035287
137 140 -0.602504267839808
137 141 0.7443903227283533
142 144 -0.28512765380842975
142 145 0.030672653620979373
142 160 0.5881568820170591
143 145 0.8261764892733041
143 146 0.08954705564663046
143 147 -0.4994094768010362
144 256 -0.3864495900716447
147 166 -0.7016428114435667
148 150 -0.6000140578918749
148 151 0.8181656937181001
149 152 -0.3767837647795964
149 153 -0.6004148691985458
153 214 -0.3927413853666575
154 156 0.6572688028022922
154 157 -0.7803606830551562
155 158 -0.14163579142239313
155 159 -0.5256822492019111
158 274 0.9860494747341788
159 227 -0.37945794551769874
160 162 0.011606298433531004
160 163 -0.15886812968032737
161 164 0.3840287911486644
161 165 -0.8267635096370745
163 254 -0.5795110480186088
166 168 -0.6370707359817982
166 169 -0.36330188473632585
167 170 0.19555681386374046
167 171 -0.2128217071583729
167 189 0.12550152205952192
168 256 0.5356138875299077
171 265 -0.6652092490188595
172 174 -0.9856345163550819
172 175 -0.1680629483903382
173 176 -0.03920672836830286
173 177 0.0719931419167148
175 215 -0.7347283047480857
178 180 -0.21433881458427262
178 181 -0.7165249917972549
178 252 -0.21905083363114142
179 182 -0.43591062992432406
179 183 -0.3358862484197802
179 202 -0.96197632105568
181 215 -0.7758938495765704
182 204 -0.6455558671568982
184 186 -0.8786154879172161
184 187 -0.3108111759480292
185 188 -0.9289669434633814
185 189 -0.21664258643685197
186 227 -0.8764952063199871
190 192 -0.8106739663934353
190 193 -0.24669703776143348
191 194 -0.26466267467591886
191 195 0.2527358791918397
195 279 -0.23400096278398608
196 198 -0.63373171530106
196 199 -0.6836041702423943
197 200 -0.32562590206094777
197 201 -0.5876290076508515
202 204 0.7824815932849623
202 205 -0.3789361361202972
203 206 -0.9128924043509254
203 207 -0.6536501074256393
207 225 0.7090961111482568
208 210 -0.5666879152858657
208 211 0.12525228368114671
209 212 -0.38854365457095286
209 213 -0.862669922998101
213 215 -0.37451741569996666
214 216 -0.6114729161128016
214 217 0.5299853759071582
215 218 -0.9986379381631771
215 219 -0.9193620581609478
220 222 -0.8920745332146691
220 223 -0.3310169041216591
221 224 -0.4695949718975396
221 225 -0.1540543460617938
226 228 -0.9612927402401572
226 229 0.48531066002569934
227 230 0.8148238338169516
227 231 -0.7581424852588088
232 234 -0.13265680091353005
232 235 -0.7230800418024113
232 255 0.8614788953157029
232 279 0.18285557760521032
233 236 -0.6441965722796152
233 237 -0.12360221839034469
238 240 0.6500967434352694
238 241 0.6076150983903021
239 242 -0.5224869796087286
239 243 -0.5304772790180499
244 246 -0.5142125805019508
244 247 -0.9808752261634763
245 248 -0.9957226007364322
245 249 -0.658960894460058
250 252 0.37209363998267353
250 253 -0.815624440663945
251 254 -0.1478561761932078
251 255 0.3977677768189347
256 258 -0.2629873986847857
256 259 0.8177671845756613
257 260 0.46054717812561496
257 261 -0.15492306921845955
262 264 -0.4541507385882195
262 265 -0.05979076758346258
263 266 -0.37374137138701835
263 267 -0.9845487721484629
268 270 -0.9084008192038375
268 271 0.4471045432741818
269 272 -0.4044563511886372
269 273 -0.7531054446255574
274 276 -0.5762692556923408
274 277 -0.07732711628176503
275 278 -0.20360268986000252
275 279 -0.32636523777578796
0 0 -0.771773411681246
1 1 -1.4598929387968205
2 2 1.4987803752752886
3 3 1.1855266211799775
4 4 -1.5615169196096523
5 5 1.3363456130934739
6 6 0.9144042161976934
7 7 -0.6958935966469819
8 8 1.7837041961512834
9 9 -1.3809438363777162
10 10 1.8767568275476654
11 11 1.0998376591844239
12 12 -1.4543803175929275
13 13 0.356127421193416
14 14 1.6756317350524907
15 15 0.3691726206302257
16 16 0.9466743135007359
17 17 -0.33545325456927033
18 18 -0.3240310956141741
19 19 -1.5701450195312665
20 20 1.6427806841569281
21 21 1.0887854296740977
22 22 0.31556590072416135
23 23 -1.2977300011141644
24 24 -0.6806106398707966
25 25 0.46834975171644416
26 26 -0.5642798909697664
27 27 1.0809669159479833
28 28 -0.8502742573037092
29 29 -0.9916393216267072
30 30 -1.6696461464472432
31 31 1.4333321021935963
32 32 0.7016309473097886
33 33 1.7141557246626415
34 34 0.9371765197135261
35 35 0.23964278767036798
36 36 -0.8016589312760494
37 37 -0.5307363573882649
38 38 -1.48590292249254
39 39 -0.9751286208383957
40 40 -0.30355593468098174
41 41 -1.3346435809082147
42 42 -1.8579719376391821
43 43 -1.4611723581962033
44 44 -0.4319944131631166
45 45 -0.49112579878243245
46 46 1.112350303881688
47 47 1.2127335450305017
48 48 -0.030564589875297976
49 49 -1.0651400048263797
50 50 0.7076876425980245
51 51 -1.6960924412231906
52 52 0.15124614075734666
53 53 1.83746459795083
54 54 -0.0636949434846783
55 55 0.5309233160070006
56 56 -1.3252383850549387
57 57 -1.1692324666652771
58 58 1.8161884013928187
59 59 1.2738169044711083
60 60 -0.7684736281800785
61 61 -1.6961871299517128
62 62 0.746885950933537
63 63 -1.2952681441620184
64 64 1.0177353426162479
65 65 1.311077840703546
66 66 -0.8811438915524419
67 67 -0.7684234148872018
68 68 -1.9882890139211518
69 69 1.5803921269182242
70 70 0.017553763144993795
71 71 0.5761696534952234
72 72 -0.28974589076197343
73 73 -1.5613396277979796
74 74 1.422701055150056
75 75 0.7891854276695375
76 76 -1.7009424135111038
77 77 1.0941450373279604
78 78 -0.30179891750710386
79 79 1.216633360539344
80 80 -0.20778586053238346
81 81 1.7832872555555492
82 82 0.48179477406788607
83 83 1.2428227225528432
84 84 1.2517931877856086
85 85 -1.5565866789658365
86 86 1.113355834927202
87 87 -1.2481385833519982
88 88 1.1232758654675545
89 89 -1.7197102547784304
90 90 1.1422089627759497
91 91 0.9264570616010702
92 92 -1.3561191609320145
93 93 1.1887809508075513
94 94 -0.8871273231603216
95 95 1.0435651909511603
96 96 -1.6628658683701207
97 97 -1.351620261283271
98 98 -0.329062135715136
99 99 -1.5301836196576395
100 100 1.2309190068320115
101 101 1.5165482347442238
102 102 -0.412453676629089
103 103 -1.3936784111310279
104 104 1.298048560702688
105 105 -1.087704355709406
106 106 0.15848735296631977
107 107 0.308022041748778
108 108 -0.1425727993826249
109 109 0.24533489233198802
110 110 -0.4518829765102157
111 111 1.9877870239067486
112 112 0.9211698343157831
113 113 1.5147757444070478
114 114 1.8666441529445665
115 115 -0.1822381558216568
116 116 -1.6750862242580642
117 117 0.5749033212868806
118 118 -0.5062108749796459
119 119 0.07912768863015085
120 120 1.663395024194889
121 121 0.4628193389776545
122 122 0.9846908699690693
123 123 -1.2769803242183166
124 124 -1.6219012835406588
125 125 1.3396984965599876
126 126 0.11976424989339174
127 127 1.5732455441525697
128 128 -0.700575101348591
129 129 0.6497656230452563
130 130 -0.44847501193360095
131 131 1.3641360813192813
132 132 0.7327979197880086
133 133 0.9230966610246899
134 134 0.5099830952026028
135 135 -1.812137301944246
136 136 -0.9839635127410213
137 137 -1.2847492360900912
138 138 1.6206224153495032
139 139 0.711935259785188
140 140 -1.2880093454100985
141 141 -1.4694701686830807
142 142 0.15376441427502296
143 143 -1.7307240070750407
144 144 1.1577586595368863
145 145 -1.0850545571022763
146 146 1.3403074604249676
147 147 -1.3458167915145358
148 148 -1.1579953626729838
149 149 0.0739727052062511
150 150 -1.2002753765259566
151 151 0.659983701076174
152 152 1.8795530563786422
153 153 1.0343659957447238
154 154 -1.876761221213472
155 155 -0.5970509721730126
156 156 1.7304435331708614
157 157 0.9780301667837739
158 158 1.4260473228627593
159 159 -0.15167546340972038
160 160 -0.4800431958614566
161 161 -1.689362835724122
162 162 0.41668819463890205
163 163 0.07388286230628749
164 164 -0.31923080388544905
165 165 -1.7776021138305842
166 166 1.137276026573761
167 167 0.34031312081075216
168 168 -0.7586432088981279
169 169 -0.18531534812581896
170 170 -1.5168213360328444
171 171 1.3165724720501708
172 172 0.6012622478759808
173 173 0.33148564873943753
174 174 -0.27666468750763906
175 175 1.8343521549396702
176 176 0.8178553292641033
177 177 -0.8135259218992924
178 178 1.2237699653802059
179 179 -1.3751832238606103
180 180 -0.16501770717672537
181 181 -0.019218023835966047
182 182 -1.8244348443958247
183 183 1.8273095930316752
184 184 1.6647069729108166
185 185 1.2370515022286175
186 186 0.06918978109555907
187 187 0.7373342418868005
188 188 0.7644845361249297
189 189 -0.27799082858904267
190 190 1.5555488546755825
191 191 -0.16687491170967617
192 192 0.40033935199649884
193 193 -1.4502792045704347
194 194 -0.3498947245612003
195 195 -0.6647712580755232
196 196 -0.9436753426465999
197 197 1.161064805514989
198 198 -1.262163334574209
199 199 1.5268015446438221
200 200 -0.7311432831023478
201 201 -0.6921696201097385
202 202 -0.03924968305717558
203 203 0.4545473994129354
204 204 1.1568160437506703
205 205 1.7769870860140713
206 206 -1.628459377846141
207 207 -0.41887122927349063
208 208 0.13290729194154505
209 209 0.28232958674330844
210 210 0.7256887965366428
211 211 -1.3852832044214745
212 212 0.13005012909685032
213 213 -1.3732187024277451
214 214 -0.6851339350972578
215 215 1.1149494660068058
216 216 -0.7393393392458294
217 217 1.2781891445899471
218 218 -1.1443796817284433
219 219 1.4556596956891996
220 220 1.8332373527927528
221 221 -1.423482711870869
222 222 -1.4193876517839157
223 223 0.03160135427322874
224 224 -1.661062904331692
225 225 -1.0497906383682651
226 226 1.3684506323551773
227 227 1.1509919268878694
228 228 1.45619419908083
229 229 1.3140453377370878
230 230 -0.8017371268960138
231 231 0.6572454527647515
232 232 1.9593599236177706
233 233 1.5260208777014697
234 234 -0.516946597457725
235 235 1.143843861691177
236 236 -0.9576108858894652
237 237 -0.8061018347859372
238 238 1.760740123895207
239 239 -0.5027289972943452
240 240 -0.06910748555233726
241 241 -1.138811829585717
242 242 0.9685075644747361
243 243 -0.8532200248337554
244 244 -0.7421177510305128
245 245 1.9119910574186232
246 246 -0.8659702205459263
247 247 1.3058156299209092
248 248 -0.7263752868671279
249 249 1.32694713146821
250 250 0.41503403507594827
251 251 1.2449028228779437
252 252 0.5954370574900443
253 253 -1.6138128982258404
254 254 0.8073178822622085
255 255 -0.695294458896281
256 256 -0.25254057140924324
257 257 -1.4754786367143444
258 258 0.3897717553139475
259 259 0.5880319482538519
260 260 1.9919354073518123
261 261 0.8131553048775344
262 262 0.5320282499467974
263 263 0.35491724657616386
264 264 -1.0603100646035872
265 265 -0.7891419642875266
266 266 1.9310856201434317
267 267 1.8580953916550123
268 268 0.8732734613759151
269 269 1.705142467432962
270 270 0.49398227357783814
271 271 -1.513492468669782
272 272 -0.886803617204325
273 273 -1.8608744280658518
274 274 -1.2818820653445577
275 275 -1.2044031209570294
276 276 0.914331611027369
277 277 1.3628542144491538
278 278 -1.0397860361070066
279 279 0.21858840231802426
