0 1 -2.5074449076831447
0 2 3.46039309112567
0 3 -1.7808219178082192
0 4 -2.8648004764740915
0 5 -0.12507444907683143
0 6 2.5074449076831447
0 7 -2.8528886241810603
0 8 -2.5074449076831447
0 9 3.103037522334723
0 10 0.7206670637284097
0 11 -3.5795116140559857
0 12 -6.545562835020846
0 13 2.257296009529482
0 14 -3.9249553305539013
0 15 0.23228111971411555
0 16 -1.0780226325193567
0 17 -1.1971411554496725
0 18 -4.651578320428826
0 19 -0.958904109589041
0 20 1.316259678379988
0 21 -4.75878499106611
0 22 -2.388326384752829
0 23 -4.52054794520548
0 24 6.545562835020846
0 25 1.316259678379988
0 26 -0.958904109589041
0 27 -1.7808219178082192
0 28 -0.6015485407980941
0 29 2.1500893388921978
0 30 1.7808219178082192
0 31 1.6617033948779034
0 32 1.423466349017272
0 33 1.6617033948779034
0 34 0.6015485407980941
0 35 -0.5896366885050626
0 36 -0.48243001786777845
0 37 -2.5074449076831447
0 38 -4.2942227516378795
0 39 5.247170935080405
0 40 -0.066725771337516
0 41 -0.443945990427423
1 2 0.48243001786777845
1 3 0.005955926146515783
1 4 0.11316259678379988
1 5 7.617629541393686
1 6 -0.47051816557474685
1 7 -1.0661107802263252
1 8 5.2352590827873735
1 9 0.12507444907683143
1 10 2.5074449076831447
1 11 -0.6015485407980941
1 12 0.005955926146515783
1 13 -4.2942227516378795
1 14 2.6265634306134604
1 15 -1.5544967242406194
1 16 -2.8648004764740915
1 17 -2.9839189994044073
1 18 3.0911256700416914
1 19 2.0190589636688503
1 20 3.103037522334723
1 21 -2.972007147111376
1 22 -4.175104228707564
1 23 2.030970815961882
1 24 -4.770696843359143
1 25 3.103037522334723
1 26 -2.745681953543776
1 27 0.005955926146515783
1 28 -2.388326384752829
1 29 -5.59261465157832
1 30 -4.770696843359143
1 31 -0.12507444907683143
1 32 -0.3633114949374628
1 33 -0.12507444907683143
1 34 2.388326384752829
1 35 -3.567599761762954
1 36 2.495533055390113
1 37 10.0
1 38 -1.316259678379988
1 39 2.2692078618225136
1 46 0.9849300395432758
1 47 0.29673719896082273
2 3 -5.723645026801668
2 4 -3.9249553305539013
2 5 2.8648004764740915
2 6 -5.247170935080405
2 7 -4.651578320428826
2 8 -4.282310899344848
2 9 3.68671828469327
2 10 1.3043478260869565
2 11 -3.210244192972007
2 12 -5.723645026801668
2 13 0.48243001786777845
2 14 -3.5795116140559857
2 15 2.5074449076831447
2 16 -5.711733174508636
2 17 -0.8278737343656939
2 18 2.6265634306134604
2 19 -1.0661107802263252
2 20 5.473496128648005
2 21 -2.745681953543776
2 22 0.3633114949374628
2 23 -2.9839189994044073
2 24 0.958904109589041
2 25 5.473496128648005
2 26 -1.0661107802263252
2 27 -0.958904109589041
2 28 -1.423466349017272
2 29 -0.12507444907683143
2 30 -3.8058368076235856
2 31 -3.68671828469327
2 32 1.316259678379988
2 33 1.0780226325193567
2 34 1.423466349017272
2 35 -6.914830256104825
2 36 -1.5425848719475879
2 37 0.48243001786777845
2 38 2.2692078618225136
2 39 1.5425848719475879
2 52 -0.3393425488296018
2 53 -0.7323548737577612
3 4 5.1280524121500894
3 5 -2.3764145324597976
3 6 4.75878499106611
3 7 0.5896366885050626
3 8 4.770696843359143
3 9 -0.6015485407980941
3 10 1.7808219178082192
3 11 1.0780226325193567
3 12 4.282310899344848
3 13 4.770696843359143
3 14 1.6617033948779034
3 15 -2.7337701012507445
3 16 3.341274568195354
3 17 -1.3043478260869565
3 18 -2.6146515783204287
3 19 -1.5425848719475879
3 20 -3.5795116140559857
3 21 -2.2692078618225136
3 22 -0.11316259678379988
3 23 -2.5074449076831447
3 24 0.48243001786777845
3 25 -3.5795116140559857
3 26 -1.5425848719475879
3 27 -0.48243001786777845
3 28 -1.8999404407385347
3 29 0.3513996426444312
3 30 5.247170935080405
3 31 5.366289458010721
3 32 -3.9249553305539013
3 33 0.6015485407980941
3 34 1.8999404407385347
3 35 3.0911256700416914
3 36 -2.0190589636688503
3 37 0.005955926146515783
3 38 1.7927337701012507
3 39 2.0190589636688503
3 58 0.24002063979103494
3 59 -0.362063198041364
4 5 -2.2692078618225136
4 6 4.651578320428826
4 7 4.055985705777248
4 8 0.11316259678379988
4 9 0.48243001786777845
4 10 2.8648004764740915
4 11 3.8058368076235856
4 12 0.3633114949374628
4 13 0.11316259678379988
4 14 -1.7808219178082192
4 15 2.8528886241810603
4 16 1.5425848719475879
4 17 1.423466349017272
4 18 -2.030970815961882
4 19 1.6617033948779034
4 20 -1.3043478260869565
4 21 2.1500893388921978
4 22 4.997022036926742
4 23 2.388326384752829
4 24 -0.3633114949374628
4 25 -1.3043478260869565
4 26 -3.103037522334723
4 27 -4.4014294222751635
4 28 -2.745681953543776
4 29 4.2942227516378795
4 30 4.4014294222751635
4 31 4.282310899344848
4 32 -0.7206670637284097
4 33 -5.247170935080405
4 34 2.745681953543776
4 35 1.5544967242406194
4 36 -2.6265634306134604
4 37 0.11316259678379988
4 38 3.0911256700416914
4 39 -2.138177486599166
4 64 -0.052254906622599906
4 65 0.7282238526558338
5 6 -2.8528886241810603
5 7 1.316259678379988
5 8 2.8528886241810603
5 9 2.5074449076831447
5 10 0.12507444907683143
5 11 -2.9839189994044073
5 12 -2.3764145324597976
5 13 -1.9118522930315665
5 14 0.24419297200714712
5 15 0.8278737343656939
5 16 -0.48243001786777845
5 17 -0.6015485407980941
5 18 5.473496128648005
5 19 -0.3633114949374628
5 20 5.485407980941036
5 21 -0.5896366885050626
5 22 -1.7927337701012507
5 23 -0.3513996426444312
5 24 -2.388326384752829
5 25 5.485407980941036
5 26 -5.1280524121500894
5 27 -2.3764145324597976
5 28 -4.770696843359143
5 29 -3.210244192972007
5 30 -2.388326384752829
5 31 -2.5074449076831447
5 32 2.0190589636688503
5 33 2.257296009529482
5 34 4.770696843359143
5 35 -1.1852293031566408
5 36 0.11316259678379988
5 37 7.617629541393686
5 38 -3.6986301369863015
5 39 -0.11316259678379988
5 70 0.17511427407680968
5 71 -0.9895598119970377
6 7 1.0661107802263252
6 8 4.2942227516378795
6 9 -0.12507444907683143
6 10 2.257296009529482
6 11 0.6015485407980941
6 12 -0.005955926146515783
6 13 -0.47051816557474685
6 14 2.138177486599166
6 15 1.5544967242406194
6 16 2.8648004764740915
6 17 -1.7808219178082192
6 18 -7.855866587254318
6 19 2.745681953543776
6 20 -3.103037522334723
6 21 -1.7927337701012507
6 22 -0.5896366885050626
6 23 2.7337701012507445
6 24 4.770696843359143
6 25 -3.103037522334723
6 26 -2.0190589636688503
6 27 -0.005955926146515783
6 28 2.388326384752829
6 29 0.8278737343656939
6 30 4.770696843359143
6 31 4.889815366289458
6 32 0.3633114949374628
6 33 -4.639666468135795
6 34 -2.388326384752829
6 35 3.567599761762954
6 36 2.2692078618225136
6 37 -0.47051816557474685
6 38 -3.4484812388326387
6 39 2.495533055390113
6 76 -0.841226529724836
6 77 0.5486541956267872
7 8 -1.0661107802263252
7 9 0.47051816557474685
7 10 -1.9118522930315665
7 11 4.770696843359143
7 12 0.5896366885050626
7 13 -1.0661107802263252
7 14 -2.030970815961882
7 15 0.958904109589041
7 16 7.03394877903514
7 17 7.153067301965455
7 18 1.0780226325193567
7 19 2.1500893388921978
7 20 -2.5074449076831447
7 21 8.33234067897558
7 22 3.5795116140559857
7 23 3.329362715902323
7 24 -0.5896366885050626
7 25 -2.5074449076831447
7 26 -2.6146515783204287
7 27 -4.175104228707564
7 28 -2.972007147111376
7 29 6.188207266229899
7 30 4.175104228707564
7 31 -0.47051816557474685
7 32 4.532459797498511
7 33 -0.47051816557474685
7 34 2.972007147111376
7 35 8.92793329362716
7 36 -3.0911256700416914
7 37 -1.0661107802263252
7 38 -4.044073853484217
7 39 -6.438356164383562
7 82 0.4064605169770614
7 83 -0.6008148163968714
8 9 0.12507444907683143
8 10 2.5074449076831447
8 11 -0.6015485407980941
8 12 4.770696843359143
8 13 0.47051816557474685
8 14 7.391304347826087
8 15 -1.5544967242406194
8 16 1.8999404407385347
8 17 -2.9839189994044073
8 18 -1.6736152471709351
8 19 2.0190589636688503
8 20 -1.6617033948779034
8 21 -2.972007147111376
8 22 -4.175104228707564
8 23 2.030970815961882
8 24 -0.005955926146515783
8 25 -1.6617033948779034
8 26 -2.745681953543776
8 27 4.770696843359143
8 28 2.3764145324597976
8 29 -5.59261465157832
8 30 -0.005955926146515783
8 31 -0.12507444907683143
8 32 -0.3633114949374628
8 33 -0.12507444907683143
8 34 -2.3764145324597976
8 35 1.1971411554496725
8 36 2.495533055390113
8 37 5.2352590827873735
8 38 -1.316259678379988
8 39 2.2692078618225136
8 88 0.26092941373901746
8 89 0.6191099397282287
9 10 6.42644431209053
9 11 1.1971411554496725
9 12 -5.366289458010721
9 13 4.889815366289458
9 14 -3.222156045265039
9 15 2.1500893388921978
9 16 -1.3043478260869565
9 17 3.5795116140559857
9 18 -2.495533055390113
9 19 3.341274568195354
9 20 1.0661107802263252
9 21 -2.388326384752829
9 22 0.005955926146515783
9 23 -2.6265634306134604
9 24 5.366289458010721
9 25 1.0661107802263252
9 26 -6.188207266229899
9 27 -0.6015485407980941
9 28 -1.7808219178082192
9 29 4.997022036926742
9 30 0.6015485407980941
9 31 -4.044073853484217
9 32 5.723645026801668
9 33 0.7206670637284097
9 34 1.7808219178082192
9 35 -1.7927337701012507
9 36 -6.664681357951161
9 37 0.12507444907683143
9 38 1.9118522930315665
9 39 1.8999404407385347
9 94 0.9498678486118215
9 95 -0.10826569875995973
10 11 3.5795116140559857
10 12 -2.9839189994044073
10 13 2.5074449076831447
10 14 -0.8397855866587254
10 15 -0.23228111971411555
10 16 -3.68671828469327
10 17 1.1971411554496725
10 18 -4.877903513996427
10 19 5.723645026801668
10 20 -1.316259678379988
10 21 -4.770696843359143
10 22 -2.3764145324597976
10 23 -0.24419297200714712
10 24 2.9839189994044073
10 25 -1.316259678379988
10 26 -3.8058368076235856
10 27 1.7808219178082192
10 28 0.6015485407980941
10 29 2.6146515783204287
10 30 -1.7808219178082192
10 31 -1.6617033948779034
10 32 3.341274568195354
10 33 -1.6617033948779034
10 34 -0.6015485407980941
10 35 -4.175104228707564
10 36 -4.282310899344848
10 37 2.5074449076831447
10 38 4.2942227516378795
10 39 4.282310899344848
10 100 0.35864518073746066
10 101 0.1933880930500318
11 12 1.0780226325193567
11 13 -0.6015485407980941
11 14 -1.0661107802263252
11 15 -2.6265634306134604
11 16 0.8278737343656939
11 17 5.473496128648005
11 18 -2.745681953543776
11 19 5.711733174508636
11 20 -5.354377605717689
11 21 2.8648004764740915
11 22 -0.48243001786777845
11 23 3.103037522334723
11 24 -1.0780226325193567
11 25 -5.354377605717689
11 26 0.9469922572960096
11 27 1.0780226325193567
11 28 1.3043478260869565
11 29 5.008933889219774
11 30 -1.0780226325193567
11 31 -1.1971411554496725
11 32 3.329362715902323
11 33 -1.1971411554496725
11 34 -1.3043478260869565
11 35 2.2692078618225136
11 36 -3.341274568195354
11 37 -0.6015485407980941
11 38 2.3764145324597976
11 39 -1.423466349017272
11 106 -0.3283062451290122
11 107 0.7174694126701802
12 13 0.005955926146515783
12 14 6.42644431209053
12 15 -2.7337701012507445
12 16 3.341274568195354
12 17 -1.3043478260869565
12 18 2.1500893388921978
12 19 -1.5425848719475879
12 20 -3.5795116140559857
12 21 2.495533055390113
12 22 -0.11316259678379988
12 23 2.257296009529482
12 24 -4.282310899344848
12 25 -3.5795116140559857
12 26 3.222156045265039
12 27 4.282310899344848
12 28 2.8648004764740915
12 29 -4.413341274568196
12 30 0.48243001786777845
12 31 0.6015485407980941
12 32 -3.9249553305539013
12 33 0.6015485407980941
12 34 -2.8648004764740915
12 35 3.0911256700416914
12 36 2.745681953543776
12 37 0.005955926146515783
12 38 1.7927337701012507
12 39 -2.745681953543776
12 112 0.6111539041324507
12 113 0.0970491889384788
13 14 -2.138177486599166
13 15 -1.5544967242406194
13 16 1.8999404407385347
13 17 1.7808219178082192
13 18 -1.6736152471709351
13 19 -2.745681953543776
13 20 -1.6617033948779034
13 21 -2.972007147111376
13 22 0.5896366885050626
13 23 -7.498511018463371
13 24 4.75878499106611
13 25 -1.6617033948779034
13 26 -2.745681953543776
13 27 0.005955926146515783
13 28 -2.388326384752829
13 29 3.9368671828469326
13 30 4.75878499106611
13 31 -0.12507444907683143
13 32 -0.3633114949374628
13 33 4.639666468135795
13 34 2.388326384752829
13 35 1.1971411554496725
13 36 -7.03394877903514
13 37 -4.2942227516378795
13 38 3.4484812388326387
13 39 2.2692078618225136
13 118 0.09886801655782707
13 119 -0.43100796006435793
14 15 -0.11316259678379988
14 16 1.1971411554496725
14 17 -3.4484812388326387
14 18 0.005955926146515783
14 19 1.0780226325193567
14 20 -1.4353782013103038
14 21 -0.12507444907683143
14 22 -2.257296009529482
14 23 4.4014294222751635
14 24 -1.6617033948779034
14 25 -1.4353782013103038
14 26 1.0780226325193567
14 27 6.42644431209053
14 28 5.485407980941036
14 29 -7.03394877903514
14 30 -1.6617033948779034
14 31 -1.5425848719475879
14 32 -1.3043478260869565
14 33 -1.5425848719475879
14 34 -5.485407980941036
14 35 0.47051816557474685
14 36 5.366289458010721
14 37 2.6265634306134604
14 38 -0.3513996426444312
14 39 -0.6015485407980941
14 124 -0.06525284007297238
14 125 0.8271798950889084
15 16 -0.12507444907683143
15 17 -0.24419297200714712
15 18 1.0661107802263252
15 19 -0.005955926146515783
15 20 5.1280524121500894
15 21 3.817748659916617
15 22 8.09410363311495
15 23 4.055985705777248
15 24 2.7337701012507445
15 25 5.1280524121500894
15 26 -4.770696843359143
15 27 -2.7337701012507445
15 28 0.3513996426444312
15 29 1.1971411554496725
15 30 2.7337701012507445
15 31 -2.1500893388921978
15 32 2.3764145324597976
15 33 -6.914830256104825
15 34 -0.3513996426444312
15 35 -1.5425848719475879
15 36 0.47051816557474685
15 37 -1.5544967242406194
15 38 1.423466349017272
15 39 -5.2352590827873735
15 130 -0.1326568009635536
15 131 -0.8332391068532954
16 17 3.210244192972007
16 18 -0.24419297200714712
16 19 -1.316259678379988
16 20 -3.0911256700416914
16 21 5.1280524121500894
16 22 2.0190589636688503
16 23 0.6015485407980941
16 24 1.423466349017272
16 25 -3.0911256700416914
16 26 -1.316259678379988
16 27 -1.423466349017272
16 28 -0.958904109589041
16 29 2.5074449076831447
16 30 6.188207266229899
16 31 1.3043478260869565
16 32 1.0661107802263252
16 33 1.3043478260869565
16 34 0.958904109589041
16 35 9.297200714711138
16 36 -0.8397855866587254
16 37 -2.8648004764740915
16 38 -4.651578320428826
16 39 -3.9249553305539013
16 136 -0.788003091819548
16 137 -0.6737896979378866
17 18 -0.3633114949374628
17 19 3.329362715902323
17 20 -2.972007147111376
17 21 5.247170935080405
17 22 1.8999404407385347
17 23 0.7206670637284097
17 24 1.3043478260869565
17 25 -2.972007147111376
17 26 -1.4353782013103038
17 27 -1.3043478260869565
17 28 -1.0780226325193567
17 29 7.391304347826087
17 30 1.3043478260869565
17 31 -3.5795116140559857
17 32 5.711733174508636
17 33 1.1852293031566408
17 34 1.0780226325193567
17 35 4.651578320428826
17 36 -5.723645026801668
17 37 -2.9839189994044073
17 38 -0.005955926146515783
17 39 -3.8058368076235856
17 142 0.014763188811873329
17 143 -0.059184773924746636
18 19 -4.889815366289458
18 20 5.247170935080405
18 21 3.9368671828469326
18 22 3.210244192972007
18 23 -0.5896366885050626
18 24 -6.914830256104825
18 25 5.247170935080405
18 26 -0.12507444907683143
18 27 -2.6146515783204287
18 28 -4.532459797498511
18 29 -3.4484812388326387
18 30 -2.1500893388921978
18 31 -2.2692078618225136
18 32 -2.5074449076831447
18 33 2.495533055390113
18 34 4.532459797498511
18 35 -1.423466349017272
18 36 0.3513996426444312
18 37 3.0911256700416914
18 38 1.3043478260869565
18 39 -5.116140559857058
18 148 -0.29378402084331645
18 149 -0.24583648844367767
19 20 -3.210244192972007
19 21 0.24419297200714712
19 22 -2.6265634306134604
19 23 5.247170935080405
19 24 1.5425848719475879
19 25 -3.210244192972007
19 26 -1.1971411554496725
19 27 3.222156045265039
19 28 3.9249553305539013
19 29 2.388326384752829
19 30 -3.222156045265039
19 31 -3.341274568195354
19 32 5.949970220369267
19 33 -3.341274568195354
19 34 -3.9249553305539013
19 35 -0.3513996426444312
19 36 -0.7206670637284097
19 37 2.0190589636688503
19 38 0.23228111971411555
19 39 0.7206670637284097
19 154 0.16887580760431176
19 155 -0.3027806100034174
20 21 -0.6015485407980941
20 22 2.9839189994044073
20 23 -0.8397855866587254
20 24 -1.1852293031566408
20 25 7.617629541393686
20 26 -3.210244192972007
20 27 -3.5795116140559857
20 28 -3.567599761762954
20 29 -2.745681953543776
20 30 -1.1852293031566408
20 31 -1.0661107802263252
20 32 -0.8278737343656939
20 33 -1.0661107802263252
20 34 3.567599761762954
20 35 -4.770696843359143
20 36 1.0780226325193567
20 37 3.103037522334723
20 38 0.12507444907683143
20 39 -1.0780226325193567
20 160 0.21340882102375214
20 161 -0.4597718571605871
21 22 6.438356164383562
21 23 5.2352590827873735
21 24 -2.495533055390113
21 25 -0.6015485407980941
21 26 0.24419297200714712
21 27 -2.2692078618225136
21 28 -0.11316259678379988
21 29 3.329362715902323
21 30 2.2692078618225136
21 31 -2.3764145324597976
21 32 2.6265634306134604
21 33 -2.3764145324597976
21 34 0.11316259678379988
21 35 6.0690887432995835
21 36 -0.23228111971411555
21 37 -2.972007147111376
21 38 -1.1852293031566408
21 39 -9.297200714711138
21 166 0.5972444993978674
21 167 -0.625459709898365
22 23 1.9118522930315665
22 24 0.11316259678379988
22 25 2.9839189994044073
22 26 -2.6265634306134604
22 27 -4.877903513996427
22 28 -2.2692078618225136
22 29 3.817748659916617
22 30 4.877903513996427
22 31 -0.005955926146515783
22 32 -0.24419297200714712
22 33 -4.770696843359143
22 34 2.2692078618225136
22 35 1.0780226325193567
22 36 -2.1500893388921978
22 37 -4.175104228707564
22 38 3.567599761762954
22 39 -7.379392495533056
22 172 -0.2627494657900167
22 173 0.8505660933246284
23 24 -2.257296009529482
23 25 -0.8397855866587254
23 26 0.48243001786777845
23 27 2.257296009529482
23 28 4.889815366289458
23 29 -1.6736152471709351
23 30 -2.257296009529482
23 31 -2.138177486599166
23 32 2.8648004764740915
23 33 -6.902918403811793
23 34 -4.889815366289458
23 35 1.0661107802263252
23 36 4.770696843359143
23 37 2.030970815961882
23 38 -0.9469922572960096
23 39 -4.770696843359143
23 178 0.469255600448353
23 179 -0.3233678659152821
24 25 -1.1852293031566408
24 26 -3.222156045265039
24 27 0.48243001786777845
24 28 1.8999404407385347
24 29 4.413341274568196
24 30 4.282310899344848
24 31 -0.6015485407980941
24 32 3.9249553305539013
24 33 -0.6015485407980941
24 34 -1.8999404407385347
24 35 1.6736152471709351
24 36 -2.745681953543776
24 37 -4.770696843359143
24 38 -1.7927337701012507
24 39 2.745681953543776
24 184 -0.6763794161569845
24 185 -0.062172464704064234
25 26 -3.210244192972007
25 27 -3.5795116140559857
25 28 -3.567599761762954
25 29 -2.745681953543776
25 30 -1.1852293031566408
25 31 -1.0661107802263252
25 32 -0.8278737343656939
25 33 -1.0661107802263252
25 34 3.567599761762954
25 35 -4.770696843359143
25 36 1.0780226325193567
25 37 3.103037522334723
25 38 0.12507444907683143
25 39 -1.0780226325193567
25 190 0.6308492194317936
25 191 0.16597223334241207
26 27 3.222156045265039
26 28 3.9249553305539013
26 29 -2.3764145324597976
26 30 -3.222156045265039
26 31 1.423466349017272
26 32 -3.5795116140559857
26 33 1.423466349017272
26 34 -3.9249553305539013
26 35 -0.3513996426444312
26 36 4.044073853484217
26 37 -2.745681953543776
26 38 0.23228111971411555
26 39 0.7206670637284097
26 196 -0.27270870718056384
26 197 -0.6148754774215137
27 28 7.6295413936867185
27 29 -4.413341274568196
27 30 -4.282310899344848
27 31 -4.163192376414533
27 32 0.8397855866587254
27 33 0.6015485407980941
27 34 -7.6295413936867185
27 35 -1.6736152471709351
27 36 2.745681953543776
27 37 0.005955926146515783
27 38 1.7927337701012507
27 39 2.0190589636688503
27 202 0.5445268881113843
27 203 0.06752882951430927
28 29 -2.7337701012507445
28 30 -2.8648004764740915
28 31 -2.9839189994044073
28 32 1.5425848719475879
28 33 -2.9839189994044073
28 34 -9.047051816557474
28 35 -0.7087552114353782
28 36 4.4014294222751635
28 37 -2.388326384752829
28 38 0.5896366885050626
28 39 0.3633114949374628
28 208 0.11782997539082696
28 209 0.21508795935974567
29 30 4.413341274568196
29 31 -0.23228111971411555
29 32 4.770696843359143
29 33 -0.23228111971411555
29 34 2.7337701012507445
29 35 3.9249553305539013
29 36 -7.617629541393686
29 37 -5.59261465157832
29 38 0.958904109589041
29 39 -1.9118522930315665
29 214 -0.5299153911692367
29 215 0.9996478417842667
30 31 4.163192376414533
30 32 -0.8397855866587254
30 33 -0.6015485407980941
30 34 2.8648004764740915
30 35 6.438356164383562
30 36 -2.745681953543776
30 37 -4.770696843359143
30 38 -1.7927337701012507
30 39 -2.0190589636688503
30 220 0.35855844158571215
30 221 0.23579982925716125
31 32 -5.723645026801668
31 33 -0.7206670637284097
31 34 2.9839189994044073
31 35 1.7927337701012507
31 36 1.8999404407385347
31 37 -0.12507444907683143
31 38 -1.9118522930315665
31 39 2.8648004764740915
31 226 0.4829954461104926
31 227 0.9975581665013498
32 33 -0.958904109589041
32 34 -1.5425848719475879
32 35 2.030970815961882
32 36 -3.103037522334723
32 37 -0.3633114949374628
32 38 -2.1500893388921978
32 39 -1.6617033948779034
32 232 -0.9159510538576503
32 233 0.05848363335406859
33 34 2.9839189994044073
33 35 1.7927337701012507
33 36 -2.8648004764740915
33 37 -0.12507444907683143
33 38 -1.9118522930315665
33 39 2.8648004764740915
33 238 -0.6638935627788507
33 239 0.790574316633821
34 35 0.7087552114353782
34 36 -4.4014294222751635
34 37 2.388326384752829
34 38 -0.5896366885050626
34 39 -0.3633114949374628
34 244 0.703500405011062
34 245 0.6914527799361705
35 36 -0.8278737343656939
35 37 -3.567599761762954
35 38 -6.545562835020846
35 39 -3.9368671828469326
35 250 0.5525667315235003
35 251 -0.2455407108944021
36 37 2.495533055390113
36 38 -4.055985705777248
36 39 0.24419297200714712
36 256 0.6252620066308785
36 257 -0.3863855651393049
37 38 -1.316259678379988
37 39 2.2692078618225136
37 262 0.7703260721838261
37 263 -0.04307465505592001
38 39 -0.7087552114353782
38 268 0.21874069422431508
38 269 -0.32064099549021585
39 274 0.022101027926944905
39 275 0.37220500422800473
40 42 -0.7198134351611629
40 43 -0.07703708052082803
40 94 -0.04447104110153921
41 44 -0.8597238257040987
41 45 -0.5629956054516037
43 81 0.7825349459290412
43 221 0.3202158157746986
45 176 -0.6537101498540747
46 48 0.537738969472586
46 49 -0.29766990697354156
46 65 -0.1178912843846911
47 50 -0.9985105340555636
47 51 0.9153530565575849
52 54 -0.8360816539309712
52 55 -0.8480486547338297
52 120 0.5357455204763493
52 165 0.9217184585646887
52 234 0.05710802481025734
53 56 -0.06333939585536208
53 57 0.01048457323913543
55 116 0.5537125273565313
58 60 -0.7248289603226978
58 61 0.7319257913645634
58 267 0.07614115031800384
59 62 0.3129162908470735
59 63 -0.3995033372875165
61 240 0.6364262609195988
64 66 -0.3285722291891313
64 67 -0.6408959937457386
65 68 0.17909160608339914
65 69 -0.7177159159432245
65 205 -0.5466663903064253
68 82 0.20236681218350605
70 72 -0.22705945804450067
70 73 -0.5141437387427237
71 74 -0.9222681630784506
71 75 -0.4437667441847639
74 106 -0.2766878229448859
75 150 0.7332197233824156
75 245 0.14269670235429732
76 78 0.7471656696303179
76 79 -0.9046269505274742
77 80 -0.6446761010461597
77 81 -0.20482919686421064
77 98 0.5459787002379128
77 223 0.2776888098628929
79 273 0.136779744474546
81 134 -0.5494868264682002
82 84 0.1664406022851852
82 85 -0.40481495299667447
83 86 -0.15300417855667248
83 87 -0.8356152757826056
86 271 -0.41974287543746835
88 90 -0.4270929888363746
88 91 -0.9021939044931204
89 92 -0.7034646868348311
89 93 -0.11142233730379036
94 96 -0.29972241600169136
94 97 0.17413044621517915
95 98 -0.2977577838091796
95 99 -0.912373062124739
96 206 -0.9993288261814235
99 122 0.42393632487327304
99 138 0.37242615501240794
100 102 -0.5789467020957195
100 103 -0.0032218951485254443
101 104 -0.23180270636183709
101 105 -0.13559962992045538
102 157 -0.11225039350691746
104 162 0.6804990736528913
105 111 -0.7980386835475826
106 108 -0.07175232536784293
106 109 -0.13547627934271267
106 246 0.3276628133758934
107 110 0.3790061451827962
107 111 -0.48978658173390865
112 114 -0.2406662851918666
112 115 -0.1256900569079975
113 116 -0.36991584095781804
113 117 -0.4042003417288331
113 133 0.933832908230966
118 120 -0.5028751757735974
118 121 -0.4793537911679304
119 122 0.12576563632436089
119 123 0.07034840201310266
119 270 -0.8222547782129108
124 126 -0.6238925218706457
124 127 -0.2745403513617175
125 128 -0.542718361637325
125 129 0.6236077315702977
125 197 -0.5019109658238106
126 142 0.533516656510401
127 227 -0.7804787261511832
130 132 -0.984267918144675
130 133 0.10094461939133192
130 200 0.488311884923764
131 134 -0.857789988953727
131 135 -0.6527095411176311
136 138 -0.03140423348803889
136 139 -0.6639091642989008
137 140 -0.4532504797602126
137 141 -0.6690003959082413
142 144 0.6806061393535683
142 145 -0.7483034177457677
143 146 -0.13625800863192428
143 147 -0.7166320153432955
148 150 0.12172385951846976
148 151 0.09340873174882569
148 172 -0.2867834459953349
149 152 -0.9856491261187215
149 153 -0.4014999921941209
152 179 -0.3935191098803632
154 156 0.058624138624963074
154 157 -0.68173394211325
155 158 -0.3813363337685305
155 159 -0.12991334669735521
160 162 0.6519175203836638
160 163 -0.2229674791504066
160 216 0.7381197773354298
161 164 -0.8174725263133391
161 165 -0.981429032954088
166 168 -0.39252364940605977
166 169 -0.0795306671437408
166 173 -0.9616864401517067
167 170 -0.6600140626600146
167 171 -0.7761699016096213
169 214 -0.5697540828942438
171 206 -0.9587537429182966
172 174 0.3037831087696039
172 175 -0.6408014891862026
173 176 0.13593340102927565
173 177 -0.1238073892470124
178 180 -0.018905115125824823
178 181 -0.8965679530703909
179 182 -0.4398663399364353
179 183 0.08587719236768132
179 213 0.9091856702690073
184 186 -0.9918679405871169
184 187 -0.812812115380557
184 219 -0.7730953950171997
185 188 -0.2008228291623928
185 189 -0.3342604880319118
190 192 -0.8177423214562509
190 193 -0.6104046807584884
191 194 0.28064152429412537
191 195 -0.7780319127933493
192 215 0.14291219197063287
192 249 0.566719958354893
196 198 -0.23262682994660122
196 199 0.1766584207849078
197 200 -0.9721615897953493
197 201 -0.3254467083997368
202 204 -0.1890141746274503
202 205 -0.540400560405117
203 206 -0.14397870614549468
203 207 -0.37588295343332634
205 250 0.08063956099902958
208 210 0.1440559899969891
208 211 -0.654526303847691
209 212 -0.018075684150054006
209 213 -0.8354283048976625
214 216 -0.16246151403451647
214 217 0.07321434893327106
215 218 0.42305719924641627
215 219 -0.9313521817455455
218 245 0.8672478718634389
219 227 -0.0704612641276896
220 222 -0.9823250770179879
220 223 0.4516374959637408
221 224 0.5920891228294412
221 225 0.12729971373000648
224 225 -0.9886487498781018
226 228 -0.5125060862578643
226 229 0.5160032225781104
227 230 -0.20220333624619613
227 231 -0.6258127474027264
232 234 -0.834223632609226
232 235 0.14734836747995916
233 236 0.017689522479448216
233 237 -0.7378415063817516
233 256 -0.5233823013915138
238 240 -0.20207049783913766
238 241 -0.5189320519856111
239 242 0.32758606896009845
239 243 -0.722389924459691
244 246 0.4308057266064935
244 247 -0.8927285064964658
245 248 -0.3770359113471433
245 249 -0.07892205685201925
246 253 0.010226186537114046
250 252 0.21690602644531998
250 253 -0.36200988349513885
251 254 -0.3861044894785193
251 255 -0.3585388511609324
256 258 -0.0017307990549555452
256 259 -0.07927641224804671
257 260 -0.5344296752090942
257 261 -0.7351889869191992
262 264 0.10964285679768726
262 265 -0.6430072074558875
263 266 -0.8556185042898148
263 267 -0.38098281609556595
268 270 -0.06400744305758521
268 271 0.3200796768458434
269 272 -0.5602129570606362
269 273 0.21416433848869798
274 276 -0.7736764041318867
274 277 -0.9501752086267308
275 278 0.8728728284146496
275 279 0.15279884649653974
0 0 -0.40306088496298825
1 1 -1.9328039361005502
2 2 0.7728328042631905
3 3 -0.21463527472104363
4 4 -0.1239956913483864
5 5 -1.9919057046090094
6 6 -0.11492375103876863
7 7 -1.7898158993848878
8 8 -0.7482856975744152
9 9 0.08044181942637829
10 10 0.21722332244592746
11 11 0.14421997787492025
12 12 -1.7604421672720072
13 13 1.3859836327190709
14 14 -1.3968293752675418
15 15 1.6773526062055644
16 16 0.3035386143628851
17 17 1.7838764364168629
18 18 -0.18835423704203702
19 19 1.6831069473404725
20 20 1.583644539105054
21 21 0.5645429206266184
22 22 1.3497654207359746
23 23 1.9339541162015572
24 24 1.8564091957341178
25 25 1.3655463770693843
26 26 -1.1490728529289456
27 27 -0.7309315575130495
28 28 -0.09103826108332358
29 29 -1.2508879088145397
30 30 0.57480409384311
31 31 0.9530211548354446
32 32 -0.5583870212315594
33 33 0.5923438854280292
34 34 0.29513706357284386
35 35 -1.5171897413588975
36 36 -0.19787992515907327
37 37 1.8299972745915027
38 38 1.604036510341459
39 39 -0.46576159956405455
40 40 1.600837255609606
41 41 -0.179797644735455
42 42 -0.5598661753465
43 43 -1.9108638712916681
44 44 -1.8809243427065363
45 45 1.8474580094066437
46 46 -0.21042227917024728
47 47 1.2174539959260233
48 48 0.21123564892632274
49 49 -0.7503182271972736
50 50 -1.0330020729985883
51 51 0.5993451001749186
52 52 -1.0427335197089724
53 53 0.9214115077595718
54 54 0.759190742073987
55 55 0.05950699143835303
56 56 -0.46666414845507553
57 57 0.5623310523442364
58 58 -0.893548433261866
59 59 -1.1334046472329344
60 60 -1.9826333753228775
61 61 -1.8729220913708677
62 62 0.03631420360910864
63 63 0.849994073550508
64 64 0.5490308091158793
65 65 -0.8358491107818266
66 66 1.388119457778185
67 67 -0.9791234888606088
68 68 0.9507498765576915
69 69 -0.12798346072381728
70 70 -0.629761569819907
71 71 -0.570735626017365
72 72 0.7482289219836304
73 73 0.18585698303673626
74 74 1.2149074945956793
75 75 0.44131468349565584
76 76 0.46018742238931054
77 77 -0.8032258246406405
78 78 -1.3405792600570248
79 79 -0.529078136510492
80 80 -1.0859427365043715
81 81 1.4147989035327235
82 82 -1.8917606511015252
83 83 -0.5879952623178553
84 84 1.1980540370494759
85 85 1.0721685234318552
86 86 1.9049681128548677
87 87 -1.7595112017202519
88 88 -1.2099960830113567
89 89 -1.9783515618355718
90 90 -0.5432462606293988
91 91 0.9751508416847323
92 92 1.0429260587807558
93 93 -1.4175681916286242
94 94 -1.3292563208399308
95 95 -1.629278609047432
96 96 0.4204795968888569
97 97 -0.5385872312304381
98 98 -1.9181218395365418
99 99 -0.2730553769238653
100 100 -1.331894282497697
101 101 -1.6621753898403862
102 102 0.9008681379858365
103 103 1.1529844102580404
104 104 -1.3631439439177608
105 105 1.0036739825234178
106 106 0.8725932144027359
107 107 0.9824810361689656
108 108 1.7384672787432467
109 109 -0.12849812053894816
110 110 0.7739104623021774
111 111 1.3151554886109298
112 112 -0.7264375237970615
113 113 -1.6177423748142963
114 114 -0.08605180712783866
115 115 1.8270252088426013
116 116 0.6582520168525408
117 117 1.0167852430480506
118 118 1.4749067754907021
119 119 1.7515894889046884
120 120 1.6397201512428916
121 121 0.32594806028604983
122 122 0.4470842578189682
123 123 0.16723781043744923
124 124 -0.06848556579262022
125 125 -0.8661786536891971
126 126 0.14855476374996046
127 127 0.8572607574213231
128 128 1.3068248547609134
129 129 -0.3409738669340961
130 130 -0.6037342063511684
131 131 1.540215162421657
132 132 -0.6756573635326202
133 133 -1.76059912885906
134 134 1.744732397823494
135 135 0.9443128701328529
136 136 -0.8430280019653745
137 137 0.10240872123453393
138 138 1.1910815878802121
139 139 1.0855343266279611
140 140 0.14677641231522376
141 141 -1.2166912721702778
142 142 0.4533106293278033
143 143 0.888412297536826
144 144 -0.9304845534957273
145 145 -0.05732122186340494
146 146 0.6736732401636876
147 147 0.5281517020462814
148 148 -0.5127717349569174
149 149 1.229933366168693
150 150 -1.9090786239105788
151 151 0.06932102801813578
152 152 -0.7282290632754918
153 153 -1.7408417949355612
154 154 -0.2328354926347949
155 155 0.8086674505668574
156 156 1.1393882622428855
157 157 0.5380671152213101
158 158 -1.3252145155694355
159 159 -0.4619931323840465
160 160 1.5389269970298802
161 161 -1.9773582992750298
162 162 -1.780803375892088
163 163 1.2631561766666324
164 164 1.4911405245111458
165 165 0.2565249410545194
166 166 -1.7410864528667047
167 167 0.06104100084363129
168 168 0.25819643691908256
169 169 0.20319562389371537
170 170 -1.5072165924412693
171 171 -1.6825466447394575
172 172 -1.910834505850472
173 173 1.886435380754266
174 174 -1.846603202524758
175 175 -1.351875660324589
176 176 0.4779764170488021
177 177 0.8261338469588863
178 178 0.7872307123909579
179 179 -0.2895160998420021
180 180 0.28255892807420535
181 181 0.04497754964594237
182 182 0.8623850664670507
183 183 1.927667453099261
184 184 1.7260388809543374
185 185 -0.8598796268238731
186 186 -1.6743125000519974
187 187 -0.9908347543960585
188 188 0.7743473118414729
189 189 -1.2200582559821287
190 190 1.2199178783846576
191 191 0.1986164385722744
192 192 0.4437346538018505
193 193 0.4571893410496508
194 194 -1.1371047451469756
195 195 -1.3005372575448328
196 196 -0.3182465706622235
197 197 -0.597799385904815
198 198 -1.286149767174555
199 199 -1.9683274484702618
200 200 0.5923343977974742
201 201 -0.020984613341334057
202 202 -0.22888973079665753
203 203 0.1586797536664637
204 204 -0.9208819882423646
205 205 0.625094192414525
206 206 -0.35794048695413716
207 207 1.6493840448037476
208 208 1.4699864066802923
209 209 -1.1087020719458862
210 210 0.3584105098414608
211 211 -1.197047127347056
212 212 0.10547562239747776
213 213 -1.1051511463730965
214 214 0.6577331127355692
215 215 0.7191667704172771
216 216 -0.7689854155377218
217 217 0.4199243671231674
218 218 1.9623964228638957
219 219 -1.2674761408380202
220 220 -0.17390322288775506
221 221 -1.3421357390445245
222 222 -1.8284387026468596
223 223 1.9371309240782952
224 224 -0.11935834912276899
225 225 -0.1631580975502418
226 226 -0.25491963007106344
227 227 -1.939367789092432
228 228 1.2299544438980878
229 229 1.309486782885151
230 230 -1.4349331343217318
231 231 1.9581207732623418
232 232 0.20569383922925555
233 233 -1.884700229693984
234 234 1.429519002003162
235 235 0.33943751571327807
236 236 -1.7400633285163558
237 237 0.4641852491322545
238 238 -0.9578356592288229
239 239 -0.0028908929466497923
240 240 -0.25222246507141044
241 241 1.558806212980342
242 242 -1.6148947444964545
243 243 1.9446711190168475
244 244 1.5951623334188527
245 245 -0.016266987161822843
246 246 -1.3699336421466544
247 247 -1.0012383013270432
248 248 1.4114578951538113
249 249 1.3892027471991688
250 250 -1.0834157700930689
251 251 -0.0738597256039526
252 252 1.163482764234586
253 253 -1.5590929137761957
254 254 -1.0247547927088494
255 255 0.002201305884977245
256 256 -0.3319819552341224
257 257 1.4436297867754813
258 258 0.850031645332206
259 259 1.9112570709792256
260 260 0.2835638253903858
261 261 1.650643228733707
262 262 -0.26101646276700574
263 263 0.808561383312576
264 264 -0.6585493674595373
265 265 1.2503392462517153
266 266 -0.7788682493241105
267 267 1.4348088498235931
268 268 0.3694543021017527
269 269 0.029654909055823797
270 270 0.8987724426830189
271 271 -0.9989547529220602
272 272 -0.1843396924109211
273 273 -1.7864177906119276
274 274 -1.145728283525382
275 275 -0.2389176270406801
276 276 0.34786429457294066
277 277 -0.9591285915349959
278 278 0.9376014576260427
279 279 -0.43789291435073757
