0 1 0.07587253414264036
0 2 -2.3823975720789075
0 3 2.8679817905918057
0 4 0.4400606980273141
0 5 2.7465857359635812
0 6 0.3186646433990895
0 7 4.415781487101669
0 8 -4.688922610015174
0 9 0.1669195751138088
0 10 -2.98937784522003
0 11 -5.053110773899848
0 12 -2.473444613050076
0 13 -5.174506828528073
0 14 -6.600910470409712
0 15 -0.07587253414264036
0 16 -4.658573596358118
0 17 -0.07587253414264036
0 18 0.4400606980273141
0 19 -2.7465857359635812
0 20 -1.9878603945371776
0 21 2.230652503793627
0 22 0.9256449165402124
0 23 -2.716236722306525
0 24 -0.04552352048558422
0 25 0.1669195751138088
0 26 5.174506828528073
0 27 2.503793626707132
0 28 -9.271623672230653
0 29 5.295902883156297
0 30 -3.353566009104704
0 31 4.415781487101669
0 32 -0.6828528072837633
0 33 1.1684370257966616
0 34 2.625189681335357
0 35 2.8679817905918057
0 36 -2.109256449165402
0 37 -4.051593323216996
0 38 -0.2883156297420334
0 39 -0.19726858877086495
0 40 0.08175750821129779
0 41 -0.39311831287830845
1 2 -2.8376327769347496
1 3 -2.503793626707132
1 4 -0.07587253414264036
1 5 -2.3823975720789075
1 6 0.04552352048558422
1 7 0.07587253414264036
1 8 -0.5311077389984825
1 9 -0.5311077389984825
1 10 2.625189681335357
1 11 -5.022761760242792
1 12 2.8376327769347496
1 13 -4.901365705614568
1 14 2.109256449165402
1 15 4.56752655538695
1 16 5.022761760242792
1 17 4.56752655538695
1 18 -0.07587253414264036
1 19 2.3823975720789075
1 20 2.3520485584218513
1 21 2.261001517450683
1 22 -0.5614567526555387
1 23 -1.7754172989377845
1 24 -4.446130500758725
1 25 4.324734446130501
1 26 4.901365705614568
1 27 2.716236722306525
1 28 -0.07587253414264036
1 29 -0.07587253414264036
1 30 -1.8664643399089529
1 31 0.07587253414264036
1 32 0.3186646433990895
1 33 -0.8042488619119879
1 34 -2.261001517450683
1 35 -2.503793626707132
1 36 7.3292867981790595
1 37 -5.295902883156297
1 38 0.6525037936267072
1 39 9.544764795144157
1 46 -0.18223022000346023
1 47 -0.03277314046846813
2 3 -0.04552352048558422
2 4 -7.3292867981790595
2 5 -0.1669195751138088
2 6 -2.5948406676783002
2 7 -7.238239757207891
2 8 7.936267071320182
2 9 -1.7754172989377845
2 10 -4.931714719271624
2 11 7.572078907435508
2 12 4.324734446130501
2 13 2.5948406676783002
2 14 5.053110773899848
2 15 -2.0182094081942337
2 16 2.139605462822458
2 17 -2.0182094081942337
2 18 -2.473444613050076
2 19 -4.688922610015174
2 20 -0.04552352048558422
2 21 -4.56752655538695
2 22 -1.9878603945371776
2 23 -0.7738998482549317
2 24 6.7526555386949925
2 25 -1.7754172989377845
2 26 -2.5948406676783002
2 27 -0.40971168437025796
2 28 2.3823975720789075
2 29 -2.473444613050076
2 30 -0.4400606980273141
2 31 2.473444613050076
2 32 2.230652503793627
2 33 3.110773899848255
2 34 -5.144157814871017
2 35 -0.04552352048558422
2 36 -0.1669195751138088
2 37 2.7465857359635812
2 38 1.6540212443095599
2 39 -2.139605462822458
2 52 0.24340215427277379
2 53 -0.9326969828448872
3 4 1.9878603945371776
3 5 4.537177541729894
3 6 2.109256449165402
3 7 2.8679817905918057
3 8 -2.5948406676783002
3 9 -2.5948406676783002
3 10 -4.294385432473445
3 11 -2.230652503793627
3 12 -4.8103186646433995
3 13 2.7465857359635812
3 14 -0.6828528072837633
3 15 2.503793626707132
3 16 -2.625189681335357
3 17 2.503793626707132
3 18 -2.8679817905918057
3 19 0.3186646433990895
3 20 -0.4400606980273141
3 21 5.053110773899848
3 22 1.5022761760242793
3 23 5.144157814871017
3 24 2.473444613050076
3 25 2.261001517450683
3 26 -2.7465857359635812
3 27 4.7799696509863425
3 28 -2.8679817905918057
3 29 1.9878603945371776
3 30 -3.930197268588771
3 31 2.8679817905918057
3 32 -1.7450682852807284
3 33 1.25948406676783
3 34 -0.19726858877086495
3 35 -0.4400606980273141
3 36 -5.174506828528073
3 37 1.6236722306525038
3 38 -6.995447647951441
3 39 -2.230652503793627
3 58 -0.018093978931746024
3 59 0.710616780371162
4 5 2.109256449165402
4 6 -0.3186646433990895
4 7 5.295902883156297
4 8 -5.022761760242792
4 9 -0.1669195751138088
4 10 2.98937784522003
4 11 -4.658573596358118
4 12 -7.238239757207891
4 13 0.3186646433990895
4 14 -3.110773899848255
4 15 4.931714719271624
4 16 -5.053110773899848
4 17 4.931714719271624
4 18 -0.4400606980273141
4 19 7.6024279210925645
4 20 1.9878603945371776
4 21 2.625189681335357
4 22 3.930197268588771
4 23 2.716236722306525
4 24 -4.8103186646433995
4 25 -0.1669195751138088
4 26 -0.3186646433990895
4 27 2.3520485584218513
4 28 -0.4400606980273141
4 29 4.415781487101669
4 30 -1.5022761760242793
4 31 0.4400606980273141
4 32 -4.17298937784522
4 33 -1.1684370257966616
4 34 7.08649468892261
4 35 1.9878603945371776
4 36 -2.7465857359635812
4 37 -0.8042488619119879
4 38 -4.56752655538695
4 39 0.19726858877086495
4 64 -0.2898707217714982
4 65 0.30733284650501047
5 6 2.230652503793627
5 7 -2.109256449165402
5 8 2.139605462822458
5 9 -7.572078907435508
5 10 -4.415781487101669
5 11 -2.3520485584218513
5 12 0.1669195751138088
5 13 -2.230652503793627
5 14 -0.5614567526555387
5 15 2.3823975720789075
5 16 -2.503793626707132
5 17 2.3823975720789075
5 18 -7.6024279210925645
5 19 0.19726858877086495
5 20 -0.3186646433990895
5 21 4.931714719271624
5 22 1.6236722306525038
5 23 0.40971168437025796
5 24 2.5948406676783002
5 25 2.139605462822458
5 26 2.230652503793627
5 27 0.04552352048558422
5 28 -2.7465857359635812
5 29 6.965098634294385
5 30 0.8042488619119879
5 31 2.7465857359635812
5 32 2.98937784522003
5 33 -3.474962063732929
5 34 4.7799696509863425
5 35 -0.3186646433990895
5 36 -5.053110773899848
5 37 -3.110773899848255
5 38 -6.874051593323217
5 39 -2.3520485584218513
5 70 0.6806052483717204
5 71 0.7969475826466295
6 7 0.3186646433990895
6 8 -0.2883156297420334
6 9 -0.2883156297420334
6 10 2.8679817905918057
6 11 -4.7799696509863425
6 12 2.5948406676783002
6 13 0.19726858877086495
6 14 1.8664643399089529
6 15 -0.04552352048558422
6 16 4.7799696509863425
6 17 -0.04552352048558422
6 18 -0.3186646433990895
6 19 -2.230652503793627
6 20 2.109256449165402
6 21 7.359635811836116
6 22 4.051593323216996
6 23 -2.0182094081942337
6 24 0.1669195751138088
6 25 4.56752655538695
6 26 -0.19726858877086495
6 27 -2.3823975720789075
6 28 -0.3186646433990895
6 29 -0.3186646433990895
6 30 3.2321699544764795
6 31 -4.537177541729894
6 32 5.417298937784522
6 33 -1.047040971168437
6 34 -2.503793626707132
6 35 -7.6024279210925645
6 36 2.230652503793627
6 37 -0.6828528072837633
6 38 -4.446130500758725
6 39 0.07587253414264036
6 76 -0.12341331785018417
6 77 -0.6304375082925844
7 8 -9.544764795144157
7 9 5.022761760242792
7 10 1.8664643399089529
7 11 -5.053110773899848
7 12 -7.3292867981790595
7 13 -0.3186646433990895
7 14 -6.600910470409712
7 15 -0.07587253414264036
7 16 -4.658573596358118
7 17 -0.07587253414264036
7 18 5.295902883156297
7 19 2.109256449165402
7 20 -1.9878603945371776
7 21 2.230652503793627
7 22 0.9256449165402124
7 23 2.139605462822458
7 24 -4.901365705614568
7 25 0.1669195751138088
7 26 0.3186646433990895
7 27 2.503793626707132
7 28 -4.415781487101669
7 29 0.4400606980273141
7 30 -3.353566009104704
7 31 -0.4400606980273141
7 32 -5.538694992412746
7 33 1.1684370257966616
7 34 2.625189681335357
7 35 2.8679817905918057
7 36 -2.109256449165402
7 37 0.8042488619119879
7 38 -0.2883156297420334
7 39 -0.19726858877086495
7 82 -0.5251661959109686
7 83 0.812015506458724
8 9 -4.081942336874052
8 10 -2.3823975720789075
8 11 5.265553869499241
8 12 6.631259484066768
8 13 0.2883156297420334
8 14 7.359635811836116
8 15 0.5311077389984825
8 16 4.446130500758725
8 17 0.5311077389984825
8 18 -5.022761760242792
8 19 -2.139605462822458
8 20 2.261001517450683
8 21 -2.0182094081942337
8 22 0.3186646433990895
8 23 -3.323216995447648
8 24 4.203338391502276
8 25 0.7738998482549317
8 26 -0.2883156297420334
8 27 -2.959028831562974
8 28 4.688922610015174
8 29 -0.1669195751138088
8 30 2.109256449165402
8 31 0.1669195751138088
8 32 4.7799696509863425
8 33 0.5614567526555387
8 34 -2.8376327769347496
8 35 -2.5948406676783002
8 36 2.139605462822458
8 37 0.19726858877086495
8 38 -0.8952959028831563
8 39 0.40971168437025796
8 88 0.8799883735309948
8 89 0.7298702284190624
9 10 2.473444613050076
9 11 0.40971168437025796
9 12 -3.080424886191199
9 13 0.2883156297420334
9 14 -2.3520485584218513
9 15 -4.324734446130501
9 16 -0.40971168437025796
9 17 -4.324734446130501
9 18 9.544764795144157
9 19 -2.139605462822458
9 20 -2.5948406676783002
9 21 -2.0182094081942337
9 22 0.3186646433990895
9 23 -3.323216995447648
9 24 -5.50834597875569
9 25 0.7738998482549317
9 26 -0.2883156297420334
9 27 -2.959028831562974
9 28 -0.1669195751138088
9 29 -5.022761760242792
9 30 -2.7465857359635812
9 31 -4.688922610015174
9 32 -4.931714719271624
9 33 5.417298937784522
9 34 -2.8376327769347496
9 35 2.261001517450683
9 36 2.139605462822458
9 37 5.053110773899848
9 38 3.960546282245827
9 39 0.40971168437025796
9 94 -0.9154407760694707
9 95 -0.6884713440270853
10 11 -2.7465857359635812
10 12 0.07587253414264036
10 13 1.9878603945371776
10 14 0.8042488619119879
10 15 2.230652503793627
10 16 2.7465857359635812
10 17 2.230652503793627
10 18 2.98937784522003
10 19 4.415781487101669
10 20 5.417298937784522
10 21 -0.3186646433990895
10 22 3.474962063732929
10 23 -0.1669195751138088
10 24 -2.3520485584218513
10 25 -2.3823975720789075
10 26 -1.9878603945371776
10 27 0.19726858877086495
10 28 2.98937784522003
10 29 -1.8664643399089529
10 30 3.8088012139605465
10 31 -2.98937784522003
10 32 1.6236722306525038
10 33 -1.1380880121396055
10 34 0.3186646433990895
10 35 -4.294385432473445
10 36 5.295902883156297
10 37 -1.5022761760242793
10 38 2.261001517450683
10 39 2.109256449165402
10 100 -0.5206913901096035
10 101 -0.9654314547862846
11 12 2.139605462822458
11 13 4.7799696509863425
11 14 2.8679817905918057
11 15 -4.688922610015174
11 16 -0.04552352048558422
11 17 -4.688922610015174
11 18 0.19726858877086495
11 19 -2.503793626707132
11 20 -2.230652503793627
11 21 -7.238239757207891
11 22 -4.17298937784522
11 23 1.896813353566009
11 24 4.56752655538695
11 25 -4.446130500758725
11 26 -4.7799696509863425
11 27 -2.5948406676783002
11 28 5.053110773899848
11 29 -4.658573596358118
11 30 1.7450682852807284
11 31 -0.19726858877086495
11 32 -0.4400606980273141
11 33 0.9256449165402124
11 34 -2.473444613050076
11 35 2.625189681335357
11 36 -2.3520485584218513
11 37 5.417298937784522
11 38 4.324734446130501
11 39 -4.8103186646433995
11 106 0.44560109186492336
11 107 0.5838975883258812
12 13 -2.5948406676783002
12 14 4.658573596358118
12 15 -2.8376327769347496
12 16 7.572078907435508
12 17 -2.8376327769347496
12 18 -2.3823975720789075
12 19 -5.022761760242792
12 20 0.04552352048558422
12 21 -0.2883156297420334
12 22 -2.8679817905918057
12 23 -4.081942336874052
12 24 2.959028831562974
12 25 1.7754172989377845
12 26 2.5948406676783002
12 27 -4.446130500758725
12 28 2.473444613050076
12 29 -2.3823975720789075
12 30 5.295902883156297
12 31 -2.473444613050076
12 32 7.48103186646434
12 33 -3.110773899848255
12 34 -4.56752655538695
12 35 -4.8103186646433995
12 36 5.022761760242792
12 37 -2.7465857359635812
12 38 3.2018209408194234
12 39 2.139605462822458
12 112 0.4323686034128975
12 113 0.3302697256523268
13 14 2.98937784522003
13 15 0.04552352048558422
13 16 0.07587253414264036
13 17 0.04552352048558422
13 18 0.3186646433990895
13 19 2.230652503793627
13 20 2.7465857359635812
13 21 -2.503793626707132
13 22 0.8042488619119879
13 23 6.874051593323217
13 24 4.688922610015174
13 25 -4.56752655538695
13 26 -9.514415781487102
13 27 2.3823975720789075
13 28 5.174506828528073
13 29 -4.537177541729894
13 30 1.6236722306525038
13 31 -0.3186646433990895
13 32 -0.5614567526555387
13 33 1.047040971168437
13 34 -2.3520485584218513
13 35 -2.109256449165402
13 36 -2.230652503793627
13 37 5.538694992412746
13 38 -0.40971168437025796
13 39 -4.931714719271624
13 118 0.9374541070596598
13 119 -0.4949749363186755
14 15 2.7465857359635812
14 16 6.843702579666161
14 17 2.7465857359635812
14 18 -3.110773899848255
14 19 0.5614567526555387
14 20 4.17298937784522
14 21 0.4400606980273141
14 22 1.25948406676783
14 23 0.04552352048558422
14 24 2.230652503793627
14 25 2.503793626707132
14 26 -2.98937784522003
14 27 -0.3186646433990895
14 28 6.600910470409712
14 29 -3.110773899848255
14 30 1.1684370257966616
14 31 -1.7450682852807284
14 32 3.353566009104704
14 33 1.0166919575113809
14 34 -5.295902883156297
14 35 -5.538694992412746
14 36 4.294385432473445
14 37 1.3808801213960546
14 38 -2.3823975720789075
14 39 2.8679817905918057
14 124 0.8434711659121537
14 125 0.2384756013740561
15 16 -0.1669195751138088
15 17 10.0
15 18 -4.7799696509863425
15 19 7.3292867981790595
15 20 7.359635811836116
15 21 2.5948406676783002
15 22 5.417298937784522
15 23 1.7754172989377845
15 24 -0.40971168437025796
15 25 0.5311077389984825
15 26 -0.04552352048558422
15 27 6.995447647951441
15 28 0.07587253414264036
15 29 4.931714719271624
15 30 -2.98937784522003
15 31 4.7799696509863425
15 32 -0.3186646433990895
15 33 0.8042488619119879
15 34 2.261001517450683
15 35 -2.3520485584218513
15 36 2.3823975720789075
15 37 -4.415781487101669
15 38 -5.50834597875569
15 39 5.022761760242792
15 130 -0.9016199641312992
15 131 0.26317990044566875
16 17 -0.1669195751138088
16 18 -0.19726858877086495
16 19 -2.3520485584218513
16 20 2.230652503793627
16 21 2.3823975720789075
16 22 -0.6828528072837633
16 23 -1.896813353566009
16 24 0.2883156297420334
16 25 4.446130500758725
16 26 -0.07587253414264036
16 27 -2.261001517450683
16 28 4.658573596358118
16 29 -5.053110773899848
16 30 3.110773899848255
16 31 -4.658573596358118
16 32 5.295902883156297
16 33 -0.9256449165402124
16 34 -7.238239757207891
16 35 -7.48103186646434
16 36 7.207890743550835
16 37 -0.5614567526555387
16 38 0.5311077389984825
16 39 4.8103186646433995
16 136 0.8469320190446195
16 137 0.8425848061934509
17 18 -4.7799696509863425
17 19 7.3292867981790595
17 20 7.359635811836116
17 21 2.5948406676783002
17 22 5.417298937784522
17 23 1.7754172989377845
17 24 -0.40971168437025796
17 25 0.5311077389984825
17 26 -0.04552352048558422
17 27 6.995447647951441
17 28 0.07587253414264036
17 29 4.931714719271624
17 30 -2.98937784522003
17 31 4.7799696509863425
17 32 -0.3186646433990895
17 33 0.8042488619119879
17 34 2.261001517450683
17 35 -2.3520485584218513
17 36 2.3823975720789075
17 37 -4.415781487101669
17 38 -5.50834597875569
17 39 5.022761760242792
17 142 -0.9846956564136202
17 143 0.9867828941104086
18 19 -2.109256449165402
18 20 -2.8679817905918057
18 21 -2.230652503793627
18 22 -0.9256449165402124
18 23 -2.139605462822458
18 24 -4.8103186646433995
18 25 -0.1669195751138088
18 26 -0.3186646433990895
18 27 -2.503793626707132
18 28 -0.4400606980273141
18 29 -5.295902883156297
18 30 -1.5022761760242793
18 31 -4.415781487101669
18 32 -4.17298937784522
18 33 3.6874051593323216
18 34 -2.625189681335357
18 35 1.9878603945371776
18 36 2.109256449165402
18 37 4.051593323216996
18 38 5.144157814871017
18 39 0.19726858877086495
18 148 -0.7538064445756838
18 149 0.3979764240576571
19 20 5.174506828528073
19 21 -0.07587253414264036
19 22 3.2321699544764795
19 23 4.446130500758725
19 24 -2.5948406676783002
19 25 -2.139605462822458
19 26 -2.230652503793627
19 27 4.8103186646433995
19 28 2.7465857359635812
19 29 2.7465857359635812
19 30 -0.8042488619119879
19 31 2.109256449165402
19 32 -2.98937784522003
19 33 -1.3808801213960546
19 34 4.931714719271624
19 35 0.3186646433990895
19 36 0.19726858877086495
19 37 -1.7450682852807284
19 38 -2.8376327769347496
19 39 2.3520485584218513
19 154 -0.5320437792820993
19 155 -0.6611343614469996
20 21 0.19726858877086495
20 22 6.358118361153262
20 23 0.2883156297420334
20 24 2.473444613050076
20 25 -2.5948406676783002
20 26 -2.7465857359635812
20 27 4.7799696509863425
20 28 1.9878603945371776
20 29 1.9878603945371776
20 30 0.9256449165402124
20 31 2.8679817905918057
20 32 3.110773899848255
20 33 1.25948406676783
20 34 -0.19726858877086495
20 35 -5.295902883156297
20 36 4.537177541729894
20 37 -3.2321699544764795
20 38 -2.139605462822458
20 39 2.625189681335357
20 160 0.7467590092514909
20 161 -0.5843216262040016
21 22 3.110773899848255
21 23 -0.5311077389984825
21 24 -2.716236722306525
21 25 7.693474962063733
21 26 2.503793626707132
21 27 -0.1669195751138088
21 28 -2.230652503793627
21 29 2.625189681335357
21 30 -0.6828528072837633
21 31 -2.625189681335357
21 32 1.9878603945371776
21 33 -1.5022761760242793
21 34 -0.04552352048558422
21 35 -4.658573596358118
21 36 0.07587253414264036
21 37 -1.8664643399089529
21 38 -7.814871016691957
21 39 2.473444613050076
21 166 -0.9634898848490876
21 167 -0.7551132287866276
22 23 -2.625189681335357
22 24 -0.4400606980273141
22 25 0.3186646433990895
22 26 -0.8042488619119879
22 27 1.8664643399089529
22 28 -0.9256449165402124
22 29 3.930197268588771
22 30 -1.0166919575113809
22 31 0.9256449165402124
22 32 1.1684370257966616
22 33 3.2018209408194234
22 34 1.7450682852807284
22 35 -3.353566009104704
22 36 1.6236722306525038
22 37 -1.289833080424886
22 38 -5.053110773899848
22 39 0.6828528072837633
22 172 0.7453236543303308
22 173 0.9687415144790086
23 24 3.2018209408194234
23 25 -3.323216995447648
23 26 -6.874051593323217
23 27 5.50834597875569
23 28 2.716236722306525
23 29 -2.139605462822458
23 30 0.19726858877086495
23 31 2.139605462822458
23 32 -2.473444613050076
23 33 -2.8679817905918057
23 34 0.5311077389984825
23 35 0.2883156297420334
23 36 -4.446130500758725
23 37 2.3520485584218513
23 38 -1.4112291350531108
23 39 -2.959028831562974
23 178 0.3970136527298096
23 179 0.10672803229953165
24 25 -5.50834597875569
24 26 -4.688922610015174
24 27 2.8376327769347496
24 28 0.04552352048558422
24 29 0.04552352048558422
24 30 2.8679817905918057
24 31 4.8103186646433995
24 32 5.053110773899848
24 33 -0.6828528072837633
24 34 -2.139605462822458
24 35 -2.3823975720789075
24 36 -2.261001517450683
24 37 -0.3186646433990895
24 38 0.7738998482549317
24 39 -5.144157814871017
24 184 0.406899137494771
24 185 0.23189434014768495
25 26 4.56752655538695
25 27 -2.959028831562974
25 28 -0.1669195751138088
25 29 -0.1669195751138088
25 30 -2.7465857359635812
25 31 -4.688922610015174
25 32 -0.07587253414264036
25 33 0.5614567526555387
25 34 -2.8376327769347496
25 35 -2.5948406676783002
25 36 2.139605462822458
25 37 0.19726858877086495
25 38 -5.75113808801214
25 39 5.265553869499241
25 190 0.6085867818772996
25 191 -0.3302232095473592
26 27 -2.3823975720789075
26 28 -5.174506828528073
26 29 4.537177541729894
26 30 -1.6236722306525038
26 31 0.3186646433990895
26 32 0.5614567526555387
26 33 -1.047040971168437
26 34 2.3520485584218513
26 35 2.109256449165402
26 36 2.230652503793627
26 37 -5.538694992412746
26 38 0.40971168437025796
26 39 4.931714719271624
26 196 0.38657050225525946
26 197 -0.019255623854100623
27 28 -2.503793626707132
27 29 2.3520485584218513
27 30 -4.294385432473445
27 31 7.359635811836116
27 32 -2.109256449165402
27 33 1.6236722306525038
27 34 0.1669195751138088
27 35 -0.07587253414264036
27 36 0.04552352048558422
27 37 -2.8679817905918057
27 38 -1.7754172989377845
27 39 2.261001517450683
27 202 -0.9642545683278536
27 203 -0.7239248800379532
28 29 -5.295902883156297
28 30 3.353566009104704
28 31 -4.415781487101669
28 32 0.6828528072837633
28 33 -1.1684370257966616
28 34 -2.625189681335357
28 35 -2.8679817905918057
28 36 2.109256449165402
28 37 4.051593323216996
28 38 0.2883156297420334
28 39 0.19726858877086495
28 208 -0.6203784891818052
28 209 0.3750957643950621
29 30 -1.5022761760242793
29 31 5.295902883156297
29 32 0.6828528072837633
29 33 -1.1684370257966616
29 34 7.08649468892261
29 35 1.9878603945371776
29 36 -2.7465857359635812
29 37 -5.6600910470409715
29 38 -4.56752655538695
29 39 0.19726858877086495
29 214 0.6884477965755795
29 215 -0.6380073036427749
30 31 -3.353566009104704
30 32 6.115326251896813
30 33 -5.629742033383915
30 34 0.6828528072837633
30 35 -3.930197268588771
30 36 0.8042488619119879
30 37 -1.1380880121396055
30 38 2.625189681335357
30 39 -3.110773899848255
30 220 0.6048471934577926
30 221 0.4194966575602539
31 32 -0.6828528072837633
31 33 1.1684370257966616
31 34 2.625189681335357
31 35 2.8679817905918057
31 36 -2.109256449165402
31 37 -4.051593323216996
31 38 -0.2883156297420334
31 39 -0.19726858877086495
31 226 0.4242259538175497
31 227 -0.888505537365148
32 33 -3.4446130500758727
32 34 -1.9878603945371776
32 35 -6.600910470409712
32 36 2.98937784522003
32 37 -3.8088012139605465
32 38 -0.04552352048558422
32 39 -0.4400606980273141
32 232 0.7139295566233561
32 233 0.23398716408844722
33 34 -3.353566009104704
33 35 1.25948406676783
33 36 1.3808801213960546
33 37 3.323216995447648
33 38 -0.4400606980273141
33 39 0.9256449165402124
33 238 0.5723200099257033
33 239 -0.5261576957071825
34 35 4.658573596358118
34 36 -4.931714719271624
34 37 -2.98937784522003
34 38 -1.896813353566009
34 39 -2.473444613050076
34 244 -0.4063287983813211
34 245 -0.6880924447810772
35 36 -5.174506828528073
35 37 1.6236722306525038
35 38 2.716236722306525
35 39 -2.230652503793627
35 250 -0.5276009258571506
35 251 0.10879741836480572
36 37 -3.110773899848255
36 38 2.8376327769347496
36 39 7.359635811836116
36 256 0.8261398064305097
36 257 -0.151664563050542
37 38 -0.07587253414264036
37 39 -4.294385432473445
37 262 -0.6516521196966225
37 263 0.605641190561804
38 39 -0.5311077389984825
38 268 -0.5006356797523239
38 269 0.31762481141007437
39 274 0.5796430489618183
39 275 0.6645836044287166
40 42 -0.6111896004293054
40 43 -0.5191343337284964
40 67 0.4872506522190738
41 44 -0.5625189007868601
41 45 0.5646212344381514
41 68 0.22765499098041397
42 134 0.35166375363707614
46 48 -0.5604171622361418
46 49 -0.3307390429263708
47 50 -0.49421127682622656
47 51 0.14120249297774157
47 153 0.2751589798448788
48 82 -0.87824653917367
49 88 -0.42695397914256317
49 144 0.12444269977809164
52 54 -0.35678777594198063
52 55 -0.9845161309505985
52 216 -0.2981860065480404
53 56 -0.7209682027768987
53 57 -0.5932840589717736
53 149 0.6638704829789743
56 149 -0.3244757680133459
58 60 -0.7239900847237366
58 61 -0.8852705767561444
59 62 -0.4714892735764291
59 63 -0.3469630232207941
64 66 -0.4946937479312983
64 67 -0.7759287612480124
65 68 -0.2956707927068787
65 69 0.3297721183413238
70 72 0.681163342964451
70 73 -0.052074112860109656
71 74 0.04303960049577227
71 75 -0.5578261297432481
74 248 0.4432826156553382
76 78 -0.7550418668291441
76 79 0.059907205891562176
77 80 -0.5920206650280366
77 81 -0.9577017785490982
78 135 0.6907795941287573
79 196 -0.683125554432708
81 193 -0.7076058063333575
82 84 -0.618288605200126
82 85 -0.6450413448730656
83 86 0.5333807597913507
83 87 0.0861915001407465
88 90 -0.7808423256289647
88 91 -0.7328626729765164
89 92 -0.6248331757268843
89 93 -0.8320116630759038
89 137 -0.8202783075129549
94 96 -0.03994600417551575
94 97 0.006710865423453116
95 98 -0.9292035650282844
95 99 -0.11546183887343742
99 128 0.18722664951862478
100 102 0.6622704657388041
100 103 -0.5572099507432617
101 104 -0.7447496122349624
101 105 -0.5252871036624844
106 108 -0.062472833352385404
106 109 -0.6379725738984825
106 165 0.17049310531876394
107 110 -0.2710783173529434
107 111 -0.4315031835902652
108 269 0.8834625305660173
112 114 -0.2732109902269486
112 115 0.4013122470736581
113 116 -0.15918028772355286
113 117 -0.579475954638331
118 120 0.31992028407032436
118 121 0.8026729262588712
119 122 -0.402142325508166
119 123 -0.7812569471094262
119 277 0.5593375686228719
121 255 0.04955140433647398
122 211 0.20320531679445564
124 126 -0.14513516161550455
124 127 -0.25931581098074385
125 128 -0.12074740950408747
125 129 -0.3552118214518776
127 177 0.9138443118196962
130 132 -0.613836226544574
130 133 -0.5434890427782906
130 203 -0.8762045379892545
131 134 -0.6044656445557184
131 135 -0.38576700097876104
131 143 0.48752681439318923
134 142 0.4639356840017703
135 253 -0.8823533785746422
136 138 -0.9482998387686372
136 139 0.059306568541182436
137 140 -0.5113399841896116
137 141 0.24974123963143802
141 185 -0.5014808084738032
142 144 0.14470005104265904
142 145 0.039617855278685665
143 144 0.9791293411629851
143 146 -0.3052807472972956
143 147 -0.32771987752764
143 152 -0.25254864117610487
145 175 0.7405028352025695
145 234 0.7778314915242224
148 150 0.09316650047162134
148 151 0.019811627020359657
149 152 -0.9928352157509377
149 153 -0.28281289534613485
154 156 -0.812730613950055
154 157 -0.7061898045673303
154 169 0.5993021626984301
155 158 0.2395728829575985
155 159 -0.41147760113655596
157 269 -0.49411766085289544
158 185 -0.33118177592958364
160 162 -0.5320491085169621
160 163 0.6172386342442864
161 164 -0.0470781261633324
161 165 -0.36419445023744634
162 277 0.2608901440742679
165 188 0.8212738720337658
166 168 -0.9732808150330965
166 169 -0.9225035253906386
166 177 0.9780708678946781
167 170 0.1830729146069603
167 171 -0.43045078927070324
167 197 0.6020073306993101
170 219 -0.24465722443189786
172 174 -0.45743834098080827
172 175 -0.5026862317957925
173 176 -0.029205734868712252
173 177 -0.2944855342290149
174 279 -0.5917181489197387
177 196 -0.5576500806073654
178 180 -0.0727402673779991
178 181 -0.9690181731618694
179 182 -0.5579310804221185
179 183 -0.3587821636297748
184 186 -0.9602785847708974
184 187 -0.8057004476280449
185 188 -0.06407337228549759
185 189 -0.7907446314907085
190 192 -0.7323472882986848
190 193 -0.9123475234821912
191 194 -0.7125694488654404
191 195 -0.22916308635858584
193 206 -0.6912717155831749
194 237 0.28949506235092026
196 198 -0.37088559548995614
196 199 -0.19531697304301
197 200 -0.751277093475226
197 201 -0.8372043272355878
200 204 -0.3321175530985936
201 273 -0.7836610999950184
202 204 -0.9768908628948054
202 205 -0.877599068922716
203 206 -0.7331497124553523
203 207 -0.6427363518920801
208 210 -0.05579168586278982
208 211 0.004268587417356695
209 212 -0.048555222158647604
209 213 -0.7739136551486223
214 216 -0.7597453619068721
214 217 -0.6911752328012006
215 218 -0.6555415485589837
215 219 -0.9247167589050516
220 222 -0.6963234229867459
220 223 -0.9034901117130516
221 224 -0.2658233411927402
221 225 0.4593550998357656
222 240 -0.7157639116167933
226 228 -0.08158117574960477
226 229 -0.12112038463275931
227 230 -0.42442371731621775
227 231 -0.3721859354694206
232 234 -0.15026254617605184
232 235 -0.9044613738223759
233 236 -0.1716996391275143
233 237 -0.9191099009175134
233 271 -0.19506233226813818
238 240 0.05687009805107701
238 241 -0.13808051557409073
239 242 -0.8834403385096126
239 243 0.41951870527301205
244 246 -0.22365612399486468
244 247 -0.5609737403204664
245 248 0.14272780663841456
245 249 -0.4108609544850039
250 252 -0.5086826264480102
250 253 0.002392765544843023
251 254 0.34187432320808653
251 255 0.09506817292825143
256 258 -0.18146080969578637
256 259 -0.9767432738129316
256 276 0.7446452443096996
257 260 -0.48479311699193195
257 261 -0.8438346793832661
262 264 -0.991167978234123
262 265 -0.29011870265855677
263 266 -0.18306713838095412
263 267 -0.3076831748243356
268 270 -0.46786193607138404
268 271 -0.8129724116241115
269 272 -0.4576665459732272
269 273 0.2244483677602278
274 276 -0.644294890376814
274 277 -0.6907073473100012
275 278 0.5851598679287384
275 279 -0.5999834114592499
0 0 -0.7302641908438146
1 1 -1.5947143562409485
2 2 -1.7956994959487185
3 3 -0.16168339603760362
4 4 1.8093349284633211
5 5 0.42987198650552516
6 6 -1.7829992247191044
7 7 -1.8864440636254607
8 8 1.1880875744915667
9 9 1.7755943153171483
10 10 1.7904336564184624
11 11 1.4045937037287253
12 12 1.605132015659151
13 13 1.1325894696183445
14 14 -0.6095262812548361
15 15 1.7143471518172169
16 16 -1.9579292489451285
17 17 1.7510662652436746
18 18 1.1278333528655002
19 19 -1.6441384483766543
20 20 0.6925662423259249
21 21 -1.5029153244215556
22 22 -1.2207224876488252
23 23 1.7433002716255894
24 24 -1.196938754080859
25 25 -1.6754297524338626
26 26 1.836873807651277
27 27 -1.5031838821294023
28 28 0.5632638090404565
29 29 1.969966384373775
30 30 1.9793179494828754
31 31 -1.574764215383552
32 32 -0.034321267010505974
33 33 1.0681516547442338
34 34 -1.7545727485296025
35 35 -0.035328253304415025
36 36 1.6854107556929936
37 37 0.9762171537458407
38 38 -0.873272000236855
39 39 -1.1740659566241467
40 40 0.7229676793472644
41 41 -0.14928628597511695
42 42 1.6343329143224217
43 43 -1.7497332157786518
44 44 -0.9241033280663357
45 45 -1.4199026487888822
46 46 -0.4900381915402505
47 47 0.9830226766163107
48 48 0.16197159515921644
49 49 1.3811931044007668
50 50 1.9795889384974241
51 51 0.8243563332333927
52 52 0.4446954271507719
53 53 -0.8690781322377519
54 54 1.5819013861918911
55 55 -0.050870331132206736
56 56 -0.10580442569181737
57 57 -1.4594783809655625
58 58 1.9944922737971125
59 59 1.0043240858397566
60 60 0.6243390356736582
61 61 1.718483153612499
62 62 -1.5365090561250414
63 63 -1.098439966234717
64 64 1.3250815806018257
65 65 0.2831723947222402
66 66 0.05561819447275873
67 67 0.3466252790196491
68 68 -0.17517173742452874
69 69 -0.352042413582736
70 70 1.4536526014622206
71 71 1.3738943860216448
72 72 -0.8649053881387713
73 73 0.375685422046185
74 74 1.9428904742954014
75 75 -0.688032531181543
76 76 1.1146840472600235
77 77 1.3575886769053545
78 78 1.7300081900195308
79 79 1.7243645213063008
80 80 -1.9983206196602208
81 81 -1.2107194989009935
82 82 -0.005428668974124307
83 83 0.9789300396587586
84 84 0.0751624493457288
85 85 -0.9390566535617473
86 86 1.2000259651468648
87 87 0.06224703219728811
88 88 0.47878495956932143
89 89 -0.15852611336986167
90 90 1.8619574035030575
91 91 -0.4425650823074241
92 92 -1.6806262145021766
93 93 -0.8977798231875647
94 94 1.2145585946822268
95 95 0.8162781538283665
96 96 -1.0082881968844672
97 97 0.9349525298037463
98 98 0.8805174980558471
99 99 0.6679759078495087
100 100 1.6200294833247597
101 101 1.7482797276703652
102 102 1.198324690479852
103 103 1.4186067870085037
104 104 -1.7322335471504648
105 105 1.0775723264611172
106 106 0.9254775584168301
107 107 0.6525980561453215
108 108 -1.699958478228695
109 109 -1.5001581990203137
110 110 -0.5055790894150229
111 111 -1.5581341030981526
112 112 -1.9545108934265203
113 113 0.1521228779391932
114 114 -0.8804549828534638
115 115 -1.4023235531353015
116 116 1.5316339765878642
117 117 -1.2252196765350796
118 118 -0.6427136875988588
119 119 1.425880994277665
120 120 1.4588374035991762
121 121 1.5260356433708724
122 122 -8.523635806412244e-05
123 123 0.8339631896605192
124 124 0.7460645017647516
125 125 -0.9389869362064025
126 126 -0.022900006101404635
127 127 0.874566183437303
128 128 -1.2395363599298292
129 129 0.935097138327755
130 130 1.959980373391208
131 131 -1.688401083585753
132 132 1.0190557089425583
133 133 1.6171473356603536
134 134 -0.7946585321186338
135 135 0.6585858095146797
136 136 -1.1641023167543962
137 137 1.0484913033614123
138 138 -1.7492689797389462
139 139 1.9685447356199686
140 140 -0.22473975563904958
141 141 1.8707139266783526
142 142 -1.4764388886981927
143 143 -1.982351252119499
144 144 1.6803780181081232
145 145 -0.030296152254726927
146 146 0.05285404734101462
147 147 -1.5870990536518137
148 148 0.5383717888521606
149 149 -0.9463350826622499
150 150 -1.1252232240201079
151 151 -1.7531579875475547
152 152 -1.9977650812630579
153 153 -1.8689450712975
154 154 -1.5108845749138333
155 155 -1.3991826993441556
156 156 -1.0376709224932288
157 157 0.2801158048011092
158 158 1.0587790887851836
159 159 -1.6224813567134202
160 160 -1.6376713911407215
161 161 -0.9400143816743922
162 162 0.814465737942765
163 163 -1.9222897342649192
164 164 0.6822056639426304
165 165 -1.0261876877074334
166 166 0.364943923521806
167 167 -0.8918897053674537
168 168 1.7130905676934431
169 169 -0.9599431130214353
170 170 1.8796177123845617
171 171 1.7253119787644735
172 172 0.5554056218917403
173 173 -1.3903089249834002
174 174 0.37575573679310775
175 175 1.7760158646690105
176 176 -0.12473767405388837
177 177 -0.3367860854224696
178 178 -1.536148164177829
179 179 -1.9408240393314657
180 180 -1.0519504748305577
181 181 -1.149273343653364
182 182 -0.9284341912349676
183 183 -0.6323552362391354
184 184 0.9245769461196263
185 185 -1.4054580097528344
186 186 -0.183136694143486
187 187 1.7817951903430167
188 188 1.2472453675704882
189 189 -1.6984498403116812
190 190 -0.3825988103989997
191 191 0.770231847009557
192 192 -1.9581648448219338
193 193 -1.2013588657307612
194 194 -0.7243700072484276
195 195 -1.694197248642178
196 196 1.082394151827042
197 197 -0.7537212379745291
198 198 0.6630600109522877
199 199 0.8604435385623287
200 200 -0.2709374982353596
201 201 1.1798699855005825
202 202 0.2974406130670775
203 203 -1.6533702218693218
204 204 1.2456440507658373
205 205 -0.5795644577941901
206 206 -1.5420414311520458
207 207 1.5704655913148762
208 208 -0.49525265972121346
209 209 1.3724136438915981
210 210 -1.4219597017879826
211 211 -0.4578323156885462
212 212 -0.6851413026326942
213 213 -0.03211987727816368
214 214 0.09051543647540816
215 215 0.21463676852679914
216 216 -0.18095504966063203
217 217 0.0703777431945043
218 218 0.6170904858557145
219 219 -1.5668852860378821
220 220 0.8482680494194486
221 221 0.23202356740668328
222 222 -0.9353634051464965
223 223 -0.7333003749495695
224 224 1.6066976672524678
225 225 -0.5062506464010617
226 226 -1.2288112417388182
227 227 1.4044618017770563
228 228 -0.9856193666578338
229 229 1.09056238677926
230 230 -1.029139614638611
231 231 0.37107834515222615
232 232 0.2993835618748464
233 233 -1.6763000804772266
234 234 0.8775839993145547
235 235 -0.10835317382928888
236 236 -1.2444458860408742
237 237 0.771835770564854
238 238 0.20360686182568477
239 239 1.174996337074306
240 240 -1.2639972264726897
241 241 0.4809060437913884
242 242 1.9450324226785511
243 243 -1.4425322290664466
244 244 0.6245710693319042
245 245 0.7804051995846275
246 246 1.4427422160365042
247 247 0.4539394496422289
248 248 0.7170264506602777
249 249 -0.08793379982816997
250 250 0.23690542838832407
251 251 1.6268619619484794
252 252 0.15737782191130337
253 253 0.3043584637215839
254 254 -1.647770907573235
255 255 -1.6500243502397625
256 256 -0.2725407730001921
257 257 0.5925765253195454
258 258 -0.3465823724927413
259 259 0.38916741691947987
260 260 -1.0263187926071908
261 261 -0.53875567115016
262 262 -1.0675067797970912
263 263 1.442389575437995
264 264 1.7193555349050471
265 265 -1.8634390677153934
266 266 0.9409272670099088
267 267 -0.8599138770853748
268 268 0.7481625276703032
269 269 1.194899672855478
270 270 0.810658029844324
271 271 -0.04195239276120155
272 272 1.282384399788771
273 273 0.259607905701289
274 274 0.5603969404426521
275 275 0.16463905557035696
276 276 1.6189810574486063
277 277 1.8409963024213305
278 278 -0.8756546884856933
279 279 1.055353174979416
