0 1 -5.461912479740681
0 2 -4.5542949756888165
0 3 -1.4100486223662885
0 4 0.7617504051863857
0 5 -3.1280388978930307
0 6 4.683954619124798
0 7 2.8363047001620747
0 8 2.1880064829821717
0 9 -4.165316045380875
0 10 6.4991896272285254
0 11 -7.115072933549433
0 12 -0.9238249594813615
0 13 -4.13290113452188
0 14 -5.429497568881685
0 15 -4.521880064829822
0 16 -1.5721231766612642
0 17 -3.7439222042139386
0 18 -0.6645056726094003
0 19 6.4991896272285254
0 20 -1.539708265802269
0 21 3.387358184764992
0 22 -3.905996758508914
0 23 -4.13290113452188
0 24 -4.13290113452188
0 25 -1.0210696920583469
0 26 4.781199351701783
0 27 -0.01620745542949757
0 28 3.1280388978930307
0 29 -1.9286871961102108
0 30 0.11345218800648298
0 31 0.11345218800648298
0 32 -4.13290113452188
0 33 -0.9238249594813615
0 34 1.1507293354943273
0 35 3.2576985413290114
0 36 5.721231766612642
0 37 -2.9983792544570504
0 38 0.7941653160453809
0 39 -2.739059967585089
0 40 0.6673128466623635
0 41 0.09174797584416106
1 2 0.8914100486223663
1 3 -1.6693679092382496
1 4 1.0210696920583469
1 5 7.5040518638573745
1 6 -5.948136142625608
1 7 3.0956239870340356
1 8 -2.739059967585089
1 9 1.280388978930308
1 10 -4.13290113452188
1 11 8.184764991896273
1 12 -0.6645056726094003
1 13 5.980551053484603
1 14 4.683954619124798
1 15 5.591572123176661
1 16 -1.312803889789303
1 17 1.1831442463533226
1 18 -0.4051863857374392
1 19 -4.13290113452188
1 20 3.387358184764992
1 21 3.1280388978930307
1 22 1.539708265802269
1 23 0.7941653160453809
1 24 0.7941653160453809
1 25 -1.280388978930308
1 26 -5.332252836304701
1 27 0.24311183144246354
1 28 -7.5040518638573745
1 29 2.9983792544570504
1 30 5.5591572123176665
1 31 -4.813614262560778
1 32 0.7941653160453809
1 33 -0.6645056726094003
1 34 1.4100486223662885
1 35 -2.1880064829821717
1 36 0.2755267423014587
1 37 2.447325769854133
1 38 0.5348460291734197
1 39 -2.479740680713128
1 46 -0.4877349643468938
1 47 0.23580585392114517
2 3 7.7957860615883305
2 4 7.115072933549433
2 5 3.2252836304700163
2 6 -1.6693679092382496
2 7 -1.1831442463533226
2 8 -1.8314424635332254
2 9 2.1880064829821717
2 10 0.1458670988654781
2 11 2.0907617504051865
2 12 -4.943273905996758
2 13 -0.11345218800648298
2 14 -1.4100486223662885
2 15 -0.5024311183144247
2 16 9.967585089141005
2 17 -4.9108589951377635
2 18 0.5024311183144247
2 19 0.1458670988654781
2 20 -2.706645056726094
2 21 -2.965964343598055
2 22 -2.739059967585089
2 23 5.072933549432739
2 24 5.072933549432739
2 25 -2.1880064829821717
2 26 -4.424635332252836
2 27 -4.035656401944895
2 28 -3.2252836304700163
2 29 2.0907617504051865
2 30 -3.905996758508914
2 31 6.46677471636953
2 32 5.072933549432739
2 33 -4.943273905996758
2 34 -2.8687196110210698
2 35 -3.0956239870340356
2 36 -0.6320907617504052
2 37 -1.8314424635332254
2 38 -0.3727714748784441
2 39 -1.5721231766612642
2 52 0.8119018172224262
2 53 0.5832687791968569
3 4 2.479740680713128
3 5 1.1831442463533226
3 6 2.447325769854133
3 7 -4.781199351701783
3 8 1.053484602917342
3 9 2.2204213938411668
3 10 0.6320907617504052
3 11 -1.312803889789303
3 12 -1.0210696920583469
3 13 0.8914100486223663
3 14 -2.9983792544570504
3 15 -3.905996758508914
3 16 10.0
3 17 -4.683954619124798
3 18 -1.280388978930308
3 19 0.6320907617504052
3 20 -1.7017828200972447
3 21 -1.4424635332252835
3 22 -3.2252836304700163
3 23 0.8914100486223663
3 24 0.8914100486223663
3 25 2.965964343598055
3 26 -1.539708265802269
3 27 -1.9286871961102108
3 28 -1.1831442463533226
3 29 3.873581847649919
3 30 -2.0583468395461915
3 31 8.314424635332253
3 32 0.8914100486223663
3 33 -1.0210696920583469
3 34 -3.0956239870340356
3 35 -1.312803889789303
3 36 1.4100486223662885
3 37 -4.13290113452188
3 38 1.1507293354943273
3 39 0.7941653160453809
3 58 -0.9058456687860996
3 59 -0.39787356416286435
4 5 3.3549432739059966
4 6 -1.79902755267423
4 7 4.13290113452188
4 8 -6.888168557536467
4 9 -2.8687196110210698
4 10 5.2025931928687195
4 11 1.9611021069692058
4 12 -10.0
4 13 -0.24311183144246354
4 14 -6.726094003241491
4 15 4.5542949756888165
4 16 4.9108589951377635
4 17 -5.040518638573744
4 18 0.6320907617504052
4 19 5.2025931928687195
4 20 2.3500810372771475
4 21 2.0907617504051865
4 22 -7.7957860615883305
4 23 -0.24311183144246354
4 24 4.943273905996758
4 25 -7.5040518638573745
4 26 -4.294975688816856
4 27 -3.905996758508914
4 28 -3.3549432739059966
4 29 -3.2252836304700163
4 30 1.4100486223662885
4 31 1.4100486223662885
4 32 -0.24311183144246354
4 33 -10.0
4 34 2.447325769854133
4 35 -3.2252836304700163
4 36 -0.7617504051863857
4 37 3.4846029173419772
4 38 -0.5024311183144247
4 39 -1.4424635332252835
4 64 0.0915317382966645
4 65 0.09330905122644784
5 6 -3.0956239870340356
5 7 0.24311183144246354
5 8 -5.591572123176661
5 9 3.614262560777958
5 10 -1.280388978930308
5 11 5.8508914100486225
5 12 -3.5170178282009723
5 13 3.646677471636953
5 14 2.3500810372771475
5 15 3.2576985413290114
5 16 1.0210696920583469
5 17 -1.1507293354943273
5 18 1.9286871961102108
5 19 -1.280388978930308
5 20 1.053484602917342
5 21 0.7941653160453809
5 22 -1.312803889789303
5 23 -1.539708265802269
5 24 -1.539708265802269
5 25 1.5721231766612642
5 26 -8.184764991896273
5 27 -2.6094003241491084
5 28 -9.837925445705025
5 29 0.6645056726094003
5 30 2.706645056726094
5 31 -2.479740680713128
5 32 -1.539708265802269
5 33 -3.5170178282009723
5 34 3.7439222042139386
5 35 -4.521880064829822
5 36 3.1280388978930307
5 37 -0.4051863857374392
5 38 3.387358184764992
5 39 -5.332252836304701
5 70 0.8093159815661544
5 71 -0.3451895857137166
6 7 -3.873581847649919
6 8 1.9611021069692058
6 9 3.1280388978930307
6 10 -0.2755267423014587
6 11 -7.406807131280389
6 12 -0.11345218800648298
6 13 -5.2025931928687195
6 14 -3.905996758508914
6 15 -4.813614262560778
6 16 0.5348460291734197
6 17 4.781199351701783
6 18 -0.3727714748784441
6 19 -0.2755267423014587
6 20 -2.6094003241491084
6 21 2.8363047001620747
6 22 -2.3176661264181524
6 23 -5.2025931928687195
6 24 -0.01620745542949757
6 25 7.244732576985413
6 26 4.5542949756888165
6 27 -6.207455429497569
6 28 3.0956239870340356
6 29 2.965964343598055
6 30 -1.1507293354943273
6 31 4.035656401944895
6 32 -5.2025931928687195
6 33 -0.11345218800648298
6 34 2.9983792544570504
6 35 -2.2204213938411668
6 36 0.5024311183144247
6 37 -3.2252836304700163
6 38 -4.943273905996758
6 39 1.7017828200972447
6 76 0.746370594230453
6 77 0.6041562525357502
7 8 0.3727714748784441
7 9 -5.980551053484603
7 10 3.1280388978930307
7 11 -0.11345218800648298
7 12 -2.739059967585089
7 13 -2.3176661264181524
7 14 1.5721231766612642
7 15 2.479740680713128
7 16 -3.387358184764992
7 17 -1.9286871961102108
7 18 2.706645056726094
7 19 3.1280388978930307
7 20 0.2755267423014587
7 21 5.2025931928687195
7 22 -0.5348460291734197
7 23 2.8687196110210698
7 24 2.8687196110210698
7 25 -9.578606158833063
7 26 2.965964343598055
7 27 -1.8314424635332254
7 28 -0.24311183144246354
7 29 -0.11345218800648298
7 30 3.4846029173419772
7 31 -6.888168557536467
7 32 2.8687196110210698
7 33 -2.739059967585089
7 34 -0.6645056726094003
7 35 -0.11345218800648298
7 36 2.3500810372771475
7 37 0.3727714748784441
7 38 -2.5769854132901133
7 39 -4.5542949756888165
7 82 0.9129076475106024
7 83 0.9955841302880053
8 9 -1.4424635332252835
8 10 -1.4100486223662885
8 11 -4.651539708265802
8 12 6.985413290113452
8 13 -1.6693679092382496
8 14 2.2204213938411668
8 15 -7.244732576985413
8 16 1.1507293354943273
8 17 -1.280388978930308
8 18 -3.1280388978930307
8 19 -1.4100486223662885
8 20 -4.2625607779578605
8 21 0.6645056726094003
8 22 4.003241491085899
8 23 3.5170178282009723
8 24 -1.6693679092382496
8 25 1.4424635332252835
8 26 7.5040518638573745
8 27 2.706645056726094
8 28 5.591572123176661
8 29 5.721231766612642
8 30 -2.3500810372771475
8 31 2.8363047001620747
8 32 3.5170178282009723
8 33 6.985413290113452
8 34 -6.4991896272285254
8 35 5.721231766612642
8 36 2.9983792544570504
8 37 -5.461912479740681
8 38 -1.9286871961102108
8 39 -0.01620745542949757
8 88 0.8328520841498395
8 89 0.7635888727794056
9 10 -5.429497568881685
9 11 1.7017828200972447
9 12 0.6320907617504052
9 13 -0.5024311183144247
9 14 3.387358184764992
9 15 -0.8914100486223663
9 16 -0.01620745542949757
9 17 5.072933549432739
9 18 0.8914100486223663
9 19 -5.429497568881685
9 20 -3.0956239870340356
9 21 -3.3549432739059966
9 22 2.8363047001620747
9 23 -0.5024311183144247
9 24 -0.5024311183144247
9 25 7.7957860615883305
9 26 -4.035656401944895
9 27 -3.646677471636953
9 28 -3.614262560777958
9 29 1.7017828200972447
9 30 -3.5170178282009723
9 31 1.6693679092382496
9 32 -0.5024311183144247
9 33 0.6320907617504052
9 34 2.706645056726094
9 35 -3.4846029173419772
9 36 -1.0210696920583469
9 37 -1.4424635332252835
9 38 -0.7617504051863857
9 39 -1.1831442463533226
9 94 -0.25928494925209167
9 95 0.04007433211567446
10 11 -4.035656401944895
10 12 -3.4846029173419772
10 13 -1.8314424635332254
10 14 -5.721231766612642
10 15 -1.4424635332252835
10 16 2.3500810372771475
10 17 -7.406807131280389
10 18 1.4424635332252835
10 19 8.282009724473257
10 20 0.7617504051863857
10 21 1.0210696920583469
10 22 -5.688816855753647
10 23 -1.8314424635332254
10 24 -1.8314424635332254
10 25 -4.943273905996758
10 26 1.1831442463533226
10 27 0.7941653160453809
10 28 1.280388978930308
10 29 -4.035656401944895
10 30 0.6645056726094003
10 31 0.6645056726094003
10 32 -1.8314424635332254
10 33 -3.4846029173419772
10 34 -0.3727714748784441
10 35 1.1507293354943273
10 36 3.873581847649919
10 37 -1.4100486223662885
10 38 3.614262560777958
10 39 -1.6693679092382496
10 100 -0.1978074714480198
10 101 -0.08616868739041172
11 12 -1.539708265802269
11 13 6.59643435980551
11 14 2.706645056726094
11 15 6.985413290113452
11 16 -0.8914100486223663
11 17 1.0210696920583469
11 18 -1.79902755267423
11 19 -4.035656401944895
11 20 4.003241491085899
11 21 -0.9238249594813615
11 22 1.4424635332252835
11 23 1.4100486223662885
11 24 1.4100486223662885
11 25 -1.7017828200972447
11 26 -7.244732576985413
11 27 2.739059967585089
11 28 -5.8508914100486225
11 29 -0.7941653160453809
11 30 2.6094003241491084
11 31 -2.5769854132901133
11 32 1.4100486223662885
11 33 -1.539708265802269
11 34 1.5721231766612642
11 35 -0.7941653160453809
11 36 -3.2576985413290114
11 37 5.721231766612642
11 38 1.6693679092382496
11 39 0.2755267423014587
11 106 0.21822744729208
11 107 0.7619783514267593
12 13 1.4424635332252835
12 14 5.332252836304701
12 15 -4.13290113452188
12 16 -1.9611021069692058
12 17 1.8314424635332254
12 18 -1.053484602917342
12 19 -3.4846029173419772
12 20 -1.1507293354943273
12 21 -1.4100486223662885
12 22 6.077795786061588
12 23 1.4424635332252835
12 24 -3.7439222042139386
12 25 4.5542949756888165
12 26 4.392220421393841
12 27 4.781199351701783
12 28 3.5170178282009723
12 29 3.646677471636953
12 30 -0.2755267423014587
12 31 -0.2755267423014587
12 32 1.4424635332252835
12 33 9.05996758508914
12 34 -4.424635332252836
12 35 3.646677471636953
12 36 0.9238249594813615
12 37 -3.387358184764992
12 38 1.1831442463533226
12 39 2.0583468395461915
12 112 -0.4967632768560617
12 113 0.7401356003310609
13 14 -0.2755267423014587
13 15 4.003241491085899
13 16 2.0907617504051865
13 17 -1.9611021069692058
13 18 -4.003241491085899
13 19 -1.8314424635332254
13 20 6.207455429497569
13 21 1.280388978930308
13 22 -0.7617504051863857
13 23 -1.5721231766612642
13 24 -1.5721231766612642
13 25 0.5024311183144247
13 26 -4.2625607779578605
13 27 5.721231766612642
13 28 -3.646677471636953
13 29 1.4100486223662885
13 30 5.591572123176661
13 31 0.4051863857374392
13 32 -1.5721231766612642
13 33 1.4424635332252835
13 34 -0.6320907617504052
13 35 1.4100486223662885
13 36 -1.053484602917342
13 37 3.5170178282009723
13 38 3.873581847649919
13 39 3.2576985413290114
13 118 -0.634377002652438
13 119 -0.36661411639456
14 15 0.11345218800648298
14 16 -4.392220421393841
14 17 4.521880064829822
14 18 5.072933549432739
14 19 -5.721231766612642
14 20 -2.8687196110210698
14 21 -2.6094003241491084
14 22 8.314424635332253
14 23 4.9108589951377635
14 24 -0.2755267423014587
14 25 1.79902755267423
14 26 -0.3727714748784441
14 27 -0.7617504051863857
14 28 -2.3500810372771475
14 29 2.706645056726094
14 30 -0.8914100486223663
14 31 -6.077795786061588
14 32 4.9108589951377635
14 33 5.332252836304701
14 34 -1.9286871961102108
14 35 -2.479740680713128
14 36 0.24311183144246354
14 37 -2.965964343598055
14 38 -0.01620745542949757
14 39 -3.2252836304700163
14 124 0.8650325913451413
14 125 -0.3614712182119566
15 16 -3.4846029173419772
15 17 3.614262560777958
15 18 0.7941653160453809
15 19 -1.4424635332252835
15 20 6.59643435980551
15 21 1.6693679092382496
15 22 -1.1507293354943273
15 23 -1.1831442463533226
15 24 4.003241491085899
15 25 -4.294975688816856
15 26 -4.651539708265802
15 27 0.1458670988654781
15 28 -3.2576985413290114
15 29 -3.387358184764992
15 30 5.2025931928687195
15 31 -5.170178282009725
15 32 -1.1831442463533226
15 33 -4.13290113452188
15 34 4.165316045380875
15 35 -3.387358184764992
15 36 -5.8508914100486225
15 37 8.314424635332253
15 38 -0.9238249594813615
15 39 2.8687196110210698
15 130 0.24112506570325176
15 131 -0.31984505612946523
16 17 -7.893030794165316
16 18 -1.7017828200972447
16 19 2.3500810372771475
16 20 -0.5024311183144247
16 21 -0.7617504051863857
16 22 -4.943273905996758
16 23 2.0907617504051865
16 24 2.0907617504051865
16 25 0.01620745542949757
16 26 -1.4424635332252835
16 27 -1.053484602917342
16 28 -1.0210696920583469
16 29 4.294975688816856
16 30 -0.9238249594813615
16 31 9.448946515397083
16 32 2.0907617504051865
16 33 -1.9611021069692058
16 34 -5.072933549432739
16 35 -0.8914100486223663
16 36 1.5721231766612642
16 37 -4.035656401944895
16 38 1.8314424635332254
16 39 1.4100486223662885
16 136 -0.8556349794488891
16 137 0.1794378991888148
17 18 1.5721231766612642
17 19 -7.406807131280389
17 20 0.6320907617504052
17 21 0.8914100486223663
17 22 4.813614262560778
17 23 -1.9611021069692058
17 24 3.2252836304700163
17 25 5.299837925445705
17 26 1.312803889789303
17 27 -4.2625607779578605
17 28 1.1507293354943273
17 29 1.0210696920583469
17 30 0.7941653160453809
17 31 -4.392220421393841
17 32 -1.9611021069692058
17 33 1.8314424635332254
17 34 4.943273905996758
17 35 -4.165316045380875
17 36 -6.628849270664506
17 37 3.905996758508914
17 38 -6.888168557536467
17 39 3.646677471636953
17 142 0.6692656354706139
17 143 0.2927429797803738
18 19 1.4424635332252835
18 20 -1.4100486223662885
18 21 -1.6693679092382496
18 22 1.1507293354943273
18 23 1.1831442463533226
18 24 1.1831442463533226
18 25 -0.8914100486223663
18 26 -0.5348460291734197
18 27 -5.332252836304701
18 28 -1.9286871961102108
18 29 -1.79902755267423
18 30 -0.01620745542949757
18 31 -5.2025931928687195
18 32 1.1831442463533226
18 33 -1.053484602917342
18 34 1.0210696920583469
18 35 -6.985413290113452
18 36 0.6645056726094003
18 37 -3.1280388978930307
18 38 0.9238249594813615
18 39 -2.8687196110210698
18 148 -0.870055902330684
18 149 -0.6068429144852967
19 20 0.7617504051863857
19 21 1.0210696920583469
19 22 -5.688816855753647
19 23 -1.8314424635332254
19 24 -1.8314424635332254
19 25 -4.943273905996758
19 26 1.1831442463533226
19 27 0.7941653160453809
19 28 1.280388978930308
19 29 -4.035656401944895
19 30 0.6645056726094003
19 31 0.6645056726094003
19 32 -1.8314424635332254
19 33 -3.4846029173419772
19 34 -0.3727714748784441
19 35 1.1507293354943273
19 36 3.873581847649919
19 37 -1.4100486223662885
19 38 3.614262560777958
19 39 -1.6693679092382496
19 154 -0.9443140540960899
19 155 -0.04342699407992967
20 21 3.873581847649919
20 22 -3.3549432739059966
20 23 -4.165316045380875
20 24 1.0210696920583469
20 25 -2.0907617504051865
20 26 -1.6693679092382496
20 27 3.1280388978930307
20 28 -1.053484602917342
20 29 -1.1831442463533226
20 30 8.184764991896273
20 31 -2.1880064829821717
20 32 -4.165316045380875
20 33 -1.1507293354943273
20 34 1.9611021069692058
20 35 -1.1831442463533226
20 36 -3.646677471636953
20 37 6.110210696920584
20 38 1.280388978930308
20 39 5.8508914100486225
20 160 0.7958818893850101
20 161 0.1269202531494027
21 22 -3.614262560777958
21 23 -3.905996758508914
21 24 1.280388978930308
21 25 -1.8314424635332254
21 26 3.2576985413290114
21 27 -2.3176661264181524
21 28 -0.7941653160453809
21 29 4.2625607779578605
21 30 7.925445705024311
21 31 -2.447325769854133
21 32 -3.905996758508914
21 33 -1.4100486223662885
21 34 1.7017828200972447
21 35 -0.9238249594813615
21 36 1.79902755267423
21 37 0.6645056726094003
21 38 -3.646677471636953
21 39 0.4051863857374392
21 166 -0.3410402061976616
21 167 -0.6501214215774458
22 23 4.424635332252836
22 24 -0.7617504051863857
22 25 2.3500810372771475
22 26 1.4100486223662885
22 27 1.79902755267423
22 28 1.312803889789303
22 29 1.4424635332252835
22 30 -3.2576985413290114
22 31 -3.2576985413290114
22 32 4.424635332252836
22 33 6.077795786061588
22 34 -2.2204213938411668
22 35 1.4424635332252835
22 36 -1.280388978930308
22 37 -1.1831442463533226
22 38 -1.0210696920583469
22 39 -0.9238249594813615
22 172 0.2841005354870174
22 173 0.19814516400489568
23 24 3.614262560777958
23 25 -4.683954619124798
23 26 0.9238249594813615
23 27 0.5348460291734197
23 28 1.539708265802269
23 29 1.4100486223662885
23 30 -4.781199351701783
23 31 0.4051863857374392
23 32 8.80064829821718
23 33 1.4424635332252835
23 34 -5.818476499189627
23 35 1.4100486223662885
23 36 -1.053484602917342
23 37 -1.6693679092382496
23 38 -1.312803889789303
23 39 -1.9286871961102108
23 178 0.8769632648590275
23 179 -0.1865350584551384
24 25 -4.683954619124798
24 26 0.9238249594813615
24 27 -4.651539708265802
24 28 1.539708265802269
24 29 1.4100486223662885
24 30 0.4051863857374392
24 31 0.4051863857374392
24 32 3.614262560777958
24 33 -3.7439222042139386
24 34 -0.6320907617504052
24 35 -3.7763371150729337
24 36 -6.239870340356564
24 37 3.5170178282009723
24 38 -6.4991896272285254
24 39 3.2576985413290114
24 184 -0.3329403284104062
24 185 0.39111942745722583
25 26 -1.1507293354943273
25 27 -1.539708265802269
25 28 -1.5721231766612642
25 29 3.4846029173419772
25 30 -1.6693679092382496
25 31 3.5170178282009723
25 32 -4.683954619124798
25 33 4.5542949756888165
25 34 2.479740680713128
25 35 -1.7017828200972447
25 36 1.0210696920583469
25 37 -3.7439222042139386
25 38 0.7617504051863857
25 39 1.1831442463533226
25 190 0.3010578809188065
25 191 0.8649176007774386
26 27 0.11345218800648298
26 28 8.184764991896273
26 29 3.1280388978930307
26 30 0.24311183144246354
26 31 0.24311183144246354
26 32 0.9238249594813615
26 33 4.392220421393841
26 34 -3.905996758508914
26 35 3.1280388978930307
26 36 0.4051863857374392
26 37 -2.8687196110210698
26 38 -4.521880064829822
26 39 2.5769854132901133
26 196 -0.23890626039249296
26 197 -0.5267824833269925
27 28 2.6094003241491084
27 29 -2.447325769854133
27 30 0.6320907617504052
27 31 0.6320907617504052
27 32 0.5348460291734197
27 33 4.781199351701783
27 34 -3.5170178282009723
27 35 7.925445705024311
27 36 0.01620745542949757
27 37 2.706645056726094
27 38 5.461912479740681
27 39 2.965964343598055
27 202 0.2360421233610106
27 203 0.24059956273421323
28 29 -0.6645056726094003
28 30 -2.706645056726094
28 31 2.479740680713128
28 32 1.539708265802269
28 33 3.5170178282009723
28 34 -3.7439222042139386
28 35 4.521880064829822
28 36 -3.1280388978930307
28 37 0.4051863857374392
28 38 -3.387358184764992
28 39 5.332252836304701
28 208 0.450473724911409
28 209 -0.9455139551393141
29 30 2.6094003241491084
29 31 2.6094003241491084
29 32 1.4100486223662885
29 33 3.646677471636953
29 34 -3.614262560777958
29 35 -0.7941653160453809
29 36 1.9286871961102108
29 37 -4.651539708265802
29 38 -3.5170178282009723
29 39 0.2755267423014587
29 214 -0.11382719659765739
29 215 -0.5858955704801279
30 31 -4.424635332252836
30 32 -4.781199351701783
30 33 -0.2755267423014587
30 34 1.79902755267423
30 35 -2.5769854132901133
30 36 -0.11345218800648298
30 37 2.8363047001620747
30 38 0.1458670988654781
30 39 3.0956239870340356
30 220 -0.33235608876409795
30 221 0.059547477178963915
31 32 0.4051863857374392
31 33 -0.2755267423014587
31 34 -3.387358184764992
31 35 2.6094003241491084
31 36 -0.11345218800648298
31 37 -2.3500810372771475
31 38 0.1458670988654781
31 39 3.0956239870340356
31 226 -0.6695945049179637
31 227 -0.8145549199276991
32 33 1.4424635332252835
32 34 -5.818476499189627
32 35 1.4100486223662885
32 36 -1.053484602917342
32 37 -1.6693679092382496
32 38 -1.312803889789303
32 39 -1.9286871961102108
32 232 0.7068786369574724
32 233 -0.6248174601609544
33 34 -4.424635332252836
33 35 3.646677471636953
33 36 0.9238249594813615
33 37 -3.387358184764992
33 38 1.1831442463533226
33 39 2.0583468395461915
33 238 0.7491025589983025
33 239 -0.0994259354401894
34 35 -3.614262560777958
34 36 -1.1507293354943273
34 37 3.873581847649919
34 38 -0.8914100486223663
34 39 -1.053484602917342
34 244 0.2881528647292537
34 245 -0.19835012514217265
35 36 1.9286871961102108
35 37 0.5348460291734197
35 38 1.6693679092382496
35 39 0.2755267423014587
35 250 -0.504240342260434
35 251 0.7940968710881726
36 37 -7.374392220421393
36 38 4.392220421393841
36 39 -7.633711507293355
36 256 0.6004699757472516
36 257 -0.24196511480455762
37 38 -1.9286871961102108
37 39 5.170178282009725
37 262 -0.42942878057310985
37 263 -0.4806918342179165
38 39 -2.1880064829821717
38 268 -0.6789450475652323
38 269 -0.07833437390548581
39 274 -0.5581737821681332
39 275 -0.5923645220912639
40 42 0.11263932520782283
40 43 0.18646339491635278
41 44 -0.914004955367058
41 45 -0.5212584881875328
41 222 0.06938136858543498
45 51 0.3080881520982448
46 48 -0.47275570135205336
46 49 -0.8263179985560591
46 216 0.3992112964102228
47 50 -0.403862458030378
47 51 0.050940931358332664
47 119 0.627140584159511
47 169 -0.7536078739937766
49 255 -0.04135193624174893
52 54 0.704412898444239
52 55 -0.6836953088892748
53 56 -0.23462469260692598
53 57 -0.17853602697271342
58 60 -0.18821678574561274
58 61 -0.3423021773921633
58 83 -0.4860567784943788
59 62 -0.9093417637398766
59 63 -0.28190536237033825
59 176 0.43453600725215513
61 76 -0.6348672055230682
63 80 0.17491346409171826
64 66 -0.8097038264609919
64 67 0.1028256352247443
64 143 0.9906008701914595
65 68 -0.7237316502678341
65 69 -0.4049384479458964
65 202 0.7398768125722108
65 208 0.22438093018879868
70 72 -0.34663181267224585
70 73 -0.04517847581636758
71 74 -0.30241062539743213
71 75 -0.386994919410832
71 92 -0.06529771155808217
71 192 -0.6392791124785446
73 105 0.4707692075824039
74 229 -0.26653148254014014
75 145 -0.382799418464711
76 78 -0.9568301602912619
76 79 -0.5512481653784889
77 80 -0.8684081179577763
77 81 -0.9835116910019146
77 91 -0.541978151374076
77 251 -0.5773247738276128
82 84 -0.9800816497868208
82 85 0.552366219326518
83 86 -0.45445521197223115
83 87 0.29289103904377334
86 184 -0.2262340988208269
88 90 -0.10352017167403904
88 91 -0.39368252591427777
89 92 -0.49499893316325116
89 93 -0.07067744846199009
89 261 -0.09721184197856947
92 130 0.7493197386743153
94 96 -0.9713696330653043
94 97 0.02558892952600056
95 98 -0.694248528441628
95 99 -0.4619973072741468
97 155 -0.051472416950894884
97 162 -0.6496278650154885
99 193 -0.549161287518799
100 102 -0.8742413479277225
100 103 -0.6593098310675212
101 104 -0.7482384585773534
101 105 -0.6850213790891719
106 108 0.17431994030855713
106 109 -0.07592115178044678
107 110 -0.4462912142685609
107 111 -0.22227602445658712
112 114 -0.6814065657167947
112 115 0.2436489112747371
113 116 0.005264943946106326
113 117 -0.6296083255995475
118 120 -0.5187743894759598
118 121 0.22362195596535672
119 122 -0.4967413709622319
119 123 -0.06261895355939551
124 126 0.691505678736061
124 127 -0.5880360208307094
124 207 0.05894898241446245
125 128 -0.570214937628857
125 129 -0.25475844439284145
125 204 -0.20355981861442718
130 132 0.5781744929720203
130 133 -0.3160180723606505
131 134 -0.224123692807485
131 135 -0.06957215131749761
132 152 -0.013669526737630333
132 184 0.2590373955600809
136 138 0.9295783463012814
136 139 0.5679342213248044
137 140 -0.5254723087661943
137 141 -0.9548008067723421
138 166 0.6986371728933403
138 213 -0.5600880731947111
138 267 0.01021552380499613
139 219 0.8738893550654587
142 144 -0.8685411427011758
142 145 -0.7895080460715327
143 146 0.06922884977195753
143 147 -0.28365773508026493
144 231 -0.28933646746403596
148 150 -0.24412057683436372
148 151 -0.2095209570737726
149 152 -0.4156290057041745
149 153 -0.09668279504521116
154 156 -0.6098832455425216
154 157 -0.302747149047625
154 167 0.9964549754685748
154 225 0.2976362738757883
155 158 0.016768975090078353
155 159 -0.9619893608236907
155 247 0.7093807442656959
160 162 -0.07824507986588869
160 163 -0.11843733977186033
161 164 0.042684888043335256
161 165 -0.8541581338980524
166 168 0.601216365443209
166 169 -0.9042317539947231
167 170 -0.7635669351891783
167 171 -0.859238623592079
172 174 -0.836857236399049
172 175 -0.5847883794866051
173 176 -0.5010257413332322
173 177 -0.07749067624751182
178 180 0.43163486901773407
178 181 -0.8480358738335283
179 182 -0.656442619625659
179 183 -0.7450093418535135
184 186 -0.6756511254437565
184 187 0.2652193500304776
185 188 -0.2607882702485613
185 189 -0.6999751419709095
187 221 0.02692445693085399
187 236 -0.9867176677553002
190 192 0.0946494921525205
190 193 -0.27240486382783313
191 194 -0.43232808814252865
191 195 0.29830250938286773
192 234 -0.23102218912757677
196 198 0.05759203301403404
196 199 -0.9835399725448282
197 200 0.13068070231640072
197 201 -0.7914935210853775
199 226 0.03535835193250825
199 272 0.9037163245943669
202 204 -0.8221968808178668
202 205 0.08361796051837223
203 206 -0.5737082652533412
203 207 0.6848156584299145
208 210 -0.7689929449904971
208 211 -0.6618118682560123
209 212 0.3527953617624733
209 213 0.03116914676987248
214 216 0.02483889296908015
214 217 -0.7672844431783612
214 278 0.6085058349557604
215 218 0.07131881777745885
215 219 -0.2774667248589362
218 240 0.011333143852689576
218 274 -0.6240730389838065
220 222 -0.8675729609601541
220 223 -0.3367978674169334
221 224 -0.5620424874658199
221 225 -0.8700164362702245
226 228 -0.8568374863588237
226 229 -0.4120837926139178
227 230 -0.2595733691459021
227 231 -0.1615555456103981
232 234 -0.4597914550816229
232 235 -0.6505795610257923
233 236 -0.15061788895049166
233 237 0.2963951026727367
236 262 0.7857547437251886
238 240 -0.7254856578328615
238 241 -0.6067963563212595
239 242 -0.6269517412476253
239 243 -0.8065855510509465
244 246 -0.627759611963796
244 247 0.1268349450444457
245 248 -0.6376119778190446
245 249 -0.5223356762010369
246 262 0.1503829693541363
250 252 -0.4894417490578924
250 253 -0.3062951750090306
251 254 -0.9944566515375801
251 255 -0.4268606395759953
254 262 0.22486682126654167
256 258 -0.512750587815717
256 259 -0.963188059478624
257 260 0.47472102308667585
257 261 -0.571039578332444
262 264 -0.8080726925619672
262 265 -0.5164036858437226
263 266 0.2609039555977315
263 267 -0.6432990564992283
266 270 0.9801817309134662
268 270 -0.009162609227078011
268 271 0.11252096514616716
269 272 -0.4278449493448664
269 273 -0.671176571577518
274 276 -0.8601559651431403
274 277 -0.4757449118479562
275 278 -0.9898523712689682
275 279 -0.7177661783970508
0 0 0.2930995240548646
1 1 -1.775785866208538
2 2 -0.01580744367612885
3 3 0.8338071355769793
4 4 -1.9546498935665533
5 5 -1.3041766641938373
6 6 -1.1087463139056157
7 7 -1.8967662801778356
8 8 0.45686150870517306
9 9 -0.6038279344850297
10 10 -1.2380752446486216
11 11 1.319268356928518
12 12 -0.7944035291624054
13 13 -0.7222177756517163
14 14 1.938299128528818
15 15 1.8726128628169534
16 16 1.3287256163763073
17 17 1.4416722400152535
18 18 -1.2863651805749625
19 19 0.6902255454637417
20 20 1.5110637132699287
21 21 1.889560415211069
22 22 -0.6940424075481406
23 23 1.009767810206006
24 24 -1.0255927971301086
25 25 1.6023488113617872
26 26 -1.1523167695828307
27 27 -0.49378197196066687
28 28 1.8015414948695954
29 29 -1.7100791814936391
30 30 0.874572031777015
31 31 1.8775309506067939
32 32 0.5265597582303805
33 33 -1.5315868800680787
34 34 -0.5200237459683144
35 35 1.183124051594715
36 36 -0.6143475279116681
37 37 0.18358391830632617
38 38 1.7251958761701407
39 39 -1.101912907108618
40 40 -1.4424901306196336
41 41 -0.15186788109097327
42 42 -1.0949106237847461
43 43 -0.6953359100029921
44 44 0.49726257944212593
45 45 1.883022493567491
46 46 1.158821483174866
47 47 -1.067097533305243
48 48 -0.3350964515643957
49 49 0.09626436097859915
50 50 0.9774869852582837
51 51 -0.3360209201580635
52 52 -1.3764837954483664
53 53 -1.3153571225424796
54 54 0.6699189675423388
55 55 -1.785784750158734
56 56 -0.24087046041351146
57 57 -0.16369346367389873
58 58 1.8458522820019485
59 59 -1.0754703527827312
60 60 0.5230864296716478
61 61 1.8738893884187484
62 62 0.23302260403089914
63 63 0.590583717901751
64 64 0.7752937041697666
65 65 0.33155693936216446
66 66 1.75880528969972
67 67 1.6983337708016377
68 68 -1.369156982211198
69 69 1.1128502384453167
70 70 0.4293955857605076
71 71 0.23496534563011065
72 72 0.7446266095046804
73 73 0.6065145082807062
74 74 -1.8836940487300502
75 75 -1.7481220247693945
76 76 0.4907113073019112
77 77 -0.014739854826387067
78 78 -0.10775108595112659
79 79 -0.6561883281656637
80 80 1.6975190546771166
81 81 -0.6134647345574291
82 82 -1.7470434163585393
83 83 0.0005330062374491185
84 84 -0.40689482957853906
85 85 -0.2389213130911525
86 86 -0.885526509548694
87 87 -1.3077262765860862
88 88 1.4079981513443554
89 89 -1.0071440089809167
90 90 -1.9369785533887507
91 91 1.0218808581670213
92 92 0.18914054614983833
93 93 1.4439089358731798
94 94 0.8354503161178717
95 95 -0.8473256236052142
96 96 0.351120355567458
97 97 1.651174184718947
98 98 -1.4550225080865697
99 99 -0.7054137402097749
100 100 0.583282819039753
101 101 -0.5138580153428531
102 102 -0.6871306045087932
103 103 1.7725384437605396
104 104 -1.4605308340695253
105 105 -0.42143133274914035
106 106 -1.8928390988065984
107 107 1.114847218360735
108 108 -1.1543720515541178
109 109 -1.5803234726688686
110 110 1.4093712522570017
111 111 -0.7269028056200515
112 112 1.8370842224173014
113 113 -1.9839483342991064
114 114 1.622858245712543
115 115 -0.6755002302168577
116 116 1.2444915239485645
117 117 0.26295338148333114
118 118 -1.4157871360994954
119 119 1.531698322947595
120 120 0.9110834712904335
121 121 -1.3538747525804282
122 122 -0.23220552276161754
123 123 -0.33051094479792953
124 124 1.9381491088886138
125 125 -0.23014487463189326
126 126 -1.3516313017556638
127 127 1.127195090785749
128 128 0.07422494281333991
129 129 -1.8536930265816092
130 130 1.2584700430642264
131 131 -0.14895270870611865
132 132 -0.46392819692976645
133 133 -0.26514262535087374
134 134 1.1862999524912476
135 135 -0.1473409587711325
136 136 -1.832516527858418
137 137 -0.7291391663616538
138 138 0.1584527144645893
139 139 -1.4977923579450438
140 140 0.7356522923906926
141 141 0.39666601423171827
142 142 1.5209716464593503
143 143 -0.47774667953222855
144 144 0.22746414665341552
145 145 -1.6212898196685164
146 146 -1.929319152221407
147 147 -0.42269561048699833
148 148 1.0880381884312413
149 149 -1.0791136476656464
150 150 0.43734980690711384
151 151 -0.695792195197821
152 152 1.2647566445775291
153 153 -0.9832148430771177
154 154 1.5277190480782292
155 155 -1.7825865050713388
156 156 -1.0191685790021339
157 157 -0.13105530888996508
158 158 -0.23094075906448766
159 159 -1.7486147943889088
160 160 1.4341706744676874
161 161 -1.9404703427309056
162 162 -1.4342039326083902
163 163 1.0169667289208908
164 164 -0.5043424093947939
165 165 0.9618197302527123
166 166 -0.2676737620405101
167 167 -1.0321036004125688
168 168 -0.8998726917892462
169 169 0.07587121722027224
170 170 0.45290928014625026
171 171 -0.7388701197434476
172 172 0.8625300016541773
173 173 -0.7807100781120515
174 174 -0.4352818456775434
175 175 -0.2975569136185352
176 176 -0.22579721399136643
177 177 1.7373010962678312
178 178 -0.6164804567581395
179 179 -1.3542663665926045
180 180 1.6251530288054052
181 181 -0.8551013330597774
182 182 0.39528315479138426
183 183 -0.03773772021563149
184 184 -0.5133349821029629
185 185 -1.9082948871571572
186 186 -1.555168065030096
187 187 1.1748939825928413
188 188 0.6435351338340244
189 189 1.4364137533812513
190 190 0.8862061254254412
191 191 -1.757961805005803
192 192 0.697054164201818
193 193 -0.3312476132240736
194 194 -0.38225376064207556
195 195 -0.15153811172024811
196 196 -1.242569501525137
197 197 -1.050961771536426
198 198 1.1229772609641295
199 199 -0.5150145605102612
200 200 -0.21901023950867993
201 201 0.1598375426142704
202 202 1.9553282430523387
203 203 -0.2878799497182376
204 204 -1.378201199720761
205 205 1.8782011660214846
206 206 -1.2729561165961065
207 207 -1.3291768522311944
208 208 0.8982820342918596
209 209 -0.3568781674567769
210 210 1.5772666118844496
211 211 0.5831542640704215
212 212 0.5799385306948341
213 213 -1.2562342576941818
214 214 -1.6841634192431787
215 215 -1.4576463158817274
216 216 1.0542177682390945
217 217 0.22875674604385887
218 218 0.37467971967763036
219 219 0.9095087119843842
220 220 -1.570217919996149
221 221 1.7372890682524098
222 222 -0.10836811607101017
223 223 -0.9213916883987512
224 224 0.31555723219783127
225 225 0.1061778284215964
226 226 -1.6320558591714918
227 227 -1.3205730891311385
228 228 0.17545442615539564
229 229 -1.9878904266191066
230 230 0.9011648048218337
231 231 -1.9159395657906275
232 232 -0.22933650492224666
233 233 -1.5796703577056956
234 234 -0.9533177155345146
235 235 1.29707474572912
236 236 -1.270301150953487
237 237 -0.5309825695970165
238 238 -1.7882202359283519
239 239 1.4785252913229838
240 240 0.2545861772156641
241 241 -1.8729454706202662
242 242 -0.35364512600079495
243 243 -1.0523399664541793
244 244 1.3029778188237704
245 245 1.8516070189688192
246 246 -0.40365542194364457
247 247 -1.0161349324801137
248 248 -1.2351883989281496
249 249 1.6423941960721193
250 250 -0.8910701986691759
251 251 0.25666183178982394
252 252 -0.08077384972023394
253 253 1.4901875312914163
254 254 1.3477643507087387
255 255 -0.06605646463302861
256 256 -0.7444357257629264
257 257 0.8701198580010244
258 258 0.5599375472341865
259 259 0.20589319013543064
260 260 1.2147470138011864
261 261 1.7578619988592203
262 262 0.43276588382561704
263 263 1.5697053251820126
264 264 -0.4935199460995987
265 265 1.0546765571217334
266 266 -0.30532535088875346
267 267 -1.1945243444256892
268 268 0.9861374878153205
269 269 -0.9787863020692088
270 270 -1.3697251042255658
271 271 -0.2720904916400646
272 272 -1.8358285001231034
273 273 -0.9370353812364853
274 274 -1.5863050386225912
275 275 0.8056051256572379
276 276 0.490131081998241
277 277 -1.5101443282184315
278 278 1.5636768208157803
279 279 0.15250657128302914
