0 1 -0.1477832512315271
0 2 0.37766830870279144
0 3 -3.431855500821018
0 4 4.712643678160919
0 5 2.5123152709359604
0 6 -5.270935960591133
0 7 -2.5123152709359604
0 8 3.399014778325123
0 9 2.348111658456486
0 10 2.348111658456486
0 11 -7.766830870279146
0 12 -3.9573070607553364
0 13 -1.8555008210180624
0 14 -0.90311986863711
0 15 2.9064039408866993
0 16 -5.369458128078818
0 17 4.58128078817734
0 18 2.6436781609195403
0 19 -7.766830870279146
0 20 8.029556650246306
0 21 -2.348111658456486
0 22 8.39080459770115
0 23 -5.106732348111659
0 24 0.37766830870279144
0 25 0.1477832512315271
0 26 2.1182266009852215
0 27 -0.6732348111658456
0 28 -2.5123152709359604
0 29 1.8226600985221675
0 30 -1.4614121510673235
0 31 2.380952380952381
0 32 -6.420361247947455
0 33 0.1477832512315271
0 34 0.1477832512315271
0 35 -4.482758620689655
0 36 -5.796387520525451
0 37 0.11494252873563218
0 38 0.016420361247947456
0 39 -8.39080459770115
0 40 0.22223477845516837
0 41 0.4748511725579394
1 2 4.318555008210181
1 3 5.763546798029557
1 4 -1.8555008210180624
1 5 3.825944170771757
1 6 3.9244663382594416
1 7 1.4285714285714286
1 8 2.0853858784893267
1 9 -4.220032840722496
1 10 -4.220032840722496
1 11 -3.825944170771757
1 12 -0.016420361247947456
1 13 -3.1691297208538587
1 14 0.41050903119868637
1 15 -1.0344827586206897
1 16 -4.055829228243021
1 17 -1.986863711001642
1 18 3.9573070607553364
1 19 -3.825944170771757
1 20 -1.1658456486042692
1 21 4.220032840722496
1 22 -3.431855500821018
1 23 1.4614121510673235
1 24 -0.9359605911330049
1 25 1.4614121510673235
1 26 -1.8226600985221675
1 27 3.2676518883415433
1 28 1.4285714285714286
1 29 -10.0
1 30 2.4794745484400655
1 31 -1.5599343185550083
1 32 -5.106732348111659
1 33 -9.047619047619047
1 34 1.4614121510673235
1 35 -0.541871921182266
1 36 -1.8555008210180624
1 37 -1.1986863711001643
1 38 1.3300492610837438
1 39 -1.8226600985221675
1 46 0.028344473683022287
1 47 -0.12662455693118502
2 3 1.0344827586206897
2 4 3.9244663382594416
2 5 3.3004926108374386
2 6 -0.8045977011494253
2 7 1.9540229885057472
2 8 7.865353037766831
2 9 -3.6945812807881775
2 10 -3.6945812807881775
2 11 -3.3004926108374386
2 12 0.5090311986863711
2 13 2.6108374384236455
2 14 5.139573070607553
2 15 -1.5599343185550083
2 16 -4.58128078817734
2 17 -6.715927750410509
2 18 -1.8226600985221675
2 19 -3.3004926108374386
2 20 -1.6912972085385878
2 21 3.6945812807881775
2 22 -2.9064039408866993
2 23 0.9359605911330049
2 24 4.844006568144499
2 25 6.190476190476191
2 26 -2.348111658456486
2 27 3.793103448275862
2 28 1.9540229885057472
2 29 -4.220032840722496
2 30 3.0049261083743843
2 31 3.1691297208538587
2 32 -5.632183908045977
2 33 -4.318555008210181
2 34 6.190476190476191
2 35 -0.016420361247947456
2 36 -1.3300492610837438
2 37 -5.927750410509031
2 38 6.059113300492611
2 39 -2.348111658456486
2 52 -0.6456426577830057
2 53 -0.6868146044218781
3 4 -5.139573070607553
3 5 1.8555008210180624
3 6 5.894909688013136
3 7 -1.8555008210180624
3 8 -1.1986863711001643
3 9 -2.2495894909688015
3 10 -2.2495894909688015
3 11 -1.8555008210180624
3 12 1.9540229885057472
3 13 -1.1986863711001643
3 14 -1.5599343185550083
3 15 -3.0049261083743843
3 16 -0.7717569786535303
3 17 -5.270935960591133
3 18 1.986863711001642
3 19 -1.8555008210180624
3 20 -3.136288998357964
3 21 2.2495894909688015
3 22 -1.4614121510673235
3 23 -0.5090311986863711
3 24 1.0344827586206897
3 25 -0.5090311986863711
3 26 -3.793103448275862
3 27 -0.016420361247947456
3 28 -1.8555008210180624
3 29 -8.029556650246306
3 30 -0.8045977011494253
3 31 -3.5303776683087027
3 32 -1.8226600985221675
3 33 -5.763546798029557
3 34 -0.5090311986863711
3 35 -3.825944170771757
3 36 0.11494252873563218
3 37 0.7717569786535303
3 38 -0.6403940886699507
3 39 1.4614121510673235
3 58 -0.2384494871052203
3 59 -0.41207887519129693
4 5 4.220032840722496
4 6 -6.9786535303776684
4 7 -4.220032840722496
4 8 6.945812807881773
4 9 0.6403940886699507
4 10 5.894909688013136
4 11 -4.220032840722496
4 12 -5.665024630541872
4 13 6.945812807881773
4 14 -4.44991789819376
4 15 -0.6403940886699507
4 16 1.5927750410509032
4 17 2.8735632183908044
4 18 -0.90311986863711
4 19 -4.220032840722496
4 20 4.482758620689655
4 21 -0.6403940886699507
4 22 1.4285714285714286
4 23 1.8555008210180624
4 24 3.9244663382594416
4 25 1.8555008210180624
4 26 -1.4285714285714286
4 27 -2.380952380952381
4 28 -4.220032840722496
4 29 5.369458128078818
4 30 2.0853858784893267
4 31 -1.1658456486042692
4 32 -4.712643678160919
4 33 1.8555008210180624
4 34 1.8555008210180624
4 35 -0.9359605911330049
4 36 -7.504105090311987
4 37 -1.5927750410509032
4 38 6.9786535303776684
4 39 -1.4285714285714286
4 64 0.4885843777698511
4 65 -0.9873686465536753
5 6 -1.5599343185550083
5 7 -4.318555008210181
5 8 5.533661740558292
5 9 -3.9244663382594416
5 10 1.3300492610837438
5 11 -4.318555008210181
5 12 -2.8735632183908044
5 13 5.533661740558292
5 14 -2.77504105090312
5 15 3.9244663382594416
5 16 -3.5632183908045976
5 17 -0.90311986863711
5 18 -1.0673234811165846
5 19 -4.318555008210181
5 20 4.055829228243021
5 21 3.9244663382594416
5 22 0.541871921182266
5 23 -3.825944170771757
5 24 -1.9540229885057472
5 25 -3.825944170771757
5 26 -5.796387520525451
5 27 -0.90311986863711
5 28 -4.318555008210181
5 29 -3.399014778325123
5 30 -5.369458128078818
5 31 -6.059113300492611
5 32 -2.5123152709359604
5 33 -3.825944170771757
5 34 -3.825944170771757
5 35 -2.348111658456486
5 36 -6.288998357963875
5 37 -1.6912972085385878
5 38 1.5599343185550083
5 39 -5.796387520525451
5 70 -0.11908263545669118
5 71 -0.12290277792121196
6 7 1.5599343185550083
6 8 -3.037766830870279
6 9 -4.088669950738916
6 10 1.1658456486042692
6 11 1.5599343185550083
6 12 0.11494252873563218
6 13 -3.037766830870279
6 14 0.2791461412151067
6 15 -1.1658456486042692
6 16 1.0673234811165846
6 17 -1.8555008210180624
6 18 3.825944170771757
6 19 1.5599343185550083
6 20 -6.551724137931035
6 21 4.088669950738916
6 22 -3.3004926108374386
6 23 1.3300492610837438
6 24 -0.8045977011494253
6 25 1.3300492610837438
6 26 -1.9540229885057472
6 27 -1.8555008210180624
6 28 1.5599343185550083
6 29 -4.614121510673235
6 30 2.6108374384236455
6 31 -1.6912972085385878
6 32 0.016420361247947456
6 33 -3.9244663382594416
6 34 1.3300492610837438
6 35 -0.41050903119868637
6 36 3.5303776683087027
6 37 -1.0673234811165846
6 38 -4.055829228243021
6 39 3.3004926108374386
6 76 -0.6096738499369709
6 77 0.7266101986523272
7 8 -0.2791461412151067
7 9 -1.3300492610837438
7 10 -6.584564860426929
7 11 4.318555008210181
7 12 2.8735632183908044
7 13 -5.533661740558292
7 14 8.029556650246306
7 15 1.3300492610837438
7 16 -1.6912972085385878
7 17 0.90311986863711
7 18 1.0673234811165846
7 19 4.318555008210181
7 20 -4.055829228243021
7 21 1.3300492610837438
7 22 -5.796387520525451
7 23 3.825944170771757
7 24 -3.3004926108374386
7 25 3.825944170771757
7 26 5.796387520525451
7 27 6.157635467980295
7 28 9.573070607553365
7 29 -1.8555008210180624
7 30 5.369458128078818
7 31 6.059113300492611
7 32 2.5123152709359604
7 33 -1.4285714285714286
7 34 3.825944170771757
7 35 7.602627257799671
7 36 6.288998357963875
7 37 -3.5632183908045976
7 38 -1.5599343185550083
7 39 0.541871921182266
7 82 0.26641626995482914
7 83 0.8395824494233679
8 9 -0.6732348111658456
8 10 -0.6732348111658456
8 11 -5.533661740558292
8 12 -1.7241379310344827
8 13 5.632183908045977
8 14 2.1182266009852215
8 15 0.6732348111658456
8 16 -2.348111658456486
8 17 -3.6945812807881775
8 18 0.41050903119868637
8 19 -5.533661740558292
8 20 0.541871921182266
8 21 0.6732348111658456
8 22 0.11494252873563218
8 23 -2.0853858784893267
8 24 2.6108374384236455
8 25 3.1691297208538587
8 26 -0.11494252873563218
8 27 1.5599343185550083
8 28 -0.2791461412151067
8 29 -1.1986863711001643
8 30 0.7717569786535303
8 31 0.1477832512315271
8 32 -3.399014778325123
8 33 -2.0853858784893267
8 34 3.1691297208538587
8 35 -2.2495894909688015
8 36 -3.5632183908045976
8 37 -8.160919540229886
8 38 3.037766830870279
8 39 -5.369458128078818
8 88 -0.36729179936907497
8 89 -0.7451971116750593
9 10 -1.7241379310344827
9 11 -1.3300492610837438
9 12 2.4794745484400655
9 13 -0.6732348111658456
9 14 -2.0853858784893267
9 15 -3.5303776683087027
9 16 3.9573070607553364
9 17 0.5090311986863711
9 18 1.4614121510673235
9 19 -1.3300492610837438
9 20 1.5927750410509032
9 21 -8.784893267651888
9 22 4.318555008210181
9 23 -1.0344827586206897
9 24 1.5599343185550083
9 25 -1.0344827586206897
9 26 6.190476190476191
9 27 0.5090311986863711
9 28 -1.3300492610837438
9 29 3.0049261083743843
9 30 -0.2791461412151067
9 31 1.1986863711001643
9 32 2.9064039408866993
9 33 4.220032840722496
9 34 -1.0344827586206897
9 35 -3.3004926108374386
9 36 0.6403940886699507
9 37 1.297208538587849
9 38 -1.1658456486042692
9 39 0.9359605911330049
9 94 -0.202357983699613
9 95 0.7745717869466546
10 11 -1.3300492610837438
10 12 -8.029556650246306
10 13 4.58128078817734
10 14 -7.3399014778325125
10 15 1.7241379310344827
10 16 3.9573070607553364
10 17 5.763546798029557
10 18 1.4614121510673235
10 19 -1.3300492610837438
10 20 1.5927750410509032
10 21 1.7241379310344827
10 22 4.318555008210181
10 23 -1.0344827586206897
10 24 1.5599343185550083
10 25 -1.0344827586206897
10 26 -4.318555008210181
10 27 -10.0
10 28 -6.584564860426929
10 29 8.25944170771757
10 30 -0.2791461412151067
10 31 -4.055829228243021
10 32 -2.348111658456486
10 33 4.220032840722496
10 34 -1.0344827586206897
10 35 -3.3004926108374386
10 36 -4.614121510673235
10 37 1.297208538587849
10 38 -1.1658456486042692
10 39 0.9359605911330049
10 100 0.05067190547542966
10 101 0.3568185724243049
11 12 2.8735632183908044
11 13 -0.2791461412151067
11 14 2.77504105090312
11 15 1.3300492610837438
11 16 3.5632183908045976
11 17 0.90311986863711
11 18 -4.187192118226601
11 19 9.573070607553365
11 20 -4.055829228243021
11 21 1.3300492610837438
11 22 -5.796387520525451
11 23 3.825944170771757
11 24 -3.3004926108374386
11 25 -1.4285714285714286
11 26 0.541871921182266
11 27 0.90311986863711
11 28 4.318555008210181
11 29 3.399014778325123
11 30 0.11494252873563218
11 31 0.8045977011494253
11 32 7.766830870279146
11 33 3.825944170771757
11 34 -1.4285714285714286
11 35 7.602627257799671
11 36 6.288998357963875
11 37 1.6912972085385878
11 38 -1.5599343185550083
11 39 5.796387520525451
11 106 0.08449711234518587
11 107 0.31399985367930516
12 13 -1.7241379310344827
12 14 4.220032840722496
12 15 -2.4794745484400655
12 16 -0.24630541871921183
12 17 -5.796387520525451
12 18 -2.742200328407225
12 19 2.8735632183908044
12 20 -2.6108374384236455
12 21 -2.4794745484400655
12 22 -1.986863711001642
12 23 0.016420361247947456
12 24 0.5090311986863711
12 25 0.016420361247947456
12 26 1.986863711001642
12 27 4.712643678160919
12 28 2.8735632183908044
12 29 -3.3004926108374386
12 30 -1.3300492610837438
12 31 2.2495894909688015
12 32 3.9573070607553364
12 33 0.016420361247947456
12 34 0.016420361247947456
12 35 0.90311986863711
12 36 4.844006568144499
12 37 0.24630541871921183
12 38 -0.11494252873563218
12 39 1.986863711001642
12 112 0.5469009741471083
12 113 0.8217359534204167
13 14 -3.136288998357964
13 15 0.6732348111658456
13 16 2.9064039408866993
13 17 -3.6945812807881775
13 18 -4.844006568144499
13 19 -0.2791461412151067
13 20 0.541871921182266
13 21 0.6732348111658456
13 22 0.11494252873563218
13 23 -2.0853858784893267
13 24 2.6108374384236455
13 25 -2.0853858784893267
13 26 -5.369458128078818
13 27 -3.6945812807881775
13 28 -5.533661740558292
13 29 4.055829228243021
13 30 -4.482758620689655
13 31 -5.106732348111659
13 32 1.8555008210180624
13 33 3.1691297208538587
13 34 -2.0853858784893267
13 35 -2.2495894909688015
13 36 -3.5632183908045976
13 37 -2.9064039408866993
13 38 3.037766830870279
13 39 -0.11494252873563218
13 118 0.3834629571996637
13 119 -0.9835719045808509
14 15 2.0853858784893267
14 16 -5.402298850574713
14 17 -4.318555008210181
14 18 -2.9064039408866993
14 19 2.77504105090312
14 20 -3.037766830870279
14 21 2.0853858784893267
14 22 -2.8735632183908044
14 23 -0.41050903119868637
14 24 -0.11494252873563218
14 25 4.844006568144499
14 26 2.8735632183908044
14 27 6.190476190476191
14 28 8.029556650246306
14 29 -1.5599343185550083
14 30 1.7241379310344827
14 31 7.865353037766831
14 32 0.90311986863711
14 33 -0.41050903119868637
14 34 4.844006568144499
14 35 4.745484400656815
14 36 6.059113300492611
14 37 -5.106732348111659
14 38 -0.2791461412151067
14 39 -2.380952380952381
14 124 -0.3160120551161414
14 125 -0.15550594672985518
15 16 -3.9573070607553364
15 17 4.745484400656815
15 18 -1.4614121510673235
15 19 1.3300492610837438
15 20 3.6617405582922826
15 21 3.5303776683087027
15 22 0.9359605911330049
15 23 -4.220032840722496
15 24 -6.814449917898194
15 25 -4.220032840722496
15 26 -0.9359605911330049
15 27 -0.5090311986863711
15 28 1.3300492610837438
15 29 2.2495894909688015
15 30 -4.975369458128079
15 31 -1.1986863711001643
15 32 2.348111658456486
15 33 1.0344827586206897
15 34 -4.220032840722496
15 35 3.3004926108374386
15 36 -0.6403940886699507
15 37 -1.297208538587849
15 38 -4.088669950738916
15 39 -6.190476190476191
15 130 -0.5475962974354731
15 131 -0.16441804665939785
16 17 1.7241379310344827
16 18 1.5599343185550083
16 19 3.5632183908045976
16 20 -3.825944170771757
16 21 -3.9573070607553364
16 22 -2.0853858784893267
16 23 4.055829228243021
16 24 0.6732348111658456
16 25 -1.1986863711001643
16 26 2.0853858784893267
16 27 -3.5303776683087027
16 28 -1.6912972085385878
16 29 4.482758620689655
16 30 2.5123152709359604
16 31 -3.431855500821018
16 32 5.369458128078818
16 33 4.055829228243021
16 34 -1.1986863711001643
16 35 0.2791461412151067
16 36 1.5927750410509032
16 37 0.9359605911330049
16 38 -1.0673234811165846
16 39 7.3399014778325125
16 136 -0.3751300343207382
16 137 -0.23727074451262964
17 18 4.482758620689655
17 19 0.90311986863711
17 20 4.614121510673235
17 21 -0.5090311986863711
17 22 1.297208538587849
17 23 1.986863711001642
17 24 -6.715927750410509
17 25 -3.2676518883415433
17 26 3.9573070607553364
17 27 -2.5123152709359604
17 28 0.90311986863711
17 29 5.238095238095238
17 30 1.9540229885057472
17 31 -1.0344827586206897
17 32 0.6732348111658456
17 33 1.986863711001642
17 34 -3.2676518883415433
17 35 4.187192118226601
17 36 -2.380952380952381
17 37 3.5303776683087027
17 38 -3.399014778325123
17 39 -1.297208538587849
17 142 0.06394049118934575
17 143 -0.9702042186825779
18 19 -4.187192118226601
18 20 -1.3300492610837438
18 21 -1.4614121510673235
18 22 0.6732348111658456
18 23 1.297208538587849
18 24 -1.8226600985221675
18 25 1.297208538587849
18 26 4.58128078817734
18 27 -0.7717569786535303
18 28 1.0673234811165846
18 29 -3.2676518883415433
18 30 5.270935960591133
18 31 -0.9359605911330049
18 32 -2.6436781609195403
18 33 -3.9573070607553364
18 34 1.297208538587849
18 35 -2.2167487684729066
18 36 -0.90311986863711
18 37 -1.5599343185550083
18 38 -3.825944170771757
18 39 -0.6732348111658456
18 148 -0.20232541340341226
18 149 0.13634195585236197
19 20 -4.055829228243021
19 21 1.3300492610837438
19 22 -5.796387520525451
19 23 3.825944170771757
19 24 -3.3004926108374386
19 25 -1.4285714285714286
19 26 0.541871921182266
19 27 0.90311986863711
19 28 4.318555008210181
19 29 3.399014778325123
19 30 0.11494252873563218
19 31 0.8045977011494253
19 32 7.766830870279146
19 33 3.825944170771757
19 34 -1.4285714285714286
19 35 7.602627257799671
19 36 6.288998357963875
19 37 1.6912972085385878
19 38 -1.5599343185550083
19 39 5.796387520525451
19 154 0.29922007367766246
19 155 -0.7846135594472405
20 21 -1.5927750410509032
20 22 6.059113300492611
20 23 -4.088669950738916
20 24 -1.6912972085385878
20 25 -4.088669950738916
20 26 -0.8045977011494253
20 27 -0.6403940886699507
20 28 -4.055829228243021
20 29 2.1182266009852215
20 30 -5.106732348111659
20 31 -1.0673234811165846
20 32 -2.77504105090312
20 33 1.1658456486042692
20 34 -4.088669950738916
20 35 -2.0853858784893267
20 36 -6.026272577996716
20 37 3.825944170771757
20 38 1.297208538587849
20 39 -6.059113300492611
20 160 -0.04001906011291334
20 161 0.06255793758909256
21 22 -4.318555008210181
21 23 1.0344827586206897
21 24 -1.5599343185550083
21 25 1.0344827586206897
21 26 -6.190476190476191
21 27 -0.5090311986863711
21 28 1.3300492610837438
21 29 -3.0049261083743843
21 30 0.2791461412151067
21 31 -1.1986863711001643
21 32 -2.9064039408866993
21 33 -4.220032840722496
21 34 1.0344827586206897
21 35 3.3004926108374386
21 36 -0.6403940886699507
21 37 -1.297208538587849
21 38 1.1658456486042692
21 39 -0.9359605911330049
21 166 -0.6774055346749188
21 167 0.19334040172225553
22 23 -7.077175697865353
22 24 2.348111658456486
22 25 -1.8226600985221675
22 26 0.1477832512315271
22 27 -3.9573070607553364
22 28 -5.796387520525451
22 29 3.793103448275862
22 30 -4.745484400656815
22 31 0.41050903119868637
22 32 -3.136288998357964
22 33 3.431855500821018
22 34 -1.8226600985221675
22 35 -7.766830870279146
22 36 -3.825944170771757
22 37 2.0853858784893267
22 38 -1.9540229885057472
22 39 -5.106732348111659
22 172 -0.4689468870028495
22 173 0.07077042863729699
23 24 0.9359605911330049
23 25 3.793103448275862
23 26 1.8226600985221675
23 27 1.986863711001642
23 28 3.825944170771757
23 29 -0.5090311986863711
23 30 8.029556650246306
23 31 1.5599343185550083
23 32 -0.1477832512315271
23 33 -1.4614121510673235
23 34 3.793103448275862
23 35 5.796387520525451
23 36 1.8555008210180624
23 37 1.1986863711001643
23 38 3.9244663382594416
23 39 7.077175697865353
23 178 -0.064915062171929
23 179 -0.7825774995155936
24 25 6.190476190476191
24 26 -2.348111658456486
24 27 -1.4614121510673235
24 28 -3.3004926108374386
24 29 1.0344827586206897
24 30 3.0049261083743843
24 31 3.1691297208538587
24 32 -5.632183908045977
24 33 0.9359605911330049
24 34 6.190476190476191
24 35 -5.270935960591133
24 36 -1.3300492610837438
24 37 -0.6732348111658456
24 38 6.059113300492611
24 39 2.9064039408866993
24 184 0.37191185119471504
24 185 -0.4002617667790209
25 26 1.8226600985221675
25 27 1.986863711001642
25 28 3.825944170771757
25 29 -0.5090311986863711
25 30 8.029556650246306
25 31 6.814449917898194
25 32 -5.402298850574713
25 33 -1.4614121510673235
25 34 9.047619047619047
25 35 0.541871921182266
25 36 1.8555008210180624
25 37 -4.055829228243021
25 38 3.9244663382594416
25 39 1.8226600985221675
25 190 -0.484494539157323
25 191 0.8415670029768909
26 27 3.9573070607553364
26 28 5.796387520525451
26 29 1.4614121510673235
26 30 4.745484400656815
26 31 4.844006568144499
26 32 3.136288998357964
26 33 1.8226600985221675
26 34 1.8226600985221675
26 35 2.5123152709359604
26 36 3.825944170771757
26 37 -2.0853858784893267
26 38 -3.3004926108374386
26 39 -0.1477832512315271
26 196 0.747140531186433
26 197 0.06815196473594809
27 28 6.157635467980295
27 29 -5.270935960591133
27 30 1.9540229885057472
27 31 4.220032840722496
27 32 0.6732348111658456
27 33 -3.2676518883415433
27 34 1.986863711001642
27 35 4.187192118226601
27 36 2.8735632183908044
27 37 -1.7241379310344827
27 38 1.8555008210180624
27 39 -1.297208538587849
27 202 0.4814351328011759
27 203 0.3833386573900299
28 29 -1.8555008210180624
28 30 5.369458128078818
28 31 6.059113300492611
28 32 2.5123152709359604
28 33 -1.4285714285714286
28 34 3.825944170771757
28 35 7.602627257799671
28 36 6.288998357963875
28 37 -3.5632183908045976
28 38 -1.5599343185550083
28 39 0.541871921182266
28 208 0.5511092729982909
28 209 -0.031912101710038554
29 30 -0.8045977011494253
29 31 1.7241379310344827
29 32 3.431855500821018
29 33 10.0
29 34 -0.5090311986863711
29 35 1.4285714285714286
29 36 0.11494252873563218
29 37 0.7717569786535303
29 38 -0.6403940886699507
29 39 1.4614121510673235
29 214 0.562639047335233
29 215 -0.7481221610014506
30 31 5.008210180623974
30 32 -3.793103448275862
30 33 -2.4794745484400655
30 34 8.029556650246306
30 35 3.399014778325123
30 36 2.0853858784893267
30 37 -2.5123152709359604
30 38 2.6436781609195403
30 39 4.745484400656815
30 220 0.6710549339484646
30 221 0.7172674645639201
31 32 -2.380952380952381
31 33 1.5599343185550083
31 34 6.814449917898194
31 35 2.77504105090312
31 36 4.088669950738916
31 37 -1.8226600985221675
31 38 1.6912972085385878
31 39 -0.41050903119868637
31 226 -0.6637762587433897
31 227 -0.4774354332861275
32 33 5.106732348111659
32 34 -5.402298850574713
32 35 4.482758620689655
32 36 5.796387520525451
32 37 -0.11494252873563218
32 38 -5.270935960591133
32 39 3.136288998357964
32 232 -0.0689375017106999
32 233 -0.6129953127016785
33 34 -1.4614121510673235
33 35 0.541871921182266
33 36 1.8555008210180624
33 37 1.1986863711001643
33 38 -1.3300492610837438
33 39 1.8226600985221675
33 238 -0.9869985421018197
33 239 0.8356457952800607
34 35 0.541871921182266
34 36 1.8555008210180624
34 37 -4.055829228243021
34 38 3.9244663382594416
34 39 1.8226600985221675
34 244 -0.4613007354875256
34 245 0.42243309955589825
35 36 4.318555008210181
35 37 -0.2791461412151067
35 38 0.41050903119868637
35 39 2.5123152709359604
35 250 -0.7890643040754886
35 251 0.005368512855934204
36 37 -1.5927750410509032
36 38 -3.5303776683087027
36 39 3.825944170771757
36 256 -0.8803121836109529
36 257 0.399378424637975
37 38 1.0673234811165846
37 39 3.1691297208538587
37 262 0.059439749026406696
37 263 -0.41242432446884014
38 39 1.9540229885057472
38 268 0.3233109084142489
38 269 0.8856681009511382
39 274 -0.17219083816071756
39 275 0.6129403243995397
40 42 -0.25124352620206225
40 43 -0.4029215893280442
40 203 0.6093240738897034
41 44 0.39190311612992934
41 45 0.4008859578000801
45 68 0.036633433742047306
46 48 -0.3600700487952204
46 49 -0.29241314700697796
47 50 -0.10755788381184006
47 51 0.19735360525535217
47 187 -0.6778881519675464
49 184 -0.5245036527069151
52 54 -0.12782561011259852
52 55 -0.018319438592255155
53 56 -0.8045621803940968
53 57 -0.3463470592299711
58 60 -0.237851862794219
58 61 -0.5468616874580514
58 67 -0.4982609147909125
59 62 -0.467373304132104
59 63 -0.5928186137779188
62 63 -0.9255519324597685
64 66 -0.4890989152965963
64 67 0.19010413466144516
64 247 -0.2110918837781508
65 68 -0.2912181938832774
65 69 0.3605577429426152
65 279 -0.8095117532271376
66 195 -0.6856713481175651
69 247 0.5178149101546652
70 72 -0.5015861581797898
70 73 -0.9393945663006928
71 74 -0.06080186128576637
71 75 -0.27313674929216814
71 158 0.49755843646454734
73 226 0.11030474000518509
76 78 0.28674371648653296
76 79 -0.7915834520363523
77 80 -0.23023871808870577
77 81 -0.8654094999050712
78 221 -0.6974164364959101
79 258 0.49312235935408855
80 229 0.3555854462194137
82 84 -0.7003065493231413
82 85 -0.8111111829729565
83 86 -0.4305395416351483
83 87 -0.3594351157201694
84 104 0.1602695337154656
88 90 -0.6110109919505029
88 91 -0.2794042317015837
89 92 -0.5470786874724702
89 93 -0.9419651505976454
89 108 -0.8712340165674406
91 116 0.964346540866122
94 96 -0.4936377511957035
94 97 -0.7083495081425286
95 98 -0.8607509759941823
95 99 -0.9385643986432093
98 167 0.06917420183481537
100 102 -0.23795281408016145
100 103 -0.9801161001310839
101 104 -0.003352164387846912
101 105 -0.07445436699982366
105 191 0.39594357344801345
106 108 -0.8850789496698108
106 109 -0.5729054537049387
107 110 -0.8893655681354355
107 111 -0.06006077442979585
112 114 -0.4443528021322789
112 115 -0.8006437998793909
113 116 -0.3291995351043344
113 117 -0.9096613035695742
117 196 0.6823078632874591
118 120 -0.3132017391569908
118 121 0.06241178621021848
118 258 -0.6199094759519306
119 122 0.5766558273739464
119 123 -0.7844077973474457
124 126 -0.7449752779902215
124 127 0.6627473649344093
125 128 -0.4626106617203023
125 129 0.9143123876674253
125 139 0.34944932348674373
125 221 -0.7670901113922559
126 157 0.9222337960585965
128 177 -0.11459523764592405
129 174 0.2721491287894624
129 277 -0.6074424292072684
130 132 -0.9899845022432234
130 133 -0.6453774065286104
131 134 -0.20254840560253862
131 135 -0.20565407425089455
136 138 0.970498703638911
136 139 -0.6857879297251748
136 143 0.7381501885717237
137 140 -0.3384613540954582
137 141 0.17775699386519261
137 250 0.28288754369670066
142 144 0.14699465726775762
142 145 -0.5775279433896372
143 146 -0.3758178380007138
143 147 -0.3312925833421505
144 234 0.49829499345713524
145 246 0.4522139404983223
148 150 -0.8039121883688274
148 151 0.34659979639930993
149 152 -0.4189304371525786
149 153 -0.9230087744524083
152 170 0.6675409698121648
152 241 -0.11156688496598677
154 156 -0.025658250476408684
154 157 -0.8493868158856352
155 158 0.23974420030299748
155 159 -0.6523612971067123
160 162 -0.5487552444184609
160 163 0.6794200855403945
161 164 -0.20960941331092076
161 165 -0.3421594148912115
161 259 0.6514390298899968
166 168 0.03355508242130156
166 169 -0.6765211091449139
167 170 -0.25022398086591946
167 171 -0.0281878125104309
170 256 -0.48692512326297366
172 174 -0.7869960020720692
172 175 -0.2298368080714892
172 179 -0.9997029262119455
173 176 0.6682521096352612
173 177 -0.587653548102302
177 210 0.27531823330829575
178 180 -0.30737100075632173
178 181 0.37161608767923515
179 182 -0.19134974709521813
179 183 -0.02945343110148091
180 217 -0.22421258861085236
181 195 0.07294904854262496
181 252 0.1402276385159864
184 186 -0.991713044125802
184 187 -0.4129231293668354
185 188 -0.8378905184548531
185 189 -0.7582005505779135
186 245 -0.8224534419152121
190 192 -0.7255520850649999
190 193 -0.7321021441378084
191 194 -0.26681371071488647
191 195 -0.9982540664480632
196 198 0.1574208121694156
196 199 -0.08299537771026655
197 200 -0.6955549056670349
197 201 0.23857454322245086
201 228 -0.05017978224015951
202 204 -0.21298067344362326
202 205 -0.7057944109376955
203 204 0.8922566126455702
203 206 -0.0653521870049718
203 207 -0.07761685399591789
208 210 -0.6401164001628665
208 211 -0.21944017657833448
209 212 0.3823503082357702
209 213 -0.865478099061332
209 220 -0.0015139689159393566
212 264 -0.19300368045655003
214 216 0.6625429241930147
214 217 -0.8969391611932442
215 218 -0.3226968349014727
215 219 -0.5674182270669388
220 222 0.7326489104463914
220 223 -0.7801262513363358
221 224 -0.8738813781836843
221 225 -0.5232381013828973
223 264 -0.6737987879853984
226 228 -0.6744195457019255
226 229 -0.18933579315566984
227 230 -0.6789714453502413
227 231 -0.3460944516274329
232 234 -0.9811272300412677
232 235 -0.550226196575097
233 236 -0.7865568483129668
233 237 -0.6415504818405775
238 240 -0.30677761588174457
238 241 -0.9415110149873733
239 242 0.005343260624941282
239 243 -0.4621760389496088
244 246 0.6583271708122678
244 247 -0.8986956479090227
245 248 -0.16717430774004405
245 249 -0.8520778964615459
246 261 -0.6942779677141031
250 252 -0.7307280507655327
250 253 0.09358558218319368
251 254 -0.4072516129680226
251 255 0.40471705832741245
254 276 0.09091780101033531
256 258 0.8147277796725212
256 259 -0.3036881097780566
257 260 -0.2403778701248409
257 261 -0.10269714196411428
258 270 -0.4666676827167029
262 264 0.06820844253470137
262 265 -0.07439974344233335
263 266 0.27683279622140655
263 267 -0.7876885622492682
268 270 -0.4392422057667873
268 271 -0.8520527294841298
269 272 -0.10772293509327113
269 273 -0.7740182611305646
274 276 -0.30281892707215063
274 277 0.10027066789988615
275 278 -0.8982013181979132
275 279 -0.09616372190931077
0 0 0.7153548533735457
1 1 -0.9520028846530684
2 2 -1.972392936640379
3 3 -1.2987485397008067
4 4 1.5285473152183158
5 5 -1.7157881141984788
6 6 -0.03367039611459566
7 7 -1.3821250171471509
8 8 -1.8567559077276754
9 9 -0.1406868747557688
10 10 -1.0420484566569908
11 11 -0.0318013452621666
12 12 1.0554121283524176
13 13 0.025908812324728192
14 14 0.5131963168439615
15 15 0.9898904023072919
16 16 1.3632258528432555
17 17 -1.9313300483824651
18 18 -1.832570914949934
19 19 -0.043208738305568595
20 20 -0.8098510357150235
21 21 -1.4643155416101947
22 22 0.46307636207523345
23 23 1.1381439024901083
24 24 1.3719265286232587
25 25 -1.0548533114599077
26 26 -0.4819662880590872
27 27 1.5806940914658416
28 28 1.2426850566027134
29 29 -0.8205845168431254
30 30 0.6357605857561612
31 31 0.7890323085058939
32 32 -0.6746643356377113
33 33 -1.4058436029734676
34 34 0.7304467949522238
35 35 1.7057042240106923
36 36 0.3169698197493851
37 37 0.9734048887717389
38 38 -0.6287748120649838
39 39 0.3097990757775442
40 40 1.736171565327203
41 41 -0.03666809373460245
42 42 1.4641332834844158
43 43 -1.2724392780888443
44 44 0.843436593635441
45 45 -1.7827901304520608
46 46 -0.3554918807716332
47 47 -0.25281053909149476
48 48 -0.7514420401940042
49 49 1.4610559507830834
50 50 -1.9681861282982709
51 51 0.8395014273861544
52 52 -1.492492309795499
53 53 1.9247477702995142
54 54 0.3377940515062488
55 55 0.891137758397262
56 56 0.5278865302239746
57 57 -1.6167951839948547
58 58 -0.19526465871755194
59 59 1.3158917252477833
60 60 1.2452204862799054
61 61 1.1490365347507687
62 62 1.8245948359025346
63 63 -0.6180368589580905
64 64 0.6941953051805507
65 65 1.4203225735489686
66 66 -0.2920417021694628
67 67 1.2511997576586051
68 68 -1.4656731656565003
69 69 -0.2010301170393061
70 70 1.1452519422696614
71 71 -0.9240795180648287
72 72 -0.002334279606811318
73 73 -0.9755777057694117
74 74 0.3631632984660049
75 75 -1.6569909281769657
76 76 1.5582588214759565
77 77 1.4524896637950222
78 78 -0.8526658287522482
79 79 -1.8607305219137826
80 80 1.1588934737340777
81 81 1.7068748879593543
82 82 -1.2065127065286756
83 83 1.8874622866878625
84 84 1.3047588615901518
85 85 1.8198550827735624
86 86 1.2578412293659125
87 87 -0.8342108121704311
88 88 1.1265840797861806
89 89 -0.3543621567523747
90 90 -0.7031483665559453
91 91 1.8321041749333042
92 92 -1.9467090703238108
93 93 -0.6651107578037317
94 94 -0.129579683003604
95 95 0.3761628400014719
96 96 -1.1133628600633334
97 97 -1.228577190286133
98 98 -0.9558570743689648
99 99 1.6655423539829093
100 100 0.8629004723616376
101 101 1.724526386707379
102 102 -1.5220713615597439
103 103 -0.7215349212002309
104 104 0.9795848946354297
105 105 0.13964329509123496
106 106 1.5659199280347074
107 107 1.0996123198307246
108 108 1.8525123218614656
109 109 0.7782596226213961
110 110 -1.0993138080266531
111 111 1.6267864027421919
112 112 0.8283035498220515
113 113 0.4157480702020262
114 114 -1.8930697433979686
115 115 -1.6458851796539409
116 116 -0.30701748825661657
117 117 0.6212525428954523
118 118 1.338708340037901
119 119 -0.0687762221783279
120 120 -0.76563792864002
121 121 -0.18547624430316034
122 122 1.2044894851075294
123 123 0.6679461280884764
124 124 -1.4915246234887745
125 125 0.9075001158934964
126 126 -1.2377178669127118
127 127 -1.0546774322912462
128 128 -0.2997065876627203
129 129 -1.3748201945694243
130 130 0.44868163808627326
131 131 0.13148763246232287
132 132 -1.7785221212790008
133 133 1.5351825749378012
134 134 0.7935069987994413
135 135 1.9063392205434493
136 136 -1.9551758547641374
137 137 -0.05382633270789805
138 138 -0.8410090059358111
139 139 -1.1178885691392866
140 140 -1.215173537183286
141 141 -1.8497709665368312
142 142 -1.0938001392774224
143 143 1.8578770162712142
144 144 1.1058546908776452
145 145 0.43120802171825856
146 146 -1.9847004842321727
147 147 1.7829513424357246
148 148 -0.23551198187111133
149 149 0.4312588394174721
150 150 -1.8319585345554161
151 151 0.41001287003614323
152 152 0.021204507265219608
153 153 -1.8922326027499463
154 154 -1.923980218442275
155 155 -1.9092606828626826
156 156 1.3643406588486662
157 157 -1.6469966635394453
158 158 -0.590341217387139
159 159 1.117587570823234
160 160 -1.3268766528181983
161 161 0.6148870762215397
162 162 -1.0414546598900443
163 163 -0.4867358461769649
164 164 0.734929612547039
165 165 -1.5349121037514768
166 166 0.7607363581032835
167 167 -0.677734717254742
168 168 -0.49000919096223644
169 169 -0.37407464697367354
170 170 -0.922790501414653
171 171 -1.743243773605134
172 172 -1.2232181635626205
173 173 -0.8406972406747748
174 174 1.0622856163631251
175 175 0.3238958779699348
176 176 1.1481713325277578
177 177 0.8745732195262019
178 178 -0.2944888363672935
179 179 0.6927160590912464
180 180 -1.2009398925670083
181 181 -0.6760533940626496
182 182 -1.3580342040522417
183 183 1.2108343263774426
184 184 -0.632785048956106
185 185 0.0799930501010726
186 186 0.5417519644981321
187 187 1.0054594315956105
188 188 -0.9760412769942373
189 189 1.1906248711200047
190 190 1.4692975729233426
191 191 0.2702245045783567
192 192 -1.3291666677222462
193 193 -0.9852721524816728
194 194 1.2168186182503895
195 195 1.9685482068638995
196 196 -1.74298774354938
197 197 -1.8419292101334606
198 198 -0.7896559958885132
199 199 -0.40779138238311724
200 200 0.7490820988638616
201 201 0.17839817921312173
202 202 -1.0828485146542564
203 203 -1.445028633887512
204 204 -1.176511305309349
205 205 -1.3339374029201139
206 206 1.9935541438834616
207 207 1.0765252488533328
208 208 1.3338447426670628
209 209 -0.28645715796700255
210 210 -0.7359093648281538
211 211 -1.676847163299512
212 212 0.25627384037573764
213 213 1.2696930762536476
214 214 1.0474727745573515
215 215 0.28764374295385675
216 216 1.1822940502602544
217 217 -0.5144107991466775
218 218 1.0006567425694821
219 219 -1.7265515763709587
220 220 1.267140807971425
221 221 0.3071998266199025
222 222 -1.9707706325529106
223 223 -0.3512912377747362
224 224 -1.5904828309587704
225 225 -1.0542162616869768
226 226 -1.6299482215286192
227 227 1.8034223322829757
228 228 -1.8103757682567665
229 229 0.6281884127018055
230 230 -0.8883101888532643
231 231 -1.5420854596713234
232 232 0.22640916923428692
233 233 0.39001610644910345
234 234 1.253504307681805
235 235 1.0443770511480053
236 236 0.15754275232107018
237 237 -0.7011629697977649
238 238 -0.47777143928636523
239 239 -1.8069511892970647
240 240 -1.5441899713460732
241 241 1.2389498684779672
242 242 -0.2717114853373479
243 243 -1.1514835743795242
244 244 -1.5531634417810691
245 245 0.2562013677534756
246 246 0.8686778034222559
247 247 -0.31510032696874113
248 248 0.1520259235317365
249 249 -0.5174581130270011
250 250 1.6092323567062206
251 251 -1.0728821078701656
252 252 -1.9730418152709208
253 253 1.955484525580684
254 254 0.5349830719966926
255 255 1.3386860475640747
256 256 0.0025041207069200766
257 257 -0.9643564386676764
258 258 0.5619740616895612
259 259 -1.1058878598669324
260 260 -0.6079798035238868
261 261 1.273298296678489
262 262 -1.5303528985819237
263 263 -1.2182537892689167
264 264 -1.171248107369672
265 265 1.98989768985962
266 266 -0.08805327582834144
267 267 0.684074548811108
268 268 0.8171216907450876
269 269 1.300525439334451
270 270 -1.0643811545300248
271 271 -0.5550758758906542
272 272 1.7472592459478657
273 273 -0.8448742543599148
274 274 0.9869437823684946
275 275 -1.03672277220417
276 276 -0.9703222864813826
277 277 0.5527077484539209
278 278 -1.7254928611084144
279 279 -1.8085366154998774
