0 1 0.8527131782945736
0 2 5.348837209302325
0 3 -3.1782945736434107
0 4 1.2144702842377262
0 5 -1.627906976744186
0 6 -1.2403100775193798
0 7 0.6976744186046512
0 8 -1.6020671834625324
0 9 -1.7571059431524547
0 10 -1.627906976744186
0 11 -0.05167958656330749
0 12 2.0155038759689923
0 13 0.4392764857881137
0 14 3.669250645994832
0 15 -0.5943152454780362
0 16 3.953488372093023
0 17 5.607235142118863
0 18 1.2403100775193798
0 19 2.764857881136951
0 20 4.056847545219639
0 21 6.3824289405684755
0 22 -3.2816537467700257
0 23 3.0232558139534884
0 24 -5.736434108527132
0 25 4.857881136950905
0 26 1.4987080103359174
0 27 -1.3436692506459949
0 28 -2.144702842377261
0 29 3.152454780361757
0 30 -6.40826873385013
0 31 4.832041343669251
0 32 2.4031007751937983
0 33 -6.27906976744186
0 34 -0.4392764857881137
0 35 -3.695090439276486
0 36 1.2403100775193798
0 37 -2.5322997416020674
0 38 -0.6976744186046512
0 39 -3.9276485788113695
0 40 0.2007005702363296
0 41 0.9550716286368279
1 2 3.2816537467700257
1 3 5.090439276485788
1 4 -0.8527131782945736
1 5 -3.695090439276486
1 6 -3.3074935400516794
1 7 -1.3695090439276485
1 8 0.46511627906976744
1 9 1.3436692506459949
1 10 1.4728682170542635
1 11 -3.152454780361757
1 12 -6.253229974160207
1 13 3.5400516795865635
1 14 -3.565891472868217
1 15 7.674418604651163
1 16 0.8527131782945736
1 17 3.5400516795865635
1 18 3.3074935400516794
1 19 0.6976744186046512
1 20 -3.1782945736434107
1 21 -0.8527131782945736
1 22 -1.2144702842377262
1 23 0.9560723514211886
1 24 1.4987080103359174
1 25 -3.4108527131782944
1 26 3.565891472868217
1 27 0.7235142118863049
1 28 0.9560723514211886
1 29 -4.082687338501292
1 30 -3.3074935400516794
1 31 -2.4031007751937983
1 32 -0.6976744186046512
1 33 1.9896640826873384
1 34 -3.5400516795865635
1 35 -5.762273901808785
1 36 -1.8604651162790697
1 37 0.5684754521963824
1 38 -3.798449612403101
1 39 3.3074935400516794
1 46 0.6732776796314626
1 47 0.5052977839530404
2 3 -0.9560723514211886
2 4 -0.18087855297157623
2 5 -2.5064599483204133
2 6 -2.8940568475452197
2 7 0.3359173126614987
2 8 -4.5994832041343665
2 9 2.7906976744186047
2 10 -2.5064599483204133
2 11 -0.9819121447028424
2 12 2.1188630490956073
2 13 0.5943152454780362
2 14 2.5322997416020674
2 15 1.627906976744186
2 16 0.18087855297157623
2 17 5.762273901808785
2 18 -2.2739018087855296
2 19 -1.731266149870801
2 20 2.144702842377261
2 21 4.987080103359173
2 22 -2.9198966408268734
2 23 3.1782945736434107
2 24 -5.633074935400517
2 25 4.444444444444445
2 26 -2.5322997416020674
2 27 0.31007751937984496
2 28 -7.1576227390180875
2 29 3.049095607235142
2 30 -8.062015503875969
2 31 1.3695090439276485
2 32 1.731266149870801
2 33 -3.0232558139534884
2 34 -0.5943152454780362
2 35 -5.607235142118863
2 36 2.8940568475452197
2 37 3.565891472868217
2 38 4.832041343669251
2 39 2.8940568475452197
2 52 0.15509459154864902
2 53 -0.05649035649373335
3 4 -1.9896640826873384
3 5 -4.315245478036176
3 6 0.46511627906976744
3 7 -1.4728682170542635
3 8 2.3772609819121446
3 9 0.9819121447028424
3 10 0.8527131782945736
3 11 -4.341085271317829
3 12 -6.40826873385013
3 13 3.953488372093023
3 14 -4.444444444444445
3 15 4.987080103359173
3 16 -3.1782945736434107
3 17 -1.2144702842377262
3 18 -0.46511627906976744
3 19 1.627906976744186
3 20 -10.0
3 21 -7.1576227390180875
3 22 -1.1111111111111112
3 23 -3.798449612403101
3 24 6.511627906976744
3 25 -9.250645994832041
3 26 4.444444444444445
3 27 7.286821705426356
3 28 6.537467700258398
3 29 1.2403100775193798
3 30 0.46511627906976744
3 31 -0.4392764857881137
3 32 -1.627906976744186
3 33 0.3359173126614987
3 34 1.2144702842377262
3 35 -2.248062015503876
3 36 -0.46511627906976744
3 37 1.7571059431524547
3 38 -3.695090439276486
3 39 4.702842377260982
3 58 -0.32968558443372564
3 59 0.4342447204924098
4 5 -3.5400516795865635
4 6 -3.9276485788113695
4 7 -5.865633074935401
4 8 -3.565891472868217
4 9 1.7571059431524547
4 10 6.795865633074936
4 11 0.05167958656330749
4 12 -2.0155038759689923
4 13 -5.607235142118863
4 14 1.4987080103359174
4 15 0.5943152454780362
4 16 1.2144702842377262
4 17 4.728682170542636
4 18 -1.2403100775193798
4 19 2.4031007751937983
4 20 1.1111111111111112
4 21 -1.2144702842377262
4 22 3.2816537467700257
4 23 -3.0232558139534884
4 24 0.5684754521963824
4 25 0.31007751937984496
4 26 -1.4987080103359174
4 27 1.3436692506459949
4 28 -3.0232558139534884
4 29 -3.152454780361757
4 30 -3.9276485788113695
4 31 0.3359173126614987
4 32 -2.4031007751937983
4 33 1.1111111111111112
4 34 -4.728682170542636
4 35 -1.4728682170542635
4 36 3.9276485788113695
4 37 -2.635658914728682
4 38 0.6976744186046512
4 39 -6.40826873385013
4 64 0.032251165721705055
4 65 -0.0033669484016882745
5 6 -1.0852713178294573
5 7 7.31266149870801
5 8 3.9276485788113695
5 9 -5.736434108527132
5 10 -0.6976744186046512
5 11 2.3772609819121446
5 12 5.478036175710594
5 13 -2.764857881136951
5 14 -0.8268733850129198
5 15 -1.731266149870801
5 16 3.5400516795865635
5 17 -2.764857881136951
5 18 1.0852713178294573
5 19 0.07751937984496124
5 20 3.953488372093023
5 21 1.627906976744186
5 22 5.607235142118863
5 23 -0.18087855297157623
5 24 -2.2739018087855296
5 25 2.635658914728682
5 26 -4.341085271317829
5 27 -1.4987080103359174
5 28 -0.18087855297157623
5 29 -0.31007751937984496
5 30 4.082687338501292
5 31 3.1782945736434107
5 32 -5.245478036175711
5 33 -1.2144702842377262
5 34 -2.4031007751937983
5 35 6.537467700258398
5 36 1.0852713178294573
5 37 0.20671834625322996
5 38 3.0232558139534884
5 39 1.0852713178294573
5 70 0.5699578286458116
5 71 0.08277327460101569
6 7 1.7571059431524547
6 8 -0.8527131782945736
6 9 -0.9560723514211886
6 10 -6.253229974160207
6 11 -2.4031007751937983
6 12 0.6976744186046512
6 13 2.0155038759689923
6 14 -1.2144702842377262
6 15 -7.286821705426356
6 16 -6.40826873385013
6 17 -3.152454780361757
6 18 -3.695090439276486
6 19 -5.478036175710594
6 20 -1.6020671834625324
6 21 1.2403100775193798
6 22 -4.341085271317829
6 23 -0.5684754521963824
6 24 3.2816537467700257
6 25 -2.144702842377261
6 26 1.2144702842377262
6 27 -1.1111111111111112
6 28 4.5994832041343665
6 29 4.470284237726098
6 30 3.695090439276486
6 31 -2.3772609819121446
6 32 5.478036175710594
6 33 -1.6020671834625324
6 34 8.320413436692506
6 35 0.9819121447028424
6 36 -3.695090439276486
6 37 -0.18087855297157623
6 38 -1.7571059431524547
6 39 1.4728682170542635
6 76 -0.4562193504650778
6 77 0.4893259203637863
7 8 1.0852713178294573
7 9 -8.062015503875969
7 10 -3.0232558139534884
7 11 -0.46511627906976744
7 12 2.635658914728682
7 13 0.07751937984496124
7 14 -3.152454780361757
7 15 -4.056847545219639
7 16 0.6976744186046512
7 17 0.07751937984496124
7 18 -1.7571059431524547
7 19 -2.248062015503876
7 20 1.627906976744186
7 21 4.470284237726098
7 22 2.764857881136951
7 23 -2.5064599483204133
7 24 0.05167958656330749
7 25 -0.20671834625322996
7 26 -2.0155038759689923
7 27 0.8268733850129198
7 28 2.661498708010336
7 29 2.5322997416020674
7 30 1.7571059431524547
7 31 0.8527131782945736
7 32 -2.9198966408268734
7 33 -3.5400516795865635
7 34 -0.07751937984496124
7 35 4.2118863049095605
7 36 -1.7571059431524547
7 37 -2.1188630490956073
7 38 0.18087855297157623
7 39 3.4108527131782944
7 82 -0.5039886640660174
7 83 -0.10982317998853253
8 9 -1.3695090439276485
8 10 -1.2403100775193798
8 11 -0.4392764857881137
8 12 1.627906976744186
8 13 0.8268733850129198
8 14 -1.1111111111111112
8 15 4.961240310077519
8 16 3.565891472868217
8 17 -4.341085271317829
8 18 6.020671834625323
8 19 3.152454780361757
8 20 -0.7235142118863049
8 21 -3.565891472868217
8 22 1.4987080103359174
8 23 3.4108527131782944
8 24 -0.9560723514211886
8 25 -0.6976744186046512
8 26 1.1111111111111112
8 27 -1.731266149870801
8 28 3.4108527131782944
8 29 -1.627906976744186
8 30 4.315245478036176
8 31 5.219638242894057
8 32 -3.152454780361757
8 33 -0.7235142118863049
8 34 -0.8268733850129198
8 35 1.8604651162790697
8 36 0.8527131782945736
8 37 3.0232558139534884
8 38 -1.0852713178294573
8 39 0.8527131782945736
8 88 -0.6858264236126217
8 89 -0.1518648194899892
9 10 -0.5684754521963824
9 11 2.248062015503876
9 12 0.18087855297157623
9 13 2.5322997416020674
9 14 4.470284237726098
9 15 3.565891472868217
9 16 -1.7571059431524547
9 17 -2.635658914728682
9 18 0.9560723514211886
9 19 0.20671834625322996
9 20 -1.0852713178294573
9 21 -3.4108527131782944
9 22 -4.857881136950905
9 23 5.116279069767442
9 24 -2.4031007751937983
9 25 2.5064599483204133
9 26 0.6976744186046512
9 27 -1.627906976744186
9 28 -5.219638242894057
9 29 -0.18087855297157623
9 30 -0.9560723514211886
9 31 -1.8604651162790697
9 32 4.961240310077519
9 33 4.082687338501292
9 34 2.635658914728682
9 35 -3.669250645994832
9 36 0.9560723514211886
9 37 5.503875968992248
9 38 2.8940568475452197
9 39 0.9560723514211886
9 94 0.10549867557250381
9 95 -0.7783953847512981
10 11 2.3772609819121446
10 12 -4.857881136950905
10 13 -2.764857881136951
10 14 -0.8268733850129198
10 15 3.4366925064599485
10 16 3.5400516795865635
10 17 2.4031007751937983
10 18 1.0852713178294573
10 19 5.245478036175711
10 20 -1.2144702842377262
10 21 -3.5400516795865635
10 22 5.607235142118863
10 23 -5.348837209302325
10 24 2.8940568475452197
10 25 -2.5322997416020674
10 26 0.8268733850129198
10 27 3.669250645994832
10 28 -0.18087855297157623
10 29 -5.478036175710594
10 30 -1.0852713178294573
10 31 -1.9896640826873384
10 32 -5.245478036175711
10 33 3.953488372093023
10 34 -7.571059431524548
10 35 1.3695090439276485
10 36 1.0852713178294573
10 37 -4.961240310077519
10 38 -2.144702842377261
10 39 -4.082687338501292
10 100 0.9372921987815723
10 101 0.7166205349670651
11 12 3.1782945736434107
11 13 4.444444444444445
11 14 7.674418604651163
11 15 -1.7571059431524547
11 16 5.116279069767442
11 17 -5.891472868217054
11 18 2.4031007751937983
11 19 6.7700258397932815
11 20 2.8940568475452197
11 21 0.05167958656330749
11 22 -2.1188630490956073
11 23 1.8604651162790697
11 24 -4.573643410852713
11 25 6.020671834625323
11 26 2.661498708010336
11 27 -0.18087855297157623
11 28 -3.3074935400516794
11 29 1.9896640826873384
11 30 2.764857881136951
11 31 -1.4987080103359174
11 32 3.565891472868217
11 33 2.8940568475452197
11 34 0.7235142118863049
11 35 5.478036175710594
11 36 -2.764857881136951
11 37 -3.695090439276486
11 38 0.46511627906976744
11 39 -2.764857881136951
11 106 0.24074096746402063
11 107 -0.8128028299531509
12 13 -2.7906976744186047
12 14 5.607235142118863
12 15 -3.8242894056847545
12 16 2.0155038759689923
12 17 -2.7906976744186047
12 18 -0.6976744186046512
12 19 -0.46511627906976744
12 20 5.9948320413436695
12 21 3.152454780361757
12 22 -0.05167958656330749
12 23 4.961240310077519
12 24 -7.674418604651163
12 25 8.087855297157622
12 26 -5.607235142118863
12 27 -3.2816537467700257
12 28 -5.374677002583979
12 29 5.090439276485788
12 30 0.6976744186046512
12 31 6.7700258397932815
12 32 0.46511627906976744
12 33 -4.341085271317829
12 34 2.7906976744186047
12 35 3.4108527131782944
12 36 4.470284237726098
12 37 4.573643410852713
12 38 7.700258397932816
12 39 -0.6976744186046512
12 112 0.9633068488213097
12 113 -0.5849492284433524
13 14 2.2739018087855296
13 15 1.3695090439276485
13 16 0.4392764857881137
13 17 -4.832041343669251
13 18 3.152454780361757
13 19 3.1782945736434107
13 20 -3.2816537467700257
13 21 -0.4392764857881137
13 22 -7.829457364341085
13 23 2.9198966408268734
13 24 -0.20671834625322996
13 25 -0.46511627906976744
13 26 8.062015503875969
13 27 0.5684754521963824
13 28 2.9198966408268734
13 29 2.7906976744186047
13 30 2.0155038759689923
13 31 -4.056847545219639
13 32 7.1576227390180875
13 33 1.8863049095607236
13 34 4.832041343669251
13 35 -0.6976744186046512
13 36 -7.183462532299742
13 37 -1.8604651162790697
13 38 -5.245478036175711
13 39 3.152454780361757
13 118 -0.8585749528477529
13 119 0.7152342150357147
14 15 -1.8604651162790697
14 16 3.669250645994832
14 17 -2.8940568475452197
14 18 1.2144702842377262
14 19 5.116279069767442
14 20 3.8242894056847545
14 21 1.4987080103359174
14 22 -4.5994832041343665
14 23 4.857881136950905
14 24 -7.31266149870801
14 25 7.9328165374677
14 26 0.9560723514211886
14 27 -1.3695090439276485
14 28 -5.478036175710594
14 29 4.728682170542636
14 30 -1.2144702842377262
14 31 3.049095607235142
14 32 5.219638242894057
14 33 -1.3436692506459949
14 34 2.8940568475452197
14 35 1.2403100775193798
14 36 1.2144702842377262
14 37 0.07751937984496124
14 38 3.152454780361757
14 39 -3.953488372093023
14 124 -0.8131817818312037
14 125 0.6724711932039937
15 16 4.573643410852713
15 17 1.3695090439276485
15 18 7.286821705426356
15 19 4.2118863049095605
15 20 -2.248062015503876
15 21 -4.573643410852713
15 22 1.4728682170542635
15 23 3.953488372093023
15 24 -1.2403100775193798
15 25 -1.4987080103359174
15 26 1.8604651162790697
15 27 -0.46511627906976744
15 28 -1.2144702842377262
15 29 -6.511627906976744
15 30 -2.1188630490956073
15 31 2.144702842377261
15 32 -4.2118863049095605
15 33 2.9198966408268734
15 34 -6.537467700258398
15 35 -4.832041343669251
15 36 2.1188630490956073
15 37 4.341085271317829
15 38 -1.1111111111111112
15 39 2.1188630490956073
15 130 0.900311176924792
15 131 0.5495858401264686
16 17 0.4392764857881137
16 18 6.40826873385013
16 19 7.9328165374677
16 20 4.056847545219639
16 21 1.2144702842377262
16 22 1.8863049095607236
16 23 3.0232558139534884
16 24 -5.736434108527132
16 25 4.857881136950905
16 26 1.4987080103359174
16 27 -1.3436692506459949
16 28 -2.144702842377261
16 29 -2.0155038759689923
16 30 -1.2403100775193798
16 31 4.832041343669251
16 32 -2.764857881136951
16 33 -1.1111111111111112
16 34 -5.607235142118863
16 35 1.4728682170542635
16 36 1.2403100775193798
16 37 -2.5322997416020674
16 38 -0.6976744186046512
16 39 -3.9276485788113695
16 136 0.10279529501923301
16 137 -0.5302796970595998
17 18 -2.0155038759689923
17 19 -1.9896640826873384
17 20 1.8863049095607236
17 21 4.728682170542636
17 22 2.5064599483204133
17 23 -2.248062015503876
17 24 -0.20671834625322996
17 25 -0.46511627906976744
17 26 -2.2739018087855296
17 27 0.5684754521963824
17 28 -2.248062015503876
17 29 -2.3772609819121446
17 30 -8.320413436692506
17 31 1.1111111111111112
17 32 -3.1782945736434107
17 33 -3.2816537467700257
17 34 -5.503875968992248
17 35 -5.865633074935401
17 36 3.152454780361757
17 37 -1.8604651162790697
17 38 -0.07751937984496124
17 39 -2.0155038759689923
17 142 -0.44798553727780455
17 143 -0.46093348732517403
18 19 5.478036175710594
18 20 1.6020671834625324
18 21 -1.2403100775193798
18 22 -0.8268733850129198
18 23 5.736434108527132
18 24 -3.2816537467700257
18 25 2.144702842377261
18 26 3.953488372093023
18 27 -4.056847545219639
18 28 0.5684754521963824
18 29 -4.470284237726098
18 30 1.4728682170542635
18 31 2.3772609819121446
18 32 -0.31007751937984496
18 33 1.6020671834625324
18 34 -3.152454780361757
18 35 -0.9819121447028424
18 36 -1.4728682170542635
18 37 0.18087855297157623
18 38 -3.4108527131782944
18 39 -1.4728682170542635
18 148 0.556137793068181
18 149 0.5676955817312508
19 20 -0.4392764857881137
19 21 -2.764857881136951
19 22 -0.3359173126614987
19 23 0.5943152454780362
19 24 -3.049095607235142
19 25 1.8604651162790697
19 26 5.219638242894057
19 27 2.8940568475452197
19 28 0.5943152454780362
19 29 0.46511627906976744
19 30 -0.31007751937984496
19 31 3.953488372093023
19 32 -0.8527131782945736
19 33 -0.4392764857881137
19 34 -3.1782945736434107
19 35 2.144702842377261
19 36 0.31007751937984496
19 37 -4.186046511627907
19 38 -2.9198966408268734
19 39 -4.857881136950905
19 154 0.46667513575734265
19 155 0.34149835097663117
20 21 6.27906976744186
20 22 0.9560723514211886
20 23 4.470284237726098
20 24 -6.925064599483204
20 25 8.320413436692506
20 26 -3.8242894056847545
20 27 -6.149870801033591
20 28 -5.865633074935401
20 29 -0.8268733850129198
20 30 -1.6020671834625324
20 31 2.661498708010336
20 32 0.4392764857881137
20 33 -1.731266149870801
20 34 -1.8863049095607236
20 35 0.8527131782945736
20 36 1.6020671834625324
20 37 -0.31007751937984496
20 38 3.5400516795865635
20 39 -3.565891472868217
20 160 -0.01212040446826057
20 161 0.26397142166673193
21 22 -1.8863049095607236
21 23 2.144702842377261
21 24 -4.5994832041343665
21 25 5.478036175710594
21 26 -1.4987080103359174
21 27 -3.8242894056847545
21 28 -3.0232558139534884
21 29 2.0155038759689923
21 30 -3.9276485788113695
21 31 0.3359173126614987
21 32 2.764857881136951
21 33 -4.056847545219639
21 34 0.4392764857881137
21 35 -1.4728682170542635
21 36 -1.2403100775193798
21 37 -2.635658914728682
21 38 0.6976744186046512
21 39 -1.2403100775193798
21 166 0.5573694276657128
21 167 0.5583209453282081
22 23 -5.245478036175711
22 24 2.5322997416020674
22 25 -2.3772609819121446
22 26 -5.736434108527132
22 27 1.7571059431524547
22 28 -0.07751937984496124
22 29 -5.116279069767442
22 30 0.8268733850129198
22 31 1.731266149870801
22 32 -10.0
22 33 0.9560723514211886
22 34 -7.674418604651163
22 35 3.5400516795865635
22 36 4.341085271317829
22 37 -0.46511627906976744
22 38 2.4031007751937983
22 39 -0.8268733850129198
22 172 0.4943550759062205
22 173 0.3221742227233333
23 24 -7.958656330749354
23 25 7.286821705426356
23 26 0.31007751937984496
23 27 -7.183462532299742
23 28 -4.832041343669251
23 29 0.20671834625322996
23 30 -0.5684754521963824
23 31 3.695090439276486
23 32 4.573643410852713
23 33 -0.6976744186046512
23 34 2.248062015503876
23 35 -3.2816537467700257
23 36 0.5684754521963824
23 37 5.891472868217054
23 38 2.5064599483204133
23 39 0.5684754521963824
23 178 -0.8617404185506639
23 179 -0.6517015822358356
24 25 -10.0
24 26 2.144702842377261
24 27 4.470284237726098
24 28 7.545219638242894
24 29 -2.661498708010336
24 30 3.2816537467700257
24 31 -6.149870801033591
24 32 -2.1188630490956073
24 33 3.4108527131782944
24 34 0.20671834625322996
24 35 0.8268733850129198
24 36 -3.2816537467700257
24 37 -3.1782945736434107
24 38 -5.219638242894057
24 39 1.8863049095607236
24 184 0.6906874911555023
24 185 0.18601111952089
25 26 -2.764857881136951
25 27 -5.607235142118863
25 28 -8.217054263565892
25 29 2.248062015503876
25 30 -2.144702842377261
25 31 3.9276485788113695
25 32 3.3074935400516794
25 33 -2.0155038759689923
25 34 0.46511627906976744
25 35 0.5684754521963824
25 36 2.144702842377261
25 37 1.731266149870801
25 38 5.374677002583979
25 39 -3.0232558139534884
25 190 -0.18328239598066665
25 191 0.806305915848126
26 27 1.3695090439276485
26 28 5.478036175710594
26 29 0.4392764857881137
26 30 1.2144702842377262
26 31 -3.049095607235142
26 32 5.116279069767442
26 33 1.3436692506459949
26 34 2.2739018087855296
26 35 -1.2403100775193798
26 36 -6.3824289405684755
26 37 -5.245478036175711
26 38 -8.320413436692506
26 39 -1.2144702842377262
26 196 0.6234611826768697
26 197 -0.6296098642422141
27 28 3.152454780361757
27 29 3.2816537467700257
27 30 -1.1111111111111112
27 31 -0.20671834625322996
27 32 -2.8940568475452197
27 33 -0.9819121447028424
27 34 -0.5684754521963824
27 35 1.6020671834625324
27 36 1.1111111111111112
27 37 -2.4031007751937983
27 38 -0.8268733850129198
27 39 1.1111111111111112
27 202 0.26001864939637787
27 203 0.038295926780015144
28 29 0.20671834625322996
28 30 4.5994832041343665
28 31 -1.4728682170542635
28 32 -0.5943152454780362
28 33 -0.6976744186046512
28 34 2.248062015503876
28 35 1.8863049095607236
28 36 -4.5994832041343665
28 37 -4.444444444444445
28 38 -7.829457364341085
28 39 0.5684754521963824
28 208 -0.2230192492480645
28 209 -0.9842119871461763
29 30 -0.6976744186046512
29 31 3.565891472868217
29 32 4.702842377260982
29 33 -5.9948320413436695
29 34 7.545219638242894
29 35 1.7571059431524547
29 36 0.6976744186046512
29 37 0.5943152454780362
29 38 2.635658914728682
29 39 0.6976744186046512
29 214 0.19063110664429872
29 215 0.7311302514532032
30 31 -2.3772609819121446
30 32 0.31007751937984496
30 33 3.565891472868217
30 34 3.152454780361757
30 35 6.149870801033591
30 36 -3.695090439276486
30 37 -0.18087855297157623
30 38 -1.7571059431524547
30 39 1.4728682170542635
30 220 0.8372287628517414
30 221 0.35530521617457755
31 32 -3.953488372093023
31 33 -7.674418604651163
31 34 -1.1111111111111112
31 35 0.07751937984496124
31 36 7.545219638242894
31 37 4.082687338501292
31 38 4.315245478036176
31 39 -2.7906976744186047
31 226 -0.6681441742026659
31 227 -0.15489398904227247
32 33 0.4392764857881137
32 34 8.34625322997416
32 35 -2.144702842377261
32 36 -5.478036175710594
32 37 -0.9819121447028424
32 38 -2.248062015503876
32 39 -0.31007751937984496
32 232 -0.5314767094372079
32 233 0.9912168819929479
33 34 -1.8863049095607236
33 35 0.8527131782945736
33 36 -3.565891472868217
33 37 -0.31007751937984496
33 38 -1.627906976744186
33 39 1.6020671834625324
33 238 0.343414684776679
33 239 0.6432734869848833
34 35 0.6976744186046512
34 36 -3.152454780361757
34 37 1.8604651162790697
34 38 0.07751937984496124
34 39 2.0155038759689923
34 244 -0.6795454008696502
34 245 0.4991057560404182
35 36 -0.9819121447028424
35 37 -2.8940568475452197
35 38 0.9560723514211886
35 39 -0.9819121447028424
35 250 0.49392775238343245
35 251 0.6574952388205251
36 37 5.348837209302325
36 38 6.925064599483204
36 39 -1.4728682170542635
36 256 -0.34911888340377883
36 257 -0.7753043183380564
37 38 7.286821705426356
37 39 5.348837209302325
37 262 -0.42600770571699864
37 263 -0.5423423888437275
38 39 1.7571059431524547
38 268 -0.08876657870543703
38 269 0.2855355387990035
39 274 0.9623669712178418
39 275 -0.29655113371561304
40 42 -0.46618705631259294
40 43 -0.6163351049032781
41 44 -0.4896634709956005
41 45 0.5853723967591828
42 207 0.1948349777651317
43 229 0.9621582666766766
45 108 0.42237008869186243
46 48 0.24827847583239593
46 49 -0.34178669141605966
46 232 0.8604605649534962
47 50 0.7395658643407808
47 51 0.02544041283654308
50 68 0.46942852996747675
52 54 -0.8144515621332244
52 55 0.5694421466287736
52 203 -0.20175942891334486
53 56 -0.21963629667303586
53 57 0.4138350446393677
55 147 0.38751669962814606
55 206 0.7370712950784855
58 60 -0.5420241642092354
58 61 -0.5004341613653296
58 199 0.8417166663597644
59 62 0.028968097672882998
59 63 -0.9802048215835004
64 66 -0.17176192886195807
64 67 -0.1452459940999753
65 68 -0.6635116791902143
65 69 -0.5725525266456661
65 252 0.017656628578796685
70 72 -0.743433837379587
70 73 0.033776144960685484
70 232 -0.7149366154611201
71 74 -0.023948062573258433
71 75 -0.5716208426593219
73 112 -0.5052206020362238
74 125 0.5118330820825034
76 78 -0.31599817989330137
76 79 -0.8766854102940302
77 80 0.11875300987824722
77 81 -0.07994276765991337
79 237 -0.23587855576117422
80 212 -0.8925969337932969
82 84 0.06380573850629023
82 85 0.172393476084723
82 167 -0.1461611773490239
82 230 0.3432828006703954
83 86 -0.5816418542280357
83 87 -0.820877902349983
83 254 0.5629480051767746
84 89 0.8905752281183636
84 231 -0.469697781304816
88 90 -0.795324674001094
88 91 -0.8643989187737369
89 92 -0.8920990392746952
89 93 -0.8905379543223158
89 274 -0.48931624495107173
94 96 -0.21731101657007534
94 97 0.12079055582917464
95 98 -0.21391987759196196
95 99 -0.46064799473652496
96 164 -0.3483070822002945
97 190 0.012895748162673026
100 102 -0.9836233629079414
100 103 -0.6030357398194128
101 104 -0.10787866017034431
101 105 -0.07691807185982724
102 193 0.8937983070960549
106 108 0.3956135636769571
106 109 -0.6434147853768875
107 110 0.7757198175868596
107 111 -0.5852355520056842
107 224 -0.08290647948827257
107 235 -0.2523217313186472
109 136 -0.113161823395876
112 114 -0.7293551944574879
112 115 -0.2586671233830613
113 116 0.8517856492091334
113 117 -0.9344374200706569
116 211 -0.5348376407670914
118 120 -0.5847985193843008
118 121 0.17185189578550353
118 240 0.67685076365016
119 122 -0.5302494290519759
119 123 -0.7171691222576706
123 228 -0.9588950121400039
124 126 -0.38661204599950616
124 127 0.5154611990076368
125 128 -0.2922923433915092
125 129 -0.3651918038165227
126 184 0.25785024489506103
127 159 -0.07691558530885256
130 132 -0.9512757131133358
130 133 -0.9094274051792735
131 134 -0.3654338080285826
131 135 -0.7468752979992137
131 242 0.1899735782930445
133 179 -0.939173323739561
136 138 0.48784505153175606
136 139 -0.7188258379775117
137 140 -0.5121591579031046
137 141 -0.5756472702069599
142 144 -0.6476899056085221
142 145 -0.015116583612573065
143 146 -0.6495763802914913
143 147 -0.5312260018871051
146 194 -0.7783382385302471
146 205 -0.3232353918022344
146 211 -0.8109356636690694
148 150 -0.9151650895704704
148 151 -0.40542000544236223
148 187 0.310689361336943
149 152 -0.7708912111337516
149 153 -0.7252946440745509
149 233 -0.9031113578384853
154 156 -0.7488764912629053
154 157 0.4952125435193979
155 158 0.4927041631314528
155 159 -0.12008661654983022
159 179 -0.885754945570586
160 162 0.10371114564099493
160 163 0.47127541992462096
160 179 0.21006102689699935
161 164 0.6041773674577386
161 165 -0.39395919067715934
161 277 -0.8533060108800901
162 227 -0.27355796566407253
166 168 -0.38166392132727345
166 169 -0.3334211217363696
167 170 0.022216922153912577
167 171 0.41945550340470095
170 235 -0.8529801749926218
172 174 0.5722860618359833
172 175 -0.3353437334499272
173 176 0.44335650355019096
173 177 -0.11486814008422175
178 180 -0.6114496949020931
178 181 -0.24057079357937217
179 182 -0.22793134754948552
179 183 0.37538284402487787
179 241 0.9633164108847445
183 195 0.35123315081053197
184 186 -0.39786744422583786
184 187 -0.6466563667816456
185 188 -0.826425761771322
185 189 0.44731562541655623
186 218 -0.049529542417562133
190 192 0.21343270358172983
190 193 -0.240818789072768
190 274 -0.05082634192749502
191 194 -0.44307751705490106
191 195 -0.17160995534440926
191 230 0.5421304607882034
196 198 0.1505324465518456
196 199 0.00977050308547156
197 200 -0.6901853068543862
197 201 0.15467921334704404
202 204 -0.6142830451917869
202 205 0.4791562085421801
203 206 -0.9062245918748815
203 207 -0.997915963874145
208 210 -0.45615921366757894
208 211 0.0807367536474588
209 212 -0.5891362047600237
209 213 -0.6620559295871304
214 216 0.5080133730885614
214 217 -0.4196395728466993
215 218 -0.6625078551631465
215 219 -0.775741171338062
220 222 -0.9422614243629279
220 223 -0.15760788006459348
221 224 -0.695638231052804
221 225 -0.2782370803256191
226 228 0.05332343549205043
226 229 -0.3219274143420312
227 230 0.13548172196818564
227 231 0.3158997931874934
232 234 -0.8007999324193245
232 235 -0.9086291645718871
233 236 -0.1389814067280719
233 237 -0.19010798568432175
238 240 -0.05960484391085119
238 241 0.037331340092856324
239 242 -0.6509178926991777
239 243 -0.45554358057929734
244 246 -0.1725381912303594
244 247 -0.7701684128150068
245 248 -0.11585888966180158
245 249 -0.4219329436200798
250 252 -0.9250491823471634
250 253 -0.9019637773382014
251 254 -0.7055847077993764
251 255 -0.7113117075675846
256 258 0.470404074776527
256 259 -0.193894749756514
257 260 0.10904191078874259
257 261 -0.5918644298813525
262 264 0.5644788072918245
262 265 -0.9650894825013652
262 269 -0.43172283644657217
263 266 -0.6912083091728256
263 267 0.05800466253713199
268 270 -0.45480912723443545
268 271 0.39359733720682377
269 272 0.440390019256762
269 273 -0.8857259286168495
274 276 0.5377016061571891
274 277 -0.1016346291964838
275 278 -0.3122343311773008
275 279 -0.237573919674128
0 0 -0.36551857025714796
1 1 0.23981708988713146
2 2 -1.8944732514314986
3 3 1.4395430583614082
4 4 0.25247446820308683
5 5 0.24536067003727124
6 6 1.4507878716376768
7 7 -1.3186729846005152
8 8 -1.4633853350595947
9 9 -1.2191231763242083
10 10 -1.6705772860107115
11 11 -1.2972688846315972
12 12 -1.9446437096110147
13 13 1.7811084908179418
14 14 1.690207946177813
15 15 0.2983567100188922
16 16 0.45831736896805136
17 17 -1.6559962213073822
18 18 1.954116889072921
19 19 0.4540879928081343
20 20 -1.7647344669762843
21 21 -0.9676474310924839
22 22 0.7098947369805835
23 23 -0.2018630535070831
24 24 -0.2954571309673404
25 25 1.984145771821047
26 26 -0.31573206598713593
27 27 1.6063153991933385
28 28 1.2924518680441475
29 29 0.6771081103576275
30 30 -0.10386184572132606
31 31 -1.276923138750736
32 32 0.10381266445964023
33 33 1.3743381751281918
34 34 -1.6166151925538998
35 35 -0.003162963992259904
36 36 -1.729501418429513
37 37 -1.1927589313986546
38 38 1.4316553268039889
39 39 -0.42621563764683096
40 40 1.8344217584232116
41 41 0.1313504205453513
42 42 -1.4287650381080277
43 43 -0.6122777690636045
44 44 1.9420801504160417
45 45 1.1394729369211682
46 46 1.745040327313292
47 47 0.6051235011025571
48 48 0.7507589228549261
49 49 -0.5568577626301794
50 50 -0.3572800900556645
51 51 -0.35264823256965006
52 52 -0.5679092864921294
53 53 0.29882360016682874
54 54 -0.7998760654629269
55 55 0.9156863537904468
56 56 1.4746552881456096
57 57 -1.1655289962003712
58 58 -0.5559849532712664
59 59 0.8295938596062468
60 60 1.0922175649367971
61 61 -0.2298296454643065
62 62 1.0230679326457772
63 63 1.3723031525336369
64 64 1.5082195442646171
65 65 1.9913451743711084
66 66 0.28143045507058506
67 67 -0.6527496098189932
68 68 -1.2343182657602063
69 69 0.41314174363665535
70 70 0.7508802423312999
71 71 1.7654641851295014
72 72 1.207633609077961
73 73 0.3591823571265702
74 74 -0.3481470408796241
75 75 0.9376129549446306
76 76 -0.8006870922435178
77 77 0.3307937785960063
78 78 -1.7051173962323407
79 79 -0.8794402768171361
80 80 -1.2463550923282534
81 81 -0.5853616994848725
82 82 -1.8526289048172822
83 83 -0.8141962209473191
84 84 1.5410243549899139
85 85 -1.7930726709535525
86 86 -1.6827845515536568
87 87 0.8659314089864973
88 88 1.5690909876977202
89 89 -0.3699288630576256
90 90 1.47390628738004
91 91 0.742686008464867
92 92 0.6420381002733695
93 93 0.3874649076007857
94 94 0.8300208331800469
95 95 -0.23436003733336586
96 96 -0.4605061573019547
97 97 -1.9586500646761742
98 98 1.8984705675892513
99 99 0.8886978734954343
100 100 0.9968689002765073
101 101 -0.7304646969105457
102 102 0.3884912863938719
103 103 -1.7465601576393963
104 104 0.004765529013456504
105 105 -1.783742569450959
106 106 -1.5058623911096467
107 107 0.24614199645186477
108 108 1.0975334188508108
109 109 -1.8699958910146461
110 110 -0.5828710281494236
111 111 1.2314906663644516
112 112 -0.47016240881032095
113 113 0.5542896389611163
114 114 -0.9028596355570873
115 115 1.196819634596788
116 116 -0.7143857027315366
117 117 -0.3825743527350398
118 118 0.3930792241146728
119 119 -1.9369827020495698
120 120 -0.8647057282359056
121 121 -0.9454455401195818
122 122 -0.049056273789197746
123 123 -1.5380228593286227
124 124 -1.154216630753599
125 125 -0.2696160541638455
126 126 1.5435010092641055
127 127 -0.3997887156126567
128 128 1.894618124623313
129 129 -1.9700549900550937
130 130 -0.22108062863328962
131 131 -1.2058412859976162
132 132 1.3129524400108736
133 133 1.1670651084455503
134 134 0.6002458447971653
135 135 0.17097958066866248
136 136 1.5459121041313628
137 137 -0.8497478920086797
138 138 -1.2406370099145128
139 139 1.5736261900773274
140 140 1.1923293612887478
141 141 0.47109843469507195
142 142 1.238962395047952
143 143 0.195476272405001
144 144 0.8182841393771306
145 145 -1.7855897145870145
146 146 1.7583595238089238
147 147 0.8482743124838743
148 148 0.809746998569298
149 149 -1.4130708896977189
150 150 0.4604023468326166
151 151 0.34309814207879885
152 152 -1.579018996901601
153 153 0.33364283259686234
154 154 -0.125466685659823
155 155 -0.7373628443621049
156 156 0.21558112020697265
157 157 -1.6168362338148887
158 158 1.881424080213596
159 159 1.9146853962835957
160 160 1.8396684663828649
161 161 -0.9357805144031635
162 162 -1.9805530923020713
163 163 1.3338543219269496
164 164 1.1236104307672816
165 165 -0.08599276470873685
166 166 0.8178953455757153
167 167 0.6412797556533985
168 168 1.8401637403533955
169 169 -0.6938928097201695
170 170 0.08994632955745276
171 171 1.5226125509707742
172 172 0.06404410348766998
173 173 -0.26496378118078345
174 174 -0.2877742670753185
175 175 1.6095372314162217
176 176 -0.8144761819317209
177 177 1.0981721784510001
178 178 -0.052279658940832086
179 179 -1.4396322669304467
180 180 -1.7840892995935451
181 181 -0.10002497621147112
182 182 0.9871983837326566
183 183 0.5162130631127226
184 184 -0.17922301537127305
185 185 0.13419440293972373
186 186 -1.2205717221653263
187 187 0.9832880933934224
188 188 1.0881036770608277
189 189 -0.3640281358135189
190 190 1.3751515532922731
191 191 0.29961871891881975
192 192 -0.026167590515310483
193 193 1.4859529107881047
194 194 1.224216116702594
195 195 1.6957255758328764
196 196 1.016888152896661
197 197 -1.695556129997999
198 198 -1.3057877883767315
199 199 -0.660747013510266
200 200 -0.10266684479856503
201 201 -1.058661800641425
202 202 1.2885234973414543
203 203 0.26298483349940316
204 204 0.9478679976167032
205 205 -1.941544098502931
206 206 -1.3815961060234083
207 207 -1.6367751068240908
208 208 1.0013432486559228
209 209 0.8671912831745031
210 210 0.31107453377421734
211 211 0.4648086793153783
212 212 1.3066286712327235
213 213 -0.24899651537537038
214 214 0.2991077441751915
215 215 -0.6499129160500301
216 216 -0.464140447320272
217 217 1.2566851082351684
218 218 -1.4180499745614932
219 219 -1.556511474111465
220 220 1.7878915615649476
221 221 -1.6572811374551744
222 222 1.244284342520773
223 223 -1.1191915004457353
224 224 -0.06200876316589721
225 225 -1.6670612046904354
226 226 1.8489690470066713
227 227 -0.8408624035504104
228 228 -1.7772407134833128
229 229 0.69776280015711
230 230 1.8740146222502756
231 231 -0.45346601928689445
232 232 0.2729085649661944
233 233 0.4424462141009977
234 234 -0.888452131616318
235 235 -0.9509404939058125
236 236 -0.9626938497586237
237 237 1.3993057160029236
238 238 -1.2538246215311948
239 239 1.3271395470166882
240 240 -0.07835700559129455
241 241 -1.9003218511672204
242 242 -0.9798367839118267
243 243 1.2714779768906046
244 244 -1.7156507743669014
245 245 0.46234835624836684
246 246 -0.7029111005153705
247 247 -0.1864716483661617
248 248 0.970685136239724
249 249 0.9974915676195178
250 250 -1.140678868258047
251 251 -0.3642274127433378
252 252 -1.535648461237587
253 253 0.3782311127679234
254 254 -0.5321223725384425
255 255 1.2192867074529459
256 256 -1.4626524856548477
257 257 0.1710596657536123
258 258 -1.230513967630929
259 259 1.5129382391210866
260 260 0.8708003195030406
261 261 1.2149418305943716
262 262 1.4121817658581697
263 263 0.39524196068570877
264 264 -0.1383659272765807
265 265 0.7629596864957167
266 266 -0.855682151412181
267 267 1.7191129045374214
268 268 -1.1712672479008228
269 269 -1.6218489436236019
270 270 -1.888920608833956
271 271 0.7188881056981199
272 272 1.5546028702389716
273 273 -0.5046134289723332
274 274 -1.537431417855938
275 275 -1.8643303131082598
276 276 -0.718919394850468
277 277 -0.36400277467534226
278 278 0.6433432919538289
279 279 -1.4930585488109414
