0	1	7704
0	2	-1656
0	3	2088
0	4	-1800
0	5	1512
0	6	4392
0	7	-3096
0	8	1656
0	9	14184
0	10	2520
0	11	-2520
0	12	1368
0	13	360
0	14	7128
0	15	9288
0	16	2664
0	17	-7416
0	18	7272
0	19	3816
0	20	9864
0	21	72
0	22	936
0	23	6264
0	24	5112
0	25	8424
0	26	-4104
0	27	8136
0	28	-2376
0	29	-2088
0	30	-7848
0	31	-8568
0	32	-504
0	33	4248
0	34	-360
0	35	-3240
1	2	-5688
1	3	5256
1	4	10008
1	5	5832
1	6	13320
1	7	-5112
1	8	10872
1	9	4392
1	10	4824
1	11	-504
1	12	12024
1	13	-3384
1	14	1080
1	15	-1080
1	16	4680
1	17	-5976
1	18	72
1	19	-5976
1	20	3528
1	21	2088
1	22	-3096
1	23	1080
1	24	3096
1	25	4104
1	26	-3240
1	27	-792
1	28	-11016
1	29	5112
1	30	-9864
1	31	-4824
1	32	-7704
1	33	3096
1	34	7704
1	35	216
2	3	-4104
2	4	-6552
2	5	-3528
2	6	-1224
2	7	1080
2	8	1512
2	9	-6984
2	10	11016
2	11	504
2	12	648
2	13	-2376
2	14	-15480
2	15	-7272
2	16	-15048
2	17	216
2	18	1080
2	19	-6984
2	20	12888
2	21	3096
2	22	6264
2	23	2088
2	24	2088
2	25	-5256
2	26	-9432
2	27	-4968
2	28	5544
2	29	4104
2	30	4680
2	31	1368
2	32	3672
2	33	-6264
2	34	3528
2	35	6408
3	4	-4248
3	5	9144
3	6	6840
3	7	-5832
3	8	-1080
3	9	1368
3	10	-5400
3	11	-5256
3	12	9288
3	13	-2376
3	14	-504
3	15	-3528
3	16	5112
3	17	-4968
3	18	4536
3	19	-3816
3	20	2232
3	21	-7848
3	22	-6696
3	23	3528
3	24	2664
3	25	504
3	26	-6552
3	27	-10152
3	28	-10296
3	29	5832
3	30	-5112
3	31	4248
3	32	-8424
3	33	1512
3	34	-8280
3	35	-792
4	5	1512
4	6	9000
4	7	936
4	8	11736
4	9	-1656
4	10	-4680
4	11	360
4	12	5976
4	13	2664
4	14	216
4	15	3240
4	16	5544
4	17	72
4	18	-4248
4	19	3528
4	20	2664
4	21	8136
4	22	1224
4	23	1944
4	24	-2952
4	25	-216
4	26	1080
4	27	5256
4	28	216
4	29	-936
4	30	-5544
4	31	-3960
4	32	-1656
4	33	-1224
4	34	3384
4	35	1080
5	6	16632
5	7	3960
5	8	3528
5	9	-3240
5	10	-792
5	11	-11016
5	12	9864
5	13	2232
5	14	72
5	15	2232
5	16	-648
5	17	10008
5	18	-6408
5	19	1944
5	20	-2376
5	21	1944
5	22	-6120
5	23	-7416
5	24	8424
5	25	-5256
5	26	4392
5	27	-5544
5	28	-5688
5	29	6408
5	30	-4536
5	31	3672
5	32	-9000
5	33	936
5	34	-8856
5	35	3816
6	7	1656
6	8	11592
6	9	-936
6	10	2088
6	11	-2952
6	12	12168
6	13	5112
6	14	-2808
6	15	-648
6	16	-2952
6	17	2520
6	18	1656
6	19	-6120
6	20	5112
6	21	4824
6	22	1368
6	23	-4536
6	24	10728
6	25	-2376
6	26	1512
6	27	-2664
6	28	-7992
6	29	8712
6	30	-2232
6	31	1368
6	32	-16488
6	33	3816
6	34	-792
6	35	1512
7	8	-1080
7	9	-3816
7	10	-216
7	11	-72
7	12	4104
7	13	7992
7	14	-504
7	15	-3528
7	16	-10440
7	17	5400
7	18	-648
7	19	6552
7	20	-2952
7	21	7704
7	22	3672
7	23	-6840
7	24	2664
7	25	5688
7	26	9000
7	27	5400
7	28	72
7	29	5832
7	30	10440
7	31	-936
7	32	-3240
7	33	1512
7	34	-3096
7	35	-792
8	9	-8568
8	10	4536
8	11	-5688
8	12	9720
8	13	-2808
8	14	-5256
8	15	-8280
8	16	-504
8	17	-5400
8	18	4104
8	19	-3384
8	20	7848
8	21	2088
8	22	4104
8	23	-2088
8	24	3096
8	25	-5112
8	26	-6120
8	27	-5400
8	28	-360
8	29	6264
8	30	-4680
8	31	-1368
8	32	-3672
8	33	-4104
8	34	1656
8	35	3960
9	10	-4248
9	11	5976
9	12	-4824
9	13	3096
9	14	15336
9	15	13176
9	16	5976
9	17	-4680
9	18	6552
9	19	3096
9	20	2232
9	21	3384
9	22	-4392
9	23	7560
9	24	1800
9	25	15768
9	26	648
9	27	10872
9	28	-4536
9	29	-6552
9	30	-792
9	31	-3528
9	32	-1224
9	33	9576
9	34	-1368
9	35	-8856
10	11	360
10	12	3672
10	13	-7128
10	14	-6120
10	15	-9144
10	16	-10008
10	17	648
10	18	-216
10	19	-9432
10	20	1800
10	21	-2232
10	22	3240
10	23	3960
10	24	7416
10	25	-4248
10	26	-1800
10	27	-4536
10	28	-4680
10	29	5400
10	30	4824
10	31	-504
10	32	2376
10	33	-3240
10	34	7704
10	35	4824
11	12	-6840
11	13	3384
11	14	-1080
11	15	1080
11	16	-4680
11	17	792
11	18	5112
11	19	792
11	20	-3528
11	21	-2088
11	22	8280
11	23	4104
11	24	2088
11	25	11448
11	26	3240
11	27	5976
11	28	-4536
11	29	72
11	30	4680
11	31	-360
11	32	-2664
11	33	2088
11	34	13032
11	35	-10584
12	13	648
12	14	-8136
12	15	-5112
12	16	-1656
12	17	-1944
12	18	4104
12	19	-4824
12	20	4680
12	21	936
12	22	-1944
12	23	-72
12	24	4248
12	25	-2232
12	26	-2088
12	27	-7128
12	28	-6984
12	29	11448
12	30	-3528
12	31	-792
12	32	-8856
12	33	-3240
12	34	1368
12	35	9432
13	14	1224
13	15	3384
13	16	-6984
13	17	-1512
13	18	7992
13	19	-2088
13	20	3960
13	21	-4392
13	22	216
13	23	1800
13	24	9576
13	25	3960
13	26	360
13	27	8856
13	28	3528
13	29	7560
13	30	1800
13	31	-2664
13	32	-10152
13	33	-5400
13	34	-4824
13	35	2664
14	15	9864
14	16	9288
14	17	-1368
14	18	-504
14	19	4968
14	20	-6264
14	21	1512
14	22	-7704
14	23	504
14	24	-1512
14	25	8712
14	26	2520
14	27	9000
14	28	-1224
14	29	-9864
14	30	1080
14	31	-216
14	32	2088
14	33	7704
14	34	-8424
14	35	-10728
15	16	6264
15	17	5976
15	18	1656
15	19	13176
15	20	1944
15	21	3672
15	22	504
15	23	2664
15	24	-3672
15	25	5688
15	26	360
15	27	11160
15	28	6120
15	29	-12024
15	30	-6264
15	31	-3240
15	32	4248
15	33	-504
15	34	-1080
15	35	-3384
16	17	-4392
16	18	-5256
16	19	5976
16	20	-3528
16	21	3096
16	22	-7272
16	23	4104
16	24	-8280
16	25	1080
16	26	3240
16	27	792
16	28	648
16	29	-5112
16	30	-10872
16	31	-5544
16	32	2520
16	33	7272
16	34	-2520
16	35	-5400
17	18	-10152
17	19	5688
17	20	-9000
17	21	3384
17	22	7992
17	23	-5976
17	24	-3384
17	25	-3816
17	26	8136
17	27	-4104
17	28	936
17	29	-5400
17	30	4392
17	31	-72
17	32	2808
17	33	-2808
17	34	-2232
17	35	5256
18	19	-3816
18	20	7416
18	21	-7848
18	22	3672
18	23	3528
18	24	7848
18	25	5688
18	26	-6552
18	27	216
18	28	72
18	29	5832
18	30	5256
18	31	4248
18	32	-8424
18	33	-3672
18	34	2088
18	35	-792
19	20	-2952
19	21	3384
19	22	792
19	23	2376
19	24	-3384
19	25	5400
19	26	5832
19	27	10872
19	28	5832
19	29	-6552
19	30	-5976
19	31	-3528
19	32	9144
19	33	-792
19	34	-1368
19	35	-8856
20	21	4248
20	22	5112
20	23	8424
20	24	936
20	25	1080
20	26	-15768
20	27	1368
20	28	6696
20	29	2952
20	30	-6840
20	31	-7848
20	32	-360
20	33	-5112
20	34	-504
20	35	2376
21	22	504
21	23	-3672
21	24	-5688
21	25	3672
21	26	5832
21	27	3384
21	28	3240
21	29	-2520
21	30	2088
21	31	-2952
21	32	-72
21	33	9864
21	34	72
21	35	-2808
22	23	-504
22	24	-5688
22	25	2520
22	26	-1656
22	27	-2376
22	28	2952
22	29	-3672
22	30	2088
22	31	-11592
22	32	1080
22	33	-3672
22	34	6120
22	35	3816
23	24	3672
23	25	4680
23	26	-5544
23	27	4392
23	28	-936
23	29	1656
23	30	-4104
23	31	-7128
23	32	6120
23	33	-4680
23	34	1080
23	35	-1800
24	25	1512
24	26	4536
24	27	1800
24	28	-8424
24	29	12888
24	30	3096
24	31	8136
24	32	-10296
24	33	504
24	34	-72
24	35	-2376
25	26	2664
25	27	6552
25	28	-9144
25	29	-504
25	30	-1080
25	31	-4968
25	32	-2088
25	33	7848
25	34	3240
25	35	-10008
26	27	2952
26	28	-7272
26	29	1368
26	30	7128
26	31	4104
26	32	-3960
26	33	12024
26	34	1080
26	35	-1224
27	28	6120
27	29	-5400
27	30	-792
27	31	-5256
27	32	2808
27	33	2376
27	34	2952
27	35	-10296
28	29	-5256
28	30	-648
28	31	-5400
28	32	7848
28	33	-8136
28	34	-2376
28	35	-72
29	30	-72
29	31	936
29	32	-12312
29	33	-1512
29	34	3096
29	35	792
30	31	10728
30	32	-2520
30	33	3096
30	34	-2664
30	35	216
31	32	-3528
31	33	1224
31	34	-3384
31	35	-1080
32	33	-6264
32	34	-504
32	35	1800
33	34	-936
33	35	-9000
34	35	-3240
