0	1	-2768
0	2	6800
0	3	-1184
0	4	4000
0	5	2848
0	6	-8672
0	7	-896
0	8	-1760
0	9	5296
0	10	1040
0	11	-8320
0	12	6800
0	13	-976
0	14	-3136
0	15	4576
0	16	-2848
0	17	4432
0	18	-3712
0	19	7808
0	20	-8896
0	21	1904
0	22	-7888
0	23	3776
0	24	2624
0	25	-3920
0	26	6448
0	27	320
0	28	8752
0	29	3632
0	30	3776
0	31	-7168
0	32	5296
0	33	6800
0	34	-6448
0	35	4640
1	2	1984
1	3	-2416
1	4	2768
1	5	-1264
1	6	-112
1	7	-2704
1	8	3344
1	9	-3712
1	10	2560
1	11	6736
1	12	1984
1	13	-5792
1	14	1552
1	15	-2992
1	16	1264
1	17	-2848
1	18	-8240
1	19	976
1	20	2128
1	21	1696
1	22	6304
1	23	-176
1	24	-4208
1	25	-4864
1	26	320
1	27	-12272
1	28	-1984
1	29	5152
1	30	-5360
1	31	5584
1	32	1472
1	33	-3200
1	34	4864
1	35	4144
2	3	3568
2	4	8752
2	5	2416
2	6	1264
2	7	-1328
2	8	-2192
2	9	-5504
2	10	6656
2	11	2480
2	12	-3136
2	13	4640
2	14	-7888
2	15	4144
2	16	7952
2	17	-1184
2	18	1904
2	19	8240
2	20	-3280
2	21	7520
2	22	-2272
2	23	-6160
2	24	-2128
2	25	832
2	26	11200
2	27	-4432
2	28	-2048
2	29	4064
2	30	-6160
2	31	3632
2	32	10048
2	33	-3136
2	34	-832
2	35	-5296
3	4	-4000
3	5	-8032
3	6	-1696
3	7	-4288
3	8	-3424
3	9	-112
3	10	-1040
3	11	-2048
3	12	3568
3	13	6160
3	14	3136
3	15	608
3	16	2848
3	17	5936
3	18	3712
3	19	2560
3	20	-1472
3	21	8464
3	22	7888
3	23	1408
3	24	2560
3	25	3920
3	26	-1264
3	27	-5504
3	28	6800
3	29	-3632
3	30	6592
3	31	1984
3	32	5072
3	33	-1616
3	34	-9104
3	35	-9824
4	5	2336
4	6	-1696
4	7	896
4	8	-3424
4	9	-10480
4	10	19696
4	11	3136
4	12	3568
4	13	976
4	14	3136
4	15	608
4	16	2848
4	17	752
4	18	3712
4	19	-2624
4	20	-6656
4	21	8464
4	22	-2480
4	23	-8960
4	24	-7808
4	25	-1264
4	26	-1264
4	27	-5504
4	28	1616
4	29	1552
4	30	-14144
4	31	-3200
4	32	5072
4	33	-6800
4	34	11632
4	35	544
5	6	-5728
5	7	2048
5	8	-7456
5	9	1040
5	10	2992
5	11	1984
5	12	-7952
5	13	-176
5	14	-3200
5	15	1760
5	16	1696
5	17	-3280
5	18	-2624
5	19	6592
5	20	-7808
5	21	-3056
5	22	1552
5	23	-4928
5	24	-3776
5	25	-5296
5	26	-5296
5	27	-6656
5	28	2768
5	29	400
5	30	5440
5	31	832
5	32	1040
5	33	12784
5	34	112
5	35	-608
6	7	-1984
6	8	4064
6	9	-2992
6	10	1840
6	11	832
6	12	-3920
6	13	-1328
6	14	-4352
6	15	-2272
6	16	544
6	17	-2128
6	18	6592
6	19	-10112
6	20	6592
6	21	976
6	22	400
6	23	-896
6	24	-4928
6	25	11408
6	26	1040
6	27	2560
6	28	-1264
6	29	9616
6	30	-6080
6	31	10048
6	32	-2992
6	33	-3920
6	34	9328
6	35	8608
7	8	-3712
7	9	-5584
7	10	4432
7	11	3424
7	12	-6512
7	13	6448
7	14	3424
7	15	-15232
7	16	-7232
7	17	-4720
7	18	4000
7	19	-2336
7	20	-6368
7	21	-11984
7	22	-2192
7	23	1696
7	24	-7520
7	25	-1552
7	26	3632
7	27	-32
7	28	-3856
7	29	-8528
7	30	1696
7	31	7456
7	32	4784
7	33	9040
7	34	1552
7	35	832
8	9	5648
8	10	-6800
8	11	-2624
8	12	-7376
8	13	-9968
8	14	7744
8	15	-4000
8	16	2272
8	17	-3856
8	18	-7232
8	19	1984
8	20	8320
8	21	-2480
8	22	2128
8	23	832
8	24	-3200
8	25	-688
8	26	-688
8	27	4288
8	28	-13360
8	29	976
8	30	832
8	31	-3776
8	32	-4720
8	33	-2192
8	34	688
8	35	10336
9	10	-10112
9	11	-5936
9	12	-5504
9	13	-2912
9	14	4432
9	15	-688
9	16	-11408
9	17	-5728
9	18	-5360
9	19	3856
9	20	10192
9	21	-608
9	22	-6368
9	23	7888
9	24	3856
9	25	-7744
9	26	-7744
9	27	976
9	28	320
9	29	8032
9	30	13072
9	31	-12272
9	32	-1408
9	33	4864
9	34	-7808
9	35	-3344
10	11	1904
10	12	1472
10	13	4064
10	14	7088
10	15	-5648
10	16	2192
10	17	4576
10	18	6512
10	19	-7888
10	20	-3856
10	21	6944
10	22	2336
10	23	-11920
10	24	-13072
10	25	1408
10	26	-3776
10	27	-10192
10	28	3712
10	29	-1696
10	30	-11920
10	31	3056
10	32	10624
10	33	-3712
10	34	19328
10	35	-688
11	12	2480
11	13	-112
11	14	-2272
11	15	-1472
11	16	8384
11	17	-6800
11	18	-2848
11	19	-1696
11	20	2336
11	21	2768
11	22	-7024
11	23	-5728
11	24	-1696
11	25	-4784
11	26	5584
11	27	-4000
11	28	-2480
11	29	-688
11	30	-5728
11	31	4064
11	32	4432
11	33	-7888
11	34	4784
11	35	-4864
12	13	-544
12	14	-2704
12	15	9328
12	16	2768
12	17	9184
12	18	-3280
12	19	-2128
12	20	-3280
12	21	7520
12	22	-2272
12	23	-976
12	24	8240
12	25	832
12	26	6016
12	27	752
12	28	13504
12	29	-1120
12	30	-6160
12	31	-1552
12	32	-320
12	33	-8320
12	34	-832
12	35	-112
13	14	5072
13	15	-3632
13	16	-5008
13	17	-3776
13	18	-688
13	19	-4720
13	20	-5872
13	21	-256
13	22	320
13	23	-3568
13	24	-4720
13	25	-6944
13	26	3424
13	27	3344
13	28	544
13	29	-3712
13	30	-3568
13	31	-4144
13	32	12640
13	33	-544
13	34	1760
13	35	-7888
14	15	-6656
14	16	-7168
14	17	-1616
14	18	-2848
14	19	-1696
14	20	2336
14	21	2768
14	22	8528
14	23	-544
14	24	-12064
14	25	-4784
14	26	-9968
14	27	-4000
14	28	-2480
14	29	-5872
14	30	-544
14	31	-6304
14	32	4432
14	33	-2704
14	34	4784
14	35	320
15	16	8608
15	17	5360
15	18	4288
15	19	8320
15	20	-896
15	21	14224
15	22	-1904
15	23	1984
15	24	8320
15	25	8528
15	26	3344
15	27	5440
15	28	6224
15	29	2128
15	30	-3200
15	31	-2624
15	32	-5872
15	33	-11408
15	34	-8528
15	35	-4064
16	17	8464
16	18	-2560
16	19	3776
16	20	-2560
16	21	8240
16	22	3632
16	23	-10624
16	24	3776
16	25	5296
16	26	10480
16	27	1472
16	28	-2768
16	29	-5584
16	30	-5440
16	31	4352
16	32	4144
16	33	-7600
16	34	5072
16	35	608
17	18	4144
17	19	2992
17	20	-1040
17	21	3712
17	22	8320
17	23	1840
17	24	2992
17	25	8672
17	26	3488
17	27	112
17	28	11552
17	29	-3200
17	30	-3344
17	31	2416
17	32	-544
17	33	-1184
17	34	1696
17	35	976
18	19	-2272
18	20	1760
18	21	2192
18	22	-2416
18	23	4064
18	24	-2272
18	25	16528
18	26	-4208
18	27	608
18	28	3280
18	29	-1264
18	30	-1120
18	31	8672
18	32	-5360
18	33	-3280
18	34	-976
18	35	-5440
19	20	-2272
19	21	3344
19	22	3920
19	23	5216
19	24	4064
19	25	-176
19	26	5008
19	27	-3424
19	28	2128
19	29	-112
19	30	5216
19	31	-544
19	32	-1328
19	33	3056
19	34	-15376
19	35	-4288
20	21	-2992
20	22	-2416
20	23	-1120
20	24	2912
20	25	976
20	26	-4208
20	27	608
20	28	-7088
20	29	3920
20	30	-1120
20	31	-1696
20	32	-5360
20	33	-8464
20	34	4208
20	35	-5440
21	22	3200
21	23	-688
21	24	-1840
21	25	5728
21	26	544
21	27	-4144
21	28	8032
21	29	4352
21	30	-5872
21	31	-1264
21	32	4576
21	33	-13216
21	34	-544
21	35	-5008
22	23	-112
22	24	-6448
22	25	5152
22	26	-5216
22	27	-8752
22	28	2272
22	29	-5440
22	30	-112
22	31	9680
22	32	-1184
22	33	2912
22	34	32
22	35	752
23	24	32
23	25	3856
23	26	-1328
23	27	2912
23	28	6160
23	29	6224
23	30	6368
23	31	608
23	32	-7664
23	33	4208
23	34	-14224
23	35	2048
24	25	-176
24	26	5008
24	27	6944
24	28	2128
24	29	-112
24	30	5216
24	31	-5728
24	32	-6512
24	33	-2128
24	34	-10192
24	35	-4288
25	26	1472
25	27	2128
25	28	4352
25	29	-1184
25	30	-1328
25	31	14800
25	32	-7744
25	33	-4352
25	34	-1472
25	35	2992
26	27	7312
26	28	-832
26	29	-1184
26	30	-6512
26	31	4432
26	32	7808
26	33	-4352
26	34	-1472
26	35	2992
27	28	-5936
27	29	-2416
27	30	-2272
27	31	-8032
27	32	-4208
27	33	-4432
27	34	-2128
27	35	3776
28	29	6304
28	30	976
28	31	1552
28	32	320
28	33	3136
28	34	-4352
28	35	112
29	30	-4144
29	31	-4720
29	32	-2336
29	33	-1120
29	34	1184
29	35	7088
30	31	608
30	32	-2480
30	33	14576
30	34	-14224
30	35	-3136
31	32	-1904
31	33	3632
31	34	752
31	35	1472
32	33	-320
32	34	7744
32	35	-3344
33	34	-6016
33	35	5072
34	35	7376
