0	1	40
0	2	416
0	3	-2776
0	4	3080
0	5	2320
0	6	-568
0	7	8248
0	8	3080
0	9	6496
0	10	-2848
0	11	-192
0	12	-40
0	13	5664
0	14	2776
0	15	-2320
0	16	3304
0	17	-3456
0	18	3456
0	19	-5816
0	20	-3608
0	21	-6120
0	22	2776
0	23	-3608
0	24	720
0	25	568
0	26	2848
0	27	-6800
0	28	5360
0	29	-3152
0	30	-3080
0	31	5360
0	32	3456
0	33	-3080
0	34	112
0	35	-3456
0	36	-6648
0	37	5664
1	2	6120
1	3	-8016
1	4	1936
1	5	2696
1	6	5584
1	7	2544
1	8	1936
1	9	5816
1	10	-3688
1	11	952
1	12	-10752
1	13	-6424
1	14	2240
1	15	-2696
1	16	-2544
1	17	-3080
1	18	-2696
1	19	800
1	20	-2928
1	21	1104
1	22	2240
1	23	2848
1	24	40
1	25	5968
1	26	-2088
1	27	-5512
1	28	5432
1	29	2392
1	30	3840
1	31	-6120
1	32	3080
1	33	3840
1	34	648
1	35	-3080
1	36	112
1	37	-6424
2	3	-3080
2	4	3384
2	5	2624
2	6	-264
2	7	2776
2	8	-2392
2	9	416
2	10	-2544
2	11	5280
2	12	-6120
2	13	-5584
2	14	3080
2	15	-8400
2	16	3000
2	17	-3152
2	18	3152
2	19	-344
2	20	-3304
2	21	5128
2	22	3080
2	23	2472
2	24	-5360
2	25	264
2	26	-3232
2	27	-720
2	28	5664
2	29	8704
2	30	8168
2	31	-112
2	32	-2624
2	33	8168
2	34	-192
2	35	-3152
2	36	5208
2	37	-5584
3	4	800
3	5	-5736
3	6	-2848
3	7	-5584
3	8	800
3	9	-8552
3	10	648
3	11	2088
3	12	8016
3	13	3384
3	14	496
3	15	5736
3	16	-192
3	17	5816
3	18	5736
3	19	2240
3	20	-112
3	21	1936
3	22	496
3	23	-112
3	24	-2776
3	25	-8704
3	26	-648
3	27	8248
3	28	-8472
3	29	344
3	30	-800
3	31	3080
3	32	-5816
3	33	-800
3	34	2392
3	35	5816
3	36	2624
3	37	3384
4	5	-6120
4	6	2544
4	7	-496
4	8	4672
4	9	3080
4	10	-952
4	11	3992
4	12	-1936
4	13	-3688
4	14	-800
4	15	344
4	16	496
4	17	5432
4	18	6120
4	19	3840
4	20	-192
4	21	-1632
4	22	-800
4	23	5584
4	24	-2696
4	25	-2544
4	26	-4824
4	27	-2776
4	28	-3384
4	29	-648
4	30	1104
4	31	2392
4	32	344
4	33	1104
4	34	-2088
4	35	5432
4	36	-2928
4	37	-3688
5	6	-2472
5	7	6040
5	8	-344
5	9	2320
5	10	-192
5	11	-2544
5	12	-2696
5	13	2848
5	14	-40
5	15	-6192
5	16	-264
5	17	-5360
5	18	-416
5	19	-2696
5	20	568
5	21	3384
5	22	-40
5	23	-5208
5	24	2320
5	25	8248
5	26	5968
5	27	-2016
5	28	8928
5	29	112
5	30	344
5	31	3152
5	32	5360
5	33	344
5	34	-2848
5	35	-5360
5	36	-2168
5	37	2848
6	7	3152
6	8	2544
6	9	5208
6	10	-8856
6	11	6120
6	12	-5584
6	13	-5816
6	14	2848
6	15	2472
6	16	-3152
6	17	3304
6	18	-3304
6	19	5968
6	20	-2320
6	21	496
6	22	2848
6	23	9232
6	24	-568
6	25	-416
6	26	-2696
6	27	872
6	28	264
6	29	-2776
6	30	3232
6	31	-5512
6	32	2472
6	33	3232
6	34	5816
6	35	3304
6	36	720
6	37	-5816
7	8	-496
7	9	8248
7	10	-6120
7	11	3384
7	12	-2544
7	13	2696
7	14	5584
7	15	-6040
7	16	5664
7	17	-5512
7	18	-264
7	19	-2544
7	20	-5360
7	21	-2240
7	22	5584
7	23	416
7	24	2472
7	25	2624
7	26	344
7	27	-2168
7	28	8776
7	29	-40
7	30	496
7	31	3000
7	32	5512
7	33	496
7	34	3080
7	35	-5512
7	36	-2320
7	37	2696
8	9	3080
8	10	-952
8	11	-1784
8	12	-1936
8	13	2088
8	14	-800
8	15	6120
8	16	-5280
8	17	5432
8	18	6120
8	19	3840
8	20	-192
8	21	-1632
8	22	-800
8	23	-192
8	24	3080
8	25	3232
8	26	952
8	27	-2776
8	28	-3384
8	29	-6424
8	30	-4672
8	31	2392
8	32	6120
8	33	-4672
8	34	-2088
8	35	5432
8	36	-8704
8	37	2088
9	10	-2848
9	11	-192
9	12	-5816
9	13	-112
9	14	2776
9	15	-2320
9	16	3304
9	17	-3456
9	18	-2320
9	19	-40
9	20	-3608
9	21	-6120
9	22	2776
9	23	2168
9	24	6496
9	25	6344
9	26	-2928
9	27	-6800
9	28	5360
9	29	-3152
9	30	-3080
9	31	-416
9	32	9232
9	33	-3080
9	34	112
9	35	-3456
9	36	-6648
9	37	-112
10	11	-7712
10	12	3688
10	13	2240
10	14	-6424
10	15	192
10	16	344
10	17	-192
10	18	192
10	19	-2088
10	20	5736
10	21	-1784
10	22	-6424
10	23	-5816
10	24	2928
10	25	3080
10	26	800
10	27	-2624
10	28	-3232
10	29	-496
10	30	-4824
10	31	2544
10	32	192
10	33	-4824
10	34	-8016
10	35	-192
10	36	-2776
10	37	2240
11	12	-952
11	13	-4976
11	14	3688
11	15	-3232
11	16	2392
11	17	3232
11	18	2544
11	19	4824
11	20	-2696
11	21	4520
11	22	3688
11	23	8856
11	24	-5968
11	25	-6120
11	26	-3840
11	27	5664
11	28	496
11	29	3536
11	30	7560
11	31	496
11	32	-3232
11	33	7560
11	34	4976
11	35	3232
11	36	5816
11	37	-4976
12	13	6424
12	14	-2240
12	15	2696
12	16	2544
12	17	3080
12	18	2696
12	19	-800
12	20	2928
12	21	-1104
12	22	-2240
12	23	-2848
12	24	-40
12	25	-5968
12	26	2088
12	27	5512
12	28	-5432
12	29	-2392
12	30	-3840
12	31	6120
12	32	-3080
12	33	-3840
12	34	-648
12	35	3080
12	36	-112
12	37	6424
13	14	2392
13	15	2928
13	16	3080
13	17	-2928
13	18	2928
13	19	-5128
13	20	-2776
13	21	-4824
13	22	2392
13	23	-8552
13	24	5664
13	25	40
13	26	3536
13	27	416
13	28	-192
13	29	-3232
13	30	-7864
13	31	5584
13	32	2928
13	33	-7864
13	34	496
13	35	-2928
13	36	-5512
13	37	11056
14	15	40
14	16	5968
14	17	-5816
14	18	40
14	19	-2240
14	20	-11440
14	21	-1936
14	22	11056
14	23	112
14	24	2776
14	25	-2848
14	26	-5128
14	27	3304
14	28	2696
14	29	5432
14	30	800
14	31	-3080
14	32	40
14	33	800
14	34	9160
14	35	-5816
14	36	3152
14	37	2392
15	16	-5512
15	17	5360
15	18	416
15	19	2696
15	20	-568
15	21	-3384
15	22	40
15	23	-568
15	24	3456
15	25	-2472
15	26	-192
15	27	2016
15	28	-8928
15	29	-5888
15	30	-6120
15	31	-3152
15	32	416
15	33	-6120
15	34	2848
15	35	5360
15	36	-3608
15	37	2928
16	17	-6040
16	18	264
16	19	-3232
16	20	-6192
16	21	-3536
16	22	5968
16	23	-416
16	24	3304
16	25	-2624
16	26	-6120
16	27	2168
16	28	2776
16	29	5816
16	30	-496
16	31	2776
16	32	264
16	33	-496
16	34	2696
16	35	-6040
16	36	2320
16	37	3080
17	18	5360
17	19	8856
17	20	6344
17	21	3384
17	22	-5816
17	23	6344
17	24	-3456
17	25	-3304
17	26	192
17	27	3760
17	28	-8400
17	29	-5664
17	30	344
17	31	3152
17	32	-416
17	33	344
17	34	-2848
17	35	11968
17	36	-2168
17	37	-2928
18	19	2696
18	20	-568
18	21	2392
18	22	40
18	23	-568
18	24	-2320
18	25	-2472
18	26	-192
18	27	2016
18	28	-3152
18	29	-112
18	30	-344
18	31	8400
18	32	416
18	33	-344
18	34	-2928
18	35	5360
18	36	-3608
18	37	2928
19	20	2928
19	21	4672
19	22	-2240
19	23	8704
19	24	-40
19	25	-192
19	26	-3688
19	27	5512
19	28	-5432
19	29	-2392
19	30	1936
19	31	344
19	32	2696
19	33	1936
19	34	-648
19	35	8856
19	36	-112
19	37	-5128
20	21	3232
20	22	-11440
20	23	720
20	24	-3608
20	25	2320
20	26	5816
20	27	-1864
20	28	-2472
20	29	-5512
20	30	192
20	31	3304
20	32	-568
20	33	192
20	34	-8776
20	35	6344
20	36	-2016
20	37	-2776
21	22	-1936
21	23	3232
21	24	-6120
21	25	-496
21	26	1784
21	27	5816
21	28	648
21	29	3688
21	30	7408
21	31	648
21	32	-3384
21	33	7408
21	34	-952
21	35	3384
21	36	5968
21	37	-4824
22	23	112
22	24	2776
22	25	-2848
22	26	-5128
22	27	3304
22	28	2696
22	29	5432
22	30	800
22	31	-3080
22	32	40
22	33	800
22	34	9160
22	35	-5816
22	36	3152
22	37	2392
23	24	-3608
23	25	-3456
23	26	-5736
23	27	3912
23	28	-2472
23	29	264
23	30	5968
23	31	-2472
23	32	-568
23	33	5968
23	34	2776
23	35	6344
23	36	3760
23	37	-8552
24	25	6344
24	26	-2928
24	27	-1024
24	28	-416
24	29	-3152
24	30	-8856
24	31	-416
24	32	9232
24	33	-8856
24	34	112
24	35	-3456
24	36	-6648
24	37	5664
25	26	2696
25	27	-6648
25	28	5512
25	29	-3000
25	30	-3232
25	31	-264
25	32	9080
25	33	-3232
25	34	-5816
25	35	-3304
25	36	-6496
25	37	40
26	27	-3152
26	28	3232
26	29	-5280
26	30	-952
26	31	3232
26	32	-192
26	33	-952
26	34	-3536
26	35	192
26	36	-3000
26	37	3536
27	28	-5056
27	29	3456
27	30	2776
27	31	720
27	32	-3760
27	33	2776
27	34	5360
27	35	3760
27	36	6952
27	37	416
28	29	2848
28	30	3384
28	31	112
28	32	2624
28	33	3384
28	34	192
28	35	-8400
28	36	568
28	37	-192
29	30	6424
29	31	-2928
29	32	-5888
29	33	6424
29	34	3232
29	35	-5664
29	36	9080
29	37	-3232
30	31	-2392
30	32	-6120
30	33	10448
30	34	2088
30	35	344
30	36	8704
30	37	-7864
31	32	2624
31	33	-2392
31	34	-5584
31	35	3152
31	36	-5208
31	37	5584
32	33	-6120
32	34	-2928
32	35	-416
32	36	-9384
32	37	2928
33	34	2088
33	35	344
33	36	8704
33	37	-7864
34	35	-2848
34	36	5512
34	37	496
35	36	-2168
35	37	-2928
36	37	-5512
