0	1	-1652
0	2	1044
0	3	892
0	4	-3476
0	5	-2756
0	6	892
0	7	892
0	8	-588
0	9	-1388
0	10	-1844
0	11	-3820
0	12	3516
0	13	4884
0	14	3324
0	15	1196
0	16	-3172
0	17	172
0	18	4580
0	19	-1652
0	20	5908
0	21	-6972
0	22	3780
0	23	-9100
0	24	-6404
0	25	-1388
0	26	-3668
0	27	7772
0	28	1084
0	29	4276
0	30	2604
0	31	-588
0	32	6364
0	33	132
0	34	-3020
0	35	6668
0	36	-5036
0	37	-3780
1	2	1044
1	3	892
1	4	-3476
1	5	3020
1	6	-4884
1	7	-4884
1	8	-588
1	9	-1388
1	10	-1844
1	11	1956
1	12	3516
1	13	-892
1	14	3324
1	15	1196
1	16	-3172
1	17	-5604
1	18	-1196
1	19	-1652
1	20	132
1	21	4580
1	22	3780
1	23	2452
1	24	-628
1	25	-1388
1	26	-3668
1	27	-3780
1	28	-4692
1	29	-1500
1	30	-3172
1	31	-588
1	32	588
1	33	132
1	34	2756
1	35	892
1	36	740
1	37	7772
2	3	-284
2	4	2868
2	5	-2412
2	6	-6060
2	7	-284
2	8	5756
2	9	1996
2	10	-9100
2	11	4428
2	12	1652
2	13	284
2	14	3060
2	15	-588
2	16	-8988
2	17	-780
2	18	-5188
2	19	-4732
2	20	-5300
2	21	588
2	22	2604
2	23	-3060
2	24	1236
2	25	1996
2	26	4276
2	27	3172
2	28	-1692
2	29	6668
2	30	8340
2	31	5756
2	32	20
2	33	-5300
2	34	2412
2	35	5492
2	36	5644
2	37	-2604
3	4	-3060
3	5	-2260
3	6	-132
3	7	-132
3	8	5604
3	9	2148
3	10	2604
3	11	-1196
3	12	1500
3	13	132
3	14	3212
3	15	-6212
3	16	2412
3	17	4844
3	18	6212
3	19	892
3	20	6404
3	21	436
3	22	-3020
3	23	-3212
3	24	1388
3	25	2148
3	26	-1348
3	27	3020
3	28	-1844
3	29	740
3	30	-3364
3	31	5604
3	32	5948
3	33	-5148
3	34	-3516
3	35	-132
3	36	20
3	37	-2756
4	5	-6708
4	6	2716
4	7	2716
4	8	3364
4	9	6212
4	10	-20
4	11	3780
4	12	1692
4	13	-8492
4	14	-6404
4	15	-2756
4	16	780
4	17	4124
4	18	-8796
4	19	-3476
4	20	-9596
4	21	-3020
4	22	-172
4	23	628
4	24	1196
4	25	6212
4	26	3932
4	27	172
4	28	-740
4	29	2452
4	30	780
4	31	3364
4	32	-3364
4	33	1956
4	34	932
4	35	-3060
4	36	2564
4	37	172
5	6	-2260
5	7	-2260
5	8	-3820
5	9	-5756
5	10	476
5	11	-3324
5	12	-2148
5	13	2260
5	14	1084
5	15	3212
5	16	-1236
5	17	-10356
5	18	2564
5	19	8796
5	20	4276
5	21	8340
5	22	-5148
5	23	4692
5	24	-740
5	25	-5756
5	26	-3476
5	27	-6404
5	28	6060
5	29	-2908
5	30	-1236
5	31	-3820
5	32	-1956
5	33	4276
5	34	-1388
5	35	-2260
5	36	3668
5	37	-628
6	7	-132
6	8	-5948
6	9	-3628
6	10	8380
6	11	-6972
6	12	1500
6	13	132
6	14	-2564
6	15	-6212
6	16	8188
6	17	4844
6	18	436
6	19	892
6	20	628
6	21	-5340
6	22	-3020
6	23	-3212
6	24	-4388
6	25	-3628
6	26	-1348
6	27	3020
6	28	3932
6	29	-5036
6	30	-3364
6	31	-5948
6	32	172
6	33	628
6	34	-9292
6	35	-132
6	36	20
6	37	-2756
7	8	-172
7	9	2148
7	10	-3172
7	11	-1196
7	12	1500
7	13	132
7	14	3212
7	15	-436
7	16	-3364
7	17	4844
7	18	436
7	19	892
7	20	628
7	21	436
7	22	2756
7	23	2564
7	24	1388
7	25	2148
7	26	4428
7	27	-2756
7	28	3932
7	29	6516
7	30	-3364
7	31	-172
7	32	-5604
7	33	628
7	34	2260
7	35	-5908
7	36	20
7	37	-2756
8	9	9100
8	10	-2908
8	11	6668
8	12	-1196
8	13	-5604
8	14	-3516
8	15	132
8	16	-2108
8	17	1236
8	18	-132
8	19	-588
8	20	-932
8	21	-132
8	22	-3060
8	23	-2260
8	24	4084
8	25	9100
8	26	1044
8	27	3060
8	28	-3628
8	29	5340
8	30	3668
8	31	12028
8	32	5300
8	33	-932
8	34	3820
8	35	-172
8	36	-324
8	37	-2716
9	10	-892
9	11	6860
9	12	-780
9	13	-7924
9	14	-6060
9	15	1844
9	16	132
9	17	2564
9	18	-1844
9	19	-1388
9	20	-2868
9	21	-1844
9	22	-740
9	23	284
9	24	3668
9	25	10204
9	26	932
9	27	740
9	28	-4124
9	29	4236
9	30	132
9	31	9100
9	32	2452
9	33	2908
9	34	5756
9	35	-3628
9	36	-3476
9	37	740
10	11	-4236
10	12	-1236
10	13	-2604
10	14	-5604
10	15	-3476
10	16	11228
10	17	2108
10	18	3476
10	19	3932
10	20	3364
10	21	-2300
10	22	-6060
10	23	-172
10	24	-1652
10	25	-892
10	26	-4388
10	27	284
10	28	1196
10	29	-7772
10	30	-6100
10	31	-2908
10	32	2908
10	33	3364
10	34	-6252
10	35	-3172
10	36	-3020
10	37	284
11	12	-3212
11	13	-4580
11	14	-3628
11	15	4276
11	16	-2300
11	17	132
11	18	-4276
11	19	-3820
11	20	-6212
11	21	1500
11	22	1692
11	23	3628
11	24	6100
11	25	6860
11	26	3364
11	27	-1692
11	28	-6556
11	29	1804
11	30	3476
11	31	6668
11	32	-892
11	33	-436
11	34	9100
11	35	-1196
11	36	-1044
11	37	4084
12	13	-1500
12	14	3932
12	15	-3972
12	16	-3780
12	17	-436
12	18	-1804
12	19	-2260
12	20	740
12	21	-1804
12	22	4388
12	23	-3932
12	24	-5796
12	25	-780
12	26	-3060
12	27	1388
12	28	476
12	29	3668
12	30	-3780
12	31	-1196
12	32	1196
12	33	740
12	34	-3628
12	35	1500
12	36	1348
12	37	1388
13	14	8340
13	15	436
13	16	-2412
13	17	932
13	18	5340
13	19	-892
13	20	5148
13	21	-436
13	22	3020
13	23	-2564
13	24	-1388
13	25	-7924
13	26	1348
13	27	2756
13	28	1844
13	29	-740
13	30	3364
13	31	-5604
13	32	-172
13	33	-6404
13	34	-2260
13	35	5908
13	36	-20
13	37	-3020
14	15	-2868
14	16	-6708
14	17	1500
14	18	2868
14	19	-2452
14	20	3972
14	21	2868
14	22	6100
14	23	-780
14	24	-1044
14	25	-6060
14	26	1996
14	27	-324
14	28	588
14	29	3172
14	30	-932
14	31	-3516
14	32	-2260
14	33	-7580
14	34	-1084
14	35	3212
14	36	3364
14	37	-324
15	16	-3060
15	17	-6404
15	18	740
15	19	1196
15	20	324
15	21	740
15	22	2452
15	23	2868
15	24	1084
15	25	1844
15	26	-1652
15	27	-2452
15	28	-1540
15	29	1044
15	30	2716
15	31	132
15	32	-132
15	33	6100
15	34	8340
15	35	-436
15	36	-6060
15	37	3324
16	17	4428
16	18	3060
16	19	2604
16	20	1652
16	21	-2716
16	22	-6252
16	23	932
16	24	892
16	25	132
16	26	-2148
16	27	476
16	28	-436
16	29	-8796
16	30	-4692
16	31	-2108
16	32	2108
16	33	1652
16	34	-4540
16	35	-3364
16	36	-3516
16	37	476
17	18	628
17	19	-5604
17	20	-1692
17	21	-5148
17	22	1956
17	23	-1500
17	24	3324
17	25	2564
17	26	6060
17	27	3820
17	28	-2868
17	29	324
17	30	-1348
17	31	1236
17	32	-1236
17	33	-7468
17	34	-1196
17	35	-932
17	36	-1084
17	37	-1956
18	19	4580
18	20	11228
18	21	-740
18	22	-2452
18	23	-2868
18	24	-1084
18	25	-1844
18	26	-4124
18	27	2452
18	28	1540
18	29	-1044
18	30	-2716
18	31	-132
18	32	5908
18	33	-324
18	34	-2564
18	35	436
18	36	-5492
18	37	-3324
19	20	5908
19	21	4580
19	22	-7772
19	23	2452
19	24	-628
19	25	-1388
19	26	-3668
19	27	-3780
19	28	6860
19	29	-1500
19	30	-3172
19	31	-588
19	32	588
19	33	5908
19	34	-3020
19	35	-4884
19	36	740
19	37	-3780
20	21	-324
20	22	-2260
20	23	-3972
20	24	-3628
20	25	-2868
20	26	-6364
20	27	2260
20	28	3172
20	29	-20
20	30	-4124
20	31	-932
20	32	6708
20	33	1388
20	34	-4276
20	35	628
20	36	-4996
20	37	-3516
21	22	-2452
21	23	8684
21	24	4692
21	25	-1844
21	26	1652
21	27	-9100
21	28	1540
21	29	-1044
21	30	-2716
21	31	-132
21	32	-5644
21	33	-324
21	34	3212
21	35	-5340
21	36	6060
21	37	2452
22	23	-324
22	24	-1500
22	25	-740
22	26	1540
22	27	132
22	28	-4732
22	29	3628
22	30	-476
22	31	-3060
22	32	-2716
22	33	-2260
22	34	5148
22	35	2756
22	36	-2868
22	37	5908
23	24	6820
23	25	284
23	26	3780
23	27	-11228
23	28	-588
23	29	-3172
23	30	-4844
23	31	-2260
23	32	-9292
23	33	1804
23	34	6860
23	35	-8988
23	36	2412
23	37	6100
24	25	3668
24	26	5948
24	27	-4276
24	28	-3364
24	29	-780
24	30	892
24	31	4084
24	32	-4084
24	33	-3628
24	34	6516
24	35	-4388
24	36	1540
24	37	1500
25	26	932
25	27	740
25	28	-4124
25	29	4236
25	30	132
25	31	9100
25	32	2452
25	33	2908
25	34	5756
25	35	-3628
25	36	-3476
25	37	740
26	27	-1540
26	28	-628
26	29	1956
26	30	3628
26	31	1044
26	32	-6820
26	33	-6364
26	34	3476
26	35	-1348
26	36	4580
26	37	-1540
27	28	-1044
27	29	2148
27	30	6252
27	31	3060
27	32	8492
27	33	-3516
27	34	-5148
27	35	8796
27	36	-2908
27	37	-5908
28	29	1236
28	30	-436
28	31	-3628
28	32	-2148
28	33	3172
28	34	-6060
28	35	-1844
28	36	3780
28	37	-6820
29	30	2756
29	31	5340
29	32	436
29	33	-20
29	34	2908
29	35	740
29	36	588
29	37	-3628
30	31	3668
30	32	2108
30	33	-4124
30	34	1236
30	35	8188
30	36	2260
30	37	-5300
31	32	5300
31	33	-932
31	34	3820
31	35	-172
31	36	-324
31	37	-2716
32	33	932
32	34	-3820
32	35	5948
32	36	-5452
32	37	-3060
33	34	1500
33	35	-5148
33	36	-4996
33	37	2260
34	35	-3516
34	36	-3668
34	37	6404
35	36	20
35	37	-2756
36	37	-2908
