0	1	-7664
0	2	240
0	3	-6168
0	4	-4624
0	5	3104
0	6	6624
0	7	4168
0	8	-2496
0	9	2648
0	10	4168
0	11	88
0	12	-7664
0	13	6168
0	14	-1888
0	15	-1128
0	16	2040
0	17	-8752
0	18	64
0	19	-88
0	20	-1888
0	21	-544
0	22	6016
0	23	-1128
0	24	2040
0	25	5560
0	26	2344
0	27	544
0	28	-544
0	29	6168
0	30	-4192
0	31	3432
0	32	1456
0	33	-88
0	34	1456
0	35	1304
0	36	1608
0	37	-1736
1	2	-2824
1	3	2976
1	4	2040
1	5	-520
1	6	-9208
1	7	-1584
1	8	-88
1	9	-5840
1	10	-1584
1	11	-2672
1	12	10856
1	13	-8752
1	14	5080
1	15	-1456
1	16	-5232
1	17	5560
1	18	2520
1	19	-3104
1	20	-696
1	21	3128
1	22	-2824
1	23	-1456
1	24	544
1	25	-2368
1	26	240
1	27	-3128
1	28	-2648
1	29	-8752
1	30	1000
1	31	-240
1	32	1736
1	33	-3104
1	34	1736
1	35	-3888
1	36	-4192
1	37	4928
2	3	5104
2	4	-88
2	5	-4168
2	6	5992
2	7	544
2	8	9336
2	9	-3712
2	10	544
2	11	976
2	12	-2824
2	13	672
2	14	-2824
2	15	-3584
2	16	2672
2	17	1912
2	18	-6904
2	19	-6752
2	20	2952
2	21	-520
2	22	-4952
2	23	-3584
2	24	2672
2	25	1280
2	26	2368
2	27	6296
2	28	5256
2	29	672
2	30	3128
2	31	3408
2	32	-6168
2	33	4800
2	34	-6168
2	35	-240
2	36	-544
2	37	-2976
3	4	240
3	5	-1760
3	6	-64
3	7	-696
3	8	8144
3	9	-2216
3	10	-6472
3	11	-824
3	12	2976
3	13	-520
3	14	2976
3	15	-2040
3	16	2952
3	17	3712
3	18	976
3	19	824
3	20	2976
3	21	6144
3	22	-6448
3	23	-2040
3	24	2952
3	25	-1128
3	26	-2520
3	27	5408
3	28	368
3	29	-520
3	30	2496
3	31	2520
3	32	-5232
3	33	6600
3	34	544
3	35	6168
3	36	696
3	37	-2648
4	5	-3256
4	6	-696
4	7	1456
4	8	2648
4	9	-2800
4	10	1456
4	11	64
4	12	2040
4	13	-6016
4	14	-3736
4	15	1280
4	16	-7968
4	17	8600
4	18	-216
4	19	-64
4	20	7816
4	21	392
4	22	-5864
4	23	1280
4	24	3584
4	25	-5408
4	26	-2496
4	27	5384
4	28	6168
4	29	-6016
4	30	4040
4	31	-3280
4	32	-1304
4	33	-5840
4	34	-1304
4	35	-1152
4	36	-1456
4	37	1888
5	6	2216
5	7	-2976
5	8	-6904
5	9	7056
5	10	-2976
5	11	-4320
5	12	-520
5	13	1760
5	14	-520
5	15	6016
5	16	672
5	17	-4344
5	18	4472
5	19	4320
5	20	-520
5	21	3864
5	22	1608
5	23	6016
5	24	672
5	25	-4624
5	26	976
5	27	-3864
5	28	-1912
5	29	1760
5	30	-11336
5	31	-976
5	32	8600
5	33	4320
5	34	8600
5	35	2672
5	36	8752
5	37	-368
6	7	1152
6	8	2952
6	9	2672
6	10	1152
6	11	368
6	12	-9208
6	13	5840
6	14	-3432
6	15	1584
6	16	3280
6	17	-3256
6	18	-520
6	19	-368
6	20	2344
6	21	88
6	22	216
6	23	1584
6	24	3280
6	25	672
6	26	2976
6	27	5688
6	28	5864
6	29	5840
6	30	-2040
6	31	2800
6	32	-1000
6	33	5408
6	34	-1000
6	35	4928
6	36	4624
6	37	-3584
7	8	3584
7	9	-3432
7	10	3864
7	11	392
7	12	-1584
7	13	696
7	14	-1584
7	15	-6600
7	16	-4040
7	17	-3280
7	18	-240
7	19	-392
7	20	4192
7	21	4928
7	22	544
7	23	-6600
7	24	7512
7	25	5864
7	26	-3736
7	27	6624
7	28	-848
7	29	696
7	30	1280
7	31	3736
7	32	-4016
7	33	-6168
7	34	1760
7	35	1608
7	36	-3864
7	37	-1432
8	9	-6448
8	10	-2192
8	11	-2064
8	12	-88
8	13	-2368
8	14	-88
8	15	-6624
8	16	-64
8	17	4952
8	18	-3864
8	19	-3712
8	20	5688
8	21	2520
8	22	-7992
8	23	-6624
8	24	5712
8	25	4016
8	26	-368
8	27	9032
8	28	2520
8	29	-2368
8	30	6168
8	31	6144
8	32	-9208
8	33	2064
8	34	-3432
8	35	2496
8	36	-3584
8	37	-240
9	10	-3432
9	11	1912
9	12	-5840
9	13	7992
9	14	-5840
9	15	6472
9	16	5992
9	17	-4800
9	18	-1760
9	19	9640
9	20	-64
9	21	-2368
9	22	2064
9	23	6472
9	24	-5560
9	25	-4168
9	26	-5256
9	27	-3408
9	28	-2368
9	29	7992
9	30	-6016
9	31	-6296
9	32	3280
9	33	3864
9	34	3280
9	35	3128
9	36	9208
9	37	-5688
10	11	6168
10	12	-1584
10	13	696
10	14	-1584
10	15	-824
10	16	-4040
10	17	-3280
10	18	-240
10	19	-6168
10	20	-1584
10	21	-848
10	22	6320
10	23	-824
10	24	1736
10	25	88
10	26	2040
10	27	848
10	28	4928
10	29	696
10	30	1280
10	31	-2040
10	32	1760
10	33	-6168
10	34	-4016
10	35	-4168
10	36	-3864
10	37	-1432
11	12	-2672
11	13	6600
11	14	-2672
11	15	2344
11	16	2520
11	17	-4016
11	18	-1280
11	19	-1128
11	20	-2672
11	21	-672
11	22	6752
11	23	2344
11	24	-3256
11	25	-4344
11	26	-3560
11	27	672
11	28	5104
11	29	6600
11	30	2976
11	31	-7992
11	32	-240
11	33	-1128
11	34	-6016
11	35	-88
11	36	-392
11	37	-8600
12	13	-8752
12	14	5080
12	15	-1456
12	16	-5232
12	17	5560
12	18	2520
12	19	-3104
12	20	-696
12	21	3128
12	22	-2824
12	23	-1456
12	24	544
12	25	-2368
12	26	240
12	27	-3128
12	28	-2648
12	29	-8752
12	30	1000
12	31	-240
12	32	1736
12	33	-3104
12	34	1736
12	35	-3888
12	36	-4192
12	37	4928
13	14	-2976
13	15	2040
13	16	8600
13	17	-9488
13	18	-976
13	19	4952
13	20	-2976
13	21	-368
13	22	6448
13	23	2040
13	24	-2952
13	25	1128
13	26	-3256
13	27	368
13	28	-368
13	29	12072
13	30	-2496
13	31	-2520
13	32	-544
13	33	4952
13	34	-544
13	35	5384
13	36	5080
13	37	-8904
14	15	-1456
14	16	544
14	17	-216
14	18	8296
14	19	-3104
14	20	-6472
14	21	3128
14	22	2952
14	23	-1456
14	24	544
14	25	3408
14	26	6016
14	27	-3128
14	28	-2648
14	29	-2976
14	30	1000
14	31	5536
14	32	1736
14	33	2672
14	34	1736
14	35	1888
14	36	-4192
14	37	4928
15	16	1304
15	17	544
15	18	3280
15	19	3432
15	20	-1456
15	21	-1888
15	22	2192
15	23	9336
15	24	-4472
15	25	-8904
15	26	1000
15	27	-3888
15	28	3888
15	29	2040
15	30	-4016
15	31	-6776
15	32	6752
15	33	3432
15	34	976
15	35	1128
15	36	6600
15	37	-1608
16	17	-5408
16	18	-2368
16	19	3256
16	20	-5232
16	21	-2976
16	22	2672
16	23	1304
16	24	-6168
16	25	2216
16	26	-88
16	27	-2800
16	28	-2976
16	29	8600
16	30	-848
16	31	88
16	32	-1888
16	33	9032
16	34	-1888
16	35	3736
16	36	4040
16	37	-5080
17	18	-1608
17	19	-1760
17	20	5560
17	21	-2216
17	22	-9640
17	23	544
17	24	368
17	25	-4320
17	26	672
17	27	2216
17	28	3560
17	29	-9488
17	30	5688
17	31	-672
17	32	-2648
17	33	-1760
17	34	-2648
17	35	-2800
17	36	-2496
17	37	5712
18	19	1280
18	20	-3256
18	21	6600
18	22	4648
18	23	3280
18	24	3408
18	25	-1584
18	26	3712
18	27	-824
18	28	824
18	29	-976
18	30	-2824
18	31	2064
18	32	5864
18	33	1280
18	34	5864
18	35	5712
18	36	240
18	37	2672
19	20	2672
19	21	672
19	22	-976
19	23	3432
19	24	-2520
19	25	-1432
19	26	-7992
19	27	-672
19	28	-5104
19	29	4952
19	30	-2976
19	31	-3560
19	32	240
19	33	1128
19	34	6016
19	35	5864
19	36	6168
19	37	-2952
20	21	3128
20	22	-8600
20	23	-1456
20	24	6320
20	25	-2368
20	26	-5536
20	27	8424
20	28	3128
20	29	-2976
20	30	1000
20	31	-240
20	32	-4040
20	33	-3104
20	34	1736
20	35	1888
20	36	1584
20	37	-848
21	22	-520
21	23	-1888
21	24	8576
21	25	-976
21	26	-2672
21	27	5560
21	28	216
21	29	-368
21	30	-3432
21	31	2672
21	32	696
21	33	672
21	34	6472
21	35	6320
21	36	848
21	37	-2496
22	23	2192
22	24	-3104
22	25	1280
22	26	2368
22	27	-5256
22	28	-520
22	29	6448
22	30	-2648
22	31	-2368
22	32	5384
22	33	-976
22	34	-392
22	35	-240
22	36	-544
22	37	-2976
23	24	-4472
23	25	-8904
23	26	1000
23	27	-3888
23	28	3888
23	29	2040
23	30	-4016
23	31	-6776
23	32	6752
23	33	3432
23	34	976
23	35	1128
23	36	6600
23	37	-1608
24	25	2216
24	26	-88
24	27	8752
24	28	2800
24	29	-2952
24	30	-848
24	31	5864
24	32	-1888
24	33	-2520
24	34	3888
24	35	3736
24	36	-1736
24	37	696
25	26	1912
25	27	976
25	28	-6752
25	29	1128
25	30	2672
25	31	9640
25	32	-5712
25	33	-1432
25	34	64
25	35	216
25	36	-5864
25	37	3256
26	27	-3104
26	28	3104
26	29	-3256
26	30	-544
26	31	5560
26	32	3584
26	33	3560
26	34	-2192
26	35	-2344
26	36	-2040
26	37	6168
27	28	5560
27	29	368
27	30	3432
27	31	3104
27	32	-6472
27	33	-672
27	34	-696
27	35	5232
27	36	-848
27	37	-3280
28	29	-368
28	30	2344
28	31	-3104
28	32	696
28	33	672
28	34	-5080
28	35	544
28	36	848
28	37	-2496
29	30	-2496
29	31	-2520
29	32	-544
29	33	4952
29	34	-544
29	35	5384
29	36	5080
29	37	-8904
30	31	544
30	32	-7208
30	33	-2976
30	34	-7208
30	35	-1584
30	36	-7056
30	37	1152
31	32	-3584
31	33	2216
31	34	2192
31	35	2344
31	36	-3736
31	37	5384
32	33	240
32	34	4168
32	35	-1456
32	36	4016
32	37	1584
33	34	240
33	35	5864
33	36	6168
33	37	-2952
34	35	4320
34	36	4016
34	37	1584
35	36	4168
35	37	-4040
36	37	-4344
