0	1	3924
0	2	1364
0	3	-2220
0	4	5972
0	5	212
0	6	4780
0	7	-172
0	8	-300
0	9	1620
0	10	300
0	11	-428
0	12	-3412
0	13	-556
0	14	2260
0	15	-212
0	16	-1748
0	17	-172
0	18	940
0	19	300
0	20	-4436
0	21	-1068
0	22	84
0	23	-1748
0	24	-1068
0	25	44
0	26	-3796
0	27	4396
0	28	-2604
0	29	2220
0	30	-84
0	31	2348
1	2	44
1	3	-468
1	4	3628
1	5	1196
1	6	2004
1	7	-2516
1	8	-2388
1	9	-212
1	10	2388
1	11	1836
1	12	-2092
1	13	-2132
1	14	-852
1	15	-1196
1	16	-3756
1	17	1580
1	18	1748
1	19	2388
1	20	-1068
1	21	2476
1	22	-2772
1	23	-3756
1	24	2476
1	25	-1452
1	26	-1708
1	27	2388
1	28	-84
1	29	468
1	30	2772
1	31	4436
2	3	2092
2	4	2092
2	5	-340
2	6	-556
2	7	44
2	8	172
2	9	2348
2	10	3924
2	11	300
2	12	-556
2	13	428
2	14	-2388
2	15	340
2	16	-2220
2	17	-4052
2	18	-812
2	19	3924
2	20	468
2	21	940
2	22	-212
2	23	1876
2	24	940
2	25	84
2	26	-172
2	27	-172
2	28	-1620
2	29	2004
2	30	212
2	31	-2220
3	4	-2516
3	5	3244
3	6	-4140
3	7	-468
3	8	-340
3	9	-2260
3	10	4436
3	11	-212
3	12	4052
3	13	-84
3	14	-2900
3	15	-3244
3	16	-1708
3	17	-468
3	18	3796
3	19	4436
3	20	980
3	21	428
3	22	-724
3	23	2388
3	24	428
3	25	-3500
3	26	4436
3	27	-3756
3	28	1964
3	29	-1580
3	30	724
3	31	-1708
4	5	-852
4	6	4052
4	7	-468
4	8	-340
4	9	1836
4	10	340
4	11	-212
4	12	-4140
4	13	-84
4	14	1196
4	15	852
4	16	-1708
4	17	-468
4	18	-300
4	19	340
4	20	-3116
4	21	428
4	22	-724
4	23	-1708
4	24	428
4	25	596
4	26	-3756
4	27	4436
4	28	-2132
4	29	2516
4	30	724
4	31	2388
5	6	-1708
5	7	-2900
5	8	1324
5	9	-596
5	10	2772
5	11	1452
5	12	2388
5	13	-2516
5	14	-1236
5	15	-4908
5	16	-3372
5	17	1196
5	18	2132
5	19	2772
5	20	-684
5	21	-2004
5	22	940
5	23	724
5	24	-2004
5	25	-1068
5	26	2772
5	27	-1324
5	28	-468
5	29	852
5	30	-940
5	31	724
6	7	2004
6	8	-2220
6	9	3796
6	10	-1876
6	11	1748
6	12	-1492
6	13	-2476
6	14	4436
6	15	1708
6	16	172
6	17	-2092
6	18	-1236
6	19	-1876
6	20	-2516
6	21	-2988
6	22	2260
6	23	-3924
6	24	-2988
6	25	1964
6	26	-5972
6	27	2220
6	28	-4524
6	29	44
6	30	-2260
6	31	172
7	8	-2388
7	9	-212
7	10	-1708
7	11	-2260
7	12	2004
7	13	1964
7	14	3244
7	15	2900
7	16	4436
7	17	-2516
7	18	1748
7	19	-1708
7	20	-1068
7	21	-1620
7	22	1324
7	23	340
7	24	-1620
7	25	-1452
7	26	-1708
7	27	-1708
7	28	-84
7	29	-3628
7	30	-1324
7	31	-3756
8	9	-84
8	10	-1836
8	11	-2132
8	12	-2220
8	13	2092
8	14	-724
8	15	-1324
8	16	212
8	17	1708
8	18	-2476
8	19	-1836
8	20	-1196
8	21	-1492
8	22	1452
8	23	4308
8	24	-1492
8	25	2516
8	26	2260
8	27	2260
8	28	44
8	29	4436
8	30	-1452
8	31	212
9	10	84
9	11	4140
9	12	-300
9	13	-3924
9	14	1452
9	15	596
9	16	-1964
9	17	-4308
9	18	-4652
9	19	84
9	20	724
9	21	-3412
9	22	3628
9	23	-1964
9	24	-3412
9	25	4436
9	26	-4012
9	27	84
9	28	-5972
9	29	2260
9	30	-3628
9	31	-1964
10	11	2132
10	12	2220
10	13	-2092
10	14	-3372
10	15	-2772
10	16	-4308
10	17	-1708
10	18	2476
10	19	5932
10	20	1196
10	21	1492
10	22	-1452
10	23	-212
10	24	1492
10	25	-2516
10	26	1836
10	27	-2260
10	28	-44
10	29	-340
10	30	1452
10	31	-212
11	12	1748
11	13	-5972
11	14	-596
11	15	-1452
11	16	-4012
11	17	-2260
11	18	-2604
11	19	2132
11	20	2772
11	21	-1364
11	22	1580
11	23	-4012
11	24	-1364
11	25	2388
11	26	-1964
11	27	-1964
11	28	-3924
11	29	212
11	30	-1580
11	31	84
12	13	-2476
12	14	340
12	15	-2388
12	16	172
12	17	-2092
12	18	2860
12	19	2220
12	20	1580
12	21	-2988
12	22	2260
12	23	172
12	24	-2988
12	25	-2132
12	26	2220
12	27	-5972
12	28	-428
12	29	-4052
12	30	-2260
12	31	-3924
13	14	-468
13	15	2516
13	16	4052
13	17	1964
13	18	1364
13	19	-2092
13	20	-1452
13	21	2860
13	22	-2388
13	23	4052
13	24	2860
13	25	-1836
13	26	2004
13	27	2004
13	28	4396
13	29	84
13	30	2388
13	31	-44
14	15	1236
14	16	2772
14	17	-852
14	18	84
14	19	-3372
14	20	-2732
14	21	-4052
14	22	2988
14	23	-1324
14	24	-4052
14	25	980
14	26	-3372
14	27	724
14	28	-2516
14	29	-1196
14	30	-2988
14	31	-1324
15	16	3372
15	17	-1196
15	18	-2132
15	19	-2772
15	20	684
15	21	2004
15	22	-940
15	23	-724
15	24	2004
15	25	1068
15	26	-2772
15	27	1324
15	28	468
15	29	-852
15	30	940
15	31	-724
16	17	340
16	18	428
16	19	-4308
16	20	-852
16	21	-556
16	22	596
16	23	1836
16	24	-556
16	25	-468
16	26	-212
16	27	-212
16	28	2004
16	29	-2388
16	30	-596
16	31	-2260
17	18	1748
17	19	-1708
17	20	-1068
17	21	2476
17	22	-2772
17	23	340
17	24	2476
17	25	-1452
17	26	2388
17	27	2388
17	28	4012
17	29	468
17	30	2772
17	31	4436
18	19	2476
18	20	-2260
18	21	852
18	22	-2092
18	23	428
18	24	852
18	25	-5972
18	26	2476
18	27	-1620
18	28	3412
18	29	-3796
18	30	2092
18	31	428
19	20	1196
19	21	1492
19	22	-1452
19	23	-212
19	24	1492
19	25	-2516
19	26	1836
19	27	-2260
19	28	-44
19	29	-340
19	30	1452
19	31	-212
20	21	2132
20	22	-812
20	23	-852
20	24	2132
20	25	940
20	26	1196
20	27	-2900
20	28	596
20	29	-980
20	30	812
20	31	-852
21	22	-5972
21	23	-556
21	24	7468
21	25	-2348
21	26	1492
21	27	1492
21	28	4908
21	29	-428
21	30	5972
21	31	3540
22	23	596
22	24	-5972
22	25	2900
22	26	-1452
22	27	-1452
22	28	-4436
22	29	724
22	30	-5164
22	31	-3500
23	24	-556
23	25	-468
23	26	3884
23	27	-212
23	28	2004
23	29	1708
23	30	-596
23	31	-2260
24	25	-2348
24	26	1492
24	27	1492
24	28	4908
24	29	-428
24	30	5972
24	31	3540
25	26	-2516
25	27	1580
25	28	-3884
25	29	3500
25	30	-2900
25	31	-468
26	27	-2260
26	28	4052
26	29	-340
26	30	1452
26	31	-212
27	28	-44
27	29	3756
27	30	1452
27	31	3884
28	29	-1964
28	30	4436
28	31	2004
29	30	-724
29	31	1708
30	31	3500
