0	1	-1120
0	2	-328
0	3	608
0	4	-328
0	5	1544
0	6	-680
0	7	1120
0	8	-976
0	9	-104
0	10	1976
0	11	-544
0	12	-32
0	13	544
0	14	544
0	15	-904
0	16	-112
0	17	-400
1	2	-832
1	3	-1192
1	4	-832
1	5	-1552
1	6	-176
1	7	-2264
1	8	-184
1	9	-896
1	10	-1120
1	11	1544
1	12	472
1	13	-248
1	14	-1544
1	15	-112
1	16	-616
1	17	-904
2	3	896
2	4	1256
2	5	536
2	6	1624
2	7	832
2	8	-688
2	9	904
2	10	-328
2	11	-256
2	12	976
2	13	1552
2	14	256
2	15	1976
2	16	176
2	17	1184
3	4	-400
3	5	176
3	6	688
3	7	1192
3	8	-1048
3	9	-32
3	10	608
3	11	-616
3	12	40
3	13	616
3	14	616
3	15	320
3	16	1112
3	17	824
4	5	536
4	6	328
4	7	832
4	8	608
4	9	2200
4	10	-328
4	11	-256
4	12	-320
4	13	256
4	14	256
4	15	680
4	16	176
4	17	-112
5	6	-248
5	7	1552
5	8	-112
5	9	328
5	10	1544
5	11	-976
5	12	400
5	13	976
5	14	976
5	15	-40
5	16	-544
5	17	464
6	7	176
6	8	-320
6	9	104
6	10	-680
6	11	544
6	12	1328
6	13	752
6	14	-544
6	15	904
6	16	112
6	17	1696
7	8	184
7	9	896
7	10	1120
7	11	-1544
7	12	-472
7	13	248
7	14	1544
7	15	112
7	16	616
7	17	904
8	9	256
8	10	-976
8	11	-904
8	12	-968
8	13	-1688
8	14	904
8	15	32
8	16	-472
8	17	536
9	10	-104
9	11	-176
9	12	-544
9	13	176
9	14	176
9	15	184
9	16	688
9	17	-320
10	11	-544
10	12	-32
10	13	544
10	14	544
10	15	-904
10	16	-112
10	17	-400
11	12	1192
11	13	472
11	14	-2120
11	15	-832
11	16	-40
11	17	-328
12	13	1400
12	14	-1192
12	15	256
12	16	-536
12	17	1048
13	14	-472
13	15	832
13	16	40
13	17	328
14	15	832
14	16	40
14	17	328
15	16	-400
15	17	608
16	17	104
