0	1	-196
0	2	-84
0	3	140
0	4	-84
0	5	140
0	6	-84
0	7	476
0	8	532
0	9	-252
0	10	140
0	11	-196
0	12	-84
0	13	-476
1	2	-364
1	3	-476
1	4	-364
1	5	-476
1	6	420
1	7	-28
1	8	-196
1	9	-84
1	10	308
1	11	-140
1	12	420
1	13	28
2	3	756
2	4	868
2	5	756
2	6	84
2	7	308
2	8	-84
2	9	-420
2	10	-28
2	11	420
2	12	84
2	13	-308
3	4	756
3	5	756
3	6	-28
3	7	420
3	8	140
3	9	-420
3	10	-28
3	11	308
3	12	-28
3	13	-420
4	5	756
4	6	84
4	7	308
4	8	-84
4	9	-420
4	10	-28
4	11	420
4	12	84
4	13	-308
5	6	-28
5	7	420
5	8	140
5	9	-420
5	10	-28
5	11	308
5	12	-28
5	13	-420
6	7	308
6	8	-84
6	9	-420
6	10	756
6	11	-364
6	12	84
6	13	-308
7	8	476
7	9	-756
7	10	420
7	11	-28
7	12	308
7	13	-868
8	9	-252
8	10	140
8	11	-196
8	12	-84
8	13	-476
9	10	-420
9	11	-84
9	12	-420
9	13	756
10	11	-476
10	12	-28
10	13	-420
11	12	420
11	13	28
12	13	-308
