0	1	-80
0	2	-528
0	3	-192
0	4	-248
0	5	-536
0	6	-528
0	7	-360
0	8	-200
0	9	528
0	10	80
0	11	-536
0	12	-200
0	13	536
1	2	-360
1	3	-24
1	4	-80
1	5	80
1	6	-360
1	7	592
1	8	416
1	9	360
1	10	-872
1	11	80
1	12	416
1	13	-80
2	3	312
2	4	256
2	5	528
2	6	760
2	7	144
2	8	80
2	9	-760
2	10	360
2	11	528
2	12	80
2	13	-528
3	4	-192
3	5	192
3	6	312
3	7	480
3	8	528
3	9	-312
3	10	24
3	11	192
3	12	528
3	13	-192
4	5	248
4	6	256
4	7	-360
4	8	-200
4	9	-256
4	10	80
4	11	248
4	12	-200
4	13	-248
5	6	528
5	7	360
5	8	200
5	9	-528
5	10	-80
5	11	536
5	12	200
5	13	-536
6	7	144
6	8	80
6	9	-760
6	10	360
6	11	528
6	12	80
6	13	-528
7	8	696
7	9	-144
7	10	-592
7	11	360
7	12	696
7	13	-360
8	9	-80
8	10	-416
8	11	200
8	12	648
8	13	-200
9	10	-360
9	11	-528
9	12	-80
9	13	528
10	11	-80
10	12	-416
10	13	80
11	12	200
11	13	-536
12	13	-200
