0	1	1152
0	2	1464
0	3	-320
0	4	-304
0	5	-3024
0	6	-824
0	7	-3960
0	8	-2072
0	9	-3632
0	10	944
0	11	1360
0	12	-1552
0	13	944
0	14	1880
0	15	-4272
0	16	5000
0	17	-6232
0	18	112
0	19	-1968
0	20	-2296
0	21	424
0	22	1360
0	23	2280
0	24	-1552
0	25	-1360
1	2	-3960
1	3	112
1	4	3216
1	5	112
1	6	1032
1	7	-1656
1	8	4984
1	9	1136
1	10	1968
1	11	-1152
1	12	-6352
1	13	-3440
1	14	-1672
1	15	1360
1	16	3320
1	17	-1672
1	18	96
1	19	-528
1	20	-3320
1	21	-2920
1	22	1552
1	23	216
1	24	-3648
1	25	1152
2	3	3128
2	4	200
2	5	-4984
2	6	-1984
2	7	-1344
2	8	-3440
2	9	-1880
2	10	-1048
2	11	-1464
2	12	1448
2	13	4360
2	14	3424
2	15	-1032
2	16	-2400
2	17	720
2	18	-2920
2	19	-3544
2	20	2400
2	21	-528
2	22	1240
2	23	528
2	24	1448
2	25	-1240
3	4	-1344
3	5	-4688
3	6	3544
3	7	-216
3	8	-408
3	9	-4672
3	10	5312
3	11	-2384
3	12	-2592
3	13	2608
3	14	-1864
3	15	-3232
3	16	-4152
3	17	840
3	18	-928
3	19	-3008
3	20	-3960
3	21	-3320
3	22	3024
3	23	-2088
3	24	112
3	25	-320
4	5	1360
4	6	-2920
4	7	-408
4	8	3736
4	9	5296
4	10	-1984
4	11	304
4	12	-4896
4	13	720
4	14	-216
4	15	5312
4	16	2072
4	17	-216
4	18	-1152
4	19	-1776
4	20	632
4	21	1240
4	22	-2400
4	23	-1240
4	24	-4896
4	25	-304
5	6	840
5	7	2488
5	8	-408
5	9	3440
5	10	-2800
5	11	3024
5	12	2816
5	13	-96
5	14	-1864
5	15	4880
5	16	1256
5	17	840
5	18	-928
5	19	5104
5	20	1448
5	21	2088
5	22	-5088
5	23	-2088
5	24	112
5	25	-3024
6	7	1776
6	8	-1152
6	9	-2296
6	10	3944
6	11	-1880
6	12	1032
6	13	1240
6	14	-5104
6	15	-616
6	16	-2816
6	17	304
6	18	-632
6	19	1448
6	20	-2592
6	21	-3648
6	22	3528
6	23	-1760
6	24	1032
6	25	-824
7	8	528
7	9	1672
7	10	-1864
7	11	-1448
7	12	1048
7	13	840
7	14	-3632
7	15	1240
7	16	-3216
7	17	1776
7	18	2712
7	19	632
7	20	512
7	21	3024
7	22	-1448
7	23	-3024
7	24	1048
7	25	-3960
8	9	4360
8	10	-216
8	11	-632
8	12	-5832
8	13	-2920
8	14	-1152
8	15	3544
8	16	1136
8	17	-1152
8	18	616
8	19	-8
8	20	-1136
8	21	304
8	22	-632
8	23	-3008
8	24	-5832
8	25	3336
9	10	-4064
9	11	928
9	12	-1568
9	13	-1360
9	14	408
9	15	7392
9	16	-8
9	17	408
9	18	-528
9	19	1552
9	20	2712
9	21	1864
9	22	-1776
9	23	-1864
9	24	-4272
9	25	1776
10	11	-944
10	12	-736
10	13	-528
10	14	-1464
10	15	-4256
10	16	-1880
10	17	-1464
10	18	-2400
10	19	-3024
10	20	-3528
10	21	-2712
10	22	4464
10	23	8
10	24	-736
10	25	944
11	12	1552
11	13	1760
11	14	3528
11	15	1568
11	16	408
11	17	-1880
11	18	-2816
11	19	1968
11	20	-408
11	21	2280
11	22	-4064
11	23	424
11	24	-1152
11	25	1360
12	13	1968
12	14	1032
12	15	-1344
12	16	-2088
12	17	1032
12	18	-2608
12	19	2176
12	20	4792
12	21	2488
12	22	-1152
12	23	216
12	24	4464
12	25	-1552
13	14	-1464
13	15	1152
13	16	-1880
13	17	1240
13	18	-2400
13	19	-320
13	20	1880
13	21	2696
13	22	-3648
13	23	-2696
13	24	-736
13	25	-1760
14	15	-616
14	16	-112
14	17	-2400
14	18	-3336
14	19	-1256
14	20	112
14	21	-944
14	22	824
14	23	3648
14	24	1032
14	25	1880
15	16	-200
15	17	2088
15	18	-2384
15	19	3648
15	20	2904
15	21	632
15	22	-3840
15	23	-3336
15	24	-4048
15	25	1136
16	17	-2816
16	18	1656
16	19	1032
16	20	528
16	21	1344
16	22	-2296
16	23	1360
16	24	-2088
16	25	-408
17	18	2072
17	19	1448
17	20	2816
17	21	-944
17	22	-1880
17	23	944
17	24	3736
17	25	1880
18	19	512
18	20	-1656
18	21	824
18	22	-112
18	23	1880
18	24	2800
18	25	112
19	20	1672
19	21	200
19	22	-3440
19	23	-2904
19	24	-528
19	25	736
20	21	4064
20	22	-3112
20	23	-1360
20	24	-616
20	25	408
21	22	-5832
21	23	-3216
21	24	-2920
21	25	-2280
22	23	3128
22	24	1552
22	25	1360
23	24	5624
23	25	2280
24	25	-1552
