0	1	1144
0	2	-1664
0	3	-416
0	4	3016
0	5	936
0	6	520
0	7	-416
0	8	208
0	9	936
0	10	-3952
0	11	-416
0	12	-1976
0	13	-4576
0	14	2080
0	15	-1040
0	16	1456
0	17	3016
0	18	-728
0	19	1040
0	20	6032
0	21	-2080
0	22	-936
0	23	1768
0	24	4160
0	25	-1560
1	2	4368
1	3	208
1	4	936
1	5	1560
1	6	-104
1	7	208
1	8	-416
1	9	-3848
1	10	-624
1	11	2912
1	12	2808
1	13	-1248
1	14	2704
1	15	1040
1	16	2080
1	17	2392
1	18	2600
1	19	416
1	20	-1456
1	22	-4264
1	23	-312
1	24	-624
1	25	-2184
2	3	312
2	4	-416
2	5	-1040
2	6	2288
2	7	312
2	8	-104
2	9	-1040
2	10	1144
2	11	3016
2	12	2080
2	13	1768
2	14	520
2	15	1144
2	16	1144
2	17	2496
2	18	624
2	19	1768
2	20	-728
2	21	2184
2	22	-1664
2	23	832
2	24	-4264
2	25	-1040
3	4	1040
3	5	-2288
3	6	6240
3	7	1768
3	8	3848
3	9	3120
3	10	2600
3	11	-3640
3	12	624
3	13	520
3	14	1976
3	15	-312
3	16	-2808
3	17	-1664
3	18	2080
3	19	312
3	20	-1976
3	21	3432
3	22	-3120
3	23	-416
3	24	-2808
3	25	208
4	5	2392
4	6	-1144
4	7	-1664
4	8	-832
4	9	2392
4	10	-3536
4	11	1040
4	12	1352
4	13	-208
4	14	3952
4	15	3120
4	16	-3536
4	17	1768
4	18	-1352
4	19	-1664
4	21	-1248
4	22	3016
4	23	-1144
4	24	-832
4	25	-1768
5	6	-3224
5	7	416
5	8	-208
5	9	-936
5	10	1248
5	11	416
5	12	1976
5	13	-832
5	14	3328
5	15	-1664
5	16	-4160
5	17	2392
5	18	-1976
5	19	1664
5	20	-624
5	21	-624
5	22	936
5	23	-1768
5	24	1248
5	25	-1144
6	7	3536
6	8	1664
6	9	2184
6	10	2704
6	11	-1872
6	12	2184
6	13	-624
6	14	624
6	15	416
6	17	1768
6	18	3224
6	19	-208
6	20	1872
6	21	4784
6	22	-2184
6	23	3016
6	24	-2704
6	25	-104
7	8	1144
7	9	416
7	10	5304
7	11	-936
7	12	3328
7	13	520
7	14	-3432
7	15	2392
7	16	-104
7	17	3744
7	18	-624
7	19	312
7	20	3432
7	21	728
7	22	-3120
7	23	2288
7	24	-2808
7	25	2912
8	9	2496
8	10	312
8	11	-4264
8	12	-832
8	13	2392
8	14	936
8	15	104
8	16	312
8	17	-3952
8	18	-1872
8	19	-520
8	20	-520
8	21	1768
8	22	-5200
8	23	-2080
8	24	-2392
8	25	-416
9	10	-1456
9	11	-2288
9	12	-728
9	13	-3536
9	14	624
9	15	1040
9	16	-4160
9	17	-312
9	18	-4680
9	19	-1040
9	20	2080
9	21	2080
9	22	936
9	23	3640
9	24	-1456
9	25	-1144
10	11	-104
10	12	2496
10	13	1352
10	14	-2600
10	15	-1144
10	16	-1976
10	17	208
10	18	208
10	19	2184
10	20	-1144
10	21	2600
10	22	-1248
10	23	416
10	24	-1976
10	25	4784
11	12	624
11	13	-2184
11	14	-728
11	15	2392
11	16	-104
11	17	3744
11	18	-624
11	19	-2392
11	20	728
11	21	-1976
11	22	2288
11	23	2288
11	24	-104
11	25	2912
12	13	-832
12	14	3120
12	15	3328
12	16	-208
12	17	1976
12	18	3016
12	20	-1040
12	21	4992
12	22	-1976
12	23	2808
12	24	-2912
12	25	-2600
13	14	-1976
13	15	936
13	16	1352
13	17	-3120
13	18	832
13	19	-1144
13	20	-3224
13	21	-728
13	22	832
13	23	-7072
13	24	-4056
13	25	1456
14	15	-520
14	16	-2600
14	17	832
14	18	2288
14	19	104
14	20	-1768
14	21	3224
14	22	-624
14	23	-208
14	24	104
14	25	-5408
15	16	1560
15	17	208
15	18	-624
15	19	-4472
15	20	728
15	21	520
15	22	-1040
15	23	1872
15	24	-3848
15	25	1040
16	17	-2496
16	18	2912
16	19	-520
16	20	1560
16	21	-104
16	22	-3952
16	23	416
16	24	728
16	25	-624
17	18	728
17	19	-416
17	20	4784
17	21	-832
17	22	3016
17	23	3224
17	24	208
17	25	-312
18	20	-1664
18	21	3120
18	22	-728
18	23	-104
18	24	208
18	25	-2808
19	20	-1352
19	21	-104
19	22	-1664
19	23	-208
19	24	2184
19	25	-2288
20	21	-936
20	22	624
20	23	3952
20	24	1560
20	25	1248
21	22	-2080
21	23	2912
21	24	-2808
21	25	-2704
22	23	-936
22	24	1456
22	25	1144
23	24	416
23	25	-312
24	25	-624
