0	1	-2556
0	2	804
0	3	-3300
0	4	1212
0	5	3516
0	6	-1116
0	7	-3996
0	8	-516
0	9	-1884
0	10	828
0	11	-708
0	12	-1500
0	13	-2340
0	14	3420
0	15	5628
0	16	-60
0	17	-1764
0	18	-348
0	19	-36
0	20	-1188
0	21	2724
0	22	1500
0	23	540
1	2	-348
1	3	4764
1	4	60
1	5	2364
1	6	2340
1	7	-540
1	8	636
1	9	1572
1	10	4284
1	11	444
1	12	-348
1	13	3420
1	14	-36
1	15	-132
1	16	-1212
1	17	-5220
1	18	804
1	19	-1188
1	20	2268
1	21	-3036
1	22	-1956
1	23	-612
2	3	1404
2	4	1308
2	5	3612
2	6	-1212
2	7	2820
2	8	-2724
2	9	-1980
2	10	924
2	11	1692
2	12	708
2	13	60
2	14	3516
2	15	-1188
2	16	-156
2	17	2940
2	18	4164
2	19	60
2	20	5820
2	21	2628
2	22	1596
2	23	636
3	4	-1116
3	5	3492
3	6	3324
3	7	1596
3	8	-3996
3	9	1788
3	10	-732
3	11	-1500
3	12	3708
3	13	132
3	14	1284
3	15	-924
3	16	-2340
3	17	-444
3	18	252
3	19	132
3	20	3588
3	21	-516
3	22	-3708
3	23	-444
4	5	3588
4	6	-3684
4	7	1500
4	8	-1596
4	9	6300
4	10	-636
4	11	900
4	12	-996
4	13	228
4	14	-924
4	15	-828
4	16	-132
4	17	4260
4	18	2460
4	19	-2076
4	20	-3228
4	21	-612
4	22	-1308
4	23	-2652
5	6	-1380
5	7	1500
5	8	708
5	9	-612
5	10	1668
5	11	-1404
5	12	5916
5	13	228
5	14	-924
5	15	1476
5	16	-132
5	17	-348
5	18	156
5	19	-4380
5	20	3684
5	21	-612
5	22	-1308
5	23	-4956
6	7	-3708
6	8	3804
6	9	-1596
6	10	-1764
6	11	-996
6	12	-3516
6	13	4284
6	14	-1476
6	15	3036
6	16	228
6	17	-6660
6	18	-2364
6	19	-2628
6	20	3132
6	21	-1596
6	22	1212
6	23	252
7	8	-228
7	9	132
7	10	1116
7	11	-420
7	12	5124
7	13	252
7	14	3708
7	15	-3300
7	16	-2652
7	17	3132
7	18	-636
7	19	252
7	20	1404
7	21	-2172
7	22	-2820
7	23	-1476
8	9	-2340
8	10	-3516
8	11	-1980
8	12	-420
8	13	-348
8	14	-1500
8	15	900
8	16	444
8	17	-3228
8	18	-1572
8	19	-4956
8	20	804
8	21	-2340
8	22	2724
8	23	-924
9	10	3612
9	11	2076
9	12	-4284
9	13	444
9	14	-5316
9	15	-804
9	16	-540
9	17	3324
9	18	3780
9	19	-1860
9	20	-708
9	21	-60
9	22	4284
9	23	-1284
10	11	1284
10	12	924
10	13	2916
10	14	-5148
10	15	-444
10	16	-516
10	17	-2268
10	18	2076
10	19	612
10	20	1764
10	21	-3300
10	22	-924
10	23	36
11	12	-2916
11	13	4452
11	14	-1308
11	15	-3516
11	16	7164
11	17	-3036
11	18	2844
11	19	-156
11	20	996
11	21	4380
11	22	2916
11	23	3876
12	13	-2244
12	14	1212
12	15	-1188
12	16	-156
12	17	636
12	18	-5052
12	19	60
12	20	1212
12	21	-1980
12	22	-5316
12	23	636
13	14	324
13	15	-4188
13	16	3228
13	17	-3708
13	18	5820
13	19	1476
13	20	324
13	21	444
13	22	-60
13	23	-3708
14	15	-732
14	16	-228
14	17	4356
14	18	60
14	19	2628
14	20	1476
14	21	6204
14	22	-3516
14	23	-252
15	16	-324
15	17	-2460
15	18	-2340
15	19	-1884
15	20	-732
15	21	-804
15	22	1188
15	23	-156
16	17	1500
16	18	996
16	19	3228
16	20	-228
16	21	1764
16	22	-2148
16	23	3804
17	18	4092
17	19	3204
17	20	-252
17	21	3324
17	22	-2940
17	23	-1980
18	19	1212
18	20	2364
18	21	3780
18	22	2748
18	23	-2820
19	20	-6588
19	21	444
19	22	-4668
19	23	3204
20	21	1596
20	22	1092
20	23	-2556
21	22	4284
21	23	3324
22	23	1668
