0	1	-3024
0	2	1872
0	3	-48
0	4	7728
0	5	-2352
0	6	-3984
0	7	2832
0	8	-1968
0	9	-4080
0	10	-1104
0	11	-2352
0	12	2736
0	13	-3600
0	14	816
0	15	-336
0	16	-1200
0	17	3408
0	18	2064
0	19	5616
0	20	816
0	21	1776
0	22	-2736
0	23	1200
1	2	-1488
1	3	-336
1	4	-3504
1	5	432
1	6	-240
1	7	1392
1	8	-2256
1	9	-144
1	10	720
1	11	-336
1	12	4560
1	13	3984
1	14	-5808
1	15	-48
1	16	3888
1	17	-3024
1	18	4464
1	19	-624
1	20	-2736
1	21	-2160
1	22	3120
1	23	3792
2	3	-816
2	4	48
2	5	-3888
2	6	1392
2	7	2064
2	8	3408
2	9	-3312
2	10	432
2	11	1488
2	12	-1104
2	13	-7440
2	14	2352
2	15	-1104
2	16	-432
2	17	-432
2	18	-3312
2	19	-2832
2	20	-3024
2	21	-1296
2	22	336
2	23	-336
3	4	432
3	5	-3504
3	6	2736
3	7	-1584
3	8	3024
3	9	-1776
3	10	48
3	11	-3312
3	12	2928
3	13	-2256
3	14	-4176
3	15	-720
3	16	-48
3	17	-4656
3	18	-3120
3	19	2352
3	20	2544
3	21	-528
3	22	-816
3	23	2160
4	5	-336
4	6	-7920
4	7	4464
4	8	1584
4	9	-3216
4	10	-5424
4	11	-1872
4	12	3792
4	13	-3696
4	14	-432
4	15	720
4	16	-3792
4	17	5424
4	18	624
4	19	3216
4	20	5712
4	21	-1392
4	22	48
4	23	720
5	6	-2832
5	7	-624
5	8	-7728
5	9	-624
5	10	4656
5	11	-1200
5	12	-3024
5	13	-144
5	14	-336
5	15	-3792
5	16	-2352
5	17	4560
5	18	912
5	19	-144
5	20	-336
5	21	-6288
5	22	-3888
5	23	48
6	7	-1296
6	8	2160
6	9	-2256
6	10	1680
6	11	-1872
6	12	-48
6	13	528
6	14	3600
6	15	2448
6	16	-1680
6	17	-3984
6	18	-2064
6	19	528
6	20	-4272
6	21	2256
6	22	-912
6	23	720
7	8	3600
7	9	-3504
7	10	-528
7	11	-1584
7	12	5808
7	13	-1680
7	14	-2448
7	15	-3600
7	16	-1776
7	17	-1776
7	18	3216
7	19	7536
7	20	5424
7	21	1200
7	22	-2544
7	23	432
8	9	-240
8	10	-2640
8	11	5328
8	12	-336
8	13	240
8	14	1584
8	15	2736
8	16	336
8	17	-4272
8	18	-6384
8	19	240
8	20	2352
8	21	2544
8	22	3408
8	23	-1872
9	10	1776
9	11	2832
9	12	-2448
9	13	432
9	14	-912
9	15	-2064
9	16	2832
9	17	-1776
9	18	336
9	19	-4176
9	20	-2064
9	21	4656
9	22	-1008
9	23	2928
10	11	48
10	12	1872
10	13	1296
10	14	-816
10	15	-4272
10	16	-1104
10	17	-1104
10	18	240
10	19	1296
10	20	-3120
10	21	-1776
10	22	-6480
10	23	3408
11	12	-6288
11	13	48
11	14	432
11	15	1584
11	16	6864
11	17	2256
11	18	-3120
11	19	-4560
11	20	240
11	21	1776
11	22	6096
11	23	-2448
12	13	2640
12	14	-5424
12	15	336
12	16	-4176
12	17	-4176
12	18	5040
12	19	4944
12	20	2448
12	21	144
12	22	-3408
12	23	5136
13	14	-1392
13	15	-240
13	16	-3600
13	17	-3600
13	18	2160
13	19	912
13	20	720
13	21	1872
13	22	-528
13	23	-1200
14	15	3024
14	16	816
14	17	816
14	18	-3984
14	19	912
14	20	-3504
14	21	-1392
14	22	2352
14	23	-3888
15	16	1968
15	17	-2640
15	18	-5136
15	19	-240
15	20	-48
15	21	-2544
15	22	5808
15	23	-432
16	17	1104
16	18	2064
16	19	-1296
16	20	-1488
16	21	1776
16	22	8784
16	23	-1104
17	18	4368
17	19	-3600
17	20	-1488
17	21	-528
17	22	1872
17	23	-1104
18	19	2160
18	20	48
18	21	4272
18	22	1296
18	23	1968
19	20	5328
19	21	1872
19	22	-2832
19	23	-1200
20	21	2064
20	22	-720
20	23	-3696
21	22	-1296
21	23	1680
22	23	-4944
