0	1	92
0	2	-2980
0	3	-668
0	4	100
0	5	-2308
0	6	-92
0	7	1916
0	8	-3836
0	9	-4
0	10	-1444
0	11	1820
0	12	-1724
0	13	100
0	14	-2684
0	15	-1148
0	16	1436
0	17	1444
0	18	-868
0	19	292
0	20	-2204
0	21	3164
0	22	292
0	23	-668
1	2	-4124
1	3	-1444
1	4	92
1	5	-188
1	6	-2020
1	7	-4412
1	8	1724
1	9	-4796
1	10	1252
1	11	4900
1	12	1916
1	13	2396
1	14	-1732
1	15	-964
1	16	-1628
1	17	-3556
1	18	-1628
1	19	2204
1	20	92
1	21	-5660
1	22	-2404
1	23	860
2	3	2396
2	4	-676
2	5	-1724
2	6	-484
2	7	-1340
2	8	956
2	9	2884
2	10	-284
2	11	-1244
2	12	-1156
2	13	1628
2	14	2108
2	15	-1732
2	16	-860
2	17	4892
2	18	1444
2	19	1436
2	20	-676
2	21	-284
2	22	1436
2	23	92
3	4	-5276
3	5	-1540
3	6	-860
3	7	4988
3	8	2308
3	9	764
3	10	1628
3	11	-2020
3	12	-2492
3	13	3940
3	14	1156
3	15	-4220
3	16	2204
3	17	-3932
3	18	-100
3	19	4132
3	20	-668
3	21	-2980
3	22	-476
3	23	-1436
4	5	-4
4	6	2212
4	7	-4996
4	8	-3836
4	9	-2308
4	10	5468
4	11	-484
4	12	580
4	13	-4508
4	14	1924
4	15	3460
4	16	1436
4	17	1444
4	18	6044
4	19	-4316
4	20	2404
4	21	3164
4	22	292
4	23	-668
5	6	7100
5	7	-2012
5	8	-2980
5	9	-92
5	10	-3260
5	11	-4220
5	12	-484
5	13	-4
5	14	2780
5	15	1244
5	16	-3836
5	17	956
5	18	-1532
5	19	-2500
5	20	-2308
5	21	1348
5	22	-196
5	23	-1540
6	7	-2500
6	8	-1724
6	9	2492
6	10	1052
6	11	-292
6	12	-4220
6	13	-2396
6	14	1732
6	15	3268
6	16	-2980
6	17	3556
6	18	1628
6	19	100
6	20	-92
6	21	3356
6	22	-2204
6	23	-3164
7	8	-1060
7	9	2596
7	10	-5180
7	11	-6140
7	12	-868
7	13	1916
7	14	2396
7	15	-1444
7	16	1156
7	17	-4036
7	18	-1148
7	19	-580
7	20	-2692
7	21	-2876
7	22	-580
7	23	2684
8	9	-5284
8	10	2492
8	11	1148
8	12	-5660
8	13	772
8	14	-2012
8	15	-2780
8	16	-1540
8	17	-2492
8	18	764
8	19	964
8	20	3076
8	21	-2116
8	22	-5948
8	23	2308
9	10	-3260
9	11	388
9	12	1820
9	13	-4
9	14	5084
9	15	3548
9	16	772
9	17	3260
9	18	-1532
9	19	-196
9	20	4604
9	21	1348
9	22	-196
9	23	-1540
10	11	1828
10	12	-1924
10	13	860
10	14	-964
10	15	2108
10	16	2212
10	17	1820
10	18	6820
10	19	-1636
10	20	3164
10	21	484
10	22	668
10	23	-676
11	12	-964
11	13	1820
11	14	-2308
11	15	-1540
11	16	1252
11	17	2780
11	18	-1052
11	19	3932
11	20	4124
11	21	-476
11	22	-676
11	23	284
12	13	580
12	14	100
12	15	3940
12	16	3260
12	17	-4988
12	18	-3652
12	19	-1532
12	20	580
12	21	380
12	22	772
12	23	-2492
13	14	-2684
13	15	-3452
13	16	3740
13	17	-860
13	18	-3172
13	19	292
13	20	2404
13	21	860
13	22	292
13	23	1636
14	15	676
14	16	1916
14	17	964
14	18	4220
14	19	-188
14	20	1924
14	21	-3268
14	22	-188
14	23	-3452
15	16	380
15	17	196
15	18	2684
15	19	-5564
15	20	1156
15	21	2108
15	22	-956
15	23	-1916
16	17	92
16	18	-668
16	19	1244
16	20	1436
16	21	2212
16	22	1244
16	23	-2404
17	18	2396
17	19	1636
17	20	-860
17	21	4124
17	22	3940
17	23	-1628
18	19	-1060
18	20	3740
18	21	-2396
18	22	1244
18	23	-2404
19	20	-2012
19	21	-1636
19	22	484
19	23	-5084
20	21	-1444
20	22	-6620
20	23	-2972
21	22	2972
21	23	-676
22	23	-476
