0	1	-3420
0	2	2268
0	3	1572
0	4	732
0	5	-1692
0	6	4260
0	7	-1188
0	8	-4068
0	9	-1956
0	10	-1020
0	11	-3996
0	12	2148
0	13	1860
0	14	-2748
0	15	3012
0	16	3300
0	17	1764
0	18	-2364
0	19	444
0	20	2628
0	21	-4356
0	22	924
0	23	-1572
1	2	-828
1	3	-708
1	4	-1596
1	5	-2052
1	6	1212
1	7	324
1	8	-1404
1	9	5700
1	10	1884
1	11	-4356
1	12	3324
1	13	-3300
1	14	1308
1	15	-4452
1	16	-132
1	17	3708
1	18	-1380
1	19	3300
1	20	-4068
1	21	1188
1	22	2820
1	23	-1596
2	3	-444
2	4	-1860
2	5	-1404
2	6	-60
2	7	-1476
2	8	2556
2	9	-2244
2	10	-3036
2	11	-1404
2	12	2436
2	13	4452
2	14	2148
2	15	5604
2	16	3588
2	17	-252
2	18	228
2	19	-2148
2	20	-1692
2	21	-36
2	22	-1668
2	23	444
3	4	3396
3	5	-2436
3	6	3132
3	7	3012
3	8	1284
3	9	-828
3	10	1500
3	11	-2436
3	12	2940
3	13	924
3	14	924
3	15	-228
3	16	-516
3	17	-1284
3	18	2844
3	19	1380
3	20	-4452
3	21	1572
3	22	-1404
3	23	3396
4	5	-4476
4	6	6084
4	7	3900
4	8	-1284
4	9	-1476
4	10	-1500
4	11	-4476
4	12	3972
4	13	-924
4	14	3684
4	15	228
4	16	516
4	17	1284
4	18	1764
4	19	924
4	20	4452
4	21	732
4	22	-3204
4	23	1212
5	6	-2820
5	7	2052
5	8	-1980
5	9	2820
5	10	2460
5	11	3132
5	12	-3012
5	13	1884
5	14	1884
5	15	-3876
5	16	2748
5	17	-4932
5	18	-3108
5	19	2724
5	20	-1188
5	21	612
5	22	4548
5	23	132
6	7	1092
6	8	-2940
6	9	-444
6	10	1116
6	11	-2820
6	12	4860
6	13	-1764
6	14	540
6	15	-612
6	16	-900
6	17	-1668
6	18	-2148
6	19	4068
6	20	-228
6	21	-348
6	22	1284
6	23	-828
7	8	-3204
7	9	1212
7	10	420
7	11	-2556
7	12	-1020
7	13	-1308
7	14	3300
7	15	-156
7	16	2436
7	17	-1404
7	18	1380
7	19	3612
7	20	1764
7	21	-3492
7	22	-2820
7	23	1596
8	9	-1668
8	10	-1308
8	11	2628
8	12	1860
8	13	-732
8	14	-732
8	15	-1884
8	16	3012
8	17	3780
8	18	6564
8	19	3036
8	20	36
8	21	2844
8	22	-5700
8	23	1020
9	10	5796
9	11	-1788
9	12	2052
9	13	-540
9	14	1764
9	15	-1692
9	16	900
9	17	-636
9	18	-2460
9	19	2844
9	20	2532
9	21	2652
9	22	3324
9	23	-1476
10	11	156
10	12	924
10	13	-1092
10	14	-3396
10	15	-2244
10	16	-2532
10	17	-5604
10	18	-1476
10	19	1092
10	20	444
10	21	3588
10	22	2916
10	23	-1500
11	12	-5316
11	13	1884
11	14	-5028
11	15	-1572
11	16	444
11	17	-4932
11	18	1500
11	19	-1884
11	20	-1188
11	21	5220
11	22	2244
11	23	132
12	13	348
12	14	348
12	15	1500
12	16	-1092
12	17	2748
12	18	-36
12	19	1956
12	20	-2724
12	21	2148
12	22	1476
12	23	-636
13	14	-1668
13	15	1788
13	16	6108
13	17	-3876
13	18	-2052
13	19	-636
13	20	-2436
13	21	4164
13	22	1188
13	23	1380
14	15	-516
14	16	1500
14	17	732
14	18	-6660
14	19	1668
14	20	2172
14	21	-2748
14	22	1188
14	23	-924
15	16	-1956
15	17	-420
15	18	-900
15	19	-4092
15	20	-1284
15	21	-1596
15	22	-4572
15	23	2532
16	17	1596
16	18	-1188
16	19	5412
16	20	732
16	21	996
16	22	-4284
16	23	2820
17	18	2652
17	19	3876
17	20	-36
17	21	-5148
17	22	-3516
17	23	1284
18	19	-252
18	20	1788
18	21	-60
18	22	-5340
18	23	4068
19	20	-2172
19	21	-4164
19	22	-1188
19	23	924
20	21	-1980
20	22	-348
20	23	-2460
21	22	924
21	23	-1572
22	23	-5508
