0	1	-6104
0	2	-5320
0	3	-11136
0	4	-4744
0	5	1784
0	6	2736
0	7	6136
0	8	-528
0	9	-1920
0	10	-5320
0	11	-528
0	12	-5864
0	13	-4608
0	14	9400
0	15	-560
0	16	-6240
0	17	2568
0	18	4368
0	19	256
0	20	-1376
0	21	-3384
0	22	3960
0	23	528
0	24	10456
0	25	-1344
0	26	-1648
0	27	8176
0	28	-5048
0	29	3792
0	30	-12936
0	31	-3520
0	32	-1888
0	33	-12528
1	2	3552
1	3	-968
1	4	-2736
1	5	4608
1	6	-10216
1	7	256
1	8	-6952
1	9	4776
1	10	8176
1	11	2296
1	12	4096
1	13	11000
1	14	-3008
1	15	3416
1	16	3384
1	17	9536
1	18	2024
1	19	-11272
1	20	4232
1	21	5152
1	22	-2192
1	23	2328
1	24	1648
1	25	-1512
1	26	9128
1	27	2840
1	28	7904
1	29	-936
1	30	6544
1	31	9912
1	32	3656
1	33	-3112
2	3	7768
2	4	-8960
2	5	2192
2	6	3144
2	7	1920
2	8	-120
2	9	11544
2	10	-1104
2	11	4504
2	12	2976
2	13	5048
2	14	-4064
2	15	-5592
2	16	-1208
2	17	-11712
2	18	4776
2	19	-9400
2	20	-1784
2	21	6272
2	22	-4880
2	23	4744
2	24	5424
2	25	-10184
2	26	-2056
2	27	-5288
2	28	-832
2	29	-5864
2	30	528
2	31	6136
2	32	3144
2	33	5560
3	4	-2328
3	5	-4232
3	6	-5184
3	7	-3960
3	8	7328
3	9	-256
3	10	-1480
3	11	2704
3	12	-936
3	13	-2464
3	14	-7224
3	15	3008
3	16	-5456
3	17	-120
3	18	-2192
3	19	6816
3	20	-800
3	21	10184
3	22	-6408
3	23	1920
3	24	5864
3	25	3520
3	26	-528
3	27	-6000
3	28	-1752
3	29	-10592
3	30	1512
3	31	1072
3	32	-560
3	33	5728
4	5	-1376
4	6	-2328
4	7	-10352
4	8	936
4	9	-3112
4	10	288
4	11	-3688
4	12	832
4	13	392
4	14	256
4	15	-4472
4	16	-11848
4	17	1648
4	18	-3960
4	19	-664
4	20	5592
4	21	-5456
4	22	-8176
4	23	-10184
4	24	-1616
4	25	-7496
4	26	-3384
4	27	-7768
4	28	-4608
4	29	5048
4	30	3280
4	31	-696
4	32	11544
4	33	-1752
5	6	-4232
5	7	6240
5	8	-968
5	9	8040
5	10	2192
5	11	8280
5	12	2736
5	13	3112
5	14	-10896
5	15	6680
5	16	4744
5	17	3552
5	18	-10488
5	19	-8008
5	20	-1752
5	21	1888
5	22	-832
5	23	10216
5	24	4912
5	25	-152
5	26	12392
5	27	8824
5	28	-2704
5	29	-2296
5	30	560
5	31	6648
5	32	5016
5	33	152
6	7	5288
6	8	-1920
6	9	4368
6	10	-6104
6	11	-1920
6	12	3688
6	13	2160
6	14	2024
6	15	-10864
6	16	-832
6	17	-9368
6	18	2432
6	19	-2432
6	20	-800
6	21	936
6	22	-1784
6	23	6544
6	24	-3384
6	25	-1104
6	26	-9776
6	27	-10624
6	28	-1752
6	29	-5968
6	30	1512
6	31	-12800
6	32	-9808
6	33	5728
7	8	3928
7	9	7768
7	10	1920
7	11	3928
7	12	2464
7	13	-1240
7	14	-6000
7	15	6408
7	16	392
7	17	-5968
7	18	3656
7	19	5592
7	20	-2024
7	21	2160
7	22	8688
7	23	5320
7	24	4640
7	25	-4504
7	26	7496
7	27	-152
7	28	-2976
7	29	-2568
7	30	-4336
7	31	-2328
7	32	-3960
7	33	-4744
8	9	1104
8	10	-120
8	11	-3280
8	12	424
8	13	-8448
8	14	664
8	15	8992
8	16	-6816
8	17	-8008
8	18	1072
8	19	12800
8	20	-4064
8	21	4200
8	22	6104
8	23	3280
8	24	2600
8	25	-2464
8	26	5456
8	27	-2736
8	28	-392
8	29	-4608
8	30	-1752
8	31	-288
8	32	2704
8	33	2464
9	10	-6952
9	11	5728
9	12	1752
9	13	6272
9	14	-12088
9	15	-6816
9	16	9264
9	17	-8312
9	18	-12496
9	19	-6000
9	20	-3008
9	21	2872
9	22	5592
9	23	3520
9	24	-424
9	25	-8960
9	26	10592
9	27	560
9	28	2568
9	29	-2464
9	30	-696
9	31	2736
9	32	4368
9	33	4336
10	11	-4744
10	12	2976
10	13	424
10	14	560
10	15	8280
10	16	-1208
10	17	-2464
10	18	4776
10	19	4472
10	20	2840
10	21	1648
10	22	8992
10	23	4744
10	24	800
10	25	3688
10	26	2568
10	27	3960
10	28	3792
10	29	8008
10	30	528
10	31	10760
10	32	7768
10	33	-8312
11	12	9672
11	13	-8448
11	14	-8584
11	15	4368
11	16	2432
11	17	10488
11	18	-3552
11	19	-1072
11	20	-13312
11	21	4200
11	22	1480
11	23	3280
11	24	2600
11	25	2160
11	26	5456
11	27	6512
11	28	4232
11	29	16
11	30	2872
11	31	4336
11	32	-6544
11	33	-6784
12	13	968
12	14	-3520
12	15	-1512
12	16	-664
12	17	1616
12	18	696
12	19	-5320
12	20	-6952
12	21	2192
12	22	4912
12	23	4200
12	24	-4368
12	25	-5016
12	26	2024
12	27	4504
12	28	7872
12	29	2840
12	30	4608
12	31	6680
12	32	-5560
12	33	-4232
13	14	-4504
13	15	-4336
13	16	1888
13	17	1784
13	18	528
13	19	-14400
13	20	5728
13	21	3656
13	22	-3688
13	23	-5424
13	24	-1480
13	25	-3008
13	26	1376
13	27	-7904
13	28	4776
13	29	-4064
13	30	8040
13	31	-832
13	32	-2464
13	33	7632
14	15	424
14	16	-2872
14	17	-2704
14	18	14264
14	19	-392
14	20	5864
14	21	-10352
14	22	-3824
14	23	-5288
14	24	-5968
14	25	-3144
14	26	1512
14	27	-3416
14	28	-4336
14	29	14568
14	30	-10320
14	31	-5592
14	32	2024
14	33	-6104
15	16	-1344
15	17	6920
15	18	16
15	19	9232
15	20	-1648
15	21	6136
15	22	4232
15	23	4880
15	24	-3688
15	25	8176
15	26	7328
15	27	3824
15	28	-696
15	29	3520
15	30	-3960
15	31	10624
15	32	-1616
15	33	-3552
16	17	152
16	18	-7088
16	19	-2160
16	20	-528
16	21	-8584
16	22	7192
16	23	2192
16	24	-12360
16	25	7872
16	26	8992
16	27	7600
16	28	7768
16	29	3552
16	30	1784
16	31	800
16	32	-5456
16	33	6000
17	18	1512
17	19	-1512
17	20	-7768
17	21	-1616
17	22	-3520
17	23	-5864
17	24	4064
17	25	14296
17	26	1208
17	27	5320
17	28	11680
17	29	2024
17	30	3792
17	31	2872
17	32	-4744
17	33	-9672
18	19	3824
18	20	-3792
18	21	-5320
18	22	-3416
18	23	-10320
18	24	7496
18	25	1888
18	26	-3520
18	27	-12256
18	28	4504
18	29	4912
18	30	-1480
18	31	-5184
18	32	-2192
18	33	-6512
19	20	-5456
19	21	696
19	22	12664
19	23	-3552
19	24	1752
19	25	7360
19	26	-1104
19	27	-1616
19	28	120
19	29	-288
19	30	-3144
19	31	-4064
19	32	2192
19	33	-2736
20	21	-2296
20	22	-8824
20	23	-560
20	24	-9128
20	25	-9504
20	26	-2736
20	27	16
20	28	-15384
20	29	-1920
20	30	-152
20	31	-2432
20	32	3824
20	33	4880
21	22	-288
21	23	9672
21	24	4368
21	25	392
21	26	-2024
21	27	120
21	28	-3248
21	29	-12088
21	30	9264
21	31	2568
21	32	-3688
21	33	8856
22	23	3144
22	24	-2160
22	25	2296
22	26	5320
22	27	11272
22	28	8720
22	29	4504
22	30	-1888
22	31	4472
22	32	-1784
22	33	-6920
23	24	2024
23	25	-2160
23	26	-832
23	27	7360
23	28	392
23	29	-9264
23	30	-2872
23	31	9536
23	32	1920
23	33	2160
24	25	1784
24	26	-152
24	27	-2568
24	28	1072
24	29	-8584
24	30	-6816
24	31	-392
24	32	5864
24	33	-6408
25	26	16
25	27	2704
25	28	8040
25	29	-800
25	30	2056
25	31	-4096
25	32	-10352
25	33	1648
26	27	4912
26	28	-1784
26	29	7056
26	30	-5048
26	31	-2160
26	32	4096
26	33	-16
27	28	-936
27	29	4096
27	30	-2296
27	31	9504
27	32	-1376
27	33	-7328
28	29	3656
28	30	5424
28	31	10488
28	32	-1752
28	33	-8040
29	30	-8856
29	31	6272
29	32	7904
29	33	-13072
30	31	-120
30	32	-7736
30	33	7192
31	32	10320
31	33	-9776
32	33	-3520
