0	1	-3488
0	2	3448
0	3	4672
0	4	-8656
0	5	-1136
0	6	3720
0	7	3624
0	8	6888
0	9	2224
0	10	9880
0	11	-1312
0	12	-2632
0	13	-9024
0	14	3448
0	15	7800
0	16	3352
0	17	1856
0	18	8520
0	19	-1448
0	20	-6208
0	21	3312
0	22	-4304
0	23	1000
0	24	-1816
0	25	10968
0	26	-4984
0	27	5120
0	28	-4032
0	29	-48
0	30	-1816
0	31	4536
0	32	-3448
0	33	4536
1	2	1680
1	3	-6344
1	4	3448
1	5	632
1	6	1952
1	7	768
1	8	4032
1	9	-8792
1	10	2400
1	11	-3080
1	12	3760
1	13	-2632
1	14	1680
1	15	1408
1	16	-8752
1	17	-1000
1	18	1040
1	19	-3216
1	20	5896
1	21	1544
1	22	-6072
1	23	-5392
1	24	9200
1	25	-1136
1	26	2496
1	27	2264
1	28	-1176
1	29	1720
1	30	9200
1	31	7392
1	32	-6304
1	33	-1856
2	3	-8656
2	4	5760
2	5	2944
2	6	4264
2	7	-6168
2	8	1720
2	9	2768
2	10	4712
2	11	-768
2	12	1448
2	13	-320
2	14	-632
2	15	-5528
2	16	2808
2	17	-3312
2	18	7976
2	19	-10152
2	20	8208
2	21	8480
2	22	-3760
2	23	-3080
2	24	2264
2	25	10424
2	26	-4440
2	27	-48
2	28	1136
2	29	8656
2	30	-2360
2	31	5080
2	32	5256
2	33	5080
3	4	-6888
3	5	6344
3	6	864
3	7	15728
3	8	496
3	9	-632
3	10	3488
3	11	456
3	12	-9024
3	13	-1544
3	14	592
3	15	4944
3	16	6208
3	17	88
3	18	2128
3	19	4944
3	20	184
3	21	-4168
3	22	2088
3	23	2768
3	24	1040
3	25	-9296
3	26	6032
3	27	12600
3	28	2360
3	29	-6440
3	30	1040
3	31	-2944
3	32	4032
3	33	1680
4	5	5800
4	6	-3216
4	7	-3312
4	8	-4672
4	9	-88
4	10	-1680
4	11	-8248
4	12	-4944
4	13	16408
4	14	1136
4	15	-3760
4	16	1040
4	17	-456
4	18	6208
4	19	-3760
4	20	728
4	21	-12872
4	22	-1992
4	23	-1312
4	24	9744
4	25	-592
4	26	11200
4	27	-1816
4	28	12152
4	29	2264
4	30	-4128
4	31	-2400
4	32	-5760
4	33	6848
5	6	-1952
5	7	-768
5	8	592
5	9	8792
5	10	-7024
5	11	-6168
5	12	-3760
5	13	2632
5	14	-1680
5	15	-6032
5	16	4128
5	17	1000
5	18	3584
5	19	7840
5	20	-1272
5	21	-6168
5	22	-7800
5	23	5392
5	24	48
5	25	-3488
5	26	2128
5	27	-6888
5	28	1176
5	29	-6344
5	30	-4576
5	31	1856
5	32	6304
5	33	1856
6	7	-6440
6	8	6072
6	9	-1584
6	10	-184
6	11	4128
6	12	-8072
6	13	-5216
6	14	-9608
6	15	-632
6	16	2536
6	17	1040
6	18	7704
6	19	-14504
6	20	-768
6	21	4128
6	22	5760
6	23	-2808
6	24	-2632
6	25	904
6	26	-4168
6	27	8928
6	28	1408
6	29	3760
6	30	6616
6	31	728
6	32	4984
6	33	728
7	8	5080
7	9	-320
7	10	6712
7	11	-6032
7	12	-3896
7	13	2496
7	14	3080
7	15	12600
7	16	-632
7	17	-3760
7	18	-5800
7	19	7976
7	20	-1136
7	21	-6032
7	22	1584
7	23	904
7	24	4536
7	25	-8248
7	26	6888
7	27	6848
7	28	5936
7	29	-1856
7	30	-4712
7	31	-2632
7	32	1544
7	33	1992
8	9	-1680
8	10	-5800
8	11	11104
8	12	2088
8	13	-5392
8	14	-2904
8	15	1992
8	16	728
8	17	2224
8	18	184
8	19	6616
8	20	2128
8	21	6480
8	22	224
8	23	-5080
8	24	1272
8	25	2360
8	26	904
8	27	-1040
8	28	-48
8	29	4128
8	30	1272
8	31	632
8	32	-1720
8	33	632
9	10	-3312
9	11	-6616
9	12	-1952
9	13	5528
9	14	-6480
9	15	-6752
9	16	8656
9	17	-2088
9	18	-48
9	19	7120
9	20	-2264
9	21	-1992
9	22	-4984
9	23	4944
9	24	-1136
9	25	-2224
9	26	-5664
9	27	-3448
9	28	-88
9	29	-3992
9	30	-5760
9	31	-5392
9	32	1856
9	33	3856
10	11	-13648
10	12	-5528
10	13	864
10	14	13960
10	15	4984
10	16	2360
10	17	-5392
10	18	11064
10	19	-4264
10	20	5120
10	21	4848
10	22	-1408
10	23	2536
10	24	-1720
10	25	-632
10	26	8520
10	27	9840
10	28	-1680
10	29	5760
10	30	-6344
10	31	-1000
10	32	-88
10	33	-1000
11	12	10832
11	13	-9432
11	14	-5392
11	15	-1040
11	16	-1680
11	17	1448
11	18	-5760
11	19	-1040
11	20	-1176
11	21	3720
11	22	5352
11	23	-7840
11	24	2400
11	25	1312
11	26	-4576
11	27	4712
11	28	-3624
11	29	-456
11	30	11648
11	31	320
11	32	-3856
11	33	320
12	13	-9744
12	14	1448
12	15	-2904
12	16	1000
12	17	-2128
12	18	-13416
12	19	1720
12	20	-2768
12	21	6208
12	22	-4672
12	23	3896
12	24	-3080
12	25	2632
12	26	-3992
12	27	-5392
12	28	-4944
12	29	-224
12	30	-3080
12	31	4984
12	32	-1448
12	33	-8888
13	14	4304
13	15	-4672
13	16	-1856
13	17	4264
13	18	2224
13	19	4576
13	20	-4536
13	21	-14056
13	22	12056
13	23	6752
13	24	3312
13	25	-9472
13	26	12736
13	27	5624
13	28	16408
13	29	6168
13	30	-5936
13	31	-6032
13	32	320
13	33	3216
14	15	3720
14	16	-11064
14	17	1312
14	18	-1272
14	19	3720
14	20	-5664
14	21	-5392
14	22	5488
14	23	-3080
14	24	-2360
14	25	1176
14	26	4808
14	27	4576
14	28	-3488
14	29	4032
14	30	-6984
14	31	-4168
14	32	-3992
14	33	-4168
15	16	-6168
15	17	10832
15	18	3624
15	19	-1176
15	20	-5936
15	21	-1040
15	22	592
15	23	-3352
15	24	2536
15	25	6072
15	26	4536
15	27	4848
15	28	864
15	29	4304
15	30	-6712
15	31	184
15	32	-8344
15	33	-4440
16	17	-3488
16	18	3720
16	19	-1544
16	20	3216
16	21	2944
16	22	-3312
16	23	14504
16	24	4808
16	25	-3352
16	26	1992
16	27	2496
16	28	1040
16	29	-6208
16	30	-4440
16	31	6344
16	32	1816
16	33	6344
17	18	5216
17	19	1584
17	20	-2904
17	21	1448
17	22	9064
17	23	3760
17	24	1680
17	25	7392
17	26	496
17	27	-632
17	28	4168
17	29	4536
17	30	-7568
17	31	4848
17	32	-1312
17	33	-4400
18	19	-1000
18	20	8384
18	21	3488
18	22	-2768
18	23	-3448
18	24	4264
18	25	5352
18	26	7160
18	27	6576
18	28	1584
18	29	7120
18	30	-360
18	31	6888
18	32	-3352
18	33	2264
19	20	-1312
19	21	-1040
19	22	592
19	23	1272
19	24	-2088
19	25	-7800
19	26	4536
19	27	-4400
19	28	-3760
19	29	-320
19	30	-2088
19	31	4808
19	32	-3720
19	33	-9064
20	21	12696
20	22	-8792
20	23	-8112
20	24	7296
20	25	1584
20	26	4400
20	27	-4264
20	28	-3896
20	29	-184
20	30	7296
20	31	4672
20	32	5664
20	33	4672
21	22	-3896
21	23	1408
21	24	-6848
21	25	10560
21	26	-4576
21	27	-4536
21	28	-12872
21	29	4168
21	30	2400
21	31	4944
21	32	5392
21	33	-8928
22	23	3040
22	24	-3856
22	25	-4944
22	26	1680
22	27	12328
22	28	7256
22	29	7160
22	30	768
22	31	-2672
22	32	3760
22	33	-2672
23	24	-4536
23	25	-1000
23	26	2360
23	27	-2224
23	28	3312
23	29	-2768
23	30	-13784
23	31	2632
23	32	7704
23	33	-1992
24	25	1816
24	26	1448
24	27	3040
24	28	-4128
24	29	-10288
24	30	9976
24	31	10424
24	32	-16136
24	33	15048
25	26	-8888
25	27	-9744
25	28	-9840
25	29	48
25	30	-2808
25	31	4712
25	32	-1176
25	33	4712
26	27	8384
26	28	11200
26	29	7840
26	30	-3176
26	31	-3352
26	32	-184
26	33	-3352
27	28	7432
27	29	5896
27	30	7664
27	31	-1136
27	32	-4576
27	33	-1136
28	29	11512
28	30	-8752
28	31	-7024
28	32	8112
28	33	2224
29	30	-5664
29	31	2944
29	32	5216
29	33	-10928
30	31	5800
30	32	-6888
30	33	5800
31	32	-5080
31	33	-3080
32	33	-456
