0	1	772
0	2	588
0	3	1068
0	4	132
0	5	1628
0	6	-612
0	7	-212
0	8	-52
0	9	-188
0	10	-908
0	11	-108
0	12	-612
0	13	692
0	14	852
0	15	-908
0	16	988
0	17	-188
0	18	932
0	19	-668
1	2	588
1	3	1068
1	4	-1468
1	5	1628
1	6	-612
1	7	-212
1	8	-52
1	9	-188
1	10	692
1	11	1492
1	12	988
1	13	692
1	14	852
1	15	692
1	16	-612
1	17	-1788
1	18	-668
1	19	-668
2	3	-828
2	4	-372
2	5	212
2	6	-2348
2	7	2052
2	8	292
2	9	1548
2	10	-932
2	11	1468
2	12	-748
2	13	668
2	14	-1092
2	15	-932
2	16	-748
2	17	-52
2	18	428
2	19	-1172
3	4	108
3	5	1332
3	6	372
3	7	-1628
3	8	-188
3	9	-1172
3	10	-452
3	11	348
3	12	372
3	13	-452
3	14	988
3	15	-452
3	16	372
3	17	-1172
3	18	908
3	19	908
4	5	-932
4	6	28
4	7	428
4	8	588
4	9	772
4	10	-1548
4	11	-748
4	12	28
4	13	52
4	14	212
4	15	-1548
4	16	1628
4	17	772
4	18	1892
4	19	292
5	6	-188
5	7	-588
5	8	852
5	9	-612
5	10	108
5	11	908
5	12	-188
5	13	108
5	14	1548
5	15	108
5	16	-188
5	17	-612
5	18	-132
5	19	-132
6	7	-1548
6	8	-108
6	9	-1252
6	10	1068
6	11	-1332
6	12	452
6	13	-532
6	14	908
6	15	1068
6	16	452
6	17	348
6	18	-772
6	19	828
7	8	1092
7	9	2348
7	10	-132
7	11	668
7	12	52
7	13	1468
7	14	-292
7	15	-132
7	16	52
7	17	748
7	18	-372
7	19	-1972
8	9	908
8	10	28
8	11	828
8	12	-108
8	13	28
8	14	1468
8	15	28
8	16	-108
8	17	908
8	18	-212
8	19	-212
9	10	-268
9	11	532
9	12	348
9	13	1332
9	14	-108
9	15	-268
9	16	348
9	17	452
9	18	-28
9	19	-1628
10	11	-188
10	12	1068
10	13	612
10	14	772
10	15	2212
10	16	-532
10	17	-268
10	18	-2348
10	19	-748
11	12	268
11	13	-188
11	14	-28
11	15	-188
11	16	-1332
11	17	-1068
11	18	52
11	19	52
12	13	1068
12	14	908
12	15	1068
12	16	452
12	17	-1252
12	18	-772
12	19	-772
13	14	772
13	15	612
13	16	1068
13	17	-268
13	18	-748
13	19	-2348
14	15	772
14	16	908
14	17	-108
14	18	-588
14	19	-588
15	16	-532
15	17	-268
15	18	-2348
15	19	-748
16	17	348
16	18	828
16	19	-772
17	18	-28
17	19	-28
18	19	1092
